29 1 1
83 1 2
91 1 1
132 1 1
134 1 2
190 1 2
205 1 1
368 1 2
3 2 1
91 2 1
147 2 1
157 2 1
158 2 1
168 2 1
170 2 1
179 2 1
204 2 1
213 2 1
214 2 1
217 2 1
728 2 1
730 2 1
806 2 1
807 2 1
808 2 1
809 2 1
810 2 1
2 3 1
147 3 1
172 4 1
855 4 1
6 5 2
7 5 1
32 5 1
176 5 1
512 5 1
513 5 1
724 5 1
5 6 2
7 6 2
32 6 2
176 6 2
367 6 1
401 6 1
512 6 2
513 6 2
536 6 1
724 6 6
725 6 3
726 6 3
727 6 2
837 6 1
874 6 2
5 7 1
6 7 2
32 7 2
176 7 3
512 7 3
513 7 2
60 8 1
171 8 1
459 8 1
78 9 2
64 10 1
78 10 1
821 10 2
822 10 2
823 10 2
86 11 1
114 11 1
87 12 2
313 12 2
329 12 1
340 12 2
344 12 2
666 12 1
667 12 1
54 13 2
55 13 2
123 13 1
243 13 1
441 13 1
987 14 2
988 14 2
26 15 2
117 15 3
151 15 2
161 15 1
166 15 1
493 15 2
893 15 1
17 16 3
105 16 3
392 16 2
640 16 2
921 16 2
922 16 2
16 17 3
105 17 8
392 17 3
494 17 1
640 17 3
672 17 1
709 17 1
914 17 1
974 17 1
975 17 1
813 18 1
814 18 1
152 19 1
21 20 1
22 20 1
192 20 1
865 20 1
20 21 1
22 21 1
192 21 1
865 21 1
20 22 1
21 22 1
192 22 1
865 22 1
206 23 1
210 23 1
212 23 1
220 23 1
703 23 1
36 24 1
67 24 1
126 24 1
159 24 1
167 24 2
189 24 1
280 24 1
405 24 2
406 24 1
863 24 1
26 25 2
876 25 1
968 25 1
15 26 2
25 26 2
27 26 2
67 26 1
161 26 1
166 26 1
365 26 2
493 26 2
876 26 1
968 26 1
26 27 2
28 27 4
67 27 1
94 27 2
98 27 1
220 27 1
221 27 1
365 27 3
500 27 3
617 27 1
782 27 1
783 27 1
784 27 1
27 28 4
94 28 2
98 28 1
220 28 1
221 28 1
617 28 1
782 28 1
783 28 1
784 28 1
1 29 1
91 29 1
132 29 1
205 29 1
257 30 1
556 30 1
557 30 1
79 31 1
133 31 1
349 31 1
5 32 1
6 32 2
7 32 2
176 32 2
512 32 2
513 32 2
65 33 1
300 33 1
311 33 1
35 34 4
73 34 1
100 34 3
240 34 1
297 34 2
337 34 1
351 34 2
363 34 1
364 34 1
366 34 1
846 34 2
847 34 2
34 35 4
100 35 2
240 35 1
297 35 1
351 35 2
363 35 1
364 35 1
366 35 1
846 35 2
847 35 2
24 36 1
126 36 1
167 36 1
405 36 1
406 36 1
315 37 1
325 37 1
328 37 1
96 38 3
385 38 1
407 38 3
419 38 2
460 38 2
461 38 2
474 38 2
1000 38 1
101 39 1
102 39 1
138 39 1
403 39 1
884 39 1
885 39 1
886 39 1
41 40 3
85 40 2
103 40 3
358 40 3
40 41 3
85 41 2
103 41 3
358 41 3
208 42 1
347 42 2
446 42 1
447 42 1
571 42 1
580 42 1
97 43 1
51 44 3
57 44 1
83 44 1
106 44 2
107 44 1
211 44 1
241 44 2
292 44 1
295 44 2
296 44 2
308 44 6
321 44 3
324 44 1
327 44 1
398 44 2
399 44 1
400 44 2
519 44 1
537 44 1
587 44 1
595 44 1
596 44 1
606 44 1
51 45 2
511 45 1
519 45 1
47 46 1
46 47 1
56 48 1
50 49 1
307 49 1
416 49 1
573 49 2
49 50 1
416 50 2
573 50 2
44 51 3
45 51 2
52 51 3
55 51 2
57 51 1
83 51 1
87 51 1
106 51 3
107 51 1
125 51 1
211 51 1
241 51 3
257 51 2
294 51 1
295 51 3
296 51 3
305 51 1
308 51 2
313 51 1
321 51 7
325 51 2
398 51 2
464 51 2
511 51 2
519 51 6
537 51 1
894 51 1
51 52 3
511 52 1
519 52 2
840 53 1
13 54 2
55 54 10
87 54 1
106 54 1
122 54 1
123 54 4
148 54 3
211 54 1
243 54 1
253 54 2
257 54 1
296 54 1
325 54 1
396 54 1
414 54 3
441 54 2
472 54 1
489 54 1
519 54 1
536 54 2
537 54 2
578 54 2
584 54 2
631 54 2
671 54 2
788 54 2
817 54 1
13 55 2
51 55 2
54 55 10
58 55 7
59 55 4
87 55 1
89 55 3
93 55 1
106 55 1
115 55 1
122 55 2
123 55 4
125 55 2
142 55 1
148 55 3
160 55 1
204 55 1
211 55 2
224 55 1
230 55 1
236 55 1
243 55 1
253 55 2
257 55 6
259 55 2
265 55 3
294 55 1
303 55 1
305 55 1
308 55 1
313 55 1
325 55 3
360 55 1
377 55 1
378 55 1
382 55 1
387 55 1
396 55 1
398 55 2
414 55 4
441 55 2
464 55 1
472 55 2
489 55 2
519 55 1
531 55 2
534 55 2
535 55 4
536 55 2
537 55 1
538 55 1
578 55 1
584 55 1
631 55 1
671 55 2
692 55 1
999 55 1
48 56 1
44 57 1
51 57 1
308 57 1
321 57 1
519 57 1
55 58 7
59 58 4
89 58 1
93 58 1
265 58 2
489 58 1
55 59 4
58 59 4
265 59 1
8 60 1
171 60 1
459 60 1
255 61 1
350 61 2
677 61 2
678 61 2
699 61 1
700 61 1
775 61 1
333 62 2
334 62 2
335 62 1
346 62 2
397 62 1
465 62 1
110 63 1
10 64 1
78 64 1
33 65 1
300 65 1
311 65 1
241 66 1
246 66 1
296 66 1
303 66 1
966 66 1
967 66 1
24 67 1
26 67 1
27 67 1
159 67 1
167 67 1
189 67 1
280 67 1
365 67 1
405 67 1
863 67 1
69 68 6
70 68 1
68 69 6
70 69 1
68 70 1
69 70 1
72 71 1
241 71 1
303 71 1
398 71 2
432 71 1
71 72 1
241 72 2
398 72 2
34 73 1
297 73 1
337 73 1
226 74 1
229 74 1
262 74 1
338 74 1
532 74 1
533 74 1
86 75 1
87 75 1
162 75 1
188 75 1
329 75 1
442 75 1
550 76 2
687 76 2
732 76 4
733 76 5
247 77 2
411 77 1
412 77 1
744 77 2
869 77 1
870 77 1
910 77 1
9 78 2
10 78 1
64 78 1
31 79 1
133 79 1
349 79 1
112 80 2
290 80 2
316 81 2
875 82 1
1 83 2
44 83 1
51 83 1
106 83 1
134 83 2
190 83 2
241 83 1
295 83 1
296 83 1
321 83 1
368 83 2
398 83 1
261 84 1
848 84 1
965 84 1
996 84 1
40 85 2
41 85 2
103 85 2
358 85 2
11 86 1
75 86 1
87 86 3
114 86 1
162 86 1
188 86 2
288 86 1
329 86 3
330 86 1
442 86 1
12 87 2
51 87 1
54 87 1
55 87 1
75 87 1
86 87 3
106 87 1
125 87 1
135 87 1
145 87 1
162 87 1
188 87 2
211 87 1
257 87 1
291 87 1
294 87 1
296 87 1
305 87 4
308 87 1
313 87 3
325 87 2
329 87 7
330 87 1
340 87 2
344 87 2
414 87 1
442 87 1
487 87 1
488 87 1
519 87 1
583 87 1
666 87 2
667 87 1
707 87 1
269 88 1
879 88 1
55 89 3
58 89 1
93 89 1
142 89 1
360 89 1
100 90 1
351 90 1
1 91 1
2 91 1
29 91 1
132 91 1
157 91 1
158 91 1
168 91 1
170 91 1
179 91 1
204 91 1
205 91 1
213 91 1
214 91 1
217 91 1
728 91 1
730 91 1
806 91 1
807 91 1
808 91 1
809 91 1
810 91 1
940 92 1
55 93 1
58 93 1
89 93 1
306 93 1
994 93 1
27 94 2
28 94 2
220 94 1
221 94 1
782 94 1
783 94 1
784 94 1
231 95 1
652 95 1
38 96 3
407 96 3
43 97 1
27 98 1
28 98 1
355 99 1
425 99 6
426 99 5
34 100 3
35 100 2
90 100 1
351 100 3
846 100 2
847 100 2
39 101 1
102 101 1
138 101 1
403 101 1
884 101 1
885 101 1
886 101 1
39 102 1
101 102 1
138 102 4
341 102 2
380 102 1
386 102 1
388 102 1
403 102 1
884 102 1
885 102 1
886 102 2
40 103 3
41 103 3
85 103 2
358 103 3
116 104 1
129 104 1
276 104 1
16 105 3
17 105 8
106 105 2
268 105 1
373 105 1
392 105 3
494 105 1
640 105 3
672 105 1
709 105 1
760 105 1
894 105 1
895 105 1
914 105 1
974 105 1
975 105 1
44 106 2
51 106 3
54 106 1
55 106 1
83 106 1
87 106 1
105 106 2
107 106 1
211 106 1
241 106 3
253 106 1
257 106 1
268 106 1
295 106 3
296 106 4
321 106 3
325 106 1
373 106 1
382 106 1
398 106 2
414 106 2
502 106 1
519 106 1
535 106 1
536 106 1
537 106 2
578 106 1
584 106 1
631 106 1
760 106 1
769 106 2
770 106 1
894 106 2
895 106 1
44 107 1
51 107 1
106 107 1
241 107 1
295 107 2
296 107 2
321 107 1
398 107 1
537 107 1
109 108 1
108 109 1
209 109 1
278 109 1
972 109 1
973 109 1
63 110 1
113 111 1
169 111 1
80 112 2
290 112 2
111 113 1
169 113 1
391 113 1
468 113 1
473 113 1
11 114 1
86 114 1
55 115 1
104 116 1
129 116 1
276 116 1
15 117 3
151 117 1
551 118 2
552 118 1
553 118 2
554 118 1
565 118 1
566 118 2
225 119 1
655 119 1
655 120 1
923 120 1
924 120 1
163 121 1
241 121 1
244 121 1
325 121 1
414 121 1
725 121 1
959 121 1
960 121 1
54 122 1
55 122 2
123 122 1
148 122 1
377 122 1
378 122 1
396 122 1
671 122 1
13 123 1
54 123 4
55 123 4
122 123 1
148 123 3
243 123 1
396 123 1
441 123 2
671 123 2
125 124 7
128 124 1
260 124 5
326 124 1
454 124 1
497 124 2
51 125 1
55 125 2
87 125 1
124 125 7
128 125 2
160 125 1
204 125 1
211 125 1
224 125 1
257 125 1
260 125 6
294 125 1
305 125 2
308 125 3
325 125 1
326 125 3
387 125 1
398 125 1
454 125 2
497 125 2
519 125 1
689 125 1
999 125 1
24 126 1
36 126 1
167 126 1
405 126 1
406 126 1
186 127 1
187 127 1
320 127 1
883 127 1
124 128 1
125 128 2
260 128 2
454 128 3
104 129 1
116 129 1
276 129 1
312 129 1
313 129 1
785 130 1
786 130 1
140 131 3
495 131 3
496 131 3
498 131 1
1 132 1
29 132 1
91 132 1
205 132 1
31 133 1
79 133 1
349 133 1
1 134 2
83 134 2
190 134 2
368 134 2
87 135 1
137 135 1
313 135 2
666 135 1
707 135 1
199 136 1
648 136 1
135 137 1
313 137 2
314 137 1
39 138 1
101 138 1
102 138 4
341 138 2
403 138 1
884 138 1
885 138 1
886 138 2
617 139 2
679 139 3
845 139 2
131 140 3
495 140 3
496 140 3
498 140 1
227 141 1
228 141 1
503 141 1
55 142 1
89 142 1
360 142 1
144 143 2
233 143 2
143 144 2
233 144 2
87 145 1
487 145 1
488 145 1
183 146 2
374 146 2
2 147 1
3 147 1
54 148 3
55 148 3
122 148 1
123 148 3
396 148 1
441 148 1
671 148 2
195 149 2
418 149 2
589 149 2
590 149 2
747 149 2
748 149 2
749 149 1
918 149 1
281 150 1
376 150 1
826 150 1
15 151 2
117 151 1
893 151 1
19 152 1
586 153 1
656 154 3
657 154 4
658 154 4
659 154 4
660 154 4
661 154 2
702 154 3
892 154 1
156 155 2
835 155 2
155 156 2
835 156 2
2 157 1
91 157 1
158 157 5
163 157 1
168 157 1
170 157 1
174 157 2
175 157 1
179 157 1
204 157 3
207 157 1
211 157 4
213 157 1
214 157 1
217 157 1
296 157 1
305 157 1
308 157 3
313 157 1
325 157 1
331 157 3
398 157 1
414 157 1
519 157 1
591 157 3
606 157 2
607 157 1
648 157 3
669 157 2
721 157 1
728 157 1
730 157 1
787 157 1
806 157 1
807 157 1
808 157 1
809 157 1
810 157 1
2 158 1
91 158 1
157 158 5
168 158 1
170 158 1
174 158 2
175 158 1
179 158 1
204 158 1
213 158 1
214 158 1
217 158 1
591 158 3
728 158 1
730 158 1
787 158 1
806 158 1
807 158 1
808 158 1
809 158 1
810 158 1
24 159 1
67 159 1
167 159 1
189 159 1
280 159 1
405 159 1
863 159 1
55 160 1
125 160 1
204 160 1
211 160 1
224 160 1
387 160 1
398 160 1
468 160 2
519 160 1
725 160 2
911 160 2
912 160 1
913 160 2
963 160 1
999 160 1
15 161 1
26 161 1
166 161 1
493 161 1
75 162 1
86 162 1
87 162 1
188 162 1
329 162 1
442 162 1
121 163 1
157 163 1
172 163 1
241 163 1
296 163 1
305 163 1
313 163 1
325 163 2
356 163 3
398 163 1
414 163 2
519 163 1
722 163 2
723 163 2
725 163 1
945 163 1
946 163 1
196 164 1
201 164 1
202 164 1
768 164 1
381 165 1
581 165 1
15 166 1
26 166 1
161 166 1
493 166 1
24 167 2
36 167 1
67 167 1
126 167 1
159 167 1
189 167 1
280 167 1
405 167 2
406 167 1
863 167 1
2 168 1
91 168 1
157 168 1
158 168 1
170 168 1
179 168 1
204 168 1
213 168 1
214 168 1
217 168 1
728 168 1
730 168 1
806 168 1
807 168 1
808 168 1
809 168 1
810 168 1
111 169 1
113 169 1
2 170 1
91 170 1
157 170 1
158 170 1
168 170 1
179 170 1
204 170 1
213 170 1
214 170 1
217 170 1
728 170 1
730 170 1
806 170 1
807 170 1
808 170 1
809 170 1
810 170 1
8 171 1
60 171 1
459 171 1
4 172 1
163 172 1
356 172 1
855 172 2
856 172 1
945 172 1
946 172 1
247 173 2
248 173 1
257 173 1
744 173 2
745 173 1
157 174 2
158 174 2
175 174 1
591 174 1
157 175 1
158 175 1
174 175 1
591 175 1
5 176 1
6 176 2
7 176 3
32 176 2
367 176 1
401 176 1
512 176 8
513 176 2
541 176 1
690 176 1
296 177 1
612 177 1
179 178 1
180 178 1
729 178 1
2 179 1
91 179 1
157 179 1
158 179 1
168 179 1
170 179 1
178 179 1
180 179 2
204 179 1
213 179 1
214 179 1
217 179 1
728 179 3
729 179 2
730 179 3
731 179 2
806 179 1
807 179 1
808 179 1
809 179 1
810 179 1
852 179 1
853 179 1
854 179 1
178 180 1
179 180 2
728 180 1
729 180 2
730 180 1
731 180 1
182 181 1
184 181 1
185 181 1
181 182 1
184 182 1
185 182 1
146 183 2
374 183 2
181 184 1
182 184 1
185 184 2
242 184 1
253 184 1
336 184 1
181 185 1
182 185 1
184 185 2
242 185 1
253 185 1
336 185 1
127 186 1
187 186 1
320 186 1
883 186 1
127 187 1
186 187 1
320 187 1
883 187 1
75 188 1
86 188 2
87 188 2
162 188 1
329 188 2
442 188 1
24 189 1
67 189 1
159 189 1
167 189 1
280 189 1
405 189 1
863 189 3
1 190 2
83 190 2
134 190 2
368 190 2
211 191 2
393 191 2
644 191 3
20 192 1
21 192 1
22 192 1
865 192 1
197 193 3
198 193 3
642 193 1
203 194 1
218 194 1
804 194 1
149 195 2
418 195 2
589 195 2
590 195 2
747 195 2
748 195 2
749 195 1
918 195 1
164 196 1
201 196 1
202 196 1
768 196 1
193 197 3
198 197 3
642 197 1
193 198 3
197 198 3
642 198 1
833 198 1
136 199 1
207 199 2
563 199 3
564 199 3
648 199 3
714 200 1
715 200 1
716 200 1
717 200 1
718 200 1
164 201 1
196 201 1
202 201 1
768 201 1
164 202 1
196 202 1
201 202 1
768 202 1
194 203 1
218 203 1
804 203 1
2 204 1
55 204 1
91 204 1
125 204 1
157 204 3
158 204 1
160 204 1
168 204 1
170 204 1
179 204 1
211 204 4
213 204 1
214 204 1
217 204 1
224 204 1
308 204 2
387 204 1
398 204 1
519 204 1
606 204 2
728 204 1
730 204 1
806 204 1
807 204 1
808 204 1
809 204 1
810 204 1
999 204 1
1 205 1
29 205 1
91 205 1
132 205 1
23 206 1
210 206 1
212 206 1
220 206 1
703 206 1
157 207 1
199 207 2
211 207 1
308 207 1
331 207 1
563 207 2
564 207 2
606 207 1
607 207 1
42 208 1
446 208 1
447 208 1
109 209 1
278 209 1
23 210 1
206 210 1
212 210 1
220 210 1
703 210 1
44 211 1
51 211 1
54 211 1
55 211 2
87 211 1
106 211 1
125 211 1
157 211 4
160 211 1
191 211 2
204 211 4
207 211 1
223 211 1
224 211 1
257 211 1
296 211 1
305 211 1
308 211 5
313 211 1
325 211 2
331 211 4
387 211 1
393 211 4
398 211 1
414 211 1
464 211 1
519 211 2
567 211 4
606 211 3
607 211 1
644 211 3
646 211 1
648 211 2
669 211 2
721 211 2
787 211 1
872 211 1
873 211 1
877 211 1
999 211 1
23 212 1
206 212 1
210 212 1
220 212 1
703 212 1
2 213 1
91 213 1
157 213 1
158 213 1
168 213 1
170 213 1
179 213 1
204 213 1
214 213 1
217 213 1
728 213 1
730 213 1
806 213 1
807 213 1
808 213 1
809 213 1
810 213 1
2 214 1
91 214 1
157 214 1
158 214 1
168 214 1
170 214 1
179 214 1
204 214 1
213 214 1
217 214 1
728 214 1
730 214 1
806 214 1
807 214 1
808 214 1
809 214 1
810 214 1
771 215 1
984 216 1
2 217 1
91 217 1
157 217 1
158 217 1
168 217 1
170 217 1
179 217 1
204 217 1
213 217 1
214 217 1
728 217 1
730 217 1
806 217 1
807 217 1
808 217 1
809 217 1
810 217 1
194 218 1
203 218 1
804 218 1
274 219 1
711 219 1
712 219 1
713 219 1
23 220 1
27 220 1
28 220 1
94 220 1
206 220 1
210 220 1
212 220 1
221 220 1
703 220 1
782 220 1
783 220 1
784 220 1
27 221 1
28 221 1
94 221 1
220 221 1
782 221 1
783 221 1
784 221 1
308 222 1
606 222 1
211 223 1
393 223 1
567 223 1
646 223 1
55 224 1
125 224 1
160 224 1
204 224 1
211 224 1
387 224 1
398 224 1
519 224 1
999 224 1
119 225 1
655 225 3
74 226 1
229 226 1
141 227 1
228 227 1
503 227 1
141 228 1
227 228 1
503 228 1
74 229 1
226 229 1
55 230 1
234 230 1
303 230 1
312 230 1
313 230 2
319 230 2
325 230 1
332 230 1
335 230 1
398 230 1
421 230 1
834 230 1
857 230 1
95 231 1
652 231 1
462 232 1
463 232 1
143 233 2
144 233 2
230 234 1
312 234 1
313 234 1
319 234 1
857 234 1
251 235 1
55 236 1
253 236 1
257 236 1
414 236 1
535 236 1
536 236 1
537 236 1
538 236 1
238 237 1
245 237 1
391 237 2
448 237 1
449 237 1
450 237 1
451 237 1
452 237 1
453 237 1
468 237 4
469 237 1
470 237 1
471 237 1
670 237 2
237 238 1
245 238 3
448 238 1
449 238 1
450 238 3
451 238 1
452 238 1
453 238 1
653 238 2
777 238 1
778 238 1
254 239 4
578 239 6
824 239 2
34 240 1
35 240 1
297 240 1
44 241 2
51 241 3
66 241 1
71 241 1
72 241 2
83 241 1
106 241 3
107 241 1
121 241 1
163 241 1
246 241 1
247 241 2
295 241 3
296 241 8
303 241 2
313 241 1
321 241 3
325 241 6
387 241 1
398 241 10
414 241 1
537 241 1
725 241 1
744 241 1
894 241 1
966 241 1
967 241 1
184 242 1
185 242 1
253 242 1
336 242 1
13 243 1
54 243 1
55 243 1
123 243 1
441 243 1
121 244 1
307 244 1
573 244 1
959 244 1
960 244 1
237 245 1
238 245 3
448 245 1
449 245 1
450 245 3
451 245 1
452 245 1
453 245 1
653 245 2
777 245 1
778 245 1
66 246 1
241 246 1
296 246 1
303 246 1
966 246 1
967 246 1
77 247 2
173 247 2
241 247 2
248 247 1
253 247 1
257 247 1
296 247 2
325 247 1
398 247 1
411 247 1
412 247 1
414 247 1
537 247 1
578 247 1
584 247 1
744 247 5
745 247 1
788 247 1
817 247 1
869 247 1
870 247 1
874 247 1
880 247 1
881 247 1
882 247 1
173 248 1
247 248 1
257 248 1
744 248 1
745 248 1
811 249 2
812 249 2
310 250 1
616 250 1
235 251 1
953 252 1
954 252 1
955 252 1
54 253 2
55 253 2
106 253 1
184 253 1
185 253 1
236 253 1
242 253 1
247 253 1
257 253 3
336 253 1
382 253 1
414 253 6
472 253 1
535 253 2
536 253 4
537 253 4
538 253 1
558 253 3
559 253 2
560 253 3
578 253 4
584 253 5
618 253 1
631 253 4
788 253 4
792 253 1
817 253 3
874 253 2
880 253 2
881 253 1
882 253 1
239 254 4
61 255 1
350 255 1
677 255 1
678 255 1
983 256 1
30 257 1
51 257 2
54 257 1
55 257 6
87 257 1
106 257 1
125 257 1
173 257 1
211 257 1
236 257 1
247 257 1
248 257 1
253 257 3
259 257 2
294 257 1
305 257 2
308 257 2
313 257 2
325 257 3
382 257 1
414 257 5
464 257 2
472 257 2
531 257 2
534 257 2
535 257 4
536 257 3
537 257 2
538 257 2
555 257 3
556 257 4
557 257 3
578 257 2
584 257 2
631 257 2
744 257 1
745 257 1
788 257 1
302 258 1
55 259 2
257 259 2
304 259 2
305 259 8
414 259 11
472 259 4
530 259 8
531 259 8
534 259 2
535 259 2
634 259 2
792 259 5
124 260 5
125 260 6
128 260 2
454 260 2
497 260 2
84 261 1
996 261 1
74 262 1
532 262 1
533 262 1
371 263 1
408 263 1
827 264 1
828 264 2
829 264 2
830 264 1
831 264 1
932 264 1
933 264 1
55 265 3
58 265 2
59 265 1
298 266 2
428 266 1
429 266 2
430 266 4
431 266 3
518 266 1
539 266 2
540 266 2
579 266 1
638 266 1
639 266 1
928 266 1
929 266 1
323 267 1
325 267 1
328 267 1
342 267 1
387 267 1
464 267 1
105 268 1
106 268 1
373 268 9
625 268 1
755 268 2
760 268 1
894 268 1
895 268 1
88 269 1
879 269 1
409 270 1
410 270 1
531 270 1
737 271 2
756 271 1
757 271 1
758 271 1
759 271 1
760 271 1
761 271 1
762 271 1
367 272 1
401 272 1
434 272 3
435 272 3
529 272 4
541 272 1
544 272 1
574 272 2
575 272 1
576 272 1
577 272 3
594 272 1
641 272 4
649 272 3
650 272 3
690 272 1
691 272 1
696 272 1
420 273 1
434 273 3
435 273 3
525 273 1
528 273 5
529 273 1
609 273 2
632 273 4
649 273 1
683 273 1
685 273 1
901 273 2
902 273 2
903 273 1
904 273 1
905 273 1
919 273 1
920 273 1
219 274 1
711 274 1
712 274 1
713 274 1
291 275 1
104 276 1
116 276 1
129 276 1
523 277 1
524 277 1
109 278 1
209 278 1
361 279 2
362 279 1
789 279 1
24 280 1
67 280 1
159 280 1
167 280 1
189 280 1
405 280 1
863 280 1
150 281 1
376 281 1
826 281 1
313 282 2
373 282 2
819 282 1
820 282 1
942 282 3
962 282 1
345 283 1
401 283 1
507 284 1
508 284 1
509 284 1
510 284 1
418 285 1
588 285 1
589 285 1
590 285 1
372 286 2
888 286 2
299 287 6
742 287 4
937 287 1
86 288 1
475 289 1
476 289 2
477 289 1
478 289 2
80 290 2
112 290 2
87 291 1
275 291 1
313 291 1
317 291 1
318 291 1
583 291 1
44 292 1
308 292 1
327 292 1
595 292 1
596 292 1
925 293 1
926 293 1
927 293 1
51 294 1
55 294 1
87 294 1
125 294 1
257 294 1
308 294 1
325 294 1
464 294 1
519 294 1
694 294 2
44 295 2
51 295 3
83 295 1
106 295 3
107 295 2
241 295 3
296 295 14
321 295 3
398 295 2
455 295 5
456 295 4
457 295 1
458 295 1
537 295 1
701 295 1
894 295 1
976 295 1
44 296 2
51 296 3
54 296 1
66 296 1
83 296 1
87 296 1
106 296 4
107 296 2
157 296 1
163 296 1
177 296 1
211 296 1
241 296 8
246 296 1
247 296 2
295 296 14
303 296 1
305 296 1
313 296 1
321 296 3
325 296 5
398 296 6
414 296 2
455 296 7
456 296 4
457 296 1
458 296 1
519 296 2
537 296 1
611 296 1
612 296 3
701 296 3
744 296 1
894 296 1
966 296 1
967 296 1
976 296 1
979 296 1
980 296 1
34 297 2
35 297 1
73 297 1
240 297 1
337 297 1
266 298 2
404 298 4
429 298 2
430 298 6
431 298 3
539 298 2
540 298 2
579 298 1
638 298 1
663 298 2
664 298 1
665 298 2
790 298 1
791 298 1
815 298 1
816 298 1
977 298 1
978 298 1
287 299 6
742 299 3
937 299 1
33 300 1
65 300 1
311 300 1
704 301 1
258 302 1
55 303 1
66 303 1
71 303 1
230 303 1
241 303 2
246 303 1
296 303 1
325 303 1
398 303 3
432 303 1
966 303 1
967 303 1
259 304 2
305 304 4
414 304 1
530 304 3
531 304 4
51 305 1
55 305 1
87 305 4
125 305 2
157 305 1
163 305 1
211 305 1
257 305 2
259 305 8
296 305 1
304 305 4
308 305 4
313 305 3
325 305 7
387 305 3
398 305 1
414 305 4
464 305 5
519 305 1
530 305 9
531 305 7
535 305 1
93 306 1
994 306 1
49 307 1
244 307 1
573 307 2
582 307 1
44 308 6
51 308 2
55 308 1
57 308 1
87 308 1
125 308 3
157 308 3
204 308 2
207 308 1
211 308 5
222 308 1
257 308 2
292 308 1
294 308 1
305 308 4
309 308 1
313 308 1
321 308 1
325 308 2
331 308 2
359 308 1
399 308 1
400 308 2
464 308 1
519 308 1
535 308 1
606 308 5
607 308 1
648 308 1
669 308 1
308 309 1
359 309 1
250 310 1
616 310 1
33 311 1
65 311 1
300 311 1
129 312 1
230 312 1
234 312 1
313 312 3
319 312 1
857 312 1
12 313 2
51 313 1
55 313 1
87 313 3
129 313 1
135 313 2
137 313 2
157 313 1
163 313 1
211 313 1
230 313 2
234 313 1
241 313 1
257 313 2
282 313 2
291 313 1
296 313 1
305 313 3
308 313 1
312 313 3
314 313 11
317 313 3
318 313 1
319 313 2
325 313 4
329 313 1
332 313 1
335 313 1
340 313 2
344 313 2
373 313 3
375 313 2
398 313 2
414 313 1
421 313 1
464 313 2
479 313 1
480 313 1
481 313 2
482 313 1
483 313 1
484 313 1
485 313 1
519 313 1
610 313 2
666 313 2
667 313 1
707 313 1
834 313 1
857 313 1
942 313 2
962 313 1
137 314 1
313 314 11
479 314 1
480 314 1
481 314 2
482 314 1
483 314 1
484 314 1
485 314 1
37 315 1
325 315 1
328 315 1
499 315 3
501 315 1
81 316 2
662 316 2
734 316 1
799 316 1
800 316 1
801 316 1
291 317 1
313 317 3
318 317 7
291 318 1
313 318 1
317 318 7
230 319 2
234 319 1
312 319 1
313 319 2
332 319 1
335 319 1
421 319 1
834 319 1
857 319 1
127 320 1
186 320 1
187 320 1
883 320 1
44 321 3
51 321 7
57 321 1
83 321 1
106 321 3
107 321 1
241 321 3
295 321 3
296 321 3
308 321 1
398 321 2
519 321 3
537 321 1
894 321 1
719 322 1
720 322 1
779 322 1
267 323 1
325 323 1
328 323 1
342 323 1
348 323 1
387 323 4
464 323 1
486 323 1
44 324 1
37 325 1
51 325 2
54 325 1
55 325 3
87 325 2
106 325 1
121 325 1
125 325 1
157 325 1
163 325 2
211 325 2
230 325 1
241 325 6
247 325 1
257 325 3
267 325 1
294 325 1
296 325 5
303 325 1
305 325 7
308 325 2
313 325 4
315 325 1
323 325 1
328 325 2
342 325 1
387 325 8
398 325 8
414 325 3
464 325 6
519 325 2
725 325 1
124 326 1
125 326 3
421 326 1
422 326 1
44 327 1
292 327 1
595 327 1
596 327 1
37 328 1
267 328 1
315 328 1
323 328 1
325 328 2
342 328 1
387 328 1
398 328 1
464 328 1
12 329 1
75 329 1
86 329 3
87 329 7
162 329 1
188 329 2
313 329 1
330 329 1
340 329 1
344 329 1
442 329 1
666 329 1
667 329 1
86 330 1
87 330 1
329 330 1
157 331 3
207 331 1
211 331 4
308 331 2
606 331 1
607 331 3
648 331 2
669 331 2
721 331 5
872 331 2
873 331 2
877 331 1
230 332 1
313 332 1
319 332 1
335 332 1
421 332 1
834 332 1
62 333 2
334 333 4
335 333 3
346 333 4
465 333 1
62 334 2
333 334 4
335 334 3
346 334 4
465 334 1
62 335 1
230 335 1
313 335 1
319 335 1
332 335 1
333 335 3
334 335 3
346 335 3
421 335 1
834 335 1
184 336 1
185 336 1
242 336 1
253 336 1
34 337 1
73 337 1
297 337 1
74 338 1
506 338 1
352 339 1
436 339 1
437 339 1
438 339 1
439 339 1
12 340 2
87 340 2
313 340 2
329 340 1
344 340 2
666 340 1
667 340 1
102 341 2
138 341 2
267 342 1
323 342 1
325 342 1
328 342 1
387 342 1
464 342 1
848 343 3
849 343 1
850 343 1
851 343 1
896 343 1
897 343 1
898 343 1
899 343 1
900 343 2
906 343 1
907 343 1
908 343 1
909 343 1
947 343 1
948 343 1
12 344 2
87 344 2
313 344 2
329 344 1
340 344 2
666 344 1
667 344 1
283 345 1
401 345 2
613 345 2
614 345 1
697 345 1
62 346 2
333 346 4
334 346 4
335 346 3
465 346 1
42 347 2
571 347 1
323 348 1
387 348 1
31 349 1
79 349 1
133 349 1
61 350 2
255 350 1
677 350 2
678 350 2
775 350 1
34 351 2
35 351 2
90 351 1
100 351 3
846 351 2
847 351 2
339 352 1
436 352 1
437 352 1
438 352 1
439 352 1
354 353 1
772 353 1
773 353 1
774 353 1
353 354 1
772 354 1
773 354 1
774 354 1
99 355 1
425 355 1
163 356 3
172 356 1
722 356 1
723 356 1
945 356 1
946 356 1
961 357 1
40 358 3
41 358 3
85 358 2
103 358 3
308 359 1
309 359 1
55 360 1
89 360 1
142 360 1
279 361 2
362 361 1
789 361 1
279 362 1
361 362 1
34 363 1
35 363 1
364 363 1
366 363 1
34 364 1
35 364 1
363 364 1
366 364 1
26 365 2
27 365 3
67 365 1
500 365 1
34 366 1
35 366 1
363 366 1
364 366 1
6 367 1
176 367 1
272 367 1
401 367 15
435 367 1
512 367 1
529 367 1
541 367 2
544 367 1
594 367 1
614 367 3
626 367 2
633 367 2
641 367 1
645 367 1
649 367 1
650 367 1
690 367 2
691 367 1
724 367 1
725 367 1
726 367 1
805 367 1
837 367 1
874 367 1
964 367 2
1 368 2
83 368 2
134 368 2
190 368 2
402 369 2
794 369 2
434 370 3
435 370 2
529 370 1
541 370 1
542 370 1
594 370 1
598 370 1
746 370 1
754 370 1
263 371 1
408 371 1
286 372 2
888 372 2
105 373 1
106 373 1
268 373 9
282 373 2
313 373 3
375 373 1
625 373 2
755 373 2
760 373 1
894 373 1
895 373 1
942 373 2
962 373 1
146 374 2
183 374 2
313 375 2
373 375 1
150 376 1
281 376 1
826 376 1
55 377 1
122 377 1
378 377 1
55 378 1
122 378 1
377 378 1
519 379 1
995 379 1
102 380 1
386 380 1
388 380 1
165 381 1
581 381 1
55 382 1
106 382 1
253 382 1
257 382 1
383 382 2
384 382 1
414 382 1
535 382 1
536 382 1
578 382 1
584 382 1
631 382 1
382 383 2
384 383 1
382 384 1
383 384 1
38 385 1
419 385 1
1000 385 1
102 386 1
380 386 1
388 386 1
55 387 1
125 387 1
160 387 1
204 387 1
211 387 1
224 387 1
241 387 1
267 387 1
305 387 3
323 387 4
325 387 8
328 387 1
342 387 1
348 387 1
398 387 2
464 387 4
486 387 1
519 387 1
999 387 1
102 388 1
380 388 1
386 388 1
390 389 1
693 389 1
389 390 1
693 390 2
113 391 1
237 391 2
468 391 3
469 391 1
470 391 1
471 391 1
473 391 1
985 391 1
986 391 1
16 392 2
17 392 3
105 392 3
640 392 2
709 392 1
191 393 2
211 393 4
223 393 1
567 393 2
644 393 4
646 393 1
951 393 1
952 393 1
395 394 1
627 394 1
628 394 1
629 394 1
630 394 1
394 395 1
627 395 1
628 395 1
629 395 1
630 395 1
54 396 1
55 396 1
122 396 1
123 396 1
148 396 1
671 396 1
62 397 1
44 398 2
51 398 2
55 398 2
71 398 2
72 398 2
83 398 1
106 398 2
107 398 1
125 398 1
157 398 1
160 398 1
163 398 1
204 398 1
211 398 1
224 398 1
230 398 1
241 398 10
247 398 1
295 398 2
296 398 6
303 398 3
305 398 1
313 398 2
321 398 2
325 398 8
328 398 1
387 398 2
414 398 1
432 398 1
519 398 2
537 398 1
999 398 1
44 399 1
308 399 1
400 399 1
44 400 2
308 400 2
399 400 1
606 400 1
6 401 1
176 401 1
272 401 1
283 401 1
345 401 2
367 401 15
435 401 1
512 401 1
529 401 1
541 401 2
544 401 1
588 401 1
589 401 1
590 401 1
594 401 1
613 401 1
614 401 4
626 401 3
633 401 3
641 401 1
645 401 1
649 401 1
650 401 1
690 401 2
691 401 1
724 401 1
725 401 1
726 401 1
805 401 1
837 401 1
874 401 1
964 401 2
369 402 2
794 402 2
39 403 1
101 403 1
102 403 1
138 403 1
884 403 1
885 403 1
886 403 1
298 404 4
430 404 5
431 404 1
638 404 1
654 404 2
663 404 3
664 404 1
665 404 3
791 404 3
815 404 1
816 404 1
935 404 1
936 404 1
977 404 1
978 404 1
24 405 2
36 405 1
67 405 1
126 405 1
159 405 1
167 405 2
189 405 1
280 405 1
406 405 1
863 405 1
24 406 1
36 406 1
126 406 1
167 406 1
405 406 1
38 407 3
96 407 3
263 408 1
371 408 1
270 409 1
410 409 1
531 409 1
270 410 1
409 410 1
414 410 2
531 410 1
792 410 2
943 410 2
944 410 2
77 411 1
247 411 1
412 411 1
744 411 1
869 411 1
870 411 1
77 412 1
247 412 1
411 412 1
744 412 1
869 412 1
870 412 1
776 413 1
54 414 3
55 414 4
87 414 1
106 414 2
121 414 1
157 414 1
163 414 2
211 414 1
236 414 1
241 414 1
247 414 1
253 414 6
257 414 5
259 414 11
296 414 2
304 414 1
305 414 4
313 414 1
325 414 3
382 414 1
398 414 1
410 414 2
472 414 5
519 414 2
530 414 2
531 414 3
534 414 2
535 414 4
536 414 4
537 414 4
538 414 1
578 414 4
584 414 5
631 414 4
634 414 1
725 414 1
788 414 4
792 414 8
817 414 3
874 414 2
880 414 2
881 414 1
882 414 1
943 414 2
944 414 2
504 415 1
505 415 1
49 416 1
50 416 2
573 416 2
958 417 1
149 418 2
195 418 2
285 418 1
588 418 3
589 418 5
590 418 5
747 418 2
748 418 2
749 418 1
793 418 1
918 418 1
38 419 2
385 419 1
474 419 1
1000 419 1
273 420 1
433 420 4
434 420 6
435 420 2
440 420 4
525 420 2
526 420 1
527 420 1
604 420 1
605 420 3
609 420 1
230 421 1
313 421 1
319 421 1
326 421 1
332 421 1
335 421 1
422 421 1
834 421 1
326 422 1
421 422 1
424 423 1
423 424 1
941 424 1
997 424 1
998 424 1
99 425 6
355 425 1
426 425 2
99 426 5
425 426 2
615 427 1
624 427 1
647 427 1
688 427 1
735 427 2
736 427 2
739 427 1
740 427 1
741 427 1
743 427 1
751 427 1
752 427 1
753 427 1
266 428 1
429 428 1
430 428 1
431 428 1
638 428 5
639 428 7
654 428 1
668 428 6
928 428 1
929 428 1
266 429 2
298 429 2
428 429 1
430 429 3
431 429 3
539 429 2
540 429 2
579 429 1
266 430 4
298 430 6
404 430 5
428 430 1
429 430 3
431 430 5
518 430 1
539 430 2
540 430 2
579 430 1
638 430 4
639 430 2
654 430 2
663 430 2
664 430 1
665 430 2
668 430 1
790 430 1
791 430 1
815 430 1
816 430 1
935 430 1
936 430 1
266 431 3
298 431 3
404 431 1
428 431 1
429 431 3
430 431 5
518 431 1
539 431 2
540 431 2
579 431 1
71 432 1
303 432 1
398 432 1
420 433 4
434 433 2
435 433 1
440 433 3
605 433 1
989 433 1
990 433 1
272 434 3
273 434 3
370 434 3
420 434 6
433 434 2
435 434 10
440 434 1
525 434 4
526 434 1
527 434 2
528 434 3
529 434 11
541 434 1
542 434 1
574 434 3
575 434 2
576 434 1
577 434 2
594 434 2
598 434 2
605 434 1
609 434 1
632 434 1
641 434 1
643 434 1
649 434 1
650 434 1
683 434 2
684 434 2
685 434 2
686 434 1
696 434 1
746 434 1
754 434 1
766 434 1
767 434 1
272 435 3
273 435 3
367 435 1
370 435 2
401 435 1
420 435 2
433 435 1
434 435 10
527 435 1
528 435 4
529 435 7
541 435 2
542 435 1
544 435 1
594 435 3
598 435 2
609 435 1
632 435 4
641 435 3
643 435 1
649 435 6
650 435 3
690 435 1
691 435 1
710 435 1
754 435 1
339 436 1
352 436 1
437 436 1
438 436 1
439 436 1
339 437 1
352 437 1
436 437 1
438 437 1
439 437 1
764 437 1
339 438 1
352 438 1
436 438 1
437 438 1
439 438 1
339 439 1
352 439 1
436 439 1
437 439 1
438 439 1
420 440 4
433 440 3
434 440 1
604 440 1
605 440 2
13 441 1
54 441 2
55 441 2
123 441 2
148 441 1
243 441 1
75 442 1
86 442 1
87 442 1
162 442 1
188 442 1
329 442 1
444 443 1
445 443 1
443 444 1
445 444 1
443 445 1
444 445 1
42 446 1
208 446 1
447 446 1
42 447 1
208 447 1
446 447 1
237 448 1
238 448 1
245 448 1
449 448 1
450 448 1
451 448 1
452 448 1
453 448 1
237 449 1
238 449 1
245 449 1
448 449 1
450 449 1
451 449 1
452 449 1
453 449 1
592 449 3
593 449 3
237 450 1
238 450 3
245 450 3
448 450 1
449 450 1
451 450 1
452 450 1
453 450 1
653 450 2
777 450 1
778 450 1
237 451 1
238 451 1
245 451 1
448 451 1
449 451 1
450 451 1
452 451 1
453 451 1
237 452 1
238 452 1
245 452 1
448 452 1
449 452 1
450 452 1
451 452 1
453 452 1
237 453 1
238 453 1
245 453 1
448 453 1
449 453 1
450 453 1
451 453 1
452 453 1
124 454 1
125 454 2
128 454 3
260 454 2
295 455 5
296 455 7
456 455 2
457 455 1
458 455 1
611 455 1
612 455 1
295 456 4
296 456 4
455 456 2
457 456 1
458 456 1
701 456 1
976 456 1
295 457 1
296 457 1
455 457 1
456 457 1
458 457 1
295 458 1
296 458 1
455 458 1
456 458 1
457 458 1
8 459 1
60 459 1
171 459 1
38 460 2
461 460 2
38 461 2
460 461 2
232 462 1
463 462 1
232 463 1
462 463 1
51 464 2
55 464 1
211 464 1
257 464 2
267 464 1
294 464 1
305 464 5
308 464 1
313 464 2
323 464 1
325 464 6
328 464 1
342 464 1
387 464 4
62 465 1
333 465 1
334 465 1
346 465 1
467 466 1
466 467 1
113 468 1
160 468 2
237 468 4
391 468 3
469 468 1
470 468 1
471 468 1
473 468 1
651 468 1
670 468 2
725 468 2
911 468 2
912 468 1
913 468 2
963 468 1
237 469 1
391 469 1
468 469 1
470 469 1
471 469 1
237 470 1
391 470 1
468 470 1
469 470 1
471 470 1
237 471 1
391 471 1
468 471 1
469 471 1
470 471 1
54 472 1
55 472 2
253 472 1
257 472 2
259 472 4
414 472 5
531 472 2
534 472 2
535 472 2
536 472 1
537 472 1
578 472 1
584 472 1
631 472 1
788 472 1
792 472 1
817 472 1
113 473 1
391 473 1
468 473 1
38 474 2
419 474 1
289 475 1
476 475 2
477 475 1
478 475 1
289 476 2
475 476 2
477 476 1
478 476 2
289 477 1
475 477 1
476 477 1
478 477 1
289 478 2
475 478 1
476 478 2
477 478 1
313 479 1
314 479 1
480 479 1
481 479 1
482 479 1
313 480 1
314 480 1
479 480 1
481 480 1
482 480 1
313 481 2
314 481 2
479 481 1
480 481 1
482 481 1
483 481 1
484 481 1
485 481 1
313 482 1
314 482 1
479 482 1
480 482 1
481 482 1
313 483 1
314 483 1
481 483 1
484 483 1
485 483 1
313 484 1
314 484 1
481 484 1
483 484 1
485 484 1
313 485 1
314 485 1
481 485 1
483 485 1
484 485 1
323 486 1
387 486 1
87 487 1
145 487 1
488 487 1
87 488 1
145 488 1
487 488 1
54 489 1
55 489 2
58 489 1
887 489 1
491 490 1
492 490 1
490 491 1
492 491 1
490 492 1
491 492 1
15 493 2
26 493 2
161 493 1
166 493 1
17 494 1
105 494 1
131 495 3
140 495 3
496 495 3
498 495 1
131 496 3
140 496 3
495 496 3
498 496 1
124 497 2
125 497 2
260 497 2
131 498 1
140 498 1
495 498 1
496 498 1
315 499 3
501 499 1
27 500 3
365 500 1
315 501 1
499 501 1
106 502 1
141 503 1
227 503 1
228 503 1
415 504 1
505 504 1
415 505 1
504 505 1
338 506 1
284 507 1
508 507 1
509 507 1
510 507 1
284 508 1
507 508 1
509 508 1
510 508 1
284 509 1
507 509 1
508 509 1
510 509 1
284 510 1
507 510 1
508 510 1
509 510 1
45 511 1
51 511 2
52 511 1
519 511 1
5 512 1
6 512 2
7 512 3
32 512 2
176 512 8
367 512 1
401 512 1
513 512 2
541 512 1
690 512 1
5 513 1
6 513 2
7 513 2
32 513 2
176 513 2
512 513 2
515 514 11
516 514 11
517 514 3
520 514 2
608 514 2
695 514 1
915 514 1
514 515 11
516 515 11
517 515 3
520 515 2
608 515 2
695 515 1
915 515 1
514 516 11
515 516 11
517 516 3
520 516 2
608 516 2
695 516 1
915 516 1
514 517 3
515 517 3
516 517 3
608 517 1
266 518 1
430 518 1
431 518 1
44 519 1
45 519 1
51 519 6
52 519 2
54 519 1
55 519 1
57 519 1
87 519 1
106 519 1
125 519 1
157 519 1
160 519 1
163 519 1
204 519 1
211 519 2
224 519 1
294 519 1
296 519 2
305 519 1
308 519 1
313 519 1
321 519 3
325 519 2
379 519 1
387 519 1
398 519 2
414 519 2
511 519 1
694 519 2
995 519 1
999 519 1
514 520 2
515 520 2
516 520 2
522 521 1
521 522 1
277 523 1
524 523 1
277 524 1
523 524 1
273 525 1
420 525 2
434 525 4
526 525 1
527 525 1
528 525 1
529 525 1
605 525 1
683 525 4
684 525 2
685 525 4
686 525 1
766 525 1
767 525 1
901 525 2
902 525 2
919 525 2
920 525 2
420 526 1
434 526 1
525 526 1
527 526 1
420 527 1
434 527 2
435 527 1
525 527 1
526 527 1
528 527 1
529 527 1
541 527 7
542 527 3
543 527 1
544 527 1
547 527 1
594 527 7
598 527 4
690 527 2
273 528 5
434 528 3
435 528 4
525 528 1
527 528 1
529 528 3
594 528 1
598 528 1
609 528 1
632 528 4
649 528 1
683 528 1
685 528 1
901 528 2
902 528 2
903 528 1
904 528 1
905 528 1
919 528 1
920 528 1
272 529 4
273 529 1
367 529 1
370 529 1
401 529 1
434 529 11
435 529 7
525 529 1
527 529 1
528 529 3
541 529 1
544 529 1
574 529 1
577 529 1
594 529 2
598 529 1
632 529 1
641 529 3
643 529 1
649 529 3
650 529 3
683 529 1
684 529 1
685 529 1
690 529 1
691 529 1
696 529 1
746 529 1
766 529 1
767 529 1
259 530 8
304 530 3
305 530 9
414 530 2
531 530 7
634 530 1
55 531 2
257 531 2
259 531 8
270 531 1
304 531 4
305 531 7
409 531 1
410 531 1
414 531 3
472 531 2
530 531 7
534 531 2
535 531 2
634 531 1
74 532 1
262 532 1
533 532 1
74 533 1
262 533 1
532 533 1
55 534 2
257 534 2
259 534 2
414 534 2
472 534 2
531 534 2
535 534 2
55 535 4
106 535 1
236 535 1
253 535 2
257 535 4
259 535 2
305 535 1
308 535 1
382 535 1
414 535 4
472 535 2
531 535 2
534 535 2
536 535 2
537 535 1
538 535 1
578 535 1
584 535 1
631 535 1
6 536 1
54 536 2
55 536 2
106 536 1
236 536 1
253 536 4
257 536 3
382 536 1
414 536 4
472 536 1
535 536 2
537 536 3
538 536 1
578 536 3
584 536 3
631 536 3
724 536 1
725 536 1
726 536 1
727 536 1
788 536 2
817 536 1
44 537 1
51 537 1
54 537 2
55 537 1
106 537 2
107 537 1
236 537 1
241 537 1
247 537 1
253 537 4
257 537 2
295 537 1
296 537 1
321 537 1
398 537 1
414 537 4
472 537 1
535 537 1
536 537 3
538 537 1
578 537 3
584 537 3
631 537 2
788 537 3
817 537 2
874 537 1
880 537 1
881 537 1
882 537 1
55 538 1
236 538 1
253 538 1
257 538 2
414 538 1
535 538 1
536 538 1
537 538 1
555 538 2
556 538 1
557 538 2
584 538 2
585 538 1
266 539 2
298 539 2
429 539 2
430 539 2
431 539 2
540 539 2
579 539 1
266 540 2
298 540 2
429 540 2
430 540 2
431 540 2
539 540 2
579 540 1
176 541 1
272 541 1
367 541 2
370 541 1
401 541 2
434 541 1
435 541 2
512 541 1
527 541 7
529 541 1
542 541 13
543 541 3
544 541 5
547 541 1
594 541 16
598 541 10
641 541 1
649 541 1
650 541 1
690 541 8
691 541 1
754 541 6
832 541 1
370 542 1
434 542 1
435 542 1
527 542 3
541 542 13
543 542 3
544 542 1
594 542 9
598 542 9
690 542 2
754 542 6
832 542 1
527 543 1
541 543 3
542 543 3
544 543 1
594 543 2
598 543 2
272 544 1
367 544 1
401 544 1
435 544 1
527 544 1
529 544 1
541 544 5
542 544 1
543 544 1
594 544 4
641 544 1
649 544 1
650 544 1
690 544 4
691 544 1
546 545 1
545 546 1
527 547 1
541 547 1
549 548 1
548 549 1
76 550 2
118 551 2
552 551 1
553 551 1
554 551 1
118 552 1
551 552 1
553 552 1
554 552 1
118 553 2
551 553 1
552 553 1
554 553 1
565 553 1
118 554 1
551 554 1
552 554 1
553 554 1
257 555 3
538 555 2
556 555 3
557 555 3
584 555 1
585 555 1
30 556 1
257 556 4
538 556 1
555 556 3
557 556 3
30 557 1
257 557 3
538 557 2
555 557 3
556 557 3
584 557 1
585 557 1
253 558 3
559 558 2
560 558 3
618 558 1
253 559 2
558 559 2
560 559 2
618 559 1
253 560 3
558 560 3
559 560 2
618 560 1
562 561 1
561 562 1
199 563 3
207 563 2
564 563 3
648 563 1
199 564 3
207 564 2
563 564 3
648 564 1
118 565 1
553 565 1
118 566 2
211 567 4
223 567 1
393 567 2
646 567 1
787 567 1
569 568 1
570 568 1
571 568 1
572 568 1
568 569 1
570 569 1
571 569 1
572 569 1
568 570 1
569 570 1
571 570 1
572 570 1
42 571 1
347 571 1
568 571 1
569 571 1
570 571 1
572 571 1
597 571 1
568 572 1
569 572 1
570 572 1
571 572 1
49 573 2
50 573 2
244 573 1
307 573 2
416 573 2
272 574 2
434 574 3
529 574 1
575 574 2
576 574 1
577 574 2
696 574 1
272 575 1
434 575 2
574 575 2
576 575 1
577 575 1
272 576 1
434 576 1
574 576 1
575 576 1
577 576 1
272 577 3
434 577 2
529 577 1
574 577 2
575 577 1
576 577 1
641 577 1
696 577 1
54 578 2
55 578 1
106 578 1
239 578 6
247 578 1
253 578 4
257 578 2
382 578 1
414 578 4
472 578 1
535 578 1
536 578 3
537 578 3
584 578 4
631 578 3
788 578 3
817 578 2
824 578 2
874 578 1
880 578 1
881 578 1
882 578 1
266 579 1
298 579 1
429 579 1
430 579 1
431 579 1
539 579 1
540 579 1
42 580 1
165 581 1
381 581 1
307 582 1
87 583 1
291 583 1
54 584 2
55 584 1
106 584 1
247 584 1
253 584 5
257 584 2
382 584 1
414 584 5
472 584 1
535 584 1
536 584 3
537 584 3
538 584 2
555 584 1
557 584 1
578 584 4
585 584 1
631 584 4
788 584 4
792 584 1
817 584 3
874 584 2
880 584 2
881 584 1
882 584 1
538 585 1
555 585 1
557 585 1
584 585 1
153 586 1
44 587 1
285 588 1
401 588 1
418 588 3
589 588 4
590 588 4
626 588 1
633 588 1
793 588 1
149 589 2
195 589 2
285 589 1
401 589 1
418 589 5
588 589 4
590 589 11
626 589 1
633 589 1
747 589 2
748 589 2
749 589 1
750 589 4
780 589 2
781 589 2
793 589 1
841 589 1
842 589 1
843 589 2
918 589 1
149 590 2
195 590 2
285 590 1
401 590 1
418 590 5
588 590 4
589 590 11
626 590 1
633 590 1
747 590 2
748 590 2
749 590 1
750 590 4
780 590 2
781 590 2
793 590 1
841 590 1
842 590 1
843 590 2
918 590 1
157 591 3
158 591 3
174 591 1
175 591 1
787 591 1
449 592 3
593 592 3
449 593 3
592 593 3
272 594 1
367 594 1
370 594 1
401 594 1
434 594 2
435 594 3
527 594 7
528 594 1
529 594 2
541 594 16
542 594 9
543 594 2
544 594 4
598 594 9
641 594 1
649 594 1
650 594 1
690 594 6
691 594 1
754 594 5
832 594 1
44 595 1
292 595 1
327 595 1
596 595 1
44 596 1
292 596 1
327 596 1
595 596 1
571 597 1
370 598 1
434 598 2
435 598 2
527 598 4
528 598 1
529 598 1
541 598 10
542 598 9
543 598 2
594 598 9
690 598 2
754 598 4
832 598 1
600 599 1
601 599 2
602 599 2
603 599 1
599 600 1
601 600 1
602 600 1
603 600 1
599 601 2
600 601 1
602 601 1
603 601 1
599 602 2
600 602 1
601 602 1
603 602 1
599 603 1
600 603 1
601 603 1
602 603 1
420 604 1
440 604 1
605 604 1
696 604 1
705 604 1
802 604 1
803 604 1
420 605 3
433 605 1
434 605 1
440 605 2
525 605 1
604 605 1
683 605 1
684 605 1
685 605 1
686 605 1
44 606 1
157 606 2
204 606 2
207 606 1
211 606 3
222 606 1
308 606 5
331 606 1
400 606 1
607 606 1
157 607 1
207 607 1
211 607 1
308 607 1
331 607 3
606 607 1
721 607 1
514 608 2
515 608 2
516 608 2
517 608 1
273 609 2
420 609 1
434 609 1
435 609 1
528 609 1
632 609 1
901 609 1
902 609 1
903 609 1
904 609 1
905 609 1
313 610 2
296 611 1
455 611 1
612 611 1
177 612 1
296 612 3
455 612 1
611 612 1
701 612 1
345 613 2
401 613 1
614 613 1
697 613 1
345 614 1
367 614 3
401 614 4
613 614 1
633 614 1
805 614 1
427 615 1
250 616 1
310 616 1
27 617 1
28 617 1
139 617 2
679 617 2
845 617 1
253 618 1
558 618 1
559 618 1
560 618 1
620 619 3
621 619 3
622 619 3
623 619 3
708 619 1
765 619 1
818 619 1
619 620 3
621 620 3
622 620 3
623 620 3
765 620 1
818 620 1
619 621 3
620 621 3
622 621 3
623 621 3
765 621 1
818 621 1
619 622 3
620 622 3
621 622 3
623 622 3
765 622 1
818 622 1
619 623 3
620 623 3
621 623 3
622 623 3
765 623 1
818 623 1
427 624 1
268 625 1
373 625 2
367 626 2
401 626 3
588 626 1
589 626 1
590 626 1
633 626 2
645 626 1
394 627 1
395 627 1
628 627 1
629 627 1
630 627 1
394 628 1
395 628 1
627 628 1
629 628 1
630 628 1
394 629 1
395 629 1
627 629 1
628 629 1
630 629 1
394 630 1
395 630 1
627 630 1
628 630 1
629 630 1
54 631 2
55 631 1
106 631 1
253 631 4
257 631 2
382 631 1
414 631 4
472 631 1
535 631 1
536 631 3
537 631 2
578 631 3
584 631 4
788 631 3
792 631 1
817 631 2
874 631 1
880 631 1
273 632 4
434 632 1
435 632 4
528 632 4
529 632 1
609 632 1
649 632 3
710 632 1
901 632 1
902 632 1
903 632 1
904 632 1
905 632 1
367 633 2
401 633 3
588 633 1
589 633 1
590 633 1
614 633 1
626 633 2
645 633 1
259 634 2
414 634 1
530 634 1
531 634 1
792 634 1
636 635 1
635 636 1
844 637 1
266 638 1
298 638 1
404 638 1
428 638 5
430 638 4
639 638 11
654 638 1
668 638 9
698 638 1
790 638 1
266 639 1
428 639 7
430 639 2
638 639 11
654 639 1
668 639 10
698 639 1
16 640 2
17 640 3
105 640 3
392 640 2
672 640 1
272 641 4
367 641 1
401 641 1
434 641 1
435 641 3
529 641 3
541 641 1
544 641 1
577 641 1
594 641 1
649 641 3
650 641 3
690 641 1
691 641 1
193 642 1
197 642 1
198 642 1
434 643 1
435 643 1
529 643 1
191 644 3
211 644 3
393 644 4
951 644 1
952 644 1
367 645 1
401 645 1
626 645 1
633 645 1
211 646 1
223 646 1
393 646 1
567 646 1
427 647 1
136 648 1
157 648 3
199 648 3
211 648 2
308 648 1
331 648 2
563 648 1
564 648 1
669 648 2
721 648 1
272 649 3
273 649 1
367 649 1
401 649 1
434 649 1
435 649 6
528 649 1
529 649 3
541 649 1
544 649 1
594 649 1
632 649 3
641 649 3
650 649 3
690 649 1
691 649 1
710 649 1
272 650 3
367 650 1
401 650 1
434 650 1
435 650 3
529 650 3
541 650 1
544 650 1
594 650 1
641 650 3
649 650 3
690 650 1
691 650 1
468 651 1
95 652 1
231 652 1
238 653 2
245 653 2
450 653 2
777 653 1
778 653 1
404 654 2
428 654 1
430 654 2
638 654 1
639 654 1
668 654 1
791 654 1
935 654 1
936 654 1
119 655 1
120 655 1
225 655 3
923 655 1
924 655 1
154 656 3
657 656 3
658 656 3
659 656 3
660 656 3
661 656 2
702 656 2
892 656 1
154 657 4
656 657 3
658 657 4
659 657 4
660 657 4
661 657 2
702 657 3
892 657 1
154 658 4
656 658 3
657 658 4
659 658 4
660 658 4
661 658 2
702 658 3
892 658 1
154 659 4
656 659 3
657 659 4
658 659 4
660 659 4
661 659 2
702 659 3
892 659 1
154 660 4
656 660 3
657 660 4
658 660 4
659 660 4
661 660 2
702 660 3
892 660 1
154 661 2
656 661 2
657 661 2
658 661 2
659 661 2
660 661 2
702 661 1
316 662 2
799 662 1
800 662 1
801 662 1
298 663 2
404 663 3
430 663 2
664 663 1
665 663 3
791 663 1
815 663 1
816 663 1
298 664 1
404 664 1
430 664 1
663 664 1
665 664 1
298 665 2
404 665 3
430 665 2
663 665 3
664 665 1
791 665 1
815 665 1
816 665 1
12 666 1
87 666 2
135 666 1
313 666 2
329 666 1
340 666 1
344 666 1
667 666 1
707 666 1
836 666 1
12 667 1
87 667 1
313 667 1
329 667 1
340 667 1
344 667 1
666 667 1
428 668 6
430 668 1
638 668 9
639 668 10
654 668 1
157 669 2
211 669 2
308 669 1
331 669 2
648 669 2
721 669 1
237 670 2
468 670 2
54 671 2
55 671 2
122 671 1
123 671 2
148 671 2
396 671 1
17 672 1
105 672 1
640 672 1
674 673 1
675 673 1
676 673 1
673 674 1
675 674 1
676 674 1
673 675 1
674 675 1
676 675 1
673 676 1
674 676 1
675 676 1
763 676 1
61 677 2
255 677 1
350 677 2
678 677 2
775 677 1
61 678 2
255 678 1
350 678 2
677 678 2
775 678 1
139 679 3
617 679 2
845 679 2
681 680 1
682 680 1
680 681 1
682 681 1
680 682 1
681 682 1
273 683 1
434 683 2
525 683 4
528 683 1
529 683 1
605 683 1
684 683 2
685 683 4
686 683 1
766 683 1
767 683 1
901 683 2
902 683 2
919 683 2
920 683 2
434 684 2
525 684 2
529 684 1
605 684 1
683 684 2
685 684 2
686 684 1
766 684 1
767 684 1
273 685 1
434 685 2
525 685 4
528 685 1
529 685 1
605 685 1
683 685 4
684 685 2
686 685 1
766 685 1
767 685 1
901 685 2
902 685 2
919 685 2
920 685 2
434 686 1
525 686 1
605 686 1
683 686 1
684 686 1
685 686 1
76 687 2
732 687 1
733 687 1
427 688 1
125 689 1
176 690 1
272 690 1
367 690 2
401 690 2
435 690 1
512 690 1
527 690 2
529 690 1
541 690 8
542 690 2
544 690 4
594 690 6
598 690 2
641 690 1
649 690 1
650 690 1
691 690 1
754 690 1
272 691 1
367 691 1
401 691 1
435 691 1
529 691 1
541 691 1
544 691 1
594 691 1
641 691 1
649 691 1
650 691 1
690 691 1
55 692 1
389 693 1
390 693 2
294 694 2
519 694 2
514 695 1
515 695 1
516 695 1
272 696 1
434 696 1
529 696 1
574 696 1
577 696 1
604 696 1
705 696 1
802 696 1
803 696 1
345 697 1
613 697 1
638 698 1
639 698 1
61 699 1
700 699 1
61 700 1
699 700 1
295 701 1
296 701 3
456 701 1
612 701 1
154 702 3
656 702 2
657 702 3
658 702 3
659 702 3
660 702 3
661 702 1
892 702 1
23 703 1
206 703 1
210 703 1
212 703 1
220 703 1
301 704 1
604 705 1
696 705 1
706 705 2
737 705 1
756 705 1
757 705 1
758 705 1
760 705 1
762 705 1
795 705 1
796 705 1
797 705 1
798 705 1
802 705 1
803 705 1
705 706 2
87 707 1
135 707 1
313 707 1
666 707 1
619 708 1
17 709 1
105 709 1
392 709 1
435 710 1
632 710 1
649 710 1
219 711 1
274 711 1
712 711 1
713 711 1
219 712 1
274 712 1
711 712 1
713 712 1
219 713 1
274 713 1
711 713 1
712 713 1
200 714 1
715 714 1
716 714 1
717 714 1
718 714 1
200 715 1
714 715 1
716 715 1
717 715 1
718 715 1
200 716 1
714 716 1
715 716 1
717 716 1
718 716 1
200 717 1
714 717 1
715 717 1
716 717 1
718 717 1
200 718 1
714 718 1
715 718 1
716 718 1
717 718 1
322 719 1
720 719 1
322 720 1
719 720 1
157 721 1
211 721 2
331 721 5
607 721 1
648 721 1
669 721 1
872 721 2
873 721 2
877 721 1
163 722 2
356 722 1
723 722 1
163 723 2
356 723 1
722 723 1
5 724 1
6 724 6
367 724 1
401 724 1
536 724 1
725 724 3
726 724 3
727 724 2
837 724 1
874 724 2
6 725 3
121 725 1
160 725 2
163 725 1
241 725 1
325 725 1
367 725 1
401 725 1
414 725 1
468 725 2
536 725 1
724 725 3
726 725 3
727 725 2
837 725 1
874 725 2
911 725 2
912 725 1
913 725 2
963 725 1
6 726 3
367 726 1
401 726 1
536 726 1
724 726 3
725 726 3
727 726 2
837 726 4
838 726 3
839 726 3
874 726 2
934 726 2
6 727 2
536 727 1
724 727 2
725 727 2
726 727 2
874 727 1
2 728 1
91 728 1
157 728 1
158 728 1
168 728 1
170 728 1
179 728 3
180 728 1
204 728 1
213 728 1
214 728 1
217 728 1
729 728 1
730 728 3
731 728 2
806 728 1
807 728 1
808 728 1
809 728 1
810 728 1
852 728 1
853 728 1
854 728 1
178 729 1
179 729 2
180 729 2
728 729 1
730 729 1
731 729 1
2 730 1
91 730 1
157 730 1
158 730 1
168 730 1
170 730 1
179 730 3
180 730 1
204 730 1
213 730 1
214 730 1
217 730 1
728 730 3
729 730 1
731 730 2
806 730 1
807 730 1
808 730 1
809 730 1
810 730 1
852 730 1
853 730 1
854 730 1
179 731 2
180 731 1
728 731 2
729 731 1
730 731 2
852 731 1
853 731 1
854 731 1
76 732 4
687 732 1
733 732 3
76 733 5
687 733 1
732 733 3
316 734 1
427 735 2
736 735 2
427 736 2
735 736 2
271 737 2
705 737 1
738 737 1
756 737 4
757 737 4
758 737 4
759 737 1
760 737 2
761 737 1
762 737 4
795 737 1
796 737 1
797 737 1
798 737 1
864 737 2
949 737 1
950 737 1
981 737 1
982 737 1
737 738 1
427 739 1
740 739 1
741 739 1
427 740 1
739 740 1
741 740 1
427 741 1
739 741 1
740 741 1
287 742 4
299 742 3
427 743 1
77 744 2
173 744 2
241 744 1
247 744 5
248 744 1
257 744 1
296 744 1
411 744 1
412 744 1
745 744 1
869 744 2
870 744 2
871 744 1
173 745 1
247 745 1
248 745 1
257 745 1
744 745 1
370 746 1
434 746 1
529 746 1
149 747 2
195 747 2
418 747 2
589 747 2
590 747 2
748 747 2
749 747 1
918 747 1
149 748 2
195 748 2
418 748 2
589 748 2
590 748 2
747 748 2
749 748 1
918 748 1
149 749 1
195 749 1
418 749 1
589 749 1
590 749 1
747 749 1
748 749 1
589 750 4
590 750 4
780 750 2
781 750 2
841 750 1
842 750 1
843 750 1
427 751 1
752 751 1
427 752 1
751 752 1
427 753 1
370 754 1
434 754 1
435 754 1
541 754 6
542 754 6
594 754 5
598 754 4
690 754 1
268 755 2
373 755 2
878 755 2
271 756 1
705 756 1
737 756 4
757 756 4
758 756 4
759 756 1
760 756 2
761 756 1
762 756 4
795 756 1
796 756 1
797 756 1
798 756 1
864 756 2
271 757 1
705 757 1
737 757 4
756 757 4
758 757 4
759 757 1
760 757 2
761 757 1
762 757 4
795 757 1
796 757 1
797 757 1
798 757 1
864 757 2
271 758 1
705 758 1
737 758 4
756 758 4
757 758 4
759 758 1
760 758 2
761 758 1
762 758 4
795 758 1
796 758 1
797 758 1
798 758 1
864 758 2
271 759 1
737 759 1
756 759 1
757 759 1
758 759 1
760 759 1
761 759 1
762 759 1
105 760 1
106 760 1
268 760 1
271 760 1
373 760 1
705 760 1
737 760 2
756 760 2
757 760 2
758 760 2
759 760 1
761 760 1
762 760 2
795 760 1
796 760 1
797 760 1
798 760 1
894 760 1
895 760 1
271 761 1
737 761 1
756 761 1
757 761 1
758 761 1
759 761 1
760 761 1
762 761 1
271 762 1
705 762 1
737 762 4
756 762 4
757 762 4
758 762 4
759 762 1
760 762 2
761 762 1
795 762 1
796 762 1
797 762 1
798 762 1
864 762 2
676 763 1
437 764 1
619 765 1
620 765 1
621 765 1
622 765 1
623 765 1
434 766 1
525 766 1
529 766 1
683 766 1
684 766 1
685 766 1
767 766 1
434 767 1
525 767 1
529 767 1
683 767 1
684 767 1
685 767 1
766 767 1
164 768 1
196 768 1
201 768 1
202 768 1
106 769 2
770 769 1
106 770 1
769 770 1
215 771 1
353 772 1
354 772 1
773 772 1
774 772 1
353 773 1
354 773 1
772 773 1
774 773 1
353 774 1
354 774 1
772 774 1
773 774 1
61 775 1
350 775 1
677 775 1
678 775 1
413 776 1
238 777 1
245 777 1
450 777 1
653 777 1
778 777 1
238 778 1
245 778 1
450 778 1
653 778 1
777 778 1
322 779 1
589 780 2
590 780 2
750 780 2
781 780 1
589 781 2
590 781 2
750 781 2
780 781 1
841 781 1
842 781 1
843 781 1
27 782 1
28 782 1
94 782 1
220 782 1
221 782 1
783 782 1
784 782 1
27 783 1
28 783 1
94 783 1
220 783 1
221 783 1
782 783 1
784 783 1
27 784 1
28 784 1
94 784 1
220 784 1
221 784 1
782 784 1
783 784 1
130 785 1
786 785 1
130 786 1
785 786 1
157 787 1
158 787 1
211 787 1
567 787 1
591 787 1
54 788 2
247 788 1
253 788 4
257 788 1
414 788 4
472 788 1
536 788 2
537 788 3
578 788 3
584 788 4
631 788 3
792 788 1
817 788 3
874 788 2
880 788 2
881 788 1
882 788 1
279 789 1
361 789 1
298 790 1
430 790 1
638 790 1
298 791 1
404 791 3
430 791 1
654 791 1
663 791 1
665 791 1
935 791 1
936 791 1
977 791 1
978 791 1
253 792 1
259 792 5
410 792 2
414 792 8
472 792 1
584 792 1
631 792 1
634 792 1
788 792 1
817 792 1
874 792 1
880 792 1
943 792 2
944 792 2
418 793 1
588 793 1
589 793 1
590 793 1
369 794 2
402 794 2
705 795 1
737 795 1
756 795 1
757 795 1
758 795 1
760 795 1
762 795 1
796 795 1
797 795 4
798 795 4
825 795 3
956 795 1
957 795 1
705 796 1
737 796 1
756 796 1
757 796 1
758 796 1
760 796 1
762 796 1
795 796 1
797 796 1
798 796 1
705 797 1
737 797 1
756 797 1
757 797 1
758 797 1
760 797 1
762 797 1
795 797 4
796 797 1
798 797 4
825 797 3
956 797 1
957 797 1
705 798 1
737 798 1
756 798 1
757 798 1
758 798 1
760 798 1
762 798 1
795 798 4
796 798 1
797 798 4
825 798 3
956 798 1
957 798 1
316 799 1
662 799 1
800 799 1
801 799 1
316 800 1
662 800 1
799 800 1
801 800 1
316 801 1
662 801 1
799 801 1
800 801 1
604 802 1
696 802 1
705 802 1
803 802 1
604 803 1
696 803 1
705 803 1
802 803 1
194 804 1
203 804 1
218 804 1
367 805 1
401 805 1
614 805 1
2 806 1
91 806 1
157 806 1
158 806 1
168 806 1
170 806 1
179 806 1
204 806 1
213 806 1
214 806 1
217 806 1
728 806 1
730 806 1
807 806 1
808 806 1
809 806 1
810 806 1
2 807 1
91 807 1
157 807 1
158 807 1
168 807 1
170 807 1
179 807 1
204 807 1
213 807 1
214 807 1
217 807 1
728 807 1
730 807 1
806 807 1
808 807 1
809 807 1
810 807 1
2 808 1
91 808 1
157 808 1
158 808 1
168 808 1
170 808 1
179 808 1
204 808 1
213 808 1
214 808 1
217 808 1
728 808 1
730 808 1
806 808 1
807 808 1
809 808 1
810 808 1
2 809 1
91 809 1
157 809 1
158 809 1
168 809 1
170 809 1
179 809 1
204 809 1
213 809 1
214 809 1
217 809 1
728 809 1
730 809 1
806 809 1
807 809 1
808 809 1
810 809 1
2 810 1
91 810 1
157 810 1
158 810 1
168 810 1
170 810 1
179 810 1
204 810 1
213 810 1
214 810 1
217 810 1
728 810 1
730 810 1
806 810 1
807 810 1
808 810 1
809 810 1
249 811 2
812 811 2
249 812 2
811 812 2
18 813 1
814 813 1
18 814 1
813 814 1
298 815 1
404 815 1
430 815 1
663 815 1
665 815 1
816 815 1
298 816 1
404 816 1
430 816 1
663 816 1
665 816 1
815 816 1
54 817 1
247 817 1
253 817 3
414 817 3
472 817 1
536 817 1
537 817 2
578 817 2
584 817 3
631 817 2
788 817 3
792 817 1
874 817 2
880 817 2
881 817 1
882 817 1
619 818 1
620 818 1
621 818 1
622 818 1
623 818 1
282 819 1
820 819 1
282 820 1
819 820 1
10 821 2
822 821 2
823 821 2
969 821 1
970 821 2
971 821 1
10 822 2
821 822 2
823 822 2
10 823 2
821 823 2
822 823 2
239 824 2
578 824 2
795 825 3
797 825 3
798 825 3
956 825 1
957 825 1
150 826 1
281 826 1
376 826 1
264 827 1
828 827 1
829 827 1
830 827 1
831 827 1
264 828 2
827 828 1
829 828 2
830 828 1
831 828 1
932 828 1
933 828 1
264 829 2
827 829 1
828 829 2
830 829 1
831 829 1
932 829 1
933 829 1
264 830 1
827 830 1
828 830 1
829 830 1
831 830 1
264 831 1
827 831 1
828 831 1
829 831 1
830 831 1
930 831 1
931 831 1
541 832 1
542 832 1
594 832 1
598 832 1
198 833 1
230 834 1
313 834 1
319 834 1
332 834 1
335 834 1
421 834 1
155 835 2
156 835 2
666 836 1
6 837 1
367 837 1
401 837 1
724 837 1
725 837 1
726 837 4
838 837 3
839 837 3
874 837 1
934 837 2
726 838 3
837 838 3
839 838 3
934 838 2
726 839 3
837 839 3
838 839 3
934 839 2
53 840 1
589 841 1
590 841 1
750 841 1
781 841 1
842 841 1
843 841 1
589 842 1
590 842 1
750 842 1
781 842 1
841 842 1
843 842 1
589 843 2
590 843 2
750 843 1
781 843 1
841 843 1
842 843 1
637 844 1
139 845 2
617 845 1
679 845 2
34 846 2
35 846 2
100 846 2
351 846 2
847 846 2
34 847 2
35 847 2
100 847 2
351 847 2
846 847 2
84 848 1
343 848 3
849 848 1
850 848 1
851 848 1
896 848 1
897 848 1
898 848 1
899 848 1
900 848 2
906 848 1
907 848 1
908 848 1
909 848 1
965 848 1
343 849 1
848 849 1
850 849 1
851 849 1
343 850 1
848 850 1
849 850 1
851 850 1
343 851 1
848 851 1
849 851 1
850 851 1
179 852 1
728 852 1
730 852 1
731 852 1
853 852 1
854 852 1
179 853 1
728 853 1
730 853 1
731 853 1
852 853 1
854 853 1
179 854 1
728 854 1
730 854 1
731 854 1
852 854 1
853 854 1
4 855 1
172 855 2
856 855 1
172 856 1
855 856 1
230 857 1
234 857 1
312 857 1
313 857 1
319 857 1
859 858 1
860 858 1
861 858 1
862 858 1
858 859 1
860 859 1
861 859 1
862 859 1
858 860 1
859 860 1
861 860 1
862 860 1
858 861 1
859 861 1
860 861 1
862 861 1
858 862 1
859 862 1
860 862 1
861 862 1
24 863 1
67 863 1
159 863 1
167 863 1
189 863 3
280 863 1
405 863 1
737 864 2
756 864 2
757 864 2
758 864 2
762 864 2
20 865 1
21 865 1
22 865 1
192 865 1
867 866 1
868 866 1
866 867 1
868 867 1
866 868 1
867 868 1
77 869 1
247 869 1
411 869 1
412 869 1
744 869 2
870 869 2
871 869 1
77 870 1
247 870 1
411 870 1
412 870 1
744 870 2
869 870 2
871 870 1
744 871 1
869 871 1
870 871 1
211 872 1
331 872 2
721 872 2
873 872 2
877 872 1
211 873 1
331 873 2
721 873 2
872 873 2
877 873 1
6 874 2
247 874 1
253 874 2
367 874 1
401 874 1
414 874 2
537 874 1
578 874 1
584 874 2
631 874 1
724 874 2
725 874 2
726 874 2
727 874 1
788 874 2
792 874 1
817 874 2
837 874 1
880 874 2
881 874 1
882 874 1
82 875 1
25 876 1
26 876 1
211 877 1
331 877 1
721 877 1
872 877 1
873 877 1
755 878 2
88 879 1
269 879 1
247 880 1
253 880 2
414 880 2
537 880 1
578 880 1
584 880 2
631 880 1
788 880 2
792 880 1
817 880 2
874 880 2
881 880 1
882 880 1
247 881 1
253 881 1
414 881 1
537 881 1
578 881 1
584 881 1
788 881 1
817 881 1
874 881 1
880 881 1
882 881 1
247 882 1
253 882 1
414 882 1
537 882 1
578 882 1
584 882 1
788 882 1
817 882 1
874 882 1
880 882 1
881 882 1
127 883 1
186 883 1
187 883 1
320 883 1
39 884 1
101 884 1
102 884 1
138 884 1
403 884 1
885 884 1
886 884 1
39 885 1
101 885 1
102 885 1
138 885 1
403 885 1
884 885 1
886 885 1
39 886 1
101 886 1
102 886 2
138 886 2
403 886 1
884 886 1
885 886 1
489 887 1
286 888 2
372 888 2
890 889 1
891 889 1
889 890 1
891 890 1
889 891 1
890 891 1
154 892 1
656 892 1
657 892 1
658 892 1
659 892 1
660 892 1
702 892 1
15 893 1
151 893 1
51 894 1
105 894 1
106 894 2
241 894 1
268 894 1
295 894 1
296 894 1
321 894 1
373 894 1
760 894 1
895 894 1
105 895 1
106 895 1
268 895 1
373 895 1
760 895 1
894 895 1
343 896 1
848 896 1
897 896 1
898 896 1
899 896 1
900 896 1
343 897 1
848 897 1
896 897 1
898 897 1
899 897 1
900 897 1
343 898 1
848 898 1
896 898 1
897 898 1
899 898 1
900 898 1
343 899 1
848 899 1
896 899 1
897 899 1
898 899 1
900 899 1
343 900 2
848 900 2
896 900 1
897 900 1
898 900 1
899 900 1
906 900 1
907 900 1
908 900 1
909 900 1
273 901 2
525 901 2
528 901 2
609 901 1
632 901 1
683 901 2
685 901 2
902 901 3
903 901 1
904 901 1
905 901 1
919 901 2
920 901 2
273 902 2
525 902 2
528 902 2
609 902 1
632 902 1
683 902 2
685 902 2
901 902 3
903 902 1
904 902 1
905 902 1
919 902 2
920 902 2
273 903 1
528 903 1
609 903 1
632 903 1
901 903 1
902 903 1
904 903 1
905 903 1
273 904 1
528 904 1
609 904 1
632 904 1
901 904 1
902 904 1
903 904 1
905 904 1
273 905 1
528 905 1
609 905 1
632 905 1
901 905 1
902 905 1
903 905 1
904 905 1
343 906 1
848 906 1
900 906 1
907 906 1
908 906 1
909 906 1
343 907 1
848 907 1
900 907 1
906 907 1
908 907 1
909 907 1
343 908 1
848 908 1
900 908 1
906 908 1
907 908 1
909 908 1
343 909 1
848 909 1
900 909 1
906 909 1
907 909 1
908 909 1
77 910 1
160 911 2
468 911 2
725 911 2
912 911 1
913 911 2
963 911 1
160 912 1
468 912 1
725 912 1
911 912 1
913 912 1
160 913 2
468 913 2
725 913 2
911 913 2
912 913 1
963 913 1
17 914 1
105 914 1
514 915 1
515 915 1
516 915 1
917 916 2
916 917 2
149 918 1
195 918 1
418 918 1
589 918 1
590 918 1
747 918 1
748 918 1
273 919 1
525 919 2
528 919 1
683 919 2
685 919 2
901 919 2
902 919 2
920 919 2
273 920 1
525 920 2
528 920 1
683 920 2
685 920 2
901 920 2
902 920 2
919 920 2
16 921 2
922 921 2
16 922 2
921 922 2
120 923 1
655 923 1
924 923 1
120 924 1
655 924 1
923 924 1
293 925 1
926 925 1
927 925 1
293 926 1
925 926 1
927 926 1
293 927 1
925 927 1
926 927 1
266 928 1
428 928 1
929 928 1
266 929 1
428 929 1
928 929 1
831 930 1
931 930 1
831 931 1
930 931 1
264 932 1
828 932 1
829 932 1
933 932 1
264 933 1
828 933 1
829 933 1
932 933 1
726 934 2
837 934 2
838 934 2
839 934 2
404 935 1
430 935 1
654 935 1
791 935 1
936 935 1
404 936 1
430 936 1
654 936 1
791 936 1
935 936 1
287 937 1
299 937 1
939 938 1
938 939 1
92 940 1
424 941 1
282 942 3
313 942 2
373 942 2
962 942 1
410 943 2
414 943 2
792 943 2
944 943 2
410 944 2
414 944 2
792 944 2
943 944 2
163 945 1
172 945 1
356 945 1
946 945 1
163 946 1
172 946 1
356 946 1
945 946 1
343 947 1
948 947 1
343 948 1
947 948 1
737 949 1
950 949 1
737 950 1
949 950 1
393 951 1
644 951 1
952 951 1
393 952 1
644 952 1
951 952 1
252 953 1
954 953 1
955 953 1
252 954 1
953 954 1
955 954 1
252 955 1
953 955 1
954 955 1
795 956 1
797 956 1
798 956 1
825 956 1
957 956 1
795 957 1
797 957 1
798 957 1
825 957 1
956 957 1
417 958 1
121 959 1
244 959 1
960 959 1
121 960 1
244 960 1
959 960 1
357 961 1
282 962 1
313 962 1
373 962 1
942 962 1
160 963 1
468 963 1
725 963 1
911 963 1
913 963 1
367 964 2
401 964 2
84 965 1
848 965 1
66 966 1
241 966 1
246 966 1
296 966 1
303 966 1
967 966 1
66 967 1
241 967 1
246 967 1
296 967 1
303 967 1
966 967 1
25 968 1
26 968 1
821 969 1
970 969 1
821 970 2
969 970 1
971 970 1
821 971 1
970 971 1
109 972 1
973 972 1
109 973 1
972 973 1
17 974 1
105 974 1
975 974 1
17 975 1
105 975 1
974 975 1
295 976 1
296 976 1
456 976 1
298 977 1
404 977 1
791 977 1
978 977 1
298 978 1
404 978 1
791 978 1
977 978 1
296 979 1
980 979 1
296 980 1
979 980 1
737 981 1
982 981 1
737 982 1
981 982 1
256 983 1
216 984 1
391 985 1
986 985 1
391 986 1
985 986 1
14 987 2
988 987 2
14 988 2
987 988 2
433 989 1
990 989 1
433 990 1
989 990 1
992 991 2
993 991 1
991 992 2
993 992 1
991 993 1
992 993 1
93 994 1
306 994 1
379 995 1
519 995 1
84 996 1
261 996 1
424 997 1
998 997 1
424 998 1
997 998 1
55 999 1
125 999 1
160 999 1
204 999 1
211 999 1
224 999 1
387 999 1
398 999 1
519 999 1
38 1000 1
385 1000 1
419 1000 1
