29 1 1
294 1 1
334 1 1
843 1 1
385 2 1
453 3 1
455 3 1
429 4 1
453 4 1
222 5 1
862 5 1
110 6 1
276 6 2
352 6 1
403 6 1
127 7 1
154 7 1
256 8 1
396 8 1
625 8 1
736 8 1
122 9 1
161 9 1
567 9 1
11 10 1
129 10 1
528 10 1
10 11 1
21 11 1
92 11 1
129 11 4
528 11 2
496 12 1
62 13 1
381 14 1
478 14 1
16 15 1
19 15 1
15 16 1
19 16 1
18 17 1
594 17 1
681 17 1
17 18 1
594 18 2
681 18 1
15 19 1
16 19 1
239 20 2
346 20 2
11 21 1
129 21 1
591 22 1
592 22 1
700 23 1
647 24 1
56 25 1
690 25 1
756 25 1
757 25 1
177 26 1
514 26 1
515 26 1
516 26 2
259 27 1
299 27 1
641 27 1
642 27 1
599 28 1
1 29 1
294 29 1
334 29 1
843 29 1
390 30 1
408 30 1
504 31 1
351 32 1
34 33 1
274 33 1
33 34 1
261 34 1
274 34 1
36 35 1
35 36 1
316 37 1
366 37 1
676 37 1
44 38 1
168 38 1
333 38 1
412 38 1
435 38 1
895 38 1
561 39 1
891 39 1
97 40 1
660 41 1
120 42 1
157 42 1
392 42 1
609 42 1
614 42 1
615 42 1
616 42 1
272 43 1
38 44 1
333 44 1
340 45 1
820 45 1
821 45 1
165 46 1
552 46 1
315 47 1
344 47 1
407 47 3
465 47 2
522 47 1
580 48 1
50 49 1
49 50 1
115 51 1
735 51 1
130 52 1
717 53 1
75 54 1
665 54 1
244 55 1
25 56 1
690 56 1
126 57 1
485 58 1
486 58 1
286 59 1
292 59 1
636 59 1
270 60 1
560 60 1
561 60 1
405 61 1
13 62 1
135 63 1
268 63 1
822 64 1
229 65 1
310 65 1
623 65 1
67 66 2
325 66 1
393 66 1
824 66 1
66 67 2
393 67 1
79 68 1
441 68 1
520 68 1
538 69 1
539 69 1
575 70 1
84 71 1
235 71 1
308 71 2
318 71 2
76 72 1
662 73 1
663 73 1
133 74 1
54 75 1
665 75 1
72 76 1
114 76 1
703 76 2
704 76 2
705 76 1
788 76 1
789 76 2
884 76 1
271 77 1
287 77 1
290 77 1
289 78 1
68 79 1
520 79 1
138 80 1
185 80 1
82 81 1
105 81 1
223 81 1
336 81 1
395 81 1
527 81 1
554 81 1
833 81 1
81 82 1
119 83 1
237 83 1
463 83 1
464 83 1
466 83 1
71 84 1
235 84 2
348 84 1
352 84 1
86 85 1
101 85 1
102 85 1
85 86 1
101 86 1
102 86 2
211 86 1
764 86 1
88 87 1
89 87 1
685 87 1
87 88 1
89 88 1
685 88 1
87 89 1
88 89 1
685 89 1
103 90 2
209 90 1
465 90 1
540 90 1
541 90 1
732 90 1
544 91 1
545 91 1
11 92 1
129 92 1
528 92 1
94 93 1
95 93 1
93 94 1
95 94 1
93 95 1
94 95 1
628 96 1
40 97 1
99 98 2
378 98 1
98 99 2
378 99 1
634 100 1
635 100 1
85 101 1
86 101 1
102 101 1
85 102 1
86 102 2
101 102 1
714 102 1
764 102 1
90 103 2
540 103 1
648 103 1
649 103 1
732 103 1
180 104 1
81 105 1
246 106 1
141 107 2
431 107 1
435 107 1
555 107 1
192 108 1
218 108 1
371 109 1
6 110 1
276 110 1
403 110 1
286 111 1
347 111 1
399 111 1
400 111 1
801 111 1
175 112 1
269 112 1
279 112 1
158 113 1
76 114 1
451 114 1
703 114 1
704 114 1
762 114 1
51 115 1
735 115 1
494 116 1
151 117 1
132 118 1
273 118 1
482 118 1
483 118 1
83 119 1
464 119 1
42 120 1
526 120 1
613 120 1
772 120 1
281 121 1
282 121 1
638 121 1
639 121 1
640 121 1
9 122 1
161 122 1
567 122 1
131 123 1
157 123 1
323 124 1
158 125 1
643 125 1
57 126 1
7 127 1
154 127 1
184 128 3
302 128 1
678 128 1
10 129 1
11 129 4
21 129 1
92 129 1
528 129 2
52 130 1
123 131 1
189 131 1
402 131 1
118 132 1
273 132 1
482 132 1
483 132 1
74 133 1
369 134 1
612 134 1
661 134 1
63 135 1
255 135 1
268 135 1
558 135 1
581 135 1
582 135 1
583 135 1
617 135 1
415 136 2
576 136 1
298 137 1
335 137 1
572 137 1
80 138 1
159 138 1
185 138 1
423 138 1
669 138 1
670 138 1
809 138 1
894 138 1
291 139 1
802 139 1
803 139 1
171 140 1
390 140 1
766 140 2
856 140 1
857 140 1
873 140 1
874 140 1
107 141 2
431 141 1
435 141 1
555 141 1
209 142 1
433 142 1
888 142 1
889 142 1
185 143 1
257 144 1
738 145 1
739 145 1
173 146 1
568 147 1
179 148 1
565 148 2
637 148 1
164 149 1
160 150 1
182 150 1
260 150 1
117 151 1
481 152 1
505 153 1
7 154 1
127 154 1
184 155 1
243 155 1
521 155 1
170 156 1
355 156 1
390 156 1
394 156 1
397 156 1
646 156 1
740 156 1
811 156 1
813 156 1
814 156 1
42 157 1
123 157 1
392 157 1
609 157 1
614 157 1
615 157 1
616 157 1
113 158 1
125 158 1
181 158 2
190 158 1
267 158 1
284 158 1
643 158 1
138 159 1
809 159 1
150 160 1
182 160 1
260 160 1
9 161 1
122 161 1
567 161 1
449 162 1
450 162 1
823 163 1
149 164 1
322 164 1
595 164 1
644 164 1
645 164 1
46 165 1
552 165 1
844 166 1
845 166 1
849 166 1
708 167 1
38 168 1
321 168 2
344 168 1
412 168 5
435 168 1
569 168 1
570 168 1
571 168 1
729 168 1
763 168 1
872 168 1
895 168 1
654 169 1
655 169 1
156 170 1
811 170 1
140 171 1
856 171 1
857 171 1
262 172 1
360 172 1
361 172 1
362 172 1
364 172 1
365 172 1
370 172 1
418 172 1
419 172 2
420 172 1
468 172 1
542 172 1
543 172 1
146 173 1
174 173 1
173 174 1
112 175 1
269 175 1
279 175 1
226 176 1
26 177 1
214 177 1
514 177 1
515 177 1
516 177 1
664 178 1
148 179 1
104 180 1
158 181 2
150 182 1
160 182 1
260 182 1
566 183 1
128 184 3
155 184 1
205 184 1
243 184 1
302 184 1
521 184 1
678 184 1
80 185 1
138 185 1
143 185 1
421 185 1
484 185 1
487 185 1
488 185 1
744 186 1
200 187 1
701 187 1
344 188 1
434 188 1
834 188 1
835 188 1
131 189 1
402 189 1
158 190 1
203 190 2
794 190 2
892 190 1
893 190 1
207 191 2
773 191 1
108 192 1
218 192 1
209 193 1
863 193 1
633 194 1
694 194 1
737 194 1
411 195 1
689 195 1
197 196 1
198 196 2
201 196 2
203 196 1
230 196 2
404 196 1
409 196 1
503 196 1
718 196 1
745 196 1
760 196 1
825 196 1
830 196 1
831 196 1
196 197 1
196 198 2
201 198 1
203 198 1
404 198 1
745 198 1
200 199 1
242 199 1
413 199 1
422 199 1
187 200 1
199 200 1
413 200 1
701 200 1
196 201 2
198 201 1
404 201 1
503 201 1
343 202 1
190 203 2
196 203 1
198 203 1
745 203 1
794 203 2
892 203 1
893 203 1
754 204 1
755 204 1
184 205 1
349 206 1
191 207 2
773 207 1
324 208 1
344 208 1
465 208 1
577 208 1
765 208 1
90 209 1
142 209 1
193 209 1
433 209 1
465 209 1
863 209 1
888 209 1
889 209 1
251 210 1
887 210 1
86 211 1
213 212 3
495 212 3
212 213 3
495 213 3
854 213 1
177 214 1
342 215 2
524 216 1
793 217 1
108 218 1
192 218 1
553 219 1
432 220 1
816 220 2
826 220 1
896 220 1
709 221 1
5 222 1
862 222 1
81 223 1
336 223 1
792 224 1
275 225 1
176 226 1
228 227 1
227 228 1
65 229 1
310 229 1
623 229 1
196 230 2
624 230 1
760 230 1
830 230 1
831 230 1
881 231 1
882 231 1
883 231 1
465 232 1
465 233 1
815 233 1
344 234 2
626 234 1
71 235 1
84 235 2
352 235 1
593 235 1
837 235 1
838 235 1
796 236 1
797 236 1
83 237 1
466 237 1
329 238 1
596 238 1
20 239 2
346 239 2
241 240 1
240 241 1
199 242 1
422 242 1
155 243 1
184 243 1
521 243 1
556 243 1
55 244 1
622 245 1
106 246 1
480 247 1
609 248 1
610 248 1
611 248 1
612 248 1
613 248 1
465 249 1
517 249 1
658 250 1
659 250 1
210 251 1
887 251 1
506 252 1
517 253 1
258 254 1
135 255 1
558 255 1
859 255 1
8 256 1
736 256 1
144 257 1
254 258 1
27 259 1
299 259 1
641 259 1
642 259 1
680 259 1
150 260 1
160 260 1
182 260 1
34 261 1
283 261 1
312 261 1
359 261 1
519 261 1
730 261 1
172 262 1
360 262 1
361 262 1
362 262 1
364 262 2
365 262 2
370 262 1
440 262 1
542 262 1
543 262 1
368 263 1
390 263 2
469 263 2
280 264 1
443 264 1
444 264 2
266 265 1
265 266 1
712 266 1
713 266 1
158 267 1
284 267 1
63 268 1
135 268 1
112 269 1
175 269 1
279 269 1
60 270 1
560 270 1
561 270 1
77 271 1
287 271 1
290 271 1
43 272 1
118 273 1
132 273 1
482 273 1
483 273 1
33 274 1
34 274 1
225 275 1
6 276 2
110 276 1
352 276 1
403 276 1
693 277 1
675 278 1
112 279 1
175 279 1
269 279 1
264 280 1
443 280 1
444 280 1
121 281 1
282 281 1
121 282 1
281 282 1
261 283 1
312 283 1
730 283 1
158 284 1
267 284 1
286 285 1
292 285 1
293 285 1
332 285 1
59 286 1
111 286 1
285 286 1
801 286 1
77 287 1
271 287 1
290 287 1
606 288 1
78 289 1
77 290 1
271 290 1
287 290 1
139 291 1
802 291 2
803 291 1
890 291 1
59 292 1
285 292 1
293 292 1
332 292 2
636 292 1
285 293 1
292 293 1
332 293 1
1 294 1
29 294 1
334 294 1
843 294 1
696 295 1
302 296 1
309 297 1
137 298 1
311 298 1
335 298 1
350 298 1
387 298 1
465 298 1
470 298 1
471 298 2
472 298 1
572 298 1
767 298 1
27 299 1
259 299 1
641 299 1
642 299 1
559 300 1
303 301 1
400 301 1
408 301 1
128 302 1
184 302 1
296 302 1
301 303 1
400 303 2
408 303 2
761 303 1
306 304 1
307 304 1
308 304 1
317 304 1
855 304 1
306 305 1
307 305 1
308 305 1
318 305 1
790 305 1
304 306 1
305 306 1
307 306 2
308 306 2
317 306 1
318 306 1
790 306 1
855 306 1
304 307 1
305 307 1
306 307 2
308 307 2
317 307 1
318 307 1
790 307 1
855 307 1
71 308 2
304 308 1
305 308 1
306 308 2
307 308 2
317 308 1
318 308 3
790 308 1
855 308 1
297 309 1
318 309 1
65 310 1
229 310 1
623 310 1
298 311 1
261 312 1
283 312 1
730 312 1
733 313 1
734 313 1
382 314 1
774 314 1
47 315 1
407 315 1
37 316 1
366 316 1
304 317 1
306 317 1
307 317 1
308 317 1
855 317 1
71 318 2
305 318 1
306 318 1
307 318 1
308 318 3
309 318 1
790 318 1
320 319 1
319 320 1
168 321 2
344 321 1
412 321 2
763 321 1
872 321 1
164 322 1
353 322 1
456 322 1
645 322 1
671 322 1
672 322 1
673 322 1
674 322 1
124 323 1
341 323 1
497 323 1
208 324 1
344 324 1
465 324 1
577 324 2
578 324 1
765 324 1
66 325 1
824 325 1
327 326 1
535 326 1
326 327 1
535 327 1
586 328 1
587 328 1
588 328 1
605 328 1
727 328 1
728 328 1
238 329 1
596 329 1
331 330 1
812 330 1
330 331 1
812 331 1
285 332 1
292 332 2
293 332 1
38 333 1
44 333 1
1 334 1
29 334 1
294 334 1
843 334 1
137 335 1
298 335 1
354 335 1
572 335 1
684 335 1
81 336 1
223 336 1
460 337 1
461 337 1
414 338 1
517 338 1
697 338 1
698 338 1
699 338 1
654 339 1
655 339 1
45 340 1
820 340 1
821 340 1
323 341 1
497 341 1
215 342 2
202 343 1
47 344 1
168 344 1
188 344 1
208 344 1
234 344 2
321 344 1
324 344 1
396 344 1
412 344 1
434 344 1
465 344 2
551 344 1
577 344 1
626 344 1
679 344 1
765 344 1
834 344 1
835 344 1
872 344 1
517 345 1
20 346 2
239 346 2
111 347 1
399 347 1
400 347 1
84 348 1
206 349 1
298 350 1
387 350 1
767 350 1
32 351 1
6 352 1
84 352 1
235 352 1
276 352 1
322 353 1
671 353 1
672 353 1
673 353 1
674 353 1
335 354 1
684 354 1
156 355 1
390 355 1
452 356 1
358 357 2
557 357 1
357 358 2
557 358 1
261 359 1
172 360 1
262 360 1
361 360 1
362 360 1
364 360 1
365 360 1
370 360 1
542 360 1
543 360 1
172 361 1
262 361 1
360 361 1
362 361 1
364 361 1
365 361 1
370 361 1
542 361 1
543 361 1
172 362 1
262 362 1
360 362 1
361 362 1
364 362 1
365 362 1
370 362 1
542 362 1
543 362 1
666 363 1
172 364 1
262 364 2
360 364 1
361 364 1
362 364 1
365 364 2
370 364 1
440 364 1
542 364 1
543 364 1
172 365 1
262 365 2
360 365 1
361 365 1
362 365 1
364 365 2
370 365 1
440 365 1
542 365 1
543 365 1
37 366 1
316 366 1
426 367 1
263 368 1
390 368 1
469 368 1
134 369 1
612 369 1
661 369 1
172 370 1
262 370 1
360 370 1
361 370 1
362 370 1
364 370 1
365 370 1
542 370 1
543 370 1
109 371 1
398 372 1
589 373 1
590 373 1
604 374 1
715 374 1
716 374 1
377 375 1
525 375 1
682 376 1
683 376 1
375 377 1
525 377 1
98 378 1
99 378 1
380 379 1
507 379 1
508 379 1
379 380 1
507 380 1
508 380 1
14 381 1
478 381 1
314 382 1
774 382 1
448 383 1
396 384 1
2 385 1
420 386 1
298 387 1
350 387 1
767 387 1
460 388 1
777 388 1
778 388 1
779 388 1
780 388 1
781 388 1
782 388 1
783 388 1
784 388 1
785 388 1
795 389 1
30 390 1
140 390 1
156 390 1
263 390 2
355 390 1
368 390 1
396 390 1
398 390 1
408 390 1
469 390 3
748 390 1
719 391 1
42 392 1
157 392 1
609 392 1
614 392 1
615 392 1
616 392 1
66 393 1
67 393 1
156 394 1
81 395 1
8 396 1
344 396 1
384 396 1
390 396 1
398 396 2
442 396 1
454 396 1
551 396 1
625 396 1
156 397 1
740 397 1
372 398 1
390 398 1
396 398 2
111 399 1
347 399 1
400 399 1
111 400 1
301 400 1
303 400 2
347 400 1
399 400 1
401 400 1
408 400 3
518 400 1
761 400 1
400 401 1
131 402 1
189 402 1
6 403 1
110 403 1
276 403 1
196 404 1
198 404 1
201 404 1
61 405 1
406 405 1
465 405 1
579 405 1
405 406 1
465 406 1
47 407 3
315 407 1
30 408 1
301 408 1
303 408 2
390 408 1
400 408 3
518 408 1
761 408 1
196 409 1
825 409 1
865 409 1
866 409 1
561 410 1
677 410 1
195 411 1
689 411 1
38 412 1
168 412 5
321 412 2
344 412 1
427 412 1
435 412 1
569 412 1
570 412 1
571 412 1
729 412 1
763 412 1
872 412 1
895 412 1
199 413 1
200 413 1
870 413 1
871 413 1
338 414 1
517 414 1
697 414 1
698 414 1
699 414 1
136 415 2
600 415 1
817 416 1
818 416 1
819 416 1
430 417 1
809 417 1
810 417 1
172 418 1
419 418 1
420 418 1
630 418 1
172 419 2
418 419 1
420 419 1
172 420 1
386 420 1
418 420 1
419 420 1
185 421 1
484 421 1
199 422 1
242 422 1
138 423 1
669 423 1
670 423 1
438 424 1
439 424 1
632 425 1
367 426 1
412 427 1
686 428 1
687 428 1
688 428 1
4 429 1
829 429 1
417 430 1
809 430 1
810 430 1
107 431 1
141 431 1
220 432 1
816 432 1
142 433 1
209 433 1
888 433 1
889 433 1
188 434 1
344 434 1
523 434 1
834 434 1
835 434 1
38 435 1
107 435 1
141 435 1
168 435 1
412 435 1
555 435 1
895 435 1
437 436 1
650 436 1
651 436 1
777 436 1
858 436 1
436 437 1
424 438 1
439 438 1
424 439 1
438 439 1
262 440 1
364 440 1
365 440 1
68 441 1
396 442 1
264 443 1
280 443 1
444 443 1
264 444 2
280 444 1
443 444 1
446 445 1
447 445 1
445 446 1
447 446 1
445 447 1
446 447 1
383 448 1
162 449 1
450 449 1
162 450 1
449 450 1
114 451 1
356 452 1
3 453 1
4 453 1
455 453 1
396 454 1
3 455 1
453 455 1
322 456 1
457 456 1
458 456 1
459 456 3
462 456 1
791 456 1
456 457 1
458 457 1
459 457 1
456 458 1
457 458 1
459 458 1
456 459 3
457 459 1
458 459 1
462 459 1
791 459 1
337 460 1
388 460 1
461 460 1
777 460 1
778 460 1
779 460 1
780 460 1
781 460 1
782 460 1
783 460 1
784 460 1
785 460 1
337 461 1
460 461 1
456 462 1
459 462 1
83 463 1
83 464 1
119 464 1
47 465 2
90 465 1
208 465 1
209 465 1
232 465 1
233 465 1
249 465 1
298 465 1
324 465 1
344 465 2
405 465 1
406 465 1
471 465 1
517 465 1
522 465 1
577 465 1
746 465 1
747 465 1
765 465 1
815 465 1
83 466 1
237 466 1
468 467 1
172 468 1
467 468 1
263 469 2
368 469 1
390 469 3
702 469 1
832 469 1
836 469 1
841 469 1
842 469 1
298 470 1
471 470 1
472 470 1
298 471 2
465 471 1
470 471 1
472 471 1
298 472 1
470 472 1
471 472 1
474 473 1
475 473 1
476 473 1
477 473 1
478 473 1
479 473 1
473 474 1
475 474 1
476 474 1
477 474 1
478 474 1
479 474 1
473 475 1
474 475 1
476 475 1
477 475 1
478 475 1
479 475 1
473 476 1
474 476 1
475 476 1
477 476 1
478 476 1
479 476 1
473 477 1
474 477 1
475 477 1
476 477 1
478 477 1
479 477 1
14 478 1
381 478 1
473 478 1
474 478 1
475 478 1
476 478 1
477 478 1
479 478 1
473 479 1
474 479 1
475 479 1
476 479 1
477 479 1
478 479 1
247 480 1
152 481 1
118 482 1
132 482 1
273 482 1
483 482 1
118 483 1
132 483 1
273 483 1
482 483 1
185 484 1
421 484 1
58 485 1
486 485 1
58 486 1
485 486 1
185 487 1
488 487 1
185 488 1
487 488 1
490 489 1
491 489 1
489 490 1
491 490 1
489 491 1
490 491 1
493 492 1
492 493 1
116 494 1
212 495 3
213 495 3
854 495 1
12 496 1
323 497 1
341 497 1
499 498 1
500 498 1
498 499 1
500 499 1
627 499 1
498 500 1
499 500 1
502 501 1
501 502 1
196 503 1
201 503 1
31 504 1
153 505 1
252 506 1
379 507 1
380 507 1
508 507 1
379 508 1
380 508 1
507 508 1
510 509 1
511 509 1
512 509 1
513 509 1
509 510 1
511 510 1
512 510 1
513 510 1
509 511 1
510 511 1
512 511 1
513 511 1
509 512 1
510 512 1
511 512 1
513 512 1
509 513 1
510 513 1
511 513 1
512 513 1
26 514 1
177 514 1
515 514 1
516 514 1
26 515 1
177 515 1
514 515 1
516 515 1
26 516 2
177 516 1
514 516 1
515 516 1
249 517 1
253 517 1
338 517 1
345 517 1
414 517 1
465 517 1
697 517 1
698 517 1
699 517 1
400 518 1
408 518 1
261 519 1
68 520 1
79 520 1
155 521 1
184 521 1
243 521 1
47 522 1
465 522 1
434 523 1
216 524 1
375 525 1
377 525 1
120 526 1
81 527 1
10 528 1
11 528 2
92 528 1
129 528 2
530 529 1
531 529 1
532 529 1
533 529 1
534 529 1
529 530 1
531 530 1
532 530 1
533 530 1
534 530 1
529 531 1
530 531 1
532 531 1
533 531 1
534 531 1
529 532 1
530 532 1
531 532 1
533 532 1
534 532 1
529 533 1
530 533 1
531 533 1
532 533 1
534 533 1
529 534 1
530 534 1
531 534 1
532 534 1
533 534 1
326 535 1
327 535 1
537 536 1
536 537 1
69 538 1
539 538 1
69 539 1
538 539 1
631 539 1
90 540 1
103 540 1
90 541 1
172 542 1
262 542 1
360 542 1
361 542 1
362 542 1
364 542 1
365 542 1
370 542 1
543 542 1
172 543 1
262 543 1
360 543 1
361 543 1
362 543 1
364 543 1
365 543 1
370 543 1
542 543 1
91 544 1
545 544 1
91 545 1
544 545 1
547 546 1
546 547 1
549 548 1
550 548 1
548 549 1
550 549 1
548 550 1
549 550 1
344 551 1
396 551 1
46 552 1
165 552 1
219 553 1
81 554 1
107 555 1
141 555 1
435 555 1
556 555 1
243 556 1
555 556 1
357 557 1
358 557 1
135 558 1
255 558 1
300 559 1
60 560 1
270 560 1
561 560 1
39 561 1
60 561 1
270 561 1
410 561 1
560 561 1
609 561 1
677 561 1
891 561 1
563 562 1
564 562 1
629 562 1
562 563 1
564 563 1
562 564 1
563 564 1
148 565 2
637 565 1
183 566 1
9 567 1
122 567 1
161 567 1
147 568 1
168 569 1
412 569 1
570 569 1
571 569 1
168 570 1
412 570 1
569 570 1
571 570 1
168 571 1
412 571 1
569 571 1
570 571 1
137 572 1
298 572 1
335 572 1
573 572 1
574 572 1
572 573 1
574 573 1
572 574 1
573 574 1
70 575 1
136 576 1
208 577 1
324 577 2
344 577 1
465 577 1
578 577 1
765 577 1
324 578 1
577 578 1
405 579 1
48 580 1
135 581 1
582 581 1
583 581 1
135 582 1
581 582 1
583 582 1
135 583 1
581 583 1
582 583 1
585 584 1
584 585 1
328 586 1
587 586 1
588 586 1
328 587 1
586 587 1
588 587 1
328 588 1
586 588 1
587 588 1
373 589 1
590 589 1
373 590 1
589 590 1
22 591 1
592 591 1
22 592 1
591 592 1
235 593 1
17 594 1
18 594 2
681 594 1
164 595 1
238 596 1
329 596 1
598 597 1
597 598 1
28 599 1
415 600 1
602 601 1
601 602 1
604 603 1
374 604 1
603 604 1
715 604 1
716 604 1
328 605 1
288 606 1
608 607 1
607 608 1
42 609 1
157 609 1
248 609 1
392 609 1
561 609 1
610 609 1
611 609 1
612 609 1
613 609 1
614 609 1
615 609 1
616 609 1
644 609 1
248 610 1
609 610 1
611 610 1
612 610 1
613 610 1
248 611 1
609 611 1
610 611 1
612 611 1
613 611 1
134 612 1
248 612 1
369 612 1
609 612 1
610 612 1
611 612 1
613 612 1
661 612 1
120 613 1
248 613 1
609 613 1
610 613 1
611 613 1
612 613 1
772 613 1
42 614 1
157 614 1
392 614 1
609 614 1
615 614 1
616 614 1
42 615 1
157 615 1
392 615 1
609 615 1
614 615 1
616 615 1
42 616 1
157 616 1
392 616 1
609 616 1
614 616 1
615 616 1
135 617 1
619 618 1
618 619 1
621 620 1
620 621 1
245 622 1
65 623 1
229 623 1
310 623 1
230 624 1
8 625 1
396 625 1
234 626 1
344 626 1
499 627 1
96 628 1
562 629 1
418 630 1
539 631 1
425 632 1
194 633 1
100 634 1
635 634 1
100 635 1
634 635 1
59 636 1
292 636 1
148 637 1
565 637 1
121 638 1
639 638 1
640 638 1
121 639 1
638 639 1
640 639 1
121 640 1
638 640 1
639 640 1
27 641 1
259 641 1
299 641 1
642 641 1
27 642 1
259 642 1
299 642 1
641 642 1
125 643 1
158 643 1
164 644 1
609 644 1
164 645 1
322 645 1
156 646 1
24 647 1
103 648 1
649 648 1
103 649 1
648 649 1
436 650 1
651 650 1
436 651 1
650 651 1
653 652 1
652 653 1
169 654 1
339 654 1
655 654 3
169 655 1
339 655 1
654 655 3
684 655 1
657 656 1
656 657 1
250 658 1
659 658 1
250 659 1
658 659 1
41 660 1
134 661 1
369 661 1
612 661 1
73 662 1
663 662 1
73 663 1
662 663 1
178 664 1
54 665 1
75 665 1
363 666 1
668 667 1
667 668 1
138 669 1
423 669 1
670 669 1
138 670 1
423 670 1
669 670 1
322 671 1
353 671 1
672 671 1
673 671 1
674 671 1
322 672 1
353 672 1
671 672 1
673 672 1
674 672 1
322 673 1
353 673 1
671 673 1
672 673 1
674 673 1
322 674 1
353 674 1
671 674 1
672 674 1
673 674 1
278 675 1
37 676 1
410 677 1
561 677 1
128 678 1
184 678 1
344 679 1
259 680 1
17 681 1
18 681 1
594 681 1
376 682 1
683 682 1
376 683 1
682 683 1
335 684 1
354 684 1
655 684 1
87 685 1
88 685 1
89 685 1
428 686 1
687 686 1
688 686 1
428 687 1
686 687 1
688 687 1
428 688 1
686 688 1
687 688 1
195 689 1
411 689 1
25 690 1
56 690 1
692 691 1
691 692 1
277 693 1
194 694 1
695 694 1
694 695 1
295 696 1
338 697 1
414 697 1
517 697 1
698 697 1
699 697 1
338 698 1
414 698 1
517 698 1
697 698 1
699 698 1
338 699 1
414 699 1
517 699 1
697 699 1
698 699 1
23 700 1
187 701 1
200 701 1
469 702 1
76 703 2
114 703 1
704 703 2
705 703 1
76 704 2
114 704 1
703 704 2
705 704 1
726 704 1
750 704 1
850 704 1
76 705 1
703 705 1
704 705 1
707 706 1
706 707 1
167 708 1
221 709 1
711 710 1
710 711 1
266 712 1
713 712 1
266 713 1
712 713 1
102 714 1
374 715 1
604 715 1
716 715 1
374 716 1
604 716 1
715 716 1
53 717 1
196 718 1
391 719 1
721 720 1
722 720 1
723 720 1
724 720 1
725 720 1
726 720 1
720 721 1
722 721 1
723 721 1
724 721 1
725 721 1
720 722 1
721 722 1
723 722 1
724 722 1
725 722 1
726 722 1
749 722 1
750 722 1
751 722 1
720 723 1
721 723 1
722 723 1
724 723 1
725 723 1
720 724 1
721 724 1
722 724 1
723 724 1
725 724 1
720 725 1
721 725 1
722 725 1
723 725 1
724 725 1
704 726 1
720 726 1
722 726 1
749 726 1
750 726 2
751 726 1
850 726 1
328 727 1
728 727 1
328 728 1
727 728 1
168 729 1
412 729 1
261 730 1
283 730 1
312 730 1
732 731 1
90 732 1
103 732 1
731 732 1
313 733 1
734 733 1
313 734 1
733 734 1
51 735 1
115 735 1
8 736 1
256 736 1
194 737 1
145 738 1
739 738 1
145 739 1
738 739 1
156 740 1
397 740 1
742 741 1
743 741 1
741 742 1
743 742 1
741 743 1
742 743 1
186 744 1
196 745 1
198 745 1
203 745 1
465 746 1
747 746 1
465 747 1
746 747 1
390 748 1
722 749 1
726 749 1
750 749 1
751 749 1
704 750 1
722 750 1
726 750 2
749 750 1
751 750 1
850 750 1
722 751 1
726 751 1
749 751 1
750 751 1
753 752 1
752 753 1
204 754 1
755 754 1
204 755 1
754 755 1
25 756 1
757 756 1
25 757 1
756 757 1
759 758 1
758 759 1
196 760 1
230 760 1
303 761 1
400 761 1
408 761 1
114 762 1
168 763 1
321 763 1
412 763 1
86 764 1
102 764 1
208 765 1
324 765 1
344 765 1
465 765 1
577 765 1
140 766 2
298 767 1
350 767 1
387 767 1
769 768 1
770 768 1
771 768 1
768 769 1
770 769 1
771 769 1
768 770 1
769 770 1
771 770 1
768 771 1
769 771 1
770 771 1
120 772 1
613 772 1
191 773 1
207 773 1
314 774 1
382 774 1
776 775 1
775 776 1
388 777 1
436 777 1
460 777 1
778 777 1
779 777 1
780 777 1
781 777 1
782 777 1
783 777 1
784 777 1
785 777 1
858 777 1
388 778 1
460 778 1
777 778 1
779 778 1
780 778 1
781 778 1
782 778 1
783 778 1
784 778 1
785 778 1
388 779 1
460 779 1
777 779 1
778 779 1
780 779 1
781 779 1
782 779 1
783 779 1
784 779 1
785 779 1
388 780 1
460 780 1
777 780 1
778 780 1
779 780 1
781 780 1
782 780 1
783 780 1
784 780 1
785 780 1
388 781 1
460 781 1
777 781 1
778 781 1
779 781 1
780 781 1
782 781 1
783 781 1
784 781 2
785 781 2
804 781 1
805 781 1
806 781 1
807 781 1
808 781 1
388 782 1
460 782 1
777 782 1
778 782 1
779 782 1
780 782 1
781 782 1
783 782 1
784 782 1
785 782 1
388 783 1
460 783 1
777 783 1
778 783 1
779 783 1
780 783 1
781 783 1
782 783 1
784 783 1
785 783 1
388 784 1
460 784 1
777 784 1
778 784 1
779 784 1
780 784 1
781 784 2
782 784 1
783 784 1
785 784 2
804 784 1
805 784 1
806 784 1
807 784 1
808 784 1
388 785 1
460 785 1
777 785 1
778 785 1
779 785 1
780 785 1
781 785 2
782 785 1
783 785 1
784 785 2
804 785 1
805 785 1
806 785 1
807 785 1
808 785 1
787 786 1
786 787 1
76 788 1
789 788 1
76 789 2
788 789 1
884 789 1
305 790 1
306 790 1
307 790 1
308 790 1
318 790 1
456 791 1
459 791 1
224 792 1
217 793 1
190 794 2
203 794 2
892 794 1
893 794 1
389 795 1
236 796 1
797 796 1
236 797 1
796 797 1
799 798 1
800 798 1
798 799 1
800 799 1
798 800 1
799 800 1
864 800 1
111 801 1
286 801 1
139 802 1
291 802 2
803 802 1
890 802 1
139 803 1
291 803 1
802 803 1
781 804 1
784 804 1
785 804 1
805 804 1
806 804 1
807 804 1
808 804 1
781 805 1
784 805 1
785 805 1
804 805 1
806 805 1
807 805 1
808 805 1
781 806 1
784 806 1
785 806 1
804 806 1
805 806 1
807 806 1
808 806 1
781 807 1
784 807 1
785 807 1
804 807 1
805 807 1
806 807 1
808 807 1
781 808 1
784 808 1
785 808 1
804 808 1
805 808 1
806 808 1
807 808 1
138 809 1
159 809 1
417 809 1
430 809 1
810 809 1
417 810 1
430 810 1
809 810 1
156 811 1
170 811 1
330 812 1
331 812 1
156 813 1
814 813 1
156 814 1
813 814 1
233 815 1
465 815 1
220 816 2
432 816 1
826 816 1
416 817 1
818 817 1
819 817 1
416 818 1
817 818 1
819 818 1
416 819 1
817 819 1
818 819 1
45 820 1
340 820 1
821 820 1
45 821 1
340 821 1
820 821 1
64 822 1
163 823 1
66 824 1
325 824 1
196 825 1
409 825 1
220 826 1
816 826 1
828 827 1
827 828 1
429 829 1
196 830 1
230 830 1
831 830 1
196 831 1
230 831 1
830 831 1
469 832 1
81 833 1
188 834 1
344 834 1
434 834 1
835 834 1
188 835 1
344 835 1
434 835 1
834 835 1
469 836 1
235 837 1
838 837 1
235 838 1
837 838 1
840 839 1
839 840 1
469 841 1
842 841 1
469 842 1
841 842 1
1 843 1
29 843 1
294 843 1
334 843 1
166 844 1
845 844 3
848 844 1
849 844 1
166 845 1
844 845 3
848 845 1
849 845 1
847 846 1
846 847 1
844 848 1
845 848 1
166 849 1
844 849 1
845 849 1
704 850 1
726 850 1
750 850 1
852 851 1
853 851 1
851 852 1
853 852 1
851 853 1
852 853 1
213 854 1
495 854 1
304 855 1
306 855 1
307 855 1
308 855 1
317 855 1
140 856 1
171 856 1
857 856 1
140 857 1
171 857 1
856 857 1
436 858 1
777 858 1
255 859 1
861 860 1
860 861 1
5 862 1
222 862 1
193 863 1
209 863 1
800 864 1
409 865 1
866 865 1
409 866 1
865 866 1
868 867 1
869 867 1
867 868 1
869 868 1
867 869 1
868 869 1
413 870 1
871 870 1
413 871 1
870 871 1
168 872 1
321 872 1
344 872 1
412 872 1
140 873 1
874 873 1
140 874 1
873 874 1
876 875 1
877 875 1
878 875 1
879 875 1
880 875 1
875 876 1
877 876 1
878 876 1
879 876 1
880 876 1
875 877 1
876 877 1
878 877 1
879 877 1
880 877 1
875 878 1
876 878 1
877 878 1
879 878 1
880 878 1
875 879 1
876 879 1
877 879 1
878 879 1
880 879 1
875 880 1
876 880 1
877 880 1
878 880 1
879 880 1
231 881 1
882 881 1
883 881 1
231 882 1
881 882 1
883 882 1
231 883 1
881 883 1
882 883 1
76 884 1
789 884 1
886 885 1
885 886 1
210 887 1
251 887 1
142 888 1
209 888 1
433 888 1
889 888 1
142 889 1
209 889 1
433 889 1
888 889 1
291 890 1
802 890 1
39 891 1
561 891 1
190 892 1
203 892 1
794 892 1
893 892 1
190 893 1
203 893 1
794 893 1
892 893 1
138 894 1
38 895 1
168 895 1
412 895 1
435 895 1
220 896 1
