17 1 1
18 1 1
96 1 1
331 2 1
332 2 2
498 2 1
1000 2 1
10 3 1
43 3 1
107 3 1
109 3 1
208 3 1
581 3 1
582 3 1
666 3 1
1098 3 1
1099 3 1
319 4 1
1079 4 1
1080 4 1
1081 4 1
1082 4 1
337 5 1
810 5 1
8 6 1
294 6 1
121 7 1
307 7 1
929 7 1
6 8 1
294 8 2
57 9 2
74 9 2
753 9 1
3 10 1
43 10 1
107 10 1
109 10 1
208 10 1
581 10 1
582 10 1
666 10 1
1098 10 1
1099 10 1
162 11 1
251 11 1
481 11 1
13 12 1
145 12 1
412 12 1
448 12 1
12 13 1
39 13 2
107 13 2
114 13 1
129 13 1
139 13 1
156 13 2
296 13 2
348 13 3
412 13 1
448 13 1
464 13 1
483 13 1
489 13 1
491 13 1
499 13 1
585 13 2
693 13 2
695 13 1
705 13 1
797 13 1
930 13 1
931 13 1
448 14 2
51 15 1
309 15 1
1063 15 1
361 16 1
1 17 1
18 17 2
32 17 1
96 17 2
98 17 1
111 17 1
172 17 1
998 17 1
1139 17 1
1 18 1
17 18 2
52 18 1
67 18 1
80 18 3
92 18 1
96 18 2
132 18 1
133 18 1
135 18 2
136 18 1
188 18 1
213 18 2
737 18 1
998 18 1
24 19 1
95 19 1
163 19 1
796 20 1
270 21 1
366 21 1
372 21 1
112 22 1
126 22 1
977 22 1
184 23 1
270 23 1
773 23 1
19 24 1
95 24 4
115 24 1
163 24 2
174 24 1
273 24 1
278 24 3
291 24 2
295 24 1
350 24 1
468 24 3
504 24 1
513 24 1
45 25 1
299 25 1
300 25 1
595 25 1
647 25 1
648 25 1
649 25 1
816 25 1
817 25 1
1041 26 1
91 27 1
379 27 1
394 27 1
395 27 1
396 27 1
917 27 1
408 28 1
607 28 1
609 28 1
875 28 1
876 28 1
254 29 1
324 29 3
405 29 1
525 29 1
801 29 1
1046 29 1
1047 29 1
575 30 2
627 30 2
741 30 1
742 30 2
743 30 1
43 31 2
209 31 1
312 31 2
329 31 2
352 31 1
486 31 1
495 31 1
507 31 2
682 31 2
996 31 1
17 32 1
111 32 1
172 32 1
41 33 1
346 33 1
479 33 1
166 34 1
362 34 1
602 34 1
95 35 2
205 35 1
603 35 1
882 35 1
1050 36 1
1051 36 1
425 37 1
104 38 1
944 38 1
13 39 2
348 39 1
489 39 1
585 39 1
695 39 1
797 39 1
522 40 1
983 40 1
33 41 1
346 41 1
479 41 1
365 42 1
375 42 1
418 42 1
987 42 1
988 42 1
989 42 1
990 42 1
3 43 1
10 43 1
31 43 2
107 43 1
109 43 1
208 43 1
209 43 1
312 43 2
329 43 2
352 43 1
486 43 1
495 43 1
507 43 2
581 43 1
582 43 1
666 43 1
682 43 2
996 43 1
1098 43 1
1099 43 1
168 44 1
376 44 1
544 44 1
641 44 1
1109 44 1
1110 44 1
1111 44 1
1112 44 1
25 45 1
299 45 2
300 45 1
595 45 1
596 45 1
647 45 2
648 45 1
649 45 2
816 45 1
817 45 1
106 46 1
687 46 1
1158 46 1
1159 46 1
807 47 1
808 47 1
412 48 1
643 48 1
792 48 1
793 48 1
56 49 2
250 49 2
217 50 1
244 50 1
1067 50 1
15 51 1
309 51 1
1063 51 1
18 52 1
80 52 1
92 52 1
271 53 1
811 53 1
998 53 1
133 54 1
258 54 1
277 54 2
505 54 1
950 54 1
165 55 1
243 55 1
313 55 1
631 55 1
49 56 2
250 56 2
9 57 2
74 57 2
753 57 1
371 58 1
727 58 1
728 58 1
729 58 1
60 59 1
61 59 1
59 60 1
61 60 2
186 60 1
199 60 1
200 60 1
59 61 1
60 61 2
186 61 1
199 61 1
200 61 1
63 62 1
62 63 1
374 64 1
599 64 1
600 64 1
626 64 1
91 65 1
138 65 1
180 65 1
985 65 1
1065 65 1
267 66 1
275 66 1
432 66 1
18 67 1
80 67 1
132 67 1
737 67 1
83 68 1
195 68 1
207 68 2
901 68 1
902 68 1
72 69 1
87 69 1
724 69 1
725 69 1
726 69 1
71 70 1
928 70 1
70 71 1
97 71 1
306 71 1
423 71 1
920 71 1
928 71 1
69 72 1
87 72 1
724 72 1
725 72 1
726 72 1
183 73 1
9 74 2
57 74 2
753 74 1
202 75 1
948 75 1
81 76 1
1075 76 1
1076 77 1
398 78 1
794 78 1
152 79 1
654 79 1
655 79 1
656 79 1
657 79 1
658 79 1
18 80 3
52 80 1
67 80 1
92 80 1
132 80 1
188 80 1
737 80 1
76 81 1
248 81 2
252 81 1
706 81 1
892 81 1
1039 81 1
1075 81 1
444 82 1
445 82 3
764 82 2
68 83 1
207 83 1
901 83 1
902 83 1
297 84 1
298 84 1
1066 84 1
93 85 2
97 85 1
721 85 2
722 85 2
723 85 2
284 86 1
488 86 1
512 86 1
613 86 1
903 86 1
69 87 1
72 87 1
724 87 1
725 87 1
726 87 1
89 88 1
90 88 1
91 88 1
88 89 1
90 89 1
91 89 1
231 89 1
88 90 1
89 90 1
91 90 1
27 91 1
65 91 1
88 91 1
89 91 1
90 91 1
138 91 1
180 91 1
379 91 1
395 91 1
789 91 1
790 91 1
917 91 1
1065 91 1
18 92 1
52 92 1
80 92 1
85 93 2
97 93 1
722 93 1
787 94 1
788 94 1
19 95 1
24 95 4
35 95 2
107 95 1
111 95 4
116 95 2
163 95 2
164 95 1
177 95 1
205 95 1
218 95 1
265 95 1
273 95 1
274 95 1
278 95 4
279 95 1
350 95 1
437 95 2
504 95 1
506 95 2
566 95 2
603 95 1
661 95 1
702 95 2
844 95 1
882 95 2
1 96 1
17 96 2
18 96 2
998 96 1
71 97 1
85 97 1
93 97 1
306 97 1
722 97 1
17 98 1
1139 98 1
100 99 1
101 99 1
99 100 1
101 100 1
99 101 1
100 101 1
339 102 1
407 102 1
606 102 1
976 102 1
1124 103 2
38 104 1
944 104 1
247 105 2
572 105 1
605 105 1
646 105 1
46 106 1
687 106 1
1158 106 1
1159 106 1
3 107 1
10 107 1
13 107 2
43 107 1
95 107 1
109 107 1
156 107 2
164 107 1
208 107 1
296 107 3
449 107 1
487 107 1
535 107 1
570 107 1
581 107 1
582 107 3
588 107 2
666 107 1
1098 107 1
1099 107 1
194 108 1
220 108 1
545 108 1
554 108 1
652 108 1
689 108 1
960 108 1
961 108 1
962 108 1
963 108 1
964 108 1
965 108 1
3 109 1
10 109 1
43 109 1
107 109 1
208 109 1
581 109 1
582 109 1
666 109 1
1098 109 1
1099 109 1
288 110 1
17 111 1
32 111 1
95 111 4
116 111 5
154 111 4
172 111 4
177 111 1
197 111 1
198 111 1
274 111 1
284 111 2
416 111 1
419 111 2
437 111 1
460 111 2
527 111 1
629 111 1
630 111 1
809 111 1
882 111 1
1001 111 2
1064 111 1
22 112 1
126 112 1
977 112 1
414 113 1
1073 113 1
13 114 1
348 114 1
499 114 1
585 114 1
930 114 1
931 114 1
24 115 1
291 115 1
468 115 1
95 116 2
111 116 5
166 116 1
170 116 1
177 116 1
197 116 1
198 116 1
274 116 1
284 116 1
416 116 1
419 116 2
437 116 1
527 116 1
629 116 1
630 116 1
690 116 1
809 116 1
1001 116 1
249 117 1
284 117 1
488 117 1
434 118 1
553 118 1
1148 118 1
1149 118 1
1150 118 1
1151 118 1
660 119 1
589 120 1
829 120 1
830 120 1
7 121 1
307 121 1
929 121 1
461 122 2
859 122 2
168 123 2
368 123 2
766 123 2
832 123 2
833 123 2
290 124 1
536 124 1
700 124 1
127 125 1
151 125 1
584 125 1
22 126 1
112 126 1
977 126 1
125 127 1
151 127 1
584 127 1
311 128 1
13 129 1
348 129 1
491 129 1
693 129 1
705 129 1
172 130 1
175 130 1
202 130 1
203 130 1
219 130 1
232 130 1
234 130 1
246 130 1
247 130 1
614 130 1
854 130 1
855 130 1
192 131 1
224 131 1
225 131 1
226 131 1
863 131 1
18 132 1
67 132 1
80 132 1
135 132 1
136 132 1
168 132 1
169 132 1
234 132 1
374 132 1
376 132 1
737 132 1
744 132 1
833 132 1
954 132 1
955 132 1
18 133 1
54 133 1
135 133 3
136 133 1
213 133 1
258 133 1
277 133 1
529 133 1
586 133 1
771 133 1
950 133 1
145 134 1
172 134 1
18 135 2
132 135 1
133 135 3
136 135 2
213 135 2
529 135 1
586 135 1
744 135 1
771 135 1
18 136 1
132 136 1
133 136 1
135 136 2
213 136 1
744 136 1
524 137 1
1097 137 1
65 138 1
91 138 1
180 138 1
1065 138 1
13 139 1
464 139 1
483 139 1
754 140 1
152 141 1
646 141 1
150 142 1
152 142 1
516 142 1
646 142 1
675 142 1
681 142 1
836 142 1
146 143 1
991 143 1
992 143 1
993 143 1
280 144 2
515 144 2
557 144 2
615 144 2
704 144 2
708 144 2
709 144 2
1013 144 2
1014 144 2
1015 144 2
12 145 1
134 145 1
172 145 2
143 146 1
991 146 1
992 146 1
993 146 1
151 147 1
624 147 1
637 147 1
345 148 1
435 149 1
747 149 1
142 150 1
516 150 1
681 150 1
836 150 1
125 151 1
127 151 1
147 151 1
429 151 1
430 151 1
584 151 1
624 151 1
637 151 1
79 152 1
141 152 1
142 152 1
299 152 1
348 152 4
412 152 1
526 152 1
527 152 1
565 152 2
576 152 2
593 152 2
618 152 1
625 152 2
633 152 1
642 152 1
646 152 8
654 152 3
655 152 1
656 152 1
657 152 1
658 152 1
675 152 4
676 152 2
677 152 3
681 152 1
684 152 3
734 152 1
735 152 1
739 152 1
804 152 1
921 152 1
160 153 1
111 154 4
172 154 3
284 154 1
460 154 1
1001 154 2
1064 154 1
159 155 1
178 155 1
13 156 2
107 156 2
296 156 2
187 157 1
421 157 1
755 157 1
159 158 1
163 158 1
155 159 1
158 159 1
163 159 1
178 159 1
446 159 1
966 159 1
967 159 1
968 159 1
153 160 1
177 160 1
262 160 1
349 161 1
665 161 1
858 161 1
11 162 1
179 162 1
270 162 1
387 162 1
401 162 1
481 162 1
597 162 1
661 162 1
773 162 1
976 162 1
19 163 1
24 163 2
95 163 2
158 163 1
159 163 1
278 163 1
95 164 1
107 164 1
169 164 2
241 164 1
242 164 1
378 164 1
632 164 1
879 164 1
880 164 1
906 164 1
55 165 1
243 165 5
255 165 1
313 165 3
318 165 2
333 165 1
334 165 2
364 165 1
377 165 1
381 165 1
631 165 1
864 165 1
1040 165 1
34 166 1
116 166 1
170 166 1
189 166 1
362 166 1
602 166 1
653 166 1
690 166 2
347 167 1
44 168 1
123 168 2
132 168 1
169 168 1
234 168 1
368 168 2
376 168 2
544 168 1
641 168 1
766 168 2
832 168 2
833 168 3
1109 168 1
1110 168 1
1111 168 1
1112 168 1
132 169 1
164 169 2
168 169 1
234 169 1
376 169 1
378 169 1
833 169 1
906 169 1
116 170 1
166 170 1
690 170 1
173 171 1
430 171 1
431 171 2
466 171 1
685 171 1
999 171 1
17 172 1
32 172 1
111 172 4
130 172 1
134 172 1
145 172 2
154 172 3
175 172 1
202 172 2
203 172 1
219 172 1
232 172 1
234 172 1
246 172 1
247 172 3
424 172 1
604 172 1
605 172 1
606 172 1
614 172 1
769 172 1
854 172 1
855 172 1
1001 172 2
1064 172 1
171 173 1
431 173 1
466 173 1
685 173 1
999 173 1
24 174 1
468 174 1
130 175 1
172 175 1
202 175 1
203 175 1
219 175 1
232 175 1
234 175 1
246 175 1
247 175 1
614 175 1
854 175 1
855 175 1
1133 176 1
1134 176 1
95 177 1
111 177 1
116 177 1
160 177 1
262 177 1
274 177 1
155 178 1
159 178 1
162 179 1
976 179 1
65 180 1
91 180 1
138 180 1
1065 180 1
221 181 1
587 181 1
216 182 1
73 183 1
23 184 1
270 184 1
773 184 1
322 185 1
358 185 1
60 186 1
61 186 1
199 186 1
200 186 1
157 187 1
421 187 1
755 187 1
18 188 1
80 188 1
166 189 1
535 190 1
664 190 1
1103 190 1
974 191 1
975 191 1
131 192 1
224 192 1
225 192 1
226 192 1
227 192 1
228 192 1
236 192 1
863 192 1
591 193 1
686 193 1
108 194 1
220 194 2
545 194 1
554 194 1
555 194 1
556 194 1
652 194 2
689 194 2
960 194 1
961 194 1
962 194 1
963 194 1
964 194 1
965 194 1
68 195 1
207 195 1
594 195 1
639 195 1
861 195 1
404 196 1
569 196 2
573 196 1
574 196 1
783 196 1
784 196 1
785 196 1
111 197 1
116 197 1
198 197 1
419 197 1
111 198 1
116 198 1
197 198 1
419 198 1
60 199 1
61 199 1
186 199 1
200 199 1
60 200 1
61 200 1
186 200 1
199 200 1
202 201 1
476 201 1
818 201 1
819 201 1
820 201 1
75 202 1
130 202 1
172 202 2
175 202 1
201 202 1
203 202 2
219 202 1
232 202 1
234 202 1
246 202 1
247 202 2
424 202 1
474 202 3
476 202 3
614 202 1
769 202 1
818 202 1
819 202 1
820 202 2
854 202 1
855 202 1
948 202 1
995 202 1
130 203 1
172 203 1
175 203 1
202 203 2
219 203 2
232 203 1
234 203 1
246 203 1
247 203 1
474 203 1
614 203 1
820 203 1
854 203 1
855 203 1
995 203 1
1113 204 1
1114 204 1
1115 204 1
1116 204 1
35 205 1
95 205 1
360 206 1
383 206 1
68 207 2
83 207 1
195 207 1
901 207 1
902 207 1
3 208 1
10 208 1
43 208 1
107 208 1
109 208 1
581 208 1
582 208 1
666 208 1
1098 208 1
1099 208 1
31 209 1
43 209 1
270 209 1
312 209 1
329 209 1
507 209 1
682 209 1
996 209 1
211 210 1
305 210 1
894 210 1
210 211 1
305 211 1
894 211 1
719 212 1
18 213 2
133 213 1
135 213 2
136 213 1
373 214 1
1140 214 1
470 215 1
182 216 1
50 217 1
244 217 1
1067 217 1
95 218 1
279 218 1
437 218 1
130 219 1
172 219 1
175 219 1
202 219 1
203 219 2
232 219 2
233 219 1
234 219 1
239 219 1
245 219 1
246 219 1
247 219 1
614 219 1
621 219 1
854 219 1
855 219 1
108 220 1
194 220 2
545 220 1
554 220 2
555 220 2
556 220 1
559 220 1
652 220 3
689 220 4
926 220 1
927 220 1
960 220 1
961 220 1
962 220 1
963 220 1
964 220 1
965 220 1
1164 220 1
1165 220 1
181 221 1
587 221 1
230 222 1
240 222 1
253 222 1
435 223 1
131 224 1
192 224 1
225 224 1
226 224 1
863 224 1
131 225 1
192 225 1
224 225 1
226 225 1
863 225 1
131 226 1
192 226 1
224 226 1
225 226 1
863 226 1
192 227 1
228 227 1
236 227 1
192 228 1
227 228 1
236 228 1
1009 229 1
222 230 1
240 230 1
253 230 1
453 230 1
896 230 1
89 231 1
878 231 2
881 231 1
130 232 1
172 232 1
175 232 1
202 232 1
203 232 1
219 232 2
233 232 1
234 232 2
239 232 1
245 232 1
246 232 1
247 232 1
614 232 1
621 232 1
854 232 1
855 232 1
922 232 1
923 232 1
924 232 1
925 232 1
219 233 1
232 233 1
239 233 1
245 233 1
621 233 1
130 234 1
132 234 1
168 234 1
169 234 1
172 234 1
175 234 1
202 234 1
203 234 1
219 234 1
232 234 2
246 234 1
247 234 1
368 234 1
376 234 1
424 234 1
427 234 1
452 234 2
475 234 1
508 234 1
614 234 1
638 234 1
756 234 1
757 234 1
763 234 1
833 234 1
854 234 1
855 234 1
922 234 1
923 234 1
924 234 1
925 234 1
1077 234 1
1078 234 1
399 235 1
192 236 1
227 236 1
228 236 1
270 237 1
773 237 1
845 238 1
846 238 1
847 238 1
848 238 1
849 238 1
850 238 1
851 238 1
852 238 1
853 238 1
219 239 1
232 239 1
233 239 1
245 239 1
621 239 1
222 240 1
230 240 1
253 240 1
164 241 1
242 241 1
632 241 1
879 241 1
880 241 1
164 242 1
241 242 1
632 242 1
879 242 1
880 242 1
55 243 1
165 243 5
255 243 1
257 243 1
313 243 3
318 243 1
333 243 3
334 243 2
364 243 1
377 243 1
381 243 1
631 243 1
645 243 1
831 243 1
1040 243 1
50 244 1
217 244 1
1067 244 2
1145 244 1
219 245 1
232 245 1
233 245 1
239 245 1
621 245 1
130 246 1
172 246 1
175 246 1
202 246 1
203 246 1
219 246 1
232 246 1
234 246 1
247 246 1
614 246 1
854 246 1
855 246 1
105 247 2
130 247 1
172 247 3
175 247 1
202 247 2
203 247 1
219 247 1
232 247 1
234 247 1
246 247 1
303 247 1
424 247 1
447 247 1
467 247 1
488 247 1
514 247 1
561 247 1
571 247 1
572 247 1
579 247 1
604 247 1
605 247 2
606 247 1
614 247 1
646 247 1
753 247 1
769 247 1
854 247 1
855 247 1
869 247 1
877 247 1
81 248 2
252 248 1
706 248 1
1039 248 1
117 249 1
284 249 1
488 249 1
49 250 2
56 250 2
11 251 1
81 252 1
248 252 1
706 252 1
1039 252 1
222 253 1
230 253 1
240 253 1
29 254 1
324 254 1
165 255 1
243 255 1
1127 256 1
1128 256 1
243 257 1
333 257 1
831 257 1
54 258 1
133 258 1
277 258 1
950 258 1
412 259 1
413 259 1
642 259 1
827 259 1
1132 260 1
308 261 1
160 262 1
177 262 1
935 263 2
936 263 2
354 264 1
95 265 1
844 265 1
904 266 1
905 266 1
66 267 1
275 267 1
432 267 1
306 268 1
770 268 1
400 269 1
472 269 1
698 269 1
699 269 1
21 270 1
23 270 1
162 270 1
184 270 1
209 270 1
237 270 1
366 270 1
372 270 1
459 270 1
661 270 1
692 270 1
772 270 1
773 270 4
866 270 1
867 270 1
868 270 1
1092 270 1
53 271 1
811 271 2
998 271 1
748 272 1
24 273 1
95 273 1
278 273 1
350 273 1
95 274 1
111 274 1
116 274 1
177 274 1
66 275 1
267 275 1
432 275 1
1011 276 1
54 277 2
133 277 1
258 277 1
294 277 1
505 277 1
795 277 1
950 277 1
24 278 3
95 278 4
163 278 1
273 278 1
350 278 1
504 278 1
506 278 1
566 278 1
702 278 1
95 279 1
218 279 1
437 279 1
144 280 2
355 280 2
515 280 2
557 280 2
615 280 3
616 280 1
704 280 2
708 280 3
709 280 2
749 280 1
1013 280 2
1014 280 2
1015 280 2
1107 280 1
1108 280 1
349 281 1
397 281 1
622 281 1
720 282 1
357 283 1
670 283 1
672 283 1
694 283 1
1123 283 1
86 284 1
111 284 2
116 284 1
117 284 1
154 284 1
249 284 1
460 284 2
488 284 4
512 284 2
583 284 1
613 284 1
903 284 1
1001 284 1
493 285 1
494 285 1
389 286 1
409 286 1
534 286 1
537 286 2
545 286 3
562 286 1
601 286 1
1093 286 1
577 287 1
716 287 1
897 287 1
110 288 1
327 289 1
328 289 1
774 289 1
124 290 1
536 290 1
700 290 1
24 291 2
115 291 1
295 291 1
468 291 2
513 291 1
815 292 1
294 293 1
760 293 1
762 293 1
6 294 1
8 294 2
277 294 1
293 294 1
312 294 1
760 294 3
761 294 2
762 294 1
795 294 1
830 294 1
1008 294 1
24 295 1
291 295 1
468 295 1
513 295 1
13 296 2
107 296 3
156 296 2
84 297 1
298 297 1
1066 297 1
84 298 1
297 298 1
1066 298 1
25 299 1
45 299 2
152 299 1
300 299 1
490 299 1
595 299 1
596 299 1
646 299 1
647 299 2
648 299 1
649 299 2
734 299 1
735 299 2
739 299 1
816 299 1
817 299 1
25 300 1
45 300 1
299 300 1
595 300 1
647 300 1
648 300 1
649 300 1
816 300 1
817 300 1
458 301 1
497 301 1
767 302 1
768 302 1
247 303 1
467 303 1
877 303 1
417 304 2
436 304 2
210 305 1
211 305 1
894 305 1
71 306 1
97 306 1
268 306 1
770 306 1
7 307 1
121 307 1
929 307 1
261 308 1
15 309 1
51 309 1
310 309 1
462 309 1
1063 309 1
309 310 1
462 310 1
128 311 1
31 312 2
43 312 2
209 312 1
294 312 1
329 312 2
352 312 1
486 312 1
495 312 1
507 312 2
682 312 2
830 312 1
996 312 1
1008 312 1
55 313 1
165 313 3
243 313 3
333 313 1
334 313 2
364 313 1
377 313 1
381 313 1
631 313 1
1040 313 1
320 314 1
336 315 1
664 315 1
1057 315 1
1058 315 1
1059 315 1
1060 315 1
1061 315 1
1062 315 1
623 316 1
580 317 2
914 317 1
915 317 1
916 317 1
1088 317 1
165 318 2
243 318 1
864 318 1
4 319 1
351 319 1
1079 319 1
1080 319 1
1081 319 1
1082 319 1
1104 319 1
314 320 1
678 321 2
679 321 1
680 321 1
703 321 1
707 321 2
1089 321 1
1090 321 2
185 322 1
358 322 1
543 323 1
862 323 1
29 324 3
254 324 1
405 324 1
525 324 1
801 324 1
1046 324 1
1047 324 1
598 325 1
363 326 1
289 327 1
328 327 1
774 327 1
289 328 1
327 328 1
774 328 1
31 329 2
43 329 2
209 329 1
312 329 2
352 329 1
486 329 1
495 329 1
507 329 2
682 329 2
996 329 1
391 330 2
465 330 1
918 330 1
919 330 1
2 331 1
332 331 1
2 332 2
331 332 1
498 332 3
986 332 1
1000 332 1
165 333 1
243 333 3
257 333 1
313 333 1
334 333 1
381 333 1
645 333 1
831 333 1
165 334 2
243 334 2
313 334 2
333 334 1
364 334 1
377 334 1
381 334 1
1040 334 1
342 335 1
343 335 1
344 335 1
315 336 1
664 336 1
1057 336 1
1058 336 1
1059 336 1
1060 336 1
1061 336 1
1062 336 1
5 337 1
810 337 1
1023 338 1
1024 338 1
1025 338 1
1026 338 1
1027 338 1
1141 338 1
102 339 1
407 339 1
606 339 1
976 339 1
341 340 1
907 340 1
908 340 1
909 340 2
1005 340 1
1006 340 1
1007 340 1
1091 340 1
1143 340 1
1144 340 1
340 341 1
1091 341 1
335 342 1
343 342 1
344 342 1
335 343 1
342 343 1
344 343 1
335 344 1
342 344 1
343 344 1
148 345 1
33 346 1
41 346 1
479 346 1
167 347 1
13 348 3
39 348 1
114 348 1
129 348 1
152 348 4
489 348 1
491 348 1
499 348 1
527 348 1
565 348 2
576 348 2
585 348 2
625 348 2
633 348 1
646 348 2
654 348 2
677 348 2
684 348 2
693 348 1
695 348 1
705 348 1
921 348 1
930 348 1
931 348 1
161 349 1
281 349 1
397 349 1
622 349 1
665 349 1
858 349 1
24 350 1
95 350 1
273 350 1
278 350 1
319 351 1
1104 351 1
31 352 1
43 352 1
312 352 1
329 352 1
486 352 1
495 352 1
507 352 1
682 352 1
510 353 1
1106 353 1
264 354 1
280 355 2
615 355 1
616 355 1
749 355 1
477 356 1
478 356 1
283 357 1
670 357 2
671 357 1
672 357 3
694 357 3
1123 357 1
1142 357 1
1146 357 1
1147 357 1
185 358 1
322 358 1
949 359 1
206 360 1
383 360 1
16 361 1
34 362 1
166 362 1
602 362 1
326 363 1
165 364 1
243 364 1
313 364 1
334 364 1
377 364 1
1040 364 1
42 365 1
375 365 1
418 365 1
987 365 1
988 365 1
989 365 1
990 365 1
21 366 1
270 366 1
372 366 1
406 367 2
911 367 2
938 367 1
939 367 1
940 367 1
123 368 2
168 368 2
234 368 1
424 368 1
480 368 1
638 368 1
766 368 2
832 368 2
833 368 2
888 368 1
889 368 1
890 368 1
891 368 1
644 369 1
683 369 1
686 369 1
1018 369 1
1019 369 1
1020 369 1
1021 369 1
1022 369 1
628 370 1
1010 370 1
58 371 1
727 371 1
728 371 1
729 371 1
21 372 1
270 372 1
366 372 1
214 373 1
420 373 1
531 373 1
532 373 2
548 373 2
549 373 1
550 373 1
551 373 1
610 373 1
611 373 1
1140 373 1
64 374 1
132 374 1
599 374 1
600 374 1
626 374 1
954 374 1
955 374 1
1002 374 1
42 375 1
365 375 1
418 375 1
987 375 1
988 375 1
989 375 1
990 375 1
44 376 1
132 376 1
168 376 2
169 376 1
234 376 1
544 376 1
641 376 1
833 376 1
1109 376 1
1110 376 1
1111 376 1
1112 376 1
165 377 1
243 377 1
313 377 1
334 377 1
364 377 1
1040 377 1
164 378 1
169 378 1
27 379 1
91 379 1
395 379 1
917 379 1
422 380 1
662 380 1
663 380 4
837 380 2
838 380 2
839 380 2
840 380 2
841 380 3
994 380 1
1083 380 1
1084 380 1
1085 380 1
165 381 1
243 381 1
313 381 1
333 381 1
334 381 1
1162 382 1
206 383 1
360 383 1
412 384 1
413 384 1
386 385 1
385 386 1
713 386 1
714 386 1
715 386 1
162 387 1
401 387 1
969 388 1
970 388 1
971 388 1
972 388 1
973 388 2
1152 388 1
286 389 1
533 389 2
534 389 2
537 389 1
545 389 1
562 389 1
393 390 1
978 390 1
1096 390 1
330 391 2
465 391 1
918 391 1
919 391 1
393 392 2
640 392 1
828 392 1
390 393 1
392 393 2
640 393 1
828 393 1
978 393 2
1096 393 1
27 394 1
396 394 1
27 395 1
91 395 1
379 395 1
917 395 1
27 396 1
394 396 1
281 397 1
349 397 1
622 397 1
78 398 1
426 398 1
794 398 2
235 399 1
269 400 1
699 400 1
162 401 1
387 401 1
842 402 1
843 402 1
511 403 1
617 403 1
667 403 1
668 403 1
669 403 1
1095 403 1
196 404 1
569 404 1
783 404 1
784 404 1
785 404 1
29 405 1
324 405 1
1046 405 1
1047 405 1
367 406 2
911 406 2
938 406 1
939 406 1
940 406 1
102 407 1
339 407 1
606 407 1
976 407 1
28 408 1
607 408 1
609 408 1
875 408 1
876 408 1
286 409 1
534 409 1
537 409 1
545 409 1
601 409 1
554 410 2
1118 411 1
1119 411 1
12 412 1
13 412 1
48 412 1
152 412 1
259 412 1
384 412 1
413 412 2
448 412 1
642 412 2
643 412 1
646 412 1
650 412 1
792 412 1
793 412 2
827 412 1
259 413 1
384 413 1
412 413 2
642 413 1
827 413 1
113 414 1
1073 414 1
428 415 1
471 415 1
539 415 1
612 415 1
1100 415 1
1101 415 1
1102 415 1
111 416 1
116 416 1
419 416 1
809 416 1
304 417 2
436 417 2
42 418 1
365 418 1
375 418 1
987 418 1
988 418 1
989 418 1
990 418 1
111 419 2
116 419 2
197 419 1
198 419 1
416 419 1
809 419 1
373 420 1
531 420 1
532 420 1
548 420 1
550 420 1
551 420 1
610 420 1
611 420 1
157 421 1
187 421 1
755 421 1
380 422 1
841 422 1
1083 422 1
1084 422 1
1085 422 1
71 423 1
445 423 2
910 423 1
172 424 1
202 424 1
234 424 1
247 424 1
368 424 1
638 424 1
769 424 1
37 425 1
398 426 1
794 426 1
1012 426 1
234 427 1
452 427 1
506 427 1
508 427 1
592 427 1
763 427 1
415 428 1
471 428 1
539 428 1
612 428 1
1100 428 1
1101 428 1
1102 428 1
151 429 1
430 429 2
431 429 1
151 430 1
171 430 1
429 430 2
431 430 3
733 430 1
740 430 1
171 431 2
173 431 1
429 431 1
430 431 3
439 431 2
466 431 1
685 431 1
733 431 1
740 431 1
999 431 1
66 432 1
267 432 1
275 432 1
473 433 1
118 434 1
553 434 1
1148 434 1
1149 434 1
1150 434 1
1151 434 1
149 435 1
223 435 1
747 435 1
304 436 2
417 436 2
95 437 2
111 437 1
116 437 1
218 437 1
279 437 1
979 438 1
431 439 2
505 439 1
1170 440 1
457 441 2
530 441 2
542 441 2
718 442 1
552 443 2
958 443 2
959 443 1
1003 443 1
1004 443 1
82 444 1
445 444 1
82 445 3
423 445 2
444 445 1
764 445 2
910 445 1
159 446 1
502 446 1
717 446 1
738 446 1
966 446 1
967 446 1
968 446 1
247 447 1
488 447 1
753 447 1
869 447 1
12 448 1
13 448 1
14 448 2
412 448 1
107 449 1
535 449 1
1016 450 3
1017 450 1
1153 450 1
1154 450 1
1155 450 1
951 451 1
952 451 1
953 451 1
234 452 2
427 452 1
508 452 1
756 452 1
757 452 2
763 452 1
895 452 1
230 453 1
896 453 1
455 454 1
870 454 1
454 455 1
860 455 1
870 455 1
1120 456 1
1121 456 1
1122 456 1
441 457 2
530 457 2
542 457 2
301 458 1
497 458 1
270 459 1
772 459 1
773 459 1
779 459 1
984 459 1
111 460 2
154 460 1
284 460 2
122 461 2
859 461 2
309 462 1
310 462 1
780 463 1
781 463 1
782 463 1
13 464 1
139 464 1
483 464 1
330 465 1
391 465 1
918 465 1
919 465 1
171 466 1
173 466 1
431 466 1
685 466 1
999 466 1
247 467 1
303 467 1
877 467 1
24 468 3
115 468 1
174 468 1
291 468 2
295 468 1
513 468 1
492 469 1
898 469 1
215 470 1
415 471 1
428 471 1
539 471 1
612 471 1
1100 471 1
1101 471 1
1102 471 1
269 472 1
433 473 1
202 474 3
203 474 1
476 474 2
820 474 1
995 474 1
234 475 1
1077 475 1
1078 475 1
201 476 1
202 476 3
474 476 2
818 476 1
819 476 1
820 476 1
356 477 1
478 477 1
356 478 1
477 478 1
33 479 1
41 479 1
346 479 1
368 480 1
888 480 1
889 480 1
890 480 1
891 480 1
11 481 1
162 481 1
534 482 1
691 482 1
13 483 1
139 483 1
464 483 1
503 484 1
899 484 1
980 485 1
981 485 1
31 486 1
43 486 1
312 486 1
329 486 1
352 486 1
495 486 1
507 486 1
682 486 1
107 487 1
570 487 1
86 488 1
117 488 1
247 488 1
249 488 1
284 488 4
447 488 1
512 488 2
528 488 1
583 488 2
613 488 1
753 488 1
869 488 1
903 488 1
13 489 1
39 489 1
348 489 1
585 489 1
695 489 1
299 490 1
13 491 1
129 491 1
348 491 1
693 491 1
705 491 1
469 492 1
285 493 1
494 493 1
285 494 1
493 494 1
31 495 1
43 495 1
312 495 1
329 495 1
352 495 1
486 495 1
507 495 1
682 495 1
951 496 1
953 496 1
1048 496 1
1049 496 1
301 497 1
458 497 1
2 498 1
332 498 3
986 498 1
1000 498 1
13 499 1
114 499 1
348 499 1
585 499 1
930 499 1
931 499 1
730 500 1
731 500 1
732 500 1
710 501 1
446 502 1
738 502 1
484 503 1
899 503 1
24 504 1
95 504 1
278 504 1
54 505 1
277 505 1
439 505 1
95 506 2
278 506 1
427 506 1
566 506 2
592 506 1
661 506 1
702 506 2
31 507 2
43 507 2
209 507 1
312 507 2
329 507 2
352 507 1
486 507 1
495 507 1
682 507 2
996 507 1
234 508 1
427 508 1
452 508 1
763 508 1
636 509 1
1074 509 1
353 510 1
578 510 1
1106 510 1
403 511 1
667 511 1
668 511 1
669 511 1
86 512 1
284 512 2
488 512 2
583 512 1
613 512 1
903 512 1
24 513 1
291 513 1
295 513 1
468 513 1
247 514 1
571 514 1
144 515 2
280 515 2
557 515 2
615 515 2
704 515 2
708 515 2
709 515 2
1013 515 2
1014 515 2
1015 515 3
142 516 1
150 516 1
681 516 1
836 516 1
518 517 2
519 517 1
520 517 3
521 517 5
535 517 2
546 517 2
564 517 1
664 517 1
1094 517 1
1117 517 1
517 518 2
519 518 1
520 518 1
521 518 2
1117 518 1
517 519 1
518 519 1
520 519 1
521 519 1
1117 519 1
517 520 3
518 520 1
519 520 1
521 520 3
535 520 1
546 520 1
564 520 1
664 520 1
1094 520 1
1117 520 1
517 521 5
518 521 2
519 521 1
520 521 3
535 521 2
546 521 2
564 521 1
664 521 1
1094 521 1
1117 521 1
1160 521 1
1161 521 1
40 522 1
983 522 1
736 523 1
137 524 1
1097 524 1
29 525 1
324 525 1
801 525 1
152 526 1
593 526 1
111 527 1
116 527 1
152 527 1
348 527 1
629 527 1
630 527 1
633 527 1
921 527 1
488 528 1
583 528 1
133 529 1
135 529 1
586 529 1
771 529 1
441 530 2
457 530 2
542 530 2
373 531 1
420 531 1
532 531 1
548 531 1
550 531 1
551 531 1
610 531 1
611 531 1
373 532 2
420 532 1
531 532 1
548 532 2
549 532 1
550 532 1
551 532 1
610 532 1
611 532 1
389 533 2
534 533 2
286 534 1
389 534 2
409 534 1
482 534 1
533 534 2
537 534 1
545 534 2
601 534 1
691 534 1
1105 534 1
107 535 1
190 535 1
449 535 1
517 535 2
520 535 1
521 535 2
546 535 1
564 535 1
664 535 2
1094 535 1
1103 535 1
124 536 1
290 536 1
700 536 2
701 536 1
286 537 2
389 537 1
409 537 1
534 537 1
545 537 2
562 537 1
601 537 1
982 538 1
415 539 1
428 539 1
471 539 1
612 539 1
1100 539 1
1101 539 1
1102 539 1
545 540 1
547 540 1
554 540 1
558 540 1
559 540 1
1169 540 1
560 541 1
688 541 1
1129 541 1
441 542 2
457 542 2
530 542 2
323 543 1
862 543 1
44 544 1
168 544 1
376 544 1
641 544 1
1109 544 1
1110 544 1
1111 544 1
1112 544 1
108 545 1
194 545 1
220 545 1
286 545 3
389 545 1
409 545 1
534 545 2
537 545 2
540 545 1
547 545 1
554 545 2
558 545 1
559 545 1
562 545 1
601 545 1
652 545 1
689 545 1
960 545 1
961 545 1
962 545 1
963 545 1
964 545 1
965 545 1
1093 545 1
1105 545 1
1169 545 1
517 546 2
520 546 1
521 546 2
535 546 1
540 547 1
545 547 1
554 547 2
558 547 2
559 547 1
1169 547 1
373 548 2
420 548 1
531 548 1
532 548 2
549 548 1
550 548 1
551 548 1
610 548 1
611 548 1
373 549 1
532 549 1
548 549 1
373 550 1
420 550 1
531 550 1
532 550 1
548 550 1
551 550 1
610 550 1
611 550 1
373 551 1
420 551 1
531 551 1
532 551 1
548 551 1
550 551 1
610 551 1
611 551 1
443 552 2
958 552 2
959 552 1
1003 552 1
1004 552 1
118 553 1
434 553 1
1148 553 1
1149 553 1
1150 553 1
1151 553 1
108 554 1
194 554 1
220 554 2
410 554 2
540 554 1
545 554 2
547 554 2
558 554 2
559 554 1
652 554 1
689 554 2
926 554 1
927 554 1
960 554 1
961 554 1
962 554 1
963 554 1
964 554 1
965 554 1
1169 554 1
194 555 1
220 555 2
556 555 1
559 555 1
652 555 2
689 555 2
1164 555 1
1165 555 1
194 556 1
220 556 1
555 556 1
652 556 1
689 556 1
144 557 2
280 557 2
515 557 2
615 557 2
704 557 2
708 557 2
709 557 2
1013 557 2
1014 557 2
1015 557 2
540 558 1
545 558 1
547 558 2
554 558 2
559 558 1
1169 558 1
220 559 1
540 559 1
545 559 1
547 559 1
554 559 1
555 559 1
558 559 1
652 559 1
689 559 2
1138 559 1
1164 559 1
1165 559 1
1169 559 1
541 560 1
688 560 1
1129 560 1
247 561 1
579 561 1
286 562 1
389 562 1
537 562 1
545 562 1
1055 563 1
1056 563 1
517 564 1
520 564 1
521 564 1
535 564 1
664 564 1
1094 564 1
152 565 2
348 565 2
576 565 2
625 565 2
646 565 2
654 565 2
677 565 2
684 565 2
95 566 2
278 566 1
506 566 2
568 566 1
569 566 2
573 566 1
574 566 1
590 566 1
619 566 1
661 566 1
702 566 2
785 566 2
791 566 1
569 567 1
573 567 1
566 568 1
569 568 1
573 568 1
574 568 1
590 568 1
619 568 1
785 568 1
196 569 2
404 569 1
566 569 2
567 569 1
568 569 1
573 569 3
574 569 2
590 569 1
619 569 1
783 569 1
784 569 1
785 569 3
791 569 1
107 570 1
487 570 1
247 571 1
514 571 1
105 572 1
247 572 1
605 572 1
196 573 1
566 573 1
567 573 1
568 573 1
569 573 3
574 573 2
590 573 1
619 573 1
785 573 1
196 574 1
566 574 1
568 574 1
569 574 2
573 574 2
590 574 1
619 574 1
785 574 1
30 575 2
627 575 2
741 575 1
742 575 2
743 575 1
152 576 2
348 576 2
565 576 2
577 576 1
625 576 2
646 576 2
654 576 2
677 576 2
684 576 2
750 576 1
287 577 1
576 577 1
750 577 1
897 577 1
510 578 1
247 579 1
561 579 1
317 580 2
914 580 1
915 580 1
916 580 1
1088 580 1
3 581 1
10 581 1
43 581 1
107 581 1
109 581 1
208 581 1
582 581 1
666 581 1
1098 581 1
1099 581 1
3 582 1
10 582 1
43 582 1
107 582 3
109 582 1
208 582 1
581 582 1
588 582 2
666 582 1
1098 582 1
1099 582 1
284 583 1
488 583 2
512 583 1
528 583 1
125 584 1
127 584 1
151 584 1
13 585 2
39 585 1
114 585 1
348 585 2
489 585 1
499 585 1
695 585 1
930 585 1
931 585 1
133 586 1
135 586 1
529 586 1
592 586 1
771 586 1
181 587 1
221 587 1
107 588 2
582 588 2
120 589 1
829 589 1
830 589 1
566 590 1
568 590 1
569 590 1
573 590 1
574 590 1
619 590 1
785 590 1
193 591 1
686 591 1
427 592 1
506 592 1
586 592 1
634 592 1
635 592 1
659 592 1
660 592 1
673 592 1
674 592 1
152 593 2
526 593 1
675 593 1
195 594 1
639 594 1
861 594 1
25 595 1
45 595 1
299 595 1
300 595 1
647 595 1
648 595 1
649 595 1
816 595 1
817 595 1
45 596 1
299 596 1
647 596 1
649 596 1
162 597 1
661 597 1
325 598 1
64 599 1
374 599 1
600 599 1
626 599 1
64 600 1
374 600 1
599 600 1
626 600 1
286 601 1
409 601 1
534 601 1
537 601 1
545 601 1
34 602 1
166 602 1
362 602 1
35 603 1
95 603 1
882 603 1
172 604 1
247 604 1
605 604 1
606 604 1
105 605 1
172 605 1
247 605 2
572 605 1
604 605 1
606 605 1
102 606 1
172 606 1
247 606 1
339 606 1
407 606 1
604 606 1
605 606 1
976 606 1
1163 606 1
28 607 1
408 607 1
608 607 1
609 607 2
865 607 1
875 607 1
876 607 1
607 608 1
609 608 1
865 608 1
28 609 1
408 609 1
607 609 2
608 609 1
865 609 1
875 609 1
876 609 1
373 610 1
420 610 1
531 610 1
532 610 1
548 610 1
550 610 1
551 610 1
611 610 1
373 611 1
420 611 1
531 611 1
532 611 1
548 611 1
550 611 1
551 611 1
610 611 1
415 612 1
428 612 1
471 612 1
539 612 1
1100 612 1
1101 612 1
1102 612 1
86 613 1
284 613 1
488 613 1
512 613 1
903 613 1
130 614 1
172 614 1
175 614 1
202 614 1
203 614 1
219 614 1
232 614 1
234 614 1
246 614 1
247 614 1
854 614 1
855 614 1
144 615 2
280 615 3
355 615 1
515 615 2
557 615 2
616 615 1
704 615 2
708 615 2
709 615 2
1013 615 2
1014 615 2
1015 615 2
280 616 1
355 616 1
615 616 1
403 617 1
152 618 1
734 618 1
804 618 1
566 619 1
568 619 1
569 619 1
573 619 1
574 619 1
590 619 1
785 619 1
997 620 1
219 621 1
232 621 1
233 621 1
239 621 1
245 621 1
281 622 1
349 622 1
397 622 1
316 623 1
147 624 1
151 624 1
637 624 1
937 624 1
152 625 2
348 625 2
565 625 2
576 625 2
646 625 2
654 625 2
677 625 2
684 625 2
64 626 1
374 626 1
599 626 1
600 626 1
30 627 2
575 627 2
741 627 1
742 627 2
743 627 1
370 628 1
1010 628 1
111 629 1
116 629 1
527 629 1
630 629 1
111 630 1
116 630 1
527 630 1
629 630 1
55 631 1
165 631 1
243 631 1
313 631 1
164 632 1
241 632 1
242 632 1
879 632 1
880 632 1
152 633 1
348 633 1
527 633 1
921 633 1
592 634 1
635 634 1
673 634 1
674 634 1
592 635 1
634 635 1
673 635 1
674 635 1
509 636 1
1074 636 1
147 637 1
151 637 1
624 637 1
234 638 1
368 638 1
424 638 1
765 638 1
766 638 1
195 639 1
594 639 1
861 639 1
392 640 1
393 640 1
44 641 1
168 641 1
376 641 1
544 641 1
1109 641 1
1110 641 1
1111 641 1
1112 641 1
152 642 1
259 642 1
412 642 2
413 642 1
646 642 1
827 642 1
48 643 1
412 643 1
792 643 1
793 643 1
369 644 1
683 644 1
686 644 1
1018 644 1
1019 644 1
1020 644 1
1021 644 1
1022 644 1
243 645 1
333 645 1
105 646 1
141 646 1
142 646 1
152 646 8
247 646 1
299 646 1
348 646 2
412 646 1
565 646 2
576 646 2
625 646 2
642 646 1
654 646 2
675 646 2
676 646 1
677 646 2
684 646 2
735 646 1
739 646 1
25 647 1
45 647 2
299 647 2
300 647 1
595 647 1
596 647 1
648 647 1
649 647 2
816 647 1
817 647 1
25 648 1
45 648 1
299 648 1
300 648 1
595 648 1
647 648 1
649 648 1
816 648 1
817 648 1
25 649 1
45 649 2
299 649 2
300 649 1
595 649 1
596 649 1
647 649 2
648 649 1
745 649 1
746 649 1
816 649 1
817 649 1
412 650 1
696 651 1
697 651 1
1030 651 1
1031 651 1
1032 651 1
1033 651 1
1034 651 1
1035 651 1
1036 651 1
1037 651 1
1038 651 1
108 652 1
194 652 2
220 652 3
545 652 1
554 652 1
555 652 2
556 652 1
559 652 1
689 652 3
960 652 1
961 652 1
962 652 1
963 652 1
964 652 1
965 652 1
1164 652 1
1165 652 1
166 653 1
690 653 1
79 654 1
152 654 3
348 654 2
565 654 2
576 654 2
625 654 2
646 654 2
655 654 1
656 654 1
657 654 1
658 654 1
677 654 2
684 654 2
79 655 1
152 655 1
654 655 1
656 655 1
657 655 1
658 655 1
79 656 1
152 656 1
654 656 1
655 656 1
657 656 1
658 656 1
79 657 1
152 657 1
654 657 1
655 657 1
656 657 1
658 657 1
79 658 1
152 658 1
654 658 1
655 658 1
656 658 1
657 658 1
592 659 1
660 659 1
119 660 1
592 660 1
659 660 1
95 661 1
162 661 1
270 661 1
506 661 1
566 661 1
597 661 1
692 661 1
702 661 1
1092 661 1
380 662 1
663 662 1
380 663 4
662 663 1
837 663 2
838 663 2
839 663 2
840 663 2
841 663 2
994 663 1
190 664 1
315 664 1
336 664 1
517 664 1
520 664 1
521 664 1
535 664 2
564 664 1
1057 664 1
1058 664 1
1059 664 1
1060 664 1
1061 664 1
1062 664 1
1094 664 1
1103 664 1
161 665 1
349 665 1
858 665 1
3 666 1
10 666 1
43 666 1
107 666 1
109 666 1
208 666 1
581 666 1
582 666 1
1098 666 1
1099 666 1
403 667 1
511 667 1
668 667 1
669 667 1
403 668 1
511 668 1
667 668 1
669 668 1
403 669 1
511 669 1
667 669 1
668 669 1
283 670 1
357 670 2
672 670 2
694 670 2
1123 670 1
1142 670 1
357 671 1
1146 671 1
1147 671 1
283 672 1
357 672 3
670 672 2
694 672 3
1123 672 1
1142 672 1
592 673 1
634 673 1
635 673 1
674 673 1
592 674 1
634 674 1
635 674 1
673 674 1
142 675 1
152 675 4
593 675 1
646 675 2
676 675 2
152 676 2
646 676 1
675 676 2
152 677 3
348 677 2
565 677 2
576 677 2
625 677 2
646 677 2
654 677 2
684 677 3
321 678 2
679 678 1
680 678 1
703 678 1
707 678 2
1089 678 1
1090 678 2
321 679 1
678 679 1
680 679 1
703 679 1
707 679 1
1090 679 1
321 680 1
678 680 1
679 680 1
703 680 1
707 680 1
1090 680 1
142 681 1
150 681 1
152 681 1
516 681 1
836 681 1
31 682 2
43 682 2
209 682 1
312 682 2
329 682 2
352 682 1
486 682 1
495 682 1
507 682 2
996 682 1
369 683 1
644 683 1
686 683 1
1018 683 1
1019 683 1
1020 683 1
1021 683 1
1022 683 1
152 684 3
348 684 2
565 684 2
576 684 2
625 684 2
646 684 2
654 684 2
677 684 3
171 685 1
173 685 1
431 685 1
466 685 1
999 685 1
193 686 1
369 686 1
591 686 1
644 686 1
683 686 1
1018 686 1
1019 686 1
1020 686 1
1021 686 1
1022 686 1
46 687 1
106 687 1
1158 687 1
1159 687 1
541 688 1
560 688 1
1129 688 1
108 689 1
194 689 2
220 689 4
545 689 1
554 689 2
555 689 2
556 689 1
559 689 2
652 689 3
926 689 1
927 689 1
960 689 1
961 689 1
962 689 1
963 689 1
964 689 1
965 689 1
1138 689 1
1164 689 1
1165 689 1
116 690 1
166 690 2
170 690 1
653 690 1
482 691 1
534 691 1
270 692 1
661 692 1
1092 692 1
13 693 2
129 693 1
348 693 1
491 693 1
705 693 1
283 694 1
357 694 3
670 694 2
672 694 3
1123 694 1
1142 694 1
13 695 1
39 695 1
348 695 1
489 695 1
585 695 1
651 696 1
697 696 1
1030 696 1
1031 696 1
1032 696 1
1033 696 1
1034 696 1
1035 696 1
1036 696 1
1037 696 1
1038 696 1
651 697 1
696 697 1
1030 697 1
1031 697 1
1032 697 1
1033 697 1
1034 697 1
1035 697 1
1036 697 1
1037 697 1
1038 697 1
269 698 1
269 699 1
400 699 1
124 700 1
290 700 1
536 700 2
701 700 1
536 701 1
700 701 1
95 702 2
278 702 1
506 702 2
566 702 2
661 702 1
321 703 1
678 703 1
679 703 1
680 703 1
707 703 1
1090 703 1
144 704 2
280 704 2
515 704 2
557 704 2
615 704 2
708 704 2
709 704 2
1013 704 2
1014 704 2
1015 704 2
13 705 1
129 705 1
348 705 1
491 705 1
693 705 1
81 706 1
248 706 1
252 706 1
1039 706 1
321 707 2
678 707 2
679 707 1
680 707 1
703 707 1
1089 707 1
1090 707 2
144 708 2
280 708 3
515 708 2
557 708 2
615 708 2
704 708 2
709 708 2
1013 708 2
1014 708 2
1015 708 2
1107 708 1
1108 708 1
144 709 2
280 709 2
515 709 2
557 709 2
615 709 2
704 709 2
708 709 2
1013 709 2
1014 709 2
1015 709 2
501 710 1
712 711 1
711 712 1
758 712 1
759 712 1
386 713 1
714 713 1
715 713 2
386 714 1
713 714 1
715 714 1
386 715 1
713 715 2
714 715 1
287 716 1
446 717 1
442 718 1
212 719 1
282 720 1
85 721 2
722 721 1
723 721 2
85 722 2
93 722 1
97 722 1
721 722 1
723 722 1
85 723 2
721 723 2
722 723 1
786 723 1
893 723 1
69 724 1
72 724 1
87 724 1
725 724 1
726 724 1
69 725 1
72 725 1
87 725 1
724 725 1
726 725 1
69 726 1
72 726 1
87 726 1
724 726 1
725 726 1
58 727 1
371 727 1
728 727 1
729 727 1
58 728 1
371 728 1
727 728 1
729 728 1
58 729 1
371 729 1
727 729 1
728 729 1
500 730 1
731 730 1
732 730 1
500 731 1
730 731 1
732 731 1
500 732 1
730 732 1
731 732 1
430 733 1
431 733 1
152 734 1
299 734 1
618 734 1
735 734 1
804 734 1
152 735 1
299 735 2
646 735 1
734 735 1
739 735 1
523 736 1
18 737 1
67 737 1
80 737 1
132 737 1
446 738 1
502 738 1
152 739 1
299 739 1
646 739 1
735 739 1
430 740 1
431 740 1
30 741 1
575 741 1
627 741 1
742 741 1
743 741 1
30 742 2
575 742 2
627 742 2
741 742 1
743 742 1
30 743 1
575 743 1
627 743 1
741 743 1
742 743 1
132 744 1
135 744 1
136 744 1
649 745 1
746 745 1
649 746 1
745 746 1
900 746 1
149 747 1
435 747 1
272 748 1
280 749 1
355 749 1
576 750 1
577 750 1
752 751 1
751 752 1
9 753 1
57 753 1
74 753 1
247 753 1
447 753 1
488 753 1
869 753 1
140 754 1
157 755 1
187 755 1
421 755 1
234 756 1
452 756 1
757 756 1
234 757 1
452 757 2
756 757 1
895 757 1
712 758 1
759 758 1
712 759 1
758 759 1
293 760 1
294 760 3
761 760 2
762 760 1
294 761 2
760 761 2
293 762 1
294 762 1
760 762 1
234 763 1
427 763 1
452 763 1
508 763 1
82 764 2
445 764 2
638 765 1
766 765 1
123 766 2
168 766 2
368 766 2
638 766 1
765 766 1
832 766 2
833 766 2
302 767 1
768 767 1
302 768 1
767 768 1
172 769 1
202 769 1
247 769 1
424 769 1
268 770 1
306 770 1
133 771 1
135 771 1
529 771 1
586 771 1
270 772 1
459 772 1
773 772 1
23 773 1
162 773 1
184 773 1
237 773 1
270 773 4
459 773 1
772 773 1
289 774 1
327 774 1
328 774 1
776 775 1
777 775 1
778 775 1
775 776 1
777 776 1
778 776 1
775 777 1
776 777 1
778 777 1
775 778 1
776 778 1
777 778 1
459 779 1
463 780 1
781 780 1
782 780 1
463 781 1
780 781 1
782 781 1
463 782 1
780 782 1
781 782 1
196 783 1
404 783 1
569 783 1
784 783 1
785 783 1
196 784 1
404 784 1
569 784 1
783 784 1
785 784 1
196 785 1
404 785 1
566 785 2
568 785 1
569 785 3
573 785 1
574 785 1
590 785 1
619 785 1
783 785 1
784 785 1
791 785 1
723 786 1
94 787 1
788 787 1
94 788 1
787 788 1
91 789 1
790 789 1
91 790 1
789 790 1
566 791 1
569 791 1
785 791 1
48 792 1
412 792 1
643 792 1
793 792 1
48 793 1
412 793 2
643 793 1
792 793 1
78 794 1
398 794 2
426 794 1
277 795 1
294 795 1
20 796 1
13 797 1
39 797 1
799 798 1
800 798 1
798 799 1
800 799 1
798 800 1
799 800 1
29 801 1
324 801 1
525 801 1
803 802 1
802 803 1
152 804 1
618 804 1
734 804 1
806 805 2
856 805 1
857 805 1
805 806 2
856 806 2
857 806 1
47 807 1
808 807 1
47 808 1
807 808 1
111 809 1
116 809 1
416 809 1
419 809 1
5 810 1
337 810 1
53 811 1
271 811 2
998 811 1
813 812 1
814 812 1
812 813 1
814 813 1
812 814 1
813 814 1
292 815 1
25 816 1
45 816 1
299 816 1
300 816 1
595 816 1
647 816 1
648 816 1
649 816 1
817 816 1
25 817 1
45 817 1
299 817 1
300 817 1
595 817 1
647 817 1
648 817 1
649 817 1
816 817 1
1130 817 1
1131 817 1
201 818 1
202 818 1
476 818 1
819 818 1
820 818 1
201 819 1
202 819 1
476 819 1
818 819 1
820 819 1
201 820 1
202 820 2
203 820 1
474 820 1
476 820 1
818 820 1
819 820 1
995 820 1
822 821 2
823 821 1
824 821 1
825 821 1
826 821 2
1028 821 1
1029 821 1
821 822 2
823 822 1
824 822 1
825 822 1
826 822 2
1028 822 1
1029 822 1
821 823 1
822 823 1
824 823 1
825 823 1
826 823 1
821 824 1
822 824 1
823 824 1
825 824 1
826 824 1
821 825 1
822 825 1
823 825 1
824 825 1
826 825 1
821 826 2
822 826 2
823 826 1
824 826 1
825 826 1
1028 826 1
1029 826 1
259 827 1
412 827 1
413 827 1
642 827 1
392 828 1
393 828 1
120 829 1
589 829 1
830 829 1
120 830 1
294 830 1
312 830 1
589 830 1
829 830 1
1008 830 1
243 831 1
257 831 1
333 831 1
123 832 2
168 832 2
368 832 2
766 832 2
833 832 2
123 833 2
132 833 1
168 833 3
169 833 1
234 833 1
368 833 2
376 833 1
766 833 2
832 833 2
835 834 1
834 835 1
142 836 1
150 836 1
516 836 1
681 836 1
380 837 2
663 837 2
838 837 2
839 837 2
840 837 2
841 837 2
380 838 2
663 838 2
837 838 2
839 838 2
840 838 2
841 838 2
380 839 2
663 839 2
837 839 2
838 839 2
840 839 2
841 839 2
380 840 2
663 840 2
837 840 2
838 840 2
839 840 2
841 840 2
380 841 3
422 841 1
663 841 2
837 841 2
838 841 2
839 841 2
840 841 2
1083 841 1
1084 841 1
1085 841 1
402 842 1
843 842 1
402 843 1
842 843 1
95 844 1
265 844 1
238 845 1
846 845 1
847 845 1
848 845 1
849 845 1
850 845 1
851 845 1
852 845 1
853 845 1
238 846 1
845 846 1
847 846 1
848 846 1
849 846 1
850 846 1
851 846 1
852 846 1
853 846 1
238 847 1
845 847 1
846 847 1
848 847 1
849 847 1
850 847 1
851 847 1
852 847 1
853 847 1
238 848 1
845 848 1
846 848 1
847 848 1
849 848 1
850 848 1
851 848 1
852 848 1
853 848 1
238 849 1
845 849 1
846 849 1
847 849 1
848 849 1
850 849 1
851 849 1
852 849 1
853 849 1
238 850 1
845 850 1
846 850 1
847 850 1
848 850 1
849 850 1
851 850 1
852 850 1
853 850 1
238 851 1
845 851 1
846 851 1
847 851 1
848 851 1
849 851 1
850 851 1
852 851 1
853 851 1
238 852 1
845 852 1
846 852 1
847 852 1
848 852 1
849 852 1
850 852 1
851 852 1
853 852 1
238 853 1
845 853 1
846 853 1
847 853 1
848 853 1
849 853 1
850 853 1
851 853 1
852 853 1
130 854 1
172 854 1
175 854 1
202 854 1
203 854 1
219 854 1
232 854 1
234 854 1
246 854 1
247 854 1
614 854 1
855 854 1
130 855 1
172 855 1
175 855 1
202 855 1
203 855 1
219 855 1
232 855 1
234 855 1
246 855 1
247 855 1
614 855 1
854 855 1
805 856 1
806 856 2
857 856 1
805 857 1
806 857 1
856 857 1
161 858 1
349 858 1
665 858 1
122 859 2
461 859 2
455 860 1
195 861 1
594 861 1
639 861 1
323 862 1
543 862 1
131 863 1
192 863 1
224 863 1
225 863 1
226 863 1
165 864 1
318 864 1
607 865 1
608 865 1
609 865 1
270 866 1
867 866 1
868 866 1
270 867 1
866 867 1
868 867 1
270 868 1
866 868 1
867 868 1
247 869 1
447 869 1
488 869 1
753 869 1
454 870 1
455 870 1
872 871 1
871 872 1
874 873 1
873 874 1
28 875 1
408 875 1
607 875 1
609 875 1
876 875 1
28 876 1
408 876 1
607 876 1
609 876 1
875 876 1
247 877 1
303 877 1
467 877 1
231 878 2
881 878 1
164 879 1
241 879 1
242 879 1
632 879 1
880 879 1
164 880 1
241 880 1
242 880 1
632 880 1
879 880 1
231 881 1
878 881 1
35 882 1
95 882 2
111 882 1
603 882 1
884 883 1
885 883 1
886 883 1
887 883 1
883 884 1
885 884 1
886 884 1
887 884 1
883 885 1
884 885 1
886 885 1
887 885 1
883 886 1
884 886 1
885 886 1
887 886 1
883 887 1
884 887 1
885 887 1
886 887 1
368 888 1
480 888 1
889 888 1
890 888 1
891 888 1
368 889 1
480 889 1
888 889 1
890 889 1
891 889 1
368 890 1
480 890 1
888 890 1
889 890 1
891 890 1
368 891 1
480 891 1
888 891 1
889 891 1
890 891 1
81 892 1
723 893 1
210 894 1
211 894 1
305 894 1
452 895 1
757 895 1
230 896 1
453 896 1
287 897 1
577 897 1
469 898 1
484 899 1
503 899 1
746 900 1
68 901 1
83 901 1
207 901 1
902 901 1
68 902 1
83 902 1
207 902 1
901 902 1
86 903 1
284 903 1
488 903 1
512 903 1
613 903 1
266 904 1
905 904 1
266 905 1
904 905 1
164 906 1
169 906 1
340 907 1
908 907 1
909 907 1
340 908 1
907 908 1
909 908 1
340 909 2
907 909 1
908 909 1
1005 909 1
1006 909 1
1007 909 1
423 910 1
445 910 1
367 911 2
406 911 2
938 911 1
939 911 1
940 911 1
913 912 1
912 913 1
317 914 1
580 914 1
915 914 1
916 914 1
317 915 1
580 915 1
914 915 1
916 915 1
317 916 1
580 916 1
914 916 1
915 916 1
27 917 1
91 917 1
379 917 1
395 917 1
330 918 1
391 918 1
465 918 1
919 918 1
330 919 1
391 919 1
465 919 1
918 919 1
71 920 1
152 921 1
348 921 1
527 921 1
633 921 1
232 922 1
234 922 1
923 922 1
924 922 1
925 922 1
232 923 1
234 923 1
922 923 1
924 923 1
925 923 1
232 924 1
234 924 1
922 924 1
923 924 1
925 924 1
232 925 1
234 925 1
922 925 1
923 925 1
924 925 1
220 926 1
554 926 1
689 926 1
927 926 1
220 927 1
554 927 1
689 927 1
926 927 1
70 928 1
71 928 1
7 929 1
121 929 1
307 929 1
13 930 1
114 930 1
348 930 1
499 930 1
585 930 1
931 930 1
13 931 1
114 931 1
348 931 1
499 931 1
585 931 1
930 931 1
933 932 1
934 932 1
932 933 1
934 933 1
932 934 1
933 934 1
263 935 2
936 935 2
263 936 2
935 936 2
624 937 1
367 938 1
406 938 1
911 938 1
939 938 1
940 938 1
367 939 1
406 939 1
911 939 1
938 939 1
940 939 1
367 940 1
406 940 1
911 940 1
938 940 1
939 940 1
942 941 1
943 941 1
944 941 1
941 942 1
943 942 1
944 942 1
941 943 1
942 943 1
944 943 1
38 944 1
104 944 1
941 944 1
942 944 1
943 944 1
946 945 1
947 945 1
945 946 1
947 946 1
945 947 1
946 947 1
1052 947 1
1053 947 1
1054 947 1
75 948 1
202 948 1
359 949 1
54 950 1
133 950 1
258 950 1
277 950 1
451 951 1
496 951 1
952 951 1
953 951 2
1048 951 1
1049 951 1
451 952 1
951 952 1
953 952 1
451 953 1
496 953 1
951 953 2
952 953 1
1048 953 1
1049 953 1
132 954 1
374 954 1
955 954 1
132 955 1
374 955 1
954 955 1
957 956 1
956 957 1
443 958 2
552 958 2
959 958 1
1003 958 1
1004 958 1
443 959 1
552 959 1
958 959 1
108 960 1
194 960 1
220 960 1
545 960 1
554 960 1
652 960 1
689 960 1
961 960 1
962 960 1
963 960 1
964 960 1
965 960 1
108 961 1
194 961 1
220 961 1
545 961 1
554 961 1
652 961 1
689 961 1
960 961 1
962 961 1
963 961 1
964 961 1
965 961 1
108 962 1
194 962 1
220 962 1
545 962 1
554 962 1
652 962 1
689 962 1
960 962 1
961 962 1
963 962 1
964 962 1
965 962 1
108 963 1
194 963 1
220 963 1
545 963 1
554 963 1
652 963 1
689 963 1
960 963 1
961 963 1
962 963 1
964 963 1
965 963 1
108 964 1
194 964 1
220 964 1
545 964 1
554 964 1
652 964 1
689 964 1
960 964 1
961 964 1
962 964 1
963 964 1
965 964 1
108 965 1
194 965 1
220 965 1
545 965 1
554 965 1
652 965 1
689 965 1
960 965 1
961 965 1
962 965 1
963 965 1
964 965 1
159 966 1
446 966 1
967 966 1
968 966 1
159 967 1
446 967 1
966 967 1
968 967 1
159 968 1
446 968 1
966 968 1
967 968 1
388 969 1
970 969 1
971 969 1
972 969 1
973 969 1
388 970 1
969 970 1
971 970 1
972 970 1
973 970 1
388 971 1
969 971 1
970 971 1
972 971 1
973 971 1
388 972 1
969 972 1
970 972 1
971 972 1
973 972 1
388 973 2
969 973 1
970 973 1
971 973 1
972 973 1
1152 973 1
191 974 1
975 974 1
191 975 1
974 975 1
102 976 1
162 976 1
179 976 1
339 976 1
407 976 1
606 976 1
22 977 1
112 977 1
126 977 1
390 978 1
393 978 2
1096 978 1
438 979 1
485 980 1
981 980 1
485 981 1
980 981 1
538 982 1
40 983 1
522 983 1
459 984 1
65 985 1
332 986 1
498 986 1
42 987 1
365 987 1
375 987 1
418 987 1
988 987 1
989 987 1
990 987 1
42 988 1
365 988 1
375 988 1
418 988 1
987 988 1
989 988 1
990 988 1
42 989 1
365 989 1
375 989 1
418 989 1
987 989 1
988 989 1
990 989 1
42 990 1
365 990 1
375 990 1
418 990 1
987 990 1
988 990 1
989 990 1
143 991 1
146 991 1
992 991 1
993 991 1
143 992 1
146 992 1
991 992 1
993 992 1
143 993 1
146 993 1
991 993 1
992 993 1
380 994 1
663 994 1
202 995 1
203 995 1
474 995 1
820 995 1
31 996 1
43 996 1
209 996 1
312 996 1
329 996 1
507 996 1
682 996 1
620 997 1
17 998 1
18 998 1
53 998 1
96 998 1
271 998 1
811 998 1
171 999 1
173 999 1
431 999 1
466 999 1
685 999 1
2 1000 1
332 1000 1
498 1000 1
111 1001 2
116 1001 1
154 1001 2
172 1001 2
284 1001 1
1064 1001 1
374 1002 1
443 1003 1
552 1003 1
958 1003 1
1004 1003 1
443 1004 1
552 1004 1
958 1004 1
1003 1004 1
340 1005 1
909 1005 1
1006 1005 1
1007 1005 1
340 1006 1
909 1006 1
1005 1006 1
1007 1006 1
340 1007 1
909 1007 1
1005 1007 1
1006 1007 1
294 1008 1
312 1008 1
830 1008 1
229 1009 1
370 1010 1
628 1010 1
276 1011 1
426 1012 1
144 1013 2
280 1013 2
515 1013 2
557 1013 2
615 1013 2
704 1013 2
708 1013 2
709 1013 2
1014 1013 2
1015 1013 2
144 1014 2
280 1014 2
515 1014 2
557 1014 2
615 1014 2
704 1014 2
708 1014 2
709 1014 2
1013 1014 2
1015 1014 2
144 1015 2
280 1015 2
515 1015 3
557 1015 2
615 1015 2
704 1015 2
708 1015 2
709 1015 2
1013 1015 2
1014 1015 2
450 1016 3
1017 1016 1
1153 1016 1
1154 1016 1
1155 1016 1
450 1017 1
1016 1017 1
369 1018 1
644 1018 1
683 1018 1
686 1018 1
1019 1018 1
1020 1018 1
1021 1018 1
1022 1018 1
369 1019 1
644 1019 1
683 1019 1
686 1019 1
1018 1019 1
1020 1019 1
1021 1019 1
1022 1019 1
369 1020 1
644 1020 1
683 1020 1
686 1020 1
1018 1020 1
1019 1020 1
1021 1020 1
1022 1020 1
369 1021 1
644 1021 1
683 1021 1
686 1021 1
1018 1021 1
1019 1021 1
1020 1021 1
1022 1021 1
369 1022 1
644 1022 1
683 1022 1
686 1022 1
1018 1022 1
1019 1022 1
1020 1022 1
1021 1022 1
338 1023 1
1024 1023 1
1025 1023 1
1026 1023 1
1027 1023 1
338 1024 1
1023 1024 1
1025 1024 1
1026 1024 1
1027 1024 1
338 1025 1
1023 1025 1
1024 1025 1
1026 1025 1
1027 1025 1
338 1026 1
1023 1026 1
1024 1026 1
1025 1026 1
1027 1026 1
338 1027 1
1023 1027 1
1024 1027 1
1025 1027 1
1026 1027 1
821 1028 1
822 1028 1
826 1028 1
1029 1028 1
821 1029 1
822 1029 1
826 1029 1
1028 1029 1
651 1030 1
696 1030 1
697 1030 1
1031 1030 1
1032 1030 1
1033 1030 1
1034 1030 1
1035 1030 1
1036 1030 1
1037 1030 1
1038 1030 1
651 1031 1
696 1031 1
697 1031 1
1030 1031 1
1032 1031 1
1033 1031 1
1034 1031 1
1035 1031 1
1036 1031 1
1037 1031 1
1038 1031 1
651 1032 1
696 1032 1
697 1032 1
1030 1032 1
1031 1032 1
1033 1032 1
1034 1032 1
1035 1032 1
1036 1032 1
1037 1032 1
1038 1032 1
651 1033 1
696 1033 1
697 1033 1
1030 1033 1
1031 1033 1
1032 1033 1
1034 1033 1
1035 1033 1
1036 1033 1
1037 1033 1
1038 1033 1
651 1034 1
696 1034 1
697 1034 1
1030 1034 1
1031 1034 1
1032 1034 1
1033 1034 1
1035 1034 1
1036 1034 1
1037 1034 1
1038 1034 1
651 1035 1
696 1035 1
697 1035 1
1030 1035 1
1031 1035 1
1032 1035 1
1033 1035 1
1034 1035 1
1036 1035 1
1037 1035 1
1038 1035 1
651 1036 1
696 1036 1
697 1036 1
1030 1036 1
1031 1036 1
1032 1036 1
1033 1036 1
1034 1036 1
1035 1036 1
1037 1036 1
1038 1036 1
651 1037 1
696 1037 1
697 1037 1
1030 1037 1
1031 1037 1
1032 1037 1
1033 1037 1
1034 1037 1
1035 1037 1
1036 1037 1
1038 1037 1
651 1038 1
696 1038 1
697 1038 1
1030 1038 1
1031 1038 1
1032 1038 1
1033 1038 1
1034 1038 1
1035 1038 1
1036 1038 1
1037 1038 1
81 1039 1
248 1039 1
252 1039 1
706 1039 1
165 1040 1
243 1040 1
313 1040 1
334 1040 1
364 1040 1
377 1040 1
26 1041 1
1043 1042 1
1044 1042 1
1045 1042 1
1042 1043 1
1044 1043 1
1045 1043 1
1042 1044 1
1043 1044 1
1045 1044 1
1042 1045 1
1043 1045 1
1044 1045 1
29 1046 1
324 1046 1
405 1046 1
1047 1046 1
29 1047 1
324 1047 1
405 1047 1
1046 1047 1
496 1048 1
951 1048 1
953 1048 1
1049 1048 1
496 1049 1
951 1049 1
953 1049 1
1048 1049 1
36 1050 1
1051 1050 1
36 1051 1
1050 1051 1
947 1052 1
1053 1052 1
1054 1052 1
947 1053 1
1052 1053 1
1054 1053 1
947 1054 1
1052 1054 1
1053 1054 1
563 1055 1
1056 1055 1
563 1056 1
1055 1056 1
315 1057 1
336 1057 1
664 1057 1
1058 1057 1
1059 1057 1
1060 1057 1
1061 1057 1
1062 1057 1
315 1058 1
336 1058 1
664 1058 1
1057 1058 1
1059 1058 1
1060 1058 1
1061 1058 1
1062 1058 1
315 1059 1
336 1059 1
664 1059 1
1057 1059 1
1058 1059 1
1060 1059 1
1061 1059 1
1062 1059 1
315 1060 1
336 1060 1
664 1060 1
1057 1060 1
1058 1060 1
1059 1060 1
1061 1060 1
1062 1060 1
315 1061 1
336 1061 1
664 1061 1
1057 1061 1
1058 1061 1
1059 1061 1
1060 1061 1
1062 1061 1
315 1062 1
336 1062 1
664 1062 1
1057 1062 1
1058 1062 1
1059 1062 1
1060 1062 1
1061 1062 1
15 1063 1
51 1063 1
309 1063 1
111 1064 1
154 1064 1
172 1064 1
1001 1064 1
65 1065 1
91 1065 1
138 1065 1
180 1065 1
84 1066 1
297 1066 1
298 1066 1
50 1067 1
217 1067 1
244 1067 2
1145 1067 1
1069 1068 1
1070 1068 1
1071 1068 1
1072 1068 1
1068 1069 1
1070 1069 1
1071 1069 1
1072 1069 1
1068 1070 1
1069 1070 1
1071 1070 1
1072 1070 1
1068 1071 1
1069 1071 1
1070 1071 1
1072 1071 1
1068 1072 1
1069 1072 1
1070 1072 1
1071 1072 1
113 1073 1
414 1073 1
509 1074 1
636 1074 1
76 1075 1
81 1075 1
77 1076 1
234 1077 1
475 1077 1
1078 1077 1
234 1078 1
475 1078 1
1077 1078 1
4 1079 1
319 1079 1
1080 1079 1
1081 1079 1
1082 1079 1
4 1080 1
319 1080 1
1079 1080 1
1081 1080 1
1082 1080 1
4 1081 1
319 1081 1
1079 1081 1
1080 1081 1
1082 1081 1
4 1082 1
319 1082 1
1079 1082 1
1080 1082 1
1081 1082 1
380 1083 1
422 1083 1
841 1083 1
1084 1083 1
1085 1083 1
380 1084 1
422 1084 1
841 1084 1
1083 1084 1
1085 1084 1
380 1085 1
422 1085 1
841 1085 1
1083 1085 1
1084 1085 1
1087 1086 1
1086 1087 1
317 1088 1
580 1088 1
321 1089 1
678 1089 1
707 1089 1
1090 1089 1
321 1090 2
678 1090 2
679 1090 1
680 1090 1
703 1090 1
707 1090 2
1089 1090 1
340 1091 1
341 1091 1
270 1092 1
661 1092 1
692 1092 1
286 1093 1
545 1093 1
517 1094 1
520 1094 1
521 1094 1
535 1094 1
564 1094 1
664 1094 1
403 1095 1
390 1096 1
393 1096 1
978 1096 1
137 1097 1
524 1097 1
3 1098 1
10 1098 1
43 1098 1
107 1098 1
109 1098 1
208 1098 1
581 1098 1
582 1098 1
666 1098 1
1099 1098 1
3 1099 1
10 1099 1
43 1099 1
107 1099 1
109 1099 1
208 1099 1
581 1099 1
582 1099 1
666 1099 1
1098 1099 1
415 1100 1
428 1100 1
471 1100 1
539 1100 1
612 1100 1
1101 1100 1
1102 1100 1
415 1101 1
428 1101 1
471 1101 1
539 1101 1
612 1101 1
1100 1101 1
1102 1101 1
415 1102 1
428 1102 1
471 1102 1
539 1102 1
612 1102 1
1100 1102 1
1101 1102 1
190 1103 1
535 1103 1
664 1103 1
319 1104 1
351 1104 1
534 1105 1
545 1105 1
353 1106 1
510 1106 1
280 1107 1
708 1107 1
1108 1107 1
280 1108 1
708 1108 1
1107 1108 1
44 1109 1
168 1109 1
376 1109 1
544 1109 1
641 1109 1
1110 1109 1
1111 1109 1
1112 1109 1
44 1110 1
168 1110 1
376 1110 1
544 1110 1
641 1110 1
1109 1110 1
1111 1110 1
1112 1110 1
44 1111 1
168 1111 1
376 1111 1
544 1111 1
641 1111 1
1109 1111 1
1110 1111 1
1112 1111 1
44 1112 1
168 1112 1
376 1112 1
544 1112 1
641 1112 1
1109 1112 1
1110 1112 1
1111 1112 1
204 1113 1
1114 1113 1
1115 1113 1
1116 1113 1
204 1114 1
1113 1114 1
1115 1114 1
1116 1114 1
204 1115 1
1113 1115 1
1114 1115 1
1116 1115 1
204 1116 1
1113 1116 1
1114 1116 1
1115 1116 1
517 1117 1
518 1117 1
519 1117 1
520 1117 1
521 1117 1
411 1118 1
1119 1118 1
411 1119 1
1118 1119 1
456 1120 1
1121 1120 1
1122 1120 1
456 1121 1
1120 1121 1
1122 1121 1
456 1122 1
1120 1122 1
1121 1122 1
283 1123 1
357 1123 1
670 1123 1
672 1123 1
694 1123 1
103 1124 2
1126 1125 1
1125 1126 1
256 1127 1
1128 1127 1
256 1128 1
1127 1128 1
541 1129 1
560 1129 1
688 1129 1
817 1130 1
1131 1130 1
817 1131 1
1130 1131 1
260 1132 1
176 1133 1
1134 1133 1
176 1134 1
1133 1134 1
1136 1135 1
1137 1135 1
1135 1136 1
1137 1136 1
1135 1137 1
1136 1137 1
559 1138 1
689 1138 1
17 1139 1
98 1139 1
214 1140 1
373 1140 1
338 1141 1
357 1142 1
670 1142 1
672 1142 1
694 1142 1
340 1143 1
1144 1143 1
340 1144 1
1143 1144 1
244 1145 1
1067 1145 1
357 1146 1
671 1146 1
1147 1146 1
357 1147 1
671 1147 1
1146 1147 1
118 1148 1
434 1148 1
553 1148 1
1149 1148 1
1150 1148 1
1151 1148 1
118 1149 1
434 1149 1
553 1149 1
1148 1149 1
1150 1149 1
1151 1149 1
118 1150 1
434 1150 1
553 1150 1
1148 1150 1
1149 1150 1
1151 1150 1
118 1151 1
434 1151 1
553 1151 1
1148 1151 1
1149 1151 1
1150 1151 1
388 1152 1
973 1152 1
450 1153 1
1016 1153 1
1154 1153 1
1155 1153 1
450 1154 1
1016 1154 1
1153 1154 1
1155 1154 1
450 1155 1
1016 1155 1
1153 1155 1
1154 1155 1
1157 1156 1
1156 1157 1
46 1158 1
106 1158 1
687 1158 1
1159 1158 1
46 1159 1
106 1159 1
687 1159 1
1158 1159 1
521 1160 1
1161 1160 1
521 1161 1
1160 1161 1
382 1162 1
606 1163 1
220 1164 1
555 1164 1
559 1164 1
652 1164 1
689 1164 1
1165 1164 1
220 1165 1
555 1165 1
559 1165 1
652 1165 1
689 1165 1
1164 1165 1
1167 1166 1
1168 1166 1
1166 1167 1
1168 1167 1
1166 1168 1
1167 1168 1
540 1169 1
545 1169 1
547 1169 1
554 1169 1
558 1169 1
559 1169 1
440 1170 1
