1212 1 1
1213 1 1
1214 1 1
431 2 2
1488 2 1
8 3 1
109 3 1
276 3 1
325 4 1
435 4 1
608 4 1
909 4 1
364 5 1
729 5 1
206 6 1
24 7 1
37 7 1
866 7 1
3 8 1
109 8 1
276 8 1
119 9 1
831 9 1
1537 9 1
249 10 1
307 10 1
1704 10 1
388 11 2
1096 11 1
1594 11 1
1681 11 1
173 12 1
505 12 1
1484 12 1
33 13 1
756 13 1
255 14 1
880 14 1
786 15 1
167 16 1
171 17 1
662 17 1
663 17 1
1453 17 1
50 18 2
440 18 1
1084 18 1
1088 18 2
1134 18 1
1135 18 1
1470 18 2
1471 18 1
1675 18 1
1676 18 1
308 19 1
555 19 1
1585 19 1
1586 19 1
400 20 1
419 20 1
561 20 1
1571 20 1
1572 20 1
474 21 1
595 22 1
1509 22 1
1510 22 1
1511 22 1
1512 22 1
311 23 2
1120 23 1
1206 23 1
7 24 1
37 24 2
62 24 1
158 24 1
216 24 1
866 24 1
987 24 1
1113 24 1
1114 24 1
1177 24 1
36 25 1
95 25 1
571 25 1
1700 25 1
27 26 1
66 26 1
164 26 1
743 26 1
26 27 1
743 27 1
40 28 1
47 28 1
92 28 1
89 29 1
1115 29 1
512 30 1
513 30 1
1235 30 1
194 31 1
1257 31 1
1258 31 1
111 32 1
318 32 1
560 32 1
1251 32 1
1441 32 1
1442 32 1
13 33 1
756 33 2
1089 34 1
1090 34 1
113 35 1
1609 35 1
25 36 1
95 36 1
298 36 3
571 36 1
720 36 2
1700 36 1
7 37 1
24 37 2
158 37 1
866 37 1
1113 37 1
1114 37 1
373 38 1
1393 38 1
1394 38 1
253 39 1
951 39 1
952 39 1
28 40 1
47 40 2
92 40 2
93 41 1
588 41 1
643 41 1
732 41 1
813 41 1
1705 41 1
1706 41 1
587 42 1
1548 42 1
1549 42 1
628 43 1
539 44 1
575 45 1
613 45 1
759 45 2
1087 45 2
1088 45 2
1182 45 1
1589 45 1
1341 46 1
28 47 1
40 47 2
92 47 2
407 47 1
408 47 2
1040 47 1
1077 47 1
174 48 1
953 49 1
18 50 2
440 50 1
1084 50 1
1134 50 1
1135 50 1
432 51 1
1232 51 1
586 52 1
587 52 1
264 53 1
349 53 1
694 53 1
67 54 1
379 54 1
496 54 1
665 54 1
681 54 1
787 54 1
802 54 1
1192 54 1
1193 54 1
609 55 1
715 56 1
1142 56 1
1110 57 1
1111 57 1
1112 57 1
92 58 1
1188 58 1
1189 58 1
1679 59 1
1680 59 1
153 60 1
195 60 1
1372 60 1
1373 60 1
207 61 1
24 62 1
216 62 1
772 62 1
1021 63 1
234 64 1
819 64 1
820 64 1
267 65 1
341 65 1
535 65 1
1532 65 2
26 66 1
164 66 1
54 67 1
379 67 1
496 67 1
665 67 1
681 67 1
787 67 1
802 67 1
1192 67 1
1193 67 1
972 68 1
142 69 1
422 69 1
475 69 1
560 69 1
179 70 1
193 70 1
779 70 1
1139 70 1
190 71 1
439 72 1
485 72 1
1580 73 1
1581 73 1
1622 74 1
1623 74 1
1624 74 1
1148 75 1
1149 75 1
1581 76 1
78 77 1
1174 77 1
1270 77 1
1271 77 1
77 78 1
1174 78 1
1270 78 1
1271 78 1
317 79 1
839 79 1
393 80 1
1420 80 1
638 81 1
1154 81 1
83 82 1
84 82 1
1119 82 1
82 83 1
84 83 1
1119 83 1
1169 83 1
82 84 1
83 84 1
1119 84 1
92 85 1
396 85 1
963 85 2
988 85 1
131 86 2
557 86 1
970 86 1
971 86 1
1027 86 1
1028 86 1
88 87 1
494 87 1
87 88 1
494 88 1
29 89 1
1115 89 1
847 90 1
885 91 1
28 92 1
40 92 2
47 92 2
58 92 1
85 92 1
963 92 1
988 92 1
1188 92 1
1189 92 1
41 93 1
643 93 1
732 93 1
813 93 1
1705 93 1
1706 93 1
576 94 1
25 95 1
36 95 1
571 95 1
1700 95 1
1211 96 1
669 97 1
1017 97 1
100 98 1
214 98 1
834 98 1
836 98 1
1691 98 1
1692 98 1
1693 98 1
188 99 1
98 100 1
214 100 1
834 100 1
836 100 1
1691 100 1
1692 100 1
1693 100 1
165 101 1
283 102 1
459 102 1
727 102 1
542 103 1
1166 103 1
502 104 1
1477 104 1
248 105 2
835 106 1
1321 106 1
525 107 1
1195 107 1
1196 107 1
1197 107 1
170 108 2
469 108 2
481 108 2
482 108 2
1454 108 1
3 109 1
8 109 1
276 109 1
1353 110 1
1354 110 1
32 111 1
560 111 1
1441 111 1
1442 111 1
115 112 1
372 112 1
740 112 1
900 112 1
35 113 1
1609 113 1
1731 114 1
112 115 1
372 115 1
466 116 1
394 117 1
395 117 1
1325 117 1
1326 117 1
1327 117 1
583 118 1
916 118 1
917 118 1
9 119 1
831 119 1
1537 119 1
286 120 1
1478 120 1
172 121 1
608 122 1
676 122 1
841 122 1
862 122 1
989 122 1
1233 122 1
536 123 1
1239 123 1
478 124 1
355 125 1
1612 125 1
699 126 1
1167 126 1
468 127 1
1713 128 1
1714 128 1
1715 128 1
441 129 1
212 130 1
256 130 1
1080 130 1
86 131 2
557 131 1
970 131 1
971 131 1
1027 131 1
1028 131 1
133 132 1
1430 132 1
132 133 1
1430 133 1
239 134 1
243 134 1
244 134 1
245 134 1
185 135 1
1597 135 1
1598 135 1
1599 135 1
1363 136 1
1208 137 2
1291 137 1
1688 137 1
145 138 1
161 138 1
416 138 1
296 139 1
777 139 1
801 139 1
1371 140 1
691 141 1
781 141 1
805 141 1
69 142 1
560 142 1
1240 142 1
1388 142 1
1389 142 1
1390 142 1
237 143 1
1424 143 1
1340 144 1
138 145 1
161 145 1
416 145 1
1019 146 1
1178 147 3
1216 147 1
1655 147 2
1735 147 1
1736 147 1
1737 147 1
336 148 1
897 148 1
898 148 1
899 148 1
1277 149 1
151 150 1
830 150 1
1648 150 1
150 151 1
830 151 1
1648 151 1
1287 152 1
1288 152 1
60 153 1
195 153 1
1372 153 1
1373 153 1
1099 154 1
184 155 1
1198 155 1
169 156 1
336 156 1
938 157 1
973 157 1
1129 157 1
24 158 1
37 158 1
1113 158 1
1114 158 1
160 159 1
159 160 1
138 161 1
145 161 1
416 161 1
1708 162 1
1709 162 1
810 163 1
26 164 1
66 164 1
101 165 1
192 166 1
287 166 1
16 167 1
301 167 1
705 167 1
763 167 1
171 168 1
156 169 1
336 169 1
108 170 2
469 170 2
481 170 2
482 170 2
1454 170 1
17 171 1
168 171 1
290 171 1
291 171 1
299 171 1
352 171 1
371 171 1
401 171 1
1658 171 1
1659 171 1
121 172 1
12 173 1
505 173 1
1484 173 1
48 174 1
287 175 1
944 175 1
180 176 1
932 176 1
1529 176 1
1530 176 1
178 177 1
610 177 1
177 178 1
181 178 1
235 178 1
586 178 1
587 178 1
612 178 1
1383 178 1
70 179 1
779 179 1
176 180 1
932 180 2
178 181 1
442 181 1
443 181 1
444 181 1
1383 181 1
183 182 1
428 182 1
182 183 1
428 183 1
155 184 1
1198 184 1
135 185 1
1597 185 1
1598 185 1
1599 185 1
510 186 1
1041 186 1
605 187 1
1046 187 2
99 188 1
1492 189 1
71 190 1
684 191 2
1029 191 2
1068 191 1
166 192 1
287 192 1
1328 192 1
1329 192 1
70 193 1
31 194 1
1257 194 1
1258 194 1
60 195 1
153 195 1
1372 195 1
1373 195 1
220 196 1
405 196 1
608 197 1
725 198 1
742 198 1
1246 198 1
854 199 1
203 200 1
340 200 1
414 201 1
782 201 1
1301 201 1
397 202 1
200 203 1
340 203 1
1010 204 1
923 205 1
6 206 1
61 207 1
236 207 1
719 207 1
1374 207 1
1375 207 1
682 208 1
974 208 1
449 209 1
750 209 1
1300 209 1
441 210 1
672 210 1
1132 211 1
1506 211 1
1723 211 1
130 212 1
1080 212 1
828 213 1
1738 213 1
98 214 1
100 214 1
834 214 1
836 214 1
1691 214 1
1692 214 1
1693 214 1
654 215 1
735 215 1
739 215 1
1276 215 1
1501 215 1
1502 215 1
24 216 1
62 216 1
1689 217 1
1690 217 1
537 218 1
230 219 1
196 220 1
405 220 1
223 221 1
795 222 1
796 222 1
798 222 1
221 223 1
1048 224 1
1049 224 1
335 225 1
437 225 1
251 226 1
649 226 1
760 227 1
767 228 1
823 229 1
824 229 1
219 230 1
544 231 2
247 232 1
362 232 1
359 233 1
374 233 1
1215 233 1
64 234 1
819 234 1
820 234 1
178 235 1
586 235 1
207 236 1
1374 236 1
1375 236 1
143 237 1
1424 237 1
430 238 1
462 238 1
134 239 1
243 239 1
244 239 1
245 239 1
332 240 1
1619 240 1
1620 240 1
1621 240 1
1334 241 1
1335 241 1
327 242 1
134 243 1
239 243 1
244 243 1
245 243 1
134 244 1
239 244 1
243 244 1
245 244 1
134 245 1
239 245 1
243 245 1
244 245 1
683 246 1
1117 246 1
1118 246 1
232 247 1
362 247 1
105 248 2
10 249 1
307 249 1
1704 249 1
661 250 1
697 250 1
1141 250 1
226 251 1
649 251 1
703 251 1
731 251 1
1226 251 1
1362 251 1
487 252 1
548 252 1
602 252 1
614 252 1
776 252 1
931 252 1
1660 252 1
1661 252 1
1662 252 1
39 253 1
951 253 1
952 253 1
293 254 1
1649 254 1
14 255 1
880 255 1
130 256 1
312 257 1
313 257 1
344 257 1
367 257 1
455 257 1
553 257 1
579 257 1
644 257 1
647 257 1
886 257 1
887 257 1
888 257 1
986 258 1
965 259 1
966 259 1
967 259 1
298 260 1
639 260 1
467 261 1
744 261 1
822 262 1
533 263 1
534 263 1
1185 263 1
53 264 1
873 265 1
302 266 1
418 266 1
775 266 1
65 267 1
341 267 1
535 267 1
1532 267 1
554 268 1
1183 268 1
1184 268 1
1607 269 1
1608 269 1
1686 270 1
586 271 1
523 272 1
1200 272 1
336 273 1
1500 273 1
365 274 1
541 274 1
641 274 1
852 274 1
303 275 1
476 275 1
551 275 1
3 276 1
8 276 1
109 276 1
1108 277 1
1109 277 1
339 278 1
578 278 1
1052 279 1
1022 280 1
1023 280 1
1452 281 1
342 282 1
436 282 1
102 283 1
459 283 1
727 283 1
538 284 1
495 285 1
778 285 1
783 285 1
120 286 1
1478 286 2
1518 286 1
166 287 1
175 287 1
192 287 1
944 287 1
1292 287 1
710 288 1
808 288 2
969 288 1
1126 288 1
1220 288 1
375 289 2
1528 289 2
1593 289 1
171 290 1
291 290 3
299 290 1
352 290 1
371 290 1
401 290 1
1656 290 2
1657 290 2
1658 290 1
1659 290 1
171 291 1
290 291 3
299 291 1
352 291 1
371 291 1
401 291 1
1656 291 2
1657 291 2
1658 291 1
1659 291 1
385 292 1
254 293 1
1649 293 1
337 294 1
298 295 1
720 295 1
1606 295 1
139 296 1
777 296 1
801 296 1
668 297 1
36 298 3
260 298 1
295 298 1
322 298 1
639 298 1
700 298 1
714 298 1
720 298 3
734 298 1
933 298 1
956 298 1
1311 298 1
1538 298 1
1606 298 1
1614 298 1
1739 298 1
171 299 1
290 299 1
291 299 1
352 299 1
371 299 1
401 299 1
1658 299 1
1659 299 1
708 300 1
167 301 1
705 301 1
763 301 1
266 302 1
418 302 1
775 302 1
275 303 1
520 304 1
1122 304 1
1503 305 1
1007 306 1
10 307 1
249 307 1
1704 307 1
19 308 1
555 308 1
1585 308 1
1586 308 1
846 309 1
838 310 1
23 311 2
1120 311 1
1206 311 1
257 312 1
313 312 1
344 312 1
367 312 1
455 312 1
553 312 1
579 312 1
644 312 1
647 312 1
761 312 1
886 312 1
887 312 1
888 312 1
257 313 1
312 313 1
344 313 1
367 313 1
455 313 1
553 313 1
579 313 1
644 313 1
647 313 1
886 313 1
887 313 1
888 313 1
954 314 1
955 314 1
392 315 1
471 315 2
427 316 1
483 316 1
79 317 1
839 317 1
32 318 1
1251 318 1
1440 319 1
1369 320 1
1370 320 1
1418 321 1
1419 321 1
298 322 1
734 322 1
933 322 1
1423 323 1
1435 324 1
1436 324 1
1437 324 1
4 325 1
376 326 1
377 326 1
242 327 1
330 328 1
892 329 1
328 330 1
603 331 1
666 331 1
667 331 1
1234 331 1
240 332 1
1619 332 1
1620 332 1
1621 332 1
334 333 1
1194 333 1
333 334 1
1194 334 1
225 335 1
437 335 1
148 336 1
156 336 1
169 336 1
273 336 1
596 336 1
897 336 1
898 336 1
899 336 1
1121 336 1
1500 336 1
294 337 1
1399 337 1
766 338 1
278 339 1
578 339 1
200 340 1
203 340 1
65 341 1
267 341 1
535 341 1
1532 341 1
282 342 1
436 342 1
517 343 1
1535 343 1
1536 343 1
257 344 1
312 344 1
313 344 1
367 344 1
455 344 1
553 344 1
579 344 1
644 344 1
647 344 1
886 344 1
887 344 1
888 344 1
701 345 1
702 345 1
671 346 1
997 347 1
998 347 1
867 348 1
1505 348 1
53 349 1
829 349 1
1687 349 1
721 350 1
1531 350 1
849 351 1
171 352 1
290 352 1
291 352 1
299 352 1
371 352 1
401 352 1
1658 352 1
1659 352 1
380 353 1
1646 353 1
1647 353 1
381 354 1
450 354 1
125 355 1
1377 355 1
1378 355 1
1379 355 1
1612 355 1
570 356 1
936 356 1
1290 357 1
996 358 1
233 359 1
374 359 1
1215 359 1
382 360 2
632 360 2
633 360 2
634 360 1
635 360 1
556 361 1
1345 361 1
1346 361 1
1347 361 1
232 362 1
247 362 1
663 363 1
5 364 1
729 364 1
274 365 1
852 365 1
491 366 1
773 366 1
257 367 1
312 367 1
313 367 1
344 367 1
455 367 1
553 367 1
579 367 1
644 367 1
647 367 1
886 367 1
887 367 1
888 367 1
1106 368 1
370 369 1
883 369 1
369 370 1
883 370 1
171 371 1
290 371 1
291 371 1
299 371 1
352 371 1
401 371 1
1658 371 1
1659 371 1
1707 371 1
112 372 1
115 372 1
38 373 1
1393 373 1
1394 373 1
233 374 1
359 374 1
1215 374 1
289 375 2
1528 375 2
1593 375 1
326 376 1
377 376 1
326 377 1
376 377 1
1247 378 1
54 379 1
67 379 1
496 379 1
665 379 1
681 379 1
787 379 1
802 379 1
1192 379 1
1193 379 1
353 380 1
1646 380 1
1647 380 1
354 381 1
450 381 1
360 382 2
632 382 2
633 382 2
634 382 1
635 382 1
597 383 1
926 383 1
454 384 2
600 384 1
1289 384 1
292 385 1
464 386 1
489 386 1
800 386 1
1152 387 1
1153 387 1
11 388 2
716 389 1
1710 389 1
1724 390 1
1725 390 1
1726 390 1
452 391 1
1107 391 1
1147 391 1
315 392 1
471 392 1
80 393 1
825 393 1
840 393 1
1420 393 1
1573 393 2
1574 393 1
117 394 1
395 394 1
1325 394 1
1326 394 1
1327 394 1
117 395 1
394 395 1
1325 395 1
1326 395 1
1327 395 1
85 396 1
963 396 1
202 397 1
399 398 1
398 399 1
1318 399 1
1319 399 1
20 400 1
419 400 1
561 400 1
1571 400 1
1572 400 1
171 401 1
290 401 1
291 401 1
299 401 1
352 401 1
371 401 1
1658 401 1
1659 401 1
403 402 1
402 403 1
1042 403 1
1400 404 1
1401 404 1
196 405 1
220 405 1
407 406 1
1036 406 1
1037 406 1
47 407 1
406 407 1
891 407 1
1036 407 1
1037 407 1
1040 407 1
47 408 2
979 408 2
1077 408 1
755 409 1
1490 409 1
1491 409 1
1085 410 1
1086 410 1
1694 411 1
1695 411 1
799 412 1
1205 412 1
755 413 1
764 413 1
1701 413 1
1702 413 1
1703 413 1
201 414 1
782 414 1
1301 414 1
433 415 1
851 415 1
138 416 1
145 416 1
161 416 1
421 417 1
616 417 1
266 418 1
302 418 1
775 418 1
20 419 1
400 419 1
561 419 1
1571 419 1
1572 419 1
874 420 1
417 421 1
616 421 1
69 422 1
475 422 1
1250 423 1
504 424 1
865 424 1
1199 425 1
549 426 1
550 426 1
316 427 1
483 427 1
182 428 1
183 428 1
864 428 1
1380 429 1
238 430 1
462 430 1
2 431 2
1006 431 1
1487 431 1
1488 431 2
1489 431 1
51 432 1
1232 432 1
415 433 1
851 433 1
1281 434 1
4 435 1
608 435 1
909 435 1
282 436 1
342 436 1
225 437 1
335 437 1
749 438 1
1261 438 1
72 439 1
485 439 1
1455 439 1
1456 439 1
1457 439 1
18 440 1
50 440 1
1134 440 1
1135 440 1
129 441 1
210 441 1
473 441 1
672 441 1
826 441 2
1265 441 1
181 442 1
443 442 1
444 442 1
181 443 1
442 443 1
444 443 1
181 444 1
442 444 1
443 444 1
493 445 1
501 445 1
788 445 1
1504 446 1
457 447 1
1415 448 1
1416 448 1
1417 448 1
209 449 1
1300 449 1
354 450 1
381 450 1
957 451 1
958 451 1
391 452 1
1107 452 1
1650 453 1
1651 453 1
384 454 2
600 454 1
1289 454 1
257 455 1
312 455 1
313 455 1
344 455 1
367 455 1
553 455 1
579 455 1
644 455 1
647 455 1
886 455 1
887 455 1
888 455 1
540 456 1
855 456 1
1057 456 1
447 457 1
1674 458 1
102 459 1
283 459 1
712 459 2
727 459 1
1020 459 1
512 460 1
513 460 1
691 461 1
709 461 1
861 461 1
238 462 1
430 462 1
1102 462 1
1103 462 1
524 463 1
1493 463 1
1494 463 1
1495 463 1
386 464 1
489 464 1
618 465 1
619 465 1
116 466 1
261 467 1
744 467 1
127 468 1
108 469 2
170 469 2
481 469 2
482 469 2
1454 469 1
679 470 1
315 471 2
392 471 1
1547 472 1
441 473 1
826 473 1
21 474 1
69 475 1
422 475 1
275 476 1
551 476 1
992 477 1
124 478 1
480 479 1
479 480 1
108 481 2
170 481 2
469 481 2
482 481 2
1454 481 1
108 482 2
170 482 2
469 482 2
481 482 2
1454 482 1
316 483 1
427 483 1
603 484 1
611 484 1
856 484 1
72 485 1
439 485 1
880 486 1
252 487 1
602 487 1
499 488 1
818 488 1
386 489 1
464 489 1
1078 490 1
366 491 1
773 491 1
552 492 1
445 493 1
501 493 1
788 493 1
87 494 1
88 494 1
285 495 1
778 495 1
783 495 1
54 496 1
67 496 1
379 496 1
665 496 1
681 496 1
787 496 1
802 496 1
1192 496 1
1193 496 1
857 497 1
858 497 1
582 498 1
1387 498 1
1408 498 1
1409 498 1
1410 498 1
488 499 1
818 499 1
631 500 1
445 501 1
493 501 1
788 501 1
104 502 1
1477 502 1
1376 503 1
424 504 1
865 504 1
12 505 1
173 505 1
1484 505 1
650 506 1
675 506 1
1303 506 1
868 507 1
869 507 1
518 508 1
1467 508 1
940 509 1
941 509 1
186 510 1
1041 510 1
613 511 1
1468 511 1
1469 511 1
30 512 1
460 512 1
513 512 2
1140 512 1
1235 512 2
1682 512 1
30 513 1
460 513 1
512 513 2
1235 513 1
1575 514 1
817 515 1
964 515 1
1130 516 1
343 517 1
1535 517 1
1536 517 1
508 518 1
1467 518 1
962 519 1
977 519 1
978 519 1
304 520 1
918 520 1
919 520 1
1122 520 1
1179 521 1
1684 522 1
272 523 1
1200 523 1
463 524 1
1493 524 1
1494 524 1
1495 524 1
107 525 1
1195 525 1
1196 525 1
1197 525 1
1063 526 1
627 527 1
1348 527 1
1349 527 1
1350 527 1
1351 527 1
529 528 2
1061 528 1
1062 528 1
528 529 2
1060 529 1
1061 529 1
1062 529 1
1071 530 1
757 531 1
1670 532 1
263 533 1
534 533 1
1185 533 1
263 534 1
533 534 1
1185 534 1
65 535 1
267 535 1
341 535 1
1532 535 1
123 536 1
1239 536 1
218 537 1
284 538 1
44 539 1
456 540 1
855 540 1
274 541 1
641 541 1
103 542 1
1166 542 1
1359 543 1
1360 543 1
1361 543 1
231 544 2
1079 545 1
621 546 1
623 546 1
1514 547 1
1616 547 1
1617 547 1
1618 547 1
252 548 1
931 548 1
426 549 1
550 549 1
426 550 1
549 550 1
275 551 1
476 551 1
492 552 1
257 553 1
312 553 1
313 553 1
344 553 1
367 553 1
455 553 1
579 553 1
644 553 1
647 553 1
886 553 1
887 553 1
888 553 1
268 554 1
1183 554 1
1184 554 1
1403 554 1
19 555 1
308 555 1
1585 555 1
1586 555 1
361 556 1
1345 556 1
1346 556 1
1347 556 1
86 557 1
131 557 1
1027 557 1
1028 557 1
811 558 1
812 558 1
1479 558 1
1480 558 1
875 559 1
32 560 1
69 560 1
111 560 1
142 560 1
1441 560 1
1442 560 1
20 561 1
400 561 1
419 561 1
1571 561 1
1572 561 1
563 562 1
1312 562 1
562 563 1
1312 563 1
1024 564 1
1025 564 1
1026 564 1
646 565 1
1076 566 1
648 567 1
1059 567 1
746 568 1
1425 569 1
1426 569 1
1427 569 1
1428 569 1
356 570 1
936 570 1
25 571 1
36 571 1
95 571 1
1700 571 1
655 572 1
722 572 1
746 572 1
574 573 1
573 574 1
45 575 1
613 575 1
1486 575 1
1589 575 1
1677 575 1
94 576 1
863 577 1
278 578 1
339 578 1
257 579 1
312 579 1
313 579 1
344 579 1
367 579 1
455 579 1
553 579 1
644 579 1
647 579 1
886 579 1
887 579 1
888 579 1
924 580 1
925 580 1
784 581 1
498 582 1
1387 582 1
1408 582 1
1409 582 1
1410 582 1
118 583 1
916 583 1
917 583 1
1732 584 1
1116 585 1
1615 585 1
52 586 1
178 586 1
235 586 1
271 586 1
587 586 1
845 586 1
848 586 1
42 587 1
52 587 1
178 587 1
586 587 1
612 587 1
901 587 1
1548 587 1
1549 587 1
41 588 1
1259 589 1
1260 589 1
907 590 1
908 590 1
592 591 1
593 591 1
591 592 1
593 592 1
591 593 1
592 593 1
718 594 1
937 594 1
22 595 1
1509 595 1
1510 595 1
1511 595 1
1512 595 1
336 596 1
383 597 1
926 597 1
1533 598 2
1534 598 2
629 599 1
939 599 1
384 600 1
454 600 1
1289 600 1
872 601 1
252 602 1
487 602 1
331 603 1
484 603 1
611 603 1
666 603 1
667 603 1
856 603 1
1234 603 1
657 604 1
754 604 1
187 605 1
1046 605 1
607 606 1
606 607 1
4 608 1
122 608 1
197 608 1
435 608 1
637 608 2
862 608 2
909 608 1
922 608 1
1094 608 1
1095 608 1
55 609 1
177 610 1
484 611 1
603 611 1
856 611 1
178 612 1
587 612 1
45 613 1
511 613 1
575 613 1
1468 613 1
1469 613 1
1589 613 1
252 614 1
726 614 1
1712 614 1
859 615 1
860 615 1
417 616 1
421 616 1
1685 617 1
465 618 1
619 618 1
465 619 1
618 619 1
1047 620 1
546 621 1
623 621 1
771 622 1
881 622 1
882 622 1
884 622 1
546 623 1
621 623 1
790 624 1
1217 624 1
626 625 1
625 626 1
527 627 1
1348 627 1
1349 627 1
1350 627 1
1351 627 1
43 628 1
599 629 1
939 629 1
1055 630 1
500 631 1
360 632 2
382 632 2
633 632 2
634 632 1
635 632 1
360 633 2
382 633 2
632 633 2
634 633 1
635 633 1
360 634 1
382 634 1
632 634 1
633 634 1
635 634 1
360 635 1
382 635 1
632 635 1
633 635 1
634 635 1
695 636 1
1058 636 1
608 637 2
922 637 1
1094 637 1
1095 637 1
81 638 1
1154 638 1
260 639 1
298 639 1
797 640 1
274 641 1
541 641 1
853 642 1
1519 642 1
1520 642 1
1521 642 1
1522 642 1
1526 642 1
1527 642 1
41 643 1
93 643 1
732 643 1
738 643 1
813 643 1
1131 643 1
1132 643 1
1705 643 1
1706 643 1
257 644 1
312 644 1
313 644 1
344 644 1
367 644 1
455 644 1
553 644 1
579 644 1
647 644 1
886 644 1
887 644 1
888 644 1
792 645 1
1100 645 1
1101 645 1
1411 645 1
565 646 1
257 647 1
312 647 1
313 647 1
344 647 1
367 647 1
455 647 1
553 647 1
579 647 1
644 647 1
886 647 1
887 647 1
888 647 1
567 648 1
1059 648 1
226 649 1
251 649 1
506 650 1
675 650 1
1303 650 1
745 651 1
747 651 1
816 651 1
1727 652 1
690 653 1
1218 653 1
215 654 1
735 654 1
1501 654 1
1502 654 1
572 655 1
722 655 1
746 655 1
1252 656 1
1253 656 1
1254 656 1
1255 656 1
1256 656 1
604 657 1
754 657 1
659 658 1
741 658 1
1056 658 1
658 659 1
741 659 1
850 660 1
250 661 1
697 661 1
1141 661 1
17 662 1
663 662 1
1453 662 1
17 663 1
363 663 1
662 663 1
1453 663 1
1187 664 1
54 665 1
67 665 1
379 665 1
496 665 1
681 665 1
787 665 1
802 665 1
1192 665 1
1193 665 1
331 666 1
603 666 1
667 666 2
1234 666 1
331 667 1
603 667 1
666 667 2
1234 667 1
1429 667 1
297 668 1
97 669 1
1219 670 1
346 671 1
815 671 1
210 672 1
441 672 1
1683 673 1
1496 674 1
1497 674 1
1498 674 1
1499 674 1
506 675 1
650 675 1
1303 675 1
122 676 1
841 676 1
984 677 1
1190 678 1
1191 678 1
470 679 1
1018 680 1
54 681 1
67 681 1
379 681 1
496 681 1
665 681 1
787 681 1
802 681 1
1192 681 1
1193 681 1
208 682 1
974 682 2
1054 682 1
246 683 1
1117 683 1
1118 683 1
191 684 2
1029 684 2
1097 685 1
1098 685 1
751 686 1
1523 686 1
784 687 1
1123 688 1
1124 688 1
1125 688 1
732 689 1
737 689 1
653 690 1
1218 690 1
141 691 1
461 691 1
709 691 1
781 691 2
805 691 1
861 691 1
1035 691 1
807 692 1
808 692 1
733 693 1
53 694 1
707 694 1
730 694 1
753 694 1
636 695 1
1058 695 1
1127 696 1
250 697 1
661 697 1
1141 697 1
875 698 1
896 698 1
126 699 1
1167 699 1
298 700 1
345 701 1
702 701 1
345 702 1
701 702 1
251 703 1
1362 703 1
1711 704 1
167 705 1
301 705 1
763 705 1
1610 706 1
694 707 1
753 707 1
300 708 1
461 709 1
691 709 1
861 709 1
288 710 1
711 710 2
808 710 1
969 710 1
1126 710 1
710 711 2
459 712 2
1133 713 1
1146 713 1
298 714 1
56 715 1
1142 715 1
389 716 1
1710 716 1
1320 717 1
594 718 1
937 718 1
207 719 1
36 720 2
295 720 1
298 720 3
1606 720 1
350 721 1
1531 721 1
572 722 1
655 722 1
746 722 1
1128 723 1
758 724 1
980 724 1
198 725 1
742 725 1
1246 725 1
614 726 1
102 727 1
283 727 1
459 727 1
1412 728 1
5 729 1
364 729 1
694 730 1
251 731 1
1226 731 1
41 732 1
93 732 1
643 732 1
689 732 1
737 732 1
813 732 1
1705 732 1
1706 732 1
693 733 1
298 734 1
322 734 1
933 734 1
215 735 1
654 735 1
1501 735 1
1502 735 1
1463 736 1
1464 736 1
1465 736 1
1587 736 1
1588 736 2
1602 736 1
1603 736 1
689 737 1
732 737 1
643 738 1
1131 738 2
1132 738 1
215 739 1
1276 739 1
112 740 1
900 740 1
658 741 1
659 741 1
198 742 1
725 742 1
1246 742 1
26 743 1
27 743 1
1613 743 1
261 744 1
467 744 1
651 745 1
747 745 1
816 745 1
568 746 1
572 746 1
655 746 1
722 746 1
651 747 1
745 747 1
816 747 1
985 748 1
438 749 1
1261 749 1
209 750 1
686 751 1
1523 751 1
1472 752 1
1473 752 1
694 753 1
707 753 1
604 754 1
657 754 1
409 755 1
413 755 1
764 755 1
1490 755 1
1491 755 1
1701 755 1
1702 755 1
1703 755 1
13 756 1
33 756 2
531 757 1
724 758 1
980 758 1
45 759 2
1087 759 1
1088 759 1
227 760 1
312 761 1
1002 762 1
1003 762 1
1004 762 1
1005 762 1
167 763 1
301 763 1
705 763 1
413 764 1
755 764 1
1701 764 1
1702 764 1
1703 764 1
1293 765 1
1294 765 1
1295 765 1
1296 765 1
1297 765 1
338 766 1
228 767 1
1402 768 1
1298 769 1
1299 769 1
1333 769 1
803 770 1
876 770 1
877 770 1
622 771 1
881 771 1
882 771 1
62 772 1
366 773 1
491 773 1
1466 774 1
266 775 1
302 775 1
418 775 1
252 776 1
139 777 1
296 777 1
801 777 1
285 778 1
495 778 1
783 778 1
70 779 1
179 779 1
1150 780 1
1151 780 1
141 781 1
691 781 2
805 781 1
1035 781 1
201 782 1
414 782 1
1301 782 1
285 783 1
495 783 1
778 783 1
581 784 1
687 784 1
934 785 1
935 785 1
15 786 1
54 787 1
67 787 1
379 787 1
496 787 1
665 787 1
681 787 1
802 787 1
1192 787 1
1193 787 1
445 788 1
493 788 1
501 788 1
1081 789 1
1082 789 1
1083 789 1
624 790 1
1217 790 1
1678 791 1
645 792 1
1411 792 1
1280 793 1
1066 794 1
1067 794 1
222 795 1
796 795 1
798 795 1
222 796 1
795 796 1
798 796 1
640 797 1
222 798 1
795 798 1
796 798 1
412 799 1
1205 799 1
386 800 1
139 801 1
296 801 1
777 801 1
54 802 1
67 802 1
379 802 1
496 802 1
665 802 1
681 802 1
787 802 1
1192 802 1
1193 802 1
770 803 1
1443 804 1
1444 804 1
1445 804 1
141 805 1
691 805 1
781 805 1
1231 806 1
692 807 1
808 807 1
288 808 2
692 808 1
710 808 1
807 808 1
969 808 1
1126 808 1
1220 808 1
981 809 1
982 809 1
983 809 1
163 810 1
558 811 1
812 811 1
1479 811 1
1480 811 1
558 812 1
811 812 1
1479 812 1
1480 812 1
41 813 1
93 813 1
643 813 1
732 813 1
1705 813 1
1706 813 1
821 814 1
1186 814 1
671 815 1
651 816 1
745 816 1
747 816 1
515 817 1
964 817 1
1434 817 1
488 818 1
499 818 1
64 819 1
234 819 1
820 819 1
64 820 1
234 820 1
819 820 1
814 821 1
1034 821 1
1186 821 1
262 822 1
229 823 1
824 823 1
229 824 1
823 824 1
393 825 1
840 825 1
1573 825 1
441 826 2
473 826 1
1265 826 1
914 827 1
915 827 1
213 828 1
1738 828 1
349 829 1
1687 829 1
150 830 1
151 830 1
1648 830 1
9 831 1
119 831 1
903 831 1
1537 831 1
1611 831 1
1201 832 1
1202 832 1
1352 833 1
98 834 1
100 834 1
214 834 1
836 834 1
1691 834 1
1692 834 1
1693 834 1
106 835 1
1321 835 1
98 836 1
100 836 1
214 836 1
834 836 1
1691 836 1
1692 836 1
1693 836 1
838 837 1
1413 837 1
1414 837 1
310 838 1
837 838 1
1413 838 1
1414 838 1
79 839 1
317 839 1
393 840 1
825 840 1
1573 840 1
122 841 1
676 841 1
843 842 1
844 842 1
842 843 1
844 843 1
1091 843 1
842 844 1
843 844 1
586 845 1
309 846 1
90 847 1
586 848 1
351 849 1
660 850 1
415 851 1
433 851 1
274 852 1
365 852 1
642 853 1
199 854 1
456 855 1
540 855 1
484 856 1
603 856 1
611 856 1
497 857 1
858 857 1
497 858 1
857 858 1
615 859 1
860 859 1
615 860 1
859 860 1
461 861 1
691 861 1
709 861 1
122 862 1
608 862 2
577 863 1
428 864 1
424 865 1
504 865 1
7 866 1
24 866 1
37 866 1
348 867 1
507 868 1
869 868 1
507 869 1
868 869 1
871 870 1
870 871 1
601 872 1
265 873 1
420 874 1
559 875 1
698 875 1
896 875 1
770 876 1
877 876 1
770 877 1
876 877 1
879 878 1
878 879 1
14 880 1
255 880 1
486 880 1
622 881 1
771 881 1
882 881 1
622 882 1
771 882 1
881 882 1
369 883 1
370 883 1
622 884 1
91 885 1
257 886 1
312 886 1
313 886 1
344 886 1
367 886 1
455 886 1
553 886 1
579 886 1
644 886 1
647 886 1
887 886 1
888 886 1
257 887 1
312 887 1
313 887 1
344 887 1
367 887 1
455 887 1
553 887 1
579 887 1
644 887 1
647 887 1
886 887 1
888 887 1
257 888 1
312 888 1
313 888 1
344 888 1
367 888 1
455 888 1
553 888 1
579 888 1
644 888 1
647 888 1
886 888 1
887 888 1
890 889 1
889 890 1
407 891 1
329 892 1
894 893 1
895 893 1
893 894 1
895 894 1
893 895 1
894 895 1
698 896 1
875 896 1
148 897 1
336 897 1
898 897 1
899 897 1
148 898 1
336 898 1
897 898 1
899 898 1
148 899 1
336 899 1
897 899 1
898 899 1
112 900 1
740 900 1
587 901 1
903 902 1
831 903 1
902 903 1
1611 903 1
905 904 1
906 904 1
904 905 1
906 905 1
904 906 1
905 906 1
590 907 1
908 907 1
590 908 1
907 908 1
4 909 1
435 909 1
608 909 1
911 910 1
910 911 1
913 912 1
912 913 1
827 914 1
915 914 1
827 915 1
914 915 1
118 916 1
583 916 1
917 916 1
118 917 1
583 917 1
916 917 1
520 918 1
919 918 1
520 919 1
918 919 1
921 920 1
920 921 1
608 922 1
637 922 1
205 923 1
580 924 1
925 924 1
580 925 1
924 925 1
383 926 1
597 926 1
928 927 1
927 928 1
930 929 1
929 930 1
252 931 1
548 931 1
176 932 1
180 932 2
298 933 1
322 933 1
734 933 1
785 934 1
935 934 1
785 935 1
934 935 1
356 936 1
570 936 1
594 937 1
718 937 1
157 938 1
599 939 1
629 939 1
509 940 1
941 940 1
509 941 1
940 941 1
943 942 1
942 943 1
175 944 1
287 944 1
946 945 1
947 945 1
948 945 1
949 945 1
950 945 1
945 946 1
947 946 1
948 946 1
949 946 1
950 946 1
945 947 1
946 947 1
948 947 1
949 947 1
950 947 1
945 948 1
946 948 1
947 948 1
949 948 1
950 948 1
945 949 1
946 949 1
947 949 1
948 949 1
950 949 1
945 950 1
946 950 1
947 950 1
948 950 1
949 950 1
39 951 1
253 951 1
952 951 1
39 952 1
253 952 1
951 952 1
49 953 1
314 954 1
955 954 1
314 955 1
954 955 1
298 956 1
451 957 1
958 957 1
451 958 1
957 958 1
960 959 1
961 959 1
962 959 1
959 960 1
961 960 1
962 960 1
959 961 1
960 961 1
962 961 1
519 962 1
959 962 1
960 962 1
961 962 1
977 962 1
978 962 1
85 963 2
92 963 1
396 963 1
988 963 1
515 964 1
817 964 1
1274 964 1
1275 964 1
259 965 1
966 965 1
967 965 1
259 966 1
965 966 1
967 966 1
259 967 1
965 967 1
966 967 1
969 968 1
288 969 1
710 969 1
808 969 1
968 969 1
1126 969 1
86 970 1
131 970 1
971 970 1
86 971 1
131 971 1
970 971 1
68 972 1
157 973 1
208 974 1
682 974 2
1054 974 1
976 975 1
975 976 1
519 977 1
962 977 1
978 977 1
519 978 1
962 978 1
977 978 1
408 979 2
724 980 1
758 980 1
809 981 1
982 981 1
983 981 1
809 982 1
981 982 1
983 982 1
809 983 1
981 983 1
982 983 1
677 984 1
748 985 1
258 986 1
24 987 1
85 988 1
92 988 1
963 988 1
122 989 1
991 990 1
990 991 1
477 992 1
994 993 1
995 993 1
993 994 1
995 994 1
993 995 1
994 995 1
358 996 1
347 997 1
998 997 1
347 998 1
997 998 1
1000 999 1
1001 999 1
999 1000 1
1001 1000 1
999 1001 1
1000 1001 1
762 1002 1
1003 1002 1
1004 1002 1
1005 1002 1
762 1003 1
1002 1003 1
1004 1003 1
1005 1003 1
762 1004 1
1002 1004 1
1003 1004 1
1005 1004 1
762 1005 1
1002 1005 1
1003 1005 1
1004 1005 1
431 1006 1
306 1007 1
1009 1008 1
1008 1009 1
204 1010 1
1012 1011 1
1013 1011 1
1011 1012 1
1013 1012 1
1011 1013 1
1012 1013 1
1015 1014 1
1016 1014 1
1014 1015 1
1016 1015 1
1014 1016 1
1015 1016 1
97 1017 1
680 1018 1
146 1019 1
459 1020 1
63 1021 1
280 1022 1
1023 1022 1
280 1023 1
1022 1023 1
564 1024 1
1025 1024 1
1026 1024 1
564 1025 1
1024 1025 1
1026 1025 1
564 1026 1
1024 1026 1
1025 1026 1
86 1027 1
131 1027 1
557 1027 1
1028 1027 1
86 1028 1
131 1028 1
557 1028 1
1027 1028 1
191 1029 2
684 1029 2
1031 1030 1
1032 1030 1
1033 1030 1
1030 1031 1
1032 1031 1
1033 1031 1
1030 1032 1
1031 1032 1
1033 1032 1
1030 1033 1
1031 1033 1
1032 1033 1
821 1034 1
691 1035 1
781 1035 1
406 1036 1
407 1036 1
1037 1036 1
406 1037 1
407 1037 1
1036 1037 1
1039 1038 1
1038 1039 1
47 1040 1
407 1040 1
186 1041 1
510 1041 1
403 1042 1
1044 1043 1
1045 1043 1
1043 1044 1
1045 1044 1
1043 1045 1
1044 1045 1
187 1046 2
605 1046 1
620 1047 1
224 1048 1
1049 1048 1
224 1049 1
1048 1049 1
1051 1050 1
1050 1051 1
279 1052 1
1053 1052 1
1052 1053 1
682 1054 1
974 1054 1
630 1055 1
658 1056 1
456 1057 1
636 1058 1
695 1058 1
567 1059 1
648 1059 1
529 1060 1
528 1061 1
529 1061 1
1062 1061 1
528 1062 1
529 1062 1
1061 1062 1
526 1063 1
1065 1064 1
1064 1065 1
794 1066 1
1067 1066 1
794 1067 1
1066 1067 1
191 1068 1
1070 1069 1
1069 1070 1
530 1071 1
1073 1072 1
1074 1072 1
1075 1072 1
1072 1073 1
1074 1073 1
1075 1073 1
1072 1074 1
1073 1074 1
1075 1074 1
1072 1075 1
1073 1075 1
1074 1075 1
566 1076 1
47 1077 1
408 1077 1
490 1078 1
545 1079 1
130 1080 1
212 1080 1
789 1081 1
1082 1081 1
1083 1081 1
789 1082 1
1081 1082 1
1083 1082 1
789 1083 1
1081 1083 1
1082 1083 1
18 1084 1
50 1084 1
410 1085 1
1086 1085 1
410 1086 1
1085 1086 1
45 1087 2
759 1087 1
1088 1087 2
1182 1087 1
18 1088 2
45 1088 2
759 1088 1
1087 1088 2
1182 1088 1
1470 1088 2
1471 1088 1
1675 1088 1
1676 1088 1
34 1089 1
1090 1089 1
34 1090 1
1089 1090 1
843 1091 1
1093 1092 1
1092 1093 1
608 1094 1
637 1094 1
1095 1094 1
608 1095 1
637 1095 1
1094 1095 1
11 1096 1
685 1097 1
1098 1097 1
685 1098 1
1097 1098 1
154 1099 1
645 1100 1
1101 1100 1
645 1101 1
1100 1101 1
462 1102 1
1103 1102 1
462 1103 1
1102 1103 1
1105 1104 1
1104 1105 1
368 1106 1
391 1107 1
452 1107 1
277 1108 1
1109 1108 1
277 1109 1
1108 1109 1
57 1110 1
1111 1110 1
1112 1110 1
57 1111 1
1110 1111 1
1112 1111 1
57 1112 1
1110 1112 1
1111 1112 1
24 1113 1
37 1113 1
158 1113 1
1114 1113 1
24 1114 1
37 1114 1
158 1114 1
1113 1114 1
29 1115 1
89 1115 1
585 1116 1
246 1117 1
683 1117 1
1118 1117 1
246 1118 1
683 1118 1
1117 1118 1
82 1119 1
83 1119 1
84 1119 1
23 1120 1
311 1120 1
336 1121 1
304 1122 1
520 1122 1
688 1123 1
1124 1123 1
1125 1123 1
688 1124 1
1123 1124 1
1125 1124 1
688 1125 1
1123 1125 1
1124 1125 1
288 1126 1
710 1126 1
808 1126 1
969 1126 1
696 1127 1
723 1128 1
157 1129 1
516 1130 1
643 1131 1
738 1131 2
1132 1131 1
211 1132 1
643 1132 1
738 1132 1
1131 1132 1
1723 1132 1
713 1133 1
18 1134 1
50 1134 1
440 1134 1
1135 1134 1
18 1135 1
50 1135 1
440 1135 1
1134 1135 1
1137 1136 1
1138 1136 1
1136 1137 1
1138 1137 1
1136 1138 1
1137 1138 1
70 1139 1
512 1140 1
250 1141 1
661 1141 1
697 1141 1
56 1142 1
715 1142 1
1144 1143 1
1145 1143 1
1143 1144 1
1145 1144 1
1143 1145 1
1144 1145 1
713 1146 1
391 1147 1
75 1148 1
1149 1148 1
75 1149 1
1148 1149 1
780 1150 1
1151 1150 1
780 1151 1
1150 1151 1
387 1152 1
1153 1152 1
387 1153 1
1152 1153 1
81 1154 1
638 1154 1
1156 1155 1
1157 1155 1
1158 1155 1
1159 1155 1
1155 1156 1
1157 1156 1
1158 1156 1
1159 1156 1
1155 1157 1
1156 1157 1
1158 1157 1
1159 1157 1
1155 1158 1
1156 1158 1
1157 1158 1
1159 1158 1
1155 1159 1
1156 1159 1
1157 1159 1
1158 1159 1
1161 1160 1
1160 1161 1
1163 1162 1
1162 1163 1
1165 1164 1
1164 1165 1
103 1166 1
542 1166 1
126 1167 1
699 1167 1
1168 1167 1
1167 1168 1
83 1169 1
1171 1170 1
1172 1170 1
1173 1170 1
1174 1170 1
1170 1171 1
1172 1171 1
1173 1171 1
1174 1171 1
1170 1172 1
1171 1172 1
1173 1172 1
1174 1172 1
1170 1173 1
1171 1173 1
1172 1173 1
1174 1173 1
77 1174 1
78 1174 1
1170 1174 1
1171 1174 1
1172 1174 1
1173 1174 1
1270 1174 1
1271 1174 1
1176 1175 1
1175 1176 1
24 1177 1
147 1178 3
1655 1178 2
1735 1178 1
1736 1178 1
1737 1178 1
521 1179 1
1181 1180 1
1180 1181 1
45 1182 1
1087 1182 1
1088 1182 1
268 1183 1
554 1183 1
1184 1183 1
268 1184 1
554 1184 1
1183 1184 1
263 1185 1
533 1185 1
534 1185 1
814 1186 1
821 1186 1
664 1187 1
58 1188 1
92 1188 1
1189 1188 1
58 1189 1
92 1189 1
1188 1189 1
678 1190 1
1191 1190 1
678 1191 1
1190 1191 1
54 1192 1
67 1192 1
379 1192 1
496 1192 1
665 1192 1
681 1192 1
787 1192 1
802 1192 1
1193 1192 1
54 1193 1
67 1193 1
379 1193 1
496 1193 1
665 1193 1
681 1193 1
787 1193 1
802 1193 1
1192 1193 1
333 1194 1
334 1194 1
107 1195 1
525 1195 1
1196 1195 1
1197 1195 1
107 1196 1
525 1196 1
1195 1196 1
1197 1196 1
107 1197 1
525 1197 1
1195 1197 1
1196 1197 1
155 1198 1
184 1198 1
425 1199 1
272 1200 1
523 1200 1
832 1201 1
1202 1201 1
832 1202 1
1201 1202 1
1204 1203 1
1203 1204 1
412 1205 1
799 1205 1
23 1206 1
311 1206 1
1208 1207 2
1209 1207 2
1210 1207 2
137 1208 2
1207 1208 2
1209 1208 2
1210 1208 2
1291 1208 1
1688 1208 1
1207 1209 2
1208 1209 2
1210 1209 2
1207 1210 2
1208 1210 2
1209 1210 2
96 1211 1
1 1212 1
1213 1212 1
1214 1212 1
1223 1212 1
1224 1212 1
1225 1212 1
1 1213 1
1212 1213 1
1214 1213 1
1 1214 1
1212 1214 1
1213 1214 1
233 1215 1
359 1215 1
374 1215 1
147 1216 1
624 1217 1
790 1217 1
653 1218 1
690 1218 1
670 1219 1
288 1220 1
808 1220 1
1222 1221 1
1221 1222 1
1212 1223 1
1224 1223 1
1225 1223 1
1212 1224 1
1223 1224 1
1225 1224 1
1212 1225 1
1223 1225 1
1224 1225 1
251 1226 1
731 1226 1
1228 1227 1
1229 1227 1
1230 1227 1
1227 1228 1
1229 1228 1
1230 1228 1
1227 1229 1
1228 1229 1
1230 1229 1
1227 1230 1
1228 1230 1
1229 1230 1
806 1231 1
51 1232 1
432 1232 1
122 1233 1
331 1234 1
603 1234 1
666 1234 1
667 1234 1
30 1235 1
512 1235 2
513 1235 1
1682 1235 1
1237 1236 1
1238 1236 1
1236 1237 1
1238 1237 1
1236 1238 1
1237 1238 1
123 1239 1
536 1239 1
142 1240 1
1282 1240 1
1283 1240 1
1242 1241 1
1243 1241 1
1244 1241 1
1245 1241 1
1241 1242 1
1243 1242 1
1244 1242 1
1245 1242 1
1241 1243 1
1242 1243 1
1244 1243 1
1245 1243 1
1241 1244 1
1242 1244 1
1243 1244 1
1245 1244 1
1241 1245 1
1242 1245 1
1243 1245 1
1244 1245 1
198 1246 1
725 1246 1
742 1246 1
378 1247 1
1249 1248 1
1248 1249 1
423 1250 1
32 1251 1
318 1251 1
656 1252 1
1253 1252 1
1254 1252 1
1255 1252 1
1256 1252 1
656 1253 1
1252 1253 1
1254 1253 1
1255 1253 1
1256 1253 1
656 1254 1
1252 1254 1
1253 1254 1
1255 1254 1
1256 1254 1
656 1255 1
1252 1255 1
1253 1255 1
1254 1255 1
1256 1255 1
656 1256 1
1252 1256 1
1253 1256 1
1254 1256 1
1255 1256 1
31 1257 1
194 1257 1
1258 1257 1
31 1258 1
194 1258 1
1257 1258 1
589 1259 1
1260 1259 1
589 1260 1
1259 1260 1
438 1261 1
749 1261 1
1263 1262 1
1262 1263 1
1364 1264 2
1365 1264 1
441 1265 1
826 1265 1
1267 1266 1
1266 1267 1
1269 1268 1
1268 1269 1
77 1270 1
78 1270 1
1174 1270 1
1271 1270 1
77 1271 1
78 1271 1
1174 1271 1
1270 1271 1
1273 1272 1
1272 1273 1
964 1274 1
1275 1274 1
964 1275 1
1274 1275 1
215 1276 1
739 1276 1
149 1277 1
1279 1278 1
1278 1279 1
793 1280 1
434 1281 1
1240 1282 1
1283 1282 2
1302 1282 1
1240 1283 1
1282 1283 2
1302 1283 1
1285 1284 1
1286 1284 1
1284 1285 1
1286 1285 1
1384 1285 1
1385 1285 1
1284 1286 1
1285 1286 1
152 1287 1
1288 1287 1
152 1288 1
1287 1288 1
384 1289 1
454 1289 1
600 1289 1
357 1290 1
137 1291 1
1208 1291 1
287 1292 1
765 1293 1
1294 1293 1
1295 1293 1
1296 1293 1
1297 1293 1
765 1294 1
1293 1294 1
1295 1294 1
1296 1294 1
1297 1294 1
765 1295 1
1293 1295 1
1294 1295 1
1296 1295 1
1297 1295 1
765 1296 1
1293 1296 1
1294 1296 1
1295 1296 1
1297 1296 1
765 1297 1
1293 1297 1
1294 1297 1
1295 1297 1
1296 1297 1
769 1298 1
1299 1298 1
769 1299 1
1298 1299 1
209 1300 1
449 1300 1
201 1301 1
414 1301 1
782 1301 1
1282 1302 1
1283 1302 1
506 1303 1
650 1303 1
675 1303 1
1305 1304 2
1306 1304 2
1307 1304 2
1304 1305 2
1306 1305 2
1307 1305 2
1304 1306 2
1305 1306 2
1307 1306 2
1304 1307 2
1305 1307 2
1306 1307 2
1309 1308 1
1310 1308 1
1308 1309 1
1310 1309 1
1308 1310 1
1309 1310 1
298 1311 1
562 1312 1
563 1312 1
1314 1313 1
1313 1314 1
1316 1315 1
1317 1315 1
1315 1316 1
1317 1316 1
1315 1317 1
1316 1317 1
399 1318 1
1319 1318 1
399 1319 1
1318 1319 1
717 1320 1
106 1321 1
835 1321 1
1323 1322 1
1324 1322 1
1322 1323 1
1324 1323 1
1322 1324 1
1323 1324 1
117 1325 1
394 1325 1
395 1325 1
1326 1325 1
1327 1325 1
117 1326 1
394 1326 1
395 1326 1
1325 1326 1
1327 1326 1
117 1327 1
394 1327 1
395 1327 1
1325 1327 1
1326 1327 1
192 1328 1
1329 1328 1
192 1329 1
1328 1329 1
1331 1330 1
1332 1330 1
1330 1331 1
1332 1331 1
1330 1332 1
1331 1332 1
769 1333 1
241 1334 1
1335 1334 1
241 1335 1
1334 1335 1
1337 1336 1
1336 1337 1
1339 1338 1
1338 1339 1
144 1340 1
46 1341 1
1343 1342 1
1344 1342 1
1342 1343 1
1344 1343 1
1342 1344 1
1343 1344 1
361 1345 1
556 1345 1
1346 1345 1
1347 1345 1
361 1346 1
556 1346 1
1345 1346 1
1347 1346 1
361 1347 1
556 1347 1
1345 1347 1
1346 1347 1
527 1348 1
627 1348 1
1349 1348 1
1350 1348 1
1351 1348 1
527 1349 1
627 1349 1
1348 1349 1
1350 1349 1
1351 1349 1
527 1350 1
627 1350 1
1348 1350 1
1349 1350 1
1351 1350 1
527 1351 1
627 1351 1
1348 1351 1
1349 1351 1
1350 1351 1
833 1352 1
110 1353 1
1354 1353 1
110 1354 1
1353 1354 1
1356 1355 1
1357 1355 1
1358 1355 2
1355 1356 1
1357 1356 1
1358 1356 1
1355 1357 1
1356 1357 1
1358 1357 1
1355 1358 2
1356 1358 1
1357 1358 1
543 1359 1
1360 1359 1
1361 1359 1
543 1360 1
1359 1360 1
1361 1360 1
543 1361 1
1359 1361 1
1360 1361 1
251 1362 1
703 1362 1
136 1363 1
1264 1364 2
1365 1364 1
1264 1365 1
1364 1365 1
1367 1366 1
1368 1366 1
1366 1367 1
1368 1367 1
1366 1368 1
1367 1368 1
320 1369 1
1370 1369 1
320 1370 1
1369 1370 1
140 1371 1
60 1372 1
153 1372 1
195 1372 1
1373 1372 1
60 1373 1
153 1373 1
195 1373 1
1372 1373 1
207 1374 1
236 1374 1
1375 1374 1
207 1375 1
236 1375 1
1374 1375 1
503 1376 1
355 1377 1
1378 1377 1
1379 1377 1
355 1378 1
1377 1378 1
1379 1378 1
355 1379 1
1377 1379 1
1378 1379 1
429 1380 1
1382 1381 1
1381 1382 1
178 1383 1
181 1383 1
1285 1384 1
1385 1384 1
1285 1385 1
1384 1385 1
1387 1386 1
498 1387 1
582 1387 1
1386 1387 1
1408 1387 1
1409 1387 1
1410 1387 1
142 1388 1
1389 1388 1
1390 1388 1
142 1389 1
1388 1389 1
1390 1389 1
142 1390 1
1388 1390 1
1389 1390 1
1392 1391 2
1391 1392 2
38 1393 1
373 1393 1
1394 1393 1
38 1394 1
373 1394 1
1393 1394 1
1396 1395 1
1395 1396 1
1398 1397 1
1397 1398 1
337 1399 1
404 1400 1
1401 1400 1
404 1401 1
1400 1401 1
768 1402 1
554 1403 1
1405 1404 1
1404 1405 1
1407 1406 1
1406 1407 1
498 1408 1
582 1408 1
1387 1408 1
1409 1408 1
1410 1408 1
498 1409 1
582 1409 1
1387 1409 1
1408 1409 1
1410 1409 1
498 1410 1
582 1410 1
1387 1410 1
1408 1410 1
1409 1410 1
645 1411 1
792 1411 1
728 1412 1
837 1413 1
838 1413 1
1414 1413 1
837 1414 1
838 1414 1
1413 1414 1
448 1415 1
1416 1415 1
1417 1415 1
448 1416 1
1415 1416 1
1417 1416 1
448 1417 1
1415 1417 1
1416 1417 1
321 1418 1
1419 1418 1
321 1419 1
1418 1419 1
80 1420 1
393 1420 1
1422 1421 1
1421 1422 1
323 1423 1
143 1424 1
237 1424 1
569 1425 1
1426 1425 1
1427 1425 1
1428 1425 1
569 1426 1
1425 1426 1
1427 1426 1
1428 1426 1
569 1427 1
1425 1427 1
1426 1427 1
1428 1427 1
569 1428 1
1425 1428 1
1426 1428 1
1427 1428 1
667 1429 1
132 1430 1
133 1430 1
1432 1431 1
1433 1431 1
1431 1432 1
1433 1432 1
1431 1433 1
1432 1433 1
817 1434 1
324 1435 1
1436 1435 1
1437 1435 1
324 1436 1
1435 1436 1
1437 1436 1
324 1437 1
1435 1437 1
1436 1437 1
1439 1438 1
1438 1439 1
319 1440 1
32 1441 1
111 1441 1
560 1441 1
1442 1441 1
32 1442 1
111 1442 1
560 1442 1
1441 1442 1
804 1443 1
1444 1443 1
1445 1443 1
804 1444 1
1443 1444 1
1445 1444 1
804 1445 1
1443 1445 1
1444 1445 1
1447 1446 1
1446 1447 1
1449 1448 1
1450 1448 1
1451 1448 1
1448 1449 1
1450 1449 1
1451 1449 1
1448 1450 1
1449 1450 1
1451 1450 1
1448 1451 1
1449 1451 1
1450 1451 1
281 1452 1
17 1453 1
662 1453 1
663 1453 1
108 1454 1
170 1454 1
469 1454 1
481 1454 1
482 1454 1
439 1455 1
1456 1455 1
1457 1455 1
439 1456 1
1455 1456 1
1457 1456 1
439 1457 1
1455 1457 1
1456 1457 1
1459 1458 1
1458 1459 1
1461 1460 1
1462 1460 1
1460 1461 1
1462 1461 1
1460 1462 1
1461 1462 1
736 1463 1
1464 1463 1
1465 1463 1
736 1464 1
1463 1464 1
1465 1464 1
736 1465 1
1463 1465 1
1464 1465 1
774 1466 1
508 1467 1
518 1467 1
511 1468 1
613 1468 1
1469 1468 1
511 1469 1
613 1469 1
1468 1469 1
18 1470 2
1088 1470 2
1471 1470 1
1675 1470 1
1676 1470 1
18 1471 1
1088 1471 1
1470 1471 1
752 1472 1
1473 1472 1
752 1473 1
1472 1473 1
1475 1474 1
1476 1474 1
1474 1475 1
1476 1475 1
1474 1476 1
1475 1476 1
104 1477 1
502 1477 1
120 1478 1
286 1478 2
558 1479 1
811 1479 1
812 1479 1
1480 1479 1
558 1480 1
811 1480 1
812 1480 1
1479 1480 1
1482 1481 1
1483 1481 1
1481 1482 1
1483 1482 1
1481 1483 1
1482 1483 1
12 1484 1
173 1484 1
505 1484 1
1486 1485 1
575 1486 1
1485 1486 1
1553 1486 1
1554 1486 1
1677 1486 1
431 1487 1
1488 1487 1
1489 1487 1
2 1488 1
431 1488 2
1487 1488 1
1489 1488 1
431 1489 1
1487 1489 1
1488 1489 1
409 1490 1
755 1490 1
1491 1490 1
409 1491 1
755 1491 1
1490 1491 1
189 1492 1
463 1493 1
524 1493 1
1494 1493 1
1495 1493 1
463 1494 1
524 1494 1
1493 1494 1
1495 1494 1
463 1495 1
524 1495 1
1493 1495 1
1494 1495 1
674 1496 1
1497 1496 1
1498 1496 1
1499 1496 1
674 1497 1
1496 1497 1
1498 1497 1
1499 1497 1
674 1498 1
1496 1498 1
1497 1498 1
1499 1498 1
674 1499 1
1496 1499 1
1497 1499 1
1498 1499 1
273 1500 1
336 1500 1
215 1501 1
654 1501 1
735 1501 1
1502 1501 1
215 1502 1
654 1502 1
735 1502 1
1501 1502 1
305 1503 1
446 1504 1
348 1505 1
211 1506 1
1508 1507 1
1507 1508 1
22 1509 1
595 1509 1
1510 1509 1
1511 1509 1
1512 1509 1
22 1510 1
595 1510 1
1509 1510 1
1511 1510 1
1512 1510 1
22 1511 1
595 1511 1
1509 1511 1
1510 1511 1
1512 1511 1
22 1512 1
595 1512 1
1509 1512 1
1510 1512 1
1511 1512 1
1514 1513 1
547 1514 1
1513 1514 1
1616 1514 2
1617 1514 1
1618 1514 1
1516 1515 1
1517 1515 1
1515 1516 1
1517 1516 1
1604 1516 1
1605 1516 1
1515 1517 1
1516 1517 1
286 1518 1
642 1519 1
1520 1519 1
1521 1519 1
1522 1519 1
642 1520 1
1519 1520 1
1521 1520 1
1522 1520 1
642 1521 1
1519 1521 1
1520 1521 1
1522 1521 1
642 1522 1
1519 1522 1
1520 1522 1
1521 1522 1
686 1523 1
751 1523 1
1525 1524 1
1524 1525 1
642 1526 1
1527 1526 1
642 1527 1
1526 1527 1
289 1528 2
375 1528 2
1593 1528 1
176 1529 1
1530 1529 1
176 1530 1
1529 1530 1
350 1531 1
721 1531 1
65 1532 2
267 1532 1
341 1532 1
535 1532 1
598 1533 2
1534 1533 2
598 1534 2
1533 1534 2
343 1535 1
517 1535 1
1536 1535 1
343 1536 1
517 1536 1
1535 1536 1
9 1537 1
119 1537 1
831 1537 1
298 1538 1
1540 1539 1
1541 1539 1
1542 1539 1
1543 1539 1
1539 1540 1
1541 1540 1
1542 1540 1
1543 1540 1
1539 1541 1
1540 1541 1
1542 1541 1
1543 1541 1
1539 1542 1
1540 1542 1
1541 1542 1
1543 1542 1
1539 1543 1
1540 1543 1
1541 1543 1
1542 1543 1
1545 1544 1
1546 1544 1
1544 1545 1
1546 1545 1
1544 1546 1
1545 1546 1
472 1547 1
42 1548 1
587 1548 1
1549 1548 1
42 1549 1
587 1549 1
1548 1549 1
1551 1550 1
1552 1550 1
1550 1551 1
1552 1551 1
1550 1552 1
1551 1552 1
1486 1553 1
1554 1553 1
1486 1554 1
1553 1554 1
1556 1555 1
1557 1555 1
1558 1555 1
1555 1556 1
1557 1556 1
1558 1556 1
1555 1557 1
1556 1557 1
1558 1557 1
1555 1558 1
1556 1558 1
1557 1558 1
1560 1559 1
1561 1559 1
1562 1559 1
1563 1559 1
1564 1559 1
1559 1560 1
1561 1560 1
1562 1560 1
1563 1560 1
1564 1560 1
1559 1561 1
1560 1561 1
1562 1561 1
1563 1561 1
1564 1561 1
1559 1562 1
1560 1562 1
1561 1562 1
1563 1562 1
1564 1562 1
1559 1563 1
1560 1563 1
1561 1563 1
1562 1563 1
1564 1563 1
1559 1564 1
1560 1564 1
1561 1564 1
1562 1564 1
1563 1564 1
1566 1565 1
1565 1566 1
1568 1567 1
1569 1567 1
1570 1567 1
1567 1568 1
1569 1568 1
1570 1568 1
1567 1569 1
1568 1569 1
1570 1569 1
1567 1570 1
1568 1570 1
1569 1570 1
20 1571 1
400 1571 1
419 1571 1
561 1571 1
1572 1571 1
20 1572 1
400 1572 1
419 1572 1
561 1572 1
1571 1572 1
393 1573 2
825 1573 1
840 1573 1
1574 1573 1
393 1574 1
1573 1574 1
514 1575 1
1577 1576 1
1578 1576 1
1579 1576 1
1576 1577 1
1578 1577 1
1579 1577 1
1576 1578 1
1577 1578 1
1579 1578 1
1576 1579 1
1577 1579 1
1578 1579 1
73 1580 1
1581 1580 1
73 1581 1
76 1581 1
1580 1581 1
1583 1582 1
1584 1582 1
1582 1583 1
1584 1583 1
1582 1584 1
1583 1584 1
19 1585 1
308 1585 1
555 1585 1
1586 1585 1
19 1586 1
308 1586 1
555 1586 1
1585 1586 1
736 1587 1
1588 1587 1
736 1588 2
1587 1588 1
1602 1588 1
1603 1588 1
45 1589 1
575 1589 1
613 1589 1
1591 1590 1
1592 1590 1
1590 1591 1
1592 1591 1
1590 1592 1
1591 1592 1
289 1593 1
375 1593 1
1528 1593 1
11 1594 1
1596 1595 1
1595 1596 1
135 1597 1
185 1597 1
1598 1597 1
1599 1597 1
135 1598 1
185 1598 1
1597 1598 1
1599 1598 1
135 1599 1
185 1599 1
1597 1599 1
1598 1599 1
1601 1600 1
1600 1601 1
736 1602 1
1588 1602 1
1603 1602 1
736 1603 1
1588 1603 1
1602 1603 1
1516 1604 1
1605 1604 1
1516 1605 1
1604 1605 1
295 1606 1
298 1606 1
720 1606 1
269 1607 1
1608 1607 1
269 1608 1
1607 1608 1
35 1609 1
113 1609 1
706 1610 1
831 1611 1
903 1611 1
125 1612 1
355 1612 1
743 1613 1
298 1614 1
585 1615 1
547 1616 1
1514 1616 2
1617 1616 1
1618 1616 1
547 1617 1
1514 1617 1
1616 1617 1
1618 1617 1
547 1618 1
1514 1618 1
1616 1618 1
1617 1618 1
240 1619 1
332 1619 1
1620 1619 1
1621 1619 1
240 1620 1
332 1620 1
1619 1620 1
1621 1620 1
240 1621 1
332 1621 1
1619 1621 1
1620 1621 1
74 1622 1
1623 1622 1
1624 1622 1
74 1623 1
1622 1623 1
1624 1623 1
74 1624 1
1622 1624 1
1623 1624 1
1626 1625 1
1627 1625 1
1628 1625 1
1629 1625 1
1630 1625 1
1625 1626 1
1627 1626 1
1628 1626 1
1629 1626 1
1630 1626 1
1625 1627 1
1626 1627 1
1628 1627 1
1629 1627 1
1630 1627 1
1625 1628 1
1626 1628 1
1627 1628 1
1629 1628 1
1630 1628 1
1625 1629 1
1626 1629 1
1627 1629 1
1628 1629 1
1630 1629 1
1625 1630 1
1626 1630 1
1627 1630 1
1628 1630 1
1629 1630 1
1632 1631 3
1633 1631 2
1634 1631 3
1635 1631 2
1638 1631 1
1698 1631 1
1699 1631 1
1631 1632 3
1633 1632 2
1634 1632 3
1635 1632 2
1638 1632 1
1698 1632 1
1699 1632 1
1631 1633 2
1632 1633 2
1634 1633 2
1635 1633 2
1638 1633 1
1631 1634 3
1632 1634 3
1633 1634 2
1635 1634 2
1638 1634 1
1698 1634 1
1699 1634 1
1631 1635 2
1632 1635 2
1633 1635 2
1634 1635 2
1638 1635 1
1637 1636 1
1636 1637 1
1631 1638 1
1632 1638 1
1633 1638 1
1634 1638 1
1635 1638 1
1640 1639 1
1641 1639 1
1639 1640 1
1641 1640 1
1639 1641 1
1640 1641 1
1643 1642 1
1644 1642 1
1645 1642 1
1642 1643 1
1644 1643 1
1645 1643 1
1642 1644 1
1643 1644 1
1645 1644 1
1642 1645 1
1643 1645 1
1644 1645 1
353 1646 1
380 1646 1
1647 1646 1
353 1647 1
380 1647 1
1646 1647 1
150 1648 1
151 1648 1
830 1648 1
254 1649 1
293 1649 1
453 1650 1
1651 1650 1
453 1651 1
1650 1651 1
1653 1652 1
1654 1652 1
1652 1653 1
1654 1653 1
1652 1654 1
1653 1654 1
147 1655 2
1178 1655 2
1735 1655 1
1736 1655 1
1737 1655 1
290 1656 2
291 1656 2
1657 1656 2
290 1657 2
291 1657 2
1656 1657 2
171 1658 1
290 1658 1
291 1658 1
299 1658 1
352 1658 1
371 1658 1
401 1658 1
1659 1658 1
171 1659 1
290 1659 1
291 1659 1
299 1659 1
352 1659 1
371 1659 1
401 1659 1
1658 1659 1
252 1660 1
1661 1660 1
1662 1660 1
252 1661 1
1660 1661 1
1662 1661 1
252 1662 1
1660 1662 1
1661 1662 1
1664 1663 1
1665 1663 1
1666 1663 1
1667 1663 1
1668 1663 1
1669 1663 1
1663 1664 1
1665 1664 1
1666 1664 1
1667 1664 1
1668 1664 1
1669 1664 1
1663 1665 1
1664 1665 1
1666 1665 1
1667 1665 1
1668 1665 1
1669 1665 1
1663 1666 1
1664 1666 1
1665 1666 1
1667 1666 1
1668 1666 1
1669 1666 1
1663 1667 1
1664 1667 1
1665 1667 1
1666 1667 1
1668 1667 1
1669 1667 1
1663 1668 1
1664 1668 1
1665 1668 1
1666 1668 1
1667 1668 1
1669 1668 1
1663 1669 1
1664 1669 1
1665 1669 1
1666 1669 1
1667 1669 1
1668 1669 1
532 1670 1
1672 1671 1
1673 1671 1
1671 1672 1
1673 1672 1
1671 1673 1
1672 1673 1
458 1674 1
18 1675 1
1088 1675 1
1470 1675 1
1676 1675 1
18 1676 1
1088 1676 1
1470 1676 1
1675 1676 1
575 1677 1
1486 1677 1
791 1678 1
59 1679 1
1680 1679 1
59 1680 1
1679 1680 1
11 1681 1
512 1682 1
1235 1682 1
673 1683 1
522 1684 1
617 1685 1
270 1686 1
349 1687 1
829 1687 1
137 1688 1
1208 1688 1
217 1689 1
1690 1689 1
217 1690 1
1689 1690 1
98 1691 1
100 1691 1
214 1691 1
834 1691 1
836 1691 1
1692 1691 1
1693 1691 1
98 1692 1
100 1692 1
214 1692 1
834 1692 1
836 1692 1
1691 1692 1
1693 1692 1
98 1693 1
100 1693 1
214 1693 1
834 1693 1
836 1693 1
1691 1693 1
1692 1693 1
411 1694 1
1695 1694 1
411 1695 1
1694 1695 1
1697 1696 1
1696 1697 1
1631 1698 1
1632 1698 1
1634 1698 1
1699 1698 1
1631 1699 1
1632 1699 1
1634 1699 1
1698 1699 1
25 1700 1
36 1700 1
95 1700 1
571 1700 1
413 1701 1
755 1701 1
764 1701 1
1702 1701 1
1703 1701 1
413 1702 1
755 1702 1
764 1702 1
1701 1702 1
1703 1702 1
413 1703 1
755 1703 1
764 1703 1
1701 1703 1
1702 1703 1
10 1704 1
249 1704 1
307 1704 1
41 1705 1
93 1705 1
643 1705 1
732 1705 1
813 1705 1
1706 1705 1
41 1706 1
93 1706 1
643 1706 1
732 1706 1
813 1706 1
1705 1706 1
371 1707 1
162 1708 1
1709 1708 1
162 1709 1
1708 1709 1
389 1710 1
716 1710 1
704 1711 1
614 1712 1
128 1713 1
1714 1713 1
1715 1713 1
128 1714 1
1713 1714 1
1715 1714 1
128 1715 1
1713 1715 1
1714 1715 1
1717 1716 1
1716 1717 1
1719 1718 1
1720 1718 1
1721 1718 1
1722 1718 1
1718 1719 1
1720 1719 1
1721 1719 1
1722 1719 1
1718 1720 1
1719 1720 1
1721 1720 1
1722 1720 1
1718 1721 1
1719 1721 1
1720 1721 1
1722 1721 1
1718 1722 1
1719 1722 1
1720 1722 1
1721 1722 1
211 1723 1
1132 1723 1
390 1724 1
1725 1724 1
1726 1724 1
390 1725 1
1724 1725 1
1726 1725 1
390 1726 1
1724 1726 1
1725 1726 1
652 1727 1
1729 1728 1
1730 1728 1
1728 1729 1
1730 1729 1
1728 1730 1
1729 1730 1
114 1731 1
584 1732 1
1734 1733 1
1733 1734 1
147 1735 1
1178 1735 1
1655 1735 1
1736 1735 1
1737 1735 1
147 1736 1
1178 1736 1
1655 1736 1
1735 1736 1
1737 1736 1
147 1737 1
1178 1737 1
1655 1737 1
1735 1737 1
1736 1737 1
213 1738 1
828 1738 1
298 1739 1
