616 1 1
434 2 1
440 2 1
654 2 1
655 2 2
709 2 1
710 2 1
878 2 1
959 2 1
964 2 1
1144 2 1
1334 2 2
1582 2 1
1712 2 1
1713 2 1
12 3 4
17 3 1
23 3 1
37 3 3
38 3 3
43 3 1
45 3 1
113 3 1
119 3 1
186 3 1
209 3 1
238 3 1
283 3 2
319 3 1
407 3 2
425 3 1
519 3 1
550 3 1
556 3 2
596 3 1
657 3 1
684 3 1
709 3 1
827 3 1
907 3 2
1492 3 1
240 4 1
1224 4 1
393 5 1
67 6 1
568 6 1
1207 6 1
48 7 1
136 7 1
26 8 1
121 8 1
468 8 1
47 9 1
199 9 1
209 9 1
542 9 1
555 9 1
573 9 1
574 9 1
655 9 1
925 9 1
29 10 1
30 10 1
70 11 1
549 11 1
550 11 1
594 11 1
3 12 4
22 12 1
23 12 2
25 12 1
26 12 2
41 12 1
43 12 1
52 12 1
113 12 2
119 12 2
142 12 1
157 12 2
203 12 1
209 12 3
241 12 5
267 12 1
283 12 2
316 12 1
353 12 2
362 12 1
401 12 1
428 12 1
460 12 1
550 12 2
556 12 3
596 12 1
599 12 3
657 12 1
673 12 1
676 12 1
709 12 1
731 12 1
747 12 2
769 12 1
789 12 1
797 12 1
827 12 1
905 12 1
907 12 1
1022 12 1
1050 12 1
1186 12 1
1271 12 1
1386 12 1
14 13 4
43 13 1
195 13 1
233 13 1
571 13 1
836 13 1
1124 13 1
1146 13 1
1155 13 1
1303 13 1
1304 13 1
1305 13 1
13 14 4
43 14 1
195 14 1
233 14 1
571 14 1
836 14 1
1124 14 1
1146 14 1
1155 14 1
1303 14 1
1304 14 1
1305 14 1
16 15 1
507 15 1
905 15 1
15 16 1
507 16 1
915 16 1
1114 16 1
1690 16 1
1737 16 1
3 17 1
238 17 1
407 17 1
1492 17 1
67 18 1
236 18 4
315 18 2
320 18 2
416 18 1
592 18 1
595 18 1
642 18 1
652 18 1
871 18 1
877 18 1
906 18 1
1024 18 1
1380 18 2
1381 18 1
1382 18 1
90 19 1
795 19 1
1231 19 1
666 20 1
668 20 1
669 20 1
1237 20 1
22 21 1
38 21 1
519 21 1
651 21 1
1120 21 1
12 22 1
21 22 1
23 22 1
31 22 4
86 22 1
113 22 1
119 22 1
168 22 1
280 22 3
524 22 1
535 22 2
565 22 1
657 22 4
684 22 1
726 22 2
894 22 2
911 22 1
1120 22 1
3 23 1
12 23 2
22 23 1
113 23 1
119 23 2
157 23 1
283 23 1
544 23 1
550 23 1
556 23 1
657 23 1
768 23 1
135 24 1
185 24 1
1511 24 1
12 25 1
26 25 2
29 25 2
96 25 1
137 25 2
175 25 1
286 25 2
287 25 2
382 25 1
401 25 1
650 25 1
827 25 2
1171 25 1
1250 25 2
8 26 1
12 26 2
25 26 2
36 26 1
113 26 1
121 26 2
142 26 1
302 26 1
306 26 1
327 26 1
376 26 5
401 26 1
460 26 1
468 26 1
1437 26 1
1438 26 1
1439 26 1
75 27 1
109 27 1
169 27 1
174 27 2
177 27 1
1057 27 1
1273 27 2
1274 27 1
1275 27 2
638 28 1
1190 28 1
10 29 1
25 29 2
30 29 1
38 29 1
96 29 1
113 29 2
126 29 2
137 29 2
286 29 2
287 29 2
306 29 1
327 29 1
347 29 1
359 29 1
476 29 4
598 29 2
599 29 4
650 29 1
888 29 1
898 29 1
1042 29 1
1208 29 1
1488 29 1
10 30 1
29 30 1
22 31 4
55 31 1
66 31 1
86 31 1
280 31 2
535 31 2
805 31 1
220 32 1
571 32 1
714 32 1
1071 32 3
1357 32 2
1540 32 1
1541 32 1
1542 32 1
353 33 1
474 33 1
495 33 1
922 33 1
936 33 1
990 33 1
53 34 1
171 34 1
174 34 1
471 34 1
1278 34 1
46 35 1
209 35 1
326 35 1
1520 35 1
1521 35 1
26 36 1
121 36 1
302 36 1
376 36 1
3 37 3
70 37 1
127 37 1
144 37 1
204 37 1
319 37 1
347 37 1
407 37 1
519 37 1
528 37 1
557 37 1
999 37 1
1195 37 1
1200 37 1
1201 37 1
3 38 3
21 38 1
29 38 1
49 38 1
79 38 1
113 38 1
188 38 1
238 38 1
347 38 1
425 38 1
519 38 1
581 38 3
589 38 2
651 38 2
684 38 2
888 38 2
1035 38 1
1508 38 1
1572 38 1
1674 38 1
1747 38 1
42 39 2
176 39 1
363 39 1
1089 39 1
202 40 1
729 40 1
12 41 1
1186 41 1
39 42 2
89 42 2
363 42 1
535 42 1
569 42 1
1000 42 1
1058 42 1
1089 42 1
1497 42 1
3 43 1
12 43 1
13 43 1
14 43 1
120 43 1
195 43 1
215 43 2
233 43 1
291 43 1
293 43 1
305 43 8
401 43 1
435 43 1
463 43 1
548 43 1
688 43 1
801 43 1
808 43 1
852 43 1
950 43 1
1146 43 1
1155 43 2
1217 43 1
1390 43 1
1391 43 1
1435 43 1
1442 43 1
1533 43 1
153 44 1
488 44 1
3 45 1
35 46 1
99 46 1
107 46 1
112 46 2
155 46 2
279 46 2
283 46 1
305 46 2
324 46 1
326 46 7
413 46 1
420 46 2
839 46 1
917 46 1
934 46 1
1214 46 1
1413 46 1
1414 46 1
1450 46 1
9 47 1
209 47 1
223 47 1
231 47 1
241 47 2
335 47 1
399 47 1
449 47 1
542 47 4
555 47 2
559 47 1
568 47 1
582 47 1
737 47 1
756 47 1
865 47 2
871 47 1
884 47 1
925 47 1
1208 47 1
7 48 1
136 48 1
599 48 1
601 48 1
707 48 1
1243 48 1
1342 48 1
1343 48 1
38 49 1
425 49 1
581 49 1
589 49 1
1572 49 1
594 50 1
1743 50 1
259 51 2
428 51 1
593 51 1
1025 51 1
12 52 1
67 52 1
113 52 1
214 52 1
241 52 5
264 52 1
405 52 1
420 52 1
550 52 3
594 52 2
608 52 1
620 52 4
1095 52 1
34 53 1
91 53 2
128 53 2
157 53 1
171 53 2
252 53 1
305 53 1
471 53 1
472 53 1
514 53 2
918 53 1
941 53 1
1280 53 1
1281 53 1
469 54 1
31 55 1
92 55 1
131 55 1
255 55 1
805 55 1
1117 55 1
1129 55 2
97 56 1
210 56 2
223 56 1
318 56 1
368 56 1
589 56 1
828 56 1
1035 56 1
1480 56 1
1555 56 1
106 57 1
254 57 1
304 57 1
782 57 1
1571 58 1
83 59 1
1685 59 1
126 60 1
1168 60 1
1814 60 1
62 61 1
811 61 1
1789 61 1
61 62 1
392 62 1
716 62 1
717 62 1
811 62 1
877 62 1
1151 62 1
1789 62 1
88 63 1
138 64 1
425 64 1
523 64 1
696 64 1
697 64 1
803 64 1
915 64 3
957 64 1
1000 64 1
1037 64 1
1216 64 1
1425 64 1
1426 64 2
1427 64 1
1428 64 2
1443 64 1
1562 64 1
66 65 1
68 65 1
31 66 1
65 66 1
68 66 1
6 67 1
18 67 1
52 67 1
113 67 1
198 67 2
315 67 1
320 67 1
555 67 2
568 67 1
620 67 1
851 67 1
871 67 1
1024 67 1
1086 67 2
1207 67 1
1381 67 1
1382 67 1
65 68 1
66 68 1
372 68 1
1631 68 1
137 69 1
361 69 1
406 69 1
425 69 1
512 69 1
540 69 1
741 69 1
1038 69 1
11 70 1
37 70 1
144 70 1
383 70 1
435 70 1
549 70 1
550 70 1
594 70 1
183 71 1
1153 71 1
449 72 1
951 73 1
228 74 1
395 74 1
595 74 1
27 75 1
109 75 3
110 75 1
168 75 1
169 75 1
171 75 1
174 75 2
177 75 1
225 75 1
657 75 1
1457 75 1
465 76 2
1535 77 1
1623 78 1
38 79 1
347 79 1
429 79 1
445 79 1
558 79 1
581 79 1
797 79 1
1035 79 1
97 80 1
1370 81 1
116 82 1
137 82 1
266 82 1
323 82 1
432 82 2
59 83 1
163 84 1
164 84 1
1325 85 1
22 86 1
31 86 1
280 86 1
775 86 1
1186 86 1
625 87 1
740 87 1
955 87 1
1679 87 1
63 88 1
544 88 1
549 88 1
558 88 1
577 88 1
594 88 1
619 88 1
719 88 1
739 88 1
873 88 1
906 88 1
949 88 1
42 89 2
90 89 3
549 89 1
594 89 1
883 89 1
1084 89 1
19 90 1
89 90 3
172 90 1
392 90 1
549 90 2
594 90 1
655 90 1
756 90 5
795 90 1
883 90 1
938 90 1
1019 90 1
1084 90 1
1140 90 1
1231 90 1
1547 90 1
53 91 2
157 91 1
252 91 1
305 91 1
472 91 1
514 91 1
661 91 1
944 91 1
55 92 1
255 92 1
434 92 1
562 92 1
801 92 1
1130 92 1
780 93 2
947 93 2
1072 93 1
1686 93 1
343 94 1
427 94 1
1147 94 1
1608 94 1
1626 94 1
867 95 1
25 96 1
29 96 1
137 96 1
286 96 1
287 96 1
56 97 1
80 97 1
121 97 1
203 97 1
250 97 1
318 97 1
425 97 1
581 97 1
589 97 2
854 97 1
954 97 1
968 97 1
1035 97 1
1182 97 1
1549 97 3
286 98 1
437 98 1
489 98 1
46 99 1
1062 100 1
1417 100 1
1418 100 1
530 101 1
208 102 1
1627 103 1
1628 103 1
105 104 2
364 104 1
444 104 1
732 104 1
1050 104 1
1344 104 1
1345 104 1
1546 104 1
104 105 2
364 105 1
444 105 1
1344 105 1
1345 105 1
1546 105 1
57 106 1
254 106 1
304 106 2
338 106 2
782 106 1
833 106 1
46 107 1
112 107 1
279 107 1
425 108 1
596 108 1
27 109 1
75 109 3
110 109 1
169 109 1
171 109 2
172 109 1
174 109 2
177 109 1
208 109 1
225 109 2
657 109 2
1457 109 2
75 110 1
109 110 1
174 110 1
276 111 1
892 111 1
46 112 2
107 112 1
155 112 1
279 112 2
283 112 1
305 112 1
3 113 1
12 113 2
22 113 1
23 113 1
26 113 1
29 113 2
38 113 1
52 113 1
67 113 1
119 113 1
121 113 3
132 113 2
228 113 1
242 113 1
283 113 1
306 113 2
345 113 3
347 113 1
358 113 1
368 113 1
376 113 1
492 113 1
544 113 1
620 113 1
709 113 2
719 113 1
827 113 2
828 113 1
878 113 1
888 113 1
905 113 1
954 113 1
1113 113 1
1114 113 3
1187 113 1
1228 113 1
1349 113 1
1350 113 1
1351 113 1
1799 113 1
1800 113 1
133 114 1
633 114 1
1322 114 1
1323 114 1
793 115 2
82 116 1
266 116 1
303 116 1
418 116 1
432 116 2
1581 116 1
935 117 1
978 117 2
1525 117 1
993 118 1
3 119 1
12 119 2
22 119 1
23 119 2
113 119 1
283 119 1
440 119 1
509 119 1
550 119 1
556 119 1
559 119 1
657 119 1
43 120 1
291 120 1
317 120 1
369 120 1
403 120 1
757 120 1
846 120 1
8 121 1
26 121 2
36 121 1
97 121 1
113 121 3
302 121 1
358 121 1
376 121 1
425 121 1
468 121 1
492 121 1
709 121 1
878 121 1
954 121 2
968 121 1
1350 121 1
1351 121 1
1549 121 1
511 122 1
506 123 1
583 123 1
624 123 1
832 123 2
1639 123 1
494 124 1
663 124 1
693 124 1
1246 124 1
707 125 1
1013 125 1
29 126 2
60 126 1
143 126 1
193 126 1
359 126 2
873 126 1
1168 126 1
1238 126 1
1814 126 1
37 127 1
347 127 2
557 127 2
810 127 1
999 127 2
1200 127 1
1201 127 1
53 128 2
514 128 2
270 129 1
493 129 1
1230 129 1
1374 130 1
55 131 1
1129 131 1
113 132 2
228 132 1
345 132 1
1114 132 1
114 133 1
633 133 1
1322 133 1
1323 133 1
401 134 1
24 135 1
185 135 1
1511 135 1
7 136 1
48 136 1
25 137 2
29 137 2
69 137 1
82 137 1
96 137 1
286 137 2
287 137 2
315 137 1
323 137 1
328 137 1
361 137 2
406 137 1
425 137 1
512 137 1
677 137 1
756 137 1
920 137 1
956 137 1
1071 137 1
1381 137 1
64 138 1
803 138 1
915 138 1
1425 138 1
1426 138 1
1427 138 1
1428 138 1
476 139 1
508 139 1
598 139 1
599 139 1
594 140 2
182 141 1
517 141 2
956 141 1
1039 141 2
1115 141 1
1158 141 1
1804 141 1
12 142 1
26 142 1
460 142 1
126 143 1
193 143 1
359 143 1
873 143 1
1238 143 1
37 144 1
70 144 1
204 144 2
449 144 1
511 144 1
551 144 1
553 144 1
1195 144 1
1196 144 1
756 145 2
763 145 1
1634 145 1
620 146 1
174 147 1
785 148 1
786 148 1
1309 148 1
1310 148 1
1469 149 1
247 150 1
477 150 1
1354 150 1
1355 150 1
1356 150 1
1361 150 1
1718 150 1
1719 150 1
239 151 1
806 152 1
1734 152 1
44 153 1
488 153 1
268 154 1
46 155 2
112 155 1
279 155 1
283 155 1
305 155 1
413 155 1
420 155 1
157 156 1
401 156 1
12 157 2
23 157 1
53 157 1
91 157 1
156 157 1
161 157 1
167 157 1
171 157 1
172 157 1
218 157 1
305 157 1
359 157 1
401 157 5
451 157 1
472 157 1
544 157 1
556 157 1
577 157 1
594 157 1
599 157 1
603 157 2
707 157 1
747 157 1
768 157 1
769 157 2
773 157 1
782 157 2
1271 157 1
1272 157 1
1707 157 1
1708 157 2
1709 157 2
165 158 2
174 158 1
181 158 1
372 158 1
203 159 1
663 160 1
781 160 1
1249 160 1
1449 160 1
157 161 1
182 161 1
773 161 1
646 162 1
689 162 2
84 163 1
164 163 1
84 164 1
163 164 1
199 164 1
346 164 1
428 164 1
1326 164 1
158 165 2
372 165 1
217 166 1
505 166 1
540 166 1
981 166 1
157 167 1
359 167 1
705 167 1
707 167 1
1801 167 1
1802 167 1
22 168 1
75 168 1
657 168 1
726 168 1
27 169 1
75 169 1
109 169 1
170 169 1
174 169 1
177 169 1
207 169 1
1341 169 1
169 170 1
207 170 1
1341 170 1
34 171 1
53 171 2
75 171 1
109 171 2
157 171 1
172 171 3
218 171 1
225 171 2
451 171 1
471 171 2
603 171 1
657 171 2
1457 171 2
90 172 1
109 172 1
157 172 1
171 172 3
173 172 1
218 172 1
225 172 1
233 172 1
340 172 1
451 172 1
576 172 1
577 172 1
590 172 1
595 172 1
598 172 1
599 172 2
603 172 1
655 172 3
657 172 1
678 172 1
682 172 2
686 172 3
687 172 1
710 172 1
775 172 2
899 172 1
956 172 1
991 172 1
1050 172 1
1212 172 1
1401 172 1
1402 172 1
1457 172 1
1556 172 1
1761 172 1
172 173 1
1761 173 1
27 174 2
34 174 1
75 174 2
109 174 2
110 174 1
147 174 1
158 174 1
169 174 1
177 174 1
181 174 1
1273 174 1
1275 174 1
25 175 1
1250 175 1
1500 175 1
39 176 1
363 176 1
27 177 1
75 177 1
109 177 1
169 177 1
174 177 1
556 178 1
946 179 1
635 180 1
1108 180 1
1132 180 1
158 181 1
174 181 1
141 182 1
161 182 1
218 182 1
517 182 1
657 182 1
792 182 1
793 182 3
1039 182 3
1115 182 1
1158 182 1
1804 182 1
71 183 1
184 183 2
231 183 1
300 183 1
312 183 2
383 183 5
392 183 1
420 183 1
476 183 2
524 183 1
549 183 4
574 183 1
603 183 1
630 183 1
709 183 1
710 183 1
712 183 1
839 183 2
846 183 1
874 183 4
880 183 2
905 183 2
1074 183 2
1107 183 1
1128 183 1
1153 183 1
1424 183 1
1442 183 2
1498 183 1
1615 183 1
1710 183 1
183 184 2
231 184 1
383 184 2
547 184 3
712 184 1
874 184 1
964 184 1
1027 184 2
1509 184 2
1721 184 2
24 185 1
135 185 1
199 185 1
216 185 1
341 185 1
403 185 1
542 185 1
1383 185 1
1511 185 1
3 186 1
425 186 1
496 187 1
1617 187 1
38 188 1
200 188 1
241 188 1
1747 188 1
233 189 1
1708 189 1
1678 190 1
523 191 1
616 191 2
623 191 1
1050 191 1
1468 192 1
126 193 1
143 193 1
359 193 1
559 193 1
577 193 1
707 193 1
797 193 1
873 193 1
1238 193 1
1700 193 1
499 194 1
13 195 1
14 195 1
43 195 1
233 195 1
590 195 1
1146 195 1
1700 195 1
1764 195 1
198 196 1
198 197 1
67 198 2
196 198 1
197 198 1
497 198 1
555 198 2
698 198 1
730 198 1
851 198 1
915 198 3
1039 198 1
1059 198 1
1086 198 2
1172 198 1
1362 198 1
1363 198 1
1364 198 1
1432 198 1
1638 198 1
1699 198 2
1765 198 1
9 199 1
164 199 1
185 199 1
216 199 1
251 199 1
346 199 1
428 199 1
655 199 1
1326 199 1
188 200 1
241 200 1
271 201 1
405 201 1
703 201 1
40 202 1
231 202 1
603 202 1
613 202 1
711 202 1
729 202 1
1213 202 1
12 203 1
97 203 1
159 203 1
315 203 1
402 203 1
425 203 1
553 203 1
556 203 1
559 203 2
560 203 1
565 203 2
567 203 1
684 203 1
797 203 2
854 203 1
975 203 1
1020 203 1
1113 203 1
1137 203 1
1155 203 1
1163 203 1
1176 203 2
1737 203 1
37 204 1
144 204 2
205 204 2
983 204 1
1007 204 1
1195 204 1
1495 204 1
1691 204 1
204 205 2
317 205 1
547 205 1
582 205 1
641 205 1
740 205 1
956 205 1
983 205 2
1007 205 1
1366 205 1
1474 205 1
1495 205 1
1691 205 1
249 206 1
1302 206 1
169 207 1
170 207 1
1341 207 1
102 208 1
109 208 1
474 208 1
756 208 1
767 208 1
820 208 1
879 208 1
896 208 1
903 208 1
910 208 1
936 208 1
1037 208 1
1607 208 1
1697 208 1
3 209 1
9 209 1
12 209 3
35 209 1
47 209 1
241 209 1
420 209 1
440 209 2
542 209 1
556 209 1
582 209 1
599 209 2
608 209 1
676 209 1
684 209 2
731 209 1
732 209 1
733 209 2
907 209 1
925 209 1
931 209 1
998 209 1
1050 209 1
56 210 2
293 210 1
316 210 1
318 210 1
550 210 1
684 210 2
757 210 1
795 210 1
817 210 2
854 210 1
1052 210 2
1059 210 1
1103 210 1
1378 210 1
1393 210 1
1394 210 1
1480 210 1
1555 210 1
760 211 1
1550 212 1
286 213 1
437 213 1
813 213 1
52 214 1
620 214 1
43 215 2
1155 215 1
185 216 1
199 216 1
166 217 1
540 217 1
628 217 1
886 217 1
1013 217 1
1522 217 1
157 218 1
171 218 1
172 218 1
182 218 1
451 218 1
603 218 1
1039 218 1
1201 219 1
32 220 1
425 220 1
571 220 1
577 220 1
714 220 1
1071 220 1
1357 220 1
854 221 1
1329 221 1
1395 221 1
1396 221 1
1453 221 1
244 222 1
47 223 1
56 223 1
349 223 3
353 223 2
451 223 1
542 223 1
556 223 1
630 223 1
657 223 1
771 223 1
875 223 2
916 223 1
936 223 1
974 223 1
1016 223 1
1335 223 1
1585 223 1
779 224 1
812 224 2
75 225 1
109 225 2
171 225 2
172 225 1
396 225 1
556 225 1
574 225 4
612 225 1
648 225 1
657 225 2
709 225 1
712 225 1
775 225 1
1402 225 1
1457 225 2
587 226 1
1404 226 1
577 227 1
681 227 1
74 228 1
113 228 1
132 228 1
342 228 1
345 228 1
395 228 1
402 228 1
476 228 1
506 228 1
533 228 3
553 228 2
577 228 1
594 228 1
598 228 1
608 228 1
610 228 1
614 228 1
626 228 1
629 228 1
657 228 1
673 228 1
741 228 1
854 228 1
869 228 1
883 228 1
925 228 1
959 228 1
1027 228 1
1103 228 1
1114 228 1
1139 228 1
1159 228 1
1214 228 1
1217 228 1
1218 228 1
1698 228 1
271 229 1
1405 230 1
47 231 1
183 231 1
184 231 1
202 231 1
378 231 1
383 231 1
449 231 4
482 231 1
560 231 1
582 231 1
600 231 2
603 231 1
613 231 1
711 231 4
733 231 1
734 231 1
735 231 1
777 231 1
800 231 1
971 231 1
1080 231 2
1105 231 2
1235 231 1
1593 231 2
1791 231 1
409 232 1
517 232 2
542 232 3
556 232 3
560 232 1
564 232 1
574 232 1
712 232 2
1151 232 1
13 233 1
14 233 1
43 233 1
172 233 1
189 233 1
195 233 1
340 233 1
438 233 1
563 233 1
764 233 1
1146 233 1
1164 233 1
1708 233 1
402 234 1
463 235 1
540 235 1
592 235 2
596 235 1
601 235 3
757 235 1
803 235 4
829 235 1
875 235 1
937 235 1
970 235 1
973 235 1
1314 235 1
1315 235 1
1489 235 1
1490 235 1
1491 235 1
18 236 4
1040 236 1
1111 236 1
1112 236 1
1723 236 1
1724 236 1
647 237 1
1720 237 1
3 238 1
17 238 1
38 238 1
407 238 3
652 238 1
782 238 2
807 238 1
977 238 1
1492 238 1
1762 238 1
151 239 1
4 240 1
1224 240 1
12 241 5
47 241 2
52 241 5
188 241 1
200 241 1
209 241 1
383 241 1
464 241 1
542 241 2
550 241 3
594 241 1
599 241 1
620 241 2
673 241 5
905 241 1
963 241 1
995 241 1
113 242 1
601 242 2
1228 242 1
1441 243 1
222 244 1
679 245 1
850 245 1
1024 245 1
1649 245 1
1663 245 1
1664 245 1
744 246 1
1291 246 1
150 247 1
477 247 1
1718 247 1
1719 247 1
295 248 1
206 249 1
1302 249 1
97 250 1
199 251 1
53 252 1
91 252 1
941 252 1
944 252 1
1280 252 1
1281 252 1
1041 253 1
57 254 1
106 254 1
304 254 2
338 254 1
782 254 1
1598 254 1
55 255 1
92 255 1
685 256 1
729 257 1
1262 257 2
935 258 1
51 259 2
428 259 1
593 259 1
1025 259 1
742 260 1
1532 260 1
376 261 1
556 261 1
722 261 2
762 261 2
293 262 1
425 262 1
756 262 1
938 262 1
1091 262 1
1284 262 1
1285 262 1
571 263 1
1069 263 1
52 264 1
550 264 1
594 264 1
608 264 1
1231 264 1
595 265 1
599 265 1
628 265 1
1294 265 1
82 266 1
116 266 1
396 266 1
424 266 1
432 266 1
443 266 1
1236 266 1
12 267 1
428 267 1
593 267 1
154 268 1
549 269 1
556 269 1
683 269 1
705 269 1
1146 269 1
129 270 1
412 270 1
451 270 1
493 270 1
497 270 1
541 270 2
549 270 1
581 270 1
594 270 1
603 270 1
675 270 1
1230 270 1
1240 270 1
1241 270 1
201 271 1
229 271 1
272 271 1
288 271 1
349 271 1
383 271 1
405 271 2
630 271 1
658 271 1
672 271 1
703 271 1
932 271 1
936 271 1
1781 271 1
1782 271 1
271 272 1
349 272 1
817 273 1
1207 273 1
435 274 1
797 274 1
1711 274 1
389 275 1
1015 275 1
1263 275 1
1379 275 1
111 276 1
329 277 1
532 277 1
290 278 1
294 278 1
46 279 2
107 279 1
112 279 2
155 279 1
283 279 1
305 279 1
22 280 3
31 280 2
86 280 1
365 280 1
367 280 1
449 280 1
535 280 1
565 280 1
590 280 1
599 280 1
684 280 1
708 280 1
1186 280 1
431 281 2
677 281 3
678 281 1
1551 281 2
1431 282 1
3 283 2
12 283 2
23 283 1
46 283 1
112 283 1
113 283 1
119 283 1
155 283 1
279 283 1
305 283 1
330 283 1
535 283 1
550 283 1
556 283 1
630 283 1
657 283 1
709 283 1
827 283 1
938 283 1
330 284 1
409 284 1
421 285 1
1682 285 1
25 286 2
29 286 2
96 286 1
98 286 1
137 286 2
213 286 1
287 286 2
316 286 1
437 286 2
489 286 1
813 286 1
25 287 2
29 287 2
96 287 1
137 287 2
286 287 2
271 288 1
1336 288 1
1337 288 2
424 289 2
278 290 1
294 290 1
43 291 1
120 291 1
1614 292 1
43 293 1
210 293 1
262 293 1
305 293 2
425 293 1
630 293 1
757 293 3
790 293 2
845 293 1
852 293 1
905 293 1
917 293 3
1214 293 1
1217 293 1
1284 293 1
1285 293 2
1378 293 3
1393 293 1
1394 293 1
278 294 1
290 294 1
248 295 1
996 296 1
1001 296 1
1022 296 1
1316 296 1
405 297 1
603 297 1
872 297 1
1223 297 1
1408 297 1
451 298 1
755 298 1
756 298 1
1416 298 1
363 299 1
462 299 1
183 300 1
1128 300 1
353 301 1
410 301 1
26 302 1
36 302 1
121 302 1
376 302 1
116 303 1
57 304 1
106 304 2
254 304 2
338 304 1
782 304 1
962 304 2
1598 304 1
43 305 8
46 305 2
53 305 1
91 305 1
112 305 1
155 305 1
157 305 1
279 305 1
283 305 1
293 305 2
317 305 1
326 305 1
327 305 1
433 305 1
472 305 1
491 305 2
606 305 1
757 305 1
790 305 1
806 305 1
827 305 1
845 305 2
852 305 1
865 305 1
873 305 1
917 305 1
950 305 1
995 305 1
998 305 1
1071 305 1
1217 305 1
1285 305 1
1378 305 1
1390 305 1
1391 305 1
1442 305 1
26 306 1
29 306 1
113 306 2
327 306 6
347 306 2
376 306 1
377 306 1
407 306 1
806 306 3
1656 307 1
542 308 1
871 308 1
1165 309 1
1317 309 1
1669 310 1
595 311 1
183 312 2
549 312 2
839 312 4
1442 312 1
1660 313 1
1053 314 1
1482 314 1
1483 314 1
18 315 2
67 315 1
137 315 1
203 315 1
320 315 3
328 315 1
335 315 1
425 315 3
512 315 1
577 315 1
625 315 1
756 315 1
797 315 2
871 315 1
956 315 1
1024 315 2
1071 315 1
1381 315 2
1382 315 1
1564 315 1
12 316 1
210 316 1
286 316 1
318 316 1
366 316 1
544 316 1
549 316 1
565 316 1
684 316 3
795 316 1
923 316 1
1059 316 1
1259 316 1
1332 316 1
120 317 1
205 317 1
305 317 1
403 317 1
547 317 2
740 317 2
757 317 1
905 317 1
1269 317 1
56 318 1
97 318 1
210 318 1
316 318 1
343 318 2
589 318 1
638 318 1
644 318 1
795 318 1
877 318 1
883 318 1
1035 318 1
1059 318 1
1516 318 1
1517 318 1
3 319 1
37 319 1
18 320 2
67 320 1
315 320 3
871 320 1
1024 320 1
1381 320 1
1382 320 1
1394 321 1
1625 321 1
702 322 1
1503 322 1
82 323 1
137 323 1
593 323 1
1090 323 2
1287 323 1
46 324 1
330 325 2
393 325 3
1388 325 1
35 326 1
46 326 7
305 326 1
1194 326 1
26 327 1
29 327 1
305 327 1
306 327 6
347 327 2
355 327 1
377 327 1
407 327 1
435 327 1
476 327 1
556 327 1
650 327 5
660 327 1
806 327 4
827 327 2
877 327 1
907 327 1
1042 327 1
1071 327 1
1188 327 1
1208 327 1
1787 327 1
137 328 1
315 328 1
425 328 1
512 328 1
756 328 1
956 328 1
1071 328 1
1381 328 1
277 329 1
532 329 1
283 330 1
284 330 1
325 330 2
363 330 2
376 330 1
379 330 2
393 330 2
433 330 1
515 330 1
548 330 1
580 330 1
630 330 1
845 330 1
1388 330 1
335 331 1
628 331 1
436 332 1
893 332 1
440 333 1
1149 333 1
1798 333 1
1131 334 1
1447 334 1
47 335 1
315 335 1
331 335 1
425 335 2
626 335 1
628 335 1
630 335 1
737 335 1
765 335 1
797 335 1
996 335 2
1564 335 1
406 336 1
731 336 1
593 337 1
1067 337 1
106 338 2
254 338 1
304 338 1
833 338 1
1598 338 1
536 339 1
172 340 1
233 340 1
344 340 1
185 341 1
228 342 1
657 342 1
1027 342 1
1122 342 1
1159 342 1
1698 342 1
94 343 1
318 343 2
443 343 1
821 343 1
877 343 1
1608 343 1
340 344 1
113 345 3
132 345 1
228 345 1
553 345 1
1114 345 4
164 346 1
199 346 1
354 346 1
428 346 1
1326 346 1
29 347 1
37 347 1
38 347 1
79 347 1
113 347 1
127 347 2
306 347 2
327 347 2
359 347 1
407 347 1
557 347 2
581 347 2
999 347 2
1200 347 1
1201 347 1
1367 347 1
1476 347 1
1477 347 1
1787 347 1
1083 348 2
223 349 3
271 349 1
272 349 1
1585 349 1
1675 349 1
360 350 1
512 350 1
1260 350 1
361 351 1
894 351 1
1433 351 1
542 352 1
871 352 1
931 352 1
12 353 2
33 353 1
223 353 2
301 353 1
362 353 1
363 353 1
410 353 1
451 353 1
456 353 1
470 353 1
596 353 3
621 353 1
731 353 1
789 353 1
916 353 1
936 353 1
1050 353 1
1346 353 1
346 354 1
327 355 1
483 356 2
1755 356 1
1073 357 1
113 358 1
121 358 1
29 359 1
126 359 2
143 359 1
157 359 1
167 359 1
193 359 1
347 359 1
577 359 1
581 359 1
594 359 1
707 359 1
873 359 1
1185 359 1
1238 359 1
1717 359 1
350 360 1
512 360 1
1260 360 1
69 361 1
137 361 2
351 361 1
406 361 1
595 361 1
894 361 1
1433 361 1
12 362 1
353 362 1
596 362 1
621 362 1
747 362 1
1386 362 1
39 363 1
42 363 1
176 363 1
299 363 1
330 363 2
353 363 1
420 363 2
456 363 1
462 363 1
678 363 1
881 363 2
892 363 1
936 363 1
1095 363 1
1497 363 1
1498 363 1
104 364 1
105 364 1
444 364 1
1546 364 1
280 365 1
392 365 2
447 365 1
590 365 1
599 365 1
655 365 1
708 365 1
797 365 1
905 365 1
975 365 1
1208 365 1
1333 365 1
316 366 1
565 366 1
684 366 1
280 367 1
449 367 1
827 367 2
56 368 1
113 368 1
595 368 1
828 368 3
120 369 1
846 369 1
382 370 1
378 371 1
801 371 1
1429 371 1
68 372 1
158 372 1
165 372 1
582 372 1
660 372 1
1347 372 2
1348 372 2
1662 372 1
1209 373 1
1210 373 1
1043 374 1
542 375 1
663 375 1
690 375 1
745 375 1
1056 375 1
1247 375 1
26 376 5
36 376 1
113 376 1
121 376 1
261 376 1
302 376 1
306 376 1
330 376 1
419 376 1
1437 376 1
1438 376 1
1439 376 1
306 377 1
327 377 1
231 378 1
371 378 1
380 378 1
449 378 1
568 378 1
593 378 1
711 378 2
733 378 1
801 378 1
1375 378 1
1429 378 1
330 379 2
845 379 1
378 380 1
591 381 1
592 381 1
25 382 1
370 382 1
70 383 1
183 383 5
184 383 2
231 383 1
241 383 1
271 383 1
412 383 1
420 383 3
435 383 1
535 383 1
541 383 2
542 383 1
630 383 3
672 383 1
673 383 1
709 383 1
712 383 1
874 383 1
995 383 2
1376 383 1
1384 383 1
1424 383 1
1746 383 1
979 384 1
1493 384 1
1612 385 1
1716 386 1
1778 387 1
1813 387 1
644 388 1
645 388 1
815 388 1
275 389 1
426 389 1
1015 389 1
1379 389 1
578 390 1
1461 390 1
1098 391 1
62 392 1
90 392 1
183 392 1
365 392 2
549 392 1
655 392 1
743 392 1
746 392 1
905 392 1
1140 392 1
1151 392 1
1266 392 1
1333 392 1
5 393 1
325 393 3
330 393 2
1388 393 1
1772 394 1
1773 394 1
74 395 1
228 395 1
629 395 1
663 395 2
689 395 1
691 395 1
775 395 2
887 395 1
924 395 1
955 395 1
1771 395 1
225 396 1
266 396 1
424 396 1
443 396 1
648 396 1
709 396 1
712 396 1
1236 396 1
1288 397 1
400 398 1
47 399 1
555 399 1
683 399 1
398 400 1
850 400 1
12 401 1
25 401 1
26 401 1
43 401 1
134 401 1
156 401 1
157 401 5
402 401 2
571 401 1
577 401 1
594 401 1
620 401 1
714 401 1
769 401 1
782 401 2
814 401 1
854 401 1
1103 401 1
1272 401 1
1338 401 1
1421 401 2
1736 401 1
203 402 1
228 402 1
234 402 1
401 402 2
540 402 1
571 402 1
620 402 1
628 402 1
794 402 1
854 402 2
1103 402 2
1232 402 1
120 403 1
185 403 1
317 403 1
542 403 1
757 403 1
1383 403 1
409 404 1
548 404 2
556 404 1
565 404 1
566 404 2
600 404 1
614 404 1
619 404 2
792 404 1
793 404 1
827 404 1
1166 404 1
1735 404 1
52 405 1
201 405 1
271 405 2
297 405 1
406 405 2
420 405 1
603 405 1
630 405 1
658 405 1
936 405 2
1078 405 1
1095 405 1
1223 405 1
69 406 1
137 406 1
336 406 1
361 406 1
405 406 2
502 406 1
701 406 1
731 406 1
776 406 1
858 406 1
883 406 1
936 406 1
1478 406 1
3 407 2
17 407 1
37 407 1
238 407 3
306 407 1
327 407 1
347 407 1
652 407 1
873 407 2
1492 407 1
1751 407 1
1752 407 1
1486 408 1
232 409 1
284 409 1
404 409 1
556 409 1
624 409 1
827 409 1
1184 409 1
1735 409 1
301 410 1
353 410 1
1371 411 1
270 412 1
383 412 1
541 412 1
675 412 3
1138 412 1
1330 412 1
1408 412 1
46 413 1
155 413 1
420 413 1
497 414 1
484 415 1
18 416 1
430 416 1
592 416 2
602 416 1
721 416 1
737 416 1
803 416 1
875 416 1
932 417 1
116 418 1
376 419 1
826 419 1
865 419 1
907 419 1
46 420 2
52 420 1
155 420 1
183 420 1
209 420 1
363 420 2
383 420 3
405 420 1
413 420 1
542 420 1
578 420 1
630 420 1
675 420 2
839 420 1
881 420 3
931 420 1
995 420 1
998 420 1
1095 420 2
1376 420 1
1413 420 1
1414 420 1
285 421 1
610 422 1
1677 422 3
732 423 1
266 424 1
289 424 2
396 424 1
443 424 1
967 424 1
1236 424 1
1398 424 1
1756 424 2
1757 424 2
1758 424 2
1759 424 1
1809 424 1
3 425 1
38 425 1
49 425 1
64 425 1
69 425 1
97 425 1
108 425 1
121 425 1
137 425 1
186 425 1
203 425 1
220 425 1
262 425 1
293 425 1
315 425 3
328 425 1
335 425 2
512 425 2
540 425 1
549 425 1
568 425 1
577 425 1
581 425 1
589 425 1
594 425 1
596 425 1
624 425 3
626 425 1
647 425 1
649 425 1
700 425 1
741 425 1
756 425 1
757 425 1
765 425 2
790 425 1
797 425 1
954 425 1
956 425 1
968 425 1
996 425 1
1009 425 1
1037 425 1
1038 425 1
1071 425 1
1164 425 1
1284 425 1
1285 425 1
1381 425 1
1504 425 2
1505 425 1
1549 425 1
1562 425 1
1564 425 1
1572 425 1
389 426 1
518 426 1
637 426 1
94 427 1
1147 427 1
12 428 1
51 428 1
164 428 1
199 428 1
259 428 1
267 428 1
346 428 1
550 428 1
1025 428 1
1076 428 1
1326 428 1
79 429 1
797 429 1
1035 429 1
416 430 1
721 430 1
1437 430 1
281 431 2
523 431 2
677 431 2
1464 431 1
1551 431 1
82 432 2
116 432 2
266 432 1
305 433 1
330 433 1
515 433 1
672 433 1
845 433 1
1223 433 1
1225 433 1
2 434 1
92 434 1
534 434 1
542 434 3
562 434 1
566 434 1
653 434 1
939 434 2
1130 434 2
43 435 1
70 435 1
274 435 1
327 435 1
383 435 1
650 435 1
797 435 1
827 435 1
1128 435 1
1174 435 1
1435 435 1
332 436 1
893 436 1
98 437 1
213 437 1
286 437 2
489 437 1
813 437 1
233 438 1
1164 438 1
440 439 2
2 440 1
119 440 1
209 440 2
333 440 1
439 440 2
559 440 1
574 440 1
608 440 1
625 440 1
654 440 4
655 440 8
684 440 5
685 440 2
709 440 4
710 440 2
720 440 3
740 440 2
880 440 1
943 440 1
959 440 1
1088 440 1
1093 440 1
1149 440 1
1599 440 1
1798 440 1
652 441 2
1770 441 1
1119 442 1
266 443 1
343 443 1
396 443 1
424 443 1
1236 443 1
104 444 1
105 444 1
364 444 1
596 444 1
643 444 1
808 444 1
891 444 1
914 444 1
915 444 1
1017 444 1
1035 444 1
1070 444 1
1358 444 1
1359 444 1
1360 444 1
1479 444 1
1546 444 1
79 445 1
509 445 1
1475 445 1
1554 445 1
1559 445 1
1087 446 1
365 447 1
797 447 1
1580 448 1
47 449 1
72 449 1
144 449 1
231 449 4
280 449 1
367 449 1
378 449 1
551 449 1
582 449 1
624 449 1
711 449 2
733 449 1
734 449 1
735 449 1
931 449 1
1105 449 1
1264 449 1
1791 449 1
1403 450 1
157 451 1
171 451 1
172 451 1
218 451 1
223 451 1
270 451 1
298 451 1
353 451 1
497 451 1
603 451 2
1143 452 1
1286 452 1
936 453 1
457 454 1
458 454 1
1226 455 1
353 456 1
363 456 1
936 456 2
454 457 1
458 457 1
454 458 1
457 458 1
876 459 1
1087 459 1
12 460 1
26 460 1
142 460 1
628 461 1
862 461 1
940 461 1
299 462 1
363 462 1
761 462 1
43 463 1
235 463 1
509 463 1
559 463 1
592 463 1
601 463 1
803 463 1
808 463 1
829 463 1
1487 463 1
241 464 1
76 465 2
466 465 1
478 465 2
604 465 1
809 465 1
1306 465 1
465 466 1
1515 467 1
8 468 1
26 468 1
121 468 1
54 469 1
353 470 1
896 470 1
922 470 1
34 471 1
53 471 1
171 471 2
493 471 1
523 471 1
865 471 1
1676 471 1
53 472 1
91 472 1
157 472 1
305 472 1
1645 473 1
33 474 1
208 474 1
630 474 1
678 474 1
756 474 1
767 474 1
910 474 1
936 474 1
701 475 1
819 475 1
29 476 4
139 476 1
183 476 2
228 476 1
327 476 1
508 476 1
577 476 1
594 476 1
598 476 3
599 476 4
650 476 2
707 476 1
868 476 1
984 476 1
1042 476 1
1064 476 1
1115 476 1
1139 476 2
1178 476 1
1208 476 1
1442 476 1
1488 476 1
1616 476 2
150 477 1
247 477 1
1718 477 1
1719 477 1
465 478 2
1506 479 1
1507 479 1
818 480 1
1177 481 1
1701 481 1
231 482 1
600 482 1
1018 482 1
1296 482 1
1297 482 1
356 483 2
685 483 1
1074 483 1
1755 483 2
415 484 1
485 484 1
504 484 1
1440 484 1
484 485 1
504 485 1
1440 485 1
1807 486 1
1693 487 1
1694 487 1
1695 487 1
44 488 1
153 488 1
98 489 1
286 489 1
437 489 1
616 490 1
1141 490 1
305 491 2
113 492 1
121 492 1
685 492 1
709 492 1
878 492 1
954 492 1
1005 492 1
1350 492 1
1351 492 1
129 493 1
270 493 1
471 493 1
526 493 1
1030 493 1
1230 493 1
1231 493 1
124 494 1
663 494 3
692 494 1
693 494 2
1246 494 1
33 495 1
187 496 1
1617 496 1
198 497 1
270 497 1
414 497 1
451 497 1
583 497 1
603 497 2
689 497 1
1059 497 1
1258 497 1
646 498 1
1137 498 1
194 499 1
936 500 1
1032 500 1
1684 500 1
704 501 1
1252 501 1
1253 501 1
406 502 1
848 502 1
1478 502 1
779 503 1
905 503 1
975 503 1
1084 503 1
1165 503 1
484 504 1
485 504 1
1440 504 1
166 505 1
535 505 1
537 505 1
540 505 1
609 505 1
663 505 1
735 505 1
853 505 1
981 505 1
123 506 1
228 506 1
542 506 1
548 506 1
583 506 1
775 506 1
832 506 1
869 506 1
925 506 1
959 506 1
15 507 1
16 507 1
865 507 3
139 508 1
476 508 1
598 508 1
599 508 1
895 508 1
119 509 1
445 509 1
463 509 1
539 509 1
559 509 4
567 509 1
865 509 1
1475 509 1
1487 509 1
1733 509 1
724 510 1
1484 510 1
122 511 1
144 511 1
1066 511 1
69 512 1
137 512 1
315 512 1
328 512 1
350 512 1
360 512 1
425 512 2
540 512 1
605 512 1
741 512 1
756 512 1
927 512 1
956 512 1
1038 512 1
1071 512 2
1260 512 1
1381 512 1
1563 512 1
775 513 1
53 514 2
91 514 1
128 514 2
661 514 1
330 515 1
433 515 1
527 515 1
987 515 1
1514 515 1
579 516 1
141 517 2
182 517 1
232 517 2
556 517 1
574 517 1
712 517 1
1039 517 2
1115 517 1
1151 517 1
1158 517 1
1804 517 1
426 518 1
637 518 1
3 519 1
21 519 1
37 519 1
38 519 1
651 519 1
1349 519 1
1046 520 1
875 521 1
1083 522 1
64 523 1
191 523 1
431 523 2
471 523 1
616 523 1
766 523 1
941 523 1
1040 523 1
1070 523 1
1410 523 1
1443 523 1
22 524 1
183 524 1
603 524 1
638 524 2
657 524 1
767 524 1
894 524 1
911 524 1
1018 524 1
906 525 2
1534 525 1
493 526 1
1231 526 1
515 527 1
987 527 1
1514 527 1
37 528 1
712 529 1
101 530 1
539 531 1
600 531 1
617 531 2
619 531 1
791 531 2
1034 531 1
1186 531 2
277 532 1
329 532 1
228 533 3
614 533 1
629 533 1
753 533 1
1063 533 1
434 534 1
542 534 1
566 534 1
939 534 1
22 535 2
31 535 2
42 535 1
280 535 1
283 535 1
383 535 1
505 535 1
537 535 4
540 535 4
609 535 1
616 535 1
630 535 1
663 535 1
735 535 1
853 535 1
1067 535 1
339 536 1
582 536 1
505 537 1
535 537 4
540 537 4
609 537 1
663 537 1
735 537 1
853 537 1
1067 537 1
542 538 1
1774 538 1
509 539 1
531 539 1
559 539 3
615 539 1
617 539 2
641 539 1
696 539 1
831 539 1
1034 539 1
1075 539 2
1227 539 1
1780 539 1
69 540 1
166 540 1
217 540 1
235 540 1
402 540 1
425 540 1
505 540 1
512 540 1
535 540 4
537 540 4
609 540 1
628 540 1
663 540 1
735 540 1
741 540 1
804 540 1
853 540 1
1011 540 1
1038 540 1
1067 540 2
1637 540 1
270 541 2
383 541 2
412 541 1
549 541 1
581 541 1
594 541 1
9 542 1
47 542 4
185 542 1
209 542 1
223 542 1
232 542 3
241 542 2
308 542 1
352 542 1
375 542 1
383 542 1
403 542 1
420 542 1
434 542 3
506 542 1
534 542 1
538 542 1
547 542 2
548 542 1
556 542 2
560 542 1
564 542 2
566 542 1
574 542 2
583 542 1
600 542 2
604 542 1
608 542 1
616 542 2
641 542 1
653 542 1
657 542 1
659 542 1
660 542 1
663 542 1
685 542 1
694 542 1
711 542 5
712 542 3
730 542 1
745 542 1
771 542 1
775 542 4
820 542 1
846 542 1
871 542 2
874 542 2
925 542 1
931 542 1
933 542 1
939 542 3
956 542 1
995 542 1
1056 542 1
1116 542 1
1117 542 2
1130 542 1
1135 542 1
1247 542 1
1383 542 1
1548 542 2
1588 542 1
1589 542 1
1606 542 1
1632 542 1
1647 542 1
1648 542 1
1790 542 1
544 543 2
545 543 2
23 544 1
88 544 1
113 544 1
157 544 1
316 544 1
543 544 2
545 544 2
549 544 4
553 544 1
577 544 1
608 544 1
684 544 1
718 544 1
719 544 1
768 544 1
1259 544 1
543 545 2
544 545 2
547 546 2
574 546 2
1167 546 2
184 547 3
205 547 1
317 547 2
542 547 2
546 547 2
572 547 1
574 547 5
616 547 2
685 547 4
688 547 1
710 547 1
740 547 3
820 547 1
846 547 2
964 547 1
1027 547 2
1167 547 2
1269 547 1
1509 547 2
1721 547 2
43 548 1
330 548 1
404 548 2
506 548 1
542 548 1
566 548 1
600 548 2
614 548 1
775 548 1
801 548 1
11 549 1
70 549 1
88 549 1
89 549 1
90 549 2
183 549 4
269 549 1
270 549 1
312 549 2
316 549 1
392 549 1
425 549 1
541 549 1
544 549 4
550 549 3
556 549 1
577 549 2
581 549 1
594 549 4
683 549 2
684 549 1
705 549 2
718 549 1
839 549 2
896 549 1
905 549 1
1084 549 1
1140 549 1
1146 549 1
1259 549 1
1442 549 1
3 550 1
11 550 1
12 550 2
23 550 1
52 550 3
70 550 1
119 550 1
210 550 1
241 550 3
264 550 1
283 550 1
428 550 1
549 550 3
556 550 1
594 550 3
608 550 1
657 550 1
683 550 1
705 550 1
1052 550 1
1076 550 1
144 551 1
449 551 1
640 552 1
887 552 1
1399 552 1
144 553 1
203 553 1
228 553 2
345 553 1
544 553 1
608 553 2
718 553 1
798 553 1
975 553 1
1114 553 1
1312 554 1
9 555 1
47 555 2
67 555 2
198 555 2
399 555 1
572 555 1
573 555 1
574 555 2
582 555 1
608 555 1
657 555 1
711 555 1
767 555 1
775 555 2
781 555 1
851 555 1
871 555 1
898 555 1
955 555 1
956 555 1
1086 555 2
1434 555 2
3 556 2
12 556 3
23 556 1
119 556 1
157 556 1
178 556 1
203 556 1
209 556 1
223 556 1
225 556 1
232 556 3
261 556 1
269 556 1
283 556 1
327 556 1
404 556 1
409 556 1
517 556 1
542 556 2
549 556 1
550 556 1
574 556 2
646 556 1
657 556 2
683 556 1
705 556 1
712 556 3
722 556 1
740 556 1
747 556 2
762 556 1
769 556 1
771 556 1
827 556 1
907 556 2
1027 556 1
1146 556 1
1271 556 1
1735 556 1
37 557 1
127 557 2
347 557 2
561 557 2
999 557 3
1200 557 1
1201 557 1
1202 557 1
1203 557 1
79 558 1
88 558 1
873 558 1
1204 558 1
1205 558 1
1206 558 1
47 559 1
119 559 1
193 559 1
203 559 2
440 559 1
463 559 1
509 559 4
539 559 3
567 559 1
615 559 3
617 559 1
618 559 1
641 559 2
684 559 1
797 559 2
820 559 1
865 559 3
1068 559 1
1075 559 1
1299 559 1
1487 559 1
1733 559 1
1763 559 1
203 560 1
231 560 1
232 560 1
542 560 1
564 560 1
777 560 1
1080 560 1
1163 560 1
557 561 2
92 562 1
434 562 1
1130 562 1
1715 562 1
233 563 1
764 563 2
956 563 1
232 564 1
542 564 2
560 564 1
603 564 1
820 564 1
22 565 1
203 565 2
280 565 1
316 565 1
366 565 1
404 565 1
567 565 2
619 565 1
684 565 2
827 565 1
864 565 1
1137 565 1
1154 565 2
1176 565 1
1518 565 1
1737 565 1
404 566 2
434 566 1
534 566 1
542 566 1
548 566 1
600 566 1
614 566 1
793 566 1
939 566 1
1166 566 1
203 567 1
509 567 1
559 567 1
565 567 2
864 567 1
1137 567 1
1154 567 1
1176 567 1
1733 567 1
1737 567 1
6 568 1
47 568 1
67 568 1
378 568 1
425 568 1
593 568 1
865 568 1
1207 568 1
1208 568 1
42 569 1
570 569 1
569 570 1
1267 570 1
13 571 1
14 571 1
32 571 1
220 571 1
263 571 1
401 571 1
402 571 1
714 571 1
820 571 1
836 571 1
900 571 1
905 571 1
1016 571 1
1069 571 1
1071 571 1
1303 571 1
1304 571 1
1311 571 1
1357 571 1
1545 571 1
547 572 1
555 572 1
685 572 1
1031 572 1
9 573 1
555 573 1
574 573 1
616 573 1
655 573 1
896 573 1
1368 573 1
9 574 1
183 574 1
225 574 4
232 574 1
440 574 1
517 574 1
542 574 2
546 574 2
547 574 5
555 574 2
556 574 2
573 574 1
616 574 1
685 574 2
709 574 1
710 574 4
712 574 2
740 574 1
775 574 1
898 574 1
905 574 1
955 574 1
959 574 1
1167 574 2
1333 574 1
1434 574 1
896 575 2
1510 575 1
1624 575 1
172 576 1
586 576 1
1211 576 1
1212 576 1
88 577 1
157 577 1
172 577 1
193 577 1
220 577 1
227 577 1
228 577 1
315 577 1
359 577 1
401 577 1
425 577 1
476 577 1
544 577 1
549 577 2
582 577 1
594 577 6
598 577 1
608 577 1
619 577 1
625 577 1
671 577 1
673 577 3
681 577 1
682 577 2
686 577 2
687 577 1
797 577 1
1004 577 1
1139 577 1
1165 577 1
1243 577 1
1244 577 1
390 578 1
420 578 1
675 578 1
1313 578 1
1461 578 1
516 579 1
330 580 1
38 581 3
49 581 1
79 581 1
97 581 1
270 581 1
347 581 2
359 581 1
425 581 1
541 581 1
549 581 1
589 581 1
594 581 1
683 581 1
797 581 1
1035 581 1
1479 581 1
1572 581 1
47 582 1
205 582 1
209 582 1
231 582 1
372 582 1
449 582 1
536 582 1
555 582 1
577 582 1
607 582 1
608 582 4
660 582 1
673 582 1
686 582 1
711 582 1
736 582 1
798 582 1
956 582 2
1002 582 2
1003 582 1
1011 582 1
1654 582 1
123 583 1
497 583 1
506 583 1
542 583 1
689 583 1
730 583 1
832 583 1
735 584 1
1098 584 1
1039 585 1
1788 585 1
576 586 1
1211 586 1
226 587 1
866 587 1
1404 587 1
1775 587 1
1776 587 1
913 588 1
38 589 2
49 589 1
56 589 1
97 589 2
318 589 1
425 589 1
581 589 1
1035 589 2
1092 589 1
1102 589 1
1296 589 1
1572 589 1
172 590 1
195 590 1
280 590 1
365 590 1
599 590 2
686 590 1
707 590 1
708 590 1
859 590 1
899 590 1
1537 590 1
1539 590 1
1556 590 1
1700 590 1
1764 590 2
381 591 1
592 591 3
890 591 1
925 591 1
1156 591 1
18 592 1
235 592 2
381 592 1
416 592 2
463 592 1
591 592 3
601 592 2
602 592 1
803 592 2
829 592 1
890 592 1
925 592 1
991 592 1
1156 592 1
1673 592 1
51 593 1
259 593 1
267 593 1
323 593 1
337 593 1
378 593 1
568 593 1
1067 593 1
1090 593 2
11 594 1
50 594 1
52 594 2
70 594 1
88 594 1
89 594 1
90 594 1
140 594 2
157 594 1
228 594 1
241 594 1
264 594 1
270 594 1
359 594 1
401 594 1
425 594 1
476 594 1
541 594 1
549 594 4
550 594 3
577 594 6
581 594 1
608 594 1
619 594 1
1084 594 1
1139 594 1
1243 594 2
1743 594 1
18 595 1
74 595 1
172 595 1
265 595 1
311 595 1
361 595 1
368 595 1
599 595 1
628 595 1
775 595 1
1294 595 1
3 596 1
12 596 1
108 596 1
235 596 1
353 596 3
362 596 1
425 596 1
444 596 1
621 596 1
643 596 2
757 596 1
907 596 1
937 596 1
706 597 1
980 597 1
1301 597 1
29 598 2
139 598 1
172 598 1
228 598 1
476 598 3
508 598 1
577 598 1
599 598 4
608 598 2
673 598 2
682 598 1
710 598 1
12 599 3
29 599 4
48 599 1
139 599 1
157 599 1
172 599 2
209 599 2
241 599 1
265 599 1
280 599 1
365 599 1
476 599 4
508 599 1
590 599 2
595 599 1
598 599 4
628 599 1
676 599 1
682 599 1
686 599 1
707 599 1
708 599 1
710 599 1
898 599 1
899 599 1
1243 599 1
1294 599 1
1488 599 1
1556 599 1
231 600 2
404 600 1
482 600 1
531 600 1
542 600 2
548 600 2
566 600 1
614 600 1
617 600 1
694 600 1
712 600 1
791 600 1
874 600 2
1107 600 1
1167 600 1
1186 600 1
1570 600 1
1632 600 1
48 601 1
235 601 3
242 601 2
463 601 1
592 601 2
798 601 1
803 601 3
829 601 1
875 601 2
1342 601 1
1343 601 1
1350 601 2
1353 601 1
416 602 1
592 602 1
157 603 2
171 603 1
172 603 1
183 603 1
202 603 1
218 603 1
231 603 1
270 603 1
297 603 1
405 603 1
451 603 2
497 603 2
524 603 1
564 603 1
613 603 1
711 603 2
1223 603 1
1258 603 1
465 604 1
542 604 1
712 604 1
874 604 1
512 605 1
680 605 1
871 605 1
1024 605 1
305 606 1
995 606 1
998 606 1
582 607 1
608 607 1
52 608 1
209 608 1
228 608 1
264 608 1
440 608 1
542 608 1
544 608 1
550 608 1
553 608 2
555 608 1
577 608 1
582 608 4
594 608 1
598 608 2
607 608 1
655 608 1
673 608 2
718 608 1
775 608 1
798 608 2
933 608 1
956 608 1
1219 608 1
1220 608 1
1385 608 1
1584 608 1
505 609 1
535 609 1
537 609 1
540 609 1
663 609 1
735 609 2
853 609 1
1731 609 1
228 610 1
422 610 1
883 610 1
1677 610 1
1296 611 1
225 612 1
202 613 1
231 613 1
603 613 1
711 613 1
228 614 1
404 614 1
533 614 1
548 614 1
566 614 1
600 614 1
629 614 4
657 614 1
933 614 1
954 614 1
1151 614 1
539 615 1
559 615 3
616 615 1
617 615 1
618 615 2
641 615 2
775 615 1
820 615 1
1221 615 1
1222 615 1
1763 615 1
1 616 1
191 616 2
490 616 1
523 616 1
535 616 1
542 616 2
547 616 2
573 616 1
574 616 1
615 616 1
623 616 1
710 616 1
730 616 1
846 616 1
896 616 1
1050 616 2
1118 616 1
1141 616 1
1334 616 1
531 617 2
539 617 2
559 617 1
600 617 1
615 617 1
619 617 1
791 617 2
1186 617 1
1780 617 1
559 618 1
615 618 2
1221 618 1
1763 618 1
88 619 1
404 619 2
531 619 1
565 619 1
577 619 1
594 619 1
617 619 1
791 619 1
792 619 1
827 619 1
1175 619 1
1646 619 1
52 620 4
67 620 1
113 620 1
146 620 1
214 620 1
241 620 2
401 620 1
402 620 1
662 620 1
794 620 1
1292 620 1
1448 620 1
1449 620 1
1736 620 1
353 621 1
362 621 1
596 621 1
630 622 1
857 622 1
858 622 3
910 622 1
1094 622 1
191 623 1
616 623 1
1050 623 1
123 624 1
409 624 1
425 624 3
449 624 1
644 624 2
815 624 1
827 624 1
896 624 1
997 624 1
1160 624 1
1173 624 1
1229 624 2
1504 624 2
1505 624 1
87 625 1
315 625 1
440 625 1
577 625 1
626 625 1
627 625 1
655 625 1
720 625 1
740 625 1
797 625 1
228 626 1
335 626 1
425 626 1
625 626 1
627 626 1
765 626 1
996 626 1
1214 626 1
1217 626 1
1372 626 1
1373 626 2
625 627 1
626 627 1
217 628 1
265 628 1
331 628 1
335 628 1
402 628 1
461 628 1
540 628 1
595 628 1
599 628 1
674 628 1
823 628 1
838 628 1
850 628 1
862 628 3
886 628 4
940 628 1
944 628 1
998 628 2
1081 628 1
1294 628 2
1416 628 1
1466 628 1
1467 628 1
228 629 1
395 629 1
533 629 1
614 629 4
657 629 1
933 629 1
954 629 1
1151 629 1
183 630 1
223 630 1
271 630 1
283 630 1
293 630 1
330 630 1
335 630 1
383 630 3
405 630 1
420 630 1
474 630 1
535 630 1
622 630 1
672 630 1
678 630 1
858 630 1
917 630 1
936 630 1
1376 630 1
1590 631 1
1591 631 1
633 632 1
634 632 2
751 632 1
114 633 1
133 633 1
632 633 1
634 633 1
752 633 1
1322 633 1
1323 633 1
632 634 2
633 634 1
751 634 1
180 635 1
1108 635 1
1132 635 1
1543 636 1
426 637 1
518 637 1
28 638 1
318 638 1
524 638 2
1018 638 1
1190 638 1
953 639 1
1233 639 1
552 640 1
717 640 1
730 640 1
887 640 1
1399 640 1
1768 640 1
1769 640 1
205 641 1
539 641 1
542 641 1
559 641 2
615 641 2
659 641 1
660 641 1
775 641 1
820 641 1
837 641 1
956 641 3
983 641 1
1033 641 1
1075 641 2
1126 641 1
18 642 1
1380 642 1
444 643 1
596 643 2
1101 643 1
318 644 1
388 644 1
624 644 2
645 644 1
815 644 2
1229 644 2
388 645 1
644 645 1
815 645 1
162 646 1
498 646 1
556 646 1
689 646 1
712 646 2
874 646 1
933 646 2
1137 646 1
1144 646 1
237 647 1
425 647 1
649 647 6
1009 647 1
1720 647 1
225 648 1
396 648 1
709 648 1
712 648 1
425 649 1
647 649 6
1009 649 1
25 650 1
29 650 1
327 650 5
435 650 1
476 650 2
827 650 1
1042 650 1
1171 650 1
1188 650 1
1208 650 1
1250 650 1
21 651 1
38 651 2
519 651 1
1508 651 1
18 652 1
238 652 1
407 652 1
441 652 2
705 652 1
877 652 1
1709 652 1
1770 652 1
434 653 1
542 653 1
2 654 1
440 654 4
655 654 8
709 654 3
743 654 1
746 654 1
816 654 1
959 654 1
965 654 1
966 654 2
1088 654 1
1255 654 1
1334 654 1
1419 654 1
2 655 2
9 655 1
90 655 1
172 655 3
199 655 1
365 655 1
392 655 1
440 655 8
573 655 1
608 655 1
625 655 1
654 655 8
678 655 1
684 655 1
709 655 3
720 655 3
743 655 1
746 655 1
816 655 1
956 655 1
959 655 1
965 655 1
966 655 2
1333 655 1
1334 655 2
767 656 1
771 656 1
1234 656 1
3 657 1
12 657 1
22 657 4
23 657 1
75 657 1
109 657 2
119 657 1
168 657 1
171 657 2
172 657 1
182 657 1
223 657 1
225 657 2
228 657 1
283 657 1
342 657 1
524 657 1
542 657 1
550 657 1
555 657 1
556 657 2
614 657 1
629 657 1
726 657 3
767 657 1
771 657 1
798 657 1
846 657 1
894 657 3
911 657 1
933 657 1
954 657 1
1027 657 1
1122 657 1
1151 657 2
1159 657 1
1261 657 1
1457 657 2
1698 657 1
271 658 1
405 658 1
542 659 1
641 659 1
660 659 1
327 660 1
372 660 1
542 660 1
582 660 1
641 660 1
659 660 1
91 661 1
514 661 1
756 661 1
1051 661 1
620 662 1
1292 662 1
1293 662 1
124 663 1
160 663 1
375 663 1
395 663 2
494 663 3
505 663 1
535 663 1
537 663 1
540 663 1
542 663 1
609 663 1
668 663 1
689 663 1
693 663 3
729 663 2
735 663 1
745 663 1
775 663 1
853 663 1
955 663 1
1056 663 1
1245 663 1
1246 663 1
1247 663 1
1248 663 1
1249 663 1
1779 664 1
1702 665 1
1703 665 1
1704 665 1
20 666 1
667 666 2
668 666 3
669 666 1
1237 666 1
666 667 2
668 667 2
20 668 1
663 668 1
666 668 3
667 668 2
669 668 1
1237 668 1
1248 668 1
20 669 1
666 669 1
668 669 1
1237 669 1
1576 669 1
1577 669 1
1239 670 1
577 671 1
1004 671 1
271 672 1
383 672 1
433 672 1
630 672 1
930 672 1
1223 672 1
1242 672 1
1290 672 1
1696 672 1
12 673 1
228 673 1
241 673 5
383 673 1
577 673 3
582 673 1
598 673 2
608 673 2
682 673 1
686 673 1
905 673 1
908 673 1
963 673 2
995 673 1
1082 673 1
1172 673 1
1411 673 1
1412 673 1
1744 673 1
628 674 1
886 674 1
998 674 1
1023 674 1
1499 674 1
1536 674 1
270 675 1
412 675 3
420 675 2
578 675 1
12 676 1
209 676 1
599 676 1
710 676 1
137 677 1
281 677 3
431 677 2
678 677 1
1551 677 2
172 678 1
281 678 1
363 678 1
474 678 1
630 678 1
655 678 1
677 678 1
956 678 1
1551 678 1
245 679 1
850 679 1
1024 679 1
605 680 1
850 680 1
871 680 1
905 680 1
1024 680 2
227 681 1
577 681 1
172 682 2
577 682 2
598 682 1
599 682 1
673 682 1
686 682 1
687 682 1
710 682 1
269 683 1
399 683 1
549 683 2
550 683 1
556 683 1
581 683 1
688 683 1
705 683 2
756 683 3
1146 683 1
1479 683 1
3 684 1
22 684 1
38 684 2
203 684 1
209 684 2
210 684 2
280 684 1
316 684 3
366 684 1
440 684 5
544 684 1
549 684 1
559 684 1
565 684 2
655 684 1
694 684 1
817 684 2
854 684 1
923 684 1
976 684 1
1103 684 1
1255 684 1
1332 684 1
1488 684 1
256 685 1
440 685 2
483 685 1
492 685 1
542 685 1
547 685 4
572 685 1
574 685 2
710 685 1
738 685 1
740 685 3
750 685 1
767 685 1
820 685 1
912 685 2
1005 685 1
172 686 3
577 686 2
582 686 1
590 686 1
599 686 1
673 686 1
682 686 1
687 686 1
899 686 1
1408 686 1
1556 686 1
172 687 1
577 687 1
682 687 1
686 687 1
43 688 1
547 688 1
683 688 1
689 688 2
772 688 1
162 689 2
395 689 1
497 689 1
583 689 1
646 689 1
663 689 1
688 689 2
955 689 1
1451 689 1
375 690 1
887 690 2
1007 690 1
1399 690 1
1458 690 2
395 691 1
731 691 1
732 691 1
760 691 1
944 691 1
998 691 1
494 692 1
124 693 1
494 693 2
663 693 3
729 693 2
1246 693 1
542 694 1
600 694 1
684 694 1
1135 694 1
1148 694 2
1714 694 2
1777 694 1
1796 694 1
1797 694 1
1659 695 2
1661 695 1
64 696 1
539 696 1
697 696 1
831 696 1
1075 696 1
1227 696 1
64 697 1
696 697 1
198 698 1
730 698 1
1362 698 1
1363 698 1
1364 698 1
986 699 1
425 700 1
765 700 1
916 700 1
1251 700 1
406 701 1
475 701 1
776 701 1
819 701 2
322 702 1
759 702 1
783 702 1
1503 702 1
201 703 1
271 703 1
834 703 1
501 704 1
1252 704 1
1253 704 2
167 705 1
269 705 1
549 705 2
550 705 1
556 705 1
652 705 1
683 705 2
1146 705 1
1794 705 1
1801 705 1
1802 705 1
597 706 1
980 706 1
48 707 1
125 707 1
157 707 1
167 707 1
193 707 1
359 707 1
476 707 1
590 707 1
599 707 1
1139 707 1
1243 707 1
1700 707 1
280 708 1
365 708 1
590 708 1
599 708 1
2 709 1
3 709 1
12 709 1
113 709 2
121 709 1
183 709 1
225 709 1
283 709 1
383 709 1
396 709 1
440 709 4
492 709 1
574 709 1
648 709 1
654 709 3
655 709 3
710 709 1
712 709 2
762 709 1
827 709 1
878 709 2
954 709 1
1350 709 1
1351 709 1
2 710 1
172 710 1
183 710 1
440 710 2
547 710 1
574 710 4
598 710 1
599 710 1
616 710 1
676 710 1
682 710 1
685 710 1
709 710 1
740 710 1
749 710 1
846 710 1
874 710 1
885 710 1
905 710 1
959 710 1
1074 710 1
1333 710 1
1334 710 1
202 711 1
231 711 4
378 711 2
449 711 2
542 711 5
555 711 1
582 711 1
603 711 2
613 711 1
733 711 1
734 711 1
735 711 1
775 711 1
800 711 1
939 711 1
955 711 1
971 711 1
1002 711 1
1088 711 1
1105 711 1
1116 711 1
1117 711 4
1375 711 1
1407 711 1
1760 711 1
183 712 1
184 712 1
225 712 1
232 712 2
383 712 1
396 712 1
517 712 1
529 712 1
542 712 3
556 712 3
574 712 2
600 712 1
604 712 1
646 712 2
648 712 1
709 712 2
874 712 7
956 712 1
968 712 1
1014 712 1
1109 712 1
1130 712 1
1145 712 1
1152 712 2
1509 712 1
1589 712 1
1655 712 1
1254 713 1
32 714 1
220 714 1
401 714 1
571 714 1
806 714 1
814 714 2
1071 714 1
1142 714 1
1357 714 1
1692 714 1
731 715 1
905 715 1
62 716 1
717 716 1
855 716 1
1352 716 1
62 717 1
640 717 1
716 717 1
730 717 1
1768 717 1
1769 717 1
544 718 1
549 718 1
553 718 1
608 718 1
88 719 1
113 719 1
544 719 1
440 720 3
625 720 1
655 720 3
745 720 2
416 721 1
430 721 1
261 722 2
556 722 1
762 722 2
724 723 2
725 723 2
510 724 1
723 724 2
725 724 2
890 724 1
1455 724 1
1484 724 1
723 725 2
724 725 2
22 726 2
168 726 1
657 726 3
798 726 1
846 726 1
894 726 1
1151 726 1
1261 726 1
797 727 1
1613 728 1
40 729 1
202 729 1
257 729 1
663 729 2
693 729 2
1245 729 1
1262 729 1
198 730 1
542 730 1
583 730 1
616 730 1
640 730 1
698 730 1
717 730 1
1362 730 1
1363 730 1
1364 730 1
1768 730 1
1769 730 1
12 731 1
209 731 1
336 731 1
353 731 1
406 731 1
691 731 1
715 731 1
732 731 2
789 731 1
942 731 1
969 731 1
1050 731 1
104 732 1
209 732 1
423 732 1
691 732 1
731 732 2
889 732 1
931 732 1
1050 732 1
209 733 2
231 733 1
378 733 1
449 733 1
711 733 1
849 733 2
1077 733 1
1080 733 1
1268 733 1
231 734 1
449 734 1
711 734 1
735 734 1
1105 734 1
231 735 1
449 735 1
505 735 1
535 735 1
537 735 1
540 735 1
584 735 1
609 735 2
663 735 1
711 735 1
734 735 1
853 735 1
1002 735 1
1045 735 1
1098 735 1
1105 735 1
582 736 1
47 737 1
335 737 1
416 737 1
685 738 1
750 738 1
88 739 1
906 739 1
949 739 1
87 740 1
205 740 1
317 740 2
440 740 2
547 740 3
556 740 1
574 740 1
625 740 1
685 740 3
710 740 1
749 740 1
750 740 1
959 740 1
1269 740 1
69 741 1
228 741 1
425 741 1
512 741 1
540 741 1
1038 741 1
260 742 1
1532 742 1
392 743 1
654 743 1
655 743 1
746 743 1
966 743 1
1266 743 1
246 744 1
1291 744 1
375 745 1
542 745 1
663 745 1
720 745 2
1056 745 1
1247 745 1
392 746 1
654 746 1
655 746 1
743 746 1
1255 746 1
1266 746 1
12 747 2
157 747 1
362 747 1
556 747 2
769 747 1
843 747 1
1271 747 1
1386 747 1
887 748 1
1399 748 1
710 749 1
740 749 1
685 750 1
738 750 1
740 750 1
632 751 1
634 751 1
1270 751 1
633 752 1
533 753 1
1063 753 2
1279 753 1
1283 754 1
298 755 1
756 755 5
1021 755 1
1216 755 1
1285 755 1
1406 755 1
1416 755 1
47 756 1
90 756 5
137 756 1
145 756 2
208 756 1
262 756 1
298 756 1
315 756 1
328 756 1
425 756 1
474 756 1
512 756 1
661 756 1
683 756 3
755 756 5
763 756 1
767 756 1
796 756 1
895 756 1
910 756 1
938 756 4
956 756 1
998 756 1
1019 756 1
1035 756 1
1051 756 1
1071 756 1
1097 756 1
1216 756 1
1324 756 1
1381 756 1
1416 756 1
1547 756 1
1633 756 1
1644 756 1
120 757 1
210 757 1
235 757 1
293 757 3
305 757 1
317 757 1
403 757 1
425 757 1
596 757 1
790 757 2
845 757 1
917 757 1
937 757 1
1285 757 1
1331 757 1
1378 757 3
1393 757 1
1394 757 1
814 758 2
702 759 1
211 760 1
691 760 1
1295 760 1
462 761 1
261 762 2
556 762 1
709 762 1
722 762 2
145 763 1
756 763 1
233 764 1
563 764 2
827 764 1
956 764 1
1115 764 1
335 765 1
425 765 2
626 765 1
700 765 1
822 765 1
996 765 1
523 766 1
1565 766 1
1611 766 1
208 767 1
474 767 1
524 767 1
555 767 1
656 767 1
657 767 1
685 767 1
756 767 1
771 767 1
910 767 1
912 767 1
1234 767 1
23 768 1
157 768 1
544 768 1
12 769 1
157 769 2
401 769 1
556 769 1
747 769 1
1271 769 1
995 770 1
223 771 1
542 771 1
556 771 1
656 771 1
657 771 1
767 771 1
880 771 1
926 771 1
1234 771 1
688 772 1
157 773 1
161 773 1
1086 773 1
822 774 1
86 775 1
172 775 2
225 775 1
395 775 2
506 775 1
513 775 1
542 775 4
548 775 1
555 775 2
574 775 1
595 775 1
608 775 1
615 775 1
641 775 1
663 775 1
711 775 1
898 775 1
956 775 1
1050 775 1
1162 775 3
1177 775 2
1222 775 1
1402 775 1
1434 775 1
406 776 1
701 776 1
1621 776 1
231 777 1
560 777 1
1080 777 1
1300 778 1
224 779 1
503 779 1
1011 779 1
1084 779 1
1165 779 1
1706 779 1
93 780 2
947 780 2
1072 780 1
1115 780 1
1157 780 1
1176 780 1
1282 780 1
1686 780 1
160 781 1
555 781 1
817 781 1
848 781 1
1449 781 1
57 782 1
106 782 1
157 782 2
238 782 2
254 782 1
304 782 1
401 782 2
807 782 1
949 782 2
977 782 1
1035 782 1
1036 782 1
1272 782 1
1762 782 1
702 783 1
1010 783 1
1430 783 1
854 784 1
958 784 1
1093 784 1
1496 784 1
148 785 1
786 785 1
1309 785 1
1310 785 1
148 786 1
785 786 1
1309 786 1
1310 786 1
1687 787 1
1688 787 1
975 788 1
1349 788 1
12 789 1
353 789 1
731 789 1
854 789 1
871 789 1
971 789 1
1050 789 1
293 790 2
305 790 1
425 790 1
757 790 2
845 790 1
917 790 2
1285 790 1
1378 790 2
531 791 2
600 791 1
617 791 2
619 791 1
1186 791 1
182 792 1
404 792 1
619 792 1
793 792 1
1124 792 3
1155 792 1
115 793 2
182 793 3
404 793 1
566 793 1
792 793 1
1166 793 1
402 794 1
620 794 1
847 794 2
1052 794 1
1792 794 1
19 795 1
90 795 1
210 795 1
316 795 1
318 795 1
1059 795 1
1231 795 1
756 796 1
12 797 1
79 797 1
193 797 1
203 797 2
274 797 1
315 797 2
335 797 1
365 797 1
425 797 1
429 797 1
435 797 1
447 797 1
559 797 2
577 797 1
581 797 1
625 797 1
727 797 1
1035 797 2
1564 797 1
553 798 1
582 798 1
601 798 1
608 798 2
657 798 1
726 798 1
846 798 1
894 798 1
1151 798 1
1261 798 1
1350 798 1
1329 799 2
231 800 1
711 800 1
971 800 1
43 801 1
92 801 1
371 801 1
378 801 1
548 801 1
1047 801 1
1429 801 1
1048 802 1
1420 802 1
1459 802 1
64 803 1
138 803 1
235 803 4
416 803 1
463 803 1
592 803 2
601 803 3
829 803 1
875 803 1
915 803 1
1425 803 1
1426 803 1
1427 803 1
1428 803 1
540 804 1
912 804 1
995 804 1
1011 804 1
31 805 1
55 805 1
152 806 1
305 806 1
306 806 3
327 806 4
714 806 1
827 806 1
1071 806 1
1142 806 1
1692 806 1
1734 806 1
238 807 1
782 807 1
977 807 1
43 808 1
444 808 1
463 808 1
465 809 1
127 810 1
61 811 1
62 811 1
1789 811 1
224 812 2
213 813 1
286 813 1
437 813 1
401 814 1
714 814 2
758 814 2
388 815 1
624 815 1
644 815 2
645 815 1
1229 815 1
654 816 1
655 816 1
965 816 1
1144 816 1
1334 816 1
210 817 2
273 817 1
684 817 2
781 817 1
848 817 2
976 817 1
1052 817 1
1054 817 1
1136 817 1
1207 817 1
480 818 1
475 819 1
701 819 2
208 820 1
542 820 1
547 820 1
559 820 1
564 820 1
571 820 1
615 820 1
641 820 1
685 820 1
970 820 1
1214 820 1
1311 820 1
1697 820 1
343 821 1
765 822 1
774 822 1
1573 822 1
628 823 1
838 823 1
850 823 1
1081 823 1
1465 824 1
842 825 2
860 825 3
419 826 1
865 826 1
907 826 3
1387 826 1
3 827 1
12 827 1
25 827 2
113 827 2
283 827 1
305 827 1
327 827 2
367 827 2
404 827 1
409 827 1
435 827 1
556 827 1
565 827 1
619 827 1
624 827 1
650 827 1
709 827 1
764 827 1
806 827 1
1071 827 1
1115 827 2
1187 827 1
56 828 1
113 828 1
368 828 3
235 829 1
463 829 1
592 829 1
601 829 1
803 829 1
952 829 1
1470 829 1
1471 829 1
1472 829 1
832 830 1
539 831 1
696 831 1
1006 831 1
1075 831 1
1183 831 1
1222 831 1
1227 831 1
1722 831 1
1793 831 1
123 832 2
506 832 1
583 832 1
830 832 1
985 832 1
1639 832 1
106 833 1
338 833 1
703 834 1
1544 834 1
1397 835 1
13 836 1
14 836 1
571 836 1
1303 836 1
1304 836 1
641 837 1
939 837 1
956 837 1
628 838 1
823 838 1
850 838 1
1081 838 1
46 839 1
183 839 2
312 839 4
420 839 1
549 839 2
1413 839 1
1414 839 1
1442 839 1
1384 840 1
1640 840 1
1810 841 1
1811 841 1
1812 841 1
825 842 2
747 843 1
903 844 1
293 845 1
305 845 2
330 845 1
379 845 1
433 845 1
757 845 1
790 845 1
917 845 1
1285 845 1
1378 845 1
120 846 1
183 846 1
369 846 1
542 846 1
547 846 2
616 846 1
657 846 1
710 846 1
726 846 1
798 846 1
894 846 1
905 846 4
925 846 1
959 846 3
1074 846 1
1151 846 1
1261 846 1
794 847 2
1052 847 1
502 848 1
781 848 1
817 848 2
1485 848 1
733 849 2
245 850 1
400 850 1
628 850 1
679 850 1
680 850 1
823 850 1
838 850 1
1024 850 2
1081 850 1
1319 850 1
67 851 1
198 851 1
555 851 1
1086 851 2
1328 851 1
43 852 1
293 852 1
305 852 1
1217 852 1
505 853 1
535 853 1
537 853 1
540 853 1
609 853 1
663 853 1
735 853 1
97 854 1
203 854 1
210 854 1
221 854 1
228 854 1
401 854 1
402 854 2
684 854 1
784 854 1
789 854 1
871 854 1
958 854 1
971 854 4
972 854 1
997 854 1
1103 854 3
1329 854 1
1395 854 1
1396 854 1
1550 854 1
1727 854 1
716 855 1
1131 855 1
1352 855 1
1389 855 2
1400 855 1
880 856 1
926 856 1
1657 856 1
622 857 1
858 857 1
910 857 1
1094 857 1
406 858 1
622 858 3
630 858 1
857 858 1
910 858 1
1094 858 1
590 859 1
1764 859 1
825 860 3
1133 860 2
1795 860 1
862 861 1
461 862 1
628 862 3
861 862 1
940 862 1
1416 862 1
1445 862 1
989 863 1
565 864 1
567 864 1
1154 864 1
47 865 2
305 865 1
419 865 1
471 865 1
507 865 3
509 865 1
559 865 3
568 865 1
826 865 1
873 865 1
907 865 1
1068 865 1
1208 865 1
587 866 1
95 867 1
476 868 1
984 868 3
1064 868 1
228 869 1
506 869 1
871 869 1
925 869 1
959 869 1
1290 869 2
1602 870 1
18 871 1
47 871 1
67 871 1
308 871 1
315 871 1
320 871 1
352 871 1
542 871 2
555 871 1
605 871 1
680 871 1
789 871 1
854 871 1
869 871 1
931 871 1
971 871 1
1024 871 2
1381 871 1
1382 871 1
297 872 1
1189 872 1
1408 872 1
1409 872 1
88 873 1
126 873 1
143 873 1
193 873 1
305 873 1
359 873 1
407 873 2
558 873 1
865 873 1
960 873 1
1238 873 1
1751 873 1
1752 873 1
183 874 4
184 874 1
383 874 1
542 874 2
600 874 2
604 874 1
646 874 1
710 874 1
712 874 7
885 874 1
1074 874 2
1107 874 1
1152 874 3
1589 874 1
1655 874 1
223 875 2
235 875 1
416 875 1
521 875 1
601 875 2
803 875 1
1314 875 1
1315 875 1
459 876 1
1087 876 1
18 877 1
62 877 1
318 877 1
327 877 1
343 877 1
652 877 1
964 877 1
1134 877 1
1767 877 1
2 878 1
113 878 1
121 878 1
492 878 1
709 878 2
954 878 1
964 878 1
1350 878 1
1351 878 1
208 879 1
936 879 1
979 879 1
1037 879 1
1607 879 1
183 880 2
440 880 1
771 880 1
856 880 1
926 880 3
927 880 1
928 880 2
943 880 1
1088 880 1
1144 880 1
1392 880 1
1599 880 1
1657 880 1
363 881 2
420 881 3
1095 881 1
1680 881 1
1415 882 1
89 883 1
90 883 1
228 883 1
318 883 1
406 883 1
610 883 1
1082 883 1
47 884 1
710 885 1
874 885 1
1805 885 1
217 886 1
628 886 4
674 886 1
998 886 1
395 887 1
552 887 1
640 887 1
690 887 2
748 887 1
1007 887 1
1075 887 1
1399 887 4
1458 887 2
1730 887 1
29 888 1
38 888 2
113 888 1
960 888 1
1578 888 2
1579 888 2
1674 888 1
732 889 1
591 890 1
592 890 1
724 890 1
925 890 1
1455 890 1
444 891 1
914 891 1
915 891 1
111 892 1
363 892 1
332 893 1
436 893 1
1275 893 2
1583 893 1
22 894 2
351 894 1
361 894 1
524 894 1
657 894 3
726 894 1
798 894 1
846 894 1
911 894 1
1151 894 1
1261 894 1
1433 894 1
508 895 1
756 895 1
1408 895 1
208 896 1
470 896 1
549 896 1
573 896 1
575 896 2
616 896 1
624 896 1
905 896 2
1624 896 1
1668 896 1
938 897 1
29 898 1
555 898 1
574 898 1
599 898 1
775 898 1
1434 898 1
172 899 1
590 899 1
599 899 1
686 899 1
1556 899 1
571 900 1
1320 900 2
1321 900 1
902 901 1
903 901 1
901 902 1
903 902 1
208 903 1
844 903 1
901 903 1
902 903 1
904 903 1
1001 903 1
1524 903 1
903 904 1
12 905 1
15 905 1
113 905 1
183 905 2
241 905 1
293 905 1
317 905 1
365 905 1
392 905 1
503 905 1
549 905 1
571 905 1
574 905 1
673 905 1
680 905 1
710 905 1
715 905 1
846 905 4
896 905 2
909 905 1
975 905 1
985 905 1
1042 905 1
1113 905 1
1799 905 1
1800 905 1
18 906 1
88 906 1
525 906 2
739 906 1
949 906 1
1534 906 1
3 907 2
12 907 1
209 907 1
327 907 1
419 907 1
556 907 2
596 907 1
826 907 3
865 907 1
673 908 1
1082 908 1
1744 908 1
905 909 1
208 910 1
474 910 1
622 910 1
756 910 1
767 910 1
857 910 1
858 910 1
1094 910 1
1558 910 1
22 911 1
524 911 1
657 911 1
894 911 1
685 912 2
767 912 1
804 912 1
995 912 1
588 913 1
1552 913 1
1553 913 1
444 914 1
891 914 1
915 914 1
16 915 1
64 915 3
138 915 1
198 915 3
444 915 1
803 915 1
891 915 1
914 915 1
1114 915 1
1172 915 1
1425 915 1
1426 915 2
1427 915 1
1428 915 2
1432 915 1
1737 915 1
223 916 1
353 916 1
700 916 1
1142 916 1
1251 916 1
1452 916 1
46 917 1
293 917 3
305 917 1
630 917 1
757 917 1
790 917 2
845 917 1
1214 917 2
1285 917 1
1378 917 1
53 918 1
921 919 1
992 919 1
137 920 1
919 921 1
992 921 1
33 922 1
470 922 1
990 922 1
1256 922 1
1257 922 1
316 923 1
684 923 1
395 924 1
9 925 1
47 925 1
209 925 1
228 925 1
506 925 1
542 925 1
591 925 1
592 925 1
846 925 1
869 925 1
890 925 1
959 925 2
771 926 1
856 926 1
880 926 3
927 926 1
1657 926 1
512 927 1
880 927 1
926 927 1
1071 927 1
880 928 2
988 929 2
1436 929 2
672 930 1
1290 930 1
209 931 1
352 931 1
420 931 1
449 931 1
542 931 1
732 931 1
871 931 1
998 931 1
271 932 1
417 932 1
1456 932 1
542 933 1
608 933 1
614 933 1
629 933 1
646 933 2
657 933 1
954 933 1
1134 933 1
1151 933 1
1494 933 1
1606 933 1
46 934 1
117 935 1
258 935 1
1557 935 1
33 936 1
208 936 1
223 936 1
271 936 1
353 936 1
363 936 1
405 936 2
406 936 1
453 936 1
456 936 2
474 936 1
500 936 1
630 936 1
879 936 1
1037 936 1
1335 936 1
1489 936 1
1607 936 2
235 937 1
596 937 1
757 937 1
90 938 1
262 938 1
283 938 1
756 938 4
897 938 1
1460 938 1
434 939 2
534 939 1
542 939 3
566 939 1
711 939 1
837 939 1
1130 939 1
1145 939 1
461 940 1
628 940 1
862 940 1
53 941 1
252 941 1
523 941 1
1280 941 1
1281 941 1
731 942 1
969 942 1
440 943 1
880 943 1
1599 943 1
91 944 1
252 944 1
628 944 1
691 944 1
998 944 1
1575 944 1
1104 945 1
1106 945 1
179 946 1
93 947 2
780 947 2
1072 947 1
1686 947 1
1468 948 1
88 949 1
739 949 1
782 949 2
906 949 1
43 950 1
305 950 1
1390 950 1
1391 950 1
73 951 1
1502 951 1
829 952 1
1470 952 1
1471 952 1
1472 952 1
639 953 1
1233 953 1
97 954 1
113 954 1
121 954 2
425 954 1
492 954 1
614 954 1
629 954 1
657 954 1
709 954 1
878 954 1
933 954 1
968 954 1
1151 954 1
1350 954 1
1351 954 1
1549 954 1
87 955 1
395 955 1
555 955 1
574 955 1
663 955 1
689 955 1
711 955 1
1422 955 1
1423 955 1
137 956 1
141 956 1
172 956 1
205 956 1
315 956 1
328 956 1
425 956 1
512 956 1
542 956 1
555 956 1
563 956 1
582 956 2
608 956 1
641 956 3
655 956 1
678 956 1
712 956 1
756 956 1
764 956 1
775 956 1
837 956 1
1014 956 1
1033 956 1
1071 956 1
1075 956 1
1130 956 1
1381 956 1
64 957 1
784 958 1
854 958 1
2 959 1
228 959 1
440 959 1
506 959 1
574 959 1
654 959 1
655 959 1
710 959 1
740 959 1
846 959 3
869 959 1
925 959 2
1074 959 1
873 960 1
888 960 1
1121 961 2
304 962 2
974 962 1
1665 962 1
241 963 1
673 963 2
1411 963 1
1412 963 1
2 964 1
184 964 1
547 964 1
877 964 1
878 964 1
1134 964 1
654 965 1
655 965 1
816 965 1
966 965 1
1144 965 1
654 966 2
655 966 2
743 966 1
965 966 1
424 967 1
97 968 1
121 968 1
425 968 1
712 968 1
954 968 1
1549 968 1
731 969 1
942 969 1
235 970 1
820 970 1
231 971 1
711 971 1
789 971 1
800 971 1
854 971 4
871 971 1
972 971 1
854 972 1
971 972 1
235 973 1
223 974 1
962 974 1
1519 974 1
203 975 1
365 975 1
503 975 1
553 975 1
788 975 1
905 975 1
1171 975 1
1349 975 1
1786 975 1
684 976 1
817 976 1
238 977 1
782 977 1
807 977 1
117 978 2
384 979 1
879 979 1
597 980 1
706 980 1
1369 980 1
166 981 1
505 981 1
983 982 1
204 983 1
205 983 2
641 983 1
982 983 1
1007 983 1
1495 983 1
476 984 1
868 984 3
1064 984 1
832 985 1
905 985 1
1042 985 1
699 986 1
515 987 1
527 987 1
1514 987 1
929 988 2
1436 988 2
863 989 1
1234 989 1
1377 989 1
1594 989 1
33 990 1
922 990 1
172 991 1
592 991 1
919 992 1
921 992 1
118 993 1
1215 994 1
1216 994 1
241 995 1
305 995 1
383 995 2
420 995 1
542 995 1
606 995 1
673 995 1
770 995 1
804 995 1
912 995 1
998 995 1
296 996 1
335 996 2
425 996 1
626 996 1
765 996 1
624 997 1
854 997 1
209 998 1
305 998 1
420 998 1
606 998 1
628 998 2
674 998 1
691 998 1
756 998 1
886 998 1
931 998 1
944 998 1
995 998 1
1633 998 1
37 999 1
127 999 2
347 999 2
557 999 3
1200 999 1
1201 999 1
1523 999 1
42 1000 1
64 1000 1
1058 1000 1
296 1001 1
903 1001 1
1524 1001 1
582 1002 2
711 1002 1
735 1002 1
1003 1002 1
582 1003 1
1002 1003 1
577 1004 1
671 1004 1
492 1005 1
685 1005 1
831 1006 1
1033 1006 1
1075 1006 1
1183 1006 1
1793 1006 1
204 1007 1
205 1007 1
690 1007 1
887 1007 1
983 1007 1
1399 1007 1
1458 1007 1
1495 1007 1
1157 1008 1
425 1009 1
647 1009 1
649 1009 1
783 1010 1
540 1011 1
582 1011 1
779 1011 1
804 1011 1
1093 1012 1
125 1013 1
217 1013 1
712 1014 1
956 1014 1
1130 1014 1
275 1015 1
389 1015 1
1379 1015 1
223 1016 1
571 1016 1
1545 1016 1
444 1017 1
1070 1017 1
482 1018 1
524 1018 1
638 1018 1
1296 1018 1
1297 1018 1
1681 1018 1
90 1019 1
756 1019 1
203 1020 1
755 1021 1
1203 1021 1
1285 1021 1
1545 1021 1
1574 1021 1
12 1022 1
296 1022 1
674 1023 1
1536 1023 1
18 1024 1
67 1024 1
245 1024 1
315 1024 2
320 1024 1
605 1024 1
679 1024 1
680 1024 2
850 1024 2
871 1024 2
1084 1024 1
1265 1024 2
1318 1024 1
1319 1024 2
1381 1024 1
1382 1024 1
1446 1024 1
1732 1024 1
51 1025 1
259 1025 1
428 1025 1
1533 1026 1
184 1027 2
228 1027 1
342 1027 1
547 1027 2
556 1027 1
657 1027 1
1159 1027 1
1509 1027 2
1698 1027 1
1721 1027 2
1099 1028 1
1100 1028 1
1537 1029 1
493 1030 1
572 1031 1
500 1032 1
1684 1032 1
641 1033 1
956 1033 1
1006 1033 1
1075 1033 2
531 1034 1
539 1034 1
1125 1034 1
1725 1034 1
1726 1034 1
38 1035 1
56 1035 1
79 1035 1
97 1035 1
318 1035 1
429 1035 1
444 1035 1
581 1035 1
589 1035 2
756 1035 1
782 1035 1
797 1035 2
1036 1035 1
1560 1035 1
1561 1035 1
782 1036 1
1035 1036 1
64 1037 1
208 1037 1
425 1037 1
879 1037 1
936 1037 1
1454 1037 1
1562 1037 1
1607 1037 1
69 1038 1
425 1038 1
512 1038 1
540 1038 1
741 1038 1
141 1039 2
182 1039 3
198 1039 1
218 1039 1
517 1039 2
585 1039 1
1115 1039 1
1158 1039 1
1804 1039 1
236 1040 1
523 1040 1
1111 1040 1
253 1041 1
29 1042 1
327 1042 1
476 1042 1
650 1042 1
905 1042 1
985 1042 1
1172 1042 1
1189 1042 1
1208 1042 1
374 1043 1
1365 1044 2
1366 1044 1
735 1045 1
520 1046 1
801 1047 1
802 1048 1
1459 1048 1
1595 1049 1
12 1050 1
104 1050 1
172 1050 1
191 1050 1
209 1050 1
353 1050 1
616 1050 2
623 1050 1
731 1050 1
732 1050 1
775 1050 1
789 1050 1
661 1051 1
756 1051 1
210 1052 2
550 1052 1
794 1052 1
817 1052 1
847 1052 1
314 1053 1
1482 1053 1
1483 1053 1
817 1054 1
1187 1055 1
1707 1055 1
375 1056 1
542 1056 1
663 1056 1
745 1056 1
1247 1056 1
27 1057 1
1273 1057 1
1274 1057 1
1275 1057 1
42 1058 1
1000 1058 1
1298 1058 1
1592 1058 1
198 1059 1
210 1059 1
316 1059 1
318 1059 1
497 1059 1
795 1059 1
1121 1060 1
1084 1061 1
1170 1061 1
100 1062 1
1417 1062 1
1418 1062 1
533 1063 1
753 1063 2
1279 1063 1
476 1064 1
868 1064 1
984 1064 1
1086 1065 2
511 1066 1
337 1067 1
535 1067 1
537 1067 1
540 1067 2
593 1067 1
1637 1067 1
559 1068 1
865 1068 1
263 1069 1
571 1069 1
444 1070 1
523 1070 1
1017 1070 1
32 1071 3
137 1071 1
220 1071 1
305 1071 1
315 1071 1
327 1071 1
328 1071 1
425 1071 1
512 1071 2
571 1071 1
714 1071 1
756 1071 1
806 1071 1
827 1071 1
927 1071 1
956 1071 1
1357 1071 2
1381 1071 1
1540 1071 1
1541 1071 1
1542 1071 1
93 1072 1
780 1072 1
947 1072 1
1686 1072 1
357 1073 1
183 1074 2
483 1074 1
710 1074 1
846 1074 1
874 1074 2
959 1074 1
1107 1074 1
1683 1074 1
539 1075 2
559 1075 1
641 1075 2
696 1075 1
831 1075 1
887 1075 1
956 1075 1
1006 1075 1
1033 1075 2
1136 1075 1
1227 1075 1
1399 1075 2
1618 1075 1
1619 1075 1
1730 1075 1
428 1076 1
550 1076 1
733 1077 1
405 1078 1
1808 1079 1
231 1080 2
560 1080 1
733 1080 1
777 1080 1
1235 1080 1
628 1081 1
823 1081 1
838 1081 1
850 1081 1
673 1082 1
883 1082 1
908 1082 1
1744 1082 1
348 1083 2
522 1083 1
89 1084 1
90 1084 1
503 1084 1
549 1084 1
594 1084 1
779 1084 1
1024 1084 1
1061 1084 1
1165 1084 1
1170 1084 1
1446 1084 1
1622 1085 1
67 1086 2
198 1086 2
555 1086 2
773 1086 1
851 1086 2
1065 1086 2
1328 1086 1
446 1087 1
459 1087 1
876 1087 1
440 1088 1
654 1088 1
711 1088 1
880 1088 1
1392 1088 1
39 1089 1
42 1089 1
323 1090 2
593 1090 2
1287 1090 1
262 1091 1
589 1092 1
1102 1092 1
1296 1092 1
440 1093 1
784 1093 1
1012 1093 1
1327 1093 1
622 1094 1
857 1094 1
858 1094 1
910 1094 1
1293 1094 1
52 1095 1
363 1095 1
405 1095 1
420 1095 2
881 1095 1
1803 1096 1
756 1097 1
391 1098 1
584 1098 1
735 1098 1
1258 1098 1
1028 1099 1
1100 1099 1
1028 1100 1
1099 1100 1
643 1101 1
589 1102 1
1092 1102 1
1296 1102 1
210 1103 1
228 1103 1
401 1103 1
402 1103 2
684 1103 1
854 1103 3
945 1104 1
1106 1104 1
231 1105 2
449 1105 1
711 1105 1
734 1105 1
735 1105 1
1593 1105 1
945 1106 1
1104 1106 1
183 1107 1
600 1107 1
874 1107 1
1074 1107 1
180 1108 1
635 1108 1
1132 1108 1
712 1109 1
1421 1110 1
236 1111 1
1040 1111 1
236 1112 1
1723 1112 1
1724 1112 1
113 1113 1
203 1113 1
905 1113 1
1799 1113 1
1800 1113 1
16 1114 1
113 1114 3
132 1114 1
228 1114 1
345 1114 4
553 1114 1
915 1114 1
1737 1114 1
141 1115 1
182 1115 1
476 1115 1
517 1115 1
764 1115 1
780 1115 1
827 1115 2
1039 1115 1
1158 1115 1
1176 1115 2
1178 1115 1
1616 1115 1
1804 1115 1
542 1116 1
711 1116 1
1117 1116 1
55 1117 1
542 1117 2
711 1117 4
1116 1117 1
1760 1117 1
616 1118 1
442 1119 1
21 1120 1
22 1120 1
961 1121 2
1060 1121 1
342 1122 1
657 1122 1
1275 1123 1
13 1124 1
14 1124 1
792 1124 3
1155 1124 2
1034 1125 1
641 1126 1
1141 1127 1
1683 1127 1
183 1128 1
300 1128 1
435 1128 1
55 1129 2
131 1129 1
92 1130 1
434 1130 2
542 1130 1
562 1130 1
712 1130 1
939 1130 1
956 1130 1
1014 1130 1
334 1131 1
855 1131 1
1389 1131 1
180 1132 1
635 1132 1
1108 1132 1
860 1133 2
877 1134 1
933 1134 1
964 1134 1
1606 1134 1
542 1135 1
694 1135 1
1148 1135 1
1790 1135 1
817 1136 1
1075 1136 1
1399 1136 1
203 1137 1
498 1137 1
565 1137 1
567 1137 1
646 1137 1
1176 1137 1
1737 1137 1
412 1138 1
1330 1138 1
228 1139 1
476 1139 2
577 1139 1
594 1139 1
707 1139 1
90 1140 1
392 1140 1
549 1140 1
490 1141 1
616 1141 1
1127 1141 1
1683 1141 1
714 1142 1
806 1142 1
916 1142 1
1351 1142 1
1692 1142 1
452 1143 1
1286 1143 1
2 1144 1
646 1144 1
816 1144 1
880 1144 1
965 1144 1
1712 1144 1
1713 1144 1
712 1145 1
939 1145 1
1509 1145 1
13 1146 1
14 1146 1
43 1146 1
195 1146 1
233 1146 1
269 1146 1
549 1146 1
556 1146 1
683 1146 1
705 1146 1
94 1147 1
427 1147 1
694 1148 2
1135 1148 1
333 1149 1
440 1149 1
1798 1149 1
1815 1150 1
62 1151 1
232 1151 1
392 1151 1
517 1151 1
614 1151 1
629 1151 1
657 1151 2
726 1151 1
798 1151 1
846 1151 1
894 1151 1
933 1151 1
954 1151 1
1261 1151 1
712 1152 2
874 1152 3
1655 1152 1
71 1153 1
183 1153 1
565 1154 2
567 1154 1
864 1154 1
13 1155 1
14 1155 1
43 1155 2
203 1155 1
215 1155 1
792 1155 1
1124 1155 2
1176 1155 1
591 1156 1
592 1156 1
780 1157 1
1008 1157 1
141 1158 1
182 1158 1
517 1158 1
1039 1158 1
1115 1158 1
1804 1158 1
228 1159 1
342 1159 1
657 1159 1
1027 1159 1
1698 1159 1
624 1160 1
1683 1161 1
775 1162 3
1177 1162 2
203 1163 1
560 1163 1
233 1164 1
425 1164 1
438 1164 1
309 1165 1
503 1165 1
577 1165 1
779 1165 1
1084 1165 1
1317 1165 1
404 1166 1
566 1166 1
793 1166 1
546 1167 2
547 1167 2
574 1167 2
600 1167 1
60 1168 1
126 1168 1
1814 1168 1
1783 1169 1
1784 1169 1
1785 1169 1
1061 1170 1
1084 1170 1
25 1171 1
650 1171 1
975 1171 1
1250 1171 1
198 1172 1
673 1172 1
915 1172 1
1042 1172 1
1432 1172 1
1766 1172 1
624 1173 1
435 1174 1
619 1175 1
203 1176 2
565 1176 1
567 1176 1
780 1176 1
1115 1176 2
1137 1176 1
1155 1176 1
1737 1176 1
481 1177 1
775 1177 2
1162 1177 2
1701 1177 1
476 1178 1
1115 1178 1
1616 1178 1
1702 1179 1
1181 1180 1
1705 1180 1
1180 1181 1
1705 1181 1
97 1182 1
831 1183 1
1006 1183 1
1793 1183 1
409 1184 1
359 1185 1
1717 1185 1
12 1186 1
41 1186 1
86 1186 1
280 1186 1
531 1186 2
600 1186 1
617 1186 1
791 1186 1
113 1187 1
827 1187 1
1055 1187 1
1707 1187 1
327 1188 1
650 1188 1
872 1189 1
1042 1189 1
28 1190 1
638 1190 1
1192 1191 1
1193 1191 1
1191 1192 1
1193 1192 1
1191 1193 1
1192 1193 1
326 1194 1
1473 1194 1
37 1195 1
144 1195 1
204 1195 1
144 1196 1
1198 1197 1
1199 1197 1
1197 1198 1
1199 1198 1
1197 1199 1
1198 1199 1
37 1200 1
127 1200 1
347 1200 1
557 1200 1
999 1200 1
1201 1200 1
37 1201 1
127 1201 1
219 1201 1
347 1201 1
557 1201 1
999 1201 1
1200 1201 1
557 1202 1
557 1203 1
1021 1203 1
1545 1203 1
1574 1203 1
558 1204 1
1205 1204 1
558 1205 1
1204 1205 1
558 1206 1
6 1207 1
67 1207 1
273 1207 1
568 1207 1
817 1207 1
29 1208 1
47 1208 1
327 1208 1
365 1208 1
476 1208 1
568 1208 1
650 1208 1
865 1208 1
1042 1208 1
373 1209 1
1210 1209 1
373 1210 1
1209 1210 1
576 1211 1
586 1211 1
172 1212 1
576 1212 1
202 1213 1
46 1214 1
228 1214 1
293 1214 1
626 1214 1
820 1214 1
917 1214 2
994 1215 1
1216 1215 1
64 1216 1
755 1216 1
756 1216 1
994 1216 1
1215 1216 1
43 1217 1
228 1217 1
293 1217 1
305 1217 1
626 1217 1
852 1217 1
1218 1217 3
1372 1217 1
1600 1217 1
1601 1217 2
1641 1217 1
228 1218 1
1217 1218 3
1600 1218 1
1601 1218 2
1641 1218 1
608 1219 1
1220 1219 1
608 1220 1
1219 1220 1
615 1221 1
618 1221 1
615 1222 1
775 1222 1
831 1222 1
297 1223 1
405 1223 1
433 1223 1
603 1223 1
672 1223 1
4 1224 1
240 1224 1
433 1225 1
455 1226 1
539 1227 1
696 1227 1
831 1227 1
1075 1227 1
113 1228 1
242 1228 1
624 1229 2
644 1229 2
815 1229 1
129 1230 1
270 1230 1
493 1230 1
19 1231 1
90 1231 1
264 1231 1
493 1231 1
526 1231 1
795 1231 1
402 1232 1
639 1233 1
953 1233 1
656 1234 1
767 1234 1
771 1234 1
989 1234 1
1377 1234 1
231 1235 1
1080 1235 1
266 1236 1
396 1236 1
424 1236 1
443 1236 1
20 1237 1
666 1237 1
668 1237 1
669 1237 1
126 1238 1
143 1238 1
193 1238 1
359 1238 1
873 1238 1
670 1239 1
270 1240 1
1241 1240 1
270 1241 1
1240 1241 1
672 1242 1
48 1243 1
577 1243 1
594 1243 2
599 1243 1
707 1243 1
577 1244 1
663 1245 1
729 1245 1
124 1246 1
494 1246 1
663 1246 1
693 1246 1
375 1247 1
542 1247 1
663 1247 1
745 1247 1
1056 1247 1
663 1248 1
668 1248 1
160 1249 1
663 1249 1
25 1250 2
175 1250 1
650 1250 1
1171 1250 1
700 1251 1
916 1251 1
501 1252 1
704 1252 1
1253 1252 1
501 1253 1
704 1253 2
1252 1253 1
713 1254 1
654 1255 1
684 1255 1
746 1255 1
922 1256 1
1257 1256 1
922 1257 1
1256 1257 1
497 1258 1
603 1258 1
1098 1258 1
316 1259 1
544 1259 1
549 1259 1
350 1260 1
360 1260 1
512 1260 1
657 1261 1
726 1261 1
798 1261 1
846 1261 1
894 1261 1
1151 1261 1
257 1262 2
729 1262 1
275 1263 1
449 1264 1
1024 1265 2
392 1266 1
743 1266 1
746 1266 1
570 1267 1
733 1268 1
317 1269 1
547 1269 1
740 1269 1
751 1270 1
12 1271 1
157 1271 1
556 1271 1
747 1271 1
769 1271 1
157 1272 1
401 1272 1
782 1272 1
27 1273 2
174 1273 1
1057 1273 1
1274 1273 1
1275 1273 2
27 1274 1
1057 1274 1
1273 1274 1
1275 1274 1
27 1275 2
174 1275 1
893 1275 2
1057 1275 1
1123 1275 1
1273 1275 2
1274 1275 1
1277 1276 1
1276 1277 1
34 1278 1
753 1279 1
1063 1279 1
53 1280 1
252 1280 1
941 1280 1
1281 1280 1
53 1281 1
252 1281 1
941 1281 1
1280 1281 1
780 1282 1
754 1283 1
262 1284 1
293 1284 1
425 1284 1
1285 1284 1
262 1285 1
293 1285 2
305 1285 1
425 1285 1
755 1285 1
757 1285 1
790 1285 1
845 1285 1
917 1285 1
1021 1285 1
1284 1285 1
1378 1285 1
452 1286 1
1143 1286 1
323 1287 1
1090 1287 1
397 1288 1
1290 1289 1
672 1290 1
869 1290 2
930 1290 1
1289 1290 1
1658 1290 1
246 1291 1
744 1291 1
620 1292 1
662 1292 1
662 1293 1
1094 1293 1
265 1294 1
595 1294 1
599 1294 1
628 1294 2
760 1295 1
482 1296 1
589 1296 1
611 1296 1
1018 1296 1
1092 1296 1
1102 1296 1
1297 1296 1
482 1297 1
1018 1297 1
1296 1297 1
1058 1298 1
559 1299 1
778 1300 1
597 1301 1
206 1302 1
249 1302 1
13 1303 1
14 1303 1
571 1303 1
836 1303 1
1304 1303 1
13 1304 1
14 1304 1
571 1304 1
836 1304 1
1303 1304 1
13 1305 1
14 1305 1
465 1306 1
1308 1307 1
1307 1308 1
148 1309 1
785 1309 1
786 1309 1
1310 1309 1
148 1310 1
785 1310 1
786 1310 1
1309 1310 1
571 1311 1
820 1311 1
554 1312 1
578 1313 1
235 1314 1
875 1314 1
1315 1314 1
235 1315 1
875 1315 1
1314 1315 1
296 1316 1
309 1317 1
1165 1317 1
1024 1318 1
1319 1318 1
850 1319 1
1024 1319 2
1318 1319 1
900 1320 2
1321 1320 1
900 1321 1
1320 1321 1
114 1322 1
133 1322 1
633 1322 1
1323 1322 1
114 1323 1
133 1323 1
633 1323 1
1322 1323 1
756 1324 1
85 1325 1
164 1326 1
199 1326 1
346 1326 1
428 1326 1
1093 1327 1
851 1328 1
1086 1328 1
221 1329 1
799 1329 2
854 1329 1
1395 1329 1
1396 1329 1
412 1330 1
1138 1330 1
757 1331 1
316 1332 1
684 1332 1
365 1333 1
392 1333 1
574 1333 1
655 1333 1
710 1333 1
2 1334 2
616 1334 1
654 1334 1
655 1334 2
710 1334 1
816 1334 1
1582 1334 1
223 1335 1
936 1335 1
288 1336 1
1337 1336 1
288 1337 2
1336 1337 1
401 1338 1
1340 1339 1
1339 1340 1
169 1341 1
170 1341 1
207 1341 1
48 1342 1
601 1342 1
1343 1342 1
48 1343 1
601 1343 1
1342 1343 1
104 1344 1
105 1344 1
1345 1344 1
104 1345 1
105 1345 1
1344 1345 1
353 1346 1
372 1347 2
1348 1347 2
372 1348 2
1347 1348 2
113 1349 1
519 1349 1
788 1349 1
975 1349 1
113 1350 1
121 1350 1
492 1350 1
601 1350 2
709 1350 1
798 1350 1
878 1350 1
954 1350 1
1351 1350 1
113 1351 1
121 1351 1
492 1351 1
709 1351 1
878 1351 1
954 1351 1
1142 1351 1
1350 1351 1
716 1352 1
855 1352 1
601 1353 1
150 1354 1
1355 1354 1
1356 1354 1
150 1355 1
1354 1355 1
1356 1355 1
150 1356 1
1354 1356 1
1355 1356 1
32 1357 2
220 1357 1
571 1357 1
714 1357 1
1071 1357 2
444 1358 1
1359 1358 1
1360 1358 1
444 1359 1
1358 1359 1
1360 1359 1
444 1360 1
1358 1360 1
1359 1360 1
150 1361 1
198 1362 1
698 1362 1
730 1362 1
1363 1362 1
1364 1362 1
198 1363 1
698 1363 1
730 1363 1
1362 1363 1
1364 1363 1
198 1364 1
698 1364 1
730 1364 1
1362 1364 1
1363 1364 1
1044 1365 2
1366 1365 1
205 1366 1
1044 1366 1
1365 1366 1
1474 1366 1
347 1367 1
573 1368 1
980 1369 1
81 1370 1
411 1371 1
626 1372 1
1217 1372 1
626 1373 2
130 1374 1
378 1375 1
711 1375 1
383 1376 1
420 1376 1
630 1376 1
989 1377 1
1234 1377 1
210 1378 1
293 1378 3
305 1378 1
757 1378 3
790 1378 2
845 1378 1
917 1378 1
1285 1378 1
1393 1378 1
1394 1378 1
275 1379 1
389 1379 1
1015 1379 1
18 1380 2
642 1380 1
18 1381 1
67 1381 1
137 1381 1
315 1381 2
320 1381 1
328 1381 1
425 1381 1
512 1381 1
756 1381 1
871 1381 1
956 1381 1
1024 1381 1
1071 1381 1
1382 1381 1
18 1382 1
67 1382 1
315 1382 1
320 1382 1
871 1382 1
1024 1382 1
1381 1382 1
185 1383 1
403 1383 1
542 1383 1
383 1384 1
840 1384 1
1806 1384 1
608 1385 1
12 1386 1
362 1386 1
747 1386 1
826 1387 1
325 1388 1
330 1388 1
393 1388 1
855 1389 2
1131 1389 1
43 1390 1
305 1390 1
950 1390 1
1391 1390 1
43 1391 1
305 1391 1
950 1391 1
1390 1391 1
880 1392 1
1088 1392 1
210 1393 1
293 1393 1
757 1393 1
1378 1393 1
1394 1393 1
210 1394 1
293 1394 1
321 1394 1
757 1394 1
1378 1394 1
1393 1394 1
1625 1394 1
221 1395 1
854 1395 1
1329 1395 1
1396 1395 1
221 1396 1
854 1396 1
1329 1396 1
1395 1396 1
835 1397 1
1501 1397 1
424 1398 1
552 1399 1
640 1399 1
690 1399 1
748 1399 1
887 1399 4
1007 1399 1
1075 1399 2
1136 1399 1
1458 1399 1
1730 1399 1
855 1400 1
172 1401 1
1402 1401 1
172 1402 1
225 1402 1
775 1402 1
1401 1402 1
450 1403 1
226 1404 1
587 1404 1
230 1405 1
755 1406 1
711 1407 1
297 1408 1
412 1408 1
686 1408 1
872 1408 1
895 1408 1
1609 1408 1
1610 1408 1
872 1409 1
523 1410 1
673 1411 1
963 1411 1
1412 1411 1
673 1412 1
963 1412 1
1411 1412 1
46 1413 1
420 1413 1
839 1413 1
1414 1413 1
46 1414 1
420 1414 1
839 1414 1
1413 1414 1
882 1415 1
298 1416 1
628 1416 1
755 1416 1
756 1416 1
862 1416 1
100 1417 1
1062 1417 1
1418 1417 1
100 1418 1
1062 1418 1
1417 1418 1
654 1419 1
802 1420 1
401 1421 2
1110 1421 1
955 1422 1
1423 1422 1
955 1423 1
1422 1423 1
183 1424 1
383 1424 1
64 1425 1
138 1425 1
803 1425 1
915 1425 1
1426 1425 1
1427 1425 1
1428 1425 1
64 1426 2
138 1426 1
803 1426 1
915 1426 2
1425 1426 1
1427 1426 1
1428 1426 2
64 1427 1
138 1427 1
803 1427 1
915 1427 1
1425 1427 1
1426 1427 1
1428 1427 1
64 1428 2
138 1428 1
803 1428 1
915 1428 2
1425 1428 1
1426 1428 2
1427 1428 1
371 1429 1
378 1429 1
801 1429 1
783 1430 1
282 1431 1
198 1432 1
915 1432 1
1172 1432 1
351 1433 1
361 1433 1
894 1433 1
555 1434 2
574 1434 1
775 1434 1
898 1434 1
43 1435 1
435 1435 1
929 1436 2
988 1436 2
26 1437 1
376 1437 1
430 1437 1
1438 1437 1
26 1438 1
376 1438 1
1437 1438 1
26 1439 1
376 1439 1
484 1440 1
485 1440 1
504 1440 1
243 1441 1
43 1442 1
183 1442 2
305 1442 1
312 1442 1
476 1442 1
549 1442 1
839 1442 1
1528 1442 1
64 1443 1
523 1443 1
1444 1443 1
1443 1444 1
862 1445 1
1024 1446 1
1084 1446 1
334 1447 1
620 1448 1
1449 1448 1
160 1449 1
620 1449 1
781 1449 1
1448 1449 1
46 1450 1
689 1451 1
916 1452 1
221 1453 1
1037 1454 1
724 1455 1
890 1455 1
932 1456 1
75 1457 1
109 1457 2
171 1457 2
172 1457 1
225 1457 2
657 1457 2
690 1458 2
887 1458 2
1007 1458 1
1399 1458 1
802 1459 1
1048 1459 1
938 1460 1
390 1461 1
578 1461 1
1463 1462 1
1464 1462 1
1465 1462 1
1462 1463 1
1464 1463 1
1465 1463 1
431 1464 1
1462 1464 1
1463 1464 1
1465 1464 1
824 1465 1
1462 1465 1
1463 1465 1
1464 1465 1
628 1466 1
628 1467 1
192 1468 1
948 1468 1
149 1469 1
829 1470 1
952 1470 1
1471 1470 1
1472 1470 1
829 1471 1
952 1471 1
1470 1471 1
1472 1471 1
829 1472 1
952 1472 1
1470 1472 1
1471 1472 1
1194 1473 1
205 1474 1
1366 1474 1
445 1475 1
509 1475 1
347 1476 1
1477 1476 1
347 1477 1
1476 1477 1
406 1478 1
502 1478 1
444 1479 1
581 1479 1
683 1479 1
56 1480 1
210 1480 1
1745 1481 1
314 1482 1
1053 1482 1
1483 1482 1
314 1483 1
1053 1483 1
1482 1483 1
510 1484 1
724 1484 1
848 1485 1
408 1486 1
463 1487 1
509 1487 1
559 1487 1
29 1488 1
476 1488 1
599 1488 1
684 1488 1
235 1489 1
936 1489 1
1490 1489 1
1491 1489 1
235 1490 1
1489 1490 1
1491 1490 1
235 1491 1
1489 1491 1
1490 1491 1
3 1492 1
17 1492 1
238 1492 1
407 1492 1
384 1493 1
933 1494 1
204 1495 1
205 1495 1
983 1495 1
1007 1495 1
784 1496 1
42 1497 1
363 1497 1
183 1498 1
363 1498 1
674 1499 1
175 1500 1
1397 1501 1
951 1502 1
322 1503 1
702 1503 1
425 1504 2
624 1504 2
425 1505 1
624 1505 1
479 1506 1
1507 1506 1
479 1507 1
1506 1507 1
38 1508 1
651 1508 1
184 1509 2
547 1509 2
712 1509 1
1027 1509 2
1145 1509 1
1721 1509 2
575 1510 1
24 1511 1
135 1511 1
185 1511 1
1513 1512 1
1512 1513 1
515 1514 1
527 1514 1
987 1514 1
467 1515 1
318 1516 1
1517 1516 1
318 1517 1
1516 1517 1
565 1518 1
974 1519 1
35 1520 1
35 1521 1
217 1522 1
999 1523 1
903 1524 1
1001 1524 1
117 1525 1
1527 1526 1
1526 1527 1
1442 1528 1
1530 1529 1
1531 1529 1
1529 1530 1
1531 1530 1
1529 1531 1
1530 1531 1
260 1532 1
742 1532 1
43 1533 1
1026 1533 1
525 1534 1
906 1534 1
77 1535 1
674 1536 1
1023 1536 1
590 1537 1
1029 1537 1
1538 1537 1
1539 1537 1
1537 1538 1
590 1539 1
1537 1539 1
32 1540 1
1071 1540 1
1541 1540 1
1542 1540 1
32 1541 1
1071 1541 1
1540 1541 1
1542 1541 1
32 1542 1
1071 1542 1
1540 1542 1
1541 1542 1
636 1543 1
834 1544 1
571 1545 1
1016 1545 1
1021 1545 1
1203 1545 1
1574 1545 1
104 1546 1
105 1546 1
364 1546 1
444 1546 1
90 1547 1
756 1547 1
542 1548 2
97 1549 3
121 1549 1
425 1549 1
954 1549 1
968 1549 1
212 1550 1
854 1550 1
281 1551 2
431 1551 1
677 1551 2
678 1551 1
913 1552 1
1553 1552 1
913 1553 1
1552 1553 1
445 1554 1
1727 1554 1
56 1555 1
210 1555 1
172 1556 1
590 1556 1
599 1556 1
686 1556 1
899 1556 1
935 1557 1
910 1558 1
445 1559 1
1035 1560 1
1035 1561 1
64 1562 1
425 1562 1
1037 1562 1
512 1563 1
315 1564 1
335 1564 1
425 1564 1
797 1564 1
766 1565 1
1567 1566 1
1566 1567 1
1569 1568 1
1568 1569 1
600 1570 1
58 1571 1
38 1572 1
49 1572 1
425 1572 1
581 1572 1
589 1572 1
822 1573 1
1021 1574 1
1203 1574 1
1545 1574 1
944 1575 1
669 1576 1
1577 1576 1
669 1577 1
1576 1577 1
888 1578 2
1579 1578 2
888 1579 2
1578 1579 2
448 1580 1
116 1581 1
2 1582 1
1334 1582 1
893 1583 1
608 1584 1
223 1585 1
349 1585 1
1587 1586 1
1586 1587 1
1620 1587 1
542 1588 1
542 1589 1
712 1589 1
874 1589 1
631 1590 1
1591 1590 1
631 1591 1
1590 1591 1
1058 1592 1
231 1593 2
1105 1593 1
989 1594 1
1049 1595 1
1597 1596 1
1596 1597 1
254 1598 1
304 1598 1
338 1598 1
440 1599 1
880 1599 1
943 1599 1
1217 1600 1
1218 1600 1
1601 1600 1
1217 1601 2
1218 1601 2
1600 1601 1
1641 1601 1
870 1602 1
1604 1603 1
1605 1603 1
1603 1604 1
1605 1604 1
1603 1605 1
1604 1605 1
542 1606 1
933 1606 1
1134 1606 1
208 1607 1
879 1607 1
936 1607 2
1037 1607 1
94 1608 1
343 1608 1
1408 1609 1
1610 1609 1
1408 1610 1
1609 1610 1
766 1611 1
385 1612 1
728 1613 1
292 1614 1
183 1615 1
476 1616 2
1115 1616 1
1178 1616 1
187 1617 1
496 1617 1
1075 1618 1
1075 1619 1
1587 1620 1
776 1621 1
1085 1622 1
78 1623 1
575 1624 1
896 1624 1
321 1625 1
1394 1625 1
94 1626 1
103 1627 1
1628 1627 1
103 1628 1
1627 1628 1
1630 1629 1
1629 1630 1
68 1631 1
542 1632 1
600 1632 1
756 1633 1
998 1633 1
145 1634 1
1636 1635 1
1635 1636 1
540 1637 1
1067 1637 1
198 1638 1
123 1639 1
832 1639 1
840 1640 1
1217 1641 1
1218 1641 1
1601 1641 1
1643 1642 1
1642 1643 1
756 1644 1
473 1645 1
619 1646 1
542 1647 1
1648 1647 1
542 1648 1
1647 1648 1
245 1649 1
1651 1650 1
1650 1651 1
1653 1652 1
1652 1653 1
582 1654 1
712 1655 1
874 1655 1
1152 1655 1
307 1656 1
856 1657 1
880 1657 1
926 1657 1
1290 1658 1
695 1659 2
1661 1659 1
313 1660 1
1689 1660 1
695 1661 1
1659 1661 1
372 1662 1
245 1663 1
1664 1663 1
245 1664 1
1663 1664 1
962 1665 1
1667 1666 1
1666 1667 1
896 1668 1
310 1669 1
1671 1670 1
1672 1670 1
1670 1671 1
1672 1671 1
1670 1672 1
1671 1672 1
592 1673 1
38 1674 1
888 1674 1
349 1675 1
471 1676 1
422 1677 3
610 1677 1
190 1678 1
87 1679 1
881 1680 1
1018 1681 1
285 1682 1
1074 1683 1
1127 1683 1
1141 1683 1
1161 1683 1
500 1684 1
1032 1684 1
59 1685 1
93 1686 1
780 1686 1
947 1686 1
1072 1686 1
787 1687 1
1688 1687 1
787 1688 1
1687 1688 1
1660 1689 1
16 1690 1
204 1691 1
205 1691 1
714 1692 1
806 1692 1
1142 1692 1
487 1693 1
1694 1693 1
1695 1693 1
487 1694 1
1693 1694 1
1695 1694 1
487 1695 1
1693 1695 1
1694 1695 1
672 1696 1
208 1697 1
820 1697 1
228 1698 1
342 1698 1
657 1698 1
1027 1698 1
1159 1698 1
198 1699 2
1765 1699 1
193 1700 1
195 1700 1
590 1700 1
707 1700 1
1764 1700 1
481 1701 1
1177 1701 1
665 1702 1
1179 1702 1
1703 1702 1
1704 1702 1
665 1703 1
1702 1703 1
1704 1703 1
665 1704 1
1702 1704 1
1703 1704 1
1180 1705 1
1181 1705 1
779 1706 1
157 1707 1
1055 1707 1
1187 1707 1
1708 1707 1
1709 1707 1
157 1708 2
189 1708 1
233 1708 1
1707 1708 1
1709 1708 2
157 1709 2
652 1709 1
1707 1709 1
1708 1709 2
183 1710 1
274 1711 1
2 1712 1
1144 1712 1
1713 1712 1
2 1713 1
1144 1713 1
1712 1713 1
694 1714 2
1796 1714 1
1797 1714 1
562 1715 1
386 1716 1
359 1717 1
1185 1717 1
150 1718 1
247 1718 1
477 1718 1
1719 1718 1
150 1719 1
247 1719 1
477 1719 1
1718 1719 1
237 1720 1
647 1720 1
184 1721 2
547 1721 2
1027 1721 2
1509 1721 2
831 1722 1
236 1723 1
1112 1723 1
1724 1723 1
236 1724 1
1112 1724 1
1723 1724 1
1034 1725 1
1726 1725 1
1034 1726 1
1725 1726 1
854 1727 1
1554 1727 1
1729 1728 1
1728 1729 1
887 1730 1
1075 1730 1
1399 1730 1
609 1731 1
1024 1732 1
509 1733 1
559 1733 1
567 1733 1
152 1734 1
806 1734 1
404 1735 1
409 1735 1
556 1735 1
401 1736 1
620 1736 1
16 1737 1
203 1737 1
565 1737 1
567 1737 1
915 1737 1
1114 1737 1
1137 1737 1
1176 1737 1
1739 1738 1
1738 1739 1
1741 1740 1
1742 1740 1
1740 1741 1
1742 1741 1
1740 1742 1
1741 1742 1
50 1743 1
594 1743 1
673 1744 1
908 1744 1
1082 1744 1
1481 1745 1
383 1746 1
38 1747 1
188 1747 1
1749 1748 1
1750 1748 1
1748 1749 1
1750 1749 1
1748 1750 1
1749 1750 1
407 1751 1
873 1751 1
1752 1751 1
407 1752 1
873 1752 1
1751 1752 1
1754 1753 1
1753 1754 1
356 1755 1
483 1755 2
424 1756 2
1757 1756 2
1758 1756 2
1759 1756 1
1809 1756 1
424 1757 2
1756 1757 2
1758 1757 2
1759 1757 1
1809 1757 1
424 1758 2
1756 1758 2
1757 1758 2
1759 1758 1
1809 1758 1
424 1759 1
1756 1759 1
1757 1759 1
1758 1759 1
711 1760 1
1117 1760 1
172 1761 1
173 1761 1
238 1762 1
782 1762 1
559 1763 1
615 1763 1
618 1763 1
195 1764 1
590 1764 2
859 1764 1
1700 1764 1
198 1765 1
1699 1765 1
1172 1766 1
877 1767 1
640 1768 1
717 1768 1
730 1768 1
1769 1768 1
640 1769 1
717 1769 1
730 1769 1
1768 1769 1
441 1770 1
652 1770 1
395 1771 1
394 1772 1
1773 1772 1
394 1773 1
1772 1773 1
538 1774 1
587 1775 1
1776 1775 1
587 1776 1
1775 1776 1
694 1777 1
387 1778 1
664 1779 1
539 1780 1
617 1780 1
271 1781 1
1782 1781 1
271 1782 1
1781 1782 1
1169 1783 1
1784 1783 1
1785 1783 1
1169 1784 1
1783 1784 1
1785 1784 1
1169 1785 1
1783 1785 1
1784 1785 1
975 1786 1
327 1787 1
347 1787 1
585 1788 1
61 1789 1
62 1789 1
811 1789 1
542 1790 1
1135 1790 1
231 1791 1
449 1791 1
794 1792 1
831 1793 1
1006 1793 1
1183 1793 1
705 1794 1
860 1795 1
694 1796 1
1714 1796 1
1797 1796 1
694 1797 1
1714 1797 1
1796 1797 1
333 1798 1
440 1798 1
1149 1798 1
113 1799 1
905 1799 1
1113 1799 1
1800 1799 1
113 1800 1
905 1800 1
1113 1800 1
1799 1800 1
167 1801 1
705 1801 1
1802 1801 1
167 1802 1
705 1802 1
1801 1802 1
1096 1803 1
141 1804 1
182 1804 1
517 1804 1
1039 1804 1
1115 1804 1
1158 1804 1
885 1805 1
1384 1806 1
486 1807 1
1079 1808 1
424 1809 1
1756 1809 1
1757 1809 1
1758 1809 1
841 1810 1
1811 1810 1
1812 1810 1
841 1811 1
1810 1811 1
1812 1811 1
841 1812 1
1810 1812 1
1811 1812 1
387 1813 1
60 1814 1
126 1814 1
1168 1814 1
1150 1815 1
