246 1 1
247 1 1
253 1 1
414 1 1
565 1 1
568 1 1
8 2 1
13 2 1
21 2 1
17 3 1
30 3 1
673 3 1
16 4 1
36 4 1
64 4 1
139 4 1
145 5 1
146 5 1
182 5 1
187 5 1
488 5 1
142 6 1
514 6 1
515 6 1
41 7 1
111 7 1
114 7 1
590 7 1
591 7 1
592 7 1
2 8 1
13 8 1
21 8 1
30 9 1
44 9 1
317 9 1
318 9 2
319 9 2
327 9 1
328 9 1
43 10 1
145 10 1
182 10 1
187 10 1
22 11 1
169 11 1
170 11 1
70 12 1
75 12 1
162 12 1
2 13 1
8 13 1
21 13 1
18 14 1
614 14 1
116 15 1
680 15 1
681 15 1
4 16 1
36 16 1
64 16 1
139 16 1
3 17 1
30 17 1
673 17 1
14 18 1
614 18 1
51 19 1
88 19 1
266 19 1
267 19 1
268 19 1
177 20 1
521 20 2
522 20 1
606 20 1
2 21 1
8 21 1
13 21 1
24 21 1
34 21 1
46 21 1
62 21 1
65 21 2
106 21 1
107 21 1
543 21 4
544 21 1
548 21 2
549 21 1
550 21 1
580 21 1
607 21 1
608 21 1
11 22 1
78 22 1
100 22 1
117 22 1
150 22 1
169 22 1
170 22 1
639 22 1
640 22 1
670 23 1
671 23 1
21 24 1
34 24 1
46 24 1
65 24 1
543 24 1
550 24 1
350 25 1
351 25 1
352 25 1
353 25 1
398 26 1
399 26 1
400 26 1
609 27 1
610 27 1
477 28 1
478 28 1
479 28 1
192 29 1
195 29 1
296 29 1
311 29 1
312 29 1
3 30 1
9 30 1
17 30 1
44 30 1
318 30 1
319 30 1
327 30 1
328 30 1
673 30 1
35 31 1
605 31 1
699 32 1
700 32 1
135 33 1
21 34 1
24 34 1
46 34 1
65 34 1
543 34 1
550 34 1
31 35 1
605 35 1
4 36 1
16 36 1
64 36 1
139 36 1
200 37 1
188 38 1
54 39 1
103 39 2
629 39 1
278 40 1
279 40 2
7 41 1
111 41 1
114 41 1
590 41 1
591 41 1
592 41 1
702 42 1
10 43 1
145 43 1
182 43 1
187 43 1
9 44 1
30 44 1
318 44 1
319 44 1
327 44 1
328 44 1
113 45 1
154 45 1
329 45 1
330 45 1
331 45 1
21 46 1
24 46 1
34 46 1
65 46 1
543 46 1
550 46 1
688 47 1
689 47 1
63 48 1
66 48 1
397 48 1
77 49 1
89 49 1
643 49 1
644 49 1
645 49 1
646 49 1
647 49 1
573 50 1
19 51 1
88 51 1
91 51 1
266 51 1
267 51 1
268 51 1
630 51 1
631 51 1
632 51 1
61 52 1
92 52 1
94 52 1
121 52 1
611 52 1
149 53 1
39 54 1
629 54 1
252 55 2
569 55 1
119 56 1
171 56 1
173 56 1
174 56 1
175 56 1
183 56 1
464 57 1
602 58 1
603 58 1
95 59 1
254 59 1
255 59 1
226 60 1
52 61 1
92 61 1
94 61 1
121 61 1
611 61 1
21 62 1
106 62 1
107 62 1
543 62 1
548 62 1
549 62 1
48 63 1
66 63 1
397 63 1
4 64 1
16 64 1
36 64 1
139 64 1
21 65 2
24 65 1
34 65 1
46 65 1
543 65 2
544 65 1
550 65 1
48 66 1
63 66 1
397 66 1
551 67 1
207 68 1
420 68 1
316 69 1
12 70 1
75 70 1
162 70 1
143 71 1
144 71 1
197 72 1
206 72 3
633 72 1
160 73 3
192 73 1
204 73 1
176 74 1
612 74 1
613 74 1
12 75 1
70 75 1
162 75 1
185 76 1
205 76 1
541 76 1
542 76 1
649 76 2
650 76 1
660 76 1
49 77 1
89 77 1
643 77 1
644 77 1
645 77 1
646 77 1
647 77 1
22 78 1
100 78 1
117 78 1
150 78 1
639 78 1
640 78 1
290 79 1
658 80 1
694 80 1
156 81 1
168 81 1
487 81 1
488 81 1
552 82 1
553 82 1
98 83 1
99 83 1
427 84 1
648 85 1
115 86 1
701 86 1
459 87 1
19 88 1
51 88 1
266 88 2
267 88 1
268 88 2
280 88 1
281 88 1
282 88 1
49 89 1
77 89 1
643 89 1
644 89 1
645 89 1
646 89 1
647 89 1
110 90 1
120 90 1
123 90 1
586 90 1
51 91 1
630 91 1
631 91 1
632 91 1
52 92 1
61 92 1
94 92 1
121 92 1
611 92 1
676 93 1
677 93 1
678 93 1
679 93 1
52 94 1
61 94 1
92 94 1
121 94 1
611 94 1
59 95 1
147 95 2
155 95 1
157 95 1
163 95 1
186 95 1
254 95 1
255 95 1
346 95 1
437 95 1
438 95 1
97 96 1
96 97 1
83 98 1
99 98 1
83 99 1
98 99 1
22 100 1
78 100 1
117 100 1
150 100 1
639 100 1
640 100 1
533 101 1
534 101 1
535 101 1
536 101 1
537 101 1
256 102 1
578 102 1
39 103 2
118 104 1
124 104 1
672 105 1
21 106 1
62 106 1
107 106 1
543 106 1
548 106 1
549 106 1
21 107 1
62 107 1
106 107 1
543 107 1
548 107 1
549 107 1
122 108 3
127 108 1
210 108 1
593 108 1
594 108 1
595 108 2
596 108 3
597 108 1
598 108 1
599 108 1
600 108 1
653 108 1
654 108 1
194 109 1
562 109 1
563 109 1
564 109 1
90 110 1
120 110 1
123 110 1
586 110 1
7 111 1
41 111 1
114 111 1
590 111 1
591 111 1
592 111 1
127 112 1
442 112 1
45 113 1
154 113 1
329 113 1
330 113 1
331 113 1
7 114 1
41 114 1
111 114 1
590 114 1
591 114 1
592 114 1
86 115 1
701 115 1
15 116 1
680 116 1
681 116 1
22 117 1
78 117 1
100 117 1
150 117 1
639 117 1
640 117 1
104 118 1
124 118 1
56 119 1
171 119 1
173 119 1
174 119 1
175 119 1
183 119 1
90 120 1
110 120 1
123 120 1
586 120 1
52 121 1
61 121 1
92 121 1
94 121 1
611 121 1
108 122 3
127 122 1
210 122 1
593 122 1
594 122 1
595 122 2
596 122 3
597 122 1
598 122 1
599 122 1
600 122 1
653 122 1
654 122 1
90 123 1
110 123 1
120 123 1
586 123 1
641 123 1
642 123 1
104 124 1
118 124 1
126 125 1
151 125 1
172 125 1
554 125 1
125 126 1
151 126 1
172 126 1
108 127 1
112 127 1
122 127 1
210 127 1
442 127 1
593 127 1
594 127 1
595 127 1
596 127 1
597 127 1
598 127 1
599 127 1
600 127 1
524 128 1
525 128 1
214 129 2
216 129 2
131 130 1
655 130 1
656 130 1
657 130 1
130 131 1
655 131 1
656 131 1
657 131 1
432 132 1
388 133 1
341 134 1
33 135 1
567 136 1
138 137 1
137 138 1
4 139 1
16 139 1
36 139 1
64 139 1
389 140 1
390 140 1
391 140 1
651 141 1
652 141 1
6 142 1
514 142 1
515 142 1
71 143 1
144 143 1
71 144 1
143 144 1
5 145 1
10 145 1
43 145 1
146 145 1
182 145 2
187 145 2
488 145 1
5 146 1
145 146 1
182 146 1
187 146 1
488 146 1
95 147 2
155 147 1
157 147 1
346 147 1
437 147 1
438 147 1
302 148 1
658 148 1
659 148 1
53 149 1
22 150 1
78 150 1
100 150 1
117 150 1
639 150 1
640 150 1
125 151 1
126 151 1
172 151 1
428 152 1
429 152 1
350 153 1
45 154 1
113 154 1
329 154 1
330 154 1
331 154 1
364 154 2
460 154 1
461 154 1
462 154 1
463 154 1
496 154 1
95 155 1
147 155 1
437 155 1
438 155 1
81 156 1
168 156 1
487 156 1
488 156 1
95 157 1
147 157 1
346 157 1
338 158 1
455 159 1
587 159 1
73 160 3
192 160 1
204 160 1
252 161 2
12 162 1
70 162 1
75 162 1
95 163 1
186 163 1
197 164 1
257 164 1
258 164 1
259 164 1
166 165 2
683 165 1
165 166 2
683 166 1
492 167 1
81 168 1
156 168 1
487 168 1
488 168 1
11 169 1
22 169 1
170 169 1
11 170 1
22 170 1
169 170 1
56 171 1
119 171 1
173 171 1
174 171 1
175 171 1
183 171 1
125 172 1
126 172 1
151 172 1
56 173 1
119 173 1
171 173 1
174 173 1
175 173 1
183 173 1
56 174 1
119 174 1
171 174 1
173 174 1
175 174 1
183 174 1
56 175 1
119 175 1
171 175 1
173 175 1
174 175 1
183 175 1
74 176 1
612 176 1
613 176 1
20 177 1
521 177 1
606 177 1
179 178 1
180 178 1
574 178 1
178 179 1
180 179 1
574 179 1
178 180 1
179 180 1
574 180 1
575 180 1
204 181 1
5 182 1
10 182 1
43 182 1
145 182 2
146 182 1
187 182 2
488 182 1
56 183 1
119 183 1
171 183 1
173 183 1
174 183 1
175 183 1
458 184 1
76 185 1
205 185 1
541 185 1
542 185 1
585 185 1
95 186 1
163 186 1
199 186 1
433 186 1
452 186 1
5 187 1
10 187 1
43 187 1
145 187 2
146 187 1
182 187 2
488 187 1
38 188 1
458 189 1
564 189 1
690 190 1
691 190 1
692 190 1
693 190 1
193 191 1
29 192 1
73 192 1
160 192 1
195 192 1
296 192 1
311 192 1
312 192 1
191 193 1
109 194 1
562 194 1
563 194 1
564 194 1
29 195 1
192 195 1
296 195 1
311 195 1
312 195 1
212 196 1
213 196 1
72 197 1
164 197 1
257 197 1
258 197 1
259 197 1
295 198 1
186 199 1
433 199 1
37 200 1
202 201 1
465 201 1
466 201 1
467 201 1
468 201 1
201 202 1
465 202 1
466 202 1
467 202 1
468 202 1
291 203 1
292 203 1
293 203 1
294 203 1
73 204 1
160 204 1
181 204 1
76 205 1
185 205 1
541 205 1
542 205 1
72 206 3
68 207 1
295 207 1
420 207 1
491 208 1
295 209 1
108 210 1
122 210 1
127 210 1
211 210 1
593 210 1
594 210 1
595 210 1
596 210 1
597 210 1
598 210 1
599 210 1
600 210 1
210 211 1
196 212 1
213 212 1
196 213 1
212 213 1
129 214 2
215 214 1
216 214 3
217 214 2
214 215 1
129 216 2
214 216 3
214 217 2
219 218 2
220 218 2
221 218 2
222 218 2
223 218 2
224 218 2
218 219 2
220 219 2
221 219 2
222 219 2
223 219 2
224 219 2
218 220 2
219 220 2
221 220 2
222 220 2
223 220 2
224 220 2
218 221 2
219 221 2
220 221 2
222 221 2
223 221 2
224 221 2
218 222 2
219 222 2
220 222 2
221 222 2
223 222 2
224 222 2
218 223 2
219 223 2
220 223 2
221 223 2
222 223 2
224 223 2
218 224 2
219 224 2
220 224 2
221 224 2
222 224 2
223 224 2
232 225 1
233 225 1
234 225 1
235 225 1
513 225 1
60 226 1
228 227 1
229 227 1
230 227 1
231 227 1
227 228 1
229 228 1
230 228 1
231 228 1
227 229 1
228 229 1
230 229 1
231 229 1
227 230 1
228 230 1
229 230 1
231 230 1
227 231 1
228 231 1
229 231 1
230 231 1
225 232 1
233 232 1
234 232 1
235 232 1
341 232 1
375 232 1
376 232 1
225 233 1
232 233 1
234 233 1
235 233 1
225 234 1
232 234 1
233 234 1
235 234 1
225 235 1
232 235 1
233 235 1
234 235 1
237 236 1
238 236 1
236 237 1
238 237 1
236 238 1
237 238 1
243 239 1
241 240 1
242 240 1
240 241 1
242 241 1
240 242 1
241 242 1
239 243 1
245 244 1
244 245 1
1 246 1
247 246 1
1 247 1
246 247 1
249 248 1
250 248 1
251 248 1
248 249 1
250 249 1
251 249 1
248 250 1
249 250 1
251 250 1
248 251 1
249 251 1
250 251 1
507 251 1
55 252 2
161 252 2
256 252 1
260 252 1
263 252 1
264 252 1
265 252 1
495 252 1
523 252 1
569 252 1
661 252 1
1 253 1
538 253 1
59 254 1
95 254 1
255 254 1
59 255 1
95 255 1
254 255 1
102 256 1
252 256 1
320 256 1
516 256 1
517 256 1
518 256 1
519 256 1
520 256 1
555 256 1
578 256 1
638 256 1
164 257 1
197 257 1
258 257 1
259 257 1
164 258 1
197 258 1
257 258 1
259 258 1
164 259 1
197 259 1
257 259 1
258 259 1
252 260 1
262 261 1
261 262 1
252 263 1
264 263 1
265 263 1
372 263 1
252 264 1
263 264 1
265 264 1
252 265 1
263 265 1
264 265 1
19 266 1
51 266 1
88 266 2
267 266 1
268 266 2
280 266 1
281 266 1
282 266 1
19 267 1
51 267 1
88 267 1
266 267 1
268 267 1
19 268 1
51 268 1
88 268 2
266 268 2
267 268 1
280 268 1
281 268 1
282 268 1
270 269 1
271 269 1
272 269 1
269 270 1
271 270 1
272 270 1
269 271 1
270 271 1
272 271 1
269 272 1
270 272 1
271 272 1
601 273 1
637 273 1
275 274 1
274 275 1
277 276 1
276 277 1
40 278 1
279 278 1
40 279 2
278 279 1
88 280 1
266 280 1
268 280 1
281 280 1
282 280 1
88 281 1
266 281 1
268 281 1
280 281 1
282 281 1
88 282 1
266 282 1
268 282 1
280 282 1
281 282 1
284 283 2
285 283 2
286 283 2
526 283 1
283 284 2
285 284 2
286 284 2
526 284 1
283 285 2
284 285 2
286 285 2
526 285 1
283 286 2
284 286 2
285 286 2
526 286 1
288 287 1
289 287 1
287 288 1
289 288 1
287 289 1
288 289 1
79 290 1
203 291 1
292 291 1
293 291 1
294 291 1
203 292 1
291 292 1
293 292 1
294 292 1
203 293 1
291 293 1
292 293 1
294 293 1
203 294 1
291 294 1
292 294 1
293 294 1
198 295 1
207 295 1
209 295 1
29 296 1
192 296 1
195 296 1
311 296 1
312 296 1
298 297 1
299 297 1
297 298 1
299 298 1
297 299 1
298 299 1
301 300 1
300 301 1
148 302 1
304 303 1
305 303 1
306 303 1
307 303 1
308 303 1
303 304 1
305 304 1
306 304 1
307 304 1
308 304 1
303 305 1
304 305 1
306 305 1
307 305 1
308 305 1
303 306 1
304 306 1
305 306 1
307 306 1
308 306 1
303 307 1
304 307 1
305 307 1
306 307 1
308 307 1
303 308 1
304 308 1
305 308 1
306 308 1
307 308 1
469 308 1
470 308 1
310 309 1
309 310 1
29 311 1
192 311 1
195 311 1
296 311 1
312 311 1
29 312 1
192 312 1
195 312 1
296 312 1
311 312 1
314 313 1
315 313 1
313 314 1
315 314 1
313 315 1
314 315 1
69 316 1
9 317 1
318 317 1
319 317 1
9 318 2
30 318 1
44 318 1
317 318 1
319 318 2
327 318 1
328 318 1
9 319 2
30 319 1
44 319 1
317 319 1
318 319 2
327 319 1
328 319 1
256 320 1
322 321 1
323 321 1
321 322 1
323 322 1
321 323 1
322 323 1
325 324 1
324 325 1
566 326 1
9 327 1
30 327 1
44 327 1
318 327 1
319 327 1
328 327 1
9 328 1
30 328 1
44 328 1
318 328 1
319 328 1
327 328 1
45 329 1
113 329 1
154 329 1
330 329 1
331 329 1
45 330 1
113 330 1
154 330 1
329 330 1
331 330 1
45 331 1
113 331 1
154 331 1
329 331 1
330 331 1
333 332 1
334 332 1
335 332 1
332 333 1
334 333 1
335 333 1
332 334 1
333 334 1
335 334 1
332 335 1
333 335 1
334 335 1
337 336 1
336 337 1
362 337 1
158 338 1
340 339 1
339 340 1
134 341 1
232 341 1
414 341 2
415 341 1
416 341 1
417 341 1
476 341 1
343 342 1
344 342 1
345 342 1
342 343 1
344 343 1
345 343 1
342 344 1
343 344 1
345 344 1
342 345 1
343 345 1
344 345 1
95 346 1
147 346 1
157 346 1
555 347 1
578 347 1
579 347 1
349 348 1
348 349 1
451 349 1
25 350 1
153 350 1
351 350 1
352 350 1
353 350 1
354 350 1
25 351 1
350 351 1
352 351 1
353 351 1
25 352 1
350 352 1
351 352 1
353 352 1
25 353 1
350 353 1
351 353 1
352 353 1
350 354 1
356 355 1
357 355 1
358 355 1
355 356 1
355 357 1
358 357 1
355 358 1
357 358 1
360 359 1
361 359 1
359 360 1
361 360 1
359 361 1
360 361 1
337 362 1
363 362 1
362 363 1
154 364 2
460 364 1
461 364 1
462 364 1
463 364 1
366 365 1
365 366 1
368 367 1
367 368 1
370 369 2
371 369 2
369 370 2
371 370 2
369 371 2
370 371 2
263 372 1
374 373 1
373 374 1
232 375 1
376 375 1
232 376 1
375 376 1
385 376 1
386 376 1
387 376 1
378 377 1
377 378 1
380 379 1
379 380 1
382 381 1
381 382 1
384 383 1
584 383 1
383 384 1
376 385 1
386 385 1
376 386 1
385 386 1
376 387 1
133 388 1
140 389 1
390 389 1
391 389 1
140 390 1
389 390 1
391 390 1
508 390 1
140 391 1
389 391 1
390 391 1
393 392 1
394 392 1
392 393 1
394 393 1
392 394 1
393 394 1
396 395 1
395 396 1
48 397 1
63 397 1
66 397 1
26 398 1
399 398 1
400 398 1
26 399 1
398 399 1
400 399 1
26 400 1
398 400 1
399 400 1
402 401 1
401 402 1
404 403 1
403 404 1
406 405 1
405 406 1
408 407 1
409 407 1
410 407 1
407 408 1
409 408 1
410 408 1
407 409 1
408 409 1
410 409 1
407 410 1
408 410 1
409 410 1
412 411 1
413 411 1
411 412 1
413 412 1
411 413 1
412 413 1
1 414 1
341 414 2
568 414 1
341 415 1
416 415 1
417 415 1
341 416 1
415 416 1
417 416 1
341 417 1
415 417 1
416 417 1
419 418 1
418 419 1
68 420 1
207 420 1
422 421 1
421 422 1
424 423 1
425 423 1
426 423 1
423 424 1
423 425 1
426 425 1
423 426 1
425 426 1
84 427 1
152 428 1
429 428 1
152 429 1
428 429 1
431 430 1
430 431 1
132 432 1
186 433 1
199 433 1
435 434 1
436 434 1
434 435 1
436 435 1
434 436 1
435 436 1
95 437 1
147 437 1
155 437 1
438 437 1
95 438 1
147 438 1
155 438 1
437 438 1
440 439 1
441 439 1
439 440 1
441 440 1
439 441 1
440 441 1
112 442 1
127 442 1
444 443 1
443 444 1
446 445 1
445 446 1
448 447 1
447 448 1
450 449 1
449 450 1
349 451 1
186 452 1
454 453 1
453 454 1
159 455 1
587 455 1
695 455 1
457 456 1
456 457 1
184 458 1
189 458 1
564 458 1
87 459 1
154 460 1
364 460 1
461 460 1
462 460 1
463 460 1
154 461 1
364 461 1
460 461 1
462 461 1
463 461 1
154 462 1
364 462 1
460 462 1
461 462 1
463 462 1
154 463 1
364 463 1
460 463 1
461 463 1
462 463 1
57 464 1
201 465 1
202 465 1
466 465 1
467 465 1
468 465 1
201 466 1
202 466 1
465 466 1
467 466 1
468 466 1
201 467 1
202 467 1
465 467 1
466 467 1
468 467 1
201 468 1
202 468 1
465 468 1
466 468 1
467 468 1
308 469 1
470 469 1
308 470 1
469 470 1
472 471 1
471 472 1
474 473 1
475 473 1
473 474 1
475 474 1
473 475 1
474 475 1
341 476 1
28 477 1
478 477 1
479 477 1
28 478 1
477 478 1
479 478 1
28 479 1
477 479 1
478 479 1
481 480 1
480 481 1
483 482 1
484 482 1
482 483 1
484 483 1
482 484 1
483 484 1
486 485 2
485 486 2
81 487 1
156 487 1
168 487 1
488 487 1
5 488 1
81 488 1
145 488 1
146 488 1
156 488 1
168 488 1
182 488 1
187 488 1
487 488 1
490 489 1
489 490 1
208 491 1
167 492 1
494 493 1
493 494 1
252 495 1
154 496 1
498 497 1
499 497 1
500 497 1
501 497 1
504 497 1
497 498 1
499 498 1
500 498 1
501 498 1
497 499 1
498 499 1
500 499 1
501 499 1
497 500 1
498 500 1
499 500 1
501 500 1
497 501 1
498 501 1
499 501 1
500 501 1
503 502 1
502 503 1
497 504 1
506 505 1
505 506 1
251 507 1
390 508 1
510 509 1
511 509 1
512 509 1
509 510 1
511 510 1
512 510 1
509 511 1
510 511 1
512 511 1
509 512 1
510 512 1
511 512 1
225 513 1
6 514 1
142 514 1
515 514 1
6 515 1
142 515 1
514 515 1
256 516 1
517 516 1
518 516 1
519 516 1
520 516 1
256 517 1
516 517 1
518 517 1
519 517 1
520 517 1
256 518 1
516 518 1
517 518 1
519 518 1
520 518 1
256 519 1
516 519 1
517 519 1
518 519 1
520 519 1
256 520 1
516 520 1
517 520 1
518 520 1
519 520 1
20 521 2
177 521 1
522 521 1
606 521 1
20 522 1
521 522 1
252 523 1
128 524 1
525 524 1
128 525 1
524 525 1
283 526 1
284 526 1
285 526 1
286 526 1
528 527 1
529 527 1
530 527 1
531 527 1
532 527 1
527 528 1
529 528 1
530 528 1
531 528 1
532 528 1
527 529 1
528 529 1
530 529 1
531 529 1
532 529 1
527 530 1
528 530 1
529 530 1
531 530 1
532 530 1
527 531 1
528 531 1
529 531 1
530 531 1
532 531 1
527 532 1
528 532 1
529 532 1
530 532 1
531 532 1
101 533 1
534 533 1
535 533 1
536 533 1
537 533 1
101 534 1
533 534 1
535 534 1
536 534 1
537 534 1
101 535 1
533 535 1
534 535 1
536 535 1
537 535 1
101 536 1
533 536 1
534 536 1
535 536 1
537 536 1
101 537 1
533 537 1
534 537 1
535 537 1
536 537 1
253 538 1
540 539 1
539 540 1
76 541 1
185 541 1
205 541 1
542 541 1
76 542 1
185 542 1
205 542 1
541 542 1
21 543 4
24 543 1
34 543 1
46 543 1
62 543 1
65 543 2
106 543 1
107 543 1
544 543 1
548 543 2
549 543 1
550 543 1
607 543 1
608 543 1
21 544 1
65 544 1
543 544 1
546 545 1
547 545 1
545 546 1
547 546 1
545 547 1
546 547 1
21 548 2
62 548 1
106 548 1
107 548 1
543 548 2
549 548 1
607 548 1
608 548 1
21 549 1
62 549 1
106 549 1
107 549 1
543 549 1
548 549 1
21 550 1
24 550 1
34 550 1
46 550 1
65 550 1
543 550 1
67 551 1
82 552 1
553 552 1
82 553 1
552 553 1
125 554 1
256 555 1
347 555 1
578 555 1
579 555 1
557 556 2
558 556 1
556 557 2
558 557 1
556 558 1
557 558 1
560 559 2
588 559 1
682 559 1
559 560 2
576 560 1
577 560 1
588 560 1
604 561 1
109 562 1
194 562 1
563 562 1
564 562 1
109 563 1
194 563 1
562 563 1
564 563 1
109 564 1
189 564 1
194 564 1
458 564 1
562 564 1
563 564 1
1 565 1
326 566 1
136 567 1
1 568 1
414 568 1
55 569 1
252 569 1
571 570 1
572 570 1
570 571 1
572 571 1
570 572 1
571 572 1
50 573 1
178 574 1
179 574 1
180 574 1
180 575 1
560 576 1
577 576 1
560 577 1
576 577 1
102 578 1
256 578 1
347 578 1
555 578 1
579 578 1
347 579 1
555 579 1
578 579 1
21 580 1
582 581 1
583 581 1
581 582 1
583 582 1
581 583 1
582 583 1
383 584 1
185 585 1
90 586 1
110 586 1
120 586 1
123 586 1
159 587 1
455 587 1
559 588 1
560 588 1
674 589 1
675 589 1
7 590 1
41 590 1
111 590 1
114 590 1
591 590 1
592 590 1
7 591 1
41 591 1
111 591 1
114 591 1
590 591 1
592 591 1
7 592 1
41 592 1
111 592 1
114 592 1
590 592 1
591 592 1
108 593 1
122 593 1
127 593 1
210 593 1
594 593 1
595 593 1
596 593 1
597 593 1
598 593 1
599 593 1
600 593 1
108 594 1
122 594 1
127 594 1
210 594 1
593 594 1
595 594 1
596 594 1
597 594 1
598 594 1
599 594 1
600 594 1
108 595 2
122 595 2
127 595 1
210 595 1
593 595 1
594 595 1
596 595 2
597 595 1
598 595 1
599 595 1
600 595 1
653 595 1
654 595 1
108 596 3
122 596 3
127 596 1
210 596 1
593 596 1
594 596 1
595 596 2
597 596 1
598 596 1
599 596 1
600 596 1
653 596 1
654 596 1
108 597 1
122 597 1
127 597 1
210 597 1
593 597 1
594 597 1
595 597 1
596 597 1
598 597 1
599 597 1
600 597 1
108 598 1
122 598 1
127 598 1
210 598 1
593 598 1
594 598 1
595 598 1
596 598 1
597 598 1
599 598 1
600 598 1
108 599 1
122 599 1
127 599 1
210 599 1
593 599 1
594 599 1
595 599 1
596 599 1
597 599 1
598 599 1
600 599 1
696 599 1
697 599 1
698 599 1
108 600 1
122 600 1
127 600 1
210 600 1
593 600 1
594 600 1
595 600 1
596 600 1
597 600 1
598 600 1
599 600 1
273 601 1
637 601 1
58 602 1
603 602 1
58 603 1
602 603 1
561 604 1
31 605 1
35 605 1
634 605 1
635 605 1
636 605 1
20 606 1
177 606 1
521 606 1
21 607 1
543 607 1
548 607 1
608 607 1
21 608 1
543 608 1
548 608 1
607 608 1
27 609 1
610 609 1
27 610 1
609 610 1
52 611 1
61 611 1
92 611 1
94 611 1
121 611 1
74 612 1
176 612 1
613 612 1
74 613 1
176 613 1
612 613 1
14 614 1
18 614 1
616 615 1
615 616 1
618 617 1
619 617 1
620 617 1
621 617 1
622 617 1
623 617 1
624 617 1
625 617 1
626 617 1
617 618 1
619 618 1
620 618 1
621 618 1
622 618 1
623 618 1
624 618 1
625 618 1
626 618 1
617 619 1
618 619 1
620 619 1
621 619 1
622 619 1
623 619 1
624 619 1
625 619 1
626 619 1
617 620 1
618 620 1
619 620 1
621 620 1
622 620 1
623 620 1
624 620 1
625 620 1
626 620 1
617 621 1
618 621 1
619 621 1
620 621 1
622 621 1
623 621 1
624 621 1
625 621 1
626 621 1
617 622 1
618 622 1
619 622 1
620 622 1
621 622 1
623 622 1
624 622 1
625 622 1
626 622 1
617 623 1
618 623 1
619 623 1
620 623 1
621 623 1
622 623 1
624 623 1
625 623 1
626 623 1
617 624 1
618 624 1
619 624 1
620 624 1
621 624 1
622 624 1
623 624 1
625 624 1
626 624 1
617 625 1
618 625 1
619 625 1
620 625 1
621 625 1
622 625 1
623 625 1
624 625 1
626 625 1
617 626 1
618 626 1
619 626 1
620 626 1
621 626 1
622 626 1
623 626 1
624 626 1
625 626 1
628 627 1
627 628 1
39 629 1
54 629 1
51 630 1
91 630 1
631 630 1
632 630 1
51 631 1
91 631 1
630 631 1
632 631 1
51 632 1
91 632 1
630 632 1
631 632 1
72 633 1
605 634 1
635 634 1
636 634 1
605 635 1
634 635 1
636 635 1
605 636 1
634 636 1
635 636 1
273 637 1
601 637 1
256 638 1
22 639 1
78 639 1
100 639 1
117 639 1
150 639 1
640 639 1
22 640 1
78 640 1
100 640 1
117 640 1
150 640 1
639 640 1
123 641 1
642 641 1
123 642 1
641 642 1
49 643 1
77 643 1
89 643 1
644 643 1
645 643 1
646 643 1
647 643 1
49 644 1
77 644 1
89 644 1
643 644 1
645 644 1
646 644 1
647 644 1
49 645 1
77 645 1
89 645 1
643 645 1
644 645 1
646 645 1
647 645 1
49 646 1
77 646 1
89 646 1
643 646 1
644 646 1
645 646 1
647 646 1
49 647 1
77 647 1
89 647 1
643 647 1
644 647 1
645 647 1
646 647 1
85 648 1
76 649 2
650 649 1
660 649 1
76 650 1
649 650 1
141 651 1
652 651 1
141 652 1
651 652 1
108 653 1
122 653 1
595 653 1
596 653 1
654 653 1
108 654 1
122 654 1
595 654 1
596 654 1
653 654 1
130 655 1
131 655 1
656 655 1
657 655 1
130 656 1
131 656 1
655 656 1
657 656 1
130 657 1
131 657 1
655 657 1
656 657 1
80 658 1
148 658 1
659 658 1
694 658 1
148 659 1
658 659 1
76 660 1
649 660 1
252 661 1
663 662 1
664 662 1
665 662 1
666 662 1
667 662 1
668 662 1
669 662 1
662 663 1
664 663 1
665 663 1
666 663 1
667 663 1
668 663 1
669 663 1
662 664 1
663 664 1
665 664 1
666 664 1
667 664 1
668 664 1
669 664 1
662 665 1
663 665 1
664 665 1
666 665 1
667 665 1
668 665 1
669 665 1
662 666 1
663 666 1
664 666 1
665 666 1
667 666 1
668 666 1
669 666 1
662 667 1
663 667 1
664 667 1
665 667 1
666 667 1
668 667 1
669 667 1
662 668 1
663 668 1
664 668 1
665 668 1
666 668 1
667 668 1
669 668 1
662 669 1
663 669 1
664 669 1
665 669 1
666 669 1
667 669 1
668 669 1
23 670 1
671 670 1
23 671 1
670 671 1
105 672 1
3 673 1
17 673 1
30 673 1
589 674 1
675 674 1
589 675 1
674 675 1
93 676 1
677 676 1
678 676 1
679 676 1
93 677 1
676 677 1
678 677 1
679 677 1
93 678 1
676 678 1
677 678 1
679 678 1
93 679 1
676 679 1
677 679 1
678 679 1
15 680 1
116 680 1
681 680 1
15 681 1
116 681 1
680 681 1
559 682 1
165 683 1
166 683 1
685 684 1
686 684 1
687 684 1
684 685 1
686 685 1
687 685 1
684 686 1
685 686 1
687 686 1
684 687 1
685 687 1
686 687 1
47 688 1
689 688 1
47 689 1
688 689 1
190 690 1
691 690 1
692 690 1
693 690 1
190 691 1
690 691 1
692 691 1
693 691 1
190 692 1
690 692 1
691 692 1
693 692 1
190 693 1
690 693 1
691 693 1
692 693 1
80 694 1
658 694 1
455 695 1
599 696 1
697 696 1
698 696 1
599 697 1
696 697 1
698 697 1
599 698 1
696 698 1
697 698 1
32 699 1
700 699 1
32 700 1
699 700 1
86 701 1
115 701 1
42 702 1
