590 1 1
617 1 1
713 2 1
1167 3 1
107 4 1
821 4 1
25 5 1
959 5 1
43 6 1
560 6 1
139 7 1
364 7 4
585 7 1
933 7 1
1382 7 1
1383 7 1
1384 7 2
355 8 1
437 8 1
438 8 1
277 9 1
813 9 1
1315 9 1
1316 9 1
1208 10 1
20 11 1
448 11 1
450 11 1
467 11 1
619 11 1
260 12 1
223 13 1
1514 14 1
1515 14 1
16 15 1
350 15 1
559 15 1
589 15 1
778 15 1
1025 15 1
15 16 1
350 16 1
559 16 1
1025 16 1
513 17 1
549 17 1
574 17 1
1373 17 1
254 18 1
977 18 1
429 19 1
999 19 1
11 20 1
262 20 1
448 20 1
450 20 1
467 20 1
618 20 2
619 20 3
79 21 1
90 21 1
163 22 1
447 22 1
613 22 1
637 22 1
1375 23 1
1376 23 1
1377 23 1
58 24 1
186 24 1
219 24 2
344 24 1
534 24 1
910 24 1
5 25 1
106 25 1
151 25 1
170 25 1
221 25 2
235 25 1
333 25 1
580 25 1
606 25 1
627 25 1
667 25 1
674 25 1
959 25 1
1036 25 1
1092 25 1
72 26 1
1275 26 1
102 27 1
103 27 1
279 28 1
767 28 1
1397 28 1
1398 28 1
1399 28 1
453 29 1
242 30 1
1500 30 1
1491 31 2
523 32 1
459 33 1
935 33 1
47 34 1
425 35 1
535 35 1
569 36 1
84 37 1
85 37 2
234 37 1
293 37 1
669 37 1
1041 37 1
62 38 1
253 39 2
376 39 2
483 39 1
645 40 1
1288 40 1
1289 40 1
1290 40 1
469 41 1
609 41 1
614 41 1
757 41 1
109 42 2
6 43 1
560 43 1
984 43 1
880 44 1
116 45 1
61 46 1
111 46 1
34 47 1
429 47 1
59 48 1
329 48 1
526 48 1
570 48 1
665 48 1
666 48 1
50 49 1
51 49 1
52 49 1
136 49 1
49 50 1
51 50 1
52 50 1
136 50 1
49 51 1
50 51 1
52 51 1
136 51 1
49 52 1
50 52 1
51 52 1
136 52 1
1093 53 1
814 54 1
1226 54 1
185 55 1
1317 55 1
1318 55 1
57 56 1
216 56 1
297 56 1
298 56 1
299 56 1
300 56 1
56 57 1
216 57 1
297 57 1
298 57 1
299 57 1
300 57 1
24 58 1
534 58 1
48 59 1
526 59 1
570 59 1
77 60 1
91 60 1
277 60 1
594 60 2
628 60 1
1143 60 3
1150 60 1
46 61 1
38 62 1
488 63 1
667 63 1
668 63 1
1132 63 1
800 64 2
75 65 1
257 66 1
565 67 1
641 67 1
1176 67 1
442 68 1
502 68 1
345 69 1
548 69 1
712 69 1
724 69 1
71 70 2
200 70 1
427 70 1
645 70 1
70 71 2
200 71 1
427 71 1
645 71 1
26 72 1
1275 72 1
453 73 1
493 73 1
94 74 1
245 74 1
391 74 1
65 75 1
96 76 1
117 76 1
118 76 1
119 76 1
120 76 1
60 77 1
78 77 3
91 77 1
108 77 1
594 77 1
621 77 1
622 77 1
1224 77 1
77 78 3
108 78 1
319 78 1
621 78 1
622 78 1
1224 78 1
21 79 1
90 79 1
1158 80 1
255 81 1
671 81 1
248 82 1
249 82 1
263 82 6
325 82 1
342 82 1
412 82 1
521 82 1
537 82 1
538 82 3
584 82 1
640 82 2
802 82 1
927 82 1
928 82 1
1062 82 1
1089 82 1
1090 82 1
225 83 1
485 83 1
514 83 1
37 84 1
85 84 1
1041 84 1
37 85 2
84 85 1
234 85 1
293 85 1
669 85 1
1041 85 1
199 86 1
202 86 1
150 87 1
404 87 1
780 87 1
439 88 1
430 89 1
604 89 1
21 90 1
79 90 1
60 91 1
77 91 1
99 91 1
594 91 2
128 92 1
323 92 1
203 93 1
336 93 1
515 93 1
848 93 1
74 94 1
245 94 1
403 95 1
76 96 1
117 96 1
118 96 1
119 96 1
120 96 1
308 96 1
1522 96 1
275 97 1
1338 97 1
1339 97 1
233 98 1
91 99 1
594 99 1
756 100 1
846 100 1
1003 100 1
246 101 1
27 102 1
103 102 1
27 103 1
102 103 1
121 104 1
224 104 1
241 104 1
571 105 1
25 106 1
221 106 2
580 106 2
4 107 1
130 107 1
189 107 1
220 107 1
280 107 1
283 107 1
310 107 2
821 107 1
1328 107 1
77 108 1
78 108 1
42 109 2
1388 110 1
46 111 1
830 112 1
562 113 1
1454 113 1
1506 113 1
458 114 1
596 114 1
759 114 1
325 115 1
565 115 1
903 115 1
1193 115 1
45 116 1
76 117 1
96 117 1
118 117 1
119 117 1
120 117 1
76 118 1
96 118 1
117 118 1
119 118 1
120 118 1
76 119 1
96 119 1
117 119 1
118 119 1
120 119 1
76 120 1
96 120 1
117 120 1
118 120 1
119 120 1
104 121 1
224 121 1
241 121 1
292 122 1
124 123 1
125 123 1
123 124 1
125 124 2
348 124 1
565 124 1
588 124 2
813 124 1
1293 124 1
123 125 1
124 125 2
588 125 1
486 126 1
1408 126 1
360 127 1
376 127 1
618 127 1
641 127 1
92 128 1
323 128 2
622 128 1
806 128 2
810 128 1
834 128 3
894 128 1
1254 129 1
107 130 1
1328 130 1
164 131 2
343 131 1
857 131 1
1142 131 1
219 132 1
1162 132 1
1163 132 1
1164 132 1
1165 132 1
149 133 1
221 133 1
222 133 1
295 133 1
199 134 1
507 134 2
800 134 1
306 135 1
49 136 1
50 136 1
51 136 1
52 136 1
143 137 1
199 137 4
592 137 3
710 137 1
865 137 1
1091 137 1
144 138 1
634 138 1
7 139 1
1384 139 1
142 140 1
954 140 1
231 141 1
966 141 1
967 141 1
140 142 1
954 142 1
137 143 1
199 143 1
426 143 1
427 143 1
428 143 2
437 143 2
438 143 2
449 143 2
453 143 1
460 143 1
461 143 1
464 143 3
495 143 1
530 143 1
575 143 1
605 143 1
615 143 1
679 143 1
734 143 1
952 143 1
1203 143 1
138 144 1
634 144 1
228 145 1
316 145 1
324 145 1
382 146 1
437 146 1
561 146 1
618 146 1
1202 146 1
428 147 1
453 147 1
459 147 1
440 148 1
133 149 1
221 149 1
222 149 1
295 149 1
87 150 1
404 150 2
780 150 1
1448 150 1
1449 150 1
25 151 1
170 151 1
627 151 1
667 151 1
1036 151 1
428 152 7
827 152 1
325 153 1
530 153 1
903 153 1
781 154 1
1110 154 1
385 155 1
1509 155 1
1510 155 1
1511 155 1
1512 155 1
297 156 2
592 156 3
612 156 1
278 157 1
351 157 1
503 157 1
512 157 1
1049 157 1
1191 157 1
1303 157 1
167 158 1
605 158 1
677 158 1
392 159 1
424 159 1
565 160 1
173 161 1
771 162 1
22 163 1
637 163 1
1390 163 1
131 164 2
343 164 1
857 164 1
1142 164 1
318 165 1
1050 165 1
1457 166 1
1458 166 1
1459 166 1
158 167 1
605 167 1
677 167 1
673 168 1
171 169 1
251 169 2
619 169 2
1108 169 2
25 170 1
151 170 1
627 170 1
667 170 1
1036 170 1
169 171 1
251 171 1
619 171 1
1108 171 1
1057 172 1
161 173 1
455 173 1
1244 173 1
1269 173 1
381 174 1
1033 175 2
1034 175 1
183 176 2
446 176 1
1097 176 1
1350 176 2
1351 176 2
432 177 1
655 177 1
901 177 1
1195 178 1
1196 178 1
1477 179 1
1478 179 1
223 180 1
1330 180 1
362 181 1
633 181 1
678 181 1
197 182 1
221 182 1
226 182 1
254 182 1
796 182 1
1065 182 1
1066 182 1
1067 182 1
176 183 2
1350 183 2
1351 183 2
453 184 1
493 184 1
546 184 1
605 184 1
1340 184 1
55 185 1
1317 185 1
1318 185 1
24 186 1
344 186 1
354 187 1
370 187 1
503 188 1
936 188 1
107 189 1
220 189 1
283 189 1
582 190 1
596 190 1
681 190 1
192 191 1
831 191 1
191 192 1
831 192 1
210 193 1
195 194 1
194 195 1
274 195 1
503 195 1
204 196 1
205 196 2
182 197 1
221 197 1
226 197 1
254 197 1
796 197 1
1065 197 1
1066 197 1
1067 197 1
248 198 1
335 198 1
346 198 1
389 198 2
417 198 1
418 198 2
441 198 1
452 198 2
474 198 1
578 198 1
632 198 2
766 198 1
794 198 1
937 198 2
939 198 1
86 199 1
134 199 1
137 199 4
143 199 1
200 199 1
202 199 1
230 199 1
276 199 1
335 199 1
342 199 1
346 199 1
348 199 1
433 199 1
443 199 1
452 199 1
455 199 1
462 199 1
465 199 1
487 199 1
492 199 1
592 199 5
596 199 1
600 199 1
602 199 2
641 199 2
642 199 1
687 199 3
690 199 1
710 199 1
716 199 1
788 199 1
800 199 1
802 199 1
843 199 1
848 199 2
865 199 1
909 199 2
1029 199 3
1048 199 1
1071 199 1
1074 199 1
1091 199 1
1095 199 3
1345 199 1
70 200 1
71 200 1
199 200 1
346 200 1
351 200 1
425 200 1
427 200 6
429 200 2
433 200 1
452 200 1
455 200 1
506 200 1
576 200 6
611 200 1
645 200 1
651 200 1
1215 200 1
1313 201 1
1314 201 1
86 202 1
199 202 1
93 203 1
336 203 1
515 203 1
693 203 2
698 203 1
196 204 1
205 204 1
196 205 2
204 205 1
227 205 1
1200 206 1
878 207 1
384 208 1
597 208 1
218 209 1
193 210 1
854 211 1
1331 211 1
1332 211 1
789 212 1
1013 212 3
221 213 1
1252 213 1
1253 213 1
266 214 2
286 214 1
227 215 1
56 216 1
57 216 1
297 216 1
298 216 1
299 216 1
300 216 1
282 217 1
325 217 2
375 217 1
209 218 1
263 218 1
503 218 1
803 218 1
854 218 2
24 219 2
132 219 1
910 219 1
107 220 1
189 220 1
283 220 1
25 221 2
106 221 2
133 221 1
149 221 1
182 221 1
197 221 1
213 221 1
222 221 1
226 221 1
254 221 1
295 221 1
580 221 2
606 221 1
674 221 1
796 221 1
1065 221 1
1066 221 1
1067 221 1
1092 221 1
1252 221 1
1253 221 1
133 222 1
149 222 1
221 222 1
295 222 1
920 222 1
1183 222 1
1184 222 1
13 223 1
180 223 1
399 223 1
415 223 1
1330 223 1
104 224 1
121 224 1
241 224 1
1346 224 1
1347 224 1
83 225 1
485 225 1
514 225 1
182 226 1
197 226 1
221 226 1
254 226 1
796 226 1
1065 226 1
1066 226 1
1067 226 1
205 227 1
215 227 1
372 227 1
145 228 1
438 228 1
461 228 1
535 228 2
576 228 2
602 228 2
625 228 3
734 228 3
1024 228 1
1045 228 1
1219 228 1
628 229 1
989 229 1
199 230 1
325 230 1
327 230 1
348 230 2
600 230 1
786 230 1
925 230 2
926 230 1
1354 230 1
1355 230 1
141 231 1
966 231 1
967 231 1
1010 232 1
1011 232 1
1012 232 1
98 233 1
37 234 1
85 234 1
293 234 1
669 234 1
25 235 1
619 236 1
1343 236 1
904 237 1
268 238 1
1234 238 1
1161 239 1
813 240 1
922 240 1
1277 240 1
1278 240 1
1299 240 1
1300 240 1
1301 240 1
104 241 1
121 241 1
224 241 1
30 242 1
1500 242 1
316 243 1
351 243 1
588 244 1
611 244 1
74 245 1
94 245 1
101 246 1
427 247 1
438 247 1
502 247 1
82 248 1
198 248 1
263 248 5
350 248 1
429 248 1
538 248 1
618 248 1
683 248 1
816 248 2
817 248 1
853 248 1
879 248 1
927 248 3
928 248 3
1062 248 1
1089 248 1
1160 248 1
82 249 1
521 249 2
584 249 2
1370 249 1
422 250 1
1114 250 1
169 251 2
171 251 1
619 251 2
1108 251 2
350 252 2
1160 252 1
1378 252 1
1392 252 1
39 253 2
376 253 2
483 253 1
18 254 1
182 254 1
197 254 1
221 254 1
226 254 1
796 254 1
977 254 1
1065 254 1
1066 254 1
1067 254 1
81 255 1
671 255 1
343 256 1
350 256 1
811 256 1
912 256 1
923 256 2
1520 256 1
66 257 1
868 258 1
832 259 1
907 259 1
1348 259 1
1349 259 1
12 260 1
979 261 1
20 262 1
453 262 2
618 262 2
619 262 2
819 262 1
82 263 6
218 263 1
248 263 5
342 263 1
481 263 1
503 263 1
537 263 3
538 263 4
587 263 2
770 263 1
802 263 1
803 263 2
927 263 5
928 263 5
992 263 1
999 263 2
1007 263 1
1062 263 2
1089 263 1
1090 263 1
1272 263 2
592 264 2
702 264 2
266 265 1
214 266 2
265 266 1
267 266 2
286 266 1
294 266 1
881 266 1
1380 266 1
1381 266 1
266 267 2
238 268 1
1234 268 1
369 269 1
335 270 2
1001 271 1
1002 271 1
273 272 1
272 273 1
195 274 1
503 274 1
97 275 1
1338 275 1
1339 275 1
199 276 1
9 277 1
60 277 1
602 277 1
628 277 1
813 277 1
930 277 1
1072 277 1
1111 277 1
1315 277 1
1316 277 1
157 278 1
335 278 1
351 278 1
503 278 2
1049 278 1
28 279 1
767 279 1
1397 279 1
1398 279 1
1399 279 1
107 280 1
294 281 1
595 281 1
217 282 1
325 282 1
375 282 1
107 283 1
189 283 1
220 283 1
812 284 1
1227 285 1
1228 285 1
214 286 1
266 286 1
426 286 1
515 286 1
517 286 1
757 287 1
1486 287 1
1487 287 1
414 288 1
351 289 1
1080 289 1
361 290 1
393 291 1
426 291 1
122 292 1
37 293 1
85 293 1
234 293 1
669 293 1
266 294 1
281 294 1
595 294 1
133 295 1
149 295 1
221 295 1
222 295 1
1497 295 1
1498 295 1
1499 295 1
465 296 1
1009 296 1
56 297 1
57 297 1
156 297 2
216 297 1
298 297 1
299 297 1
300 297 1
437 297 1
592 297 2
56 298 1
57 298 1
216 298 1
297 298 1
299 298 1
300 298 1
56 299 1
57 299 1
216 299 1
297 299 1
298 299 1
300 299 1
56 300 1
57 300 1
216 300 1
297 300 1
298 300 1
299 300 1
395 301 1
1013 301 1
807 302 1
1094 302 1
419 303 1
522 303 1
622 304 2
805 304 1
815 304 1
829 304 2
1276 304 1
400 305 1
844 305 1
135 306 1
315 307 1
96 308 1
1522 308 1
1426 309 1
107 310 2
338 311 1
409 311 1
686 311 1
1255 311 1
353 312 1
528 312 1
895 313 1
840 314 1
307 315 1
145 316 1
243 316 1
324 316 1
351 316 1
658 317 1
1104 317 1
1158 317 1
165 318 1
78 319 1
465 320 1
888 320 1
725 321 1
893 321 1
371 322 1
793 322 1
92 323 1
128 323 2
145 324 1
316 324 1
540 324 1
742 324 1
82 325 1
115 325 1
153 325 1
217 325 2
230 325 1
282 325 1
335 325 1
351 325 4
375 325 4
418 325 2
420 325 2
503 325 1
530 325 1
556 325 1
565 325 1
653 325 1
822 325 1
903 325 2
938 325 1
1193 325 1
1385 325 1
1020 326 1
1021 326 1
1022 326 1
230 327 1
690 327 1
723 328 1
724 328 1
48 329 1
784 329 1
908 329 1
1220 329 1
401 330 1
1171 330 1
358 331 1
397 331 1
1230 332 1
1242 332 1
25 333 1
1121 334 1
198 335 1
199 335 1
270 335 2
278 335 1
325 335 1
348 335 1
351 335 1
417 335 1
418 335 3
437 335 1
443 335 1
503 335 2
93 336 1
203 336 1
515 336 1
453 337 1
546 337 2
598 337 1
631 337 1
640 337 1
663 337 4
664 337 1
726 337 1
743 337 1
753 337 1
882 337 1
1081 337 1
1432 337 1
311 338 1
409 338 1
686 338 1
1255 338 1
413 339 1
732 339 1
770 339 1
822 339 1
833 339 1
874 339 1
1082 339 1
1137 339 1
1336 339 1
1337 339 1
886 340 1
1469 340 1
1470 340 1
1471 340 1
726 341 1
730 341 1
760 341 1
1322 341 1
1490 341 1
82 342 1
199 342 1
263 342 1
348 342 3
452 342 1
521 342 1
545 342 1
596 342 1
602 342 2
610 342 2
612 342 1
641 342 1
687 342 3
802 342 3
863 342 1
927 342 3
928 342 3
929 342 1
1029 342 3
1085 342 2
1086 342 1
1089 342 1
1116 342 2
1434 342 1
1435 342 1
1436 342 1
131 343 1
164 343 1
256 343 1
621 343 1
622 343 1
811 343 1
857 343 1
912 343 2
923 343 1
924 343 1
1204 343 2
1205 343 1
1327 343 1
1401 343 1
24 344 1
186 344 1
69 345 1
712 345 1
724 345 1
198 346 1
199 346 1
200 346 1
389 346 1
441 346 1
937 346 1
429 347 1
124 348 1
199 348 1
230 348 2
335 348 1
342 348 3
377 348 1
418 348 1
455 348 1
520 348 1
565 348 1
600 348 5
607 348 1
610 348 2
706 348 1
802 348 1
865 348 3
866 348 3
1029 348 1
1070 348 1
1127 348 1
1128 348 1
1429 348 1
783 349 1
15 350 1
16 350 1
248 350 1
252 350 2
256 350 1
351 350 3
420 350 1
460 350 1
490 350 1
559 350 1
579 350 1
618 350 3
649 350 1
672 350 1
843 350 1
923 350 1
964 350 1
965 350 1
978 350 1
1025 350 1
1095 350 1
1159 350 2
1160 350 4
1199 350 1
1378 350 2
1392 350 1
1489 350 1
1513 350 1
1520 350 1
157 351 1
200 351 1
243 351 1
278 351 1
289 351 1
316 351 1
325 351 4
335 351 1
350 351 3
375 351 1
420 351 3
427 351 1
429 351 1
437 351 4
440 351 2
452 351 3
454 351 2
455 351 2
503 351 5
556 351 1
579 351 1
618 351 1
732 351 1
843 351 1
938 351 1
1030 351 1
1049 351 1
1059 351 2
1060 351 1
1080 351 1
1199 351 1
1366 351 2
557 352 1
312 353 1
528 353 1
187 354 1
370 354 1
8 355 1
437 355 1
438 355 1
421 356 1
942 356 1
943 356 1
402 357 1
602 357 1
607 357 2
611 357 3
731 357 1
745 357 1
763 357 2
769 357 1
775 357 1
835 357 1
836 357 2
1118 357 1
1122 357 1
1123 357 1
1124 357 1
1309 357 1
1400 357 1
331 358 1
397 358 1
576 358 1
550 359 1
589 359 1
952 359 1
127 360 1
376 360 1
420 360 1
618 360 2
641 360 2
832 360 1
1356 360 1
290 361 1
428 361 1
448 361 1
449 361 3
464 361 1
467 361 1
470 361 3
502 361 1
554 361 1
181 362 1
633 362 1
678 362 1
1192 363 1
7 364 4
496 364 1
585 364 1
933 364 1
1136 364 1
538 365 1
565 365 1
862 365 1
453 366 1
510 366 1
552 366 1
605 366 1
1340 366 1
377 367 1
866 367 1
1068 367 1
741 368 1
1141 368 1
269 369 1
481 369 1
515 369 1
576 369 1
693 369 1
695 369 1
187 370 1
354 370 1
322 371 1
793 371 1
227 372 1
1087 373 1
623 374 1
217 375 1
282 375 1
325 375 4
351 375 1
384 375 1
418 375 1
600 375 1
1168 375 1
1221 375 1
1222 375 1
1223 375 1
39 376 2
127 376 1
253 376 2
360 376 1
483 376 1
618 376 1
641 376 1
676 376 1
1430 376 1
1431 376 1
348 377 1
367 377 1
865 377 1
866 377 2
1068 377 1
379 378 1
1262 378 1
378 379 1
1262 379 1
516 380 2
174 381 1
146 382 1
437 382 1
1209 383 1
208 384 1
375 384 1
597 384 1
1168 384 1
155 385 1
1509 385 1
1510 385 1
1511 385 1
1512 385 1
715 386 1
1172 386 1
938 387 1
463 388 1
490 388 1
536 388 1
629 388 1
1160 388 1
198 389 2
346 389 1
441 389 1
766 389 1
937 389 1
758 390 1
74 391 1
159 392 1
424 392 1
291 393 1
426 393 1
535 393 1
662 394 2
301 395 1
1013 395 1
498 396 1
331 397 1
358 397 1
405 398 1
848 398 1
223 399 1
723 399 1
724 399 1
765 399 1
305 400 1
844 400 1
330 401 1
1171 401 1
357 402 1
95 403 1
87 404 1
150 404 2
780 404 1
1448 404 1
1449 404 1
398 405 1
848 405 1
1054 406 1
1055 406 1
408 407 2
602 407 1
680 407 1
839 407 1
407 408 2
602 408 1
680 408 1
839 408 2
1031 408 1
311 409 1
338 409 1
684 409 1
686 409 4
985 409 1
986 409 1
987 409 2
1177 409 1
1178 409 1
1255 409 1
1423 409 1
1424 409 1
1425 409 1
437 410 1
737 410 1
752 410 1
1374 411 1
82 412 1
339 413 1
770 413 1
1137 413 2
1336 413 1
1337 413 1
288 414 1
223 415 1
691 416 1
198 417 1
335 417 1
418 417 1
198 418 2
325 418 2
335 418 3
348 418 1
375 418 1
417 418 1
303 419 1
522 419 1
325 420 2
350 420 1
351 420 3
360 420 1
453 420 1
618 420 3
636 420 1
641 420 1
663 420 2
832 420 1
843 420 1
938 420 1
1356 420 1
356 421 1
942 421 1
943 421 1
250 422 1
1114 422 1
522 423 1
159 424 1
392 424 1
35 425 1
200 425 1
456 425 1
506 425 1
535 425 1
1032 425 2
143 426 1
286 426 1
291 426 1
393 426 1
428 426 1
952 426 2
1107 426 1
70 427 1
71 427 1
143 427 1
200 427 6
247 427 1
351 427 1
429 427 8
430 427 1
431 427 3
433 427 4
438 427 1
452 427 2
455 427 1
470 427 1
502 427 1
575 427 1
576 427 3
586 427 1
602 427 1
645 427 1
651 427 1
947 427 1
948 427 1
950 427 2
957 427 1
958 427 1
1394 427 1
1488 427 1
143 428 2
147 428 1
152 428 7
361 428 1
426 428 1
453 428 4
458 428 3
459 428 1
460 428 2
461 428 3
464 428 1
509 428 1
596 428 1
827 428 1
911 428 1
934 428 1
952 428 1
955 428 1
956 428 1
19 429 1
47 429 1
200 429 2
248 429 1
347 429 1
351 429 1
427 429 8
452 429 1
455 429 1
470 429 1
576 429 1
586 429 3
853 429 1
950 429 1
999 429 1
1035 429 1
1422 429 2
89 430 1
427 430 1
604 430 1
626 430 1
427 431 3
433 431 2
435 431 1
452 431 1
510 431 1
947 431 1
1173 431 1
177 432 1
480 432 1
655 432 2
866 432 1
199 433 1
200 433 1
427 433 4
431 433 2
452 433 1
455 433 2
576 433 1
592 433 1
947 433 1
948 433 1
787 434 1
996 434 1
431 435 1
510 435 1
1173 435 1
461 436 1
464 436 1
8 437 1
143 437 2
146 437 1
297 437 1
335 437 1
351 437 4
355 437 1
382 437 1
410 437 1
438 437 2
440 437 1
452 437 1
464 437 1
503 437 1
737 437 1
752 437 1
934 437 1
1521 437 1
8 438 1
143 438 2
228 438 1
247 438 1
355 438 1
427 438 1
437 438 2
502 438 1
88 439 1
1058 439 1
148 440 1
351 440 2
437 440 1
590 440 1
1017 440 1
1366 440 1
198 441 1
346 441 1
389 441 1
937 441 1
68 442 1
502 442 1
199 443 1
335 443 1
656 444 4
657 444 4
762 444 2
1386 444 1
774 445 1
1507 445 1
1508 445 1
176 446 1
622 446 1
913 446 2
1097 446 2
1098 446 1
22 447 1
613 447 1
11 448 1
20 448 1
361 448 1
450 448 1
467 448 1
554 448 1
619 448 1
143 449 2
361 449 3
456 449 1
467 449 1
470 449 3
11 450 1
20 450 1
448 450 1
467 450 1
619 450 1
717 451 1
718 451 1
738 451 1
993 451 1
198 452 2
199 452 1
200 452 1
342 452 1
351 452 3
427 452 2
429 452 1
431 452 1
433 452 1
437 452 1
455 452 2
520 452 1
521 452 2
541 452 1
584 452 1
600 452 1
607 452 1
632 452 3
648 452 1
650 452 1
802 452 1
848 452 1
946 452 1
947 452 2
949 452 1
951 452 1
952 452 1
953 452 1
1341 452 1
1358 452 2
29 453 1
73 453 1
143 453 1
147 453 1
184 453 1
262 453 2
337 453 1
366 453 1
420 453 1
428 453 4
459 453 1
460 453 1
461 453 6
464 453 1
493 453 3
510 453 2
527 453 1
546 453 5
552 453 1
556 453 1
603 453 1
605 453 3
636 453 1
643 453 1
663 453 3
664 453 1
733 453 1
740 453 2
773 453 1
931 453 1
956 453 1
1106 453 1
1340 453 3
351 454 2
503 454 1
173 455 1
199 455 1
200 455 1
348 455 1
351 455 2
427 455 1
429 455 1
433 455 2
452 455 2
520 455 2
521 455 3
592 455 1
1135 455 1
1266 455 1
1269 455 3
425 456 1
449 456 1
491 456 1
590 456 1
478 457 1
566 457 1
608 457 1
682 457 1
777 457 1
114 458 1
428 458 3
484 458 1
596 458 3
759 458 2
1407 458 1
33 459 1
147 459 1
428 459 1
453 459 1
659 459 1
935 459 1
1053 459 1
143 460 1
350 460 1
428 460 2
453 460 1
461 460 4
911 460 1
955 460 2
1044 460 1
1378 460 1
143 461 1
228 461 1
428 461 3
436 461 1
453 461 6
460 461 4
464 461 3
471 461 4
487 461 1
625 461 1
643 461 3
646 461 1
911 461 1
952 461 1
955 461 2
1005 461 2
1044 461 1
1102 461 1
1103 461 1
1287 461 2
1409 461 2
199 462 1
487 462 1
388 463 1
536 463 1
629 463 1
143 464 3
361 464 1
428 464 1
436 464 1
437 464 1
453 464 1
461 464 3
470 464 1
495 464 1
510 464 4
530 464 1
605 464 1
679 464 1
921 464 1
934 464 3
994 464 1
1037 464 2
1203 464 1
199 465 1
296 465 1
320 465 1
494 465 1
888 465 1
898 465 1
1009 465 2
1052 465 1
1147 465 2
1233 465 1
1280 465 1
1281 465 1
1014 466 1
1197 466 1
11 467 1
20 467 1
361 467 1
448 467 1
449 467 1
450 467 1
470 467 1
589 467 1
619 467 1
952 467 1
757 468 1
1505 468 1
41 469 1
609 469 1
614 469 1
757 469 1
361 470 3
427 470 1
429 470 1
449 470 3
464 470 1
467 470 1
510 470 1
1109 470 1
461 471 4
823 471 1
867 471 1
983 471 1
1004 471 1
1005 471 2
1006 471 1
1087 471 1
1258 471 1
1287 471 3
1409 471 2
711 472 1
480 473 1
590 473 1
198 474 1
602 475 1
750 475 1
1008 475 1
480 476 1
952 476 1
1023 476 1
558 477 1
561 477 1
962 477 1
457 478 1
682 478 1
480 479 1
432 480 1
473 480 1
476 480 1
479 480 1
590 480 1
593 480 1
602 480 1
609 480 1
655 480 1
754 480 1
866 480 2
952 480 2
961 480 1
1023 480 1
263 481 1
369 481 1
803 481 1
1272 481 1
502 482 1
518 482 1
39 483 1
253 483 1
376 483 1
511 483 1
458 484 1
596 484 1
759 484 1
1407 484 1
83 485 1
225 485 1
514 485 1
126 486 1
1408 486 1
199 487 1
461 487 1
462 487 1
848 487 1
871 487 1
63 488 1
668 488 1
551 489 2
350 490 1
388 490 1
555 490 1
647 490 1
767 490 1
963 490 2
1160 490 2
456 491 1
590 491 1
199 492 1
716 492 1
73 493 1
184 493 1
453 493 3
546 493 2
605 493 1
660 493 1
1340 493 1
1447 493 1
465 494 1
1280 494 1
1281 494 1
143 495 1
464 495 1
530 495 1
605 495 1
679 495 1
364 496 1
1136 496 1
624 497 1
396 498 1
584 499 1
504 500 1
990 500 1
502 501 1
721 501 1
1069 501 1
68 502 1
247 502 1
361 502 1
427 502 1
438 502 1
442 502 1
482 502 1
501 502 1
518 502 2
519 502 1
524 502 1
583 502 1
620 502 1
710 502 1
721 502 1
1069 502 1
157 503 1
188 503 1
195 503 1
218 503 1
263 503 1
274 503 1
278 503 2
325 503 1
335 503 2
351 503 5
437 503 1
454 503 1
556 503 1
732 503 1
803 503 1
936 503 1
1049 503 1
1115 503 1
500 504 1
990 504 1
1130 505 1
200 506 1
425 506 1
134 507 2
700 507 1
800 507 1
1039 508 1
1154 508 1
428 509 1
366 510 1
431 510 1
435 510 1
453 510 2
464 510 4
470 510 1
552 510 1
605 510 1
1173 510 1
1340 510 1
483 511 1
157 512 1
1303 512 1
17 513 1
533 513 1
549 513 1
574 513 1
1373 513 1
83 514 1
225 514 1
485 514 1
93 515 1
203 515 1
286 515 1
336 515 1
369 515 1
517 515 1
693 515 1
914 515 1
380 516 2
705 516 1
286 517 1
515 517 1
482 518 1
502 518 2
519 518 1
502 519 1
518 519 1
348 520 1
452 520 1
455 520 2
521 520 1
531 520 1
607 520 1
951 520 1
1047 520 1
82 521 1
249 521 2
342 521 1
452 521 2
455 521 3
520 521 1
584 521 5
602 521 1
802 521 1
1367 521 1
303 522 1
419 522 1
423 522 1
32 523 1
502 524 1
710 524 1
790 525 2
919 525 2
1372 525 1
48 526 1
59 526 1
570 526 1
453 527 1
546 527 1
602 527 1
603 527 2
312 528 1
353 528 1
735 529 1
736 529 1
143 530 1
153 530 1
325 530 1
464 530 1
495 530 1
605 530 1
679 530 1
903 530 1
520 531 1
607 531 2
618 531 1
722 531 1
1076 531 1
1341 531 1
692 532 1
513 533 1
24 534 1
58 534 1
35 535 1
228 535 2
393 535 1
425 535 1
602 535 2
1138 535 1
1139 535 1
1140 535 1
388 536 1
463 536 1
629 536 1
82 537 1
263 537 3
538 537 2
870 537 2
1007 537 3
1426 537 2
1427 537 1
82 538 3
248 538 1
263 538 4
365 538 1
537 538 2
816 538 1
817 538 1
862 538 1
879 538 1
1007 538 1
1297 538 1
1298 538 1
1261 539 1
324 540 1
742 540 1
452 541 1
648 541 1
650 541 1
553 542 1
608 542 1
761 542 1
1437 542 2
703 543 1
1166 543 1
729 544 1
1153 544 1
342 545 1
546 545 1
591 545 5
592 545 1
612 545 2
660 545 1
687 545 2
1026 545 1
1433 545 1
184 546 1
337 546 2
453 546 5
493 546 2
527 546 1
545 546 1
603 546 1
605 546 1
654 546 1
664 546 1
726 546 1
760 546 1
1340 546 1
675 547 1
69 548 1
17 549 1
513 549 1
574 549 1
1373 549 1
359 550 1
589 550 1
952 550 1
489 551 2
994 551 2
1273 551 2
366 552 1
453 552 1
510 552 1
605 552 1
1340 552 1
542 553 1
761 553 1
1437 553 1
361 554 1
448 554 1
490 555 1
647 555 1
325 556 1
351 556 1
453 556 1
503 556 1
352 557 1
477 558 1
561 558 1
962 558 1
15 559 1
16 559 1
350 559 1
1025 559 1
6 560 1
43 560 1
146 561 1
477 561 1
558 561 1
962 561 1
113 562 1
1454 562 1
1506 562 1
564 563 2
565 563 2
641 563 1
642 563 1
563 564 2
565 564 1
641 564 2
642 564 1
759 564 1
67 565 1
115 565 1
124 565 1
160 565 1
325 565 1
348 565 1
365 565 1
563 565 2
564 565 1
641 565 6
670 565 7
759 565 3
903 565 1
1117 565 1
1118 565 1
1119 565 1
1176 565 1
1193 565 1
1344 565 1
1395 565 5
1472 565 1
1473 565 1
1474 565 1
457 566 1
608 566 1
777 566 1
568 567 1
808 567 1
1019 567 1
567 568 1
808 568 1
1019 568 1
36 569 1
48 570 1
59 570 1
526 570 1
105 571 1
639 571 2
573 572 1
776 572 1
572 573 1
776 573 1
17 574 1
513 574 1
549 574 1
1373 574 1
143 575 1
427 575 1
200 576 6
228 576 2
358 576 1
369 576 1
427 576 3
429 576 1
433 576 1
611 576 1
622 576 1
651 576 1
899 576 1
988 576 1
1219 576 1
1428 576 1
705 577 1
198 578 1
937 578 1
350 579 1
351 579 1
618 579 1
621 579 1
622 579 2
811 579 1
833 579 1
885 579 1
918 579 1
1088 579 1
1256 579 1
25 580 1
106 580 2
221 580 2
652 581 1
1441 581 1
190 582 1
596 582 3
681 582 3
994 582 1
502 583 1
82 584 1
249 584 2
452 584 1
499 584 1
521 584 5
7 585 1
364 585 1
933 585 1
427 586 1
429 586 3
263 587 2
124 588 2
125 588 1
244 588 1
611 588 4
1293 588 1
15 589 1
359 589 1
467 589 1
550 589 1
778 589 1
952 589 2
1 590 1
440 590 1
456 590 1
473 590 1
480 590 1
491 590 1
617 590 1
1017 590 1
545 591 5
660 591 1
1026 591 1
1433 591 1
137 592 3
156 592 3
199 592 5
264 592 2
297 592 2
433 592 1
455 592 1
545 592 1
602 592 1
612 592 3
687 592 1
710 592 1
848 592 1
865 592 1
877 592 1
1018 592 1
1071 592 1
1091 592 1
1320 592 1
1402 592 1
480 593 1
602 593 1
754 593 1
60 594 2
77 594 1
91 594 2
99 594 1
281 595 1
294 595 1
848 595 1
1048 595 1
114 596 1
190 596 1
199 596 1
342 596 1
428 596 1
458 596 3
484 596 1
582 596 3
641 596 1
642 596 1
681 596 3
759 596 2
1029 596 1
1407 596 1
208 597 1
384 597 1
337 598 1
1432 598 1
1352 599 1
1353 599 1
199 600 1
230 600 1
348 600 5
375 600 1
452 600 1
602 600 1
621 600 5
622 600 6
952 600 1
1088 600 3
1224 600 1
1345 600 1
1396 600 1
1440 600 1
746 601 1
199 602 2
228 602 2
277 602 1
342 602 2
357 602 1
407 602 1
408 602 1
427 602 1
475 602 1
480 602 1
521 602 1
527 602 1
535 602 2
592 602 1
593 602 1
600 602 1
603 602 1
625 602 1
641 602 1
680 602 1
687 602 4
754 602 1
848 602 4
909 602 1
1008 602 1
1029 602 2
1071 602 2
1072 602 1
1073 602 2
1074 602 2
1077 602 1
1118 602 1
1309 602 1
1367 602 1
453 603 1
527 603 2
546 603 1
602 603 1
89 604 1
430 604 1
143 605 1
158 605 1
167 605 1
184 605 1
366 605 1
453 605 3
464 605 1
493 605 1
495 605 1
510 605 1
530 605 1
546 605 1
552 605 1
643 605 2
677 605 1
679 605 1
1340 605 3
25 606 1
221 606 1
674 606 1
1092 606 1
348 607 1
357 607 2
452 607 1
520 607 1
531 607 2
611 607 2
722 607 1
1096 607 2
1341 607 2
457 608 1
542 608 1
566 608 1
777 608 1
41 609 1
469 609 1
480 609 1
614 609 1
757 609 2
342 610 2
348 610 2
200 611 1
244 611 1
357 611 3
576 611 1
588 611 4
607 611 2
638 611 1
1120 611 1
1157 611 1
156 612 1
342 612 1
545 612 2
592 612 3
687 612 2
877 612 1
1320 612 1
1402 612 1
22 613 1
447 613 1
41 614 1
469 614 1
609 614 1
757 614 1
143 615 1
680 615 1
1361 615 1
694 616 1
1 617 1
590 617 1
1406 617 1
20 618 2
127 618 1
146 618 1
248 618 1
262 618 2
350 618 3
351 618 1
360 618 2
376 618 1
420 618 3
531 618 1
579 618 1
619 618 4
641 618 2
690 618 1
710 618 1
832 618 1
843 618 2
907 618 1
1160 618 1
1202 618 1
1356 618 1
11 619 1
20 619 3
169 619 2
171 619 1
236 619 1
251 619 2
262 619 2
448 619 1
450 619 1
467 619 1
618 619 4
710 619 1
1108 619 2
1343 619 1
502 620 1
77 621 1
78 621 1
343 621 1
579 621 1
600 621 5
622 621 9
1088 621 1
1224 621 2
1327 621 2
1401 621 1
77 622 1
78 622 1
128 622 1
304 622 2
343 622 1
446 622 1
576 622 1
579 622 2
600 622 6
621 622 9
772 622 1
805 622 1
810 622 3
834 622 1
838 622 5
855 622 1
856 622 1
864 622 1
917 622 2
927 622 1
928 622 1
1063 622 1
1064 622 1
1088 622 3
1125 622 1
1224 622 2
1276 622 1
1308 622 1
1327 622 1
1345 622 1
1364 622 1
1401 622 1
1428 622 3
374 623 1
814 623 1
497 624 1
228 625 3
461 625 1
602 625 1
734 625 2
1077 625 1
430 626 1
25 627 1
151 627 1
170 627 1
667 627 1
1036 627 1
60 628 1
229 628 1
277 628 1
630 628 1
825 628 2
866 628 4
989 628 3
388 629 1
463 629 1
536 629 1
628 630 1
337 631 1
663 631 1
198 632 2
452 632 3
181 633 1
362 633 1
678 633 1
138 634 1
144 634 1
670 635 1
849 635 1
1405 635 1
420 636 1
453 636 1
663 636 1
22 637 1
163 637 1
611 638 1
682 638 1
571 639 2
82 640 2
337 640 1
67 641 1
127 641 1
199 641 2
342 641 1
360 641 2
376 641 1
420 641 1
563 641 1
564 641 2
565 641 6
596 641 1
602 641 1
618 641 2
642 641 2
670 641 3
687 641 1
759 641 1
832 641 1
1029 641 3
1176 641 1
1356 641 1
199 642 1
563 642 1
564 642 1
596 642 1
641 642 2
1029 642 1
453 643 1
461 643 3
605 643 2
795 644 1
1251 644 1
40 645 1
70 645 1
71 645 1
200 645 1
427 645 1
1040 645 1
1288 645 1
1289 645 1
1290 645 1
461 646 1
1102 646 1
1103 646 1
490 647 1
555 647 1
452 648 1
541 648 1
650 648 1
350 649 1
1489 649 1
452 650 1
541 650 1
648 650 1
1496 650 1
200 651 1
427 651 1
576 651 1
581 652 1
1441 652 1
325 653 1
1385 653 1
546 654 1
760 654 1
177 655 1
432 655 2
480 655 1
866 655 1
444 656 4
657 656 4
762 656 2
1386 656 1
444 657 4
656 657 4
762 657 2
1386 657 1
317 658 1
689 658 1
1061 658 3
1073 658 1
1104 658 4
1105 658 1
1158 658 1
1417 658 1
459 659 1
493 660 1
545 660 1
591 660 1
1447 660 1
1501 661 1
1502 661 1
1503 661 1
394 662 2
337 663 4
420 663 2
453 663 3
631 663 1
636 663 1
664 663 1
688 663 1
733 663 1
773 663 1
882 663 1
931 663 1
337 664 1
453 664 1
546 664 1
663 664 1
48 665 1
666 665 1
48 666 1
665 666 1
25 667 1
63 667 1
151 667 1
170 667 1
627 667 1
1036 667 1
1132 667 1
63 668 1
488 668 1
37 669 1
85 669 1
234 669 1
293 669 1
565 670 7
635 670 1
641 670 3
759 670 2
849 670 1
1389 670 1
1405 670 1
81 671 1
255 671 1
350 672 1
1159 672 1
168 673 1
25 674 1
221 674 1
606 674 1
1092 674 1
547 675 1
376 676 1
158 677 1
167 677 1
605 677 1
181 678 1
362 678 1
633 678 1
143 679 1
464 679 1
495 679 1
530 679 1
605 679 1
407 680 1
408 680 1
602 680 1
615 680 1
1361 680 1
190 681 1
582 681 3
596 681 3
457 682 1
478 682 1
638 682 1
248 683 1
409 684 1
685 684 1
1423 684 2
1424 684 2
1425 684 2
684 685 1
686 685 3
1305 685 2
1306 685 2
1393 685 1
1423 685 1
1424 685 1
1425 685 1
311 686 1
338 686 1
409 686 4
685 686 3
985 686 1
986 686 1
987 686 2
1177 686 1
1178 686 1
1255 686 1
1305 686 6
1306 686 4
1393 686 1
1482 686 1
199 687 3
342 687 3
545 687 2
592 687 1
602 687 4
612 687 2
641 687 1
788 687 1
843 687 2
848 687 1
909 687 2
1029 687 3
1071 687 1
1074 687 1
663 688 1
658 689 1
1061 689 1
199 690 1
327 690 1
618 690 1
820 690 1
848 690 1
907 690 1
416 691 1
532 692 1
837 692 1
1151 692 1
203 693 2
369 693 1
515 693 1
698 693 1
616 694 1
369 695 1
708 696 1
1455 696 1
1456 696 1
1483 696 1
1484 696 1
1126 697 1
203 698 1
693 698 1
1248 699 1
507 700 1
704 701 1
264 702 2
543 703 1
1166 703 1
701 704 1
516 705 1
577 705 1
1279 705 2
348 706 1
858 706 2
905 706 1
1225 706 1
1492 707 1
1493 707 1
1494 707 1
1495 707 1
696 708 1
1455 708 1
1456 708 1
1504 709 1
137 710 1
199 710 1
502 710 1
524 710 1
592 710 1
618 710 1
619 710 1
472 711 1
69 712 1
345 712 1
724 712 1
2 713 1
714 713 1
713 714 1
386 715 1
751 715 1
1172 715 1
199 716 1
492 716 1
1243 716 1
451 717 1
718 717 1
738 717 1
993 717 1
451 718 1
717 718 1
738 718 1
993 718 1
728 719 1
1240 719 1
739 720 1
850 720 1
1051 720 1
501 721 1
502 721 1
1069 721 1
531 722 1
607 722 1
1341 722 1
328 723 1
399 723 1
724 723 3
727 723 1
765 723 1
847 723 1
69 724 1
328 724 1
345 724 1
399 724 1
712 724 1
723 724 3
727 724 1
765 724 1
847 724 1
321 725 1
337 726 1
341 726 1
546 726 1
760 726 1
1490 726 1
723 727 1
724 727 1
847 727 1
719 728 1
1240 728 1
544 729 1
1153 729 1
341 730 1
1322 730 1
357 731 1
835 731 1
836 731 1
339 732 1
351 732 1
503 732 1
822 732 1
833 732 1
453 733 1
663 733 1
143 734 1
228 734 3
625 734 2
1024 734 1
1102 734 1
529 735 1
736 735 1
529 736 1
735 736 1
410 737 1
437 737 1
752 737 1
451 738 1
717 738 1
718 738 1
993 738 1
720 739 1
850 739 1
1051 739 1
453 740 2
368 741 1
324 742 1
540 742 1
337 743 1
753 743 1
820 744 1
1263 744 1
357 745 1
763 745 1
601 746 1
785 747 1
854 747 1
1442 747 1
1443 747 1
1210 748 1
1416 749 1
475 750 1
715 751 1
1146 751 1
410 752 1
437 752 1
737 752 1
337 753 1
743 753 1
480 754 1
593 754 1
602 754 1
1475 755 1
1476 755 1
100 756 1
1003 756 1
41 757 1
287 757 1
468 757 1
469 757 1
609 757 2
614 757 1
1505 757 1
390 758 1
114 759 1
458 759 2
484 759 1
564 759 1
565 759 3
596 759 2
641 759 1
670 759 2
1344 759 1
1407 759 1
341 760 1
546 760 1
654 760 1
726 760 1
1490 760 1
542 761 1
553 761 1
1437 761 1
444 762 2
656 762 2
657 762 2
1386 762 1
357 763 2
745 763 1
1400 763 1
1194 764 1
399 765 1
723 765 1
724 765 1
198 766 1
389 766 1
28 767 1
279 767 1
490 767 1
963 767 1
1397 767 1
1398 767 1
1399 767 2
1450 767 1
1451 767 1
1000 768 1
1075 768 1
357 769 1
1122 769 1
1123 769 1
1124 769 1
263 770 1
339 770 1
413 770 1
992 770 1
1137 770 1
1336 770 1
1337 770 1
162 771 1
622 772 1
838 772 1
869 772 1
1125 772 1
453 773 1
663 773 1
931 773 1
445 774 1
1507 774 1
1508 774 1
357 775 1
572 776 1
573 776 1
457 777 1
566 777 1
608 777 1
15 778 1
589 778 1
1403 779 1
1404 779 1
87 780 1
150 780 1
404 780 1
154 781 1
1296 782 1
349 783 1
329 784 1
908 784 1
1220 784 1
747 785 1
230 786 1
925 786 1
1354 786 1
1355 786 1
434 787 1
996 787 1
199 788 1
687 788 1
800 788 2
826 788 1
843 788 1
909 788 2
1029 788 1
212 789 1
1013 789 1
525 790 2
919 790 2
1372 790 1
792 791 1
791 792 1
322 793 1
371 793 1
198 794 1
939 794 1
644 795 1
1251 795 1
182 796 1
197 796 1
221 796 1
226 796 1
254 796 1
1065 796 1
1066 796 1
1067 796 1
887 797 1
1099 797 1
1271 797 1
799 798 1
1270 798 1
798 799 1
1201 799 1
1270 799 1
64 800 2
134 800 1
199 800 1
507 800 1
788 800 2
826 800 1
909 800 1
809 801 1
916 801 1
1004 801 1
82 802 1
199 802 1
263 802 1
342 802 3
348 802 1
452 802 1
521 802 1
927 802 1
928 802 1
1029 802 1
218 803 1
263 803 2
481 803 1
503 803 1
1334 804 1
1335 804 1
304 805 1
622 805 1
128 806 2
302 807 1
1094 807 1
567 808 1
568 808 1
1019 808 2
801 809 1
916 809 1
1004 809 1
1481 809 1
128 810 1
622 810 3
834 810 1
838 810 2
1285 810 1
1286 810 1
256 811 1
343 811 1
579 811 1
833 811 1
885 811 1
912 811 1
923 811 1
1256 811 1
1333 811 1
284 812 1
843 812 1
1159 812 1
1329 812 1
9 813 1
124 813 1
240 813 1
277 813 1
814 813 2
922 813 1
994 813 1
1241 813 1
1299 813 1
1300 813 1
1301 813 1
1315 813 1
1316 813 1
1357 813 1
54 814 1
623 814 1
813 814 2
873 814 1
1226 814 1
1260 814 1
304 815 1
829 815 1
248 816 2
538 816 1
817 816 1
879 816 1
906 816 1
1229 816 1
248 817 1
538 817 1
816 817 1
879 817 1
1291 818 2
262 819 1
690 820 1
744 820 1
1263 820 1
4 821 1
107 821 1
325 822 1
339 822 1
732 822 1
833 822 2
1038 822 1
471 823 1
867 823 1
1231 824 1
1232 824 1
628 825 2
788 826 1
800 826 1
152 827 1
428 827 1
1247 828 1
304 829 2
815 829 1
112 830 1
191 831 1
192 831 1
259 832 1
360 832 1
420 832 1
618 832 1
641 832 1
907 832 1
1348 832 1
1349 832 1
1356 832 1
339 833 1
579 833 1
732 833 1
811 833 1
822 833 2
885 833 1
1256 833 1
128 834 3
622 834 1
810 834 1
894 834 1
357 835 1
731 835 1
836 835 1
357 836 2
731 836 1
835 836 1
692 837 1
622 838 5
772 838 1
810 838 2
855 838 1
927 838 1
928 838 1
1125 838 1
407 839 1
408 839 2
1031 839 1
314 840 1
861 840 1
889 840 1
960 840 1
842 841 1
841 842 1
199 843 1
350 843 1
351 843 1
420 843 1
618 843 2
687 843 2
788 843 1
812 843 1
909 843 1
1029 843 1
1030 843 1
1159 843 1
1329 843 1
305 844 1
400 844 1
1127 845 1
1214 845 1
1310 845 3
1311 845 2
1312 845 2
1379 845 1
100 846 1
723 847 1
724 847 1
727 847 1
93 848 1
199 848 2
398 848 1
405 848 1
452 848 1
487 848 1
592 848 1
595 848 1
602 848 4
687 848 1
690 848 1
871 848 1
875 848 1
876 848 3
1071 848 2
1387 848 1
635 849 1
670 849 1
1405 849 1
720 850 1
739 850 1
1051 850 1
852 851 1
851 852 1
248 853 1
429 853 1
211 854 1
218 854 2
747 854 1
1331 854 1
1332 854 1
622 855 1
838 855 1
622 856 1
864 856 1
1308 856 1
131 857 1
164 857 1
343 857 1
1174 857 1
1175 857 1
1267 857 1
1268 857 1
706 858 2
905 858 1
1225 858 1
860 859 1
874 859 1
892 859 1
859 860 1
874 860 1
892 860 1
840 861 1
365 862 1
538 862 1
342 863 1
1085 863 1
1086 863 1
622 864 1
856 864 1
1308 864 1
137 865 1
199 865 1
348 865 3
377 865 1
592 865 1
866 865 4
1070 865 1
1091 865 1
1127 865 1
1341 865 1
1342 865 1
348 866 3
367 866 1
377 866 2
432 866 1
480 866 2
628 866 4
655 866 1
865 866 4
872 866 1
989 866 2
1068 866 1
1070 866 1
1127 866 1
1213 866 1
1341 866 1
1342 866 1
471 867 1
823 867 1
943 867 1
258 868 1
772 869 1
537 870 2
1007 870 1
487 871 1
848 871 1
866 872 1
814 873 1
339 874 1
859 874 1
860 874 1
892 874 2
1304 874 1
1319 874 1
848 875 1
1257 875 1
848 876 3
1321 876 1
1387 876 1
592 877 1
612 877 1
1320 877 1
207 878 1
248 879 1
538 879 1
816 879 1
817 879 1
44 880 1
266 881 1
1460 881 1
1461 881 1
1462 881 1
337 882 1
663 882 1
884 883 1
883 884 1
579 885 1
811 885 1
833 885 1
1256 885 1
340 886 1
1469 886 1
1470 886 1
1471 886 1
797 887 1
1099 887 1
320 888 1
465 888 1
840 889 1
891 890 1
1259 890 1
890 891 1
1259 891 1
859 892 1
860 892 1
874 892 2
1304 892 1
321 893 1
128 894 1
834 894 1
313 895 1
1516 896 1
1517 896 1
1518 896 1
1519 896 1
980 897 1
981 897 1
465 898 1
1233 898 1
576 899 1
1274 900 1
177 901 1
1185 902 1
1186 902 1
115 903 1
153 903 1
325 903 2
530 903 1
565 903 1
1193 903 1
237 904 1
706 905 1
858 905 1
816 906 1
259 907 1
618 907 1
690 907 1
832 907 1
1348 907 1
1349 907 1
329 908 1
784 908 1
1220 908 1
199 909 2
602 909 1
687 909 2
788 909 2
800 909 1
843 909 1
1029 909 1
1074 909 1
24 910 1
219 910 1
428 911 1
460 911 1
461 911 1
955 911 1
256 912 1
343 912 2
811 912 1
923 912 1
1204 912 1
446 913 2
1097 913 1
1098 913 1
515 914 1
1211 915 1
1212 915 1
801 916 1
809 916 1
1004 916 1
622 917 2
579 918 1
525 919 2
790 919 2
1372 919 1
222 920 1
1183 920 1
1184 920 1
464 921 1
240 922 1
813 922 1
1299 922 1
1300 922 1
1301 922 1
256 923 2
343 923 1
350 923 1
811 923 1
912 923 1
1520 923 1
343 924 1
1204 924 1
1205 924 1
1485 924 1
230 925 2
786 925 1
926 925 1
1354 925 1
1355 925 1
230 926 1
925 926 1
82 927 1
248 927 3
263 927 5
342 927 3
622 927 1
802 927 1
838 927 1
928 927 8
929 927 1
1062 927 1
82 928 1
248 928 3
263 928 5
342 928 3
622 928 1
802 928 1
838 928 1
927 928 8
929 928 1
1062 928 1
342 929 1
927 929 1
928 929 1
277 930 1
453 931 1
663 931 1
773 931 1
1133 932 1
1134 932 1
7 933 1
364 933 1
585 933 1
428 934 1
437 934 1
464 934 3
1037 934 1
33 935 1
459 935 1
188 936 1
503 936 1
198 937 2
346 937 1
389 937 1
441 937 1
578 937 1
325 938 1
351 938 1
387 938 1
420 938 1
198 939 1
794 939 1
941 940 1
940 941 1
1046 941 1
356 942 1
421 942 1
943 942 1
356 943 1
421 943 1
867 943 1
942 943 1
1015 943 1
1016 943 1
1131 943 1
1302 943 1
945 944 1
944 945 1
452 946 1
427 947 1
431 947 1
433 947 1
452 947 2
427 948 1
433 948 1
452 949 1
427 950 2
429 950 1
1488 950 1
452 951 1
520 951 1
143 952 1
359 952 1
426 952 2
428 952 1
452 952 1
461 952 1
467 952 1
476 952 1
480 952 2
550 952 1
589 952 2
600 952 1
961 952 1
1023 952 1
452 953 1
140 954 1
142 954 1
428 955 1
460 955 2
461 955 2
911 955 1
428 956 1
453 956 1
427 957 1
958 957 1
427 958 1
957 958 1
5 959 1
25 959 1
840 960 1
480 961 1
952 961 1
477 962 1
558 962 1
561 962 1
490 963 2
767 963 1
350 964 1
965 964 1
350 965 1
964 965 1
141 966 1
231 966 1
967 966 1
141 967 1
231 967 1
966 967 1
969 968 1
970 968 1
971 968 1
968 969 1
970 969 1
971 969 1
968 970 1
969 970 1
971 970 1
968 971 1
969 971 1
970 971 1
973 972 1
974 972 1
972 973 1
974 973 1
972 974 1
973 974 1
976 975 1
975 976 1
18 977 1
254 977 1
350 978 1
261 979 1
897 980 1
981 980 1
897 981 1
980 981 1
983 982 1
471 983 1
982 983 1
1087 983 1
1258 983 1
1287 983 1
43 984 1
409 985 1
686 985 1
986 985 1
987 985 1
409 986 1
686 986 1
985 986 1
987 986 1
409 987 2
686 987 2
985 987 1
986 987 1
576 988 1
229 989 1
628 989 3
866 989 2
1213 989 1
500 990 1
504 990 1
991 990 1
990 991 1
263 992 1
770 992 1
451 993 1
717 993 1
718 993 1
738 993 1
464 994 1
551 994 2
582 994 1
813 994 1
995 994 2
999 994 1
1357 994 1
994 995 2
434 996 1
787 996 1
998 997 1
997 998 1
19 999 1
263 999 2
429 999 1
994 999 1
768 1000 1
271 1001 1
1002 1001 1
271 1002 1
1001 1002 1
100 1003 1
756 1003 1
471 1004 1
801 1004 1
809 1004 1
916 1004 1
461 1005 2
471 1005 2
471 1006 1
263 1007 1
537 1007 3
538 1007 1
870 1007 1
475 1008 1
602 1008 1
296 1009 1
465 1009 2
232 1010 1
1011 1010 1
1012 1010 1
232 1011 1
1010 1011 1
1012 1011 1
232 1012 1
1010 1012 1
1011 1012 1
212 1013 3
301 1013 1
395 1013 1
789 1013 1
1152 1013 1
466 1014 1
943 1015 1
1016 1015 1
943 1016 1
1015 1016 1
440 1017 1
590 1017 1
592 1018 1
567 1019 1
568 1019 1
808 1019 2
326 1020 1
1021 1020 1
1022 1020 1
326 1021 1
1020 1021 1
1022 1021 1
326 1022 1
1020 1022 1
1021 1022 1
476 1023 1
480 1023 1
952 1023 1
228 1024 1
734 1024 1
15 1025 1
16 1025 1
350 1025 1
559 1025 1
545 1026 1
591 1026 1
1028 1027 1
1027 1028 1
199 1029 3
342 1029 3
348 1029 1
596 1029 1
602 1029 2
641 1029 3
642 1029 1
687 1029 3
788 1029 1
802 1029 1
843 1029 1
909 1029 1
351 1030 1
843 1030 1
408 1031 1
839 1031 1
425 1032 2
175 1033 2
1034 1033 1
175 1034 1
1033 1034 1
429 1035 1
25 1036 1
151 1036 1
170 1036 1
627 1036 1
667 1036 1
464 1037 2
934 1037 1
822 1038 1
508 1039 1
1154 1039 1
645 1040 1
37 1041 1
84 1041 1
85 1041 1
1043 1042 1
1042 1043 1
460 1044 1
461 1044 1
228 1045 1
941 1046 1
520 1047 1
1292 1047 1
199 1048 1
595 1048 1
157 1049 1
278 1049 1
351 1049 1
503 1049 1
165 1050 1
720 1051 1
739 1051 1
850 1051 1
465 1052 1
459 1053 1
406 1054 1
1055 1054 1
406 1055 1
1054 1055 1
1057 1056 1
172 1057 1
1056 1057 1
439 1058 1
351 1059 2
1060 1059 1
351 1060 1
1059 1060 1
658 1061 3
689 1061 1
82 1062 1
248 1062 1
263 1062 2
927 1062 1
928 1062 1
1089 1062 1
622 1063 1
1064 1063 1
622 1064 1
1063 1064 1
182 1065 1
197 1065 1
221 1065 1
226 1065 1
254 1065 1
796 1065 1
1066 1065 1
1067 1065 1
182 1066 1
197 1066 1
221 1066 1
226 1066 1
254 1066 1
796 1066 1
1065 1066 1
1067 1066 1
182 1067 1
197 1067 1
221 1067 1
226 1067 1
254 1067 1
796 1067 1
1065 1067 1
1066 1067 1
367 1068 1
377 1068 1
866 1068 1
501 1069 1
502 1069 1
721 1069 1
348 1070 1
865 1070 1
866 1070 1
199 1071 1
592 1071 1
602 1071 2
687 1071 1
848 1071 2
277 1072 1
602 1072 1
602 1073 2
658 1073 1
1074 1073 1
1104 1073 1
1105 1073 1
1129 1073 1
199 1074 1
602 1074 2
687 1074 1
909 1074 1
1073 1074 1
768 1075 1
531 1076 1
602 1077 1
625 1077 1
1079 1078 1
1078 1079 1
289 1080 1
351 1080 1
337 1081 1
339 1082 1
1084 1083 1
1083 1084 1
342 1085 2
863 1085 1
1086 1085 1
342 1086 1
863 1086 1
1085 1086 1
373 1087 1
471 1087 1
983 1087 1
1258 1087 1
1287 1087 1
579 1088 1
600 1088 3
621 1088 1
622 1088 3
1345 1088 1
1440 1088 1
82 1089 1
248 1089 1
263 1089 1
342 1089 1
1062 1089 1
82 1090 1
263 1090 1
137 1091 1
199 1091 1
592 1091 1
865 1091 1
25 1092 1
221 1092 1
606 1092 1
674 1092 1
53 1093 1
302 1094 1
807 1094 1
199 1095 3
350 1095 1
1513 1095 1
607 1096 2
176 1097 1
446 1097 2
913 1097 1
446 1098 1
913 1098 1
797 1099 1
887 1099 1
1101 1100 1
1100 1101 1
461 1102 1
646 1102 1
734 1102 1
1103 1102 1
461 1103 1
646 1103 1
1102 1103 1
317 1104 1
658 1104 4
1073 1104 1
1105 1104 1
1158 1104 1
1198 1104 1
1417 1104 2
1418 1104 1
658 1105 1
1073 1105 1
1104 1105 1
453 1106 1
426 1107 1
169 1108 2
171 1108 1
251 1108 2
619 1108 2
470 1109 1
154 1110 1
277 1111 1
1113 1112 1
1112 1113 1
250 1114 1
422 1114 1
503 1115 1
342 1116 2
565 1117 1
1118 1117 2
1119 1117 1
1391 1117 1
357 1118 1
565 1118 1
602 1118 1
1117 1118 2
1119 1118 1
1309 1118 1
1391 1118 1
565 1119 1
1117 1119 1
1118 1119 1
611 1120 1
334 1121 1
357 1122 1
769 1122 1
1123 1122 1
1124 1122 1
357 1123 1
769 1123 1
1122 1123 1
1124 1123 1
357 1124 1
769 1124 1
1122 1124 1
1123 1124 1
622 1125 1
772 1125 1
838 1125 1
697 1126 1
348 1127 1
845 1127 1
865 1127 1
866 1127 1
348 1128 1
1073 1129 1
505 1130 1
943 1131 1
63 1132 1
667 1132 1
932 1133 1
1134 1133 1
932 1134 1
1133 1134 1
455 1135 1
364 1136 1
496 1136 1
339 1137 1
413 1137 2
770 1137 1
1336 1137 1
1337 1137 1
535 1138 1
535 1139 1
535 1140 1
368 1141 1
131 1142 1
164 1142 1
60 1143 3
1145 1144 1
1144 1145 1
751 1146 1
465 1147 2
1149 1148 1
1148 1149 1
60 1150 1
692 1151 1
1013 1152 1
544 1153 1
729 1153 1
508 1154 1
1039 1154 1
1156 1155 1
1155 1156 1
611 1157 1
80 1158 1
317 1158 1
658 1158 1
1104 1158 1
350 1159 2
672 1159 1
812 1159 1
843 1159 1
1329 1159 1
248 1160 1
252 1160 1
350 1160 4
388 1160 1
490 1160 2
618 1160 1
1378 1160 1
1392 1160 1
239 1161 1
132 1162 1
1163 1162 1
1164 1162 1
1165 1162 1
132 1163 1
1162 1163 1
1164 1163 1
1165 1163 1
132 1164 1
1162 1164 1
1163 1164 1
1165 1164 1
132 1165 1
1162 1165 1
1163 1165 1
1164 1165 1
543 1166 1
703 1166 1
3 1167 1
375 1168 1
384 1168 1
1170 1169 1
1169 1170 1
330 1171 1
401 1171 1
386 1172 1
715 1172 1
431 1173 1
435 1173 1
510 1173 1
857 1174 1
1175 1174 1
857 1175 1
1174 1175 1
67 1176 1
565 1176 1
641 1176 1
409 1177 1
686 1177 1
1178 1177 1
409 1178 1
686 1178 1
1177 1178 1
1180 1179 1
1181 1179 1
1182 1179 1
1179 1180 1
1181 1180 1
1182 1180 1
1179 1181 1
1180 1181 1
1182 1181 1
1179 1182 1
1180 1182 1
1181 1182 1
222 1183 1
920 1183 1
1184 1183 1
222 1184 1
920 1184 1
1183 1184 1
902 1185 1
1186 1185 1
902 1186 1
1185 1186 1
1188 1187 1
1189 1187 1
1190 1187 1
1187 1188 1
1189 1188 1
1190 1188 1
1187 1189 1
1188 1189 1
1190 1189 1
1187 1190 1
1188 1190 1
1189 1190 1
157 1191 1
363 1192 1
115 1193 1
325 1193 1
565 1193 1
903 1193 1
764 1194 1
178 1195 1
1196 1195 2
1216 1195 1
1217 1195 1
1218 1195 1
178 1196 1
1195 1196 2
1216 1196 1
1217 1196 1
1218 1196 1
466 1197 1
1104 1198 1
350 1199 1
351 1199 1
206 1200 1
799 1201 1
146 1202 1
618 1202 1
143 1203 1
464 1203 1
343 1204 2
912 1204 1
924 1204 1
1205 1204 1
343 1205 1
924 1205 1
1204 1205 1
1207 1206 1
1206 1207 1
10 1208 1
383 1209 1
748 1210 1
915 1211 1
1212 1211 1
915 1212 1
1211 1212 1
866 1213 1
989 1213 1
845 1214 1
200 1215 1
1195 1216 1
1196 1216 1
1217 1216 1
1218 1216 1
1195 1217 1
1196 1217 1
1216 1217 1
1218 1217 1
1195 1218 1
1196 1218 1
1216 1218 1
1217 1218 1
228 1219 1
576 1219 1
329 1220 1
784 1220 1
908 1220 1
375 1221 1
375 1222 1
375 1223 1
77 1224 1
78 1224 1
600 1224 1
621 1224 2
622 1224 2
1444 1224 1
706 1225 1
858 1225 1
54 1226 1
814 1226 1
285 1227 1
1228 1227 1
285 1228 1
1227 1228 1
816 1229 1
332 1230 1
824 1231 1
1232 1231 1
824 1232 1
1231 1232 1
465 1233 1
898 1233 1
238 1234 1
268 1234 1
1236 1235 1
1235 1236 1
1238 1237 1
1239 1237 1
1237 1238 1
1239 1238 1
1237 1239 1
1238 1239 1
719 1240 1
728 1240 1
813 1241 1
332 1242 1
716 1243 1
173 1244 1
1246 1245 1
1245 1246 1
828 1247 1
699 1248 1
1250 1249 1
1249 1250 1
644 1251 1
795 1251 1
213 1252 1
221 1252 1
1253 1252 1
213 1253 1
221 1253 1
1252 1253 1
129 1254 1
311 1255 1
338 1255 1
409 1255 1
686 1255 1
579 1256 1
811 1256 1
833 1256 1
885 1256 1
875 1257 1
471 1258 1
983 1258 1
1087 1258 1
1287 1258 1
890 1259 1
891 1259 1
814 1260 1
539 1261 1
378 1262 1
379 1262 1
744 1263 1
820 1263 1
1265 1264 1
1264 1265 1
455 1266 1
857 1267 1
1268 1267 1
857 1268 1
1267 1268 1
173 1269 1
455 1269 3
798 1270 1
799 1270 1
797 1271 1
263 1272 2
481 1272 1
551 1273 2
900 1274 1
26 1275 1
72 1275 1
304 1276 1
622 1276 1
240 1277 1
1278 1277 1
240 1278 1
1277 1278 1
705 1279 2
465 1280 1
494 1280 1
1281 1280 1
465 1281 1
494 1281 1
1280 1281 1
1438 1281 1
1439 1281 1
1283 1282 1
1284 1282 1
1282 1283 1
1284 1283 1
1282 1284 1
1283 1284 1
810 1285 1
1286 1285 1
810 1286 1
1285 1286 1
461 1287 2
471 1287 3
983 1287 1
1087 1287 1
1258 1287 1
1409 1287 2
40 1288 1
645 1288 1
1289 1288 1
1290 1288 1
40 1289 1
645 1289 1
1288 1289 1
1290 1289 1
40 1290 1
645 1290 1
1288 1290 1
1289 1290 1
818 1291 2
1047 1292 1
124 1293 1
588 1293 1
1295 1294 1
1294 1295 1
782 1296 1
538 1297 1
1298 1297 1
538 1298 1
1297 1298 1
240 1299 1
813 1299 1
922 1299 1
1300 1299 1
1301 1299 1
240 1300 1
813 1300 1
922 1300 1
1299 1300 1
1301 1300 1
240 1301 1
813 1301 1
922 1301 1
1299 1301 1
1300 1301 1
943 1302 1
157 1303 1
512 1303 1
874 1304 1
892 1304 1
685 1305 2
686 1305 6
1306 1305 5
1307 1305 1
1393 1305 1
1482 1305 1
685 1306 2
686 1306 4
1305 1306 5
1307 1306 1
1393 1306 1
1305 1307 1
1306 1307 1
622 1308 1
856 1308 1
864 1308 1
357 1309 1
602 1309 1
1118 1309 1
845 1310 3
1311 1310 2
1312 1310 2
1379 1310 1
845 1311 2
1310 1311 2
1312 1311 2
845 1312 2
1310 1312 2
1311 1312 2
201 1313 1
1314 1313 1
201 1314 1
1313 1314 1
9 1315 1
277 1315 1
813 1315 1
1316 1315 1
9 1316 1
277 1316 1
813 1316 1
1315 1316 1
55 1317 1
185 1317 1
1318 1317 1
55 1318 1
185 1318 1
1317 1318 1
874 1319 1
592 1320 1
612 1320 1
877 1320 1
876 1321 1
341 1322 1
730 1322 1
1324 1323 1
1325 1323 2
1326 1323 2
1323 1324 1
1325 1324 1
1326 1324 1
1323 1325 2
1324 1325 1
1326 1325 2
1323 1326 2
1324 1326 1
1325 1326 2
343 1327 1
621 1327 2
622 1327 1
1401 1327 1
107 1328 1
130 1328 1
812 1329 1
843 1329 1
1159 1329 1
180 1330 1
223 1330 1
211 1331 1
854 1331 1
1332 1331 1
211 1332 1
854 1332 1
1331 1332 1
811 1333 1
804 1334 1
1335 1334 1
804 1335 1
1334 1335 1
339 1336 1
413 1336 1
770 1336 1
1137 1336 1
1337 1336 1
339 1337 1
413 1337 1
770 1337 1
1137 1337 1
1336 1337 1
97 1338 1
275 1338 1
1339 1338 1
97 1339 1
275 1339 1
1338 1339 1
184 1340 1
366 1340 1
453 1340 3
493 1340 1
510 1340 1
546 1340 1
552 1340 1
605 1340 3
452 1341 1
531 1341 1
607 1341 2
722 1341 1
865 1341 1
866 1341 1
1342 1341 1
865 1342 1
866 1342 1
1341 1342 1
236 1343 1
619 1343 1
565 1344 1
759 1344 1
199 1345 1
600 1345 1
622 1345 1
1088 1345 1
224 1346 1
1347 1346 1
224 1347 1
1346 1347 1
259 1348 1
832 1348 1
907 1348 1
1349 1348 1
259 1349 1
832 1349 1
907 1349 1
1348 1349 1
176 1350 2
183 1350 2
1351 1350 2
176 1351 2
183 1351 2
1350 1351 2
599 1352 1
1353 1352 1
599 1353 1
1352 1353 1
230 1354 1
786 1354 1
925 1354 1
1355 1354 1
230 1355 1
786 1355 1
925 1355 1
1354 1355 1
360 1356 1
420 1356 1
618 1356 1
641 1356 1
832 1356 1
813 1357 1
994 1357 1
452 1358 2
1360 1359 1
1359 1360 1
615 1361 1
680 1361 1
1363 1362 1
1364 1362 1
1365 1362 1
1362 1363 1
1364 1363 1
1365 1363 1
622 1364 1
1362 1364 1
1363 1364 1
1365 1364 1
1428 1364 1
1362 1365 1
1363 1365 1
1364 1365 1
351 1366 2
440 1366 1
521 1367 1
602 1367 1
1369 1368 1
1368 1369 1
1371 1369 1
1412 1369 1
1413 1369 1
1414 1369 1
1415 1369 1
249 1370 1
1369 1371 1
525 1372 1
790 1372 1
919 1372 1
17 1373 1
513 1373 1
549 1373 1
574 1373 1
411 1374 1
23 1375 1
1376 1375 1
1377 1375 1
23 1376 1
1375 1376 1
1377 1376 1
23 1377 1
1375 1377 1
1376 1377 1
252 1378 1
350 1378 2
460 1378 1
1160 1378 1
1392 1378 1
845 1379 1
1310 1379 1
266 1380 1
1381 1380 1
266 1381 1
1380 1381 1
7 1382 1
1383 1382 1
1384 1382 1
7 1383 1
1382 1383 1
1384 1383 1
7 1384 2
139 1384 1
1382 1384 1
1383 1384 1
325 1385 1
653 1385 1
444 1386 1
656 1386 1
657 1386 1
762 1386 1
848 1387 1
876 1387 1
110 1388 1
670 1389 1
163 1390 1
1117 1391 1
1118 1391 1
252 1392 1
350 1392 1
1160 1392 1
1378 1392 1
685 1393 1
686 1393 1
1305 1393 1
1306 1393 1
427 1394 1
565 1395 5
600 1396 1
28 1397 1
279 1397 1
767 1397 1
1398 1397 1
1399 1397 1
28 1398 1
279 1398 1
767 1398 1
1397 1398 1
1399 1398 1
28 1399 1
279 1399 1
767 1399 2
1397 1399 1
1398 1399 1
1450 1399 1
1451 1399 1
357 1400 1
763 1400 1
343 1401 1
621 1401 1
622 1401 1
1327 1401 1
592 1402 1
612 1402 1
779 1403 1
1404 1403 1
779 1404 1
1403 1404 1
635 1405 1
670 1405 1
849 1405 1
617 1406 1
458 1407 1
484 1407 1
596 1407 1
759 1407 1
126 1408 1
486 1408 1
461 1409 2
471 1409 2
1287 1409 2
1411 1410 1
1410 1411 1
1369 1412 1
1413 1412 1
1414 1412 1
1415 1412 1
1369 1413 1
1412 1413 1
1414 1413 1
1415 1413 1
1369 1414 1
1412 1414 1
1413 1414 1
1415 1414 1
1369 1415 1
1412 1415 1
1413 1415 1
1414 1415 1
749 1416 1
658 1417 1
1104 1417 2
1418 1417 1
1104 1418 1
1417 1418 1
1420 1419 1
1421 1419 2
1479 1419 1
1480 1419 1
1419 1420 1
1421 1420 1
1419 1421 2
1420 1421 1
1479 1421 1
1480 1421 1
429 1422 2
409 1423 1
684 1423 2
685 1423 1
1424 1423 2
1425 1423 2
409 1424 1
684 1424 2
685 1424 1
1423 1424 2
1425 1424 2
409 1425 1
684 1425 2
685 1425 1
1423 1425 2
1424 1425 2
309 1426 1
537 1426 2
1427 1426 1
537 1427 1
1426 1427 1
576 1428 1
622 1428 3
1364 1428 1
348 1429 1
376 1430 1
1431 1430 1
376 1431 1
1430 1431 1
337 1432 1
598 1432 1
545 1433 1
591 1433 1
342 1434 1
1435 1434 1
1436 1434 1
342 1435 1
1434 1435 1
1436 1435 1
342 1436 1
1434 1436 1
1435 1436 1
542 1437 2
553 1437 1
761 1437 1
1281 1438 1
1439 1438 1
1281 1439 1
1438 1439 1
600 1440 1
1088 1440 1
581 1441 1
652 1441 1
747 1442 1
1443 1442 1
747 1443 1
1442 1443 1
1224 1444 1
1446 1445 1
1445 1446 1
493 1447 1
660 1447 1
150 1448 1
404 1448 1
1449 1448 1
150 1449 1
404 1449 1
1448 1449 1
767 1450 1
1399 1450 1
1451 1450 1
767 1451 1
1399 1451 1
1450 1451 1
1453 1452 1
1452 1453 1
113 1454 1
562 1454 1
1506 1454 1
696 1455 1
708 1455 1
1456 1455 1
696 1456 1
708 1456 1
1455 1456 1
166 1457 1
1458 1457 1
1459 1457 1
166 1458 1
1457 1458 1
1459 1458 1
166 1459 1
1457 1459 1
1458 1459 1
881 1460 1
1461 1460 1
1462 1460 1
881 1461 1
1460 1461 1
1462 1461 1
881 1462 1
1460 1462 1
1461 1462 1
1464 1463 1
1463 1464 1
1466 1465 1
1467 1465 1
1468 1465 1
1465 1466 1
1467 1466 1
1468 1466 1
1465 1467 1
1466 1467 1
1468 1467 1
1465 1468 1
1466 1468 1
1467 1468 1
340 1469 1
886 1469 1
1470 1469 1
1471 1469 1
340 1470 1
886 1470 1
1469 1470 1
1471 1470 1
340 1471 1
886 1471 1
1469 1471 1
1470 1471 1
565 1472 1
1473 1472 1
1474 1472 1
565 1473 1
1472 1473 1
1474 1473 1
565 1474 1
1472 1474 1
1473 1474 1
755 1475 1
1476 1475 1
755 1476 1
1475 1476 1
179 1477 1
1478 1477 1
179 1478 1
1477 1478 1
1419 1479 1
1421 1479 1
1480 1479 1
1419 1480 1
1421 1480 1
1479 1480 1
809 1481 1
686 1482 1
1305 1482 1
696 1483 1
1484 1483 1
696 1484 1
1483 1484 1
924 1485 1
287 1486 1
1487 1486 1
287 1487 1
1486 1487 1
427 1488 1
950 1488 1
350 1489 1
649 1489 1
341 1490 1
726 1490 1
760 1490 1
31 1491 2
707 1492 1
1493 1492 1
1494 1492 1
1495 1492 1
707 1493 1
1492 1493 1
1494 1493 1
1495 1493 1
707 1494 1
1492 1494 1
1493 1494 1
1495 1494 1
707 1495 1
1492 1495 1
1493 1495 1
1494 1495 1
650 1496 1
295 1497 1
1498 1497 1
1499 1497 1
295 1498 1
1497 1498 1
1499 1498 1
295 1499 1
1497 1499 1
1498 1499 1
30 1500 1
242 1500 1
661 1501 1
1502 1501 1
1503 1501 1
661 1502 1
1501 1502 1
1503 1502 1
661 1503 1
1501 1503 1
1502 1503 1
709 1504 1
468 1505 1
757 1505 1
113 1506 1
562 1506 1
1454 1506 1
445 1507 1
774 1507 1
1508 1507 1
445 1508 1
774 1508 1
1507 1508 1
155 1509 1
385 1509 1
1510 1509 1
1511 1509 1
1512 1509 1
155 1510 1
385 1510 1
1509 1510 1
1511 1510 1
1512 1510 1
155 1511 1
385 1511 1
1509 1511 1
1510 1511 1
1512 1511 1
155 1512 1
385 1512 1
1509 1512 1
1510 1512 1
1511 1512 1
350 1513 1
1095 1513 1
14 1514 1
1515 1514 1
14 1515 1
1514 1515 1
896 1516 1
1517 1516 1
1518 1516 1
1519 1516 1
896 1517 1
1516 1517 1
1518 1517 1
1519 1517 1
896 1518 1
1516 1518 1
1517 1518 1
1519 1518 1
896 1519 1
1516 1519 1
1517 1519 1
1518 1519 1
256 1520 1
350 1520 1
923 1520 1
437 1521 1
96 1522 1
308 1522 1
