190 1 1
866 1 1
867 1 1
868 1 1
9 2 1
17 2 1
25 2 1
97 2 1
513 3 1
546 3 1
569 3 1
5 4 1
6 4 1
4 5 1
6 5 1
601 5 3
4 6 1
5 6 1
487 7 1
1373 7 1
1374 7 1
57 8 1
468 8 1
781 8 1
1073 8 1
1111 8 1
1172 8 1
1293 8 1
1439 8 1
1440 8 1
1441 8 1
1442 8 1
1443 8 1
2 9 1
17 9 1
25 9 1
97 9 1
529 10 1
607 10 3
976 10 1
991 10 1
994 10 1
995 10 1
996 10 1
997 10 1
1288 10 1
260 11 1
603 11 1
1230 11 1
45 12 2
260 12 2
459 12 1
606 12 2
76 13 1
99 13 1
541 13 1
602 13 2
1466 13 1
153 14 1
253 14 1
594 14 1
1438 14 1
38 15 1
356 15 1
1289 15 1
21 16 1
39 16 1
51 16 1
326 16 1
2 17 1
9 17 1
25 17 1
97 17 1
212 18 1
1211 18 1
414 19 1
522 19 1
1472 19 1
334 20 1
573 20 1
16 21 1
39 21 1
51 21 1
326 21 1
59 22 1
975 22 1
1008 22 1
1017 22 1
506 23 1
707 23 1
46 24 1
187 24 1
312 24 1
940 24 1
941 24 1
942 24 1
2 25 1
9 25 1
17 25 1
97 25 1
188 26 1
335 26 2
336 26 1
221 27 1
40 28 1
98 28 1
243 28 2
427 28 1
880 28 2
30 29 1
270 29 1
562 29 1
29 30 1
270 30 1
562 30 1
470 31 1
998 31 1
77 32 1
162 32 2
466 32 2
518 32 2
599 32 1
600 32 4
621 32 1
622 32 1
648 32 1
1154 32 1
1272 32 1
1273 32 1
1467 32 1
1015 33 2
1016 33 4
1076 33 3
1315 33 1
1335 33 2
1413 33 1
1258 34 1
305 35 1
316 35 1
317 35 1
491 35 1
625 35 1
991 36 1
992 36 1
993 36 1
1039 37 1
15 38 1
356 38 1
1289 38 1
16 39 1
21 39 1
51 39 1
326 39 1
28 40 1
880 40 1
1371 41 1
1372 41 1
139 42 1
189 42 2
1082 42 1
1183 42 1
47 43 1
447 43 1
705 44 1
706 44 1
1457 44 1
1458 44 1
1459 44 1
12 45 2
227 45 2
230 45 2
260 45 6
300 45 1
339 45 1
399 45 1
459 45 3
606 45 8
637 45 1
645 45 3
989 45 2
990 45 1
1072 45 1
1357 45 1
1358 45 1
1359 45 1
24 46 1
187 46 1
312 46 1
940 46 1
941 46 1
942 46 1
43 47 1
447 47 1
49 48 2
1177 48 1
48 49 2
1120 49 1
1177 49 1
500 50 1
617 50 1
16 51 1
21 51 1
39 51 1
326 51 1
76 52 1
99 52 1
602 52 1
1323 52 1
1324 52 1
54 53 1
531 53 1
1469 53 1
53 54 1
531 54 1
1469 54 1
485 55 1
486 55 1
787 55 1
788 55 1
789 55 1
790 55 1
1147 56 1
8 57 1
1439 57 1
1440 57 1
1441 57 1
1442 57 1
1443 57 1
420 58 1
421 58 1
22 59 1
553 59 2
975 59 1
982 59 2
1008 59 2
1009 59 1
1010 59 1
1017 59 3
1018 59 1
1019 59 1
1020 59 2
1021 59 1
701 60 1
702 60 1
133 61 2
239 61 1
529 61 1
634 61 1
924 61 1
573 62 1
181 63 1
323 63 1
477 63 1
584 64 1
402 65 1
1301 65 1
123 66 1
144 66 1
202 66 1
209 66 1
310 66 1
311 66 1
676 66 1
677 66 1
72 67 1
75 67 1
87 67 1
111 68 1
358 68 1
796 68 1
797 68 1
798 68 1
307 69 1
1284 69 1
1351 69 1
185 70 1
163 71 1
805 71 1
67 72 1
75 72 1
87 72 1
195 73 1
218 73 1
591 73 1
670 73 1
671 73 1
672 73 1
673 73 1
312 74 1
379 74 1
67 75 1
72 75 1
87 75 1
13 76 1
52 76 1
99 76 2
602 76 2
1323 76 1
1324 76 1
32 77 1
133 77 9
192 77 1
362 77 1
405 77 5
477 77 2
484 77 2
518 77 2
573 77 7
585 77 5
614 77 9
621 77 2
622 77 1
638 77 1
654 77 1
656 77 1
700 77 4
701 77 1
708 77 1
709 77 1
712 77 1
713 77 1
776 77 1
987 77 1
988 77 1
1075 77 1
1096 77 1
1163 77 1
1399 77 1
1453 77 1
795 78 1
799 79 1
800 79 1
801 79 1
296 80 1
318 80 1
883 80 1
884 80 1
82 81 1
192 81 1
1163 81 1
1164 81 1
81 82 1
192 82 2
1163 82 1
1164 82 1
1308 82 1
1309 82 1
424 83 1
1107 83 1
477 84 2
664 84 2
1074 84 1
1460 84 1
1461 84 1
297 85 1
873 85 1
892 85 1
893 85 1
894 85 1
895 85 1
1046 86 1
1047 86 1
67 87 1
72 87 1
75 87 1
1367 88 1
1368 88 1
1369 88 1
101 89 1
216 89 1
133 90 1
340 90 1
362 90 1
177 91 2
215 91 1
936 91 1
937 91 1
948 91 1
949 91 1
950 91 1
951 91 1
514 92 1
596 92 2
1014 92 1
1249 92 1
138 93 2
284 93 2
348 93 1
380 93 1
381 93 1
402 93 1
408 93 1
579 93 1
860 93 1
1363 93 2
1418 93 2
1419 93 2
1422 93 2
1423 93 2
1473 93 1
105 94 1
943 95 1
1274 96 1
1275 96 1
1276 96 1
2 97 1
9 97 1
17 97 1
25 97 1
148 97 1
386 97 1
1365 97 1
1366 97 1
28 98 1
243 98 1
880 98 1
13 99 1
52 99 1
76 99 2
602 99 2
1323 99 1
1324 99 1
855 100 1
856 100 1
89 101 1
216 101 1
188 102 2
307 102 1
443 102 1
749 102 2
901 102 1
1045 102 1
1284 102 1
1386 102 2
1401 102 2
833 103 2
1202 103 1
359 104 1
1086 104 1
94 105 1
142 106 1
225 106 1
277 106 1
627 106 1
1131 106 1
273 107 1
551 107 1
1462 107 1
423 108 1
1239 108 1
1240 108 1
1241 108 1
196 109 2
653 109 2
1378 109 2
1379 109 2
1023 110 1
1024 110 1
68 111 1
358 111 1
796 111 1
797 111 1
798 111 1
702 112 1
1162 112 1
1116 113 1
582 114 1
188 115 2
499 115 2
119 116 1
1113 116 1
118 117 1
117 118 1
116 119 1
1113 119 1
479 120 1
122 121 1
121 122 1
66 123 1
144 123 1
202 123 1
209 123 2
310 123 1
311 123 1
676 123 1
677 123 1
1106 123 1
320 124 1
999 125 1
290 126 1
629 126 2
1123 126 2
1124 126 1
1380 126 1
1463 126 1
418 127 1
1185 127 1
610 128 1
158 129 1
466 129 1
665 129 1
1313 129 1
1409 129 1
134 130 1
199 131 1
213 131 1
1048 131 1
455 132 1
561 132 1
1244 132 1
1245 132 1
1246 132 1
61 133 2
77 133 9
90 133 1
239 133 1
340 133 2
362 133 2
405 133 1
529 133 1
547 133 2
573 133 5
585 133 4
614 133 2
634 133 1
700 133 1
701 133 1
712 133 1
713 133 1
924 133 1
974 133 1
975 133 1
987 133 1
988 133 1
1075 133 1
1083 133 1
1096 133 1
1097 133 1
1098 133 1
130 134 1
1420 135 1
1421 135 1
380 136 1
755 136 1
1489 136 1
1490 136 1
1491 136 1
1492 136 1
1493 136 1
292 137 1
449 137 1
770 137 1
1327 137 1
1328 137 1
93 138 2
284 138 3
1418 138 3
1419 138 3
1422 138 2
1423 138 2
42 139 1
189 139 1
372 140 1
687 140 1
688 140 1
689 140 1
690 140 1
691 140 1
305 141 1
106 142 1
225 142 1
277 142 1
627 142 1
1131 142 1
200 143 2
201 143 2
517 143 2
872 143 2
66 144 1
123 144 1
202 144 1
209 144 2
255 144 1
310 144 1
311 144 1
676 144 1
677 144 1
319 145 1
321 145 1
456 145 1
1317 145 1
241 146 1
1165 146 1
1486 146 1
1487 146 1
1488 146 1
1205 147 1
97 148 1
237 148 2
244 148 1
269 148 1
275 148 3
276 148 3
343 148 1
386 148 1
1365 148 2
1366 148 1
497 149 1
1142 149 1
1143 149 1
1144 149 1
155 150 1
938 150 1
939 150 1
581 151 2
879 151 2
158 152 1
665 152 1
743 152 1
14 153 1
253 153 1
594 153 2
595 153 2
1414 153 1
1438 153 1
233 154 1
400 154 2
498 154 2
150 155 1
938 155 1
939 155 1
1169 156 2
1170 156 2
621 157 1
623 157 1
1278 157 1
1360 157 1
129 158 1
152 158 1
167 158 1
254 158 1
278 158 1
438 158 1
466 158 2
496 158 1
600 158 1
665 158 5
666 158 1
667 158 1
743 158 6
812 158 1
1313 158 2
1314 158 2
1409 158 1
1203 159 1
220 160 3
697 160 3
752 160 2
384 161 1
387 161 1
1306 161 1
1307 161 1
32 162 2
648 162 1
1467 162 1
71 163 1
246 163 2
333 163 2
352 163 1
723 163 1
725 163 1
805 163 2
1233 163 1
1234 163 1
1254 163 1
467 164 1
293 165 1
721 165 1
757 165 1
758 165 1
759 165 1
760 165 2
301 166 1
407 166 1
158 167 1
665 167 1
666 167 1
667 167 1
220 168 1
240 168 1
466 168 1
794 168 1
1116 168 1
287 169 1
350 169 1
792 169 1
186 170 1
409 170 1
1005 170 1
1006 170 1
1007 170 1
756 171 1
846 171 1
439 172 1
1003 172 1
1184 173 1
266 174 1
1227 174 1
1228 174 1
1229 174 1
902 175 1
369 176 1
1392 176 1
91 177 2
215 177 1
936 177 1
937 177 1
948 177 1
949 177 1
950 177 1
951 177 1
301 178 3
407 178 1
447 179 3
644 179 2
1340 179 3
223 180 1
262 180 1
63 181 1
323 181 1
477 181 1
762 182 1
763 182 1
764 182 1
765 182 1
840 183 1
245 184 1
70 185 1
170 186 1
409 186 1
1005 186 1
1006 186 1
1007 186 1
24 187 1
46 187 1
312 187 1
940 187 1
941 187 1
942 187 1
26 188 1
102 188 2
115 188 2
192 188 1
335 188 1
336 188 1
499 188 4
778 188 1
779 188 1
791 188 1
1386 188 2
42 189 2
139 189 1
401 189 1
435 189 1
1183 189 1
1 190 1
866 190 1
867 190 1
868 190 1
1256 191 2
1496 191 1
77 192 1
81 192 1
82 192 2
188 192 1
271 192 1
304 192 1
350 192 1
614 192 1
870 192 1
871 192 1
1077 192 2
1163 192 4
1164 192 1
1196 192 1
1308 192 1
1309 192 1
202 193 1
509 194 1
73 195 1
218 195 1
591 195 1
670 195 1
671 195 1
672 195 1
673 195 1
109 196 2
653 196 2
1378 196 2
1379 196 2
251 197 1
259 197 1
710 197 2
711 197 1
1165 197 2
1166 197 1
1167 197 5
1199 197 1
1200 197 1
1322 197 1
521 198 1
882 198 1
131 199 1
213 199 1
452 199 1
1048 199 1
143 200 2
201 200 3
517 200 2
872 200 2
1384 200 1
143 201 2
200 201 3
517 201 2
872 201 2
1384 201 1
66 202 1
123 202 1
144 202 1
193 202 1
209 202 1
310 202 1
311 202 1
676 202 1
677 202 1
477 203 3
572 203 1
573 203 1
615 203 1
681 203 1
682 203 1
683 203 1
367 204 2
555 204 3
556 204 3
258 205 1
410 205 1
411 205 1
412 205 2
217 206 1
695 206 1
592 207 1
593 207 1
767 207 1
428 208 1
66 209 1
123 209 2
144 209 2
202 209 1
255 209 1
310 209 1
311 209 1
493 209 2
676 209 1
677 209 1
881 209 1
1106 209 1
1160 209 1
507 210 1
815 210 1
307 211 1
1283 211 1
1284 211 1
18 212 1
1211 212 1
131 213 1
199 213 1
227 213 1
816 213 1
1048 213 1
327 214 1
91 215 1
177 215 1
936 215 1
937 215 1
89 216 1
101 216 1
206 217 1
695 217 1
73 218 1
195 218 1
591 218 1
670 218 1
671 218 1
672 218 1
673 218 1
1090 219 1
160 220 3
168 220 1
293 220 1
322 220 1
466 220 1
482 220 1
483 220 1
588 220 1
664 220 1
696 220 1
697 220 3
752 220 2
805 220 2
891 220 1
929 220 1
1112 220 1
1116 220 1
1146 220 1
1190 220 1
27 221 1
1058 222 1
180 223 1
224 223 1
262 223 1
303 223 1
223 224 1
303 224 1
106 225 1
142 225 1
277 225 1
627 225 1
1131 225 1
477 226 1
926 226 1
927 226 4
928 226 2
1362 226 1
45 227 2
213 227 1
260 227 1
606 227 2
645 227 2
237 228 1
301 228 1
312 228 1
407 228 1
662 228 1
351 229 1
869 229 1
45 230 2
260 230 1
606 230 2
1072 230 1
1395 231 1
1396 231 1
283 232 1
314 232 1
420 232 2
492 232 1
663 232 1
715 232 1
724 232 1
154 233 1
400 233 1
496 233 1
498 233 4
505 233 1
842 233 1
849 233 1
1206 234 1
678 235 1
679 235 1
265 236 1
148 237 2
228 237 1
301 237 1
312 237 1
407 237 1
662 237 1
264 238 1
1290 238 1
61 239 1
133 239 1
634 239 1
168 240 1
146 241 1
1165 241 1
1486 241 1
1487 241 1
1488 241 1
1128 242 1
1129 242 1
28 243 2
98 243 1
427 243 1
512 243 1
880 243 1
1265 243 1
148 244 1
269 244 1
184 245 1
163 246 2
333 246 2
352 246 1
805 246 1
1254 246 1
1048 247 1
1049 247 1
1050 247 1
553 248 1
395 249 1
620 249 1
1370 250 1
197 251 1
1165 251 1
1167 251 1
1200 251 1
312 252 1
469 252 1
14 253 1
153 253 1
594 253 1
1438 253 1
158 254 1
278 254 1
600 254 1
743 254 1
144 255 1
209 255 1
526 256 1
837 257 1
838 257 1
205 258 1
412 258 1
445 258 1
1393 258 1
1394 258 1
197 259 1
710 259 1
711 259 1
11 260 1
12 260 2
45 260 6
227 260 1
230 260 1
300 260 1
399 260 1
459 260 3
603 260 1
606 260 5
637 260 1
645 260 1
1072 260 1
1230 260 1
897 261 1
898 261 1
899 261 1
180 262 1
223 262 1
1188 263 1
1189 263 1
238 264 1
1290 264 1
236 265 1
174 266 1
1227 266 1
1228 266 1
1229 266 1
565 267 1
633 267 1
634 267 1
635 267 1
1264 268 1
148 269 1
244 269 1
29 270 1
30 270 1
562 270 1
192 271 1
870 271 1
871 271 1
293 272 1
477 272 1
515 272 1
827 272 1
907 272 1
915 272 1
916 272 1
107 273 1
551 273 1
1462 273 1
741 274 1
148 275 3
276 275 4
1365 275 1
148 276 3
275 276 4
1365 276 1
106 277 1
142 277 1
225 277 1
627 277 1
1131 277 1
158 278 1
254 278 1
600 278 1
743 278 1
440 279 2
836 279 1
281 280 2
282 280 1
782 280 1
280 281 2
282 281 1
782 281 1
280 282 1
281 282 1
232 283 1
492 283 1
93 284 2
138 284 3
1418 284 3
1419 284 3
1422 284 2
1423 284 2
291 285 1
1410 285 1
431 286 1
432 286 1
169 287 1
350 287 1
792 287 1
618 288 1
1262 288 1
1263 288 1
857 289 1
126 290 1
629 290 1
1463 290 1
285 291 1
1410 291 1
137 292 1
449 292 1
165 293 1
220 293 1
272 293 1
322 293 1
477 293 1
482 293 1
483 293 2
484 293 2
501 293 1
515 293 1
577 293 5
588 293 2
621 293 1
654 293 3
655 293 1
656 293 1
664 293 1
693 293 1
696 293 1
697 293 1
721 293 1
760 293 1
761 293 1
827 293 1
907 293 1
915 293 1
916 293 1
1022 293 1
1108 293 1
301 294 1
611 295 1
80 296 1
85 297 1
873 297 1
892 297 1
893 297 1
894 297 1
895 297 1
476 298 1
1444 298 1
1445 298 1
1127 299 1
45 300 1
260 300 1
459 300 1
637 300 1
166 301 1
178 301 3
228 301 1
237 301 1
294 301 1
302 301 1
312 301 5
406 301 2
407 301 3
662 301 1
1155 301 1
1156 301 1
1157 301 1
1158 301 1
1375 301 1
301 302 1
223 303 1
224 303 1
192 304 1
350 304 1
1077 304 1
35 305 1
141 305 1
306 305 1
307 305 3
316 305 2
317 305 1
491 305 1
625 305 1
1099 305 1
1186 305 1
305 306 1
307 306 2
463 306 1
529 306 1
1039 306 1
1212 306 1
69 307 1
102 307 1
211 307 1
305 307 3
306 307 2
443 307 1
463 307 1
1099 307 1
1212 307 1
1283 307 1
1284 307 3
1351 307 1
1498 307 1
309 308 1
1250 308 1
308 309 1
1250 309 1
66 310 1
123 310 1
144 310 1
202 310 1
209 310 1
311 310 1
676 310 1
677 310 1
66 311 1
123 311 1
144 311 1
202 311 1
209 311 1
310 311 1
676 311 1
677 311 1
932 311 1
24 312 1
46 312 1
74 312 1
187 312 1
228 312 1
237 312 1
252 312 1
301 312 5
379 312 1
407 312 1
469 312 2
538 312 1
609 312 1
662 312 2
780 312 1
940 312 1
941 312 1
942 312 1
1155 312 1
1156 312 1
1157 312 1
1158 312 1
355 313 1
841 313 1
232 314 1
420 314 1
715 314 1
554 315 1
35 316 1
305 316 2
317 316 1
491 316 1
625 316 1
1186 316 1
35 317 1
305 317 1
316 317 1
491 317 1
625 317 1
80 318 1
883 318 1
884 318 1
145 319 1
321 319 1
1317 319 1
124 320 1
321 320 1
1434 320 1
1435 320 1
1474 320 1
1475 320 1
145 321 1
319 321 1
320 321 1
499 321 1
1317 321 1
1474 321 1
1475 321 1
220 322 1
293 322 1
329 322 1
577 322 2
612 322 1
693 322 2
696 322 1
697 322 1
699 322 1
1190 322 1
1468 322 1
63 323 1
181 323 1
477 323 1
1277 324 1
575 325 1
680 325 1
1216 325 1
1217 325 1
16 326 1
21 326 1
39 326 1
51 326 1
214 327 1
488 328 1
322 329 1
699 329 1
384 330 1
1223 330 2
1282 330 1
563 331 1
819 331 1
820 331 1
1152 332 1
1153 332 1
163 333 2
246 333 2
352 333 1
805 333 1
1254 333 1
20 334 1
573 334 1
26 335 2
188 335 1
336 335 1
1338 335 1
1339 335 1
26 336 1
188 336 1
335 336 1
728 337 1
1010 337 1
1125 337 1
1126 337 1
572 338 1
573 338 1
1214 338 1
45 339 1
645 339 1
989 339 1
990 339 1
90 340 1
133 340 2
362 340 1
547 340 1
974 340 1
975 340 1
396 341 1
397 341 2
545 341 1
631 341 1
686 341 1
779 342 1
148 343 1
1231 344 1
1232 344 1
808 345 3
809 345 1
810 345 2
811 345 1
347 346 1
1051 346 1
1052 346 1
1053 346 1
1054 346 1
1055 346 1
1056 346 1
346 347 1
1051 347 1
1052 347 1
1053 347 1
1054 347 1
1055 347 1
1056 347 1
93 348 1
1363 348 1
1473 348 1
586 349 1
587 349 1
169 350 1
192 350 1
287 350 1
304 350 1
792 350 1
1077 350 1
229 351 1
163 352 1
246 352 1
333 352 1
805 352 1
1254 352 1
1109 353 1
1110 353 1
455 354 1
1242 354 1
313 355 1
841 355 1
15 356 1
38 356 1
1289 356 1
437 357 1
1251 357 1
68 358 1
111 358 1
796 358 1
797 358 1
798 358 1
104 359 1
548 359 2
1084 359 1
1085 359 1
1086 359 1
692 360 1
530 361 1
983 361 1
984 361 1
77 362 1
90 362 1
133 362 2
340 362 1
1075 362 1
1011 363 1
1416 364 1
1417 364 1
448 365 1
544 365 1
598 365 1
536 366 1
204 367 2
555 367 2
556 367 2
977 368 1
176 369 1
1392 369 1
1033 370 1
616 371 1
886 371 1
887 371 1
1081 371 1
140 372 1
687 372 1
688 372 1
689 372 1
690 372 1
691 372 1
443 373 1
1478 373 1
1479 373 1
580 374 1
920 374 1
398 375 1
624 375 1
630 375 1
473 376 1
1257 376 1
1456 376 1
383 377 1
1318 378 1
74 379 1
312 379 1
93 380 1
136 380 1
392 380 3
402 380 2
408 380 1
425 380 1
649 380 1
755 380 1
900 380 1
904 380 1
1151 380 2
1389 380 1
1390 380 1
1391 380 1
1489 380 1
1490 380 1
1491 380 1
1492 380 1
1493 380 1
93 381 1
408 381 1
860 381 1
1465 382 1
377 383 1
161 384 1
330 384 1
387 384 1
1223 384 1
1282 384 1
1306 384 1
1307 384 1
646 385 2
1306 385 2
1385 385 2
97 386 1
148 386 1
1365 386 1
1366 386 1
161 387 1
384 387 1
388 387 1
1306 387 1
1307 387 1
387 388 1
1094 388 1
1095 388 1
390 389 1
394 389 1
395 389 1
396 389 1
397 389 1
389 390 1
391 390 1
394 390 2
395 390 1
396 390 2
397 390 2
1397 390 1
390 391 1
394 391 1
396 391 1
397 391 1
1397 391 1
380 392 3
408 392 1
649 392 1
900 392 1
1080 392 1
1407 392 1
1408 392 1
478 393 1
1381 393 1
389 394 1
390 394 2
391 394 1
395 394 1
396 394 2
397 394 2
1397 394 1
249 395 1
389 395 1
390 395 1
394 395 1
396 395 1
397 395 1
620 395 1
341 396 1
389 396 1
390 396 2
391 396 1
394 396 2
395 396 1
397 396 3
631 396 1
1397 396 1
341 397 2
389 397 1
390 397 2
391 397 1
394 397 2
395 397 1
396 397 3
545 397 1
631 397 1
686 397 1
1397 397 1
375 398 1
624 398 1
630 398 1
45 399 1
260 399 1
459 399 1
606 399 1
154 400 2
233 400 1
498 400 3
1483 400 1
1484 400 1
189 401 1
413 401 1
435 401 1
442 401 2
443 401 1
444 401 2
481 401 2
619 401 1
652 401 1
740 401 1
1450 401 1
1464 401 1
65 402 1
93 402 1
380 402 2
904 402 1
1161 402 1
1301 402 1
1431 402 1
436 403 2
834 403 1
474 404 1
77 405 5
133 405 1
518 405 1
573 405 1
614 405 2
638 405 1
1453 405 1
301 406 2
166 407 1
178 407 1
228 407 1
237 407 1
301 407 3
312 407 1
662 407 1
1377 407 1
93 408 1
380 408 1
381 408 1
392 408 1
860 408 1
170 409 1
186 409 1
1005 409 1
1006 409 1
1007 409 1
205 410 1
411 410 1
205 411 1
410 411 1
205 412 2
258 412 1
401 413 1
1448 413 1
1449 413 1
1450 413 1
19 414 1
522 414 1
1388 414 1
1472 414 1
416 415 1
489 415 1
415 416 1
489 416 1
519 416 1
847 416 1
848 416 1
441 417 1
703 417 1
704 417 1
127 418 1
1185 418 1
905 419 1
906 419 2
1135 419 1
58 420 1
232 420 2
314 420 1
421 420 7
422 420 1
457 420 1
480 420 1
517 420 1
539 420 1
614 420 1
714 420 1
715 420 1
716 420 1
717 420 1
718 420 1
719 420 1
722 420 1
724 420 1
1021 420 1
1172 420 1
1325 420 1
58 421 1
420 421 7
614 421 1
716 421 1
717 421 1
718 421 1
719 421 1
722 421 1
1325 421 1
420 422 1
517 422 1
714 422 1
108 423 1
1239 423 1
1240 423 1
1241 423 1
83 424 1
1107 424 1
380 425 1
1389 425 1
1390 425 1
1391 425 1
444 426 2
613 426 1
1255 426 1
28 427 1
243 427 1
208 428 1
533 428 3
534 428 2
1171 428 1
1248 429 1
766 430 1
767 430 1
286 431 1
432 431 2
1259 431 1
286 432 1
431 432 2
433 432 1
694 432 1
1259 432 1
432 433 1
694 433 1
438 434 1
496 434 1
502 434 1
189 435 1
401 435 1
403 436 2
750 436 1
751 436 1
834 436 1
357 437 1
1251 437 1
1376 437 1
158 438 1
434 438 1
496 438 2
502 438 1
743 438 1
1314 438 1
172 439 1
1003 439 1
279 440 2
446 440 1
836 440 1
417 441 1
703 441 1
704 441 1
401 442 2
102 443 1
307 443 1
373 443 1
401 443 1
619 443 1
651 443 1
652 443 1
1284 443 1
1294 443 1
1478 443 1
1479 443 1
401 444 2
426 444 2
481 444 2
740 444 1
258 445 1
440 446 1
43 447 1
47 447 1
179 447 3
644 447 2
802 447 1
803 447 2
804 447 2
805 447 2
1340 447 3
365 448 1
544 448 1
598 448 1
137 449 1
292 449 1
770 449 1
771 449 1
1038 449 1
1210 450 1
550 451 1
720 451 1
721 451 1
199 452 1
454 453 1
453 454 1
132 455 1
354 455 1
542 455 2
561 455 1
674 455 1
675 455 2
1242 455 1
1243 455 1
1244 455 1
1245 455 1
1246 455 1
145 456 1
420 457 1
480 457 1
777 458 2
12 459 1
45 459 3
260 459 3
300 459 1
399 459 1
606 459 2
637 459 1
668 460 1
669 460 1
503 461 1
508 461 1
463 462 1
520 462 3
529 462 3
532 462 1
658 462 2
306 463 1
307 463 1
462 463 1
520 463 2
529 463 1
532 463 1
658 463 1
1212 463 1
1428 463 1
1429 463 1
1430 463 1
1480 463 1
558 464 1
1235 464 1
527 465 1
528 465 1
562 465 1
605 465 1
1494 465 1
32 466 2
129 466 1
158 466 2
168 466 1
220 466 1
600 466 1
665 466 2
793 466 2
1116 466 1
1145 466 1
1154 466 1
1272 466 1
1313 466 2
1326 466 1
1409 466 1
164 467 1
1436 467 1
1454 467 1
1455 467 1
1495 467 1
8 468 1
781 468 1
252 469 1
312 469 2
553 469 1
780 469 1
31 470 1
472 471 1
1319 471 1
1320 471 1
1321 471 1
471 472 1
1319 472 1
1320 472 1
1321 472 1
376 473 1
636 473 1
1257 473 2
1456 473 1
404 474 1
576 474 1
772 474 1
773 474 1
774 474 1
775 474 1
524 475 1
298 476 1
1444 476 1
1445 476 1
63 477 1
77 477 2
84 477 2
181 477 1
203 477 3
226 477 1
272 477 1
293 477 1
323 477 1
515 477 2
572 477 1
573 477 1
614 477 2
615 477 1
664 477 2
826 477 3
827 477 5
828 477 4
907 477 2
908 477 1
909 477 1
914 477 1
915 477 1
916 477 1
918 477 1
927 477 1
1074 477 2
1399 477 1
1460 477 1
1461 477 1
393 478 1
539 478 1
568 478 1
1381 478 1
120 479 1
562 479 1
420 480 1
457 480 1
401 481 2
444 481 2
740 481 1
220 482 1
293 482 1
483 482 1
588 482 1
664 482 1
220 483 1
293 483 2
482 483 1
588 483 2
664 483 1
1108 483 1
77 484 2
293 484 2
614 484 1
621 484 4
638 484 1
654 484 6
655 484 1
656 484 2
657 484 1
698 484 1
700 484 1
708 484 1
55 485 1
486 485 1
787 485 1
788 485 1
789 485 1
790 485 1
55 486 1
485 486 1
787 486 1
788 486 1
789 486 1
790 486 1
874 486 1
875 486 1
876 486 1
877 486 1
878 486 1
7 487 1
1373 487 2
1374 487 2
328 488 1
415 489 1
416 489 1
981 490 1
35 491 1
305 491 1
316 491 1
317 491 1
625 491 1
232 492 1
283 492 1
659 492 1
660 492 1
661 492 5
709 492 1
744 492 1
745 492 2
209 493 2
881 493 1
1226 494 1
1164 495 1
158 496 1
233 496 1
434 496 1
438 496 2
498 496 1
502 496 1
743 496 1
1314 496 1
149 497 1
1142 497 1
1143 497 1
1144 497 1
154 498 2
233 498 4
400 498 3
496 498 1
505 498 1
639 498 1
842 498 1
849 498 1
1483 498 1
1484 498 1
115 499 2
188 499 4
321 499 1
607 499 1
646 499 1
647 499 5
650 499 2
1285 499 1
1286 499 1
1298 499 1
1299 499 3
1300 499 3
1317 499 1
1415 499 2
1470 499 1
1471 499 1
1485 499 1
50 500 1
617 500 1
293 501 1
434 502 1
438 502 1
496 502 1
461 503 1
508 503 1
505 504 1
233 505 1
498 505 1
504 505 1
849 505 1
23 506 1
210 507 1
815 507 1
461 508 1
503 508 1
194 509 1
1268 510 1
587 511 1
985 511 1
986 511 1
243 512 1
1265 512 2
3 513 1
546 513 4
569 513 3
1402 513 1
1403 513 1
1404 513 1
92 514 1
1014 514 1
272 515 1
293 515 1
477 515 2
826 515 1
827 515 2
828 515 1
907 515 2
908 515 1
909 515 1
915 515 1
916 515 1
858 516 1
859 516 1
143 517 2
200 517 2
201 517 2
420 517 1
422 517 1
714 517 1
872 517 2
32 518 2
77 518 2
405 518 1
600 518 1
614 518 1
621 518 1
622 518 1
925 518 1
416 519 1
520 519 1
847 519 1
848 519 2
1036 519 1
1173 519 1
1174 519 1
1175 519 1
1176 519 1
462 520 3
463 520 2
519 520 1
529 520 3
532 520 2
658 520 3
848 520 1
1036 520 1
1173 520 1
1174 520 1
1175 520 1
1176 520 1
1352 520 1
1353 520 1
1354 520 1
1355 520 1
1356 520 1
1480 520 1
198 521 1
882 521 1
19 522 1
414 522 1
1472 522 1
1122 523 1
475 524 1
608 525 1
256 526 1
465 527 1
562 527 1
1494 527 1
465 528 1
605 528 1
10 529 1
61 529 1
133 529 1
306 529 1
462 529 3
463 529 1
520 529 3
532 529 1
607 529 2
658 529 2
924 529 1
976 529 2
991 529 1
994 529 1
995 529 1
996 529 1
997 529 1
1039 529 1
1168 529 2
1204 529 2
361 530 1
983 530 3
984 530 1
1347 530 1
53 531 1
54 531 1
1469 531 1
462 532 1
463 532 1
520 532 2
529 532 1
658 532 2
1025 532 1
1026 532 1
1027 532 1
1028 532 1
1029 532 1
1030 532 1
1031 532 1
1032 532 1
1034 532 1
1329 532 1
1330 532 1
1331 532 1
1332 532 1
1333 532 1
1334 532 1
1352 532 1
1353 532 1
1354 532 1
1355 532 1
1356 532 1
428 533 3
534 533 2
1171 533 1
428 534 2
533 534 2
1171 534 1
1192 535 1
1193 535 1
366 536 1
1114 537 2
312 538 1
420 539 1
478 539 1
568 539 3
1004 539 1
1021 539 1
1172 539 1
572 540 2
614 540 1
621 540 1
13 541 1
602 541 1
1466 541 1
455 542 2
1243 542 1
1078 543 2
1079 543 2
365 544 1
448 544 1
598 544 1
341 545 1
397 545 1
686 545 1
3 546 1
513 546 4
551 546 3
569 546 3
1402 546 1
1403 546 1
1404 546 1
133 547 2
340 547 1
974 547 1
975 547 1
1083 547 1
359 548 2
829 549 1
830 549 1
831 549 1
832 549 1
451 550 1
107 551 1
273 551 1
546 551 3
552 551 1
1087 551 2
1088 551 1
1089 551 1
1462 551 1
1497 551 1
551 552 1
1088 552 1
1089 552 1
59 553 2
248 553 1
469 553 1
982 553 1
1008 553 1
1009 553 1
1010 553 1
315 554 1
204 555 3
367 555 2
556 555 3
204 556 3
367 556 2
555 556 3
1361 557 2
464 558 1
1235 558 1
910 559 1
1132 560 1
132 561 1
455 561 1
1244 561 1
1245 561 1
1246 561 1
29 562 1
30 562 1
270 562 1
465 562 1
479 562 1
527 562 1
1494 562 1
331 563 1
805 563 2
819 563 1
820 563 1
823 563 2
1387 564 1
267 565 1
633 565 1
634 565 1
635 565 1
567 566 1
570 566 1
1148 566 1
566 567 1
570 567 1
1148 567 1
478 568 1
539 568 3
1004 568 1
3 569 1
513 569 3
546 569 3
566 570 1
567 570 1
1148 570 1
1201 571 1
203 572 1
338 572 1
477 572 1
540 572 2
573 572 4
614 572 1
615 572 1
621 572 1
1214 572 1
20 573 1
62 573 1
77 573 7
133 573 5
203 573 1
334 573 1
338 573 1
405 573 1
477 573 1
572 573 4
585 573 4
615 573 2
712 573 1
713 573 1
776 573 1
987 573 1
988 573 1
1213 573 3
1214 573 1
1121 574 1
1476 574 1
1477 574 1
325 575 1
474 576 1
773 576 1
774 576 1
775 576 1
293 577 5
322 577 2
693 577 2
696 577 1
697 577 1
761 577 1
921 578 1
922 578 1
923 578 1
93 579 1
1363 579 1
374 580 1
920 580 1
151 581 2
634 581 1
879 581 2
114 582 1
1182 583 1
64 584 1
1287 584 1
77 585 5
133 585 4
573 585 4
712 585 1
713 585 1
987 585 1
988 585 1
349 586 1
587 586 1
349 587 1
511 587 1
586 587 1
985 587 1
986 587 1
220 588 1
293 588 2
482 588 1
483 588 2
664 588 2
835 588 1
896 588 1
903 588 1
1108 588 1
785 589 1
786 589 1
634 590 1
885 590 1
73 591 1
195 591 1
218 591 1
670 591 1
671 591 1
672 591 1
673 591 1
207 592 1
593 592 1
767 592 1
207 593 1
592 593 1
767 593 1
14 594 1
153 594 2
253 594 1
595 594 1
1438 594 1
153 595 2
594 595 1
1414 595 1
92 596 2
1249 596 1
1187 597 1
365 598 1
448 598 1
544 598 1
32 599 1
600 599 1
1272 599 1
1273 599 1
32 600 4
158 600 1
254 600 1
278 600 1
466 600 1
518 600 1
599 600 1
621 600 1
743 600 1
1272 600 2
1273 600 1
1326 600 1
5 601 3
13 602 2
52 602 1
76 602 2
99 602 2
541 602 1
1323 602 1
1324 602 1
1466 602 1
11 603 1
260 603 1
1230 603 1
1035 604 1
465 605 1
528 605 1
12 606 2
45 606 8
227 606 2
230 606 2
260 606 5
399 606 1
459 606 2
645 606 2
989 606 1
1072 606 1
1357 606 1
1358 606 1
1359 606 1
10 607 3
499 607 1
529 607 2
976 607 1
991 607 1
994 607 1
995 607 1
996 607 1
997 607 1
1288 607 1
1470 607 1
1471 607 1
525 608 1
658 608 1
1057 608 1
1059 608 1
1130 608 1
312 609 1
128 610 1
295 611 1
322 612 1
613 612 1
631 612 1
1291 612 1
1468 612 1
426 613 1
612 613 1
1255 613 1
77 614 9
133 614 2
192 614 1
405 614 2
420 614 1
421 614 1
477 614 2
484 614 1
518 614 1
540 614 1
572 614 1
621 614 2
622 614 1
638 614 2
700 614 2
708 614 2
709 614 1
722 614 1
739 614 1
1064 614 1
1068 614 1
1096 614 1
1163 614 1
1292 614 1
1399 614 1
1405 614 1
1406 614 1
203 615 1
477 615 1
572 615 1
573 615 2
371 616 1
886 616 1
887 616 1
50 617 1
500 617 1
288 618 1
640 618 1
641 618 1
642 618 1
643 618 1
1262 618 1
1263 618 1
401 619 1
443 619 1
249 620 1
395 620 1
32 621 1
77 621 2
157 621 1
293 621 1
484 621 4
518 621 1
540 621 1
572 621 1
600 621 1
614 621 2
622 621 5
623 621 5
654 621 4
657 621 1
700 621 1
708 621 2
737 621 1
738 621 1
739 621 3
1065 621 3
1066 621 2
1067 621 1
1068 621 1
1278 621 4
1279 621 1
1280 621 1
1292 621 1
1297 621 1
1310 621 1
1341 621 1
1342 621 1
1360 621 2
1400 621 1
1437 621 1
32 622 1
77 622 1
518 622 1
614 622 1
621 622 5
623 622 2
1065 622 1
1292 622 1
1297 622 1
1310 622 1
157 623 1
621 623 5
622 623 2
1065 623 3
1278 623 2
1341 623 1
1342 623 1
1360 623 1
1437 623 1
375 624 1
398 624 1
630 624 1
35 625 1
305 625 1
316 625 1
317 625 1
491 625 1
1433 626 1
106 627 1
142 627 1
225 627 1
277 627 1
1131 627 1
732 628 2
1159 628 1
126 629 2
290 629 1
1380 629 1
1463 629 1
375 630 1
398 630 1
624 630 1
341 631 1
396 631 1
397 631 1
612 631 1
1291 631 2
1382 631 1
1383 631 1
1260 632 1
1261 632 1
267 633 1
565 633 1
634 633 1
635 633 1
61 634 1
133 634 1
239 634 1
267 634 1
565 634 1
581 634 1
590 634 1
633 634 1
635 634 1
885 634 1
267 635 1
565 635 1
633 635 1
634 635 1
473 636 1
1257 636 1
45 637 1
260 637 1
300 637 1
459 637 1
77 638 1
405 638 1
484 638 1
614 638 2
498 639 1
618 640 1
641 640 1
642 640 1
643 640 1
618 641 1
640 641 1
642 641 1
643 641 1
618 642 1
640 642 1
641 642 1
643 642 1
618 643 1
640 643 1
641 643 1
642 643 1
179 644 2
447 644 2
1340 644 2
45 645 3
227 645 2
260 645 1
339 645 1
606 645 2
989 645 1
990 645 1
385 646 2
499 646 1
1306 646 2
1385 646 2
1485 646 1
499 647 5
650 647 1
1285 647 1
1286 647 1
1298 647 1
1299 647 3
1300 647 3
1415 647 1
32 648 1
162 648 1
1467 648 1
380 649 1
392 649 1
900 649 1
499 650 2
647 650 1
1285 650 1
1286 650 1
443 651 1
652 651 1
401 652 1
443 652 1
651 652 1
1464 652 1
109 653 2
196 653 2
1378 653 2
1379 653 2
77 654 1
293 654 3
484 654 6
621 654 4
655 654 1
656 654 2
657 654 1
698 654 1
700 654 1
708 654 2
839 654 1
293 655 1
484 655 1
654 655 1
77 656 1
293 656 1
484 656 2
654 656 2
657 656 1
661 656 1
700 656 1
484 657 1
621 657 1
654 657 1
656 657 1
708 657 4
839 657 1
1060 657 2
1061 657 1
1062 657 1
1063 657 1
1066 657 1
1215 657 2
1432 657 1
462 658 2
463 658 1
520 658 3
529 658 2
532 658 2
608 658 1
1057 658 1
1059 658 1
1352 658 1
1353 658 1
1354 658 1
1355 658 1
1356 658 1
492 659 1
660 659 1
661 659 1
492 660 1
659 660 1
661 660 1
492 661 5
656 661 1
659 661 1
660 661 1
709 661 1
744 661 3
745 661 7
746 661 4
747 661 2
748 661 1
228 662 1
237 662 1
301 662 1
312 662 2
407 662 1
232 663 1
84 664 2
220 664 1
293 664 1
477 664 2
482 664 1
483 664 1
588 664 2
896 664 2
1074 664 1
1460 664 1
1461 664 1
129 665 1
152 665 1
158 665 5
167 665 1
466 665 2
666 665 1
667 665 1
743 665 3
806 665 1
807 665 1
1313 665 2
1409 665 1
158 666 1
167 666 1
665 666 1
667 666 1
158 667 1
167 667 1
665 667 1
666 667 1
460 668 1
669 668 1
460 669 1
668 669 1
73 670 1
195 670 1
218 670 1
591 670 1
671 670 1
672 670 1
673 670 1
73 671 1
195 671 1
218 671 1
591 671 1
670 671 1
672 671 1
673 671 1
73 672 1
195 672 1
218 672 1
591 672 1
670 672 1
671 672 1
673 672 1
73 673 1
195 673 1
218 673 1
591 673 1
670 673 1
671 673 1
672 673 1
455 674 1
675 674 1
455 675 2
674 675 1
66 676 1
123 676 1
144 676 1
202 676 1
209 676 1
310 676 1
311 676 1
677 676 1
66 677 1
123 677 1
144 677 1
202 677 1
209 677 1
310 677 1
311 677 1
676 677 1
235 678 1
679 678 1
235 679 1
678 679 1
325 680 1
203 681 1
682 681 1
683 681 1
203 682 1
681 682 1
683 682 1
203 683 1
681 683 1
682 683 1
685 684 1
684 685 1
341 686 1
397 686 1
545 686 1
140 687 1
372 687 1
688 687 1
689 687 1
690 687 1
691 687 1
140 688 1
372 688 1
687 688 1
689 688 1
690 688 1
691 688 1
140 689 1
372 689 1
687 689 1
688 689 1
690 689 1
691 689 1
140 690 1
372 690 1
687 690 1
688 690 1
689 690 1
691 690 1
140 691 1
372 691 1
687 691 1
688 691 1
689 691 1
690 691 1
360 692 1
293 693 1
322 693 2
577 693 2
696 693 1
697 693 1
432 694 1
433 694 1
206 695 1
217 695 1
220 696 1
293 696 1
322 696 1
577 696 1
693 696 1
697 696 1
160 697 3
220 697 3
293 697 1
322 697 1
577 697 1
693 697 1
696 697 1
752 697 2
484 698 1
654 698 1
322 699 1
329 699 1
77 700 4
133 700 1
484 700 1
614 700 2
621 700 1
654 700 1
656 700 1
708 700 1
709 700 1
60 701 1
77 701 1
133 701 1
702 701 1
60 702 1
112 702 1
701 702 1
1162 702 1
417 703 1
441 703 1
704 703 1
417 704 1
441 704 1
703 704 1
44 705 1
706 705 1
44 706 1
705 706 1
23 707 1
77 708 1
484 708 1
614 708 2
621 708 2
654 708 2
657 708 4
700 708 1
709 708 1
1060 708 2
1061 708 1
1062 708 1
1063 708 1
1064 708 1
1215 708 1
1398 708 1
77 709 1
492 709 1
614 709 1
661 709 1
700 709 1
708 709 1
744 709 1
745 709 1
197 710 2
259 710 1
711 710 1
1322 710 1
197 711 1
259 711 1
710 711 1
77 712 1
133 712 1
573 712 1
585 712 1
713 712 1
77 713 1
133 713 1
573 713 1
585 713 1
712 713 1
420 714 1
422 714 1
517 714 1
232 715 1
314 715 1
420 715 1
420 716 1
421 716 1
420 717 1
421 717 1
420 718 1
421 718 1
420 719 1
421 719 1
451 720 1
721 720 1
165 721 1
293 721 1
451 721 1
720 721 1
760 721 1
1069 721 1
1070 721 1
1071 721 1
1247 721 1
1289 721 1
1348 721 1
1349 721 1
1350 721 1
420 722 1
421 722 1
614 722 1
163 723 1
725 723 1
232 724 1
420 724 1
163 725 1
723 725 1
727 726 1
728 726 1
729 726 1
726 727 1
728 727 1
729 727 1
337 728 1
726 728 1
727 728 1
729 728 1
1009 728 2
1010 728 1
1125 728 1
1126 728 1
726 729 1
727 729 1
728 729 1
731 730 1
732 730 1
730 731 1
732 731 2
933 731 1
934 731 1
935 731 1
628 732 2
730 732 1
731 732 2
933 732 1
934 732 1
935 732 1
1159 732 1
734 733 1
735 733 1
736 733 1
733 734 1
735 734 1
736 734 1
733 735 1
734 735 1
736 735 1
733 736 1
734 736 1
735 736 1
621 737 1
738 737 1
739 737 1
621 738 1
737 738 1
739 738 1
614 739 1
621 739 3
737 739 1
738 739 1
1066 739 1
1067 739 1
1068 739 1
401 740 1
444 740 1
481 740 1
274 741 1
743 742 1
152 743 1
158 743 6
254 743 1
278 743 1
438 743 1
496 743 1
600 743 1
665 743 3
742 743 1
806 743 1
807 743 1
812 743 1
1314 743 2
492 744 1
661 744 3
709 744 1
745 744 3
746 744 1
748 744 1
492 745 2
661 745 7
709 745 1
744 745 3
746 745 4
747 745 2
748 745 1
661 746 4
744 746 1
745 746 4
747 746 2
661 747 2
745 747 2
746 747 2
661 748 1
744 748 1
745 748 1
102 749 2
436 750 1
751 750 1
436 751 1
750 751 1
160 752 2
220 752 2
697 752 2
754 753 1
753 754 1
136 755 1
380 755 1
1489 755 1
1490 755 1
1491 755 1
1492 755 1
1493 755 1
171 756 1
165 757 1
758 757 1
759 757 1
760 757 1
165 758 1
757 758 1
759 758 1
760 758 1
165 759 1
757 759 1
758 759 1
760 759 1
165 760 2
293 760 1
721 760 1
757 760 1
758 760 1
759 760 1
293 761 1
577 761 1
182 762 1
763 762 1
764 762 1
765 762 1
182 763 1
762 763 1
764 763 1
765 763 1
182 764 1
762 764 1
763 764 1
765 764 1
182 765 1
762 765 1
763 765 1
764 765 1
430 766 1
767 766 1
207 767 1
430 767 1
592 767 1
593 767 1
766 767 1
769 768 1
768 769 1
137 770 1
449 770 1
771 770 1
1327 770 1
1328 770 1
449 771 1
770 771 1
474 772 1
474 773 1
576 773 1
774 773 1
775 773 1
474 774 1
576 774 1
773 774 1
775 774 1
474 775 1
576 775 1
773 775 1
774 775 1
77 776 1
573 776 1
458 777 2
188 778 1
779 778 1
188 779 1
342 779 1
778 779 1
1482 779 1
312 780 1
469 780 1
8 781 1
468 781 1
280 782 1
281 782 1
784 783 1
783 784 1
589 785 1
786 785 1
589 786 1
785 786 1
1036 786 1
1222 786 1
55 787 1
485 787 1
486 787 1
788 787 1
789 787 1
790 787 1
55 788 1
485 788 1
486 788 1
787 788 1
789 788 1
790 788 1
55 789 1
485 789 1
486 789 1
787 789 1
788 789 1
790 789 1
55 790 1
485 790 1
486 790 1
787 790 1
788 790 1
789 790 1
188 791 1
169 792 1
287 792 1
350 792 1
466 793 2
168 794 1
78 795 1
68 796 1
111 796 1
358 796 1
797 796 1
798 796 1
68 797 1
111 797 1
358 797 1
796 797 1
798 797 1
68 798 1
111 798 1
358 798 1
796 798 1
797 798 1
79 799 1
800 799 1
801 799 1
79 800 1
799 800 1
801 800 1
79 801 1
799 801 1
800 801 1
447 802 1
803 802 1
804 802 1
805 802 1
447 803 2
802 803 1
804 803 3
805 803 2
447 804 2
802 804 1
803 804 3
805 804 2
71 805 1
163 805 2
220 805 2
246 805 1
333 805 1
352 805 1
447 805 2
563 805 2
802 805 1
803 805 2
804 805 2
823 805 2
1254 805 1
665 806 1
743 806 1
807 806 1
665 807 1
743 807 1
806 807 1
345 808 3
809 808 1
810 808 2
811 808 1
345 809 1
808 809 1
810 809 1
345 810 2
808 810 2
809 810 1
345 811 1
808 811 1
158 812 1
743 812 1
814 813 1
813 814 1
210 815 1
507 815 1
213 816 1
818 817 1
817 818 1
331 819 1
563 819 1
820 819 1
331 820 1
563 820 1
819 820 1
822 821 1
821 822 1
563 823 2
805 823 2
825 824 1
824 825 1
477 826 3
515 826 1
827 826 3
828 826 3
907 826 1
908 826 1
909 826 1
914 826 1
272 827 1
293 827 1
477 827 5
515 827 2
826 827 3
828 827 3
907 827 2
908 827 1
909 827 1
914 827 1
915 827 1
916 827 1
1074 827 1
477 828 4
515 828 1
826 828 3
827 828 3
907 828 1
908 828 1
909 828 1
914 828 1
918 828 1
549 829 1
830 829 1
831 829 1
832 829 1
549 830 1
829 830 1
831 830 1
832 830 1
549 831 1
829 831 1
830 831 1
832 831 1
549 832 1
829 832 1
830 832 1
831 832 1
103 833 2
1202 833 1
403 834 1
436 834 1
588 835 1
279 836 1
440 836 1
257 837 1
838 837 1
257 838 1
837 838 1
654 839 1
657 839 1
183 840 1
313 841 1
355 841 1
233 842 1
498 842 1
844 843 1
845 843 1
843 844 1
845 844 1
843 845 1
844 845 1
171 846 1
416 847 1
519 847 1
848 847 1
416 848 1
519 848 2
520 848 1
847 848 1
1036 848 1
1173 848 1
1174 848 1
1175 848 1
1176 848 1
233 849 1
498 849 1
505 849 1
851 850 1
852 850 1
853 850 1
854 850 1
850 851 1
852 851 1
853 851 1
854 851 1
850 852 1
851 852 1
853 852 1
854 852 1
850 853 1
851 853 1
852 853 1
854 853 1
850 854 1
851 854 1
852 854 1
853 854 1
100 855 1
856 855 1
100 856 1
855 856 1
289 857 1
910 857 1
1364 857 1
516 858 1
859 858 1
516 859 1
858 859 1
93 860 1
381 860 1
408 860 1
862 861 1
863 861 1
861 862 1
863 862 1
861 863 1
862 863 1
865 864 1
864 865 1
1 866 1
190 866 1
867 866 1
868 866 1
1 867 1
190 867 1
866 867 1
868 867 1
1 868 1
190 868 1
866 868 1
867 868 1
229 869 1
192 870 1
271 870 1
871 870 1
192 871 1
271 871 1
870 871 1
143 872 2
200 872 2
201 872 2
517 872 2
85 873 1
297 873 1
892 873 1
893 873 1
894 873 1
895 873 1
486 874 1
875 874 1
876 874 1
877 874 1
878 874 1
486 875 1
874 875 1
876 875 1
877 875 1
878 875 1
486 876 1
874 876 1
875 876 1
877 876 1
878 876 1
486 877 1
874 877 1
875 877 1
876 877 1
878 877 1
486 878 1
874 878 1
875 878 1
876 878 1
877 878 1
151 879 2
581 879 2
28 880 2
40 880 1
98 880 1
243 880 1
209 881 1
493 881 1
198 882 1
521 882 1
80 883 1
318 883 1
884 883 1
80 884 1
318 884 1
883 884 1
590 885 1
634 885 1
371 886 1
616 886 1
887 886 1
371 887 1
616 887 1
886 887 1
889 888 1
890 888 1
888 889 1
890 889 1
888 890 1
889 890 1
220 891 1
85 892 1
297 892 1
873 892 1
893 892 1
894 892 1
895 892 1
85 893 1
297 893 1
873 893 1
892 893 1
894 893 1
895 893 1
85 894 1
297 894 1
873 894 1
892 894 1
893 894 1
895 894 1
85 895 1
297 895 1
873 895 1
892 895 1
893 895 1
894 895 1
588 896 1
664 896 2
261 897 1
898 897 1
899 897 1
261 898 1
897 898 1
899 898 1
261 899 1
897 899 1
898 899 1
380 900 1
392 900 1
649 900 1
102 901 1
175 902 1
588 903 1
380 904 1
402 904 1
419 905 1
906 905 1
1346 905 1
1481 905 1
419 906 2
905 906 1
1135 906 1
272 907 1
293 907 1
477 907 2
515 907 2
826 907 1
827 907 2
828 907 1
908 907 1
909 907 1
915 907 1
916 907 1
477 908 1
515 908 1
826 908 1
827 908 1
828 908 1
907 908 1
909 908 1
477 909 1
515 909 1
826 909 1
827 909 1
828 909 1
907 909 1
908 909 1
559 910 1
857 910 1
911 910 1
912 910 1
913 910 1
1364 910 1
910 911 1
912 911 1
913 911 1
910 912 1
911 912 1
913 912 1
910 913 1
911 913 1
912 913 1
477 914 1
826 914 1
827 914 1
828 914 1
272 915 1
293 915 1
477 915 1
515 915 1
827 915 1
907 915 1
916 915 1
272 916 1
293 916 1
477 916 1
515 916 1
827 916 1
907 916 1
915 916 1
919 917 1
477 918 1
828 918 1
917 919 1
374 920 1
580 920 1
578 921 1
922 921 1
923 921 1
1295 921 1
1296 921 1
578 922 1
921 922 1
923 922 1
578 923 1
921 923 1
922 923 1
61 924 1
133 924 1
529 924 1
518 925 1
226 926 1
927 926 1
928 926 1
226 927 4
477 927 1
926 927 1
928 927 2
1362 927 1
226 928 2
926 928 1
927 928 2
220 929 1
931 930 1
930 931 1
311 932 1
731 933 1
732 933 1
934 933 1
935 933 2
731 934 1
732 934 1
933 934 1
935 934 1
731 935 1
732 935 1
933 935 2
934 935 1
91 936 1
177 936 1
215 936 1
937 936 1
91 937 1
177 937 1
215 937 1
936 937 1
150 938 1
155 938 1
939 938 1
150 939 1
155 939 1
938 939 1
24 940 1
46 940 1
187 940 1
312 940 1
941 940 1
942 940 1
24 941 1
46 941 1
187 941 1
312 941 1
940 941 1
942 941 1
24 942 1
46 942 1
187 942 1
312 942 1
940 942 1
941 942 1
95 943 1
945 944 1
946 944 1
947 944 1
944 945 1
946 945 1
947 945 1
944 946 1
945 946 1
947 946 1
944 947 1
945 947 1
946 947 1
91 948 1
177 948 1
949 948 1
950 948 1
951 948 1
91 949 1
177 949 1
948 949 1
950 949 1
951 949 1
91 950 1
177 950 1
948 950 1
949 950 1
951 950 1
91 951 1
177 951 1
948 951 1
949 951 1
950 951 1
953 952 1
954 952 1
952 953 1
954 953 1
952 954 1
953 954 1
956 955 1
955 956 1
963 957 1
959 958 1
960 958 1
961 958 1
962 958 1
958 959 1
960 959 1
961 959 1
962 959 1
958 960 1
959 960 1
961 960 1
962 960 1
958 961 1
959 961 1
960 961 1
962 961 1
958 962 1
959 962 1
960 962 1
961 962 1
957 963 1
965 964 1
964 965 1
967 966 1
968 966 1
969 966 1
970 966 1
971 966 1
972 966 1
973 966 1
966 967 1
968 967 1
969 967 1
970 967 1
971 967 1
972 967 1
973 967 1
966 968 1
967 968 1
969 968 1
970 968 1
971 968 1
972 968 1
973 968 1
966 969 1
967 969 1
968 969 1
970 969 1
971 969 1
972 969 1
973 969 1
966 970 1
967 970 1
968 970 1
969 970 1
971 970 1
972 970 1
973 970 1
966 971 1
967 971 1
968 971 1
969 971 1
970 971 1
972 971 1
973 971 1
966 972 1
967 972 1
968 972 1
969 972 1
970 972 1
971 972 1
973 972 1
966 973 1
967 973 1
968 973 1
969 973 1
970 973 1
971 973 1
972 973 1
133 974 1
340 974 1
547 974 1
975 974 1
22 975 1
59 975 1
133 975 1
340 975 1
547 975 1
974 975 1
1008 975 1
1017 975 1
10 976 1
529 976 2
607 976 1
991 976 1
994 976 1
995 976 1
996 976 1
997 976 1
368 977 1
979 978 1
980 978 1
978 979 1
980 979 1
978 980 1
979 980 1
490 981 1
59 982 2
553 982 1
361 983 1
530 983 3
984 983 1
361 984 1
530 984 1
983 984 1
511 985 1
587 985 1
986 985 1
511 986 1
587 986 1
985 986 1
77 987 1
133 987 1
573 987 1
585 987 1
988 987 1
77 988 1
133 988 1
573 988 1
585 988 1
987 988 1
45 989 2
339 989 1
606 989 1
645 989 1
990 989 1
1357 989 1
1358 989 1
1359 989 1
45 990 1
339 990 1
645 990 1
989 990 1
10 991 1
36 991 1
529 991 1
607 991 1
976 991 1
992 991 1
993 991 1
994 991 1
995 991 1
996 991 1
997 991 1
36 992 1
991 992 1
993 992 1
36 993 1
991 993 1
992 993 1
10 994 1
529 994 1
607 994 1
976 994 1
991 994 1
995 994 1
996 994 1
997 994 1
10 995 1
529 995 1
607 995 1
976 995 1
991 995 1
994 995 1
996 995 1
997 995 1
10 996 1
529 996 1
607 996 1
976 996 1
991 996 1
994 996 1
995 996 1
997 996 1
10 997 1
529 997 1
607 997 1
976 997 1
991 997 1
994 997 1
995 997 1
996 997 1
31 998 1
125 999 1
1002 999 1
1001 1000 1
1000 1001 1
999 1002 1
172 1003 1
439 1003 1
539 1004 1
568 1004 1
170 1005 1
186 1005 1
409 1005 1
1006 1005 1
1007 1005 1
170 1006 1
186 1006 1
409 1006 1
1005 1006 1
1007 1006 1
170 1007 1
186 1007 1
409 1007 1
1005 1007 1
1006 1007 1
22 1008 1
59 1008 2
553 1008 1
975 1008 1
1009 1008 1
1010 1008 1
1017 1008 1
59 1009 1
553 1009 1
728 1009 2
1008 1009 1
1010 1009 1
59 1010 1
337 1010 1
553 1010 1
728 1010 1
1008 1010 1
1009 1010 1
1125 1010 1
1126 1010 1
363 1011 1
1013 1012 1
1012 1013 1
92 1014 1
514 1014 1
33 1015 2
1016 1015 1
1315 1015 1
33 1016 4
1015 1016 1
1413 1016 1
22 1017 1
59 1017 3
975 1017 1
1008 1017 1
1018 1017 1
1019 1017 1
59 1018 1
1017 1018 1
1019 1018 1
59 1019 1
1017 1019 1
1018 1019 1
59 1020 2
1021 1020 1
59 1021 1
420 1021 1
539 1021 1
1020 1021 1
1172 1021 1
293 1022 1
110 1023 1
1024 1023 1
110 1024 1
1023 1024 1
532 1025 1
1026 1025 1
532 1026 1
1025 1026 1
532 1027 1
1028 1027 1
1029 1027 1
1030 1027 1
532 1028 1
1027 1028 1
1029 1028 1
1030 1028 1
532 1029 1
1027 1029 1
1028 1029 1
1030 1029 1
532 1030 1
1027 1030 1
1028 1030 1
1029 1030 1
532 1031 1
1032 1031 1
532 1032 1
1031 1032 1
370 1033 1
532 1034 1
604 1035 1
519 1036 1
520 1036 1
786 1036 1
848 1036 1
1037 1036 1
1173 1036 1
1174 1036 1
1175 1036 1
1176 1036 1
1222 1036 1
1036 1037 1
449 1038 1
37 1039 1
306 1039 1
529 1039 1
1040 1039 1
1041 1039 1
1042 1039 1
1043 1039 1
1044 1039 1
1039 1040 1
1041 1040 1
1042 1040 1
1043 1040 1
1044 1040 1
1039 1041 1
1040 1041 1
1042 1041 1
1043 1041 1
1044 1041 1
1039 1042 1
1040 1042 1
1041 1042 1
1043 1042 1
1044 1042 1
1039 1043 1
1040 1043 1
1041 1043 1
1042 1043 1
1044 1043 1
1039 1044 1
1040 1044 1
1041 1044 1
1042 1044 1
1043 1044 1
102 1045 1
86 1046 1
1047 1046 1
86 1047 1
1046 1047 1
131 1048 1
199 1048 1
213 1048 1
247 1048 1
1049 1048 1
1050 1048 1
247 1049 1
1048 1049 1
1050 1049 1
247 1050 1
1048 1050 1
1049 1050 1
346 1051 1
347 1051 1
1052 1051 1
1053 1051 1
1054 1051 1
1055 1051 1
1056 1051 1
346 1052 1
347 1052 1
1051 1052 1
1053 1052 1
1054 1052 1
1055 1052 1
1056 1052 1
346 1053 1
347 1053 1
1051 1053 1
1052 1053 1
1054 1053 1
1055 1053 1
1056 1053 1
346 1054 1
347 1054 1
1051 1054 1
1052 1054 1
1053 1054 1
1055 1054 1
1056 1054 1
346 1055 1
347 1055 1
1051 1055 1
1052 1055 1
1053 1055 1
1054 1055 1
1056 1055 1
346 1056 1
347 1056 1
1051 1056 1
1052 1056 1
1053 1056 1
1054 1056 1
1055 1056 1
608 1057 1
658 1057 1
1059 1057 1
222 1058 1
608 1059 1
658 1059 1
1057 1059 1
1133 1059 1
1134 1059 1
657 1060 2
708 1060 2
1061 1060 1
657 1061 1
708 1061 1
1060 1061 1
657 1062 1
708 1062 1
1063 1062 1
657 1063 1
708 1063 1
1062 1063 1
614 1064 1
708 1064 1
621 1065 3
622 1065 1
623 1065 3
1278 1065 1
1341 1065 1
1342 1065 1
1437 1065 1
621 1066 2
657 1066 1
739 1066 1
1067 1066 1
621 1067 1
739 1067 1
1066 1067 1
614 1068 1
621 1068 1
739 1068 1
721 1069 1
1070 1069 1
1071 1069 1
721 1070 1
1069 1070 1
1071 1070 1
721 1071 1
1069 1071 1
1070 1071 1
45 1072 1
230 1072 1
260 1072 1
606 1072 1
8 1073 1
84 1074 1
477 1074 2
664 1074 1
827 1074 1
77 1075 1
133 1075 1
362 1075 1
33 1076 3
1335 1076 2
192 1077 2
304 1077 1
350 1077 1
543 1078 2
1079 1078 2
543 1079 2
1078 1079 2
392 1080 1
1407 1080 1
1408 1080 1
371 1081 1
42 1082 1
133 1083 1
547 1083 1
359 1084 1
1085 1084 1
359 1085 1
1084 1085 1
104 1086 1
359 1086 1
551 1087 2
551 1088 1
552 1088 1
1089 1088 1
551 1089 1
552 1089 1
1088 1089 1
219 1090 1
1091 1090 1
1092 1090 1
1093 1090 1
1090 1091 1
1092 1091 1
1093 1091 1
1090 1092 1
1091 1092 1
1093 1092 1
1090 1093 1
1091 1093 1
1092 1093 1
388 1094 1
1095 1094 1
388 1095 1
1094 1095 1
77 1096 1
133 1096 1
614 1096 1
133 1097 1
1098 1097 1
133 1098 1
1097 1098 1
305 1099 1
307 1099 1
1101 1100 1
1100 1101 1
1103 1102 1
1102 1103 1
1105 1104 1
1104 1105 1
123 1106 1
209 1106 1
83 1107 1
424 1107 1
293 1108 1
483 1108 1
588 1108 1
353 1109 1
1110 1109 1
353 1110 1
1109 1110 1
8 1111 1
220 1112 1
116 1113 1
119 1113 1
537 1114 2
1116 1115 2
113 1116 1
168 1116 1
220 1116 1
466 1116 1
1115 1116 2
1191 1116 1
1118 1117 1
1119 1117 1
1117 1118 1
1119 1118 1
1117 1119 1
1118 1119 1
49 1120 1
574 1121 1
523 1122 1
126 1123 2
1124 1123 1
126 1124 1
1123 1124 1
337 1125 1
728 1125 1
1010 1125 1
1126 1125 1
337 1126 1
728 1126 1
1010 1126 1
1125 1126 1
299 1127 1
242 1128 1
1129 1128 1
242 1129 1
1128 1129 1
608 1130 1
106 1131 1
142 1131 1
225 1131 1
277 1131 1
627 1131 1
560 1132 1
1059 1133 1
1059 1134 1
419 1135 1
906 1135 1
1137 1136 1
1138 1136 1
1139 1136 1
1136 1137 1
1138 1137 1
1139 1137 1
1136 1138 1
1137 1138 1
1139 1138 1
1136 1139 1
1137 1139 1
1138 1139 1
1141 1140 1
1140 1141 1
149 1142 1
497 1142 1
1143 1142 1
1144 1142 1
149 1143 1
497 1143 1
1142 1143 1
1144 1143 1
149 1144 1
497 1144 1
1142 1144 1
1143 1144 1
466 1145 1
220 1146 1
56 1147 1
566 1148 1
567 1148 1
570 1148 1
1150 1149 1
1149 1150 1
380 1151 2
332 1152 1
1153 1152 1
1411 1152 1
1412 1152 1
332 1153 1
1152 1153 1
32 1154 1
466 1154 1
301 1155 1
312 1155 1
1156 1155 1
301 1156 1
312 1156 1
1155 1156 1
301 1157 1
312 1157 1
1158 1157 1
301 1158 1
312 1158 1
1157 1158 1
628 1159 1
732 1159 1
209 1160 1
402 1161 1
112 1162 1
702 1162 1
77 1163 1
81 1163 1
82 1163 1
192 1163 4
614 1163 1
1164 1163 1
1196 1163 1
81 1164 1
82 1164 1
192 1164 1
495 1164 1
1163 1164 1
146 1165 1
197 1165 2
241 1165 1
251 1165 1
1166 1165 1
1167 1165 2
1200 1165 1
1486 1165 1
1487 1165 1
1488 1165 1
197 1166 1
1165 1166 1
1167 1166 1
197 1167 5
251 1167 1
1165 1167 2
1166 1167 1
1199 1167 1
1200 1167 1
529 1168 2
1316 1168 1
156 1169 2
1170 1169 2
156 1170 2
1169 1170 2
428 1171 1
533 1171 1
534 1171 1
8 1172 1
420 1172 1
539 1172 1
1021 1172 1
519 1173 1
520 1173 1
848 1173 1
1036 1173 1
1174 1173 1
1175 1173 1
1176 1173 1
519 1174 1
520 1174 1
848 1174 1
1036 1174 1
1173 1174 1
1175 1174 1
1176 1174 1
519 1175 1
520 1175 1
848 1175 1
1036 1175 1
1173 1175 1
1174 1175 1
1176 1175 1
519 1176 1
520 1176 1
848 1176 1
1036 1176 1
1173 1176 1
1174 1176 1
1175 1176 1
48 1177 1
49 1177 1
1179 1178 1
1180 1178 1
1181 1178 1
1178 1179 1
1180 1179 1
1181 1179 1
1178 1180 1
1179 1180 1
1181 1180 1
1178 1181 1
1179 1181 1
1180 1181 1
583 1182 1
42 1183 1
189 1183 1
173 1184 1
127 1185 1
418 1185 1
305 1186 1
316 1186 1
597 1187 1
263 1188 1
1189 1188 1
263 1189 1
1188 1189 1
220 1190 1
322 1190 1
1116 1191 1
535 1192 1
1193 1192 1
535 1193 1
1192 1193 1
1195 1194 1
1194 1195 1
192 1196 1
1163 1196 1
1198 1197 1
1197 1198 1
197 1199 1
1167 1199 1
197 1200 1
251 1200 1
1165 1200 1
1167 1200 1
571 1201 1
103 1202 1
833 1202 1
159 1203 1
529 1204 2
1424 1204 1
1425 1204 1
1426 1204 1
1427 1204 1
147 1205 1
234 1206 1
1208 1207 1
1209 1207 1
1207 1208 1
1209 1208 1
1207 1209 1
1208 1209 1
450 1210 1
18 1211 1
212 1211 1
306 1212 1
307 1212 1
463 1212 1
573 1213 3
338 1214 1
572 1214 1
573 1214 1
657 1215 2
708 1215 1
1432 1215 1
325 1216 1
1217 1216 1
325 1217 1
1216 1217 1
1219 1218 1
1218 1219 1
1221 1220 1
1220 1221 1
786 1222 1
1036 1222 1
330 1223 2
384 1223 1
1282 1223 1
1225 1224 1
1224 1225 1
494 1226 1
174 1227 1
266 1227 1
1228 1227 1
1229 1227 1
174 1228 1
266 1228 1
1227 1228 1
1229 1228 1
174 1229 1
266 1229 1
1227 1229 1
1228 1229 1
11 1230 1
260 1230 1
603 1230 1
344 1231 1
1232 1231 1
344 1232 1
1231 1232 1
163 1233 1
1234 1233 1
163 1234 1
1233 1234 1
464 1235 1
558 1235 1
1237 1236 1
1238 1236 1
1236 1237 1
1238 1237 1
1236 1238 1
1237 1238 1
108 1239 1
423 1239 1
1240 1239 1
1241 1239 1
108 1240 1
423 1240 1
1239 1240 1
1241 1240 1
108 1241 1
423 1241 1
1239 1241 1
1240 1241 1
354 1242 1
455 1242 1
455 1243 1
542 1243 1
132 1244 1
455 1244 1
561 1244 1
1245 1244 1
1246 1244 1
132 1245 1
455 1245 1
561 1245 1
1244 1245 1
1246 1245 1
132 1246 1
455 1246 1
561 1246 1
1244 1246 1
1245 1246 1
721 1247 1
429 1248 1
92 1249 1
596 1249 1
308 1250 1
309 1250 1
357 1251 1
437 1251 1
1253 1252 1
1252 1253 1
163 1254 1
246 1254 1
333 1254 1
352 1254 1
805 1254 1
426 1255 1
613 1255 1
191 1256 2
1496 1256 1
376 1257 1
473 1257 2
636 1257 1
1456 1257 1
34 1258 1
431 1259 1
432 1259 1
632 1260 1
1261 1260 1
632 1261 1
1260 1261 1
288 1262 1
618 1262 1
1263 1262 1
288 1263 1
618 1263 1
1262 1263 1
1281 1263 1
268 1264 1
243 1265 1
512 1265 2
1267 1266 1
1266 1267 1
510 1268 1
1270 1269 1
1271 1269 1
1269 1270 1
1271 1270 1
1269 1271 1
1270 1271 1
32 1272 1
466 1272 1
599 1272 1
600 1272 2
1273 1272 1
1326 1272 1
32 1273 1
599 1273 1
600 1273 1
1272 1273 1
96 1274 1
1275 1274 1
1276 1274 1
96 1275 1
1274 1275 1
1276 1275 1
96 1276 1
1274 1276 1
1275 1276 1
324 1277 1
157 1278 1
621 1278 4
623 1278 2
1065 1278 1
1279 1278 1
1280 1278 1
1341 1278 1
1342 1278 1
1360 1278 2
1400 1278 1
621 1279 1
1278 1279 1
1280 1279 1
621 1280 1
1278 1280 1
1279 1280 1
1263 1281 1
330 1282 1
384 1282 1
1223 1282 1
211 1283 1
307 1283 1
1284 1283 1
69 1284 1
102 1284 1
211 1284 1
307 1284 3
443 1284 1
1283 1284 1
1351 1284 1
499 1285 1
647 1285 1
650 1285 1
1286 1285 1
499 1286 1
647 1286 1
650 1286 1
1285 1286 1
584 1287 1
10 1288 1
607 1288 1
15 1289 1
38 1289 1
356 1289 1
721 1289 1
1348 1289 1
1349 1289 1
1350 1289 1
238 1290 1
264 1290 1
612 1291 1
631 1291 2
1382 1291 1
1383 1291 1
614 1292 1
621 1292 1
622 1292 1
8 1293 1
443 1294 1
921 1295 1
1296 1295 1
921 1296 1
1295 1296 1
621 1297 1
622 1297 1
499 1298 1
647 1298 1
1299 1298 1
1300 1298 1
499 1299 3
647 1299 3
1298 1299 1
1300 1299 3
499 1300 3
647 1300 3
1298 1300 1
1299 1300 3
65 1301 1
402 1301 1
1303 1302 1
1304 1302 1
1305 1302 1
1302 1303 1
1304 1303 1
1305 1303 1
1302 1304 1
1303 1304 1
1305 1304 1
1302 1305 1
1303 1305 1
1304 1305 1
161 1306 1
384 1306 1
385 1306 2
387 1306 1
646 1306 2
1307 1306 1
1385 1306 2
161 1307 1
384 1307 1
387 1307 1
1306 1307 1
82 1308 1
192 1308 1
1309 1308 1
82 1309 1
192 1309 1
1308 1309 1
621 1310 1
622 1310 1
1312 1311 1
1311 1312 1
129 1313 1
158 1313 2
466 1313 2
665 1313 2
1409 1313 1
158 1314 2
438 1314 1
496 1314 1
743 1314 2
33 1315 1
1015 1315 1
1168 1316 1
145 1317 1
319 1317 1
321 1317 1
499 1317 1
1415 1317 1
378 1318 1
471 1319 1
472 1319 1
1320 1319 1
1321 1319 1
471 1320 1
472 1320 1
1319 1320 1
1321 1320 1
471 1321 1
472 1321 1
1319 1321 1
1320 1321 1
197 1322 1
710 1322 1
52 1323 1
76 1323 1
99 1323 1
602 1323 1
1324 1323 1
52 1324 1
76 1324 1
99 1324 1
602 1324 1
1323 1324 1
420 1325 1
421 1325 1
466 1326 1
600 1326 1
1272 1326 1
137 1327 1
770 1327 1
1328 1327 1
137 1328 1
770 1328 1
1327 1328 1
532 1329 1
1330 1329 1
1331 1329 1
1332 1329 1
1333 1329 1
1334 1329 1
532 1330 1
1329 1330 1
1331 1330 1
1332 1330 1
1333 1330 1
1334 1330 1
532 1331 1
1329 1331 1
1330 1331 1
1332 1331 1
1333 1331 1
1334 1331 1
532 1332 1
1329 1332 1
1330 1332 1
1331 1332 1
1333 1332 1
1334 1332 1
532 1333 1
1329 1333 1
1330 1333 1
1331 1333 1
1332 1333 1
1334 1333 1
532 1334 1
1329 1334 1
1330 1334 1
1331 1334 1
1332 1334 1
1333 1334 1
33 1335 2
1076 1335 2
1337 1336 1
1336 1337 1
335 1338 1
1339 1338 1
335 1339 1
1338 1339 1
179 1340 3
447 1340 3
644 1340 2
621 1341 1
623 1341 1
1065 1341 1
1278 1341 1
1342 1341 1
621 1342 1
623 1342 1
1065 1342 1
1278 1342 1
1341 1342 1
1344 1343 1
1343 1344 1
1346 1345 1
905 1346 1
1345 1346 1
1481 1346 1
530 1347 1
721 1348 1
1289 1348 1
1349 1348 1
1350 1348 1
721 1349 1
1289 1349 1
1348 1349 1
1350 1349 1
721 1350 1
1289 1350 1
1348 1350 1
1349 1350 1
69 1351 1
307 1351 1
1284 1351 1
520 1352 1
532 1352 1
658 1352 1
1353 1352 1
1354 1352 1
1355 1352 1
1356 1352 1
520 1353 1
532 1353 1
658 1353 1
1352 1353 1
1354 1353 1
1355 1353 1
1356 1353 1
520 1354 1
532 1354 1
658 1354 1
1352 1354 1
1353 1354 1
1355 1354 1
1356 1354 1
520 1355 1
532 1355 1
658 1355 1
1352 1355 1
1353 1355 1
1354 1355 1
1356 1355 1
520 1356 1
532 1356 1
658 1356 1
1352 1356 1
1353 1356 1
1354 1356 1
1355 1356 1
45 1357 1
606 1357 1
989 1357 1
1358 1357 1
1359 1357 1
45 1358 1
606 1358 1
989 1358 1
1357 1358 1
1359 1358 1
45 1359 1
606 1359 1
989 1359 1
1357 1359 1
1358 1359 1
157 1360 1
621 1360 2
623 1360 1
1278 1360 2
1400 1360 1
557 1361 2
226 1362 1
927 1362 1
93 1363 2
348 1363 1
579 1363 1
1473 1363 1
857 1364 1
910 1364 1
97 1365 1
148 1365 2
275 1365 1
276 1365 1
386 1365 1
1366 1365 1
97 1366 1
148 1366 1
386 1366 1
1365 1366 1
88 1367 1
1368 1367 1
1369 1367 1
88 1368 1
1367 1368 1
1369 1368 1
88 1369 1
1367 1369 1
1368 1369 1
250 1370 1
41 1371 1
1372 1371 1
41 1372 1
1371 1372 1
7 1373 1
487 1373 2
1374 1373 2
7 1374 1
487 1374 2
1373 1374 2
301 1375 1
437 1376 1
407 1377 1
109 1378 2
196 1378 2
653 1378 2
1379 1378 2
109 1379 2
196 1379 2
653 1379 2
1378 1379 2
126 1380 1
629 1380 1
393 1381 1
478 1381 1
631 1382 1
1291 1382 1
1383 1382 1
631 1383 1
1291 1383 1
1382 1383 1
200 1384 1
201 1384 1
385 1385 2
646 1385 2
1306 1385 2
102 1386 2
188 1386 2
564 1387 1
414 1388 1
380 1389 1
425 1389 1
1390 1389 1
1391 1389 1
380 1390 1
425 1390 1
1389 1390 1
1391 1390 1
380 1391 1
425 1391 1
1389 1391 1
1390 1391 1
176 1392 1
369 1392 1
258 1393 1
1394 1393 1
258 1394 1
1393 1394 1
231 1395 1
1396 1395 1
231 1396 1
1395 1396 1
390 1397 1
391 1397 1
394 1397 1
396 1397 1
397 1397 1
708 1398 1
77 1399 1
477 1399 1
614 1399 1
621 1400 1
1278 1400 1
1360 1400 1
102 1401 2
513 1402 1
546 1402 1
1403 1402 1
1404 1402 1
513 1403 1
546 1403 1
1402 1403 1
1404 1403 1
513 1404 1
546 1404 1
1402 1404 1
1403 1404 1
614 1405 1
1406 1405 1
614 1406 1
1405 1406 1
392 1407 1
1080 1407 1
1408 1407 1
392 1408 1
1080 1408 1
1407 1408 1
129 1409 1
158 1409 1
466 1409 1
665 1409 1
1313 1409 1
285 1410 1
291 1410 1
1152 1411 1
1412 1411 1
1152 1412 1
1411 1412 1
33 1413 1
1016 1413 1
153 1414 1
595 1414 1
499 1415 2
647 1415 1
1317 1415 1
364 1416 1
1417 1416 1
364 1417 1
1416 1417 1
93 1418 2
138 1418 3
284 1418 3
1419 1418 3
1422 1418 2
1423 1418 2
93 1419 2
138 1419 3
284 1419 3
1418 1419 3
1422 1419 2
1423 1419 2
135 1420 1
1421 1420 1
135 1421 1
1420 1421 1
93 1422 2
138 1422 2
284 1422 2
1418 1422 2
1419 1422 2
1423 1422 2
93 1423 2
138 1423 2
284 1423 2
1418 1423 2
1419 1423 2
1422 1423 2
1204 1424 1
1425 1424 1
1426 1424 1
1427 1424 1
1204 1425 1
1424 1425 1
1426 1425 1
1427 1425 1
1204 1426 1
1424 1426 1
1425 1426 1
1427 1426 1
1204 1427 1
1424 1427 1
1425 1427 1
1426 1427 1
463 1428 1
1429 1428 1
1430 1428 1
463 1429 1
1428 1429 1
1430 1429 1
463 1430 1
1428 1430 1
1429 1430 1
402 1431 1
657 1432 1
1215 1432 1
626 1433 1
320 1434 1
1435 1434 1
320 1435 1
1434 1435 1
467 1436 1
621 1437 1
623 1437 1
1065 1437 1
14 1438 1
153 1438 1
253 1438 1
594 1438 1
8 1439 1
57 1439 1
1440 1439 1
1441 1439 1
1442 1439 1
1443 1439 1
8 1440 1
57 1440 1
1439 1440 1
1441 1440 1
1442 1440 1
1443 1440 1
8 1441 1
57 1441 1
1439 1441 1
1440 1441 1
1442 1441 1
1443 1441 1
8 1442 1
57 1442 1
1439 1442 1
1440 1442 1
1441 1442 1
1443 1442 1
8 1443 1
57 1443 1
1439 1443 1
1440 1443 1
1441 1443 1
1442 1443 1
298 1444 1
476 1444 1
1445 1444 1
298 1445 1
476 1445 1
1444 1445 1
1447 1446 1
1446 1447 1
413 1448 1
1449 1448 1
413 1449 1
1448 1449 1
401 1450 1
413 1450 1
1452 1451 1
1451 1452 1
77 1453 1
405 1453 1
467 1454 1
1455 1454 1
467 1455 1
1454 1455 1
376 1456 1
473 1456 1
1257 1456 1
44 1457 1
1458 1457 1
1459 1457 1
44 1458 1
1457 1458 1
1459 1458 1
44 1459 1
1457 1459 1
1458 1459 1
84 1460 1
477 1460 1
664 1460 1
1461 1460 1
84 1461 1
477 1461 1
664 1461 1
1460 1461 1
107 1462 1
273 1462 1
551 1462 1
126 1463 1
290 1463 1
629 1463 1
401 1464 1
652 1464 1
382 1465 1
13 1466 1
541 1466 1
602 1466 1
32 1467 1
162 1467 1
648 1467 1
322 1468 1
612 1468 1
53 1469 1
54 1469 1
531 1469 1
499 1470 1
607 1470 1
1471 1470 1
499 1471 1
607 1471 1
1470 1471 1
19 1472 1
414 1472 1
522 1472 1
93 1473 1
348 1473 1
1363 1473 1
320 1474 1
321 1474 1
1475 1474 1
320 1475 1
321 1475 1
1474 1475 1
574 1476 1
1477 1476 1
574 1477 1
1476 1477 1
373 1478 1
443 1478 1
1479 1478 1
373 1479 1
443 1479 1
1478 1479 1
463 1480 1
520 1480 1
905 1481 1
1346 1481 1
779 1482 1
400 1483 1
498 1483 1
1484 1483 1
400 1484 1
498 1484 1
1483 1484 1
499 1485 1
646 1485 1
146 1486 1
241 1486 1
1165 1486 1
1487 1486 1
1488 1486 1
146 1487 1
241 1487 1
1165 1487 1
1486 1487 1
1488 1487 1
146 1488 1
241 1488 1
1165 1488 1
1486 1488 1
1487 1488 1
136 1489 1
380 1489 1
755 1489 1
1490 1489 1
1491 1489 1
1492 1489 1
1493 1489 1
136 1490 1
380 1490 1
755 1490 1
1489 1490 1
1491 1490 1
1492 1490 1
1493 1490 1
136 1491 1
380 1491 1
755 1491 1
1489 1491 1
1490 1491 1
1492 1491 1
1493 1491 1
136 1492 1
380 1492 1
755 1492 1
1489 1492 1
1490 1492 1
1491 1492 1
1493 1492 1
136 1493 1
380 1493 1
755 1493 1
1489 1493 1
1490 1493 1
1491 1493 1
1492 1493 1
465 1494 1
527 1494 1
562 1494 1
467 1495 1
191 1496 1
1256 1496 1
551 1497 1
307 1498 1
