259 1 1
1094 1 1
4 2 1
166 2 1
12 3 1
2 4 1
166 4 1
50 5 1
7 6 1
14 6 1
25 6 1
6 7 1
8 7 1
14 7 1
19 7 1
25 7 1
7 8 1
19 8 1
103 9 1
122 9 1
125 9 1
126 9 4
492 9 3
493 9 1
617 9 1
624 9 1
1040 9 1
1041 9 1
1124 9 1
1132 9 1
1133 9 1
1134 9 1
227 10 2
884 10 1
885 10 1
168 11 1
173 11 1
3 12 1
65 13 1
193 13 1
551 13 1
6 14 1
7 14 1
25 14 1
260 15 1
286 15 1
552 16 1
1031 16 1
442 17 1
1058 17 1
72 18 1
7 19 1
8 19 1
39 20 1
813 20 1
99 21 1
23 22 1
24 22 1
41 22 1
1098 22 1
1099 22 1
22 23 1
24 23 1
41 23 1
1098 23 1
1099 23 1
22 24 1
23 24 1
41 24 1
1098 24 1
1099 24 1
6 25 1
7 25 1
14 25 1
95 26 2
96 26 2
97 26 2
167 27 1
393 27 1
1080 27 1
246 28 1
366 28 1
31 29 2
38 29 2
496 29 2
538 29 1
1118 29 1
499 30 1
653 30 1
29 31 2
38 31 2
496 31 2
538 31 1
1118 31 1
962 32 2
969 32 1
56 33 1
180 33 1
1035 33 1
1036 33 1
131 34 1
200 34 1
201 34 1
202 34 1
345 35 1
485 35 1
1008 35 1
101 36 1
151 36 1
553 36 1
586 36 1
51 37 1
52 37 1
55 37 1
480 37 1
29 38 2
31 38 2
496 38 2
538 38 1
1118 38 1
20 39 1
813 39 1
364 40 1
394 40 1
395 40 1
22 41 1
23 41 1
24 41 1
1098 41 1
1099 41 1
208 42 1
73 43 1
130 43 1
560 43 1
937 44 1
938 44 1
188 45 1
332 46 1
419 46 1
590 46 1
622 46 1
779 46 1
554 47 1
555 47 1
79 48 1
406 48 1
418 48 1
743 49 1
744 49 1
745 49 1
746 49 1
747 49 1
748 49 1
749 49 1
750 49 1
946 49 1
947 49 1
5 50 1
37 51 1
52 51 2
55 51 2
88 51 1
107 51 1
108 51 1
121 51 1
169 51 1
480 51 2
710 51 1
37 52 1
51 52 2
55 52 2
88 52 1
107 52 1
108 52 1
121 52 1
480 52 1
416 53 1
462 53 1
91 54 2
203 54 2
37 55 1
51 55 2
52 55 2
88 55 1
107 55 1
108 55 1
121 55 1
480 55 1
33 56 1
180 56 1
1035 56 1
1036 56 1
58 57 1
57 58 1
490 59 1
313 60 1
839 60 2
999 60 1
1000 60 1
210 61 1
132 62 1
1010 62 1
1011 62 1
67 63 1
188 63 1
289 63 1
68 64 1
102 64 2
110 64 1
133 64 1
156 64 2
467 64 1
908 64 1
961 64 1
13 65 1
78 65 1
172 65 1
173 65 1
193 65 1
551 65 1
858 65 1
100 66 1
63 67 1
188 67 1
289 67 1
64 68 1
908 68 2
961 68 1
401 69 1
417 69 1
632 69 1
636 69 1
837 69 1
662 70 2
663 70 1
82 71 1
153 71 1
240 71 1
396 71 1
18 72 1
43 73 1
130 73 1
560 73 1
410 74 1
159 75 1
181 75 1
183 75 1
381 75 1
412 75 1
479 75 1
570 75 1
576 75 1
595 75 1
667 75 1
672 75 1
705 75 1
707 75 1
880 75 1
881 75 1
983 75 1
77 76 1
76 77 1
65 78 1
172 78 1
173 78 2
858 78 1
48 79 1
406 79 1
418 79 1
1116 80 1
116 81 1
117 81 1
119 81 3
1059 81 1
71 82 1
153 82 1
240 82 1
396 82 1
224 83 1
233 83 1
284 83 1
389 83 1
238 84 1
318 84 1
340 84 1
349 84 1
362 84 2
376 84 1
782 84 1
783 84 1
1095 84 1
1119 85 1
432 86 1
587 86 1
163 87 1
308 87 1
563 87 1
771 87 1
772 87 1
51 88 1
52 88 1
55 88 1
107 88 1
108 88 1
121 88 1
450 89 1
451 89 1
498 90 1
929 90 1
54 91 2
203 91 2
93 92 1
94 92 1
149 92 1
265 92 1
430 92 1
92 93 1
94 93 1
149 93 1
265 93 1
430 93 1
92 94 1
93 94 1
149 94 1
265 94 1
430 94 1
26 95 2
96 95 2
97 95 2
26 96 2
95 96 2
97 96 2
26 97 2
95 97 2
96 97 2
306 98 1
21 99 1
66 100 1
36 101 1
151 101 1
553 101 1
586 101 1
64 102 2
110 102 1
133 102 1
156 102 2
467 102 1
9 103 1
624 103 1
1124 103 1
105 104 1
106 104 1
104 105 1
106 105 1
260 105 1
286 105 1
629 105 1
768 105 1
769 105 1
901 105 1
104 106 1
105 106 1
51 107 1
52 107 1
55 107 1
88 107 1
108 107 1
121 107 1
51 108 1
52 108 1
55 108 1
88 108 1
107 108 1
121 108 1
786 109 1
787 109 1
64 110 1
102 110 1
156 110 1
498 111 1
556 111 1
176 112 2
208 112 1
353 112 1
377 112 1
417 112 1
530 112 3
531 112 4
550 112 1
590 112 1
912 112 1
939 112 2
1090 113 1
214 114 3
646 114 1
647 114 3
712 114 2
155 115 1
521 115 1
715 115 1
716 115 1
717 115 1
81 116 1
117 116 1
1059 116 1
81 117 1
116 117 1
1059 117 1
311 118 1
336 118 1
81 119 3
123 120 1
242 120 1
317 120 1
51 121 1
52 121 1
55 121 1
88 121 1
107 121 1
108 121 1
9 122 1
1132 122 1
1133 122 1
1134 122 1
120 123 1
242 123 1
317 123 1
617 124 1
625 124 1
9 125 1
617 125 1
9 126 4
492 126 3
493 126 1
1040 126 1
1041 126 1
129 127 1
524 128 2
683 128 2
127 129 1
43 130 1
73 130 1
560 130 1
34 131 1
200 131 1
201 131 1
202 131 1
62 132 1
1010 132 1
1011 132 1
64 133 1
102 133 1
156 133 1
467 133 1
1093 134 1
140 135 1
171 135 1
721 135 1
818 135 1
819 135 1
820 135 1
185 136 1
211 136 1
212 136 1
268 136 1
310 136 1
489 136 1
216 137 1
261 137 1
1109 138 1
179 139 1
1082 139 1
135 140 1
171 140 1
361 140 1
721 140 1
818 140 1
819 140 1
820 140 2
160 141 1
580 141 1
952 141 1
953 141 1
183 142 1
205 142 1
346 142 1
347 142 1
380 142 1
256 143 1
258 144 1
388 144 1
457 144 1
518 145 1
1033 145 1
284 146 1
971 146 1
972 146 1
909 147 1
1034 147 1
1042 147 1
1071 148 1
92 149 1
93 149 1
94 149 1
265 149 2
430 149 2
1104 149 1
1105 149 1
1106 149 1
220 150 1
389 150 1
36 151 1
101 151 1
553 151 1
586 151 1
714 152 1
71 153 1
82 153 1
240 153 1
396 153 1
973 154 1
115 155 1
521 155 1
715 155 1
716 155 1
717 155 1
64 156 2
102 156 2
110 156 1
133 156 1
467 156 1
208 157 1
436 157 1
543 157 1
619 157 2
647 157 1
670 157 1
768 157 1
795 157 1
796 157 1
896 158 1
75 159 1
181 159 1
412 159 1
595 159 1
141 160 1
542 160 1
580 160 1
613 160 1
614 160 1
952 160 1
953 160 1
372 161 1
373 161 1
374 161 1
433 161 1
838 161 1
197 162 1
87 163 1
308 163 1
563 163 1
771 163 1
772 163 1
779 164 1
391 165 1
397 165 2
398 165 1
2 166 1
4 166 1
27 167 1
393 167 1
1080 167 1
11 168 1
173 168 1
51 169 1
480 169 1
710 169 1
384 170 1
385 170 1
135 171 1
140 171 1
721 171 1
818 171 1
819 171 1
820 171 1
65 172 1
78 172 1
173 172 4
193 172 2
194 172 1
483 172 1
573 172 1
858 172 1
11 173 1
65 173 1
78 173 2
168 173 1
172 173 4
193 173 2
194 173 1
483 173 1
573 173 1
858 173 1
286 174 1
287 174 5
362 174 1
455 174 1
587 174 2
604 174 2
607 174 1
659 174 2
670 174 2
912 174 1
923 174 1
924 174 1
597 175 1
112 176 2
530 176 1
939 176 1
874 177 1
640 178 2
642 178 1
948 178 1
139 179 1
1082 179 1
33 180 1
56 180 1
1035 180 1
1036 180 1
75 181 1
159 181 1
412 181 1
595 181 1
889 182 1
890 182 1
75 183 1
142 183 1
205 183 1
346 183 1
347 183 1
352 183 1
362 183 1
380 183 1
486 183 1
570 183 1
576 183 1
679 183 1
696 183 1
703 183 1
704 183 1
705 183 1
377 184 1
475 184 1
476 184 1
477 184 1
478 184 1
136 185 1
211 185 1
212 185 1
268 185 1
310 185 1
489 185 1
371 186 1
571 187 1
731 187 1
732 187 1
733 187 1
734 187 1
735 187 1
45 188 1
63 188 1
67 188 1
289 188 1
572 189 1
869 189 1
658 190 1
847 190 1
848 190 1
204 191 1
235 191 1
241 191 1
482 191 1
595 191 1
736 191 1
300 192 2
485 192 2
13 193 1
65 193 1
172 193 2
173 193 2
194 193 1
217 193 1
551 193 1
172 194 1
173 194 1
193 194 1
965 195 1
966 195 1
773 196 1
778 196 1
162 197 1
482 198 2
840 198 1
640 199 1
642 199 1
34 200 1
131 200 1
201 200 1
202 200 1
34 201 1
131 201 1
200 201 1
202 201 1
34 202 1
131 202 1
200 202 1
201 202 1
54 203 2
91 203 2
191 204 1
208 204 1
235 204 1
241 204 1
249 204 1
260 204 1
286 204 1
311 204 1
380 204 1
482 204 1
519 204 1
677 204 1
685 204 1
736 204 1
770 204 1
1015 204 1
142 205 1
183 205 1
346 205 1
347 205 1
380 205 1
1122 206 1
803 207 1
804 207 1
805 207 1
806 207 1
42 208 1
112 208 1
157 208 1
204 208 1
228 208 1
249 208 1
260 208 1
284 208 2
286 208 2
311 208 1
329 208 1
353 208 1
362 208 1
377 208 1
380 208 1
417 208 1
436 208 1
454 208 4
519 208 1
535 208 2
543 208 2
590 208 1
619 208 1
647 208 1
670 208 2
677 208 1
697 208 2
698 208 1
699 208 1
700 208 1
701 208 1
702 208 4
706 208 1
709 208 2
768 208 3
769 208 1
770 208 1
806 208 1
898 208 1
912 208 1
960 208 1
1009 208 1
453 209 1
472 209 1
473 209 1
562 209 1
61 210 1
136 211 1
185 211 1
212 211 1
268 211 1
310 211 1
489 211 1
136 212 1
185 212 1
211 212 1
268 212 1
310 212 1
489 212 1
911 213 1
114 214 3
646 214 1
647 214 3
1055 215 1
1056 215 1
137 216 1
261 216 1
193 217 1
263 218 1
1128 218 1
220 219 2
221 219 1
223 219 1
279 219 1
446 219 1
447 219 1
454 219 1
1038 219 1
1039 219 1
1107 219 1
1108 219 1
1120 219 1
1121 219 1
150 220 1
219 220 2
221 220 1
223 220 1
279 220 1
389 220 1
446 220 1
447 220 1
454 220 1
1038 220 1
1039 220 1
1120 220 1
1121 220 1
219 221 1
220 221 1
279 221 1
454 221 1
1038 221 1
1039 221 1
355 222 1
219 223 1
220 223 1
446 223 1
447 223 1
1120 223 1
1121 223 1
83 224 1
233 224 1
284 224 1
389 224 1
243 225 1
282 225 1
370 226 1
403 226 1
10 227 2
884 227 1
885 227 1
888 227 1
208 228 1
284 228 1
286 228 1
431 228 1
448 228 1
449 228 1
706 228 1
351 229 1
237 230 1
241 231 1
417 232 1
486 232 1
487 232 1
510 232 1
570 232 1
675 232 1
882 232 1
935 232 1
83 233 1
224 233 1
284 233 1
389 233 1
288 234 1
464 234 1
191 235 1
204 235 1
241 235 1
482 235 1
736 235 1
304 236 1
651 236 1
652 236 1
230 237 1
84 238 1
376 238 1
551 238 1
497 239 1
71 240 1
82 240 1
153 240 1
396 240 1
191 241 1
204 241 1
231 241 1
235 241 1
482 241 1
736 241 1
120 242 1
123 242 1
317 242 1
225 243 1
282 243 1
327 244 2
593 244 1
594 244 1
1012 244 1
1013 244 1
252 245 1
390 245 1
850 245 1
851 245 1
28 246 1
366 246 2
401 246 1
639 246 1
248 247 1
247 248 1
686 248 1
204 249 1
208 249 1
260 249 1
286 249 1
311 249 1
380 249 1
519 249 1
677 249 1
770 249 1
286 250 1
543 250 1
569 250 1
649 250 1
678 250 1
917 250 1
590 251 2
902 251 1
245 252 1
390 252 1
850 252 1
851 252 1
286 253 1
434 253 1
676 253 1
755 253 2
798 253 1
417 254 1
581 254 1
809 254 1
876 255 1
143 256 1
1127 257 1
144 258 1
388 258 1
457 258 1
1 259 1
1094 259 1
15 260 1
105 260 1
204 260 1
208 260 1
249 260 1
286 260 5
311 260 3
380 260 1
401 260 1
519 260 1
531 260 1
572 260 1
618 260 1
629 260 1
677 260 1
768 260 2
769 260 4
770 260 1
846 260 1
901 260 4
904 260 4
912 260 1
940 260 2
941 260 2
976 260 1
977 260 1
978 260 1
979 260 1
980 260 1
137 261 1
216 261 1
439 262 1
670 262 1
758 262 1
759 262 1
760 262 1
793 262 2
794 262 1
218 263 1
1128 263 1
654 264 1
807 264 1
92 265 1
93 265 1
94 265 1
149 265 2
430 265 2
1104 265 1
1105 265 1
1106 265 1
790 266 1
664 267 1
665 267 1
136 268 1
185 268 1
211 268 1
212 268 1
310 268 1
489 268 1
379 269 1
488 269 1
481 270 1
797 270 1
566 271 1
582 271 1
547 272 1
670 272 1
762 272 1
763 272 1
764 272 1
359 273 1
360 273 1
504 274 1
958 274 1
502 275 1
503 275 1
504 275 1
577 275 2
598 275 3
932 275 1
1078 275 1
498 276 1
278 277 1
280 277 1
452 277 1
689 277 1
277 278 1
280 278 1
452 278 1
689 278 1
219 279 1
220 279 1
221 279 1
454 279 1
1038 279 1
1039 279 1
277 280 1
278 280 1
452 280 1
689 280 1
309 281 1
225 282 1
243 282 1
1023 283 1
83 284 1
146 284 1
208 284 2
224 284 1
228 284 1
233 284 1
286 284 1
389 284 4
543 284 1
706 284 1
883 284 1
960 284 1
1021 284 1
942 285 1
943 285 1
944 285 1
15 286 1
105 286 1
174 286 1
204 286 1
208 286 2
228 286 1
249 286 1
250 286 1
253 286 1
260 286 5
284 286 1
311 286 8
362 286 1
380 286 1
437 286 1
515 286 1
517 286 1
519 286 1
543 286 3
572 286 1
599 286 1
618 286 1
629 286 1
644 286 4
645 286 1
659 286 1
670 286 1
676 286 1
677 286 2
678 286 1
706 286 1
755 286 3
756 286 1
757 286 1
770 286 1
827 286 1
846 286 1
894 286 1
895 286 1
912 286 1
917 286 1
923 286 1
924 286 1
936 286 1
1007 286 1
174 287 5
455 287 1
587 287 1
604 287 2
607 287 1
856 287 1
857 287 1
865 287 1
234 288 1
464 288 1
63 289 1
67 289 1
188 289 1
1049 290 1
1110 291 1
379 292 2
1002 292 1
1117 293 1
507 294 2
508 294 2
619 294 1
620 294 1
1081 294 1
298 295 1
299 295 1
303 295 1
1097 295 1
325 296 1
605 296 1
788 297 1
789 297 1
295 298 1
299 298 1
303 298 1
1097 298 1
295 299 1
298 299 1
303 299 1
1097 299 1
192 300 2
485 300 2
316 301 1
399 301 1
410 301 3
574 301 1
910 301 1
951 301 3
870 302 1
871 302 1
872 302 1
873 302 1
295 303 1
298 303 1
299 303 1
1097 303 1
236 304 1
616 304 1
651 304 2
652 304 2
768 304 1
1074 304 1
1075 304 1
1076 304 1
1077 304 1
378 305 1
543 305 1
641 305 1
768 305 2
769 305 1
98 306 1
468 307 1
87 308 1
163 308 1
563 308 1
771 308 1
772 308 1
281 309 1
136 310 1
185 310 1
211 310 1
212 310 1
268 310 1
489 310 1
118 311 1
204 311 1
208 311 1
249 311 1
260 311 3
286 311 8
378 311 1
380 311 1
514 311 1
515 311 1
516 311 1
517 311 1
519 311 1
530 311 1
618 311 1
644 311 4
645 311 1
659 311 1
677 311 1
755 311 1
756 311 1
757 311 1
770 311 1
894 311 1
895 311 1
897 311 1
912 311 1
924 311 1
926 311 1
980 311 1
1007 311 1
331 312 1
975 312 1
60 313 1
839 313 1
999 313 1
1000 313 1
377 314 1
1043 315 1
301 316 1
910 316 1
120 317 1
123 317 1
242 317 1
84 318 1
349 318 1
1095 318 1
322 319 1
987 320 1
362 321 1
567 321 1
791 321 1
792 321 1
319 322 1
834 323 2
835 323 1
836 323 1
441 324 1
296 325 1
605 325 1
523 326 1
680 326 1
244 327 2
593 327 1
594 327 1
1012 327 1
1013 327 1
453 328 1
472 328 1
473 328 1
208 329 1
609 329 1
660 329 1
709 329 1
600 330 2
949 330 1
950 330 2
312 331 1
975 331 1
46 332 1
419 332 2
530 332 4
531 332 4
590 332 1
622 332 1
641 332 1
779 332 1
1062 333 1
1063 333 1
438 334 1
955 334 1
956 334 1
957 334 1
530 335 1
118 336 1
417 337 1
417 338 2
811 338 1
812 338 1
816 338 1
548 339 1
899 339 2
900 339 1
84 340 1
684 340 2
782 340 1
783 340 1
380 341 1
692 341 1
693 341 1
694 341 1
695 341 1
404 342 2
411 342 1
425 342 1
426 342 1
344 343 1
365 343 1
474 343 1
343 344 1
353 344 2
354 344 1
365 344 1
382 344 2
405 344 1
474 344 1
35 345 1
485 345 1
1008 345 1
142 346 1
183 346 1
205 346 1
347 346 1
380 346 1
142 347 1
183 347 1
205 347 1
346 347 1
350 347 1
380 347 1
420 347 2
930 347 1
1052 348 1
84 349 1
318 349 1
1095 349 1
347 350 1
420 350 1
930 350 1
229 351 1
375 351 1
997 351 1
183 352 1
362 352 1
679 352 1
112 353 1
208 353 1
344 353 2
362 353 6
382 353 2
409 353 1
410 353 5
415 353 1
460 353 2
461 353 5
463 353 6
511 353 2
512 353 3
513 353 1
544 353 1
545 353 1
546 353 1
670 353 1
768 353 1
806 353 1
843 353 2
993 353 2
998 353 1
1001 353 1
1005 353 1
344 354 1
405 354 1
222 355 1
679 356 1
877 356 1
878 356 1
502 357 1
503 357 1
504 357 1
381 358 1
273 359 1
360 359 1
273 360 1
359 360 1
140 361 1
820 361 1
84 362 2
174 362 1
183 362 1
208 362 1
286 362 1
321 362 1
352 362 1
353 362 6
380 362 1
410 362 1
461 362 1
567 362 1
659 362 1
670 362 3
674 362 1
679 362 1
768 362 1
791 362 1
792 362 1
806 362 1
831 362 1
832 362 1
833 362 1
843 362 1
912 362 1
923 362 1
924 362 1
935 362 1
998 362 1
579 363 1
737 363 1
738 363 1
739 363 1
740 363 1
741 363 1
40 364 1
394 364 1
395 364 1
343 365 1
344 365 1
474 365 1
28 366 1
246 366 2
401 366 1
465 366 1
482 366 1
484 366 1
639 366 1
670 366 1
674 366 1
682 366 1
1020 366 1
381 367 1
473 367 1
934 367 1
458 368 1
933 368 1
565 369 1
773 369 1
226 370 1
403 370 1
186 371 1
161 372 1
373 372 1
374 372 1
433 372 1
838 372 1
161 373 1
372 373 1
374 373 1
433 373 1
838 373 1
161 374 1
372 374 1
373 374 1
433 374 1
838 374 1
351 375 1
997 375 1
84 376 1
238 376 1
112 377 1
184 377 1
208 377 1
314 377 1
386 377 1
417 377 1
475 377 1
476 377 1
477 377 1
478 377 1
590 377 1
648 377 1
912 377 1
305 378 1
311 378 1
768 378 1
769 378 1
269 379 1
292 379 2
488 379 1
530 379 1
619 379 1
669 379 1
670 379 2
677 379 1
682 379 1
711 379 1
1002 379 1
142 380 1
183 380 1
204 380 1
205 380 1
208 380 1
249 380 1
260 380 1
286 380 1
311 380 1
341 380 1
346 380 1
347 380 1
362 380 1
387 380 1
418 380 1
519 380 1
668 380 1
670 380 1
677 380 1
681 380 1
692 380 1
693 380 1
694 380 1
695 380 1
721 380 1
722 380 1
723 380 1
770 380 1
817 380 1
75 381 1
358 381 1
367 381 1
473 381 1
707 381 1
774 381 1
775 381 1
934 381 1
983 381 1
344 382 2
353 382 2
428 383 1
429 383 1
170 384 1
385 384 1
170 385 1
384 385 1
377 386 1
380 387 1
418 387 1
681 387 2
144 388 1
258 388 1
457 388 1
83 389 1
150 389 1
220 389 1
224 389 1
233 389 1
284 389 4
883 389 1
1021 389 1
245 390 1
252 390 1
850 390 1
851 390 1
165 391 1
397 391 1
398 391 1
1073 392 1
27 393 1
167 393 1
1080 393 1
40 394 1
364 394 1
395 394 1
40 395 1
364 395 1
394 395 1
71 396 1
82 396 1
153 396 1
240 396 1
165 397 2
391 397 1
398 397 1
165 398 1
391 398 1
397 398 1
301 399 1
951 399 1
401 400 1
69 401 1
246 401 1
260 401 1
366 401 1
400 401 1
417 401 3
530 401 1
531 401 2
542 401 2
543 401 1
581 401 2
632 401 2
636 401 3
639 401 1
641 401 1
768 401 1
837 401 1
904 401 1
912 401 1
913 401 1
1037 401 1
427 402 1
1032 402 1
226 403 1
370 403 1
342 404 2
344 405 1
354 405 1
48 406 1
79 406 1
418 406 1
418 407 1
986 407 1
987 407 1
409 408 1
414 408 1
727 408 1
728 408 1
353 409 1
408 409 1
415 409 1
74 410 1
301 410 3
353 410 5
362 410 1
461 410 2
463 410 3
511 410 2
512 410 4
513 410 1
520 410 1
526 410 3
537 410 1
539 410 1
544 410 1
545 410 1
546 410 1
843 410 2
891 410 1
892 410 1
893 410 1
1005 410 1
342 411 1
412 411 1
425 411 1
426 411 1
75 412 1
159 412 1
181 412 1
411 412 1
595 412 1
729 413 1
730 413 1
408 414 1
727 414 1
728 414 1
353 415 1
409 415 1
53 416 1
462 416 1
69 417 1
112 417 1
208 417 1
232 417 1
254 417 1
337 417 1
338 417 2
377 417 1
401 417 3
530 417 1
531 417 1
542 417 1
543 417 1
581 417 3
590 417 1
632 417 1
636 417 2
641 417 1
674 417 1
768 417 1
801 417 1
802 417 1
809 417 1
811 417 1
812 417 1
816 417 1
837 417 1
912 417 1
954 417 2
1112 417 1
1113 417 1
48 418 1
79 418 1
380 418 1
387 418 1
406 418 1
407 418 1
681 418 1
817 418 1
986 418 1
987 418 4
46 419 1
332 419 2
590 419 1
622 419 1
779 419 1
347 420 2
350 420 1
930 420 1
422 421 1
423 421 1
424 421 1
841 421 1
842 421 1
421 422 1
423 422 1
424 422 1
841 422 1
842 422 1
421 423 1
422 423 1
424 423 1
841 423 1
842 423 1
421 424 1
422 424 1
423 424 1
841 424 1
842 424 1
342 425 1
411 425 1
426 425 1
342 426 1
411 426 1
425 426 1
402 427 1
1032 427 1
383 428 1
429 428 1
383 429 1
428 429 1
92 430 1
93 430 1
94 430 1
149 430 2
265 430 2
1104 430 1
1105 430 1
1106 430 1
228 431 1
448 431 1
449 431 1
86 432 1
587 432 2
602 432 1
161 433 1
372 433 1
373 433 1
374 433 1
838 433 1
253 434 1
755 434 1
798 434 1
1096 435 1
157 436 1
208 436 1
543 436 1
619 436 1
647 436 1
670 436 1
768 436 1
286 437 1
543 437 1
677 437 1
827 437 1
852 437 1
853 437 1
854 437 1
855 437 1
334 438 1
955 438 1
956 438 1
957 438 1
262 439 1
440 439 4
670 439 1
675 439 1
758 439 1
759 439 1
760 439 1
920 439 1
439 440 4
675 440 1
920 440 1
324 441 1
17 442 1
1058 442 1
637 443 1
506 444 1
781 445 1
219 446 1
220 446 1
223 446 1
447 446 1
1120 446 1
1121 446 1
219 447 1
220 447 1
223 447 1
446 447 1
1120 447 1
1121 447 1
228 448 1
431 448 1
449 448 1
228 449 1
431 449 1
448 449 1
89 450 1
451 450 1
89 451 1
450 451 1
277 452 1
278 452 1
280 452 1
689 452 1
209 453 1
328 453 1
472 453 5
473 453 5
527 453 1
562 453 2
988 453 2
989 453 1
990 453 1
991 453 1
992 453 2
994 453 1
208 454 4
219 454 1
220 454 1
221 454 1
279 454 1
697 454 2
698 454 1
699 454 1
700 454 1
701 454 1
702 454 4
1038 454 1
1039 454 1
174 455 1
287 455 1
918 456 1
144 457 1
258 457 1
388 457 1
368 458 1
933 458 1
859 459 1
860 459 1
353 460 2
461 460 2
993 460 2
1001 460 1
353 461 5
362 461 1
410 461 2
460 461 2
843 461 2
993 461 2
1001 461 1
1005 461 1
53 462 1
416 462 1
353 463 6
410 463 3
511 463 2
512 463 3
513 463 1
544 463 1
545 463 1
546 463 1
561 463 1
234 464 1
288 464 1
366 465 1
1020 465 1
687 466 1
688 466 1
64 467 1
102 467 1
133 467 1
156 467 1
307 468 1
473 469 2
780 469 2
661 470 1
1065 470 1
540 471 1
1111 471 1
209 472 1
328 472 1
453 472 5
473 472 4
527 472 1
562 472 2
994 472 1
209 473 1
328 473 1
367 473 1
381 473 1
453 473 5
469 473 2
472 473 4
527 473 1
562 473 3
575 473 1
780 473 2
934 473 1
988 473 1
992 473 1
994 473 1
343 474 1
344 474 1
365 474 1
184 475 1
377 475 1
476 475 1
477 475 1
478 475 1
184 476 1
377 476 1
475 476 1
477 476 1
478 476 1
184 477 1
377 477 1
475 477 1
476 477 1
478 477 1
184 478 1
377 478 1
475 478 1
476 478 1
477 478 1
75 479 1
37 480 1
51 480 2
52 480 1
55 480 1
169 480 1
710 480 1
270 481 1
797 481 1
191 482 1
198 482 2
204 482 1
235 482 1
241 482 1
366 482 1
484 482 1
670 482 1
674 482 1
682 482 1
736 482 1
840 482 1
172 483 1
173 483 1
573 483 1
366 484 1
482 484 1
670 484 1
674 484 1
682 484 1
35 485 1
192 485 2
300 485 2
345 485 1
1008 485 1
183 486 1
232 486 1
487 486 1
510 486 1
570 486 1
675 486 1
696 486 1
703 486 1
704 486 1
882 486 1
232 487 1
486 487 1
510 487 1
570 487 1
675 487 1
882 487 1
269 488 1
379 488 1
136 489 1
185 489 1
211 489 1
212 489 1
268 489 1
310 489 1
59 490 1
974 491 1
9 492 3
126 492 3
493 492 1
1040 492 1
1041 492 1
9 493 1
126 493 1
492 493 1
691 494 1
1022 495 1
29 496 2
31 496 2
38 496 2
538 496 1
1118 496 1
239 497 1
90 498 1
111 498 1
276 498 1
532 498 1
556 498 1
929 498 1
30 499 1
501 500 1
500 501 1
275 502 1
357 502 1
503 502 4
504 502 4
621 502 1
931 502 1
1078 502 1
275 503 1
357 503 1
502 503 4
504 503 4
621 503 1
931 503 1
1078 503 1
274 504 1
275 504 1
357 504 1
502 504 4
503 504 4
621 504 1
931 504 1
958 504 1
1078 504 1
1091 505 2
1130 505 1
1131 505 1
444 506 1
294 507 2
508 507 2
619 507 2
620 507 2
875 507 1
1072 507 1
1081 507 1
294 508 2
507 508 2
619 508 3
620 508 2
633 508 2
634 508 2
635 508 3
795 508 2
1016 508 1
1044 508 1
1081 508 2
1047 509 2
1048 509 1
1083 509 1
1084 509 1
1114 509 1
1115 509 1
232 510 1
486 510 1
487 510 1
534 510 1
536 510 1
559 510 1
570 510 1
675 510 1
882 510 1
353 511 2
410 511 2
463 511 2
512 511 2
513 511 1
544 511 1
545 511 1
353 512 3
410 512 4
463 512 3
511 512 2
513 512 1
526 512 1
537 512 1
539 512 1
544 512 1
545 512 1
546 512 1
891 512 1
892 512 1
893 512 1
353 513 1
410 513 1
463 513 1
511 513 1
512 513 1
311 514 1
516 514 1
286 515 1
311 515 1
644 515 1
311 516 1
514 516 1
286 517 1
311 517 1
145 518 1
1033 518 1
204 519 1
208 519 1
249 519 1
260 519 1
286 519 1
311 519 1
380 519 1
677 519 1
770 519 1
410 520 1
115 521 1
155 521 1
715 521 1
716 521 1
717 521 1
713 522 2
1135 522 1
1136 522 1
326 523 1
680 523 1
128 524 2
683 524 2
1123 525 1
410 526 3
512 526 1
537 526 1
539 526 1
891 526 1
892 526 1
893 526 1
453 527 1
472 527 1
473 527 1
994 527 1
529 528 1
1045 528 1
1046 528 1
528 529 1
1045 529 1
1046 529 1
112 530 3
176 530 1
311 530 1
332 530 4
335 530 1
379 530 1
401 530 1
417 530 1
531 530 7
542 530 1
543 530 1
581 530 1
585 530 1
619 530 2
641 530 2
659 530 1
670 530 1
677 530 1
711 530 1
768 530 1
897 530 1
912 530 1
924 530 1
926 530 1
939 530 2
963 530 1
964 530 1
986 530 1
112 531 4
260 531 1
332 531 4
401 531 2
417 531 1
530 531 7
542 531 1
543 531 1
581 531 1
596 531 1
630 531 1
641 531 2
671 531 2
768 531 1
904 531 1
912 531 1
986 531 1
1079 531 1
498 532 1
1006 533 1
510 534 1
536 534 1
559 534 1
208 535 2
510 536 1
534 536 1
559 536 1
410 537 1
512 537 1
526 537 1
539 537 1
891 537 1
892 537 1
893 537 1
29 538 1
31 538 1
38 538 1
496 538 1
1118 538 1
410 539 1
512 539 1
526 539 1
537 539 1
891 539 1
892 539 1
893 539 1
471 540 1
1111 540 1
667 541 1
672 541 1
879 541 1
160 542 1
401 542 2
417 542 1
530 542 1
531 542 1
543 542 1
581 542 1
591 542 1
592 542 2
613 542 1
614 542 1
636 542 1
641 542 1
768 542 1
830 542 1
157 543 1
208 543 2
250 543 1
284 543 1
286 543 3
305 543 1
401 543 1
417 543 1
436 543 1
437 543 1
530 543 1
531 543 1
542 543 1
581 543 1
619 543 1
641 543 2
645 543 1
647 543 1
670 543 1
677 543 1
678 543 1
690 543 2
708 543 2
768 543 4
769 543 1
827 543 1
898 543 1
917 543 1
353 544 1
410 544 1
463 544 1
511 544 1
512 544 1
545 544 1
353 545 1
410 545 1
463 545 1
511 545 1
512 545 1
544 545 1
353 546 1
410 546 1
463 546 1
512 546 1
272 547 1
339 548 1
899 548 1
640 549 1
641 549 1
642 549 2
981 549 1
982 549 1
112 550 1
13 551 1
65 551 1
193 551 1
238 551 1
16 552 1
1031 552 1
36 553 1
101 553 1
151 553 1
586 553 1
47 554 1
555 554 1
47 555 1
554 555 1
111 556 1
498 556 1
558 557 1
568 557 1
557 558 1
568 558 1
510 559 1
534 559 1
536 559 1
43 560 1
73 560 1
130 560 1
463 561 1
209 562 1
453 562 2
472 562 2
473 562 3
575 562 1
87 563 1
163 563 1
308 563 1
771 563 1
772 563 1
623 564 1
369 565 1
773 565 1
271 566 1
582 566 1
321 567 1
362 567 1
791 567 1
792 567 1
557 568 1
558 568 1
250 569 1
649 569 2
768 569 1
769 569 1
75 570 1
183 570 1
232 570 1
486 570 1
487 570 1
510 570 1
576 570 1
675 570 1
705 570 1
882 570 1
187 571 1
731 571 1
732 571 1
733 571 1
734 571 1
735 571 1
189 572 1
260 572 1
286 572 1
846 572 1
869 572 1
172 573 1
173 573 1
483 573 1
301 574 1
951 574 1
473 575 1
562 575 1
75 576 1
183 576 1
570 576 1
705 576 1
275 577 2
598 577 2
959 578 1
363 579 1
737 579 1
738 579 1
739 579 1
740 579 1
741 579 1
141 580 1
160 580 1
952 580 1
953 580 1
254 581 1
401 581 2
417 581 3
530 581 1
531 581 1
542 581 1
543 581 1
641 581 1
768 581 1
809 581 1
271 582 1
566 582 1
776 583 1
777 583 1
1026 584 1
1027 584 1
530 585 1
963 585 1
964 585 1
36 586 1
101 586 1
151 586 1
553 586 1
86 587 1
174 587 2
287 587 1
432 587 2
602 587 1
659 587 1
670 587 1
1087 588 1
1088 588 1
590 589 2
945 589 2
46 590 1
112 590 1
208 590 1
251 590 2
332 590 1
377 590 1
417 590 1
419 590 1
589 590 2
622 590 1
779 590 1
902 590 1
912 590 1
945 590 2
542 591 1
592 591 1
542 592 2
591 592 1
244 593 1
327 593 1
244 594 1
327 594 1
1012 594 1
1013 594 1
75 595 1
159 595 1
181 595 1
191 595 1
412 595 1
531 596 1
630 596 1
175 597 1
275 598 3
577 598 2
932 598 1
286 599 1
603 599 2
643 599 2
1092 599 1
330 600 2
949 600 1
950 600 2
606 601 1
432 602 1
587 602 1
599 603 2
643 603 2
174 604 2
287 604 2
296 605 1
325 605 1
601 606 1
174 607 1
287 607 1
753 608 1
754 608 1
329 609 1
660 609 1
919 610 1
927 611 1
928 611 1
897 612 1
160 613 1
542 613 1
614 613 1
160 614 1
542 614 1
613 614 1
674 615 1
304 616 1
651 616 1
652 616 1
768 616 1
1074 616 1
1075 616 1
1076 616 1
1077 616 1
9 617 1
124 617 1
125 617 1
625 617 1
260 618 1
286 618 1
311 618 1
157 619 2
208 619 1
294 619 1
379 619 1
436 619 1
507 619 2
508 619 3
530 619 2
543 619 1
620 619 1
635 619 1
647 619 1
670 619 2
677 619 1
711 619 1
768 619 1
795 619 1
796 619 1
875 619 2
1081 619 2
294 620 1
507 620 2
508 620 2
619 620 1
635 620 1
1072 620 1
502 621 1
503 621 1
504 621 1
931 621 1
46 622 1
332 622 1
419 622 1
590 622 1
623 622 2
761 622 1
773 622 1
779 622 1
984 622 1
985 622 1
564 623 1
622 623 2
773 623 1
9 624 1
103 624 1
1124 624 1
124 625 1
617 625 1
627 626 1
628 626 1
626 627 1
628 627 1
626 628 1
627 628 1
105 629 1
260 629 1
286 629 1
531 630 1
596 630 1
650 631 1
69 632 1
401 632 2
417 632 1
636 632 2
837 632 1
508 633 2
634 633 2
1044 633 1
508 634 2
633 634 2
1044 634 1
508 635 3
619 635 1
620 635 1
795 635 2
1016 635 1
69 636 1
401 636 3
417 636 2
542 636 1
632 636 2
837 636 1
443 637 1
1129 638 1
246 639 1
366 639 1
401 639 1
178 640 2
199 640 1
549 640 1
641 640 1
642 640 3
948 640 1
305 641 1
332 641 1
401 641 1
417 641 1
530 641 2
531 641 2
542 641 1
543 641 2
549 641 1
581 641 1
640 641 1
642 641 2
719 641 2
768 641 2
178 642 1
199 642 1
549 642 2
640 642 3
641 642 2
981 642 1
982 642 1
599 643 2
603 643 2
286 644 4
311 644 4
515 644 1
645 644 1
755 644 1
756 644 1
757 644 1
894 644 1
895 644 1
286 645 1
311 645 1
543 645 1
644 645 1
690 645 1
755 645 1
756 645 1
757 645 1
114 646 1
214 646 1
647 646 3
1028 646 1
1068 646 1
114 647 3
157 647 1
208 647 1
214 647 3
436 647 1
543 647 1
619 647 1
646 647 3
670 647 1
768 647 1
1028 647 1
1068 647 1
377 648 1
250 649 1
569 649 2
768 649 1
769 649 1
631 650 1
236 651 1
304 651 2
616 651 1
652 651 2
768 651 1
1074 651 1
1075 651 1
1076 651 1
1077 651 1
236 652 1
304 652 2
616 652 1
651 652 2
768 652 1
1074 652 1
1075 652 1
1076 652 1
1077 652 1
30 653 1
264 654 1
807 654 1
1057 655 1
657 656 1
656 657 1
190 658 1
847 658 1
848 658 1
174 659 2
286 659 1
311 659 1
362 659 1
530 659 1
587 659 1
670 659 2
897 659 1
912 659 2
921 659 1
922 659 1
923 659 1
924 659 2
926 659 1
329 660 1
609 660 1
470 661 1
1065 661 1
70 662 2
663 662 1
70 663 1
662 663 1
267 664 1
665 664 1
267 665 1
664 665 1
970 666 1
75 667 1
541 667 1
670 667 2
672 667 2
806 667 1
879 667 1
880 667 1
881 667 1
914 667 1
915 667 1
916 667 1
380 668 1
721 668 1
722 668 1
723 668 1
379 669 1
670 669 2
672 669 1
673 669 1
682 669 1
157 670 1
174 670 2
208 670 2
262 670 1
272 670 1
286 670 1
353 670 1
362 670 3
366 670 1
379 670 2
380 670 1
436 670 1
439 670 1
482 670 1
484 670 1
530 670 1
543 670 1
587 670 1
619 670 2
647 670 1
659 670 2
667 670 2
669 670 2
672 670 1
673 670 1
674 670 1
677 670 1
682 670 2
711 670 1
758 670 1
759 670 1
760 670 1
762 670 1
763 670 1
764 670 1
768 670 3
769 670 1
806 670 2
912 670 1
914 670 1
915 670 1
916 670 1
923 670 1
924 670 1
531 671 2
75 672 1
541 672 1
667 672 2
669 672 1
670 672 1
673 672 2
879 672 1
880 672 1
881 672 1
669 673 1
670 673 1
672 673 2
362 674 1
366 674 1
417 674 1
482 674 1
484 674 1
615 674 1
670 674 1
682 674 1
801 674 1
802 674 1
831 674 1
832 674 1
833 674 1
232 675 1
439 675 1
440 675 1
486 675 1
487 675 1
510 675 1
570 675 1
779 675 1
882 675 1
253 676 1
286 676 1
755 676 1
204 677 1
208 677 1
249 677 1
260 677 1
286 677 2
311 677 1
379 677 1
380 677 1
437 677 1
519 677 1
530 677 1
543 677 1
619 677 1
670 677 1
711 677 1
770 677 1
852 677 1
853 677 1
854 677 1
855 677 1
250 678 1
286 678 1
543 678 1
917 678 1
183 679 1
352 679 1
356 679 1
362 679 1
877 679 1
878 679 1
326 680 1
523 680 1
380 681 1
387 681 2
418 681 1
366 682 1
379 682 1
482 682 1
484 682 1
669 682 1
670 682 2
674 682 1
128 683 2
524 683 2
340 684 2
1126 684 1
204 685 1
248 686 1
466 687 1
688 687 1
466 688 1
687 688 1
277 689 1
278 689 1
280 689 1
452 689 1
543 690 2
645 690 1
494 691 1
341 692 1
380 692 1
693 692 1
694 692 1
695 692 1
341 693 1
380 693 1
692 693 1
694 693 1
695 693 1
341 694 1
380 694 1
692 694 1
693 694 1
695 694 1
341 695 1
380 695 1
692 695 1
693 695 1
694 695 1
183 696 1
486 696 1
703 696 1
704 696 1
705 696 2
707 696 1
208 697 2
454 697 2
698 697 1
699 697 1
700 697 1
701 697 1
702 697 2
208 698 1
454 698 1
697 698 1
699 698 1
700 698 1
701 698 1
702 698 1
208 699 1
454 699 1
697 699 1
698 699 1
700 699 1
701 699 1
702 699 1
208 700 1
454 700 1
697 700 1
698 700 1
699 700 1
701 700 1
702 700 1
208 701 1
454 701 1
697 701 1
698 701 1
699 701 1
700 701 1
702 701 1
208 702 4
454 702 4
697 702 2
698 702 1
699 702 1
700 702 1
701 702 1
183 703 1
486 703 1
696 703 1
704 703 1
742 703 1
183 704 1
486 704 1
696 704 1
703 704 1
75 705 1
183 705 1
570 705 1
576 705 1
696 705 2
707 705 1
208 706 1
228 706 1
284 706 1
286 706 1
75 707 1
381 707 1
696 707 1
705 707 1
983 707 1
1014 707 1
543 708 2
208 709 2
329 709 1
1009 709 1
51 710 1
169 710 1
480 710 1
379 711 1
530 711 1
619 711 1
670 711 1
677 711 1
114 712 2
522 713 2
152 714 1
115 715 1
155 715 1
521 715 1
716 715 1
717 715 1
115 716 1
155 716 1
521 716 1
715 716 1
717 716 1
115 717 1
155 717 1
521 717 1
715 717 1
716 717 1
719 718 1
720 718 1
641 719 2
718 719 1
720 719 1
718 720 1
719 720 1
135 721 1
140 721 1
171 721 1
380 721 1
668 721 1
722 721 1
723 721 1
818 721 1
819 721 1
820 721 1
380 722 1
668 722 1
721 722 1
723 722 1
380 723 1
668 723 1
721 723 1
722 723 1
725 724 1
726 724 1
724 725 1
726 725 1
724 726 1
725 726 1
408 727 1
414 727 1
728 727 1
408 728 1
414 728 1
727 728 1
413 729 1
730 729 1
413 730 1
729 730 1
187 731 1
571 731 1
732 731 1
733 731 1
734 731 1
735 731 1
187 732 1
571 732 1
731 732 1
733 732 1
734 732 1
735 732 1
187 733 1
571 733 1
731 733 1
732 733 1
734 733 1
735 733 1
187 734 1
571 734 1
731 734 1
732 734 1
733 734 1
735 734 1
187 735 1
571 735 1
731 735 1
732 735 1
733 735 1
734 735 1
191 736 1
204 736 1
235 736 1
241 736 1
482 736 1
363 737 1
579 737 1
738 737 1
739 737 1
740 737 1
741 737 1
363 738 1
579 738 1
737 738 1
739 738 1
740 738 1
741 738 1
363 739 1
579 739 1
737 739 1
738 739 1
740 739 1
741 739 1
363 740 1
579 740 1
737 740 1
738 740 1
739 740 1
741 740 1
363 741 1
579 741 1
737 741 1
738 741 1
739 741 1
740 741 1
703 742 1
49 743 1
744 743 1
745 743 1
746 743 1
747 743 1
748 743 1
749 743 1
750 743 1
49 744 1
743 744 1
745 744 1
746 744 1
747 744 1
748 744 1
749 744 1
750 744 1
49 745 1
743 745 1
744 745 1
746 745 1
747 745 1
748 745 1
749 745 1
750 745 1
49 746 1
743 746 1
744 746 1
745 746 1
747 746 1
748 746 1
749 746 1
750 746 1
49 747 1
743 747 1
744 747 1
745 747 1
746 747 1
748 747 1
749 747 1
750 747 1
49 748 1
743 748 1
744 748 1
745 748 1
746 748 1
747 748 1
749 748 1
750 748 1
49 749 1
743 749 1
744 749 1
745 749 1
746 749 1
747 749 1
748 749 1
750 749 1
49 750 1
743 750 1
744 750 1
745 750 1
746 750 1
747 750 1
748 750 1
749 750 1
752 751 1
751 752 1
608 753 1
754 753 1
608 754 1
753 754 1
253 755 2
286 755 3
311 755 1
434 755 1
644 755 1
645 755 1
676 755 1
756 755 1
757 755 1
798 755 1
936 755 1
286 756 1
311 756 1
644 756 1
645 756 1
755 756 1
757 756 1
286 757 1
311 757 1
644 757 1
645 757 1
755 757 1
756 757 1
262 758 1
439 758 1
670 758 1
759 758 1
760 758 1
262 759 1
439 759 1
670 759 1
758 759 1
760 759 1
262 760 1
439 760 1
670 760 1
758 760 1
759 760 1
622 761 1
272 762 1
670 762 1
763 762 1
764 762 1
272 763 1
670 763 1
762 763 1
764 763 1
272 764 1
670 764 1
762 764 1
763 764 1
766 765 1
767 765 1
765 766 1
767 766 1
765 767 1
766 767 1
105 768 1
157 768 1
208 768 3
260 768 2
304 768 1
305 768 2
353 768 1
362 768 1
378 768 1
401 768 1
417 768 1
436 768 1
530 768 1
531 768 1
542 768 1
543 768 4
569 768 1
581 768 1
616 768 1
619 768 1
641 768 2
647 768 1
649 768 1
651 768 1
652 768 1
670 768 3
769 768 8
806 768 1
898 768 1
901 768 3
903 768 2
904 768 1
1074 768 1
1075 768 1
1076 768 1
1077 768 1
1125 768 1
105 769 1
208 769 1
260 769 4
305 769 1
378 769 1
543 769 1
569 769 1
649 769 1
670 769 1
768 769 8
866 769 2
898 769 1
901 769 5
904 769 2
940 769 1
941 769 1
1125 769 1
204 770 1
208 770 1
249 770 1
260 770 1
286 770 1
311 770 1
380 770 1
519 770 1
677 770 1
87 771 1
163 771 1
308 771 1
563 771 1
772 771 1
87 772 1
163 772 1
308 772 1
563 772 1
771 772 1
196 773 1
369 773 1
565 773 1
622 773 1
623 773 1
778 773 1
381 774 1
775 774 1
381 775 1
774 775 1
583 776 1
777 776 1
583 777 1
776 777 1
196 778 1
773 778 1
46 779 1
164 779 1
332 779 1
419 779 1
590 779 1
622 779 1
675 779 1
469 780 2
473 780 2
445 781 1
84 782 1
340 782 1
783 782 1
84 783 1
340 783 1
782 783 1
785 784 1
784 785 1
109 786 1
787 786 1
109 787 1
786 787 1
297 788 1
789 788 2
297 789 1
788 789 2
266 790 1
321 791 1
362 791 1
567 791 1
792 791 1
321 792 1
362 792 1
567 792 1
791 792 1
262 793 2
794 793 1
262 794 1
793 794 1
157 795 1
508 795 2
619 795 1
635 795 2
796 795 1
1016 795 1
157 796 1
619 796 1
795 796 1
270 797 1
481 797 1
253 798 1
434 798 1
755 798 1
800 799 1
799 800 1
417 801 1
674 801 1
802 801 1
417 802 1
674 802 1
801 802 1
207 803 1
804 803 1
805 803 1
806 803 1
207 804 1
803 804 1
805 804 1
806 804 1
207 805 1
803 805 1
804 805 1
806 805 1
207 806 1
208 806 1
353 806 1
362 806 1
667 806 1
670 806 2
768 806 1
803 806 1
804 806 1
805 806 1
915 806 1
916 806 1
264 807 1
654 807 1
810 808 1
254 809 1
417 809 1
581 809 1
808 810 1
338 811 1
417 811 1
812 811 1
338 812 1
417 812 1
811 812 1
20 813 1
39 813 1
815 814 1
814 815 1
338 816 1
417 816 1
380 817 1
418 817 1
135 818 1
140 818 1
171 818 1
721 818 1
819 818 1
820 818 1
135 819 1
140 819 1
171 819 1
721 819 1
818 819 1
820 819 1
135 820 1
140 820 2
171 820 1
361 820 1
721 820 1
818 820 1
819 820 1
822 821 1
823 821 1
824 821 1
821 822 1
823 822 1
824 822 1
821 823 1
822 823 1
824 823 1
821 824 1
822 824 1
823 824 1
826 825 1
825 826 1
286 827 1
437 827 1
543 827 1
829 828 1
828 829 1
542 830 1
362 831 1
674 831 1
832 831 1
833 831 1
362 832 1
674 832 1
831 832 1
833 832 1
362 833 1
674 833 1
831 833 1
832 833 1
323 834 2
835 834 1
836 834 1
323 835 1
834 835 1
836 835 1
323 836 1
834 836 1
835 836 1
69 837 1
401 837 1
417 837 1
632 837 1
636 837 1
161 838 1
372 838 1
373 838 1
374 838 1
433 838 1
60 839 2
313 839 1
999 839 1
1000 839 1
198 840 1
482 840 1
421 841 1
422 841 1
423 841 1
424 841 1
842 841 1
421 842 1
422 842 1
423 842 1
424 842 1
841 842 1
353 843 2
362 843 1
410 843 2
461 843 2
1005 843 1
845 844 1
844 845 1
260 846 1
286 846 1
572 846 1
190 847 1
658 847 1
848 847 1
190 848 1
658 848 1
847 848 1
912 849 1
245 850 1
252 850 1
390 850 1
851 850 1
245 851 1
252 851 1
390 851 1
850 851 1
437 852 1
677 852 1
853 852 1
854 852 1
855 852 1
437 853 1
677 853 1
852 853 1
854 853 1
855 853 1
437 854 1
677 854 1
852 854 1
853 854 1
855 854 1
437 855 1
677 855 1
852 855 1
853 855 1
854 855 1
287 856 1
287 857 1
65 858 1
78 858 1
172 858 1
173 858 1
459 859 1
860 859 1
459 860 1
859 860 1
862 861 1
863 861 1
864 861 1
861 862 1
863 862 1
864 862 1
861 863 1
862 863 1
864 863 1
861 864 1
862 864 1
863 864 1
287 865 1
769 866 2
868 867 1
867 868 1
189 869 1
572 869 1
302 870 1
871 870 1
872 870 1
873 870 1
302 871 1
870 871 1
872 871 1
873 871 1
302 872 1
870 872 1
871 872 1
873 872 1
302 873 1
870 873 1
871 873 1
872 873 1
177 874 1
507 875 1
619 875 2
255 876 1
356 877 1
679 877 1
878 877 1
356 878 1
679 878 1
877 878 1
541 879 1
667 879 1
672 879 1
75 880 1
667 880 1
672 880 1
881 880 1
75 881 1
667 881 1
672 881 1
880 881 1
232 882 1
486 882 1
487 882 1
510 882 1
570 882 1
675 882 1
284 883 1
389 883 1
10 884 1
227 884 1
10 885 1
227 885 1
887 886 1
886 887 1
227 888 1
182 889 1
890 889 1
182 890 1
889 890 1
410 891 1
512 891 1
526 891 1
537 891 1
539 891 1
892 891 1
893 891 1
410 892 1
512 892 1
526 892 1
537 892 1
539 892 1
891 892 1
893 892 1
410 893 1
512 893 1
526 893 1
537 893 1
539 893 1
891 893 1
892 893 1
286 894 1
311 894 1
644 894 1
895 894 1
286 895 1
311 895 1
644 895 1
894 895 1
158 896 1
311 897 1
530 897 1
612 897 1
659 897 1
912 897 1
924 897 1
926 897 1
208 898 1
543 898 1
768 898 1
769 898 1
339 899 2
548 899 1
900 899 1
339 900 1
899 900 1
105 901 1
260 901 4
768 901 3
769 901 5
904 901 2
940 901 1
941 901 1
251 902 1
590 902 1
768 903 2
260 904 4
401 904 1
531 904 1
768 904 1
769 904 2
901 904 2
912 904 1
906 905 1
907 905 1
905 906 1
907 906 1
905 907 1
906 907 1
64 908 1
68 908 2
961 908 1
147 909 1
301 910 1
316 910 1
213 911 1
112 912 1
174 912 1
208 912 1
260 912 1
286 912 1
311 912 1
362 912 1
377 912 1
401 912 1
417 912 1
530 912 1
531 912 1
590 912 1
659 912 2
670 912 1
849 912 1
897 912 1
904 912 1
923 912 1
924 912 2
926 912 1
401 913 1
667 914 1
670 914 1
667 915 1
670 915 1
806 915 1
916 915 1
667 916 1
670 916 1
806 916 1
915 916 1
250 917 1
286 917 1
543 917 1
678 917 1
456 918 1
610 919 1
439 920 1
440 920 1
659 921 1
922 921 1
659 922 1
921 922 1
174 923 1
286 923 1
362 923 1
659 923 1
670 923 1
912 923 1
924 923 1
174 924 1
286 924 1
311 924 1
362 924 1
530 924 1
659 924 2
670 924 1
897 924 1
912 924 2
923 924 1
926 924 1
1066 925 1
1067 925 1
311 926 1
530 926 1
659 926 1
897 926 1
912 926 1
924 926 1
611 927 1
928 927 1
611 928 1
927 928 1
90 929 1
498 929 1
347 930 1
350 930 1
420 930 1
502 931 1
503 931 1
504 931 1
621 931 1
275 932 1
598 932 1
368 933 1
458 933 1
367 934 1
381 934 1
473 934 1
232 935 1
362 935 1
286 936 1
755 936 1
44 937 1
938 937 1
44 938 1
937 938 1
112 939 2
176 939 1
530 939 2
260 940 2
769 940 1
901 940 1
941 940 2
260 941 2
769 941 1
901 941 1
940 941 2
285 942 1
943 942 1
944 942 1
285 943 1
942 943 1
944 943 1
285 944 1
942 944 1
943 944 1
589 945 2
590 945 2
49 946 1
947 946 1
49 947 1
946 947 1
178 948 1
640 948 1
330 949 1
600 949 1
950 949 1
330 950 2
600 950 2
949 950 1
301 951 3
399 951 1
574 951 1
141 952 1
160 952 1
580 952 1
953 952 1
141 953 1
160 953 1
580 953 1
952 953 1
417 954 2
1112 954 1
1113 954 1
334 955 1
438 955 1
956 955 1
957 955 1
334 956 1
438 956 1
955 956 1
957 956 1
334 957 1
438 957 1
955 957 1
956 957 1
274 958 1
504 958 1
578 959 1
208 960 1
284 960 1
64 961 1
68 961 1
908 961 1
32 962 2
969 962 1
530 963 1
585 963 1
964 963 1
530 964 1
585 964 1
963 964 1
195 965 1
966 965 1
195 966 1
965 966 1
968 967 1
967 968 1
32 969 1
962 969 1
666 970 1
146 971 1
972 971 1
146 972 1
971 972 1
154 973 1
491 974 1
312 975 1
331 975 1
260 976 1
977 976 1
978 976 1
979 976 1
260 977 1
976 977 1
978 977 1
979 977 1
260 978 1
976 978 1
977 978 1
979 978 1
260 979 1
976 979 1
977 979 1
978 979 1
260 980 1
311 980 1
549 981 1
642 981 1
982 981 1
549 982 1
642 982 1
981 982 1
75 983 1
381 983 1
707 983 1
622 984 1
985 984 1
622 985 1
984 985 1
407 986 1
418 986 1
530 986 1
531 986 1
987 986 3
1100 986 1
320 987 1
407 987 1
418 987 4
986 987 3
1064 987 1
453 988 2
473 988 1
989 988 1
990 988 1
991 988 1
992 988 2
453 989 1
988 989 1
990 989 1
991 989 1
992 989 1
453 990 1
988 990 1
989 990 1
991 990 1
992 990 1
453 991 1
988 991 1
989 991 1
990 991 1
992 991 1
453 992 2
473 992 1
988 992 2
989 992 1
990 992 1
991 992 1
353 993 2
460 993 2
461 993 2
1001 993 1
453 994 1
472 994 1
473 994 1
527 994 1
996 995 1
995 996 1
351 997 1
375 997 1
353 998 1
362 998 1
60 999 1
313 999 1
839 999 1
1000 999 1
60 1000 1
313 1000 1
839 1000 1
999 1000 1
353 1001 1
460 1001 1
461 1001 1
993 1001 1
292 1002 1
379 1002 1
1004 1003 1
1003 1004 1
353 1005 1
410 1005 1
461 1005 1
843 1005 1
533 1006 1
286 1007 1
311 1007 1
35 1008 1
345 1008 1
485 1008 1
208 1009 1
709 1009 1
62 1010 1
132 1010 1
1011 1010 1
62 1011 1
132 1011 1
1010 1011 1
244 1012 1
327 1012 1
594 1012 1
1013 1012 1
244 1013 1
327 1013 1
594 1013 1
1012 1013 1
707 1014 1
204 1015 1
508 1016 1
635 1016 1
795 1016 1
1018 1017 1
1019 1017 1
1017 1018 1
1019 1018 1
1017 1019 1
1018 1019 1
366 1020 1
465 1020 1
284 1021 1
389 1021 1
495 1022 1
283 1023 1
1025 1024 1
1024 1025 1
584 1026 1
1027 1026 1
584 1027 1
1026 1027 1
646 1028 1
647 1028 1
1030 1029 1
1029 1030 1
16 1031 1
552 1031 1
402 1032 1
427 1032 1
1089 1032 1
145 1033 1
518 1033 1
147 1034 1
33 1035 1
56 1035 1
180 1035 1
1036 1035 1
33 1036 1
56 1036 1
180 1036 1
1035 1036 1
401 1037 1
219 1038 1
220 1038 1
221 1038 1
279 1038 1
454 1038 1
1039 1038 1
219 1039 1
220 1039 1
221 1039 1
279 1039 1
454 1039 1
1038 1039 1
9 1040 1
126 1040 1
492 1040 1
1041 1040 1
9 1041 1
126 1041 1
492 1041 1
1040 1041 1
147 1042 1
315 1043 1
508 1044 1
633 1044 1
634 1044 1
528 1045 1
529 1045 1
1046 1045 1
528 1046 1
529 1046 1
1045 1046 1
509 1047 2
1048 1047 1
1114 1047 1
1115 1047 1
509 1048 1
1047 1048 1
290 1049 1
1051 1050 1
1050 1051 1
348 1052 1
1054 1053 1
1053 1054 1
215 1055 1
1056 1055 1
215 1056 1
1055 1056 1
655 1057 1
17 1058 1
442 1058 1
81 1059 1
116 1059 1
117 1059 1
1061 1060 1
1060 1061 1
333 1062 1
1063 1062 1
333 1063 1
1062 1063 1
987 1064 1
470 1065 1
661 1065 1
925 1066 1
1067 1066 1
925 1067 1
1066 1067 1
646 1068 1
647 1068 1
1070 1069 1
1069 1070 1
148 1071 1
507 1072 1
620 1072 1
392 1073 1
304 1074 1
616 1074 1
651 1074 1
652 1074 1
768 1074 1
1075 1074 1
1076 1074 1
1077 1074 1
304 1075 1
616 1075 1
651 1075 1
652 1075 1
768 1075 1
1074 1075 1
1076 1075 1
1077 1075 1
304 1076 1
616 1076 1
651 1076 1
652 1076 1
768 1076 1
1074 1076 1
1075 1076 1
1077 1076 1
304 1077 1
616 1077 1
651 1077 1
652 1077 1
768 1077 1
1074 1077 1
1075 1077 1
1076 1077 1
275 1078 1
502 1078 1
503 1078 1
504 1078 1
531 1079 1
27 1080 1
167 1080 1
393 1080 1
294 1081 1
507 1081 1
508 1081 2
619 1081 2
139 1082 1
179 1082 1
509 1083 1
1084 1083 1
509 1084 1
1083 1084 1
1086 1085 1
1085 1086 1
588 1087 1
1088 1087 1
588 1088 1
1087 1088 1
1032 1089 1
113 1090 1
505 1091 2
1130 1091 1
1131 1091 1
599 1092 1
134 1093 1
1 1094 1
259 1094 1
84 1095 1
318 1095 1
349 1095 1
435 1096 1
295 1097 1
298 1097 1
299 1097 1
303 1097 1
22 1098 1
23 1098 1
24 1098 1
41 1098 1
1099 1098 1
22 1099 1
23 1099 1
24 1099 1
41 1099 1
1098 1099 1
986 1100 1
1102 1101 1
1103 1101 1
1101 1102 1
1103 1102 1
1101 1103 1
1102 1103 1
149 1104 1
265 1104 1
430 1104 1
1105 1104 1
1106 1104 1
149 1105 1
265 1105 1
430 1105 1
1104 1105 1
1106 1105 1
149 1106 1
265 1106 1
430 1106 1
1104 1106 1
1105 1106 1
219 1107 1
1108 1107 1
219 1108 1
1107 1108 1
138 1109 1
291 1110 1
471 1111 1
540 1111 1
417 1112 1
954 1112 1
1113 1112 1
417 1113 1
954 1113 1
1112 1113 1
509 1114 1
1047 1114 1
1115 1114 1
509 1115 1
1047 1115 1
1114 1115 1
80 1116 1
293 1117 1
29 1118 1
31 1118 1
38 1118 1
496 1118 1
538 1118 1
85 1119 1
219 1120 1
220 1120 1
223 1120 1
446 1120 1
447 1120 1
1121 1120 1
219 1121 1
220 1121 1
223 1121 1
446 1121 1
447 1121 1
1120 1121 1
206 1122 1
525 1123 1
9 1124 1
103 1124 1
624 1124 1
768 1125 1
769 1125 1
684 1126 1
257 1127 1
218 1128 1
263 1128 1
638 1129 1
505 1130 1
1091 1130 1
1131 1130 1
505 1131 1
1091 1131 1
1130 1131 1
9 1132 1
122 1132 1
1133 1132 1
1134 1132 1
9 1133 1
122 1133 1
1132 1133 1
1134 1133 1
9 1134 1
122 1134 1
1132 1134 1
1133 1134 1
522 1135 1
1136 1135 1
522 1136 1
1135 1136 1
