39 1 1
600 1 1
8 2 1
747 2 1
748 2 1
749 2 1
862 3 1
863 3 1
864 3 1
18 4 1
466 4 1
217 5 1
218 5 1
682 5 1
76 6 1
92 6 1
406 7 1
407 7 1
2 8 1
747 8 1
748 8 1
749 8 1
20 9 1
43 9 1
68 9 1
132 9 1
160 9 1
161 9 1
162 9 1
788 9 1
77 10 1
78 10 1
202 10 1
211 10 1
248 11 1
255 11 1
548 12 1
96 13 2
221 13 1
222 13 1
223 13 1
224 13 1
807 13 1
37 14 1
73 14 1
175 14 1
467 14 1
153 15 1
168 15 1
235 16 1
274 16 1
368 16 1
369 16 1
370 16 1
371 16 1
372 16 1
437 16 1
438 16 1
721 16 1
322 17 1
346 17 1
4 18 1
376 18 2
400 18 1
405 18 1
466 18 1
49 19 1
191 19 1
9 20 1
43 20 1
788 20 1
93 21 1
94 21 1
287 21 1
356 21 1
357 21 1
358 21 1
359 21 1
203 22 2
569 22 2
570 22 2
571 22 1
396 23 2
397 23 2
217 24 1
218 24 1
697 24 1
134 25 1
139 25 1
283 26 1
471 26 1
472 26 1
473 26 1
474 26 1
475 26 1
39 27 1
44 27 1
314 27 1
315 27 1
200 28 1
201 28 1
568 28 1
31 29 1
310 29 1
311 29 1
33 30 1
126 30 1
360 30 1
361 30 1
29 31 1
310 31 1
311 31 1
54 32 1
55 32 1
722 32 1
808 32 1
30 33 1
126 33 1
360 33 1
361 33 1
35 34 1
36 34 1
34 35 1
36 35 1
34 36 1
35 36 1
14 37 1
73 37 1
175 37 1
467 37 1
39 38 2
154 38 2
205 38 1
680 38 2
681 38 2
1 39 1
27 39 1
38 39 2
44 39 3
122 39 2
154 39 4
203 39 1
205 39 1
212 39 1
225 39 2
245 39 1
251 39 2
314 39 1
315 39 1
430 39 1
519 39 1
535 39 1
570 39 1
583 39 3
600 39 1
601 39 1
608 39 1
630 39 1
680 39 2
681 39 2
690 39 4
691 39 1
692 39 6
693 39 1
709 39 1
714 39 1
738 39 1
757 39 1
765 39 1
817 39 1
829 39 1
830 39 1
831 39 1
832 39 1
833 39 1
92 40 1
665 40 1
85 41 1
208 41 1
44 42 1
199 42 1
9 43 1
20 43 1
788 43 1
27 44 1
39 44 3
42 44 1
199 44 1
212 44 1
245 44 1
314 44 1
315 44 1
608 44 1
71 45 1
87 45 2
210 45 3
731 45 1
47 46 2
537 46 1
538 46 1
539 46 1
46 47 2
537 47 1
538 47 1
539 47 1
129 48 2
228 48 2
248 48 1
255 48 1
579 48 1
620 48 6
652 48 2
740 48 1
850 48 1
19 49 1
191 49 2
185 50 1
215 50 1
227 50 1
716 50 1
251 51 1
535 51 1
707 51 1
742 51 1
852 51 1
853 51 1
854 51 1
855 51 1
856 51 1
62 52 1
63 52 1
64 52 1
140 53 2
149 53 2
150 53 1
151 53 3
32 54 1
55 54 3
465 54 1
722 54 2
808 54 1
32 55 1
54 55 3
465 55 1
722 55 2
808 55 1
541 56 1
542 56 1
545 56 1
74 57 1
86 57 2
390 57 1
670 57 1
59 58 1
60 58 1
61 58 1
58 59 1
60 59 1
61 59 1
58 60 1
59 60 1
61 60 8
317 60 1
553 60 2
655 60 3
686 60 1
58 61 1
59 61 1
60 61 8
95 61 1
317 61 1
373 61 1
553 61 2
655 61 3
686 61 1
52 62 1
63 62 1
64 62 1
69 62 1
88 62 1
142 62 1
197 62 1
386 62 1
387 62 1
566 62 1
567 62 1
52 63 1
62 63 1
64 63 1
52 64 1
62 64 1
63 64 1
66 65 1
65 66 1
251 66 1
332 66 1
351 66 1
634 66 1
649 66 1
851 66 1
393 67 1
530 67 1
9 68 1
132 68 1
160 68 1
161 68 1
162 68 1
62 69 1
88 69 1
142 69 1
197 69 1
566 69 1
567 69 1
80 70 1
415 70 2
549 70 1
663 70 1
45 71 1
87 71 1
159 72 1
637 72 1
638 72 1
14 73 1
37 73 1
175 73 1
467 73 1
57 74 1
86 74 5
119 74 1
270 74 1
468 74 1
531 74 1
620 74 1
670 74 1
684 74 1
84 75 1
339 75 1
6 76 1
92 76 1
10 77 1
78 77 1
202 77 1
211 77 1
10 78 1
77 78 1
152 78 2
202 78 7
211 78 4
214 78 3
745 78 1
90 79 1
123 79 1
148 79 1
70 80 1
415 80 1
663 80 1
82 81 1
107 81 1
825 81 1
826 81 1
81 82 1
107 82 1
825 82 1
826 82 1
408 83 1
409 83 1
75 84 1
339 84 1
41 85 1
208 85 1
57 86 2
74 86 5
119 86 1
270 86 1
390 86 1
468 86 1
531 86 3
550 86 1
620 86 1
670 86 1
684 86 1
45 87 2
71 87 1
210 87 1
731 87 1
62 88 1
69 88 1
142 88 1
197 88 1
566 88 1
567 88 1
339 89 1
603 89 1
604 89 1
605 89 1
606 89 1
607 89 1
79 90 1
140 91 1
219 91 1
725 91 1
6 92 1
40 92 1
76 92 1
184 92 1
494 92 1
665 92 1
21 93 1
94 93 1
287 93 1
356 93 1
357 93 1
358 93 1
359 93 1
21 94 1
93 94 1
287 94 1
356 94 1
357 94 1
358 94 1
359 94 1
61 95 1
373 95 1
13 96 2
221 96 1
222 96 1
223 96 1
224 96 1
807 96 1
98 97 3
316 97 1
318 97 1
97 98 3
316 98 1
318 98 1
662 99 1
265 100 1
518 100 1
102 101 1
741 101 1
101 102 1
741 102 1
109 103 1
147 103 1
217 103 1
220 103 2
226 103 1
230 103 1
266 103 1
267 103 2
322 103 4
388 103 1
389 103 1
401 103 2
402 103 1
403 103 1
404 103 1
415 103 1
423 103 1
487 103 1
520 103 1
312 104 1
313 104 2
561 104 1
158 105 2
239 105 2
785 106 1
786 106 1
81 107 1
82 107 1
825 107 1
826 107 1
194 108 1
322 108 1
323 108 1
324 108 1
325 108 1
326 108 1
103 109 1
230 109 1
322 109 1
415 109 1
423 109 1
125 110 1
302 111 1
306 111 1
424 112 1
612 113 1
135 114 1
136 114 1
198 114 1
231 114 1
613 114 1
614 114 1
653 115 1
654 115 1
288 116 1
289 116 1
362 116 1
602 117 1
495 118 1
496 118 1
497 118 1
498 118 1
499 118 1
74 119 1
86 119 1
234 119 2
354 119 2
355 119 1
468 119 2
469 119 2
470 119 1
620 119 1
635 119 2
636 119 2
715 119 1
835 119 1
848 119 1
202 120 2
787 120 2
260 121 1
491 121 3
609 121 1
611 121 1
39 122 2
225 122 1
583 122 1
692 122 1
79 123 1
148 123 1
164 124 1
177 124 1
246 124 1
273 124 1
477 124 1
478 124 1
479 124 1
480 124 1
481 124 1
482 124 1
483 124 1
484 124 1
485 124 1
110 125 1
30 126 1
33 126 1
360 126 1
361 126 1
332 127 1
797 127 1
798 127 1
130 128 1
524 128 1
525 128 1
48 129 2
620 129 2
128 130 1
524 130 1
525 130 1
243 131 1
252 131 2
271 131 1
327 131 2
328 131 2
332 131 1
382 131 1
383 131 1
392 131 1
456 131 1
457 131 1
9 132 1
68 132 1
160 132 1
161 132 1
162 132 1
145 133 1
322 133 1
462 133 1
463 133 1
727 133 1
816 133 1
25 134 1
139 134 1
114 135 1
136 135 1
198 135 1
231 135 1
613 135 1
614 135 1
114 136 1
135 136 1
198 136 1
231 136 1
613 136 1
614 136 1
791 137 1
792 137 1
793 137 1
794 137 1
191 138 1
698 138 1
25 139 1
134 139 1
53 140 2
91 140 1
149 140 2
219 140 1
701 140 1
725 140 1
187 141 1
751 141 1
752 141 1
62 142 1
69 142 1
88 142 1
197 142 1
566 142 1
567 142 1
669 143 1
167 144 1
678 144 1
133 145 1
816 145 1
173 146 2
363 146 2
364 146 1
365 146 1
631 146 1
632 146 1
103 147 1
220 147 1
226 147 1
266 147 1
267 147 1
322 147 1
79 148 1
123 148 1
53 149 2
140 149 2
53 150 1
53 151 3
78 152 2
202 152 2
214 152 2
15 153 1
168 153 1
38 154 2
39 154 4
205 154 1
680 154 2
681 154 2
757 154 1
765 154 1
829 154 1
830 154 1
157 155 1
181 155 1
778 155 1
188 156 1
322 156 1
643 156 1
644 156 1
155 157 1
181 157 1
778 157 1
105 158 2
239 158 2
72 159 1
637 159 1
638 159 1
9 160 1
68 160 1
132 160 1
161 160 1
162 160 1
9 161 1
68 161 1
132 161 1
160 161 1
162 161 9
213 161 7
452 161 3
487 161 3
509 161 3
9 162 1
68 162 1
132 162 1
160 162 1
161 162 9
213 162 7
452 162 3
487 162 4
509 162 3
551 162 1
552 162 1
322 163 1
746 163 1
124 164 1
177 164 1
246 164 1
273 164 1
477 164 1
478 164 1
479 164 1
480 164 1
481 164 1
482 164 1
483 164 1
484 164 1
485 164 1
166 165 1
683 165 1
165 166 1
683 166 1
144 167 1
678 167 1
15 168 1
153 168 1
217 169 1
218 169 1
347 170 1
348 170 1
349 170 1
350 170 1
249 171 1
374 171 1
376 171 1
427 172 1
428 172 1
492 172 1
493 172 1
146 173 2
363 173 2
364 173 1
365 173 1
631 173 1
632 173 2
843 173 1
622 174 1
623 174 1
624 174 1
14 175 1
37 175 1
73 175 1
467 175 1
374 176 1
376 176 1
694 176 1
695 176 1
696 176 1
124 177 1
164 177 1
246 177 1
273 177 1
477 177 1
478 177 1
479 177 1
480 177 1
481 177 1
482 177 1
483 177 1
484 177 1
485 177 1
339 178 1
238 179 1
379 179 1
380 179 1
381 179 1
710 179 1
711 179 1
244 180 1
322 180 1
704 180 1
705 180 1
155 181 1
157 181 1
778 181 1
504 182 1
505 182 1
506 182 1
507 182 1
508 182 1
236 183 1
645 183 1
646 183 1
92 184 1
494 184 1
50 185 1
215 185 1
227 185 1
716 185 1
277 186 1
278 186 1
279 186 1
141 187 1
751 187 1
752 187 1
156 188 1
320 188 2
322 188 3
643 188 1
644 188 1
592 189 1
593 189 1
594 189 1
595 189 1
596 189 1
276 190 1
726 190 1
19 191 1
49 191 2
138 191 1
476 191 1
698 191 1
193 192 1
813 192 1
814 192 1
192 193 1
813 193 1
814 193 1
108 194 1
322 194 1
323 194 1
324 194 1
325 194 1
326 194 1
196 195 1
206 195 1
249 195 1
821 195 1
822 195 1
195 196 1
206 196 1
249 196 1
821 196 1
822 196 1
62 197 1
69 197 1
88 197 1
142 197 1
566 197 1
567 197 1
114 198 1
135 198 1
136 198 1
231 198 1
613 198 1
614 198 1
42 199 1
44 199 1
28 200 1
201 200 1
568 200 1
28 201 1
200 201 1
568 201 1
10 202 1
77 202 1
78 202 7
120 202 2
152 202 2
211 202 4
214 202 3
745 202 1
787 202 2
22 203 2
39 203 1
569 203 2
570 203 3
571 203 1
583 203 1
738 203 1
263 204 1
38 205 1
39 205 1
154 205 1
680 205 1
681 205 1
195 206 1
196 206 1
249 206 2
250 206 1
394 206 1
395 206 1
515 206 1
821 206 1
822 206 1
216 207 1
248 207 1
255 207 1
717 207 1
41 208 1
85 208 1
245 209 1
45 210 3
87 210 1
731 210 1
10 211 1
77 211 1
78 211 4
202 211 4
745 211 1
39 212 1
44 212 1
608 212 1
161 213 7
162 213 7
452 213 2
487 213 3
509 213 3
78 214 3
152 214 2
202 214 3
50 215 1
185 215 1
227 215 1
716 215 1
207 216 1
248 216 1
255 216 1
717 216 1
5 217 1
24 217 1
103 217 1
169 217 1
218 217 3
220 217 1
267 217 1
322 217 1
388 217 1
389 217 1
682 217 1
697 217 1
5 218 1
24 218 1
169 218 1
217 218 3
682 218 1
697 218 1
91 219 1
140 219 1
725 219 1
103 220 2
147 220 1
217 220 1
226 220 1
266 220 1
267 220 3
322 220 2
388 220 1
389 220 1
391 220 1
13 221 1
96 221 1
222 221 1
13 222 1
96 222 1
221 222 1
13 223 1
96 223 1
224 223 1
807 223 1
13 224 1
96 224 1
223 224 1
807 224 1
39 225 2
122 225 1
690 225 1
692 225 2
831 225 1
832 225 1
833 225 1
103 226 1
147 226 1
220 226 1
266 226 1
267 226 1
322 226 1
50 227 1
185 227 1
215 227 1
716 227 1
48 228 2
261 229 1
262 229 1
263 229 1
264 229 1
103 230 1
109 230 1
322 230 2
352 230 1
353 230 1
415 230 1
423 230 1
114 231 1
135 231 1
136 231 1
198 231 1
613 231 1
614 231 1
342 232 2
343 232 1
517 232 1
526 232 1
527 232 1
528 232 1
529 232 1
439 233 1
440 233 1
441 233 1
442 233 1
443 233 1
444 233 1
445 233 1
446 233 1
119 234 2
715 234 1
835 234 1
16 235 1
437 235 1
438 235 1
183 236 1
645 236 1
646 236 1
332 237 1
413 237 1
179 238 1
379 238 1
380 238 1
381 238 1
105 239 2
158 239 2
241 240 1
242 240 2
319 240 3
628 240 1
629 240 1
240 241 1
628 241 1
629 241 1
240 242 2
319 242 2
131 243 1
252 243 1
327 243 1
328 243 1
332 243 1
456 243 1
457 243 1
180 244 1
322 244 3
704 244 3
705 244 3
39 245 1
44 245 1
209 245 1
124 246 1
164 246 1
177 246 1
273 246 1
477 246 1
478 246 1
479 246 1
480 246 1
481 246 1
482 246 1
483 246 1
484 246 1
485 246 1
256 247 2
11 248 1
48 248 1
207 248 1
216 248 1
251 248 1
255 248 7
272 248 1
290 248 1
320 248 1
322 248 2
330 248 1
332 248 1
333 248 3
334 248 1
335 248 1
337 248 1
430 248 1
488 248 1
489 248 1
533 248 1
534 248 1
535 248 1
536 248 1
615 248 1
616 248 1
617 248 1
620 248 3
647 248 4
648 248 2
679 248 1
717 248 2
732 248 1
740 248 1
766 248 2
789 248 1
790 248 1
818 248 1
819 248 1
820 248 1
171 249 1
195 249 1
196 249 1
206 249 2
374 249 1
376 249 1
515 249 1
821 249 1
822 249 1
206 250 1
394 250 1
395 250 1
39 251 2
51 251 1
66 251 1
248 251 1
272 251 1
332 251 1
429 251 1
430 251 4
431 251 1
432 251 2
433 251 1
468 251 2
488 251 3
489 251 3
490 251 2
519 251 2
533 251 1
534 251 1
535 251 7
536 251 1
540 251 2
551 251 1
558 251 5
559 251 1
575 251 1
610 251 1
630 251 2
660 251 1
661 251 1
676 251 1
677 251 1
706 251 2
707 251 2
708 251 1
720 251 1
742 251 3
750 251 1
768 251 1
774 251 1
809 251 1
810 251 1
811 251 1
812 251 1
827 251 1
852 251 1
853 251 1
854 251 1
855 251 1
856 251 1
131 252 2
243 252 1
327 252 2
328 252 2
332 252 1
456 252 1
457 252 1
776 252 3
847 252 1
346 253 1
618 253 1
619 253 1
650 254 1
651 254 1
11 255 1
48 255 1
207 255 1
216 255 1
248 255 7
333 255 1
620 255 2
679 255 1
717 255 1
740 255 1
766 255 1
789 255 1
790 255 1
818 255 1
819 255 1
820 255 1
247 256 2
257 256 2
258 256 2
259 256 1
366 256 1
367 256 1
513 256 1
514 256 1
712 256 1
713 256 2
728 256 1
729 256 1
730 256 1
256 257 2
258 257 1
259 257 1
712 257 1
713 257 1
256 258 2
257 258 1
259 258 1
366 258 1
367 258 1
256 259 1
257 259 1
258 259 1
121 260 1
491 260 1
229 261 1
262 261 1
263 261 1
264 261 1
229 262 1
261 262 1
263 262 1
264 262 1
204 263 1
229 263 1
261 263 1
262 263 1
264 263 1
229 264 1
261 264 1
262 264 1
263 264 1
100 265 1
518 265 1
103 266 1
147 266 1
220 266 1
226 266 1
267 266 1
322 266 1
103 267 2
147 267 1
217 267 1
220 267 3
226 267 1
266 267 1
322 267 2
384 267 1
385 267 1
388 267 1
389 267 1
391 267 1
269 268 1
344 268 1
345 268 4
268 269 1
344 269 1
345 269 1
74 270 1
86 270 1
131 271 1
392 271 1
450 271 3
451 271 3
458 271 1
459 271 2
460 271 1
461 271 1
486 271 1
546 271 1
702 271 2
703 271 1
248 272 1
251 272 1
430 272 1
488 272 1
489 272 1
533 272 1
534 272 1
535 272 1
536 272 1
124 273 1
164 273 1
177 273 1
246 273 1
477 273 1
478 273 1
479 273 1
480 273 1
481 273 1
482 273 1
483 273 1
484 273 1
485 273 1
16 274 1
368 274 1
369 274 1
370 274 1
371 274 1
372 274 1
736 275 1
737 275 1
190 276 1
726 276 1
186 277 1
278 277 1
279 277 1
186 278 1
277 278 1
279 278 1
338 278 1
186 279 1
277 279 1
278 279 1
329 280 1
282 281 1
281 282 1
26 283 1
471 283 1
472 283 1
473 283 1
474 283 1
475 283 1
285 284 1
300 284 1
301 284 1
284 285 1
300 285 1
301 285 1
447 286 1
448 286 1
449 286 1
21 287 1
93 287 1
94 287 1
356 287 1
357 287 1
358 287 1
359 287 1
116 288 1
289 288 1
362 288 1
116 289 1
288 289 1
362 289 1
248 290 1
615 290 1
616 290 1
617 290 1
292 291 1
291 292 1
294 293 1
295 293 1
296 293 1
293 294 1
295 294 1
296 294 1
293 295 1
294 295 1
296 295 1
293 296 1
294 296 1
295 296 1
298 297 1
299 297 1
297 298 1
299 298 1
297 299 1
298 299 1
284 300 1
285 300 1
301 300 1
284 301 1
285 301 1
300 301 1
111 302 1
303 302 1
304 302 1
305 302 1
306 302 2
309 302 1
425 302 1
302 303 1
304 303 1
305 303 1
306 303 1
302 304 1
303 304 1
305 304 1
306 304 1
302 305 1
303 305 1
304 305 1
306 305 1
111 306 1
302 306 2
303 306 1
304 306 1
305 306 1
308 307 1
309 307 1
307 308 1
309 308 1
302 309 1
307 309 1
308 309 1
425 309 1
29 310 1
31 310 1
311 310 1
29 311 1
31 311 1
310 311 1
104 312 1
313 312 1
104 313 2
312 313 1
561 313 1
27 314 1
39 314 1
44 314 1
315 314 1
27 315 1
39 315 1
44 315 1
314 315 1
97 316 1
98 316 1
60 317 1
61 317 1
97 318 1
98 318 1
240 319 3
242 319 2
188 320 2
248 320 1
321 320 1
322 320 8
330 320 1
336 320 4
739 320 1
777 320 1
320 321 1
322 321 1
17 322 1
103 322 4
108 322 1
109 322 1
133 322 1
147 322 1
156 322 1
163 322 1
180 322 1
188 322 3
194 322 1
217 322 1
220 322 2
226 322 1
230 322 2
244 322 3
248 322 2
266 322 1
267 322 2
320 322 8
321 322 1
323 322 1
324 322 1
325 322 1
326 322 1
332 322 1
336 322 5
346 322 1
352 322 1
353 322 1
388 322 1
389 322 1
415 322 2
416 322 1
417 322 1
423 322 1
462 322 1
463 322 1
574 322 1
620 322 1
643 322 1
644 322 1
689 322 1
704 322 3
705 322 3
739 322 1
746 322 1
777 322 2
108 323 1
194 323 1
322 323 1
324 323 1
325 323 1
326 323 1
108 324 1
194 324 1
322 324 1
323 324 1
325 324 1
326 324 1
108 325 1
194 325 1
322 325 1
323 325 1
324 325 1
326 325 1
108 326 1
194 326 1
322 326 1
323 326 1
324 326 1
325 326 1
131 327 2
243 327 1
252 327 2
328 327 2
332 327 1
456 327 1
457 327 1
131 328 2
243 328 1
252 328 2
327 328 2
332 328 1
456 328 1
457 328 1
280 329 1
248 330 1
320 330 1
332 331 1
66 332 1
127 332 1
131 332 1
237 332 1
243 332 1
248 332 1
251 332 1
252 332 1
322 332 1
327 332 1
328 332 1
331 332 1
377 332 1
378 332 1
413 332 4
414 332 1
456 332 1
457 332 1
621 332 3
668 332 2
699 332 1
700 332 2
797 332 1
798 332 1
801 332 1
802 332 1
803 332 1
248 333 3
255 333 1
334 333 1
335 333 1
337 333 1
248 334 1
333 334 1
335 334 1
248 335 1
333 335 1
334 335 1
320 336 4
322 336 5
777 336 2
248 337 1
333 337 1
278 338 1
75 339 1
84 339 1
89 339 1
178 339 1
603 339 1
604 339 1
605 339 1
606 339 1
607 339 1
341 340 1
453 340 1
454 340 1
455 340 1
340 341 1
232 342 2
343 342 1
516 342 1
517 342 2
526 342 1
527 342 1
528 342 1
529 342 1
232 343 1
342 343 1
464 343 1
576 343 1
577 343 1
723 343 1
724 343 1
268 344 1
269 344 1
345 344 1
268 345 4
269 345 1
344 345 1
17 346 1
253 346 1
322 346 1
618 346 1
619 346 1
170 347 1
348 347 1
349 347 1
350 347 1
170 348 1
347 348 1
349 348 1
350 348 1
170 349 1
347 349 1
348 349 1
350 349 1
170 350 1
347 350 1
348 350 1
349 350 1
66 351 1
230 352 1
322 352 1
353 352 1
230 353 1
322 353 1
352 353 1
119 354 2
355 354 1
469 354 1
119 355 1
354 355 1
21 356 1
93 356 1
94 356 1
287 356 1
357 356 1
358 356 1
359 356 1
21 357 1
93 357 1
94 357 1
287 357 1
356 357 1
358 357 1
359 357 1
21 358 1
93 358 1
94 358 1
287 358 1
356 358 1
357 358 1
359 358 1
21 359 1
93 359 1
94 359 1
287 359 1
356 359 1
357 359 1
358 359 1
30 360 1
33 360 1
126 360 1
361 360 1
30 361 1
33 361 1
126 361 1
360 361 1
116 362 1
288 362 1
289 362 1
146 363 2
173 363 2
364 363 1
365 363 1
631 363 1
632 363 1
146 364 1
173 364 1
363 364 1
365 364 1
146 365 1
173 365 1
363 365 1
364 365 1
256 366 1
258 366 1
367 366 1
256 367 1
258 367 1
366 367 1
16 368 1
274 368 1
369 368 1
370 368 1
371 368 1
372 368 1
16 369 1
274 369 1
368 369 1
370 369 1
371 369 1
372 369 1
16 370 1
274 370 1
368 370 1
369 370 1
371 370 1
372 370 1
16 371 1
274 371 1
368 371 1
369 371 1
370 371 1
372 371 1
16 372 1
274 372 1
368 372 1
369 372 1
370 372 1
371 372 1
61 373 1
95 373 1
171 374 1
176 374 1
249 374 1
375 374 1
376 374 3
694 374 1
695 374 1
696 374 1
374 375 1
376 375 1
18 376 2
171 376 1
176 376 1
249 376 1
374 376 3
375 376 1
400 376 1
405 376 1
694 376 1
695 376 1
696 376 1
332 377 1
378 377 1
332 378 1
377 378 1
179 379 1
238 379 1
380 379 1
381 379 1
179 380 1
238 380 1
379 380 1
381 380 1
179 381 1
238 381 1
379 381 1
380 381 1
131 382 1
383 382 1
131 383 1
382 383 1
267 384 1
385 384 1
267 385 1
384 385 1
62 386 1
387 386 1
62 387 1
386 387 1
103 388 1
217 388 1
220 388 1
267 388 1
322 388 1
389 388 1
103 389 1
217 389 1
220 389 1
267 389 1
322 389 1
388 389 1
57 390 1
86 390 1
220 391 1
267 391 1
131 392 1
271 392 1
67 393 1
206 394 1
250 394 1
395 394 1
206 395 1
250 395 1
394 395 1
23 396 2
397 396 2
23 397 2
396 397 2
399 398 1
398 399 1
18 400 1
376 400 1
103 401 2
402 401 1
403 401 1
404 401 1
520 401 1
103 402 1
401 402 1
403 402 1
404 402 1
103 403 1
401 403 1
402 403 1
404 403 1
103 404 1
401 404 1
402 404 1
403 404 1
18 405 1
376 405 1
7 406 1
407 406 1
7 407 1
406 407 1
83 408 1
409 408 1
83 409 1
408 409 1
411 410 1
412 410 1
410 411 1
412 411 11
584 411 2
585 411 1
591 411 2
664 411 2
685 411 1
410 412 1
411 412 11
468 412 1
584 412 2
585 412 1
591 412 1
664 412 2
685 412 1
687 412 1
688 412 1
767 412 2
815 412 1
237 413 1
332 413 4
414 413 1
621 413 2
332 414 1
413 414 1
70 415 2
80 415 1
103 415 1
109 415 1
230 415 1
322 415 2
416 415 1
417 415 1
423 415 1
549 415 1
663 415 1
322 416 1
415 416 1
417 416 1
322 417 1
415 417 1
416 417 1
419 418 1
420 418 1
421 418 1
422 418 1
418 419 1
420 419 1
421 419 1
422 419 1
418 420 1
419 420 1
421 420 1
422 420 1
418 421 1
419 421 1
420 421 1
422 421 1
418 422 1
419 422 1
420 422 1
421 422 1
103 423 1
109 423 1
230 423 1
322 423 1
415 423 1
112 424 1
302 425 1
309 425 1
427 426 2
428 426 2
172 427 1
426 427 2
428 427 4
492 427 1
493 427 1
547 427 1
172 428 1
426 428 2
427 428 4
492 428 1
493 428 1
547 428 1
251 429 1
430 429 1
431 429 1
432 429 1
433 429 1
39 430 1
248 430 1
251 430 4
272 430 1
429 430 1
431 430 1
432 430 1
433 430 1
468 430 1
488 430 2
489 430 2
490 430 1
533 430 1
534 430 1
535 430 2
536 430 1
630 430 1
251 431 1
429 431 1
430 431 1
432 431 1
433 431 1
251 432 2
429 432 1
430 432 1
431 432 1
433 432 1
468 432 1
251 433 1
429 433 1
430 433 1
431 433 1
432 433 1
435 434 1
436 434 1
434 435 1
436 435 1
434 436 1
435 436 1
16 437 1
235 437 1
438 437 1
16 438 1
235 438 1
437 438 1
233 439 1
440 439 1
441 439 1
442 439 1
443 439 1
444 439 1
445 439 1
446 439 1
233 440 1
439 440 1
441 440 1
442 440 1
443 440 1
444 440 1
445 440 1
446 440 1
233 441 1
439 441 1
440 441 1
442 441 1
443 441 1
444 441 1
445 441 1
446 441 1
233 442 1
439 442 1
440 442 1
441 442 1
443 442 1
444 442 1
445 442 1
446 442 1
233 443 1
439 443 1
440 443 1
441 443 1
442 443 1
444 443 1
445 443 1
446 443 1
233 444 1
439 444 1
440 444 1
441 444 1
442 444 1
443 444 1
445 444 1
446 444 1
233 445 1
439 445 1
440 445 1
441 445 1
442 445 1
443 445 1
444 445 1
446 445 1
233 446 1
439 446 1
440 446 1
441 446 1
442 446 1
443 446 1
444 446 1
445 446 1
286 447 1
448 447 1
449 447 1
286 448 1
447 448 1
449 448 1
286 449 1
447 449 1
448 449 1
271 450 3
451 450 3
458 450 1
459 450 2
460 450 1
461 450 1
486 450 1
271 451 3
450 451 3
458 451 1
459 451 2
460 451 1
461 451 1
486 451 1
161 452 3
162 452 3
213 452 2
340 453 1
454 453 1
455 453 1
340 454 1
453 454 1
455 454 1
340 455 1
453 455 1
454 455 1
131 456 1
243 456 1
252 456 1
327 456 1
328 456 1
332 456 1
457 456 1
131 457 1
243 457 1
252 457 1
327 457 1
328 457 1
332 457 1
456 457 1
271 458 1
450 458 1
451 458 1
459 458 1
460 458 1
461 458 1
271 459 2
450 459 2
451 459 2
458 459 1
460 459 1
461 459 1
486 459 1
271 460 1
450 460 1
451 460 1
458 460 1
459 460 1
461 460 1
271 461 1
450 461 1
451 461 1
458 461 1
459 461 1
460 461 1
133 462 1
322 462 1
463 462 1
133 463 1
322 463 1
462 463 1
343 464 1
54 465 1
55 465 1
4 466 1
18 466 1
14 467 1
37 467 1
73 467 1
175 467 1
74 468 1
86 468 1
119 468 2
251 468 2
412 468 1
430 468 1
432 468 1
469 468 1
470 468 1
488 468 1
489 468 1
490 468 1
558 468 1
559 468 1
560 468 1
620 468 1
815 468 2
836 468 1
837 468 1
838 468 1
839 468 1
840 468 1
841 468 1
842 468 1
119 469 2
354 469 1
468 469 1
470 469 1
562 469 1
563 469 1
564 469 1
565 469 1
119 470 1
468 470 1
469 470 1
26 471 1
283 471 1
472 471 1
473 471 1
474 471 1
475 471 1
26 472 1
283 472 1
471 472 1
473 472 1
474 472 1
475 472 1
26 473 1
283 473 1
471 473 1
472 473 1
474 473 1
475 473 1
26 474 1
283 474 1
471 474 1
472 474 1
473 474 1
475 474 1
26 475 1
283 475 1
471 475 1
472 475 1
473 475 1
474 475 1
191 476 1
124 477 1
164 477 1
177 477 1
246 477 1
273 477 1
478 477 1
479 477 1
480 477 1
481 477 1
482 477 1
483 477 1
484 477 1
485 477 1
124 478 1
164 478 1
177 478 1
246 478 1
273 478 1
477 478 1
479 478 1
480 478 1
481 478 1
482 478 1
483 478 1
484 478 1
485 478 1
124 479 1
164 479 1
177 479 1
246 479 1
273 479 1
477 479 1
478 479 1
480 479 1
481 479 1
482 479 1
483 479 1
484 479 1
485 479 1
124 480 1
164 480 1
177 480 1
246 480 1
273 480 1
477 480 1
478 480 1
479 480 1
481 480 1
482 480 1
483 480 1
484 480 1
485 480 1
124 481 1
164 481 1
177 481 1
246 481 1
273 481 1
477 481 1
478 481 1
479 481 1
480 481 1
482 481 1
483 481 1
484 481 1
485 481 1
124 482 1
164 482 1
177 482 1
246 482 1
273 482 1
477 482 1
478 482 1
479 482 1
480 482 1
481 482 1
483 482 1
484 482 1
485 482 1
124 483 1
164 483 1
177 483 1
246 483 1
273 483 1
477 483 1
478 483 1
479 483 1
480 483 1
481 483 1
482 483 1
484 483 1
485 483 1
124 484 1
164 484 1
177 484 1
246 484 1
273 484 1
477 484 1
478 484 1
479 484 1
480 484 1
481 484 1
482 484 1
483 484 1
485 484 1
124 485 1
164 485 1
177 485 1
246 485 1
273 485 1
477 485 1
478 485 1
479 485 1
480 485 1
481 485 1
482 485 1
483 485 1
484 485 1
271 486 1
450 486 1
451 486 1
459 486 1
103 487 1
161 487 3
162 487 4
213 487 3
509 487 2
551 487 1
552 487 1
553 487 1
639 487 1
640 487 1
641 487 3
642 487 3
672 487 1
673 487 1
735 487 1
248 488 1
251 488 3
272 488 1
430 488 2
468 488 1
489 488 2
490 488 2
533 488 1
534 488 1
535 488 1
536 488 1
610 488 1
248 489 1
251 489 3
272 489 1
430 489 2
468 489 1
488 489 2
490 489 1
533 489 1
534 489 1
535 489 1
536 489 1
575 489 1
251 490 2
430 490 1
468 490 1
488 490 2
489 490 1
610 490 1
121 491 3
260 491 1
609 491 1
611 491 1
172 492 1
427 492 1
428 492 1
493 492 1
172 493 1
427 493 1
428 493 1
492 493 1
92 494 1
184 494 1
118 495 1
496 495 1
497 495 1
498 495 1
499 495 1
118 496 1
495 496 1
497 496 1
498 496 1
499 496 1
118 497 1
495 497 1
496 497 1
498 497 1
499 497 1
118 498 1
495 498 1
496 498 1
497 498 1
499 498 1
118 499 1
495 499 1
496 499 1
497 499 1
498 499 1
501 500 1
500 501 1
503 502 1
502 503 1
182 504 1
505 504 1
506 504 1
507 504 1
508 504 1
182 505 1
504 505 1
506 505 1
507 505 1
508 505 1
182 506 1
504 506 1
505 506 1
507 506 1
508 506 1
182 507 1
504 507 1
505 507 1
506 507 1
508 507 1
182 508 1
504 508 1
505 508 1
506 508 1
507 508 1
161 509 3
162 509 3
213 509 3
487 509 2
511 510 1
512 510 1
510 511 1
512 511 1
510 512 1
511 512 1
256 513 1
514 513 1
256 514 1
513 514 1
206 515 1
249 515 1
342 516 1
517 516 1
232 517 1
342 517 2
516 517 1
526 517 1
527 517 1
528 517 1
529 517 1
100 518 1
265 518 1
39 519 1
251 519 2
103 520 1
401 520 1
522 521 1
523 521 1
521 522 1
523 522 1
521 523 1
522 523 1
128 524 1
130 524 1
525 524 1
128 525 1
130 525 1
524 525 1
232 526 1
342 526 1
517 526 1
527 526 1
528 526 1
529 526 1
232 527 1
342 527 1
517 527 1
526 527 1
528 527 1
529 527 1
232 528 1
342 528 1
517 528 1
526 528 1
527 528 1
529 528 1
232 529 1
342 529 1
517 529 1
526 529 1
527 529 1
528 529 1
67 530 1
74 531 1
86 531 3
532 531 1
550 531 1
531 532 1
248 533 1
251 533 1
272 533 1
430 533 1
488 533 1
489 533 1
534 533 1
535 533 1
536 533 1
743 533 1
744 533 1
248 534 1
251 534 1
272 534 1
430 534 1
488 534 1
489 534 1
533 534 1
535 534 1
536 534 1
39 535 1
51 535 1
248 535 1
251 535 7
272 535 1
430 535 2
488 535 1
489 535 1
533 535 1
534 535 1
536 535 1
630 535 1
660 535 1
661 535 1
706 535 1
707 535 2
708 535 1
742 535 1
827 535 1
852 535 1
853 535 1
854 535 1
855 535 1
856 535 1
248 536 1
251 536 1
272 536 1
430 536 1
488 536 1
489 536 1
533 536 1
534 536 1
535 536 1
46 537 1
47 537 1
538 537 1
539 537 1
46 538 1
47 538 1
537 538 1
539 538 1
46 539 1
47 539 1
537 539 1
538 539 1
251 540 2
551 540 1
558 540 1
56 541 1
542 541 3
543 541 1
544 541 1
545 541 2
56 542 1
541 542 3
543 542 1
544 542 1
545 542 2
541 543 1
542 543 1
544 543 1
541 544 1
542 544 1
543 544 1
56 545 1
541 545 2
542 545 2
271 546 1
427 547 1
428 547 1
12 548 1
70 549 1
415 549 1
86 550 1
531 550 1
162 551 1
251 551 1
487 551 1
540 551 1
552 551 1
558 551 1
162 552 1
487 552 1
551 552 1
60 553 2
61 553 2
487 553 1
641 553 1
642 553 1
735 553 1
555 554 1
556 554 1
557 554 1
554 555 1
556 555 1
557 555 1
554 556 1
555 556 1
557 556 1
554 557 1
555 557 1
556 557 1
251 558 5
468 558 1
540 558 1
551 558 1
559 558 2
560 558 1
676 558 1
677 558 1
750 558 1
251 559 1
468 559 1
558 559 2
560 559 1
468 560 1
558 560 1
559 560 1
104 561 1
313 561 1
469 562 1
563 562 1
564 562 1
565 562 1
469 563 1
562 563 1
564 563 1
565 563 1
469 564 1
562 564 1
563 564 1
565 564 1
469 565 1
562 565 1
563 565 1
564 565 1
62 566 1
69 566 1
88 566 1
142 566 1
197 566 1
567 566 1
62 567 1
69 567 1
88 567 1
142 567 1
197 567 1
566 567 1
28 568 1
200 568 1
201 568 1
572 568 1
22 569 2
203 569 2
570 569 2
571 569 1
22 570 2
39 570 1
203 570 3
569 570 2
571 570 1
583 570 1
738 570 1
22 571 1
203 571 1
569 571 1
570 571 1
568 572 1
574 573 1
322 574 1
573 574 1
689 574 1
251 575 1
489 575 1
343 576 1
577 576 1
343 577 1
576 577 1
579 578 1
580 578 1
581 578 1
582 578 1
48 579 1
578 579 1
580 579 1
581 579 1
582 579 1
652 579 1
578 580 1
579 580 1
581 580 1
582 580 1
578 581 1
579 581 1
580 581 1
582 581 1
578 582 1
579 582 1
580 582 1
581 582 1
39 583 3
122 583 1
203 583 1
570 583 1
601 583 1
738 583 1
411 584 2
412 584 2
585 584 1
411 585 1
412 585 1
584 585 1
587 586 1
588 586 1
589 586 1
590 586 1
586 587 1
588 587 1
589 587 2
590 587 1
795 587 1
796 587 1
586 588 1
587 588 1
589 588 2
590 588 1
779 588 1
780 588 1
781 588 1
828 588 1
586 589 1
587 589 2
588 589 2
590 589 1
779 589 2
780 589 1
781 589 1
795 589 1
796 589 1
804 589 1
805 589 1
806 589 1
586 590 1
587 590 1
588 590 1
589 590 1
411 591 2
412 591 1
189 592 1
593 592 1
594 592 1
595 592 1
596 592 1
189 593 1
592 593 1
594 593 1
595 593 1
596 593 1
189 594 1
592 594 1
593 594 1
595 594 1
596 594 1
189 595 1
592 595 1
593 595 1
594 595 1
596 595 1
189 596 1
592 596 1
593 596 1
594 596 1
595 596 1
598 597 1
599 597 3
633 597 1
733 597 1
734 597 1
597 598 1
599 598 1
597 599 3
598 599 1
633 599 2
733 599 1
734 599 1
834 599 1
1 600 1
39 600 1
39 601 1
583 601 1
117 602 1
89 603 1
339 603 1
604 603 1
605 603 1
606 603 1
607 603 1
89 604 1
339 604 1
603 604 1
605 604 1
606 604 1
607 604 1
89 605 1
339 605 1
603 605 1
604 605 1
606 605 1
607 605 1
89 606 1
339 606 1
603 606 1
604 606 1
605 606 1
607 606 1
89 607 1
339 607 1
603 607 1
604 607 1
605 607 1
606 607 1
39 608 1
44 608 1
212 608 1
121 609 1
491 609 1
251 610 1
488 610 1
490 610 1
121 611 1
491 611 1
113 612 1
114 613 1
135 613 1
136 613 1
198 613 1
231 613 1
614 613 1
114 614 1
135 614 1
136 614 1
198 614 1
231 614 1
613 614 1
248 615 1
290 615 1
616 615 1
617 615 1
248 616 1
290 616 1
615 616 1
617 616 1
248 617 1
290 617 1
615 617 1
616 617 1
253 618 1
346 618 1
619 618 1
253 619 1
346 619 1
618 619 1
48 620 6
74 620 1
86 620 1
119 620 1
129 620 2
248 620 3
255 620 2
322 620 1
468 620 1
740 620 1
766 620 1
818 620 1
819 620 1
820 620 1
850 620 1
332 621 3
413 621 2
699 621 1
700 621 1
174 622 1
623 622 1
624 622 1
174 623 1
622 623 1
624 623 1
174 624 1
622 624 1
623 624 1
626 625 1
627 625 1
625 626 1
627 626 1
625 627 1
626 627 1
240 628 1
241 628 1
629 628 1
240 629 1
241 629 1
628 629 1
39 630 1
251 630 2
430 630 1
535 630 1
706 630 1
146 631 1
173 631 1
363 631 1
632 631 1
146 632 1
173 632 2
363 632 1
631 632 1
843 632 1
597 633 1
599 633 2
849 633 1
66 634 1
119 635 2
636 635 1
119 636 2
635 636 1
72 637 1
159 637 1
638 637 1
72 638 1
159 638 1
637 638 1
487 639 1
640 639 1
641 639 1
642 639 1
487 640 1
639 640 1
641 640 1
642 640 1
487 641 3
553 641 1
639 641 1
640 641 1
642 641 3
672 641 1
673 641 1
735 641 1
487 642 3
553 642 1
639 642 1
640 642 1
641 642 3
672 642 1
673 642 1
735 642 1
156 643 1
188 643 1
322 643 1
644 643 1
156 644 1
188 644 1
322 644 1
643 644 1
183 645 1
236 645 1
646 645 1
183 646 1
236 646 1
645 646 1
248 647 4
648 647 2
766 647 1
248 648 2
647 648 2
66 649 1
254 650 1
651 650 1
254 651 1
650 651 1
48 652 2
579 652 1
115 653 1
654 653 2
115 654 1
653 654 2
60 655 3
61 655 3
686 655 1
657 656 1
658 656 1
659 656 1
671 656 1
656 657 1
658 657 1
659 657 1
656 658 1
657 658 1
659 658 1
718 658 1
719 658 1
720 658 1
656 659 1
657 659 1
658 659 1
251 660 1
535 660 1
661 660 1
251 661 1
535 661 1
660 661 1
99 662 1
70 663 1
80 663 1
415 663 1
411 664 2
412 664 2
40 665 1
92 665 1
667 666 1
666 667 1
332 668 2
143 669 1
57 670 1
74 670 1
86 670 1
656 671 1
487 672 1
641 672 1
642 672 1
673 672 1
487 673 1
641 673 1
642 673 1
672 673 1
675 674 2
674 675 2
251 676 1
558 676 1
677 676 1
251 677 1
558 677 1
676 677 1
144 678 1
167 678 1
248 679 1
255 679 1
38 680 2
39 680 2
154 680 2
205 680 1
681 680 2
38 681 2
39 681 2
154 681 2
205 681 1
680 681 2
5 682 1
217 682 1
218 682 1
165 683 1
166 683 1
74 684 1
86 684 1
411 685 1
412 685 1
60 686 1
61 686 1
655 686 1
412 687 1
688 687 1
412 688 1
687 688 1
322 689 1
574 689 1
39 690 4
225 690 1
691 690 1
692 690 4
693 690 1
709 690 1
714 690 1
831 690 1
832 690 1
833 690 1
39 691 1
690 691 1
692 691 1
693 691 1
39 692 6
122 692 1
225 692 2
690 692 4
691 692 1
693 692 1
709 692 1
714 692 1
817 692 1
831 692 1
832 692 1
833 692 1
39 693 1
690 693 1
691 693 1
692 693 1
176 694 1
374 694 1
376 694 1
695 694 1
696 694 1
176 695 1
374 695 1
376 695 1
694 695 1
696 695 1
176 696 1
374 696 1
376 696 1
694 696 1
695 696 1
24 697 1
217 697 1
218 697 1
138 698 1
191 698 1
332 699 1
621 699 1
700 699 1
332 700 2
621 700 1
699 700 1
140 701 1
271 702 2
703 702 1
271 703 1
702 703 1
180 704 1
244 704 3
322 704 3
705 704 3
180 705 1
244 705 3
322 705 3
704 705 3
251 706 2
535 706 1
630 706 1
707 706 1
708 706 1
51 707 1
251 707 2
535 707 2
706 707 1
708 707 1
742 707 1
852 707 1
853 707 1
854 707 1
855 707 1
856 707 1
251 708 1
535 708 1
706 708 1
707 708 1
39 709 1
690 709 1
692 709 1
179 710 1
711 710 1
179 711 1
710 711 1
256 712 1
257 712 1
713 712 1
256 713 2
257 713 1
712 713 1
728 713 1
729 713 1
730 713 1
39 714 1
690 714 1
692 714 1
119 715 1
234 715 1
50 716 1
185 716 1
215 716 1
227 716 1
207 717 1
216 717 1
248 717 2
255 717 1
658 718 1
719 718 1
720 718 1
658 719 1
718 719 1
720 719 1
251 720 1
658 720 1
718 720 1
719 720 1
742 720 1
768 720 2
769 720 1
770 720 1
771 720 1
772 720 1
773 720 1
774 720 2
775 720 1
809 720 1
810 720 1
811 720 1
812 720 1
16 721 1
32 722 1
54 722 2
55 722 2
808 722 1
343 723 1
724 723 1
343 724 1
723 724 1
91 725 1
140 725 1
219 725 1
190 726 1
276 726 1
133 727 1
256 728 1
713 728 1
729 728 1
730 728 1
256 729 1
713 729 1
728 729 1
730 729 1
256 730 1
713 730 1
728 730 1
729 730 1
45 731 1
87 731 1
210 731 1
248 732 1
597 733 1
599 733 1
734 733 1
597 734 1
599 734 1
733 734 1
487 735 1
553 735 1
641 735 1
642 735 1
275 736 1
737 736 1
275 737 1
736 737 1
39 738 1
203 738 1
570 738 1
583 738 1
320 739 1
322 739 1
48 740 1
248 740 1
255 740 1
620 740 1
101 741 1
102 741 1
51 742 1
251 742 3
535 742 1
707 742 1
720 742 1
768 742 1
774 742 1
809 742 1
810 742 1
811 742 1
812 742 1
852 742 1
853 742 1
854 742 1
855 742 1
856 742 1
533 743 1
744 743 1
533 744 1
743 744 1
78 745 1
202 745 1
211 745 1
163 746 1
322 746 1
2 747 1
8 747 1
748 747 1
749 747 1
2 748 1
8 748 1
747 748 1
749 748 1
2 749 1
8 749 1
747 749 1
748 749 1
251 750 1
558 750 1
141 751 1
187 751 1
752 751 1
141 752 1
187 752 1
751 752 1
754 753 1
755 753 1
753 754 1
755 754 1
753 755 1
754 755 1
757 756 1
758 756 1
759 756 1
760 756 1
761 756 1
762 756 1
763 756 1
764 756 1
765 756 1
39 757 1
154 757 1
756 757 1
758 757 1
759 757 1
760 757 1
761 757 1
762 757 1
763 757 1
764 757 1
765 757 2
756 758 1
757 758 1
759 758 1
760 758 1
761 758 1
762 758 1
763 758 1
764 758 1
765 758 1
756 759 1
757 759 1
758 759 1
760 759 1
761 759 1
762 759 1
763 759 1
764 759 1
765 759 1
756 760 1
757 760 1
758 760 1
759 760 1
761 760 1
762 760 1
763 760 1
764 760 1
765 760 1
756 761 1
757 761 1
758 761 1
759 761 1
760 761 1
762 761 1
763 761 1
764 761 1
765 761 1
756 762 1
757 762 1
758 762 1
759 762 1
760 762 1
761 762 1
763 762 1
764 762 1
765 762 1
756 763 1
757 763 1
758 763 1
759 763 1
760 763 1
761 763 1
762 763 1
764 763 1
765 763 1
756 764 1
757 764 1
758 764 1
759 764 1
760 764 1
761 764 1
762 764 1
763 764 1
765 764 1
39 765 1
154 765 1
756 765 1
757 765 2
758 765 1
759 765 1
760 765 1
761 765 1
762 765 1
763 765 1
764 765 1
248 766 2
255 766 1
620 766 1
647 766 1
818 766 1
819 766 1
820 766 1
412 767 2
251 768 1
720 768 2
742 768 1
769 768 1
770 768 1
771 768 1
772 768 1
773 768 1
774 768 2
775 768 1
809 768 1
810 768 1
811 768 1
812 768 1
720 769 1
768 769 1
770 769 1
771 769 1
772 769 1
773 769 1
774 769 1
775 769 1
720 770 1
768 770 1
769 770 1
771 770 1
772 770 1
773 770 1
774 770 1
775 770 1
720 771 1
768 771 1
769 771 1
770 771 1
772 771 1
773 771 1
774 771 1
775 771 1
720 772 1
768 772 1
769 772 1
770 772 1
771 772 1
773 772 1
774 772 1
775 772 1
720 773 1
768 773 1
769 773 1
770 773 1
771 773 1
772 773 1
774 773 1
775 773 1
251 774 1
720 774 2
742 774 1
768 774 2
769 774 1
770 774 1
771 774 1
772 774 1
773 774 1
775 774 1
809 774 1
810 774 1
811 774 1
812 774 1
720 775 1
768 775 1
769 775 1
770 775 1
771 775 1
772 775 1
773 775 1
774 775 1
252 776 3
847 776 1
320 777 1
322 777 2
336 777 2
155 778 1
157 778 1
181 778 1
588 779 1
589 779 2
780 779 1
781 779 1
804 779 1
805 779 1
806 779 1
588 780 1
589 780 1
779 780 1
781 780 1
588 781 1
589 781 1
779 781 1
780 781 1
783 782 1
784 782 1
782 783 1
784 783 1
782 784 1
783 784 1
106 785 1
786 785 1
106 786 1
785 786 1
120 787 2
202 787 2
9 788 1
20 788 1
43 788 1
248 789 1
255 789 1
790 789 1
248 790 1
255 790 1
789 790 1
137 791 1
792 791 1
793 791 1
794 791 1
137 792 1
791 792 1
793 792 1
794 792 1
137 793 1
791 793 1
792 793 1
794 793 1
137 794 1
791 794 1
792 794 1
793 794 1
587 795 1
589 795 1
796 795 1
587 796 1
589 796 1
795 796 1
127 797 1
332 797 1
798 797 1
127 798 1
332 798 1
797 798 1
800 799 1
799 800 1
332 801 1
802 801 1
803 801 1
332 802 1
801 802 1
803 802 1
332 803 1
801 803 1
802 803 1
589 804 1
779 804 1
805 804 1
806 804 1
589 805 1
779 805 1
804 805 1
806 805 1
589 806 1
779 806 1
804 806 1
805 806 1
13 807 1
96 807 1
223 807 1
224 807 1
32 808 1
54 808 1
55 808 1
722 808 1
251 809 1
720 809 1
742 809 1
768 809 1
774 809 1
810 809 1
811 809 1
812 809 1
251 810 1
720 810 1
742 810 1
768 810 1
774 810 1
809 810 1
811 810 1
812 810 1
251 811 1
720 811 1
742 811 1
768 811 1
774 811 1
809 811 1
810 811 1
812 811 1
251 812 1
720 812 1
742 812 1
768 812 1
774 812 1
809 812 1
810 812 1
811 812 1
192 813 1
193 813 1
814 813 1
192 814 1
193 814 1
813 814 1
412 815 1
468 815 2
836 815 1
837 815 1
838 815 1
839 815 1
840 815 1
841 815 1
842 815 1
133 816 1
145 816 1
39 817 1
692 817 1
248 818 1
255 818 1
620 818 1
766 818 1
819 818 1
820 818 1
248 819 1
255 819 1
620 819 1
766 819 1
818 819 1
820 819 1
248 820 1
255 820 1
620 820 1
766 820 1
818 820 1
819 820 1
195 821 1
196 821 1
206 821 1
249 821 1
822 821 1
195 822 1
196 822 1
206 822 1
249 822 1
821 822 1
824 823 1
823 824 1
81 825 1
82 825 1
107 825 1
826 825 1
81 826 1
82 826 1
107 826 1
825 826 1
251 827 1
535 827 1
588 828 1
39 829 1
154 829 1
830 829 1
39 830 1
154 830 1
829 830 1
39 831 1
225 831 1
690 831 1
692 831 1
832 831 1
833 831 1
39 832 1
225 832 1
690 832 1
692 832 1
831 832 1
833 832 1
39 833 1
225 833 1
690 833 1
692 833 1
831 833 1
832 833 1
599 834 1
119 835 1
234 835 1
468 836 1
815 836 1
837 836 1
838 836 1
839 836 1
840 836 1
841 836 1
842 836 1
468 837 1
815 837 1
836 837 1
838 837 1
839 837 1
840 837 1
841 837 1
842 837 1
468 838 1
815 838 1
836 838 1
837 838 1
839 838 1
840 838 1
841 838 1
842 838 1
468 839 1
815 839 1
836 839 1
837 839 1
838 839 1
840 839 1
841 839 1
842 839 1
468 840 1
815 840 1
836 840 1
837 840 1
838 840 1
839 840 1
841 840 1
842 840 1
468 841 1
815 841 1
836 841 1
837 841 1
838 841 1
839 841 1
840 841 1
842 841 1
468 842 1
815 842 1
836 842 1
837 842 1
838 842 1
839 842 1
840 842 1
841 842 1
173 843 1
632 843 1
845 844 1
846 844 1
844 845 1
846 845 1
844 846 1
845 846 1
252 847 1
776 847 1
119 848 1
633 849 1
48 850 1
620 850 1
66 851 1
51 852 1
251 852 1
535 852 1
707 852 1
742 852 1
853 852 1
854 852 1
855 852 1
856 852 1
51 853 1
251 853 1
535 853 1
707 853 1
742 853 1
852 853 1
854 853 1
855 853 1
856 853 1
51 854 1
251 854 1
535 854 1
707 854 1
742 854 1
852 854 1
853 854 1
855 854 1
856 854 1
51 855 1
251 855 1
535 855 1
707 855 1
742 855 1
852 855 1
853 855 1
854 855 1
856 855 1
51 856 1
251 856 1
535 856 1
707 856 1
742 856 1
852 856 1
853 856 1
854 856 1
855 856 1
858 857 1
859 857 1
860 857 1
861 857 1
857 858 1
859 858 1
860 858 1
861 858 1
857 859 1
858 859 1
860 859 1
861 859 1
857 860 1
858 860 1
859 860 1
861 860 1
857 861 1
858 861 1
859 861 1
860 861 1
3 862 1
863 862 1
864 862 1
3 863 1
862 863 1
864 863 1
3 864 1
862 864 1
863 864 1
