53 1 1
83 1 1
135 1 1
259 1 1
380 1 1
408 1 1
539 1 1
540 1 1
12 2 1
284 2 1
310 2 1
314 2 1
315 2 1
327 2 1
394 2 1
506 2 1
507 2 1
17 3 1
185 3 1
69 4 2
74 4 2
76 4 1
19 5 1
104 5 1
105 5 1
264 5 1
180 6 1
79 7 1
98 7 1
99 7 2
246 7 1
116 8 1
226 8 1
334 8 1
157 9 1
395 9 1
214 10 1
308 10 1
333 10 1
12 11 1
277 11 1
344 11 1
407 11 1
2 12 1
11 12 1
40 12 1
90 12 1
240 12 1
277 12 2
284 12 1
292 12 1
310 12 1
314 12 1
315 12 1
327 12 1
344 12 1
385 12 1
394 12 1
400 12 1
407 12 1
464 12 1
465 12 1
505 12 1
506 12 1
507 12 1
92 13 1
403 13 1
44 14 1
55 14 1
58 14 1
74 14 1
230 14 1
442 14 1
179 15 1
227 15 1
228 15 1
298 15 1
337 15 1
387 15 1
402 15 1
537 15 1
34 16 1
39 16 1
51 16 1
71 16 1
163 16 1
172 16 1
179 16 1
231 16 1
232 16 2
297 16 1
316 16 1
340 16 1
357 16 1
378 16 1
445 16 1
3 17 1
185 17 1
204 18 1
237 18 1
239 18 1
257 18 1
5 19 1
104 19 1
105 19 1
264 19 1
50 20 2
80 20 1
85 20 1
283 20 1
389 20 1
409 20 1
70 21 1
86 21 1
343 21 1
430 21 1
27 22 1
43 23 1
54 23 1
61 23 1
122 23 1
204 23 1
249 23 1
453 23 1
454 23 1
46 24 1
144 24 1
280 24 1
144 25 1
255 25 1
326 25 1
531 25 1
260 26 1
295 26 1
427 26 1
448 26 1
449 26 1
450 26 1
451 26 1
22 27 1
52 28 1
57 28 1
287 28 1
32 29 1
41 29 1
94 29 1
207 29 1
335 29 1
35 30 1
36 30 1
41 30 1
118 30 1
190 30 1
365 30 1
43 31 1
249 31 1
474 31 1
29 32 1
33 32 1
41 32 1
43 32 1
94 32 2
155 32 1
207 32 1
304 32 1
335 32 1
353 32 2
447 32 1
456 32 1
532 32 1
32 33 1
304 33 1
16 34 1
51 34 1
231 34 1
232 34 1
445 34 1
30 35 1
36 35 1
41 35 1
118 35 1
190 35 1
365 35 1
30 36 1
35 36 1
41 36 1
118 36 1
190 36 1
365 36 1
38 37 1
39 37 2
254 37 1
373 37 1
37 38 1
39 38 1
109 38 1
176 38 1
254 38 1
274 38 1
353 38 1
372 38 1
16 39 1
37 39 2
38 39 1
71 39 1
89 39 1
108 39 1
164 39 1
172 39 1
179 39 1
232 39 1
254 39 1
291 39 1
331 39 1
357 39 1
373 39 2
400 39 1
12 40 1
63 40 1
69 40 1
72 40 1
90 40 1
93 40 1
149 40 1
152 40 1
156 40 1
171 40 1
194 40 1
215 40 1
217 40 1
240 40 1
281 40 1
355 40 1
359 40 1
366 40 1
371 40 1
374 40 1
375 40 1
443 40 3
462 40 1
464 40 2
465 40 1
471 40 1
524 40 1
29 41 1
30 41 1
32 41 1
35 41 1
36 41 1
94 41 1
118 41 1
190 41 1
207 41 1
335 41 1
365 41 1
45 42 1
70 42 2
71 42 3
86 42 1
97 42 1
117 42 2
382 42 1
23 43 1
31 43 1
32 43 1
54 43 1
61 43 1
94 43 1
122 43 1
155 43 1
204 43 1
249 43 2
353 43 1
453 43 1
454 43 1
474 43 1
532 43 1
14 44 1
55 44 1
58 44 1
74 44 1
230 44 1
442 44 1
42 45 1
70 45 1
71 45 1
117 45 1
24 46 1
110 46 1
144 46 1
201 46 1
280 46 1
132 47 1
440 47 1
59 48 1
164 48 1
304 48 1
150 49 1
245 49 1
320 49 1
509 49 1
510 49 1
20 50 2
80 50 1
85 50 1
283 50 1
389 50 1
409 50 1
16 51 1
34 51 1
231 51 1
232 51 1
235 51 1
445 51 1
498 51 1
28 52 1
57 52 1
287 52 1
1 53 1
259 53 1
539 53 1
540 53 1
23 54 1
43 54 1
61 54 1
122 54 1
123 54 1
151 54 1
204 54 1
220 54 1
249 54 2
453 54 1
454 54 1
512 54 1
513 54 1
514 54 1
515 54 1
516 54 1
14 55 1
44 55 1
58 55 1
74 55 1
230 55 1
442 55 1
160 56 1
168 56 1
188 56 1
246 56 1
279 56 1
28 57 1
52 57 1
287 57 1
14 58 1
44 58 1
55 58 1
74 58 1
230 58 1
442 58 1
48 59 1
96 59 1
164 59 1
300 59 1
304 59 1
338 59 1
124 60 1
211 60 1
218 60 1
221 60 1
23 61 1
43 61 1
54 61 1
122 61 1
204 61 1
249 61 1
453 61 1
454 61 1
85 62 1
86 62 1
106 62 1
138 62 1
139 62 1
147 62 1
158 62 1
390 62 1
391 62 1
419 62 1
420 62 1
40 63 1
93 63 1
215 63 1
443 63 1
462 63 1
86 64 1
87 64 1
103 65 1
205 65 1
342 65 1
517 65 1
518 65 1
275 66 1
508 66 1
88 67 1
91 67 1
119 67 1
120 67 1
121 67 1
245 68 1
287 68 1
305 68 1
320 68 1
4 69 2
40 69 1
74 69 2
75 69 1
76 69 1
223 69 1
243 69 1
360 69 1
399 69 1
21 70 1
42 70 2
45 70 1
71 70 3
75 70 1
86 70 1
97 70 2
106 70 2
117 70 1
127 70 1
245 70 2
288 70 1
343 70 1
358 70 2
382 70 1
419 70 1
430 70 1
468 70 1
486 70 1
16 71 1
39 71 1
42 71 3
45 71 1
70 71 3
86 71 1
89 71 1
97 71 2
106 71 1
108 71 1
117 71 2
172 71 1
179 71 1
232 71 1
241 71 1
245 71 1
252 71 1
312 71 1
330 71 1
357 71 1
358 71 1
368 71 1
382 71 1
452 71 1
468 71 1
469 71 1
40 72 1
194 72 1
281 72 1
355 72 1
366 72 1
524 72 1
136 73 1
436 73 1
437 73 1
4 74 2
14 74 1
44 74 1
55 74 1
58 74 1
69 74 2
76 74 1
219 74 1
230 74 1
235 74 1
442 74 1
534 74 1
535 74 1
69 75 1
70 75 1
127 75 1
223 75 1
243 75 1
301 75 1
360 75 1
399 75 1
438 75 1
439 75 1
486 75 1
4 76 1
69 76 1
74 76 1
181 76 1
222 76 1
329 76 1
519 76 1
520 76 1
521 76 1
423 77 1
424 77 1
425 77 1
426 77 1
427 77 1
131 78 1
472 78 1
7 79 1
99 79 1
225 79 1
246 79 1
444 79 1
20 80 1
50 80 1
85 80 1
283 80 1
409 80 1
109 81 1
161 81 1
293 81 1
309 81 1
84 82 1
101 82 1
140 82 1
192 82 1
208 82 1
246 82 1
247 82 1
248 82 1
296 82 1
416 82 2
417 82 2
418 82 2
501 82 1
1 83 1
135 83 1
380 83 1
408 83 1
82 84 1
140 84 1
215 84 1
246 84 1
278 84 1
371 84 1
416 84 1
417 84 1
418 84 1
20 85 1
50 85 1
62 85 1
80 85 1
106 85 1
117 85 2
147 85 1
283 85 1
302 85 2
319 85 1
320 85 2
321 85 2
390 85 1
391 85 1
409 85 1
419 85 1
420 85 1
432 85 1
433 85 1
21 86 1
42 86 1
62 86 1
64 86 1
70 86 1
71 86 1
87 86 1
89 86 1
117 86 1
126 86 1
138 86 1
139 86 1
158 86 1
185 86 1
204 86 1
245 86 1
322 86 1
340 86 1
343 86 2
363 86 1
430 86 1
492 86 1
64 87 1
86 87 1
67 88 1
91 88 1
119 88 1
120 88 1
121 88 1
39 89 1
71 89 1
86 89 1
108 89 2
126 89 1
213 89 1
245 89 1
253 89 1
312 89 1
331 89 2
400 89 1
469 89 1
502 89 1
12 90 1
40 90 1
240 90 1
464 90 1
465 90 1
67 91 1
88 91 1
119 91 1
120 91 1
121 91 1
13 92 1
162 92 1
269 92 1
290 92 1
403 92 1
40 93 1
63 93 1
215 93 1
443 93 1
462 93 1
29 94 1
32 94 2
41 94 1
43 94 1
100 94 1
155 94 1
207 94 1
240 94 1
307 94 1
316 94 1
335 94 1
353 94 1
532 94 1
317 95 1
350 95 1
369 95 1
59 96 1
300 96 1
338 96 1
42 97 1
70 97 2
71 97 2
106 97 1
245 97 1
358 97 1
382 97 1
468 97 1
7 98 1
99 98 1
246 98 1
7 99 2
79 99 1
98 99 1
246 99 1
94 100 1
240 100 1
316 100 1
82 101 1
208 101 2
416 101 1
417 101 1
418 101 1
458 101 1
161 102 1
293 102 1
65 103 1
205 103 1
213 103 1
237 103 1
342 103 1
415 103 1
428 103 1
463 103 1
517 103 1
518 103 1
5 104 1
19 104 1
105 104 1
264 104 1
5 105 1
19 105 1
104 105 1
264 105 1
62 106 1
70 106 2
71 106 1
85 106 1
97 106 1
107 106 1
108 106 1
147 106 2
200 106 1
210 106 1
245 106 1
261 106 1
265 106 1
288 106 1
345 106 1
358 106 1
390 106 1
391 106 1
404 106 1
405 106 1
419 106 3
420 106 1
468 106 1
106 107 1
108 107 1
200 107 1
210 107 1
261 107 1
265 107 1
345 107 1
404 107 1
405 107 1
39 108 1
71 108 1
89 108 2
106 108 1
107 108 1
200 108 1
210 108 1
261 108 1
265 108 1
312 108 1
331 108 1
345 108 1
400 108 1
404 108 1
405 108 1
469 108 1
38 109 1
81 109 1
114 109 1
115 109 1
161 109 1
176 109 1
273 109 1
274 109 1
293 109 2
309 109 1
353 109 1
372 109 1
503 109 1
46 110 1
201 110 1
174 111 1
483 111 1
130 112 1
131 112 1
132 112 1
379 112 1
480 112 1
173 113 1
446 113 1
109 114 1
115 114 2
137 114 1
175 114 1
188 114 1
266 114 1
285 114 1
341 114 1
414 114 1
441 114 1
491 114 1
533 114 1
109 115 1
114 115 2
533 115 1
8 116 1
226 116 1
334 116 1
42 117 2
45 117 1
70 117 1
71 117 2
85 117 2
86 117 1
256 117 1
257 117 1
302 117 2
319 117 1
320 117 2
321 117 2
432 117 1
433 117 1
511 117 1
30 118 1
35 118 1
36 118 1
41 118 1
190 118 1
365 118 1
67 119 1
88 119 1
91 119 1
120 119 1
121 119 1
67 120 1
88 120 1
91 120 1
119 120 1
121 120 1
67 121 1
88 121 1
91 121 1
119 121 1
120 121 1
23 122 1
43 122 1
54 122 1
61 122 1
204 122 1
249 122 1
453 122 1
454 122 1
54 123 1
151 123 1
220 123 1
249 123 1
512 123 1
513 123 1
514 123 1
515 123 1
516 123 1
60 124 1
211 124 1
218 124 1
221 124 1
178 125 1
299 125 1
318 125 1
352 125 1
364 125 1
525 125 1
86 126 1
89 126 1
245 126 1
70 127 1
75 127 1
486 127 1
129 128 1
134 128 1
128 129 1
134 129 1
112 130 1
131 130 1
132 130 1
379 130 1
480 130 1
78 131 1
112 131 1
130 131 1
132 131 1
379 131 1
472 131 1
480 131 1
47 132 1
112 132 1
130 132 1
131 132 1
379 132 1
440 132 2
480 132 1
224 133 1
346 133 1
493 133 1
128 134 1
129 134 1
1 135 1
83 135 1
380 135 1
408 135 1
73 136 1
436 136 1
437 136 1
114 137 1
188 137 1
414 137 1
62 138 1
86 138 1
139 138 1
158 138 1
62 139 1
86 139 1
138 139 1
158 139 1
82 140 1
84 140 1
246 140 1
416 140 1
417 140 1
418 140 1
301 141 1
303 141 1
351 141 1
406 141 1
174 142 2
194 142 1
208 143 1
457 143 1
458 143 1
459 143 1
460 143 1
461 143 1
24 144 1
25 144 1
46 144 1
255 144 1
280 144 1
326 144 1
531 144 1
191 145 1
487 145 1
488 145 1
466 146 1
494 146 1
495 146 1
62 147 1
85 147 1
106 147 2
390 147 1
391 147 1
419 147 2
420 147 1
429 148 1
40 149 1
156 149 1
217 149 1
443 149 1
49 150 1
245 150 1
320 150 1
509 150 1
510 150 1
54 151 1
123 151 1
220 151 1
249 151 1
512 151 1
513 151 1
514 151 1
515 151 1
516 151 1
40 152 1
443 152 1
471 152 1
202 153 2
545 153 2
546 153 1
155 154 1
193 154 1
311 154 1
32 155 1
43 155 1
94 155 1
154 155 1
193 155 1
311 155 1
353 155 1
532 155 1
40 156 1
149 156 1
217 156 1
443 156 1
9 157 1
219 157 1
235 157 1
262 157 1
385 157 1
386 157 1
388 157 1
395 157 1
534 157 1
62 158 1
86 158 1
138 158 1
139 158 1
384 159 1
484 159 1
485 159 1
56 160 1
168 160 1
188 160 1
246 160 1
279 160 1
81 161 1
102 161 1
109 161 1
293 161 2
309 161 1
92 162 1
269 162 1
290 162 1
16 163 1
297 163 1
316 163 1
340 163 1
378 163 1
39 164 1
48 164 1
59 164 1
165 164 1
185 164 1
234 164 1
291 164 1
304 164 1
307 164 1
349 164 2
367 164 1
373 164 1
164 165 1
185 165 1
234 165 1
307 165 1
349 165 1
204 166 1
237 166 1
238 166 1
347 166 1
373 166 1
410 166 1
435 166 1
199 167 1
328 167 1
370 167 1
56 168 1
160 168 1
188 168 1
246 168 1
279 168 1
360 169 1
536 169 1
217 170 1
522 170 1
523 170 1
40 171 1
371 171 1
374 171 1
375 171 1
16 172 1
39 172 1
71 172 1
179 172 1
232 172 1
357 172 1
113 173 1
446 173 1
111 174 1
142 174 2
194 174 2
272 174 1
397 174 1
481 174 1
483 174 1
114 175 1
285 175 1
491 175 1
38 176 1
109 176 1
274 176 1
353 176 1
372 176 1
360 177 1
125 178 1
299 178 1
318 178 1
352 178 1
364 178 1
525 178 1
15 179 1
16 179 1
39 179 1
71 179 1
172 179 1
212 179 1
227 179 2
228 179 1
232 179 1
298 179 1
328 179 1
337 179 1
357 179 1
377 179 1
387 179 1
402 179 1
537 179 1
6 180 1
76 181 1
263 181 1
519 181 1
520 181 1
521 181 1
323 182 1
325 182 1
184 183 1
183 184 1
3 185 1
17 185 1
86 185 1
164 185 1
165 185 1
234 185 1
307 185 1
349 185 1
267 186 1
455 186 1
209 187 1
56 188 1
114 188 1
137 188 1
160 188 1
168 188 1
198 188 1
244 188 8
246 188 4
279 188 3
287 188 1
356 188 1
383 188 2
412 188 4
413 188 3
414 188 3
434 188 1
541 188 1
542 188 1
543 188 1
544 188 1
215 189 1
258 189 1
30 190 1
35 190 1
36 190 1
41 190 1
118 190 1
365 190 1
145 191 1
487 191 1
488 191 1
82 192 1
247 192 1
248 192 1
501 192 1
154 193 1
155 193 1
242 193 1
270 193 1
276 193 2
282 193 1
286 193 1
293 193 2
311 193 1
348 193 2
379 193 1
398 193 1
40 194 1
72 194 1
142 194 1
174 194 2
281 194 1
355 194 1
366 194 1
524 194 1
216 195 1
250 195 1
376 195 1
339 196 1
422 196 1
223 197 1
340 197 1
188 198 1
244 198 1
287 198 1
353 198 1
354 198 1
356 198 1
167 199 1
328 199 1
370 199 1
106 200 1
107 200 1
108 200 1
210 200 1
261 200 1
265 200 1
345 200 1
381 200 1
404 200 1
405 200 1
447 200 1
504 200 1
46 201 1
110 201 1
153 202 2
545 202 2
546 202 1
251 203 1
18 204 1
23 204 1
43 204 1
54 204 1
61 204 1
86 204 1
122 204 1
166 204 1
237 204 6
238 204 1
239 204 3
249 204 1
257 204 4
340 204 1
347 204 2
373 204 1
401 204 1
410 204 3
411 204 1
435 204 1
453 204 1
454 204 1
492 204 1
499 204 1
500 204 1
547 204 1
65 205 1
103 205 1
342 205 1
517 205 1
518 205 1
243 206 1
360 206 1
29 207 1
32 207 1
41 207 1
94 207 1
335 207 1
82 208 1
101 208 2
143 208 1
416 208 1
417 208 1
418 208 1
457 208 1
458 208 2
459 208 1
460 208 1
461 208 1
187 209 1
106 210 1
107 210 1
108 210 1
200 210 1
261 210 1
265 210 1
345 210 1
404 210 1
405 210 1
60 211 1
124 211 1
218 211 1
221 211 1
179 212 1
227 212 1
328 212 1
377 212 1
89 213 1
103 213 1
253 213 1
331 213 1
415 213 1
502 213 1
10 214 1
308 214 1
333 214 1
40 215 1
63 215 1
84 215 1
93 215 1
189 215 1
258 215 1
278 215 1
371 215 1
443 215 1
462 215 1
195 216 1
250 216 1
376 216 1
40 217 1
149 217 1
156 217 1
170 217 1
443 217 1
522 217 1
523 217 1
60 218 1
124 218 1
211 218 1
221 218 1
74 219 1
157 219 1
235 219 2
262 219 1
385 219 1
386 219 1
388 219 1
534 219 2
535 219 1
54 220 1
123 220 1
151 220 1
249 220 1
512 220 1
513 220 1
514 220 1
515 220 1
516 220 1
60 221 1
124 221 1
211 221 1
218 221 1
76 222 1
329 222 1
69 223 1
75 223 1
197 223 1
243 223 1
340 223 2
360 223 1
396 223 1
399 223 1
482 223 1
133 224 1
346 224 1
493 224 1
79 225 1
246 225 1
444 225 1
8 226 1
116 226 1
334 226 1
15 227 1
179 227 2
212 227 1
228 227 1
298 227 1
328 227 1
337 227 1
377 227 1
387 227 1
402 227 1
537 227 1
15 228 1
179 228 1
227 228 1
298 228 1
337 228 1
387 228 1
402 228 1
537 228 1
250 229 1
435 229 1
496 229 1
497 229 1
14 230 1
44 230 1
55 230 1
58 230 1
74 230 1
442 230 1
16 231 1
34 231 1
51 231 1
232 231 1
445 231 1
16 232 2
34 232 1
39 232 1
51 232 1
71 232 1
172 232 1
179 232 1
231 232 1
357 232 1
445 232 1
271 233 1
324 233 1
325 233 1
475 233 1
476 233 1
477 233 1
478 233 1
479 233 1
164 234 1
165 234 1
185 234 1
307 234 1
349 234 1
51 235 1
74 235 1
157 235 1
219 235 2
262 235 1
385 235 1
386 235 1
388 235 1
498 235 1
534 235 2
535 235 1
237 236 1
431 236 1
18 237 1
103 237 1
166 237 1
204 237 6
236 237 1
238 237 1
239 237 3
257 237 4
347 237 2
373 237 1
401 237 1
410 237 3
411 237 1
431 237 1
435 237 1
463 237 1
499 237 1
500 237 1
166 238 1
204 238 1
237 238 1
245 238 1
347 238 1
351 238 1
373 238 1
410 238 1
435 238 1
18 239 1
204 239 3
237 239 3
257 239 3
401 239 1
499 239 1
500 239 1
12 240 1
40 240 1
90 240 1
94 240 1
100 240 1
270 240 1
316 240 1
340 240 1
361 240 1
362 240 1
398 240 1
464 240 1
465 240 1
71 241 1
243 241 1
252 241 1
330 241 1
360 241 1
368 241 1
452 241 1
193 242 1
270 242 1
282 242 1
286 242 1
398 242 1
69 243 1
75 243 1
206 243 1
223 243 1
241 243 1
313 243 1
360 243 4
399 243 1
466 243 1
467 243 1
473 243 1
188 244 8
198 244 1
246 244 3
279 244 2
287 244 3
353 244 2
356 244 1
383 244 2
412 244 4
413 244 3
414 244 2
434 244 1
541 244 1
542 244 1
543 244 1
544 244 1
49 245 1
68 245 1
70 245 2
71 245 1
86 245 1
89 245 1
97 245 1
106 245 1
126 245 1
150 245 1
238 245 1
287 245 1
305 245 1
320 245 2
351 245 1
358 245 2
468 245 1
509 245 1
510 245 1
7 246 1
56 246 1
79 246 1
82 246 1
84 246 1
98 246 1
99 246 1
140 246 1
160 246 1
168 246 1
188 246 4
225 246 1
244 246 3
279 246 2
383 246 1
412 246 2
413 246 1
414 246 1
416 246 1
417 246 1
418 246 1
444 246 1
82 247 1
192 247 1
248 247 1
501 247 1
82 248 1
192 248 1
247 248 1
501 248 1
23 249 1
31 249 1
43 249 2
54 249 2
61 249 1
122 249 1
123 249 1
151 249 1
204 249 1
220 249 1
453 249 1
454 249 1
474 249 1
512 249 1
513 249 1
514 249 1
515 249 1
516 249 1
195 250 1
216 250 1
229 250 1
376 250 1
435 250 1
496 250 1
497 250 1
203 251 1
71 252 1
241 252 1
330 252 1
368 252 1
452 252 1
89 253 1
213 253 1
331 253 1
502 253 1
37 254 1
38 254 1
39 254 1
25 255 1
144 255 1
326 255 1
531 255 1
117 256 1
257 256 1
511 256 1
18 257 1
117 257 1
204 257 4
237 257 4
239 257 3
256 257 1
347 257 1
401 257 1
410 257 1
411 257 1
499 257 1
500 257 1
511 257 1
189 258 1
215 258 1
1 259 1
53 259 1
539 259 1
540 259 1
26 260 1
295 260 1
427 260 1
448 260 1
449 260 1
450 260 1
451 260 1
106 261 1
107 261 1
108 261 1
200 261 1
210 261 1
265 261 1
345 261 1
404 261 1
405 261 1
157 262 1
219 262 1
235 262 1
385 262 1
386 262 1
388 262 1
534 262 1
181 263 1
5 264 1
19 264 1
104 264 1
105 264 1
106 265 1
107 265 1
108 265 1
200 265 1
210 265 1
261 265 1
345 265 1
404 265 1
405 265 1
114 266 1
341 266 1
441 266 1
186 267 1
455 267 1
306 268 1
392 268 1
393 268 1
92 269 1
162 269 1
290 269 1
193 270 1
240 270 1
242 270 1
282 270 1
286 270 1
362 270 1
398 270 2
233 271 1
324 271 1
325 271 1
475 271 1
476 271 1
477 271 1
478 271 1
479 271 1
174 272 1
481 272 1
109 273 1
293 273 1
503 273 1
38 274 1
109 274 1
176 274 1
353 274 1
372 274 1
66 275 1
508 275 1
193 276 2
293 276 2
348 276 2
379 276 1
11 277 1
12 277 2
292 277 1
344 277 1
385 277 1
400 277 1
407 277 1
505 277 1
84 278 1
215 278 1
371 278 1
56 279 1
160 279 1
168 279 1
188 279 3
244 279 2
246 279 2
383 279 2
24 280 1
46 280 1
144 280 1
40 281 1
72 281 1
194 281 1
355 281 1
366 281 1
524 281 1
193 282 1
242 282 1
270 282 1
286 282 1
398 282 1
20 283 1
50 283 1
80 283 1
85 283 1
409 283 1
2 284 1
12 284 1
310 284 1
314 284 1
315 284 1
327 284 1
394 284 1
506 284 1
507 284 1
114 285 1
175 285 1
491 285 1
193 286 1
242 286 1
270 286 1
282 286 1
398 286 1
28 287 1
52 287 1
57 287 1
68 287 1
188 287 1
198 287 1
244 287 3
245 287 1
305 287 1
320 287 1
353 287 3
354 287 1
412 287 1
413 287 1
414 287 1
70 288 1
106 288 1
419 288 1
332 289 1
538 289 1
92 290 1
162 290 1
269 290 1
39 291 1
164 291 1
373 291 1
12 292 1
277 292 1
385 292 1
400 292 1
505 292 1
81 293 1
102 293 1
109 293 2
161 293 2
193 293 2
273 293 1
276 293 2
309 293 1
348 293 2
379 293 1
503 293 1
317 294 1
470 294 1
26 295 1
260 295 1
427 295 1
448 295 1
449 295 1
450 295 1
451 295 1
82 296 1
16 297 1
163 297 1
316 297 1
340 297 1
378 297 1
15 298 1
179 298 1
227 298 1
228 298 1
337 298 1
387 298 1
402 298 1
537 298 1
125 299 1
178 299 1
318 299 1
352 299 1
364 299 1
525 299 1
59 300 1
96 300 1
338 300 1
75 301 1
141 301 1
303 301 1
351 301 1
406 301 1
438 301 1
439 301 1
85 302 2
117 302 2
319 302 1
320 302 2
321 302 2
432 302 1
433 302 1
141 303 1
301 303 1
351 303 1
406 303 1
32 304 1
33 304 1
48 304 1
59 304 1
164 304 1
68 305 1
245 305 1
287 305 1
320 305 1
268 306 1
392 306 1
393 306 1
94 307 1
164 307 1
165 307 1
185 307 1
234 307 1
349 307 1
10 308 1
214 308 1
333 308 1
81 309 1
109 309 1
161 309 1
293 309 1
2 310 1
12 310 1
284 310 1
314 310 1
315 310 1
327 310 1
394 310 1
506 310 1
507 310 1
154 311 1
155 311 1
193 311 1
71 312 1
89 312 1
108 312 1
469 312 1
243 313 1
360 313 1
2 314 1
12 314 1
284 314 1
310 314 1
315 314 1
327 314 1
394 314 1
506 314 1
507 314 1
2 315 1
12 315 1
284 315 1
310 315 1
314 315 1
327 315 1
394 315 1
506 315 1
507 315 1
16 316 1
94 316 1
100 316 1
163 316 1
240 316 1
297 316 1
340 316 1
378 316 1
95 317 1
294 317 1
336 317 1
350 317 3
369 317 1
421 317 1
470 317 1
489 317 1
490 317 1
125 318 1
178 318 1
299 318 1
352 318 1
364 318 1
525 318 1
85 319 1
117 319 1
302 319 1
320 319 1
321 319 1
49 320 1
68 320 1
85 320 2
117 320 2
150 320 1
245 320 2
287 320 1
302 320 2
305 320 1
319 320 1
321 320 2
432 320 1
433 320 1
509 320 1
510 320 1
85 321 2
117 321 2
302 321 2
319 321 1
320 321 2
432 321 1
433 321 1
86 322 1
363 322 1
182 323 1
325 323 1
233 324 1
271 324 1
325 324 2
475 324 2
476 324 2
477 324 1
478 324 1
479 324 1
182 325 1
233 325 1
271 325 1
323 325 1
324 325 2
475 325 2
476 325 2
477 325 1
478 325 1
479 325 1
25 326 1
144 326 1
255 326 1
531 326 1
2 327 1
12 327 1
284 327 1
310 327 1
314 327 1
315 327 1
394 327 1
506 327 1
507 327 1
167 328 1
179 328 1
199 328 1
212 328 1
227 328 1
370 328 1
377 328 1
76 329 1
222 329 1
71 330 1
241 330 1
252 330 1
368 330 1
452 330 1
39 331 1
89 331 2
108 331 1
213 331 1
253 331 1
400 331 1
502 331 1
289 332 1
538 332 1
10 333 1
214 333 1
308 333 1
8 334 1
116 334 1
226 334 1
29 335 1
32 335 1
41 335 1
94 335 1
207 335 1
317 336 1
350 336 1
421 336 1
15 337 1
179 337 1
227 337 1
228 337 1
298 337 1
387 337 1
402 337 1
537 337 1
59 338 1
96 338 1
300 338 1
196 339 1
422 339 1
16 340 1
86 340 1
163 340 1
197 340 1
204 340 1
223 340 2
240 340 1
297 340 1
316 340 1
361 340 1
378 340 1
396 340 1
482 340 1
492 340 1
526 340 1
527 340 1
528 340 1
529 340 1
530 340 1
114 341 1
266 341 1
441 341 1
65 342 1
103 342 1
205 342 1
517 342 1
518 342 1
21 343 1
70 343 1
86 343 2
430 343 1
11 344 1
12 344 1
277 344 1
407 344 1
106 345 1
107 345 1
108 345 1
200 345 1
210 345 1
261 345 1
265 345 1
404 345 1
405 345 1
133 346 1
224 346 1
493 346 1
166 347 1
204 347 2
237 347 2
238 347 1
257 347 1
373 347 1
410 347 2
411 347 1
435 347 1
193 348 2
276 348 2
293 348 2
379 348 1
164 349 2
165 349 1
185 349 1
234 349 1
307 349 1
367 349 1
95 350 1
317 350 3
336 350 1
369 350 1
421 350 1
489 350 1
490 350 1
141 351 1
238 351 1
245 351 1
301 351 1
303 351 1
406 351 1
125 352 1
178 352 1
299 352 1
318 352 1
364 352 1
525 352 1
32 353 2
38 353 1
43 353 1
94 353 1
109 353 1
155 353 1
176 353 1
198 353 1
244 353 2
274 353 1
287 353 3
354 353 1
372 353 1
447 353 1
456 353 1
532 353 1
198 354 1
287 354 1
353 354 1
40 355 1
72 355 1
194 355 1
281 355 1
366 355 1
524 355 1
188 356 1
198 356 1
244 356 1
16 357 1
39 357 1
71 357 1
172 357 1
179 357 1
232 357 1
70 358 2
71 358 1
97 358 1
106 358 1
245 358 2
468 358 1
40 359 1
464 359 1
69 360 1
75 360 1
169 360 1
177 360 1
206 360 1
223 360 1
241 360 1
243 360 4
313 360 1
399 360 1
536 360 1
240 361 1
340 361 1
240 362 1
270 362 1
398 362 1
86 363 1
322 363 1
125 364 1
178 364 1
299 364 1
318 364 1
352 364 1
525 364 1
30 365 1
35 365 1
36 365 1
41 365 1
118 365 1
190 365 1
40 366 1
72 366 1
194 366 1
281 366 1
355 366 1
524 366 1
164 367 1
349 367 1
71 368 1
241 368 1
252 368 1
330 368 1
452 368 1
95 369 1
317 369 1
350 369 1
167 370 1
199 370 1
328 370 1
40 371 1
84 371 1
171 371 1
215 371 1
278 371 1
374 371 1
375 371 1
38 372 1
109 372 1
176 372 1
274 372 1
353 372 1
37 373 1
39 373 2
164 373 1
166 373 1
204 373 1
237 373 1
238 373 1
291 373 1
347 373 1
410 373 1
435 373 1
40 374 1
171 374 1
371 374 1
375 374 1
40 375 1
171 375 1
371 375 1
374 375 1
195 376 1
216 376 1
250 376 1
179 377 1
212 377 1
227 377 1
328 377 1
16 378 1
163 378 1
297 378 1
316 378 1
340 378 1
112 379 1
130 379 1
131 379 1
132 379 1
193 379 1
276 379 1
293 379 1
348 379 1
480 379 1
1 380 1
83 380 1
135 380 1
408 380 1
200 381 1
447 381 3
504 381 1
42 382 1
70 382 1
71 382 1
97 382 1
188 383 2
244 383 2
246 383 1
279 383 2
159 384 1
484 384 1
485 384 1
12 385 1
157 385 1
219 385 1
235 385 1
262 385 1
277 385 1
292 385 1
386 385 1
388 385 1
400 385 1
505 385 1
534 385 1
157 386 1
219 386 1
235 386 1
262 386 1
385 386 1
388 386 1
534 386 1
15 387 1
179 387 1
227 387 1
228 387 1
298 387 1
337 387 1
402 387 1
537 387 1
157 388 1
219 388 1
235 388 1
262 388 1
385 388 1
386 388 1
534 388 1
20 389 1
50 389 1
62 390 1
85 390 1
106 390 1
147 390 1
391 390 1
419 390 1
420 390 1
62 391 1
85 391 1
106 391 1
147 391 1
390 391 1
419 391 1
420 391 1
268 392 1
306 392 1
393 392 1
268 393 1
306 393 1
392 393 1
2 394 1
12 394 1
284 394 1
310 394 1
314 394 1
315 394 1
327 394 1
506 394 1
507 394 1
9 395 1
157 395 1
223 396 1
340 396 1
482 396 1
174 397 1
193 398 1
240 398 1
242 398 1
270 398 2
282 398 1
286 398 1
362 398 1
69 399 1
75 399 1
223 399 1
243 399 1
360 399 1
12 400 1
39 400 1
89 400 1
108 400 1
277 400 1
292 400 1
331 400 1
385 400 1
505 400 1
204 401 1
237 401 1
239 401 1
257 401 1
499 401 1
500 401 1
15 402 1
179 402 1
227 402 1
228 402 1
298 402 1
337 402 1
387 402 1
537 402 1
13 403 1
92 403 1
106 404 1
107 404 1
108 404 1
200 404 1
210 404 1
261 404 1
265 404 1
345 404 1
405 404 1
106 405 1
107 405 1
108 405 1
200 405 1
210 405 1
261 405 1
265 405 1
345 405 1
404 405 1
141 406 1
301 406 1
303 406 1
351 406 1
11 407 1
12 407 1
277 407 1
344 407 1
1 408 1
83 408 1
135 408 1
380 408 1
20 409 1
50 409 1
80 409 1
85 409 1
283 409 1
166 410 1
204 410 3
237 410 3
238 410 1
257 410 1
347 410 2
373 410 1
411 410 1
435 410 1
204 411 1
237 411 1
257 411 1
347 411 1
410 411 1
188 412 4
244 412 4
246 412 2
287 412 1
413 412 3
414 412 2
541 412 1
542 412 1
543 412 1
544 412 1
188 413 3
244 413 3
246 413 1
287 413 1
412 413 3
414 413 1
541 413 1
542 413 1
543 413 1
544 413 1
114 414 1
137 414 1
188 414 3
244 414 2
246 414 1
287 414 1
412 414 2
413 414 1
103 415 1
213 415 1
82 416 2
84 416 1
101 416 1
140 416 1
208 416 1
246 416 1
417 416 2
418 416 2
82 417 2
84 417 1
101 417 1
140 417 1
208 417 1
246 417 1
416 417 2
418 417 2
82 418 2
84 418 1
101 418 1
140 418 1
208 418 1
246 418 1
416 418 2
417 418 2
62 419 1
70 419 1
85 419 1
106 419 3
147 419 2
288 419 1
390 419 1
391 419 1
420 419 1
62 420 1
85 420 1
106 420 1
147 420 1
390 420 1
391 420 1
419 420 1
317 421 1
336 421 1
350 421 1
196 422 1
339 422 1
77 423 1
424 423 1
425 423 1
426 423 1
427 423 1
77 424 1
423 424 1
425 424 1
426 424 1
427 424 1
77 425 1
423 425 1
424 425 1
426 425 1
427 425 1
77 426 1
423 426 1
424 426 1
425 426 1
427 426 1
26 427 1
77 427 1
260 427 1
295 427 1
423 427 1
424 427 1
425 427 1
426 427 1
448 427 1
449 427 1
450 427 1
451 427 1
103 428 1
148 429 1
21 430 1
70 430 1
86 430 1
343 430 1
236 431 1
237 431 1
85 432 1
117 432 1
302 432 1
320 432 1
321 432 1
433 432 1
85 433 1
117 433 1
302 433 1
320 433 1
321 433 1
432 433 1
188 434 1
244 434 1
166 435 1
204 435 1
229 435 1
237 435 1
238 435 1
250 435 1
347 435 1
373 435 1
410 435 1
496 435 1
497 435 1
73 436 1
136 436 1
437 436 1
73 437 1
136 437 1
436 437 1
75 438 1
301 438 1
439 438 1
75 439 1
301 439 1
438 439 1
47 440 1
132 440 2
114 441 1
266 441 1
341 441 1
14 442 1
44 442 1
55 442 1
58 442 1
74 442 1
230 442 1
40 443 3
63 443 1
93 443 1
149 443 1
152 443 1
156 443 1
215 443 1
217 443 1
462 443 1
471 443 1
79 444 1
225 444 1
246 444 1
16 445 1
34 445 1
51 445 1
231 445 1
232 445 1
113 446 1
173 446 1
32 447 1
200 447 1
353 447 1
381 447 3
456 447 1
504 447 1
26 448 1
260 448 1
295 448 1
427 448 1
449 448 1
450 448 1
451 448 1
26 449 1
260 449 1
295 449 1
427 449 1
448 449 1
450 449 1
451 449 1
26 450 1
260 450 1
295 450 1
427 450 1
448 450 1
449 450 1
451 450 1
26 451 1
260 451 1
295 451 1
427 451 1
448 451 1
449 451 1
450 451 1
71 452 1
241 452 1
252 452 1
330 452 1
368 452 1
23 453 1
43 453 1
54 453 1
61 453 1
122 453 1
204 453 1
249 453 1
454 453 1
23 454 1
43 454 1
54 454 1
61 454 1
122 454 1
204 454 1
249 454 1
453 454 1
186 455 1
267 455 1
32 456 1
353 456 1
447 456 1
143 457 1
208 457 1
458 457 1
459 457 1
460 457 1
461 457 1
101 458 1
143 458 1
208 458 2
457 458 1
459 458 1
460 458 1
461 458 1
143 459 1
208 459 1
457 459 1
458 459 1
460 459 1
461 459 1
143 460 1
208 460 1
457 460 1
458 460 1
459 460 1
461 460 1
143 461 1
208 461 1
457 461 1
458 461 1
459 461 1
460 461 1
40 462 1
63 462 1
93 462 1
215 462 1
443 462 1
103 463 1
237 463 1
12 464 1
40 464 2
90 464 1
240 464 1
359 464 1
465 464 1
12 465 1
40 465 1
90 465 1
240 465 1
464 465 1
146 466 1
243 466 1
467 466 1
494 466 1
495 466 1
243 467 1
466 467 1
70 468 1
71 468 1
97 468 1
106 468 1
245 468 1
358 468 1
71 469 1
89 469 1
108 469 1
312 469 1
294 470 1
317 470 1
40 471 1
152 471 1
443 471 1
78 472 1
131 472 1
243 473 1
31 474 1
43 474 1
249 474 1
233 475 1
271 475 1
324 475 2
325 475 2
476 475 2
477 475 1
478 475 1
479 475 1
233 476 1
271 476 1
324 476 2
325 476 2
475 476 2
477 476 1
478 476 1
479 476 1
233 477 1
271 477 1
324 477 1
325 477 1
475 477 1
476 477 1
478 477 1
479 477 1
233 478 1
271 478 1
324 478 1
325 478 1
475 478 1
476 478 1
477 478 1
479 478 1
233 479 1
271 479 1
324 479 1
325 479 1
475 479 1
476 479 1
477 479 1
478 479 1
112 480 1
130 480 1
131 480 1
132 480 1
379 480 1
174 481 1
272 481 1
223 482 1
340 482 1
396 482 1
111 483 1
174 483 1
159 484 1
384 484 1
485 484 1
159 485 1
384 485 1
484 485 1
70 486 1
75 486 1
127 486 1
145 487 1
191 487 1
488 487 1
145 488 1
191 488 1
487 488 1
317 489 1
350 489 1
490 489 1
317 490 1
350 490 1
489 490 1
114 491 1
175 491 1
285 491 1
86 492 1
204 492 1
340 492 1
133 493 1
224 493 1
346 493 1
146 494 1
466 494 1
495 494 1
146 495 1
466 495 1
494 495 1
229 496 1
250 496 1
435 496 1
497 496 1
229 497 1
250 497 1
435 497 1
496 497 1
51 498 1
235 498 1
204 499 1
237 499 1
239 499 1
257 499 1
401 499 1
500 499 1
204 500 1
237 500 1
239 500 1
257 500 1
401 500 1
499 500 1
82 501 1
192 501 1
247 501 1
248 501 1
89 502 1
213 502 1
253 502 1
331 502 1
109 503 1
273 503 1
293 503 1
200 504 1
381 504 1
447 504 1
12 505 1
277 505 1
292 505 1
385 505 1
400 505 1
2 506 1
12 506 1
284 506 1
310 506 1
314 506 1
315 506 1
327 506 1
394 506 1
507 506 1
2 507 1
12 507 1
284 507 1
310 507 1
314 507 1
315 507 1
327 507 1
394 507 1
506 507 1
66 508 1
275 508 1
49 509 1
150 509 1
245 509 1
320 509 1
510 509 1
49 510 1
150 510 1
245 510 1
320 510 1
509 510 1
117 511 1
256 511 1
257 511 1
54 512 1
123 512 1
151 512 1
220 512 1
249 512 1
513 512 1
514 512 1
515 512 1
516 512 1
54 513 1
123 513 1
151 513 1
220 513 1
249 513 1
512 513 1
514 513 1
515 513 1
516 513 1
54 514 1
123 514 1
151 514 1
220 514 1
249 514 1
512 514 1
513 514 1
515 514 1
516 514 1
54 515 1
123 515 1
151 515 1
220 515 1
249 515 1
512 515 1
513 515 1
514 515 1
516 515 1
54 516 1
123 516 1
151 516 1
220 516 1
249 516 1
512 516 1
513 516 1
514 516 1
515 516 1
65 517 1
103 517 1
205 517 1
342 517 1
518 517 1
65 518 1
103 518 1
205 518 1
342 518 1
517 518 1
76 519 1
181 519 1
520 519 1
521 519 1
76 520 1
181 520 1
519 520 1
521 520 1
76 521 1
181 521 1
519 521 1
520 521 1
170 522 1
217 522 1
523 522 1
170 523 1
217 523 1
522 523 1
40 524 1
72 524 1
194 524 1
281 524 1
355 524 1
366 524 1
125 525 1
178 525 1
299 525 1
318 525 1
352 525 1
364 525 1
340 526 1
527 526 1
528 526 1
529 526 1
530 526 1
340 527 1
526 527 1
528 527 1
529 527 1
530 527 1
340 528 1
526 528 1
527 528 1
529 528 1
530 528 1
340 529 1
526 529 1
527 529 1
528 529 1
530 529 1
340 530 1
526 530 1
527 530 1
528 530 1
529 530 1
25 531 1
144 531 1
255 531 1
326 531 1
32 532 1
43 532 1
94 532 1
155 532 1
353 532 1
114 533 1
115 533 1
74 534 1
157 534 1
219 534 2
235 534 2
262 534 1
385 534 1
386 534 1
388 534 1
535 534 1
74 535 1
219 535 1
235 535 1
534 535 1
169 536 1
360 536 1
15 537 1
179 537 1
227 537 1
228 537 1
298 537 1
337 537 1
387 537 1
402 537 1
289 538 1
332 538 1
1 539 1
53 539 1
259 539 1
540 539 1
1 540 1
53 540 1
259 540 1
539 540 1
188 541 1
244 541 1
412 541 1
413 541 1
542 541 1
543 541 1
544 541 1
188 542 1
244 542 1
412 542 1
413 542 1
541 542 1
543 542 1
544 542 1
188 543 1
244 543 1
412 543 1
413 543 1
541 543 1
542 543 1
544 543 1
188 544 1
244 544 1
412 544 1
413 544 1
541 544 1
542 544 1
543 544 1
153 545 2
202 545 2
546 545 1
153 546 1
202 546 1
545 546 1
204 547 1
