84 1 1
272 1 1
76 2 1
201 2 1
395 2 1
164 3 1
118 4 1
60 5 1
81 5 1
162 5 1
229 6 1
310 6 1
179 7 1
217 7 1
9 8 1
10 8 1
183 8 1
8 9 1
10 9 1
183 9 1
8 10 1
9 10 1
183 10 1
101 11 1
200 11 3
210 11 2
432 11 1
62 12 1
396 12 1
194 13 2
33 14 1
198 14 1
413 14 1
414 14 1
117 15 1
38 16 1
272 16 1
279 16 1
323 16 1
229 17 1
161 18 4
167 18 2
276 18 2
364 18 1
388 18 2
445 18 1
446 18 1
447 18 1
100 19 1
147 19 1
246 19 1
83 20 1
109 20 1
22 21 1
103 21 1
21 22 1
23 22 1
103 22 1
22 23 1
144 24 1
464 24 1
465 24 1
466 24 1
338 25 1
46 26 1
74 26 1
111 27 2
249 27 2
355 27 2
357 27 1
59 28 1
130 28 2
210 29 1
218 29 1
52 30 1
343 30 1
344 30 2
39 31 1
40 31 2
93 31 1
187 31 1
260 31 1
33 32 1
81 32 1
14 33 1
32 33 1
81 33 1
119 33 1
120 33 1
129 33 1
198 33 1
214 33 1
413 33 2
414 33 1
415 33 1
217 34 2
235 34 2
270 34 1
273 34 2
342 34 1
363 35 1
389 35 1
390 35 1
61 36 1
217 36 1
78 37 1
320 37 1
16 38 1
279 38 1
31 39 1
40 39 1
31 40 2
39 40 1
67 40 1
93 40 1
143 40 2
184 40 2
187 40 1
260 40 1
362 40 1
129 41 1
131 41 1
397 41 1
424 41 1
425 41 1
171 42 1
188 43 1
191 43 1
151 44 1
191 45 1
285 45 1
286 45 1
291 45 1
26 46 1
74 46 1
48 47 1
49 47 1
47 48 1
49 48 1
47 49 1
48 49 1
51 50 1
483 50 1
50 51 1
483 51 1
30 52 1
343 52 1
344 52 1
58 53 1
81 53 1
113 53 1
132 53 1
228 53 1
269 53 1
293 53 1
334 53 1
87 54 1
129 54 1
290 54 1
426 54 1
427 54 1
428 54 1
254 55 1
486 55 1
487 55 1
111 56 1
153 56 2
189 56 1
355 56 1
386 56 1
433 56 2
193 57 1
384 57 1
53 58 1
269 58 1
28 59 1
130 59 1
5 60 1
81 60 2
159 60 1
162 60 1
287 60 1
36 61 1
12 62 1
396 62 1
375 63 1
99 64 1
128 65 1
294 66 1
382 66 1
40 67 1
143 67 1
184 67 1
362 67 1
93 68 1
135 68 1
147 68 1
190 68 1
281 68 1
297 68 1
377 68 1
130 69 1
177 69 1
180 69 1
185 69 1
417 69 1
213 70 1
236 71 1
141 72 1
230 72 1
270 72 2
307 72 1
421 72 1
441 72 1
480 72 1
481 72 1
482 72 1
199 73 1
26 74 1
46 74 1
367 75 1
2 76 1
411 77 1
37 78 1
320 78 1
101 79 1
333 79 1
418 79 1
422 80 1
5 81 1
32 81 1
33 81 1
53 81 1
60 81 2
121 81 1
122 81 1
162 81 1
287 81 1
124 82 1
20 83 1
109 83 1
1 84 1
191 85 1
279 85 1
272 86 1
54 87 1
129 87 1
290 87 1
426 87 1
427 87 1
428 87 1
191 88 2
286 88 1
287 88 2
395 88 1
97 89 1
210 89 1
115 90 1
311 90 1
221 91 1
238 92 1
31 93 1
40 93 1
68 93 1
135 93 2
187 93 3
190 93 1
260 93 1
280 93 1
281 93 1
297 93 1
352 93 2
377 93 2
404 93 1
405 93 1
192 94 1
104 95 1
277 95 1
97 96 1
89 97 1
96 97 1
210 97 1
244 98 1
298 98 1
64 99 1
19 100 1
147 100 3
148 100 1
168 100 1
223 100 3
246 100 4
391 100 1
11 101 1
79 101 1
200 101 1
210 101 1
239 101 1
333 101 1
407 101 1
271 102 1
468 102 1
21 103 1
22 103 1
95 104 1
277 104 1
106 105 2
107 105 1
152 105 1
155 105 1
266 105 1
376 105 2
105 106 2
155 106 1
376 106 1
105 107 1
376 107 1
457 107 1
370 108 1
20 109 1
83 109 1
477 110 1
27 111 2
56 111 1
189 111 1
249 111 2
355 111 3
357 111 1
379 111 1
174 112 1
186 112 1
361 112 1
53 113 1
228 113 1
226 114 1
90 115 1
311 115 1
419 116 1
420 116 1
15 117 1
4 118 1
120 118 2
131 118 1
33 119 1
120 119 3
214 119 1
217 119 1
369 119 1
33 120 1
118 120 2
119 120 3
131 120 1
214 120 1
217 120 3
369 120 3
81 121 1
265 121 2
81 122 1
255 123 1
268 123 1
392 123 1
82 124 1
284 125 2
288 125 1
272 126 1
128 127 1
138 127 1
341 127 1
65 128 1
127 128 1
138 128 1
341 128 1
33 129 1
41 129 1
54 129 1
87 129 1
131 129 1
290 129 1
412 129 1
413 129 1
426 129 1
427 129 1
428 129 1
28 130 2
59 130 1
69 130 1
210 130 1
333 130 1
417 130 1
41 131 1
118 131 1
120 131 1
129 131 1
279 131 1
53 132 1
348 132 1
349 132 1
439 132 1
253 133 1
209 134 1
305 134 1
306 134 1
68 135 1
93 135 2
187 135 1
190 135 1
280 135 1
281 135 1
297 135 1
352 135 1
377 135 1
404 135 1
405 135 1
252 136 1
337 136 1
204 137 1
238 137 1
127 138 1
128 138 1
341 138 1
207 139 1
141 140 2
251 140 1
72 141 1
140 141 2
259 141 1
307 141 1
150 142 1
299 142 1
313 142 1
365 142 1
431 142 1
485 142 1
40 143 2
67 143 1
184 143 2
362 143 1
24 144 1
464 144 1
465 144 1
466 144 1
146 145 1
145 146 1
19 147 1
68 147 1
100 147 3
223 147 2
246 147 6
484 147 1
100 148 1
168 148 1
223 148 1
391 148 1
150 149 1
158 149 1
203 149 1
292 149 1
299 149 1
378 149 3
443 149 2
444 149 1
461 149 1
462 149 1
463 149 1
142 150 1
149 150 1
158 150 1
203 150 1
299 150 2
378 150 1
443 150 1
461 150 1
462 150 1
463 150 1
44 151 1
105 152 1
56 153 2
261 153 1
383 154 1
105 155 1
106 155 1
244 156 1
173 157 1
149 158 1
150 158 1
203 158 1
299 158 2
378 158 1
443 158 2
461 158 1
462 158 1
463 158 1
60 159 1
161 160 1
282 160 1
18 161 4
160 161 1
167 161 2
276 161 1
282 161 1
364 161 1
388 161 1
445 161 1
446 161 1
447 161 1
5 162 1
60 162 1
81 162 1
165 163 1
217 163 1
218 163 1
331 163 1
3 164 1
163 165 1
217 165 1
218 165 1
331 165 1
295 166 2
423 166 1
469 166 1
18 167 2
161 167 2
364 167 1
100 168 1
148 168 1
223 168 1
391 168 1
432 169 1
264 170 1
42 171 1
372 172 2
373 172 2
374 172 2
157 173 1
217 173 1
218 173 1
270 173 1
321 173 1
322 173 1
112 174 1
186 174 1
361 174 1
178 175 1
434 175 1
399 176 1
416 176 1
458 176 1
69 177 1
175 178 1
434 178 1
7 179 1
217 179 1
69 180 1
185 180 1
196 181 1
197 181 1
243 182 1
8 183 1
9 183 1
10 183 1
40 184 2
67 184 1
143 184 2
362 184 1
69 185 1
180 185 1
112 186 1
174 186 1
361 186 1
31 187 1
40 187 1
93 187 3
135 187 1
260 187 1
280 187 1
352 187 2
377 187 1
404 187 1
405 187 1
43 188 1
191 188 1
56 189 1
111 189 1
355 189 1
68 190 1
93 190 1
135 190 1
281 190 1
297 190 1
377 190 1
43 191 1
45 191 1
85 191 1
88 191 2
188 191 1
279 191 1
285 191 1
286 191 2
287 191 2
291 191 1
395 191 1
94 192 1
57 193 1
384 193 1
13 194 2
206 194 1
247 194 1
399 194 1
406 194 1
451 195 1
181 196 1
197 196 1
181 197 1
196 197 1
14 198 1
33 198 1
413 198 1
414 198 1
73 199 1
212 199 1
301 199 1
11 200 3
101 200 1
210 200 2
432 200 1
2 201 1
217 201 1
227 201 1
395 201 1
217 202 1
366 202 1
149 203 1
150 203 1
158 203 1
299 203 1
378 203 2
443 203 1
461 203 1
462 203 1
463 203 1
137 204 1
238 204 1
217 205 1
368 205 1
194 206 1
406 206 1
139 207 1
240 207 2
319 207 1
238 208 1
275 208 1
134 209 1
305 209 1
306 209 2
336 209 1
432 209 1
435 209 1
11 210 2
29 210 1
89 210 1
97 210 1
101 210 1
130 210 1
200 210 2
237 210 1
333 210 1
403 210 1
256 211 1
199 212 1
70 213 1
33 214 1
119 214 1
120 214 1
216 215 3
217 215 2
344 215 1
460 215 1
215 216 3
217 216 1
7 217 1
34 217 2
36 217 1
119 217 1
120 217 3
163 217 1
165 217 1
173 217 1
179 217 1
201 217 1
202 217 1
205 217 1
215 217 2
216 217 1
218 217 4
235 217 2
273 217 2
274 217 2
331 217 1
344 217 2
366 217 1
368 217 1
369 217 4
444 217 1
460 217 2
29 218 1
163 218 1
165 218 1
173 218 1
217 218 4
331 218 1
444 218 1
359 219 1
283 220 1
91 221 1
278 222 1
100 223 3
147 223 2
148 223 1
168 223 1
246 223 2
391 223 1
248 224 1
385 224 1
452 225 1
453 225 1
114 226 1
201 227 1
53 228 1
113 228 1
371 228 1
6 229 1
17 229 1
310 229 1
72 230 1
350 231 1
279 232 1
304 233 1
238 234 1
353 234 1
354 234 2
356 234 1
34 235 2
217 235 2
273 235 2
71 236 1
210 237 1
241 237 1
267 237 2
316 237 1
92 238 1
137 238 1
204 238 1
208 238 1
234 238 1
275 238 1
354 238 1
356 238 1
101 239 1
207 240 2
319 240 1
237 241 1
267 241 1
314 242 1
315 242 2
456 242 1
182 243 1
98 244 1
156 244 1
298 244 1
360 245 1
19 246 1
100 246 4
147 246 6
223 246 2
484 246 1
194 247 1
224 248 1
27 249 2
111 249 2
355 249 2
357 249 1
251 250 1
140 251 1
250 251 1
136 252 1
337 252 1
133 253 1
55 254 1
123 255 1
211 256 1
324 257 1
468 257 1
312 258 1
459 258 1
141 259 1
317 259 1
318 259 1
31 260 1
40 260 1
93 260 1
187 260 1
153 261 1
262 261 1
279 261 2
296 261 1
429 261 2
467 261 1
261 262 1
296 262 1
264 263 1
402 263 1
170 264 1
263 264 1
402 264 1
442 264 1
121 265 2
105 266 1
237 267 2
241 267 1
123 268 1
53 269 1
58 269 1
34 270 1
72 270 2
173 270 1
321 270 1
322 270 1
342 270 1
421 270 1
441 270 1
480 270 1
481 270 1
482 270 1
102 271 1
468 271 1
1 272 1
16 272 1
86 272 1
126 272 1
323 272 1
34 273 2
217 273 2
235 273 2
378 273 1
217 274 2
208 275 1
238 275 1
18 276 2
161 276 1
388 276 2
95 277 1
104 277 1
222 278 1
16 279 1
38 279 1
85 279 1
131 279 1
191 279 1
232 279 1
261 279 2
358 279 1
429 279 2
467 279 1
93 280 1
135 280 1
187 280 1
352 280 1
404 280 1
405 280 1
68 281 1
93 281 1
135 281 1
190 281 1
297 281 1
377 281 1
160 282 1
161 282 1
220 283 1
125 284 2
288 284 1
45 285 1
191 285 1
286 285 1
291 285 1
45 286 1
88 286 1
191 286 2
285 286 1
287 286 1
291 286 1
395 286 1
60 287 1
81 287 1
88 287 2
191 287 2
286 287 1
395 287 1
125 288 1
284 288 1
327 289 1
328 289 1
54 290 1
87 290 1
129 290 1
426 290 1
427 290 1
428 290 1
45 291 1
191 291 1
285 291 1
286 291 1
149 292 1
378 292 1
53 293 1
334 293 1
66 294 1
382 294 1
166 295 2
423 295 1
469 295 1
261 296 1
262 296 1
68 297 1
93 297 1
135 297 1
190 297 1
281 297 1
377 297 1
98 298 1
244 298 1
470 298 1
471 298 1
472 298 1
473 298 1
474 298 1
475 298 1
476 298 1
142 299 1
149 299 1
150 299 2
158 299 2
203 299 1
378 299 1
443 299 2
461 299 1
462 299 1
463 299 1
301 300 1
199 301 1
300 301 1
303 302 1
302 303 1
233 304 1
134 305 1
209 305 1
306 305 1
134 306 1
209 306 2
305 306 1
336 306 1
393 306 1
394 306 1
432 306 1
435 306 1
72 307 1
141 307 1
309 308 1
308 309 1
6 310 1
229 310 1
90 311 1
115 311 1
258 312 1
459 312 1
142 313 1
242 314 1
315 314 1
242 315 2
314 315 1
456 315 1
237 316 1
259 317 1
318 317 1
259 318 1
317 318 1
207 319 1
240 319 1
37 320 1
78 320 1
173 321 1
270 321 1
322 321 1
173 322 1
270 322 1
321 322 1
16 323 1
272 323 1
257 324 1
326 325 1
325 326 1
332 326 1
289 327 1
328 327 1
289 328 1
327 328 1
330 329 1
329 330 1
163 331 1
165 331 1
217 331 1
218 331 1
326 332 1
79 333 1
101 333 1
130 333 1
210 333 1
53 334 1
293 334 1
336 335 1
209 336 1
306 336 1
335 336 1
432 336 1
435 336 1
136 337 1
252 337 1
25 338 1
340 339 1
339 340 1
127 341 1
128 341 1
138 341 1
34 342 1
270 342 1
30 343 1
52 343 1
344 343 1
30 344 2
52 344 1
215 344 1
217 344 2
343 344 1
369 344 1
460 344 2
346 345 1
347 345 1
345 346 1
347 346 1
345 347 1
346 347 1
132 348 1
132 349 1
231 350 1
352 351 1
93 352 2
135 352 1
187 352 2
280 352 1
351 352 1
377 352 1
404 352 1
405 352 1
234 353 1
354 353 1
234 354 2
238 354 1
353 354 1
356 354 1
27 355 2
56 355 1
111 355 3
189 355 1
249 355 2
357 355 1
234 356 1
238 356 1
354 356 1
27 357 1
111 357 1
249 357 1
355 357 1
279 358 1
219 359 1
245 360 1
112 361 1
174 361 1
186 361 1
40 362 1
67 362 1
143 362 1
184 362 1
35 363 1
18 364 1
161 364 1
167 364 1
142 365 1
202 366 1
217 366 1
75 367 1
205 368 1
217 368 1
119 369 1
120 369 3
217 369 4
344 369 1
460 369 1
108 370 1
228 371 1
172 372 2
373 372 2
374 372 2
172 373 2
372 373 2
374 373 2
380 373 1
381 373 1
172 374 2
372 374 2
373 374 2
63 375 1
105 376 2
106 376 1
107 376 1
68 377 1
93 377 2
135 377 1
187 377 1
190 377 1
281 377 1
297 377 1
352 377 1
149 378 3
150 378 1
158 378 1
203 378 2
273 378 1
292 378 1
299 378 1
443 378 2
444 378 1
461 378 1
462 378 1
463 378 1
111 379 1
373 380 1
381 380 1
373 381 1
380 381 1
66 382 1
294 382 1
154 383 1
57 384 1
193 384 1
224 385 1
56 386 1
497 387 1
18 388 2
161 388 1
276 388 2
35 389 1
35 390 1
100 391 1
148 391 1
168 391 1
223 391 1
123 392 1
306 393 1
394 393 1
306 394 1
393 394 1
2 395 1
88 395 1
191 395 1
201 395 1
286 395 1
287 395 1
12 396 1
62 396 1
41 397 1
399 398 1
176 399 1
194 399 1
398 399 1
416 399 2
458 399 1
401 400 1
400 401 1
263 402 1
264 402 1
210 403 1
93 404 1
135 404 1
187 404 1
280 404 1
352 404 1
405 404 1
93 405 1
135 405 1
187 405 1
280 405 1
352 405 1
404 405 1
194 406 1
206 406 1
101 407 1
409 408 1
410 408 1
408 409 1
410 409 1
408 410 1
409 410 1
77 411 1
129 412 1
14 413 1
33 413 2
129 413 1
198 413 1
414 413 1
14 414 1
33 414 1
198 414 1
413 414 1
33 415 1
176 416 1
399 416 2
458 416 1
69 417 1
130 417 1
79 418 1
116 419 1
420 419 1
116 420 1
419 420 1
72 421 1
270 421 1
441 421 1
480 421 1
481 421 1
482 421 1
80 422 1
166 423 1
295 423 1
41 424 1
425 424 1
41 425 1
424 425 1
54 426 1
87 426 1
129 426 1
290 426 1
427 426 1
428 426 1
54 427 1
87 427 1
129 427 1
290 427 1
426 427 1
428 427 1
54 428 1
87 428 1
129 428 1
290 428 1
426 428 1
427 428 1
261 429 2
279 429 2
467 429 1
431 430 1
142 431 1
430 431 1
485 431 1
11 432 1
169 432 1
200 432 1
209 432 1
306 432 1
336 432 1
435 432 1
56 433 2
175 434 1
178 434 1
209 435 1
306 435 1
336 435 1
432 435 1
437 436 1
438 436 1
436 437 1
438 437 1
436 438 1
437 438 1
132 439 1
441 440 1
72 441 1
270 441 1
421 441 1
440 441 1
480 441 1
481 441 1
482 441 1
264 442 1
149 443 2
150 443 1
158 443 2
203 443 1
299 443 2
378 443 2
444 443 1
461 443 1
462 443 1
463 443 1
149 444 1
217 444 1
218 444 1
378 444 1
443 444 1
18 445 1
161 445 1
446 445 1
447 445 1
18 446 1
161 446 1
445 446 1
447 446 1
18 447 1
161 447 1
445 447 1
446 447 1
449 448 1
450 448 1
448 449 1
450 449 1
448 450 1
449 450 1
195 451 1
225 452 1
453 452 1
225 453 1
452 453 1
455 454 1
454 455 1
242 456 1
315 456 1
107 457 1
176 458 1
399 458 1
416 458 1
258 459 1
312 459 1
215 460 1
217 460 2
344 460 2
369 460 1
149 461 1
150 461 1
158 461 1
203 461 1
299 461 1
378 461 1
443 461 1
462 461 1
463 461 1
149 462 1
150 462 1
158 462 1
203 462 1
299 462 1
378 462 1
443 462 1
461 462 1
463 462 1
149 463 1
150 463 1
158 463 1
203 463 1
299 463 1
378 463 1
443 463 1
461 463 1
462 463 1
24 464 1
144 464 1
465 464 1
466 464 1
24 465 1
144 465 1
464 465 1
466 465 1
24 466 1
144 466 1
464 466 1
465 466 1
261 467 1
279 467 1
429 467 1
102 468 1
257 468 1
271 468 1
166 469 1
295 469 1
298 470 1
471 470 1
472 470 1
473 470 1
474 470 1
475 470 1
476 470 1
298 471 1
470 471 1
472 471 1
473 471 1
474 471 1
475 471 1
476 471 1
298 472 1
470 472 1
471 472 1
473 472 1
474 472 1
475 472 1
476 472 1
298 473 1
470 473 1
471 473 1
472 473 1
474 473 1
475 473 1
476 473 1
298 474 1
470 474 1
471 474 1
472 474 1
473 474 1
475 474 1
476 474 1
298 475 1
470 475 1
471 475 1
472 475 1
473 475 1
474 475 1
476 475 1
298 476 1
470 476 1
471 476 1
472 476 1
473 476 1
474 476 1
475 476 1
110 477 1
479 478 1
478 479 1
72 480 1
270 480 1
421 480 1
441 480 1
481 480 1
482 480 1
72 481 1
270 481 1
421 481 1
441 481 1
480 481 1
482 481 1
72 482 1
270 482 1
421 482 1
441 482 1
480 482 1
481 482 1
50 483 1
51 483 1
147 484 1
246 484 1
142 485 1
431 485 1
55 486 1
487 486 1
55 487 1
486 487 1
489 488 1
490 488 1
491 488 1
492 488 1
493 488 1
494 488 1
495 488 1
496 488 1
488 489 1
490 489 1
491 489 1
492 489 1
493 489 1
494 489 1
495 489 1
496 489 1
488 490 1
489 490 1
491 490 1
492 490 1
493 490 1
494 490 1
495 490 1
496 490 1
488 491 1
489 491 1
490 491 1
492 491 1
493 491 1
494 491 1
495 491 1
496 491 1
488 492 1
489 492 1
490 492 1
491 492 1
493 492 1
494 492 1
495 492 1
496 492 1
488 493 1
489 493 1
490 493 1
491 493 1
492 493 1
494 493 1
495 493 1
496 493 1
488 494 1
489 494 1
490 494 1
491 494 1
492 494 1
493 494 1
495 494 1
496 494 1
488 495 1
489 495 1
490 495 1
491 495 1
492 495 1
493 495 1
494 495 1
496 495 1
488 496 1
489 496 1
490 496 1
491 496 1
492 496 1
493 496 1
494 496 1
495 496 1
387 497 1
