478 1 1
617 1 1
1137 1 1
1138 1 1
406 2 1
508 2 1
111 3 1
178 3 1
12 4 1
36 4 1
50 4 1
244 4 1
283 4 1
294 4 2
407 4 1
874 4 1
6 5 1
478 5 1
941 5 1
5 6 1
478 6 1
941 6 1
159 7 1
1440 7 1
1441 7 1
1700 7 1
1705 7 1
1706 7 1
1707 7 1
29 8 1
49 8 2
120 8 1
152 8 1
225 8 1
226 8 1
227 8 1
1144 8 1
1044 9 1
1045 9 1
1046 9 1
198 10 2
487 10 1
893 11 1
4 12 1
36 12 1
50 12 1
283 12 1
294 12 1
874 12 1
24 13 1
43 13 4
131 13 1
144 13 1
155 13 1
441 13 1
547 13 4
915 13 4
939 13 1
940 13 3
983 13 1
984 13 1
1303 13 2
1432 13 1
1433 13 1
297 14 1
479 14 1
1458 14 1
1459 14 1
108 15 1
109 15 1
123 15 1
140 15 1
221 15 1
248 15 1
265 15 1
349 15 1
597 15 1
621 15 1
1253 15 1
17 16 1
185 16 1
16 17 1
185 17 1
134 18 1
272 18 1
324 18 2
655 18 1
480 19 1
1317 19 1
21 20 1
357 20 1
358 20 1
359 20 1
360 20 1
463 20 1
20 21 1
357 21 1
358 21 1
359 21 1
360 21 1
463 21 1
63 22 1
276 22 1
1355 22 1
63 23 7
80 23 4
127 23 1
328 23 1
668 23 6
1183 23 4
1208 23 1
1209 23 1
1233 23 1
1399 23 1
13 24 1
43 24 1
91 25 1
315 25 1
429 25 1
467 25 2
509 25 1
816 25 1
840 25 1
883 25 1
1047 25 1
1048 25 1
1049 25 1
1050 25 1
1051 25 1
1052 25 1
1086 25 1
1127 25 2
1332 25 1
680 26 1
864 26 1
865 26 1
866 26 1
867 26 1
868 26 1
869 26 1
28 27 1
250 27 1
1725 27 1
1726 27 1
27 28 1
97 28 1
129 28 1
236 28 1
250 28 1
473 28 1
1407 28 1
1725 28 1
1726 28 1
8 29 1
49 29 1
225 29 1
226 29 1
227 29 1
272 30 1
964 30 1
965 30 1
121 31 1
122 31 1
1180 31 1
54 32 1
55 32 1
260 32 1
261 32 1
584 32 1
462 33 1
556 33 1
873 33 1
188 34 1
329 34 1
566 34 1
1386 34 1
1387 34 1
1388 34 1
37 35 1
46 35 1
1058 35 1
1636 35 1
1637 35 1
1638 35 1
1639 35 1
1640 35 1
4 36 1
12 36 1
50 36 1
283 36 1
294 36 1
874 36 1
35 37 1
46 37 1
1636 37 1
1637 37 1
1638 37 1
1639 37 1
1640 37 1
80 38 1
82 38 1
163 38 1
1620 38 1
518 39 1
718 39 1
719 39 1
1436 39 1
1437 39 1
1438 39 1
677 40 1
678 40 2
768 40 3
780 40 2
909 40 2
1389 40 1
1390 40 2
1391 40 1
609 41 2
678 41 1
745 41 2
942 41 2
943 41 1
1134 41 1
1135 41 1
1136 41 1
1234 41 1
676 42 1
1687 42 1
13 43 4
24 43 1
131 43 1
144 43 1
155 43 1
441 43 1
547 43 3
915 43 3
939 43 1
940 43 3
1303 43 2
1432 43 1
1433 43 1
205 44 1
982 44 1
504 45 1
510 45 1
528 45 1
561 45 1
688 45 1
35 46 1
37 46 1
1636 46 1
1637 46 1
1638 46 1
1639 46 1
1640 46 1
48 47 1
971 47 1
47 48 1
971 48 1
8 49 2
29 49 1
120 49 1
152 49 1
225 49 1
226 49 1
227 49 1
1144 49 1
4 50 1
12 50 1
36 50 1
283 50 1
294 50 1
874 50 1
167 51 5
187 51 1
193 51 1
274 51 1
991 51 2
1091 51 2
1279 51 1
81 52 1
101 52 1
624 52 1
625 52 1
746 52 1
747 52 1
1374 52 1
1375 52 1
1376 52 1
1377 52 1
1378 52 1
1713 52 1
145 53 1
224 53 1
374 53 3
433 53 1
438 53 1
482 53 2
520 53 2
750 53 1
781 53 6
782 53 2
783 53 1
784 53 1
785 53 1
806 53 2
985 53 1
1352 53 2
1540 53 1
1621 53 1
32 54 1
55 54 1
260 54 1
261 54 1
584 54 1
32 55 1
54 55 1
260 55 1
261 55 1
584 55 1
202 56 1
330 56 1
331 56 1
832 57 1
833 57 1
1613 58 1
1614 58 1
1615 58 1
1616 58 1
591 59 1
1149 59 1
61 60 1
733 60 1
60 61 1
733 61 1
107 62 1
22 63 1
23 63 7
80 63 9
82 63 1
101 63 1
127 63 4
147 63 1
149 63 3
168 63 1
204 63 1
223 63 1
252 63 1
276 63 2
328 63 1
340 63 1
391 63 1
403 63 1
405 63 2
430 63 4
431 63 2
432 63 1
434 63 1
435 63 1
442 63 1
443 63 2
476 63 1
510 63 2
528 63 2
589 63 1
590 63 2
610 63 1
612 63 1
627 63 5
628 63 1
668 63 9
689 63 1
944 63 1
990 63 1
1001 63 1
1015 63 1
1016 63 1
1183 63 4
1208 63 1
1209 63 1
1233 63 1
1315 63 1
1349 63 1
1355 63 1
1373 63 1
1374 63 1
1397 63 1
1399 63 1
1509 63 1
1510 63 1
1511 63 1
1512 63 1
1521 63 1
1522 63 2
1523 63 1
1524 63 1
1642 63 1
1643 63 1
1654 63 1
1663 63 1
1699 63 1
1700 63 1
1715 63 1
1716 63 1
1717 63 1
499 64 1
726 64 1
184 65 1
312 65 1
313 65 1
341 65 1
642 66 1
138 67 1
404 67 1
636 67 1
637 67 1
69 68 1
68 69 1
86 70 1
135 70 1
182 70 1
212 70 1
216 70 1
666 70 1
712 70 1
846 70 1
1630 71 1
73 72 1
79 72 1
94 72 1
130 72 1
411 72 1
600 72 1
601 72 1
656 72 1
922 72 1
1703 72 1
72 73 1
79 73 1
89 73 1
104 73 1
168 73 1
600 73 1
654 73 1
656 73 1
666 73 1
392 74 1
691 74 1
692 74 1
130 75 1
132 75 1
661 75 1
662 75 1
1121 76 1
1122 76 1
1123 76 1
361 77 1
427 77 1
583 77 2
1624 77 1
670 78 1
72 79 1
73 79 1
89 79 1
130 79 1
168 79 1
666 79 1
23 80 4
38 80 1
63 80 9
82 80 3
83 80 1
127 80 1
163 80 1
276 80 1
328 80 1
430 80 1
589 80 1
657 80 1
668 80 6
944 80 1
1001 80 1
1183 80 2
1208 80 1
1209 80 1
1315 80 1
1373 80 1
1620 80 1
52 81 1
38 82 1
63 82 1
80 82 3
83 82 1
163 82 1
657 82 1
1315 82 1
1620 82 1
80 83 1
82 83 1
657 83 1
85 84 1
325 84 1
84 85 1
325 85 1
70 86 1
135 86 1
182 86 1
212 86 1
216 86 1
402 86 1
575 86 1
652 86 1
666 86 2
712 86 2
713 86 1
309 87 1
310 87 1
202 88 1
73 89 1
79 89 1
113 89 1
168 89 1
365 89 1
612 89 1
666 89 1
930 89 1
99 90 1
958 90 1
959 90 1
25 91 1
92 91 1
93 91 1
299 91 1
883 91 1
91 92 1
93 92 1
299 92 1
91 93 1
92 93 1
299 93 1
72 94 1
95 94 1
112 94 1
218 94 1
455 94 2
463 94 1
593 94 1
595 94 2
600 94 1
601 94 1
612 94 1
619 94 1
664 94 2
666 94 1
918 94 1
919 94 1
920 94 2
921 94 1
922 94 7
923 94 3
924 94 1
1020 94 1
1021 94 1
1022 94 1
1039 94 1
1237 94 1
1508 94 1
1730 94 1
1731 94 1
94 95 1
922 95 1
321 96 2
326 96 1
445 96 1
461 96 1
848 96 1
849 96 2
908 96 1
910 96 1
911 96 1
912 96 1
913 96 1
1255 96 1
1256 96 1
1257 96 1
1258 96 1
1259 96 1
28 97 1
129 97 1
1221 98 1
90 99 1
1012 100 1
52 101 1
63 101 1
168 101 1
610 101 1
612 101 1
625 101 1
741 101 1
746 101 1
747 101 1
1374 101 2
1375 101 1
1376 101 1
1377 101 1
1378 101 1
1469 101 1
1470 101 1
1471 101 1
1699 101 1
1700 101 1
1732 101 1
1733 101 1
1734 101 1
1735 101 1
541 102 2
542 102 1
162 103 1
646 103 1
758 103 1
73 104 1
600 104 1
634 104 3
1508 104 1
549 105 1
1031 105 1
164 106 1
173 106 1
174 106 1
208 106 1
567 106 1
1333 106 1
1334 106 1
62 107 1
15 108 1
109 108 1
248 108 1
15 109 1
108 109 1
248 109 1
202 110 1
974 110 2
975 110 1
1316 110 1
3 111 1
178 111 1
251 111 2
94 112 1
89 113 1
277 113 1
612 113 1
966 114 2
116 115 1
288 115 1
320 115 1
877 115 1
878 115 1
115 116 1
288 116 1
320 116 1
877 116 1
878 116 1
279 117 1
384 118 1
575 118 1
1531 118 1
1532 118 2
1682 118 1
1224 119 1
1329 119 1
1541 119 1
8 120 1
49 120 1
152 120 1
1144 120 1
31 121 1
122 121 1
1180 121 1
31 122 1
121 122 1
1180 122 1
15 123 1
140 123 1
221 123 1
265 123 1
349 123 1
597 123 1
621 123 1
1253 123 1
399 124 1
400 124 1
1401 124 1
1402 124 1
1403 124 1
515 125 1
1248 125 1
623 126 1
632 126 2
1013 126 1
23 127 1
63 127 4
80 127 1
627 127 3
668 127 1
1183 127 1
1521 127 1
1522 127 2
1523 127 1
1524 127 1
1642 127 1
1643 127 1
1679 127 1
195 128 2
397 128 1
28 129 1
97 129 1
72 130 1
75 130 1
79 130 1
132 130 1
492 130 1
661 130 1
662 130 1
1600 130 1
1601 130 1
1664 130 1
1665 130 1
1666 130 1
13 131 1
43 131 1
441 131 1
547 131 1
915 131 1
939 131 1
940 131 1
75 132 1
130 132 1
661 132 1
662 132 1
156 133 1
1095 133 1
18 134 1
324 134 1
70 135 1
86 135 1
182 135 1
212 135 1
216 135 1
666 135 1
712 135 1
170 136 1
291 136 1
334 136 3
342 136 1
1379 137 1
67 138 1
404 138 1
636 138 1
637 138 1
1688 139 1
1689 139 1
1690 139 1
15 140 1
123 140 1
221 140 1
265 140 1
349 140 1
597 140 1
621 140 1
1253 140 1
510 141 1
513 141 1
517 141 1
143 142 4
183 142 1
215 142 4
216 142 4
521 142 1
142 143 4
183 143 1
215 143 5
216 143 4
245 143 1
246 143 1
521 143 1
13 144 1
43 144 1
155 144 1
547 144 1
915 144 1
940 144 1
1303 144 1
53 145 1
374 145 1
438 145 1
527 145 1
599 145 1
806 145 1
1225 145 1
1226 145 1
1227 145 1
390 146 1
63 147 1
149 147 1
204 147 1
340 147 1
430 147 1
627 147 1
1397 147 1
1509 147 1
1510 147 1
1511 147 1
1512 147 1
149 148 1
335 148 1
1324 148 1
63 149 3
147 149 1
148 149 1
204 149 1
319 149 1
335 149 2
340 149 1
430 149 3
431 149 2
432 149 1
434 149 1
442 149 1
443 149 2
510 149 2
528 149 2
627 149 1
689 149 1
1322 149 1
1323 149 1
1324 149 2
1397 149 1
1509 149 1
1510 149 1
1511 149 1
1512 149 1
1663 149 1
437 150 1
659 150 1
791 150 1
859 150 2
860 150 2
861 150 1
644 151 1
1219 151 1
1220 151 1
8 152 1
49 152 1
120 152 1
1144 152 1
433 153 2
630 154 1
907 154 1
13 155 1
43 155 1
144 155 1
547 155 1
915 155 1
940 155 1
1303 155 1
133 156 1
192 156 1
1095 156 2
1216 156 1
158 157 3
428 157 3
640 157 3
1504 157 1
157 158 3
428 158 3
640 158 3
1504 158 1
7 159 1
578 159 1
629 159 1
1440 159 1
1441 159 1
1700 159 1
1705 159 1
1706 159 1
1707 159 1
287 160 1
298 160 2
1142 160 2
211 161 1
1410 161 1
1411 161 1
1412 161 1
103 162 1
38 163 1
80 163 1
82 163 1
1620 163 1
106 164 1
173 164 1
174 164 1
208 164 1
567 164 1
1333 164 1
1334 164 1
383 165 1
203 166 1
51 167 5
187 167 1
193 167 1
991 167 2
1091 167 2
1279 167 1
63 168 1
73 168 1
79 168 1
89 168 1
101 168 1
175 168 1
176 168 1
177 168 1
186 168 2
240 168 2
289 168 1
304 168 1
337 168 1
610 168 1
612 168 1
650 168 1
666 168 1
1202 168 1
1203 168 1
1207 168 1
1325 168 1
1374 168 1
1442 168 3
1443 168 3
1444 168 1
1445 168 1
1501 168 2
1502 168 2
1503 168 1
1533 168 2
1622 168 1
1623 168 1
1696 168 1
1697 168 1
1699 168 1
1700 168 1
680 169 1
136 170 1
342 170 1
172 171 1
401 171 1
171 172 1
401 172 1
106 173 1
164 173 1
174 173 1
208 173 1
567 173 1
1333 173 1
1334 173 1
106 174 1
164 174 1
173 174 1
208 174 1
567 174 1
1333 174 1
1334 174 1
168 175 1
186 175 1
168 176 1
177 176 1
168 177 1
176 177 1
3 178 1
111 178 1
1245 179 1
1246 179 1
659 180 2
1260 180 1
1106 181 1
1107 181 1
70 182 1
86 182 1
135 182 1
212 182 1
216 182 1
666 182 1
712 182 1
142 183 1
143 183 1
215 183 1
216 183 1
65 184 1
312 184 1
313 184 1
341 184 1
1667 184 1
1668 184 1
1669 184 1
16 185 1
17 185 1
168 186 2
175 186 1
51 187 1
167 187 1
34 188 1
329 188 1
566 188 1
1386 188 1
1387 188 1
1388 188 1
776 189 1
1014 190 1
343 191 2
389 191 2
870 191 2
871 191 1
872 191 2
1270 191 1
1271 191 1
1652 191 1
1653 191 1
156 192 1
1095 192 1
1216 192 1
51 193 1
167 193 1
991 193 1
424 194 1
722 194 2
723 194 1
128 195 2
397 195 1
308 196 1
279 197 1
281 197 1
705 197 1
706 197 1
10 198 2
487 198 1
811 199 2
1092 200 1
1093 200 1
1094 200 1
891 201 1
892 201 1
56 202 1
88 202 1
110 202 1
330 202 1
331 202 1
974 202 1
1316 202 1
1562 202 2
166 203 1
368 203 1
529 203 1
672 203 1
808 203 1
809 203 1
810 203 1
63 204 1
147 204 1
149 204 1
340 204 1
430 204 1
627 204 1
1397 204 1
1509 204 1
1510 204 1
1511 204 1
1512 204 1
44 205 1
982 205 1
1295 205 1
841 206 1
1364 206 1
727 207 3
106 208 1
164 208 1
173 208 1
174 208 1
567 208 1
1333 208 1
1334 208 1
670 209 1
336 210 1
466 210 1
659 210 1
786 210 1
787 210 1
788 210 1
789 210 1
790 210 1
791 210 1
792 210 1
793 210 1
794 210 1
795 210 1
796 210 1
797 210 1
798 210 1
799 210 1
800 210 1
801 210 1
802 210 1
803 210 1
804 210 1
805 210 1
161 211 1
1410 211 1
1411 211 1
1412 211 1
70 212 1
86 212 1
135 212 1
182 212 1
216 212 1
666 212 1
712 212 1
214 213 1
420 213 1
830 213 1
831 213 1
213 214 1
142 215 4
143 215 5
183 215 1
216 215 4
245 215 1
246 215 1
521 215 1
70 216 1
86 216 1
135 216 1
142 216 4
143 216 4
182 216 1
183 216 1
212 216 1
215 216 4
521 216 1
666 216 1
712 216 1
218 217 1
219 217 1
220 217 2
396 217 1
577 217 1
1103 217 1
94 218 1
217 218 1
219 218 1
220 218 1
306 218 1
347 218 1
455 218 1
463 218 2
575 218 1
595 218 1
664 218 1
678 218 1
920 218 1
922 218 1
1020 218 1
1021 218 2
1022 218 1
1103 218 1
1415 218 2
1416 218 1
1661 218 1
1675 218 1
1676 218 1
217 219 1
218 219 1
220 219 1
1103 219 1
217 220 2
218 220 1
219 220 1
396 220 1
577 220 1
1103 220 1
15 221 1
123 221 1
140 221 1
265 221 1
349 221 1
597 221 1
621 221 1
1253 221 1
457 222 1
458 222 1
1087 222 1
1088 222 1
1089 222 1
1090 222 1
63 223 1
252 223 1
391 223 1
403 223 1
476 223 1
1349 223 1
53 224 1
411 224 1
482 224 1
520 224 5
526 224 1
547 224 1
555 224 2
781 224 2
784 224 1
785 224 1
1286 224 1
1287 224 1
1698 224 1
8 225 1
29 225 1
49 225 1
226 225 1
227 225 1
8 226 1
29 226 1
49 226 1
225 226 1
227 226 1
8 227 1
29 227 1
49 227 1
225 227 1
226 227 1
259 228 1
1308 228 1
348 229 1
447 229 1
576 229 1
1309 229 1
1310 229 1
238 230 1
266 230 1
267 230 1
613 230 1
614 230 1
931 230 1
286 231 1
419 231 1
421 231 1
425 231 1
468 231 1
675 231 1
1023 231 1
1024 231 1
1025 231 1
1026 231 1
1027 231 1
256 232 1
257 232 1
273 232 2
1152 232 1
1153 232 1
1154 232 1
1155 232 1
1196 232 1
1197 232 1
1198 232 1
234 233 1
734 233 1
233 234 1
734 234 1
316 235 1
469 235 1
1111 235 1
1112 235 1
28 236 1
473 236 1
1407 236 1
271 237 1
349 237 1
539 237 1
540 237 1
580 237 1
230 238 1
266 238 1
267 238 1
613 238 1
614 238 1
931 238 1
242 239 1
243 239 1
551 239 1
1366 239 1
1367 239 1
1368 239 1
1369 239 1
1370 239 1
168 240 2
650 240 1
1325 240 1
1299 241 1
239 242 1
243 242 1
551 242 1
1366 242 1
1367 242 1
1368 242 1
1369 242 1
1370 242 1
239 243 1
242 243 1
551 243 1
1366 243 1
1367 243 1
1368 243 1
1369 243 1
1370 243 1
4 244 1
294 244 1
407 244 1
143 245 1
215 245 1
246 245 1
143 246 1
215 246 1
245 246 1
305 247 3
314 247 2
1212 247 3
1213 247 3
1398 247 1
15 248 1
108 248 1
109 248 1
483 249 1
1507 249 1
27 250 1
28 250 1
1725 250 1
1726 250 1
111 251 2
63 252 1
223 252 1
391 252 1
403 252 1
476 252 1
1349 252 1
336 253 1
466 253 1
659 253 1
791 253 1
1119 253 1
1120 253 1
275 254 1
568 254 1
569 254 1
572 254 1
1104 255 1
1105 255 1
232 256 1
257 256 1
273 256 2
1152 256 2
1153 256 2
1154 256 2
1155 256 2
1196 256 1
1197 256 1
1198 256 1
232 257 1
256 257 1
273 257 1
1152 257 1
1153 257 1
1154 257 1
1155 257 1
1196 257 1
1197 257 1
1198 257 1
488 258 1
573 258 1
945 258 1
228 259 1
1308 259 1
32 260 1
54 260 1
55 260 1
261 260 1
262 260 2
584 260 1
1297 260 1
1472 260 1
1473 260 1
1474 260 1
1475 260 1
32 261 1
54 261 1
55 261 1
260 261 1
584 261 1
260 262 2
812 262 2
813 262 2
1297 262 1
1380 262 1
1472 262 1
1473 262 1
1474 262 1
1475 262 1
264 263 1
533 263 1
1365 263 1
263 264 1
533 264 1
1365 264 1
15 265 1
123 265 1
140 265 1
221 265 1
349 265 1
597 265 1
621 265 1
1253 265 1
230 266 1
238 266 1
267 266 1
613 266 1
614 266 1
931 266 1
230 267 1
238 267 1
266 267 1
613 267 1
614 267 1
931 267 1
449 268 2
474 268 2
766 268 2
767 268 1
1275 268 1
270 269 1
1288 269 1
1289 269 1
269 270 1
1288 270 1
1289 270 1
237 271 1
349 271 1
539 271 1
540 271 1
580 271 1
18 272 1
30 272 1
324 272 1
655 272 1
964 272 1
965 272 1
232 273 2
256 273 2
257 273 1
1152 273 2
1153 273 2
1154 273 2
1155 273 2
1196 273 1
1197 273 1
1198 273 1
51 274 1
254 275 1
568 275 1
569 275 1
572 275 1
22 276 1
63 276 2
80 276 1
668 276 1
944 276 1
1355 276 1
113 277 1
285 277 3
290 277 1
302 277 5
353 277 1
576 277 1
594 277 2
639 277 2
667 277 1
739 277 2
740 277 4
741 277 1
742 277 1
280 278 1
117 279 1
197 279 1
455 279 1
463 279 1
595 279 1
678 279 1
753 279 1
846 279 1
847 279 1
278 280 1
318 280 1
690 280 2
197 281 1
705 281 1
706 281 1
1714 282 1
4 283 1
12 283 1
36 283 1
50 283 1
294 283 1
874 283 1
503 284 1
612 284 1
277 285 3
290 285 1
302 285 2
353 285 1
639 285 1
739 285 1
740 285 2
231 286 1
419 286 1
421 286 1
425 286 1
468 286 1
675 286 1
1023 286 1
1024 286 1
1025 286 1
1026 286 1
1027 286 1
160 287 1
298 287 1
1142 287 1
115 288 1
116 288 1
320 288 1
877 288 1
878 288 1
168 289 1
337 289 1
1300 289 1
1301 289 1
1302 289 1
277 290 1
285 290 1
740 290 1
136 291 1
334 291 1
293 292 1
452 292 1
454 292 1
684 292 1
685 292 1
686 292 1
292 293 1
452 293 1
454 293 1
684 293 1
685 293 1
686 293 1
4 294 2
12 294 1
36 294 1
50 294 1
244 294 1
283 294 1
407 294 1
874 294 1
460 295 1
1173 295 1
1174 295 1
364 296 1
1304 296 1
14 297 1
479 297 1
1458 297 1
1459 297 1
160 298 2
287 298 1
1142 298 3
91 299 1
92 299 1
93 299 1
552 300 1
306 301 1
318 301 1
277 302 5
285 302 2
353 302 1
576 302 1
594 302 2
639 302 2
667 302 1
739 302 2
740 302 2
395 303 1
168 304 1
1442 304 1
1443 304 1
1444 304 1
1445 304 1
247 305 3
314 305 2
1212 305 3
1213 305 3
1398 305 1
218 306 1
301 306 1
318 306 1
921 306 1
1415 306 1
1534 306 1
1535 306 1
1661 306 1
398 307 1
1575 307 1
1576 307 1
1577 307 1
196 308 1
87 309 1
87 310 1
317 311 1
485 311 1
65 312 1
184 312 1
313 312 1
341 312 1
65 313 1
184 313 1
312 313 1
341 313 1
247 314 2
305 314 2
1212 314 2
1213 314 2
25 315 1
816 315 1
235 316 1
469 316 1
1111 316 1
1112 316 1
311 317 1
485 317 1
280 318 1
301 318 1
306 318 1
690 318 1
149 319 1
335 319 1
1322 319 1
1323 319 1
1324 319 1
115 320 1
116 320 1
288 320 1
877 320 1
878 320 1
96 321 2
326 321 1
461 321 1
849 321 1
908 321 2
910 321 1
911 321 1
912 321 1
913 321 1
1255 321 1
1256 321 1
1257 321 1
1258 321 1
1259 321 1
323 322 1
324 322 1
322 323 1
324 323 2
655 323 1
1035 323 1
18 324 2
134 324 1
272 324 1
322 324 1
323 324 2
655 324 2
1035 324 1
84 325 1
85 325 1
96 326 1
321 326 1
461 326 1
908 326 1
910 326 1
911 326 2
912 326 1
913 326 1
470 327 1
1358 327 1
23 328 1
63 328 1
80 328 1
668 328 1
1183 328 1
34 329 1
188 329 1
566 329 1
1386 329 1
1387 329 1
1388 329 1
56 330 1
202 330 1
331 330 1
56 331 1
202 331 1
330 331 1
980 332 2
981 332 2
720 333 1
721 333 1
136 334 3
291 334 1
148 335 1
149 335 2
319 335 1
1322 335 1
1323 335 1
1324 335 2
210 336 1
253 336 1
339 336 1
388 336 2
437 336 1
466 336 6
659 336 3
765 336 1
786 336 1
787 336 1
788 336 1
789 336 1
790 336 1
791 336 2
792 336 1
793 336 1
794 336 1
795 336 1
796 336 1
797 336 1
798 336 1
799 336 1
800 336 1
801 336 1
802 336 1
803 336 1
804 336 1
805 336 1
1005 336 1
1006 336 1
1119 336 1
1120 336 1
1124 336 1
1125 336 1
1126 336 1
168 337 1
289 337 1
450 338 1
484 338 1
709 338 1
1683 338 1
1684 338 1
1685 338 1
1686 338 1
336 339 1
437 339 1
466 339 1
765 339 1
63 340 1
147 340 1
149 340 1
204 340 1
430 340 1
627 340 1
1397 340 1
1509 340 1
1510 340 1
1511 340 1
1512 340 1
65 341 1
184 341 1
312 341 1
313 341 1
136 342 1
170 342 1
191 343 2
389 343 2
870 343 2
871 343 1
872 343 2
1270 343 1
1271 343 1
1212 344 1
1400 344 1
1166 345 1
1167 345 1
915 346 1
1505 346 1
1506 346 1
218 347 1
1264 347 1
1265 347 1
1675 347 1
1676 347 1
229 348 1
447 348 1
575 348 1
576 348 1
594 348 1
15 349 1
123 349 1
140 349 1
221 349 1
237 349 1
265 349 1
271 349 1
367 349 1
524 349 1
539 349 1
540 349 1
580 349 1
597 349 1
621 349 1
1143 349 1
1249 349 1
1250 349 1
1251 349 1
1252 349 1
1253 349 1
426 350 1
781 350 1
889 350 1
890 350 1
574 351 1
862 351 1
1518 351 1
1519 351 1
1520 351 1
495 352 1
501 352 1
571 352 1
951 352 1
277 353 1
285 353 1
302 353 1
739 353 1
740 353 1
841 354 1
1040 354 1
1041 354 1
1042 354 1
1043 354 1
807 355 1
416 356 1
500 356 1
20 357 1
21 357 1
358 357 1
359 357 1
360 357 1
463 357 1
20 358 1
21 358 1
357 358 1
359 358 1
360 358 1
463 358 1
20 359 1
21 359 1
357 359 1
358 359 1
360 359 1
463 359 1
20 360 1
21 360 1
357 360 1
358 360 1
359 360 1
463 360 1
77 361 1
427 361 1
583 361 1
373 362 1
546 362 1
1721 362 1
1722 362 1
1723 362 1
1724 362 1
382 363 1
385 363 1
296 364 1
1304 364 1
1644 364 1
1645 364 1
89 365 1
930 365 1
378 366 1
379 366 2
863 366 1
349 367 1
524 367 1
1143 367 1
203 368 1
529 368 1
672 368 1
808 368 1
809 368 1
810 368 1
1148 369 1
969 370 1
970 370 1
372 371 1
505 371 1
371 372 1
505 372 1
362 373 1
546 373 1
1721 373 1
1722 373 1
1723 373 1
1724 373 1
53 374 3
145 374 1
438 374 1
781 374 1
806 374 1
1352 374 1
418 375 1
895 376 1
896 376 1
897 376 1
898 376 1
1607 377 1
366 378 1
379 378 1
863 378 1
366 379 2
378 379 1
863 379 1
1418 380 1
1419 380 1
1420 380 1
1266 381 1
363 382 1
385 382 1
165 383 1
1491 383 1
118 384 1
575 384 2
594 384 1
596 384 1
652 384 3
1532 384 1
1545 384 1
1546 384 1
1682 384 1
363 385 1
382 385 1
934 386 1
935 386 2
936 386 2
1617 386 1
1618 386 1
1426 387 1
1427 387 1
336 388 2
466 388 1
659 388 1
1006 388 1
191 389 2
343 389 2
870 389 2
871 389 1
872 389 2
1270 389 1
1271 389 1
146 390 1
63 391 1
223 391 1
252 391 1
403 391 1
476 391 1
1349 391 1
74 392 1
691 392 1
692 392 1
394 393 1
620 393 1
393 394 1
579 394 1
620 394 1
303 395 1
217 396 1
220 396 1
577 396 1
128 397 1
195 397 1
307 398 1
124 399 1
400 399 1
1401 399 1
1402 399 1
1403 399 1
124 400 1
399 400 1
1401 400 1
1402 400 1
1403 400 1
171 401 1
172 401 1
86 402 1
712 402 1
713 402 1
63 403 1
223 403 1
252 403 1
391 403 1
476 403 1
1349 403 1
67 404 1
138 404 1
636 404 1
637 404 1
63 405 2
435 405 1
627 405 1
668 405 1
990 405 1
1015 405 1
1016 405 1
2 406 1
508 406 1
4 407 1
244 407 1
294 407 1
595 408 1
1201 408 1
464 409 1
827 409 1
828 409 1
829 409 1
411 410 1
493 410 1
1495 410 1
1496 410 1
1497 410 1
72 411 1
224 411 1
410 411 1
433 411 1
493 411 1
520 411 3
555 411 1
563 411 1
708 411 1
735 411 2
736 411 2
1495 411 1
1496 411 1
1497 411 1
1703 411 1
576 412 1
673 412 1
674 412 1
700 413 1
702 413 1
820 413 1
821 413 1
822 413 1
823 413 1
638 414 1
653 415 1
1350 415 1
1598 415 1
1599 415 1
356 416 1
500 416 1
511 417 1
564 417 1
565 417 1
1311 417 1
375 418 1
231 419 1
286 419 1
421 419 1
425 419 1
468 419 1
675 419 1
1023 419 1
1024 419 1
1025 419 1
1026 419 1
1027 419 1
213 420 1
830 420 1
831 420 1
231 421 1
286 421 1
419 421 1
425 421 1
468 421 1
675 421 1
1023 421 1
1024 421 1
1025 421 1
1026 421 1
1027 421 1
1149 422 1
1397 422 1
1156 423 1
194 424 1
722 424 1
231 425 1
286 425 1
419 425 1
421 425 1
468 425 1
675 425 1
1023 425 1
1024 425 1
1025 425 1
1026 425 1
1027 425 1
350 426 1
781 426 1
77 427 1
361 427 1
583 427 1
157 428 3
158 428 3
640 428 3
1504 428 1
25 429 1
518 429 1
523 429 1
663 429 3
976 429 1
977 429 1
978 429 1
979 429 1
1019 429 1
1047 429 1
1083 429 1
1272 429 1
1338 429 1
1339 429 1
63 430 4
80 430 1
147 430 1
149 430 3
204 430 1
340 430 1
431 430 2
432 430 1
434 430 1
442 430 1
443 430 2
510 430 2
528 430 2
627 430 1
668 430 1
689 430 1
1373 430 1
1397 430 1
1509 430 1
1510 430 1
1511 430 1
1512 430 1
1663 430 1
63 431 2
149 431 2
430 431 2
432 431 1
434 431 1
442 431 1
443 431 2
510 431 2
528 431 2
689 431 1
1663 431 1
63 432 1
149 432 1
430 432 1
431 432 1
434 432 1
443 432 1
510 432 1
528 432 1
1663 432 1
53 433 1
153 433 2
411 433 1
482 433 1
520 433 1
611 433 1
735 433 1
736 433 1
985 433 1
1431 433 1
63 434 1
149 434 1
430 434 1
431 434 1
432 434 1
443 434 1
510 434 1
528 434 1
1663 434 1
63 435 1
405 435 1
668 435 1
990 435 1
1408 436 1
1446 436 1
1447 436 1
1448 436 1
1449 436 1
1450 436 1
150 437 1
336 437 1
339 437 1
466 437 1
659 437 1
765 437 1
53 438 1
145 438 1
374 438 1
806 438 1
440 439 2
894 439 1
1206 439 1
439 440 2
894 440 1
1206 440 1
13 441 1
43 441 1
131 441 1
547 441 1
915 441 1
939 441 1
940 441 1
63 442 1
149 442 1
430 442 1
431 442 1
443 442 1
510 442 1
528 442 1
689 442 1
63 443 2
149 443 2
430 443 2
431 443 2
432 443 1
434 443 1
442 443 1
510 443 2
528 443 2
689 443 1
1663 443 1
496 444 1
1210 444 1
1211 444 1
96 445 1
848 445 1
849 445 1
1168 446 1
1169 446 1
1170 446 1
1171 446 1
1172 446 1
229 447 1
348 447 1
576 447 1
1600 448 1
1601 448 1
1602 448 1
1603 448 1
1604 448 1
268 449 2
474 449 2
766 449 2
767 449 1
1275 449 1
338 450 1
484 450 1
486 450 1
709 450 1
837 450 1
838 450 1
1326 450 1
1327 450 1
1328 450 1
1356 450 1
1357 450 1
1557 450 1
1558 450 1
1683 450 1
1684 450 1
1685 450 1
1686 450 1
1738 450 1
1739 450 1
1740 450 1
993 451 1
292 452 1
293 452 1
454 452 1
684 452 1
685 452 1
686 452 1
475 453 1
516 453 1
993 453 1
1132 453 1
1229 453 1
292 454 1
293 454 1
452 454 1
684 454 1
685 454 1
686 454 1
94 455 2
218 455 1
279 455 1
463 455 2
595 455 2
612 455 1
664 455 1
678 455 1
753 455 1
846 455 1
847 455 1
920 455 4
922 455 1
925 455 1
926 455 1
1020 455 1
1021 455 1
1022 455 1
1037 455 1
1038 455 1
678 456 1
1423 456 1
1424 456 1
1425 456 1
222 457 1
458 457 1
1087 457 1
1088 457 1
1089 457 1
1090 457 1
222 458 1
457 458 1
1087 458 1
1088 458 1
1089 458 1
1090 458 1
962 459 1
963 459 1
295 460 1
1173 460 4
1174 460 4
1175 460 1
1176 460 1
96 461 1
321 461 1
326 461 1
908 461 1
910 461 1
911 461 1
912 461 1
913 461 1
33 462 1
556 462 1
873 462 1
20 463 1
21 463 1
94 463 1
218 463 2
279 463 1
357 463 1
358 463 1
359 463 1
360 463 1
455 463 2
575 463 1
595 463 2
664 463 1
678 463 2
753 463 1
846 463 1
847 463 1
920 463 1
922 463 1
992 463 1
993 463 1
994 463 1
1020 463 1
1021 463 2
1022 463 1
1036 463 3
1243 463 6
1296 463 1
1451 463 1
1452 463 1
1655 463 1
409 464 1
827 464 1
828 464 1
829 464 1
477 465 1
478 465 1
210 466 1
253 466 1
336 466 6
339 466 1
388 466 1
437 466 1
659 466 3
765 466 1
786 466 1
787 466 1
788 466 1
789 466 1
790 466 1
791 466 2
792 466 1
793 466 1
794 466 1
795 466 1
796 466 1
797 466 1
798 466 1
799 466 1
800 466 1
801 466 1
802 466 1
803 466 1
804 466 1
805 466 1
1005 466 1
1119 466 1
1120 466 1
1124 466 1
1125 466 1
1126 466 1
25 467 2
840 467 1
231 468 1
286 468 1
419 468 1
421 468 1
425 468 1
675 468 1
1023 468 1
1024 468 1
1025 468 1
1026 468 1
1027 468 1
235 469 1
316 469 1
1111 469 1
1112 469 1
327 470 1
1358 470 1
472 471 1
1214 471 1
1215 471 1
471 472 1
1214 472 1
1215 472 1
28 473 1
236 473 1
1407 473 1
268 474 2
449 474 2
766 474 2
767 474 1
999 474 1
1000 474 1
1275 474 1
453 475 1
993 475 1
1132 475 2
1133 475 1
1229 475 1
63 476 1
223 476 1
252 476 1
391 476 1
403 476 1
1349 476 1
465 477 1
478 477 1
1 478 1
5 478 1
6 478 1
465 478 1
477 478 1
617 478 1
759 478 1
760 478 1
761 478 1
941 478 2
1137 478 1
1138 478 1
14 479 1
297 479 1
1458 479 1
1459 479 1
19 480 1
1317 480 1
703 481 1
704 481 1
53 482 2
224 482 1
433 482 1
520 482 2
611 482 1
781 482 2
782 482 1
783 482 1
784 482 1
785 482 1
249 483 1
714 483 1
715 483 1
716 483 1
717 483 1
1507 483 1
338 484 1
450 484 1
709 484 1
1326 484 1
1557 484 1
1558 484 1
1559 484 1
1683 484 1
1684 484 1
1685 484 1
1686 484 1
311 485 1
317 485 1
450 486 1
837 486 1
1356 486 1
1357 486 1
1557 486 1
1558 486 1
1738 486 1
1739 486 1
1740 486 1
10 487 1
198 487 1
258 488 1
573 488 1
945 488 1
904 489 1
952 489 1
953 489 1
491 490 1
490 491 1
130 492 1
1600 492 1
1601 492 1
1664 492 1
1665 492 1
1666 492 1
410 493 1
411 493 1
1495 493 1
1496 493 1
1497 493 1
635 494 1
352 495 1
501 495 1
571 495 1
951 495 1
444 496 1
1210 496 1
1211 496 1
498 497 1
497 498 1
64 499 1
690 499 1
726 499 1
850 499 1
851 499 3
852 499 1
875 499 1
876 499 1
1428 499 1
356 500 1
416 500 1
352 501 1
495 501 1
571 501 1
951 501 1
1635 502 1
284 503 1
612 503 1
45 504 1
510 504 1
528 504 1
561 504 1
626 504 1
688 504 1
371 505 1
372 505 1
1235 506 1
1236 506 1
530 507 1
957 507 1
2 508 1
406 508 1
25 509 1
45 510 1
63 510 2
141 510 1
149 510 2
430 510 2
431 510 2
432 510 1
434 510 1
442 510 1
443 510 2
504 510 1
513 510 1
517 510 1
528 510 4
558 510 1
559 510 1
561 510 2
687 510 1
688 510 2
689 510 2
1663 510 1
417 511 1
564 511 1
565 511 1
1311 511 1
660 512 1
141 513 1
510 513 1
517 513 1
633 514 1
1561 514 2
1631 514 1
125 515 1
616 515 1
1248 515 1
1340 515 1
1341 515 1
1342 515 1
1343 515 1
1344 515 1
1345 515 1
453 516 1
531 516 1
532 516 1
141 517 1
510 517 1
513 517 1
39 518 1
429 518 1
523 518 1
718 518 2
719 518 2
1007 518 1
1008 518 1
1019 518 1
1272 518 1
1273 518 1
1274 518 1
1436 518 1
1437 518 1
1438 518 1
665 519 1
53 520 2
224 520 5
411 520 3
433 520 1
482 520 2
526 520 1
547 520 2
555 520 5
557 520 1
563 520 1
735 520 2
736 520 2
781 520 3
782 520 1
783 520 1
784 520 1
785 520 1
1286 520 2
1287 520 1
1351 520 3
1476 520 4
1625 520 1
1698 520 1
142 521 1
143 521 1
215 521 1
216 521 1
1429 522 1
1430 522 1
429 523 1
518 523 1
1019 523 1
1272 523 1
349 524 1
367 524 1
1143 524 1
762 525 1
763 525 1
764 525 1
224 526 1
520 526 1
535 526 1
755 526 1
757 526 1
1280 526 1
1281 526 1
1282 526 1
1283 526 1
1284 526 1
145 527 1
599 527 1
1225 527 1
1226 527 1
1227 527 1
45 528 1
63 528 2
149 528 2
430 528 2
431 528 2
432 528 1
434 528 1
442 528 1
443 528 2
504 528 1
510 528 4
561 528 2
687 528 1
688 528 5
689 528 2
770 528 3
771 528 5
772 528 2
773 528 5
774 528 1
775 528 1
927 528 1
928 528 2
929 528 1
995 528 1
996 528 1
997 528 1
998 528 1
1178 528 1
1179 528 1
1181 528 1
1182 528 2
1247 528 1
1578 528 1
1579 528 1
1580 528 1
1619 528 1
1641 528 1
1663 528 1
1701 528 1
203 529 1
368 529 1
672 529 1
808 529 1
809 529 1
810 529 1
507 530 1
957 530 1
516 531 1
532 531 1
516 532 1
531 532 1
263 533 1
264 533 1
1365 533 1
574 534 1
862 534 1
526 535 1
536 535 1
755 535 2
757 535 2
1280 535 1
1281 535 1
1282 535 1
1283 535 1
1284 535 1
535 536 1
755 536 1
757 536 1
1417 537 1
1589 538 1
1590 538 1
1591 538 1
1592 538 1
1593 538 1
237 539 1
271 539 1
349 539 1
540 539 1
580 539 1
237 540 1
271 540 1
349 540 1
539 540 1
580 540 1
102 541 2
542 541 1
102 542 1
541 542 1
544 543 1
543 544 1
554 545 1
1028 545 1
1029 545 1
1030 545 1
362 546 1
373 546 1
1721 546 1
1722 546 1
1723 546 1
1724 546 1
13 547 4
43 547 3
131 547 1
144 547 1
155 547 1
224 547 1
441 547 1
520 547 2
548 547 1
555 547 2
557 547 1
781 547 1
915 547 5
916 547 1
939 547 1
940 547 3
983 547 1
984 547 1
1059 547 1
1286 547 2
1287 547 1
1303 547 2
1432 547 1
1433 547 1
547 548 1
105 549 1
585 549 1
1009 549 1
1010 549 1
1011 549 1
1031 549 1
604 550 1
239 551 1
242 551 1
243 551 1
1366 551 1
1367 551 1
1368 551 1
1369 551 1
1370 551 1
300 552 1
1527 553 1
1528 553 1
1529 553 1
545 554 1
1028 554 1
1029 554 1
1030 554 1
224 555 2
411 555 1
520 555 5
547 555 2
557 555 1
781 555 1
1286 555 2
1287 555 1
1476 555 2
33 556 1
462 556 1
873 556 1
520 557 1
547 557 1
555 557 1
1286 557 1
510 558 1
510 559 1
922 560 1
1228 560 1
1634 560 1
45 561 1
504 561 1
510 561 2
528 561 2
687 561 1
688 561 2
689 561 1
1177 562 1
411 563 1
520 563 1
735 563 1
736 563 1
417 564 1
511 564 1
565 564 1
1311 564 1
417 565 1
511 565 1
564 565 1
1311 565 1
34 566 1
188 566 1
329 566 1
1386 566 1
1387 566 1
1388 566 1
106 567 1
164 567 1
173 567 1
174 567 1
208 567 1
1333 567 1
1334 567 1
254 568 1
275 568 1
569 568 1
572 568 1
254 569 1
275 569 1
568 569 1
572 569 1
635 570 1
1702 570 1
352 571 1
495 571 1
501 571 1
951 571 1
254 572 1
275 572 1
568 572 1
569 572 1
258 573 1
488 573 1
945 573 1
351 574 1
534 574 1
843 574 1
844 574 1
845 574 1
862 574 2
1392 574 1
1393 574 1
1394 574 1
1395 574 1
1396 574 1
1518 574 1
1519 574 1
1520 574 1
86 575 1
118 575 1
218 575 1
348 575 1
384 575 2
463 575 1
594 575 2
596 575 1
645 575 1
652 575 5
666 575 1
678 575 1
1021 575 1
1381 575 1
1532 575 1
1682 575 1
229 576 1
277 576 1
302 576 1
348 576 1
412 576 1
447 576 1
594 576 1
667 576 1
673 576 1
674 576 1
217 577 1
220 577 1
396 577 1
159 578 1
629 578 1
649 578 2
819 578 1
1057 578 4
1110 578 1
1244 578 1
394 579 1
237 580 1
271 580 1
349 580 1
539 580 1
540 580 1
1693 581 1
1694 581 1
1695 581 1
605 582 1
606 582 1
607 582 1
1076 582 1
1077 582 1
77 583 2
361 583 1
427 583 1
1624 583 1
32 584 1
54 584 1
55 584 1
260 584 1
261 584 1
549 585 1
915 585 1
995 585 1
1009 585 1
1010 585 1
1011 585 1
1096 585 1
1353 585 1
587 586 1
586 587 1
588 587 1
986 587 1
987 587 1
587 588 1
63 589 1
80 589 1
63 590 2
853 590 1
854 590 1
855 590 1
1530 590 1
1715 590 1
1716 590 1
1717 590 1
59 591 1
603 591 1
1149 591 1
1494 591 1
594 592 1
615 592 1
645 592 3
707 592 1
94 593 1
918 593 1
277 594 2
302 594 2
348 594 1
384 594 1
575 594 2
576 594 1
592 594 1
596 594 1
645 594 2
652 594 2
667 594 1
707 594 1
740 594 1
741 594 1
747 594 1
751 594 1
752 594 1
753 594 1
754 594 1
1381 594 1
94 595 2
218 595 1
279 595 1
408 595 1
455 595 2
463 595 2
664 595 1
678 595 1
753 595 1
846 595 1
847 595 1
919 595 1
920 595 2
921 595 1
922 595 1
1020 595 1
1021 595 1
1022 595 1
1201 595 1
384 596 1
575 596 1
594 596 1
652 596 1
15 597 1
123 597 1
140 597 1
221 597 1
265 597 1
349 597 1
621 597 1
1253 597 1
1392 598 1
1469 598 1
1471 598 1
1536 598 1
1537 598 1
145 599 1
527 599 1
1225 599 1
1226 599 1
1227 599 1
72 600 1
73 600 1
94 600 1
104 600 1
601 600 1
922 600 1
72 601 1
94 601 1
600 601 1
922 601 1
817 602 1
818 602 1
591 603 1
550 604 1
582 605 1
606 605 1
607 605 1
1076 605 1
1077 605 1
582 606 1
605 606 1
607 606 1
1076 606 1
1077 606 1
582 607 1
605 607 1
606 607 1
1076 607 1
1077 607 1
1626 608 1
41 609 2
1134 609 1
1135 609 1
1136 609 1
63 610 1
101 610 1
168 610 1
612 610 1
1374 610 1
1699 610 1
1700 610 1
433 611 1
482 611 1
63 612 1
89 612 1
94 612 1
101 612 1
113 612 1
168 612 1
284 612 1
455 612 1
503 612 1
610 612 1
741 612 1
747 612 1
1374 612 1
1699 612 1
1700 612 1
230 613 1
238 613 1
266 613 1
267 613 1
614 613 1
931 613 1
230 614 1
238 614 1
266 614 1
267 614 1
613 614 1
931 614 1
592 615 1
645 615 1
515 616 1
1340 616 1
1341 616 1
1342 616 1
1343 616 1
1344 616 1
1345 616 1
1 617 1
478 617 1
1137 617 1
1138 617 1
658 618 1
94 619 1
1508 619 1
1730 619 1
1731 619 1
393 620 1
394 620 1
15 621 1
123 621 1
140 621 1
221 621 1
265 621 1
349 621 1
597 621 1
1253 621 1
1305 622 1
1583 622 1
126 623 1
632 623 1
52 624 1
52 625 1
101 625 1
746 625 2
747 625 2
756 625 1
1374 625 1
1375 625 1
1376 625 1
1377 625 1
1378 625 1
1584 625 1
504 626 1
63 627 5
127 627 3
147 627 1
149 627 1
204 627 1
340 627 1
405 627 1
430 627 1
1015 627 1
1016 627 1
1397 627 1
1509 627 1
1510 627 1
1511 627 1
1512 627 1
1521 627 1
1522 627 2
1523 627 1
1524 627 1
1642 627 1
1643 627 1
63 628 1
1654 628 1
159 629 1
578 629 1
154 630 1
907 630 1
1078 631 1
126 632 2
623 632 1
1013 632 1
514 633 1
1561 633 1
104 634 3
1508 634 1
494 635 1
570 635 1
1702 635 1
67 636 1
138 636 1
404 636 1
637 636 1
67 637 1
138 637 1
404 637 1
636 637 1
414 638 1
277 639 2
285 639 1
302 639 2
739 639 1
157 640 3
158 640 3
428 640 3
1504 640 1
680 641 1
66 642 1
679 643 1
1691 643 1
1692 643 1
151 644 1
1219 644 1
1220 644 1
575 645 1
592 645 3
594 645 2
615 645 1
652 645 1
707 645 1
1381 645 1
103 646 1
758 646 1
899 647 1
900 647 1
901 647 1
902 647 1
903 647 1
837 648 3
838 648 3
839 648 1
1356 648 2
1357 648 2
578 649 2
1057 649 2
168 650 1
240 650 1
698 651 1
699 651 1
700 651 1
86 652 1
384 652 3
575 652 5
594 652 2
596 652 1
645 652 1
666 652 1
1381 652 1
1422 652 2
1453 652 2
415 653 1
1350 653 1
73 654 1
18 655 1
272 655 1
323 655 1
324 655 2
1035 655 1
72 656 1
73 656 1
80 657 1
82 657 1
83 657 1
618 658 1
150 659 1
180 659 2
210 659 1
253 659 1
336 659 3
388 659 1
437 659 1
466 659 3
786 659 2
787 659 1
788 659 1
789 659 1
790 659 1
791 659 2
792 659 1
793 659 1
794 659 1
795 659 1
796 659 1
797 659 1
798 659 1
799 659 1
800 659 1
801 659 1
802 659 1
803 659 1
804 659 1
805 659 1
834 659 1
835 659 1
836 659 1
1086 659 1
1119 659 1
1120 659 1
1217 659 1
1218 659 1
1260 659 2
512 660 1
75 661 1
130 661 1
132 661 1
662 661 1
75 662 1
130 662 1
132 662 1
661 662 1
1017 662 1
429 663 3
977 663 1
1083 663 1
94 664 2
218 664 1
455 664 1
463 664 1
595 664 1
920 664 1
922 664 2
1020 664 1
1021 664 1
1022 664 1
1039 664 1
519 665 1
70 666 1
73 666 1
79 666 1
86 666 2
89 666 1
94 666 1
135 666 1
168 666 1
182 666 1
212 666 1
216 666 1
575 666 1
652 666 1
712 666 1
277 667 1
302 667 1
576 667 1
594 667 1
23 668 6
63 668 9
80 668 6
127 668 1
276 668 1
328 668 1
405 668 1
430 668 1
435 668 1
944 668 1
990 668 1
1183 668 4
1208 668 1
1209 668 1
1233 668 1
1373 668 1
1097 669 1
1098 669 1
78 670 1
209 670 1
841 671 2
842 671 2
203 672 1
368 672 1
529 672 1
808 672 2
809 672 1
810 672 2
412 673 1
576 673 1
674 673 1
412 674 1
576 674 1
673 674 1
231 675 1
286 675 1
419 675 1
421 675 1
425 675 1
468 675 1
1023 675 1
1024 675 1
1025 675 1
1026 675 1
1027 675 1
42 676 1
1687 676 1
40 677 1
768 677 1
780 677 1
909 677 1
40 678 2
41 678 1
218 678 1
279 678 1
455 678 1
456 678 1
463 678 2
575 678 1
595 678 1
745 678 1
753 678 1
768 678 3
769 678 1
780 678 3
807 678 1
846 678 1
847 678 1
909 678 2
942 678 1
1021 678 1
1234 678 1
1389 678 1
1390 678 2
1391 678 1
1423 678 1
1424 678 1
1425 678 1
643 679 1
1691 679 1
1692 679 1
26 680 1
169 680 1
641 680 1
864 680 3
865 680 1
866 680 1
867 680 1
868 680 1
869 680 2
1362 680 1
1363 680 1
1382 680 2
1383 680 1
1573 680 1
1574 680 1
682 681 1
683 681 1
681 682 1
683 682 1
681 683 1
682 683 1
292 684 1
293 684 1
452 684 1
454 684 1
685 684 1
686 684 1
292 685 1
293 685 1
452 685 1
454 685 1
684 685 1
686 685 1
292 686 1
293 686 1
452 686 1
454 686 1
684 686 1
685 686 1
510 687 1
528 687 1
561 687 1
688 687 1
689 687 1
45 688 1
504 688 1
510 688 2
528 688 5
561 688 2
687 688 1
689 688 1
995 688 1
996 688 1
997 688 1
998 688 1
1641 688 1
63 689 1
149 689 1
430 689 1
431 689 1
442 689 1
443 689 1
510 689 2
528 689 2
561 689 1
687 689 1
688 689 1
280 690 2
318 690 1
499 690 1
875 690 1
876 690 1
1525 690 1
1526 690 1
74 691 1
392 691 1
692 691 1
74 692 1
392 692 1
691 692 1
696 693 1
697 693 1
921 693 1
963 693 1
1560 693 1
695 694 1
694 695 1
693 696 1
697 696 1
693 697 1
696 697 1
651 698 1
699 698 1
700 698 1
651 699 1
698 699 1
700 699 1
413 700 1
651 700 1
698 700 1
699 700 1
702 700 1
820 700 1
821 700 1
822 700 1
823 700 1
702 701 1
413 702 1
700 702 1
701 702 1
820 702 1
821 702 1
822 702 1
823 702 1
1662 702 1
481 703 1
704 703 1
481 704 1
703 704 1
197 705 1
281 705 1
706 705 1
197 706 1
281 706 1
705 706 1
592 707 1
594 707 1
645 707 1
1150 707 1
1151 707 1
411 708 1
1605 708 1
1606 708 1
338 709 1
450 709 1
484 709 1
1238 709 1
1239 709 1
1683 709 1
1684 709 1
1685 709 1
1686 709 1
711 710 1
710 711 1
70 712 1
86 712 2
135 712 1
182 712 1
212 712 1
216 712 1
402 712 1
666 712 1
713 712 1
86 713 1
402 713 1
712 713 1
483 714 1
715 714 1
716 714 1
717 714 1
483 715 1
714 715 1
716 715 1
717 715 1
483 716 1
714 716 1
715 716 1
717 716 1
483 717 1
714 717 1
715 717 1
716 717 1
39 718 1
518 718 2
719 718 2
1436 718 1
1437 718 1
1438 718 1
39 719 1
518 719 2
718 719 2
1436 719 1
1437 719 1
1438 719 1
333 720 1
721 720 1
333 721 1
720 721 1
194 722 2
424 722 1
723 722 1
194 723 1
722 723 1
725 724 1
1164 724 1
1165 724 1
724 725 1
64 726 1
499 726 1
207 727 3
729 728 1
730 728 1
731 728 1
732 728 1
728 729 1
730 729 1
731 729 1
732 729 1
728 730 1
729 730 1
731 730 1
732 730 1
728 731 1
729 731 1
730 731 1
732 731 1
728 732 1
729 732 1
730 732 1
731 732 1
60 733 1
61 733 1
233 734 1
234 734 1
411 735 2
433 735 1
520 735 2
563 735 1
736 735 2
411 736 2
433 736 1
520 736 2
563 736 1
735 736 2
738 737 1
737 738 1
1240 738 1
1241 738 1
1242 738 1
277 739 2
285 739 1
302 739 2
353 739 1
639 739 1
740 739 1
277 740 4
285 740 2
290 740 1
302 740 2
353 740 1
594 740 1
739 740 1
101 741 1
277 741 1
594 741 1
612 741 1
742 741 1
746 741 5
747 741 8
751 741 1
752 741 1
753 741 1
754 741 1
756 741 2
1081 741 1
1439 741 1
1440 741 2
1441 741 1
1454 741 1
1455 741 1
1456 741 1
1457 741 1
1480 741 1
1628 741 1
277 742 1
741 742 1
744 743 1
743 744 1
41 745 2
678 745 1
942 745 1
1234 745 1
52 746 1
101 746 1
625 746 2
741 746 5
747 746 7
756 746 3
1374 746 1
1375 746 1
1376 746 1
1377 746 1
1378 746 1
1439 746 2
1440 746 3
1441 746 2
1454 746 1
1455 746 1
1456 746 1
1457 746 1
1584 746 1
1670 746 1
52 747 1
101 747 1
594 747 1
612 747 1
625 747 2
741 747 8
746 747 7
751 747 1
752 747 1
753 747 1
754 747 1
756 747 3
1374 747 1
1375 747 1
1376 747 1
1377 747 1
1378 747 1
1439 747 1
1440 747 2
1441 747 1
1454 747 1
1455 747 1
1456 747 1
1457 747 1
1584 747 1
749 748 1
748 749 1
53 750 1
594 751 1
741 751 1
747 751 1
752 751 1
753 751 1
754 751 1
594 752 1
741 752 1
747 752 1
751 752 1
753 752 1
754 752 1
279 753 1
455 753 1
463 753 1
594 753 1
595 753 1
678 753 1
741 753 1
747 753 1
751 753 1
752 753 1
754 753 1
846 753 1
847 753 1
594 754 1
741 754 1
747 754 1
751 754 1
752 754 1
753 754 1
526 755 1
535 755 2
536 755 1
757 755 4
1280 755 1
1281 755 1
1282 755 1
1283 755 1
1284 755 1
625 756 1
741 756 2
746 756 3
747 756 3
1440 756 1
1454 756 1
1455 756 1
1456 756 1
1457 756 1
1584 756 1
526 757 1
535 757 2
536 757 1
755 757 4
1280 757 1
1281 757 1
1282 757 1
1283 757 1
1284 757 1
103 758 1
646 758 1
478 759 1
760 759 1
761 759 1
478 760 1
759 760 1
761 760 1
478 761 1
759 761 1
760 761 1
525 762 1
763 762 1
764 762 1
525 763 1
762 763 1
764 763 1
525 764 1
762 764 1
763 764 1
336 765 1
339 765 1
437 765 1
466 765 1
268 766 2
449 766 2
474 766 2
767 766 1
1275 766 1
268 767 1
449 767 1
474 767 1
766 767 1
40 768 3
677 768 1
678 768 3
769 768 1
780 768 3
909 768 3
1389 768 2
1390 768 2
1391 768 1
678 769 1
768 769 1
528 770 3
771 770 2
772 770 2
773 770 2
774 770 1
775 770 1
1247 770 1
1701 770 1
528 771 5
770 771 2
772 771 2
773 771 3
774 771 1
775 771 1
927 771 1
928 771 2
929 771 1
1178 771 1
1179 771 1
1247 771 1
1578 771 1
1579 771 1
1580 771 1
528 772 2
770 772 2
771 772 2
773 772 2
774 772 1
775 772 1
1247 772 1
528 773 5
770 773 2
771 773 3
772 773 2
774 773 1
775 773 1
928 773 1
1178 773 1
1179 773 1
1181 773 1
1182 773 2
1247 773 1
528 774 1
770 774 1
771 774 1
772 774 1
773 774 1
775 774 1
528 775 1
770 775 1
771 775 1
772 775 1
773 775 1
774 775 1
189 776 1
778 777 1
779 777 1
777 778 1
779 778 1
1468 778 1
777 779 1
778 779 1
40 780 2
677 780 1
678 780 3
768 780 3
909 780 2
1389 780 1
1390 780 1
53 781 6
224 781 2
350 781 1
374 781 1
426 781 1
482 781 2
520 781 3
547 781 1
555 781 1
782 781 2
783 781 1
784 781 1
785 781 1
806 781 1
1286 781 1
1287 781 1
1352 781 2
1540 781 1
1621 781 1
1660 781 1
53 782 2
482 782 1
520 782 1
781 782 2
783 782 1
806 782 1
53 783 1
482 783 1
520 783 1
781 783 1
782 783 1
53 784 1
224 784 1
482 784 1
520 784 1
781 784 1
785 784 1
53 785 1
224 785 1
482 785 1
520 785 1
781 785 1
784 785 1
210 786 1
336 786 1
466 786 1
659 786 2
787 786 1
788 786 1
789 786 1
790 786 1
791 786 1
792 786 1
793 786 1
794 786 1
795 786 1
796 786 1
797 786 1
798 786 1
799 786 1
800 786 1
801 786 1
802 786 1
803 786 1
804 786 1
805 786 1
1084 786 1
1085 786 1
1086 786 2
1217 786 1
1218 786 1
210 787 1
336 787 1
466 787 1
659 787 1
786 787 1
788 787 1
789 787 1
790 787 1
791 787 1
792 787 1
793 787 1
794 787 1
795 787 1
796 787 1
797 787 1
798 787 1
799 787 1
800 787 1
801 787 1
802 787 1
803 787 1
804 787 1
805 787 1
210 788 1
336 788 1
466 788 1
659 788 1
786 788 1
787 788 1
789 788 1
790 788 1
791 788 1
792 788 1
793 788 1
794 788 1
795 788 1
796 788 1
797 788 1
798 788 1
799 788 1
800 788 1
801 788 1
802 788 1
803 788 1
804 788 1
805 788 1
210 789 1
336 789 1
466 789 1
659 789 1
786 789 1
787 789 1
788 789 1
790 789 1
791 789 1
792 789 1
793 789 1
794 789 1
795 789 1
796 789 1
797 789 1
798 789 1
799 789 1
800 789 1
801 789 1
802 789 1
803 789 1
804 789 1
805 789 1
210 790 1
336 790 1
466 790 1
659 790 1
786 790 1
787 790 1
788 790 1
789 790 1
791 790 1
792 790 1
793 790 1
794 790 1
795 790 1
796 790 1
797 790 1
798 790 1
799 790 1
800 790 1
801 790 1
802 790 1
803 790 1
804 790 1
805 790 1
150 791 1
210 791 1
253 791 1
336 791 2
466 791 2
659 791 2
786 791 1
787 791 1
788 791 1
789 791 1
790 791 1
792 791 1
793 791 1
794 791 1
795 791 1
796 791 1
797 791 1
798 791 1
799 791 1
800 791 1
801 791 1
802 791 1
803 791 1
804 791 1
805 791 1
859 791 1
860 791 1
1119 791 1
1120 791 1
210 792 1
336 792 1
466 792 1
659 792 1
786 792 1
787 792 1
788 792 1
789 792 1
790 792 1
791 792 1
793 792 1
794 792 1
795 792 1
796 792 1
797 792 1
798 792 1
799 792 1
800 792 1
801 792 1
802 792 1
803 792 1
804 792 1
805 792 1
210 793 1
336 793 1
466 793 1
659 793 1
786 793 1
787 793 1
788 793 1
789 793 1
790 793 1
791 793 1
792 793 1
794 793 1
795 793 1
796 793 1
797 793 1
798 793 1
799 793 1
800 793 1
801 793 1
802 793 1
803 793 1
804 793 1
805 793 1
210 794 1
336 794 1
466 794 1
659 794 1
786 794 1
787 794 1
788 794 1
789 794 1
790 794 1
791 794 1
792 794 1
793 794 1
795 794 1
796 794 1
797 794 1
798 794 1
799 794 1
800 794 1
801 794 1
802 794 1
803 794 1
804 794 1
805 794 1
210 795 1
336 795 1
466 795 1
659 795 1
786 795 1
787 795 1
788 795 1
789 795 1
790 795 1
791 795 1
792 795 1
793 795 1
794 795 1
796 795 1
797 795 1
798 795 1
799 795 1
800 795 1
801 795 1
802 795 1
803 795 1
804 795 1
805 795 1
210 796 1
336 796 1
466 796 1
659 796 1
786 796 1
787 796 1
788 796 1
789 796 1
790 796 1
791 796 1
792 796 1
793 796 1
794 796 1
795 796 1
797 796 1
798 796 1
799 796 1
800 796 1
801 796 1
802 796 1
803 796 1
804 796 1
805 796 1
210 797 1
336 797 1
466 797 1
659 797 1
786 797 1
787 797 1
788 797 1
789 797 1
790 797 1
791 797 1
792 797 1
793 797 1
794 797 1
795 797 1
796 797 1
798 797 1
799 797 1
800 797 1
801 797 1
802 797 1
803 797 1
804 797 1
805 797 1
210 798 1
336 798 1
466 798 1
659 798 1
786 798 1
787 798 1
788 798 1
789 798 1
790 798 1
791 798 1
792 798 1
793 798 1
794 798 1
795 798 1
796 798 1
797 798 1
799 798 1
800 798 1
801 798 1
802 798 1
803 798 1
804 798 1
805 798 1
210 799 1
336 799 1
466 799 1
659 799 1
786 799 1
787 799 1
788 799 1
789 799 1
790 799 1
791 799 1
792 799 1
793 799 1
794 799 1
795 799 1
796 799 1
797 799 1
798 799 1
800 799 1
801 799 1
802 799 1
803 799 1
804 799 1
805 799 1
210 800 1
336 800 1
466 800 1
659 800 1
786 800 1
787 800 1
788 800 1
789 800 1
790 800 1
791 800 1
792 800 1
793 800 1
794 800 1
795 800 1
796 800 1
797 800 1
798 800 1
799 800 1
801 800 1
802 800 1
803 800 1
804 800 1
805 800 1
210 801 1
336 801 1
466 801 1
659 801 1
786 801 1
787 801 1
788 801 1
789 801 1
790 801 1
791 801 1
792 801 1
793 801 1
794 801 1
795 801 1
796 801 1
797 801 1
798 801 1
799 801 1
800 801 1
802 801 1
803 801 1
804 801 1
805 801 1
210 802 1
336 802 1
466 802 1
659 802 1
786 802 1
787 802 1
788 802 1
789 802 1
790 802 1
791 802 1
792 802 1
793 802 1
794 802 1
795 802 1
796 802 1
797 802 1
798 802 1
799 802 1
800 802 1
801 802 1
803 802 1
804 802 1
805 802 1
210 803 1
336 803 1
466 803 1
659 803 1
786 803 1
787 803 1
788 803 1
789 803 1
790 803 1
791 803 1
792 803 1
793 803 1
794 803 1
795 803 1
796 803 1
797 803 1
798 803 1
799 803 1
800 803 1
801 803 1
802 803 1
804 803 1
805 803 1
210 804 1
336 804 1
466 804 1
659 804 1
786 804 1
787 804 1
788 804 1
789 804 1
790 804 1
791 804 1
792 804 1
793 804 1
794 804 1
795 804 1
796 804 1
797 804 1
798 804 1
799 804 1
800 804 1
801 804 1
802 804 1
803 804 1
805 804 1
210 805 1
336 805 1
466 805 1
659 805 1
786 805 1
787 805 1
788 805 1
789 805 1
790 805 1
791 805 1
792 805 1
793 805 1
794 805 1
795 805 1
796 805 1
797 805 1
798 805 1
799 805 1
800 805 1
801 805 1
802 805 1
803 805 1
804 805 1
53 806 2
145 806 1
374 806 1
438 806 1
781 806 1
782 806 1
355 807 1
678 807 1
203 808 1
368 808 1
529 808 1
672 808 2
809 808 1
810 808 2
203 809 1
368 809 1
529 809 1
672 809 1
808 809 1
810 809 1
203 810 1
368 810 1
529 810 1
672 810 2
808 810 2
809 810 1
199 811 2
262 812 2
813 812 1
1380 812 1
262 813 2
812 813 1
815 814 1
814 815 1
25 816 1
315 816 1
602 817 1
818 817 1
602 818 1
817 818 1
578 819 1
413 820 1
700 820 1
702 820 1
821 820 1
822 820 1
823 820 1
413 821 1
700 821 1
702 821 1
820 821 1
822 821 1
823 821 1
413 822 1
700 822 1
702 822 1
820 822 1
821 822 1
823 822 1
413 823 1
700 823 1
702 823 1
820 823 1
821 823 1
822 823 1
825 824 1
826 824 1
824 825 1
826 825 1
1704 825 1
824 826 1
825 826 1
409 827 1
464 827 1
828 827 1
829 827 1
1108 827 1
1109 827 1
409 828 1
464 828 1
827 828 1
829 828 1
409 829 1
464 829 1
827 829 1
828 829 1
213 830 1
420 830 1
831 830 1
213 831 1
420 831 1
830 831 1
57 832 1
833 832 1
57 833 1
832 833 1
659 834 1
835 834 1
836 834 1
659 835 1
834 835 1
836 835 1
659 836 1
834 836 1
835 836 1
450 837 1
486 837 1
648 837 3
838 837 4
839 837 1
1356 837 4
1357 837 4
1557 837 1
1558 837 1
1738 837 1
1739 837 1
1740 837 1
450 838 1
648 838 3
837 838 4
839 838 1
1326 838 1
1327 838 1
1328 838 1
1356 838 3
1357 838 3
648 839 1
837 839 1
838 839 1
25 840 1
467 840 1
206 841 1
354 841 1
671 841 2
842 841 3
1040 841 1
1041 841 1
1042 841 1
1043 841 1
1364 841 1
671 842 2
841 842 3
574 843 1
844 843 1
845 843 1
574 844 1
843 844 1
845 844 1
574 845 1
843 845 1
844 845 1
70 846 1
279 846 1
455 846 1
463 846 1
595 846 1
678 846 1
753 846 1
847 846 1
279 847 1
455 847 1
463 847 1
595 847 1
678 847 1
753 847 1
846 847 1
96 848 1
445 848 1
849 848 1
96 849 2
321 849 1
445 849 1
848 849 1
1255 849 1
1256 849 1
1257 849 1
1258 849 1
1259 849 1
499 850 1
851 850 1
852 850 1
499 851 3
850 851 1
852 851 1
1428 851 1
499 852 1
850 852 1
851 852 1
590 853 1
854 853 1
855 853 1
590 854 1
853 854 1
855 854 1
590 855 1
853 855 1
854 855 1
857 856 1
858 856 1
856 857 1
858 857 1
856 858 1
857 858 1
150 859 2
791 859 1
860 859 2
150 860 2
791 860 1
859 860 2
150 861 1
351 862 1
534 862 1
574 862 2
1518 862 1
1519 862 1
1520 862 1
366 863 1
378 863 1
379 863 1
26 864 1
680 864 3
865 864 1
866 864 1
867 864 1
868 864 1
869 864 2
1382 864 2
1383 864 1
1573 864 1
1574 864 1
26 865 1
680 865 1
864 865 1
866 865 1
867 865 1
868 865 1
869 865 1
26 866 1
680 866 1
864 866 1
865 866 1
867 866 1
868 866 1
869 866 1
26 867 1
680 867 1
864 867 1
865 867 1
866 867 1
868 867 1
869 867 1
26 868 1
680 868 1
864 868 1
865 868 1
866 868 1
867 868 1
869 868 1
26 869 1
680 869 2
864 869 2
865 869 1
866 869 1
867 869 1
868 869 1
1382 869 1
1383 869 1
191 870 2
343 870 2
389 870 2
871 870 1
872 870 2
1270 870 1
1271 870 1
191 871 1
343 871 1
389 871 1
870 871 1
872 871 1
191 872 2
343 872 2
389 872 2
870 872 2
871 872 1
1270 872 1
1271 872 1
33 873 1
462 873 1
556 873 1
4 874 1
12 874 1
36 874 1
50 874 1
283 874 1
294 874 1
499 875 1
690 875 1
876 875 1
921 875 1
499 876 1
690 876 1
875 876 1
115 877 1
116 877 1
288 877 1
320 877 1
878 877 1
115 878 1
116 878 1
288 878 1
320 878 1
877 878 1
880 879 1
881 879 1
882 879 1
879 880 1
881 880 1
882 880 1
879 881 1
880 881 1
882 881 1
879 882 1
880 882 1
881 882 1
25 883 1
91 883 1
885 884 1
884 885 1
887 886 1
888 886 1
886 887 1
888 887 1
886 888 1
887 888 1
350 889 1
890 889 1
350 890 1
889 890 1
201 891 1
892 891 1
201 892 1
891 892 1
11 893 1
439 894 1
440 894 1
376 895 1
896 895 1
897 895 1
898 895 1
376 896 1
895 896 1
897 896 1
898 896 1
376 897 1
895 897 1
896 897 1
898 897 1
376 898 1
895 898 1
896 898 1
897 898 1
647 899 1
900 899 1
901 899 1
902 899 1
903 899 1
647 900 1
899 900 1
901 900 1
902 900 1
903 900 1
647 901 1
899 901 1
900 901 1
902 901 1
903 901 1
647 902 1
899 902 1
900 902 1
901 902 1
903 902 1
647 903 1
899 903 1
900 903 1
901 903 1
902 903 1
489 904 1
906 905 1
905 906 1
937 906 1
938 906 1
154 907 1
630 907 1
96 908 1
321 908 2
326 908 1
461 908 1
910 908 1
911 908 1
912 908 1
913 908 1
40 909 2
677 909 1
678 909 2
768 909 3
780 909 2
1389 909 2
1390 909 1
1391 909 1
96 910 1
321 910 1
326 910 1
461 910 1
908 910 1
911 910 1
912 910 1
913 910 1
96 911 1
321 911 1
326 911 2
461 911 1
908 911 1
910 911 1
912 911 1
913 911 1
96 912 1
321 912 1
326 912 1
461 912 1
908 912 1
910 912 1
911 912 1
913 912 1
96 913 1
321 913 1
326 913 1
461 913 1
908 913 1
910 913 1
911 913 1
912 913 1
915 914 3
916 914 3
917 914 1
13 915 4
43 915 3
131 915 1
144 915 1
155 915 1
346 915 1
441 915 1
547 915 5
585 915 1
914 915 3
916 915 4
917 915 1
939 915 1
940 915 3
983 915 1
984 915 1
1059 915 1
1096 915 1
1303 915 2
1432 915 1
1433 915 1
1505 915 1
1506 915 1
547 916 1
914 916 3
915 916 4
917 916 1
1059 916 1
914 917 1
915 917 1
916 917 1
94 918 1
593 918 1
94 919 1
595 919 1
920 919 1
921 919 1
94 920 2
218 920 1
455 920 4
463 920 1
595 920 2
664 920 1
919 920 1
921 920 1
922 920 1
925 920 1
926 920 1
1020 920 1
1021 920 1
1022 920 1
1037 920 1
1038 920 1
94 921 1
306 921 1
595 921 1
693 921 1
875 921 1
919 921 1
920 921 1
1560 921 1
72 922 1
94 922 7
95 922 1
218 922 1
455 922 1
463 922 1
560 922 1
595 922 1
600 922 1
601 922 1
664 922 2
920 922 1
923 922 3
924 922 1
1020 922 1
1021 922 1
1022 922 1
1039 922 1
1237 922 1
1634 922 1
94 923 3
922 923 3
924 923 1
1237 923 1
94 924 1
922 924 1
923 924 1
455 925 1
920 925 1
926 925 1
455 926 1
920 926 1
925 926 1
528 927 1
771 927 1
928 927 1
929 927 1
528 928 2
771 928 2
773 928 1
927 928 1
929 928 1
1178 928 1
1179 928 1
528 929 1
771 929 1
927 929 1
928 929 1
89 930 1
365 930 1
230 931 1
238 931 1
266 931 1
267 931 1
613 931 1
614 931 1
933 932 1
932 933 1
386 934 1
935 934 1
936 934 1
386 935 2
934 935 1
936 935 2
1617 935 1
1618 935 1
386 936 2
934 936 1
935 936 2
1617 936 1
1618 936 1
906 937 1
938 937 1
906 938 1
937 938 1
13 939 1
43 939 1
131 939 1
441 939 1
547 939 1
915 939 1
940 939 1
13 940 3
43 940 3
131 940 1
144 940 1
155 940 1
441 940 1
547 940 3
915 940 3
939 940 1
1303 940 2
1432 940 1
1433 940 1
5 941 1
6 941 1
478 941 2
41 942 2
678 942 1
745 942 1
943 942 1
1234 942 1
41 943 1
942 943 1
63 944 1
80 944 1
276 944 1
668 944 1
258 945 1
488 945 1
573 945 1
947 946 1
948 946 1
949 946 1
950 946 1
946 947 1
948 947 1
949 947 1
950 947 1
946 948 1
947 948 1
949 948 1
950 948 1
946 949 1
947 949 1
948 949 1
950 949 1
946 950 1
947 950 1
948 950 1
949 950 1
352 951 1
495 951 1
501 951 1
571 951 1
489 952 1
953 952 1
489 953 1
952 953 1
955 954 1
956 954 1
954 955 1
956 955 1
954 956 1
955 956 1
507 957 1
530 957 1
90 958 1
959 958 1
90 959 1
958 959 1
961 960 1
960 961 1
459 962 1
963 962 1
459 963 1
693 963 1
962 963 1
30 964 1
272 964 1
965 964 1
30 965 1
272 965 1
964 965 1
114 966 2
968 967 1
967 968 1
370 969 1
970 969 1
370 970 1
969 970 1
47 971 1
48 971 1
973 972 1
972 973 1
110 974 2
202 974 1
975 974 1
1316 974 1
110 975 1
974 975 1
429 976 1
429 977 1
663 977 1
429 978 1
429 979 1
332 980 2
981 980 2
332 981 2
980 981 2
44 982 1
205 982 1
13 983 1
547 983 1
915 983 1
984 983 1
13 984 1
547 984 1
915 984 1
983 984 1
53 985 1
433 985 1
587 986 1
987 986 1
587 987 1
986 987 1
989 988 1
988 989 1
63 990 1
405 990 1
435 990 1
668 990 1
51 991 2
167 991 2
193 991 1
1279 991 1
463 992 1
993 992 1
451 993 1
453 993 1
463 993 1
475 993 1
992 993 1
1132 993 1
1229 993 1
463 994 1
528 995 1
585 995 1
688 995 1
1353 995 1
528 996 1
688 996 1
997 996 1
998 996 1
528 997 1
688 997 1
996 997 1
998 997 1
528 998 1
688 998 1
996 998 1
997 998 1
474 999 1
1000 999 1
474 1000 1
999 1000 1
63 1001 1
80 1001 1
1003 1002 1
1004 1002 1
1002 1003 1
1004 1003 1
1002 1004 1
1003 1004 1
336 1005 1
466 1005 1
336 1006 1
388 1006 1
518 1007 1
1008 1007 1
518 1008 1
1007 1008 1
549 1009 1
585 1009 1
1010 1009 1
1011 1009 1
549 1010 1
585 1010 1
1009 1010 1
1011 1010 1
549 1011 1
585 1011 1
1009 1011 1
1010 1011 1
100 1012 1
126 1013 1
632 1013 1
190 1014 1
63 1015 1
405 1015 1
627 1015 1
1016 1015 1
63 1016 1
405 1016 1
627 1016 1
1015 1016 1
662 1017 1
1081 1017 1
1460 1017 1
1461 1017 1
1462 1017 1
1463 1017 1
1464 1017 1
1465 1017 1
1466 1017 1
1467 1017 1
1708 1017 1
1709 1017 1
1710 1017 1
1711 1017 1
1712 1017 1
1019 1018 1
429 1019 1
518 1019 1
523 1019 1
1018 1019 1
1272 1019 1
94 1020 1
218 1020 1
455 1020 1
463 1020 1
595 1020 1
664 1020 1
920 1020 1
922 1020 1
1021 1020 1
1022 1020 1
94 1021 1
218 1021 2
455 1021 1
463 1021 2
575 1021 1
595 1021 1
664 1021 1
678 1021 1
920 1021 1
922 1021 1
1020 1021 1
1022 1021 1
94 1022 1
218 1022 1
455 1022 1
463 1022 1
595 1022 1
664 1022 1
920 1022 1
922 1022 1
1020 1022 1
1021 1022 1
231 1023 1
286 1023 1
419 1023 1
421 1023 1
425 1023 1
468 1023 1
675 1023 1
1024 1023 1
1025 1023 1
1026 1023 1
1027 1023 1
231 1024 1
286 1024 1
419 1024 1
421 1024 1
425 1024 1
468 1024 1
675 1024 1
1023 1024 1
1025 1024 1
1026 1024 1
1027 1024 1
231 1025 1
286 1025 1
419 1025 1
421 1025 1
425 1025 1
468 1025 1
675 1025 1
1023 1025 1
1024 1025 1
1026 1025 1
1027 1025 1
231 1026 1
286 1026 1
419 1026 1
421 1026 1
425 1026 1
468 1026 1
675 1026 1
1023 1026 1
1024 1026 1
1025 1026 1
1027 1026 1
231 1027 1
286 1027 1
419 1027 1
421 1027 1
425 1027 1
468 1027 1
675 1027 1
1023 1027 1
1024 1027 1
1025 1027 1
1026 1027 1
545 1028 1
554 1028 1
1029 1028 1
1030 1028 1
545 1029 1
554 1029 1
1028 1029 1
1030 1029 1
545 1030 1
554 1030 1
1028 1030 1
1029 1030 1
105 1031 1
549 1031 1
1033 1032 2
1034 1032 2
1032 1033 2
1034 1033 2
1032 1034 2
1033 1034 2
1608 1034 1
1609 1034 1
1610 1034 1
1611 1034 1
1612 1034 1
323 1035 1
324 1035 1
655 1035 1
463 1036 3
455 1037 1
920 1037 1
1038 1037 1
455 1038 1
920 1038 1
1037 1038 1
94 1039 1
664 1039 1
922 1039 1
354 1040 1
841 1040 1
1041 1040 1
1042 1040 1
1043 1040 1
354 1041 1
841 1041 1
1040 1041 1
1042 1041 1
1043 1041 1
354 1042 1
841 1042 1
1040 1042 1
1041 1042 1
1043 1042 1
354 1043 1
841 1043 1
1040 1043 1
1041 1043 1
1042 1043 1
9 1044 1
1045 1044 1
1046 1044 1
9 1045 1
1044 1045 1
1046 1045 1
9 1046 1
1044 1046 1
1045 1046 1
25 1047 1
429 1047 1
25 1048 1
1049 1048 1
1050 1048 1
1051 1048 1
1052 1048 1
1359 1048 1
1360 1048 1
1361 1048 1
25 1049 1
1048 1049 1
1050 1049 1
1051 1049 1
1052 1049 1
25 1050 1
1048 1050 1
1049 1050 1
1051 1050 1
1052 1050 1
25 1051 1
1048 1051 1
1049 1051 1
1050 1051 1
1052 1051 1
25 1052 1
1048 1052 1
1049 1052 1
1050 1052 1
1051 1052 1
1054 1053 1
1053 1054 1
1056 1055 1
1055 1056 1
578 1057 4
649 1057 2
1110 1057 1
35 1058 1
547 1059 1
915 1059 1
916 1059 1
1061 1060 1
1062 1060 1
1063 1060 1
1064 1060 1
1065 1060 1
1066 1060 1
1067 1060 1
1068 1060 1
1069 1060 1
1070 1060 1
1071 1060 1
1060 1061 1
1062 1061 1
1063 1061 1
1064 1061 1
1065 1061 1
1066 1061 1
1067 1061 1
1068 1061 1
1069 1061 1
1070 1061 1
1071 1061 1
1060 1062 1
1061 1062 1
1063 1062 1
1064 1062 1
1065 1062 1
1066 1062 1
1067 1062 1
1068 1062 1
1069 1062 1
1070 1062 1
1071 1062 1
1060 1063 1
1061 1063 1
1062 1063 1
1064 1063 1
1065 1063 1
1066 1063 1
1067 1063 1
1068 1063 1
1069 1063 1
1070 1063 1
1071 1063 1
1060 1064 1
1061 1064 1
1062 1064 1
1063 1064 1
1065 1064 1
1066 1064 1
1067 1064 1
1068 1064 1
1069 1064 1
1070 1064 1
1071 1064 1
1060 1065 1
1061 1065 1
1062 1065 1
1063 1065 1
1064 1065 1
1066 1065 1
1067 1065 1
1068 1065 1
1069 1065 1
1070 1065 1
1071 1065 1
1060 1066 1
1061 1066 1
1062 1066 1
1063 1066 1
1064 1066 1
1065 1066 1
1067 1066 1
1068 1066 1
1069 1066 1
1070 1066 1
1071 1066 1
1060 1067 1
1061 1067 1
1062 1067 1
1063 1067 1
1064 1067 1
1065 1067 1
1066 1067 1
1068 1067 1
1069 1067 1
1070 1067 1
1071 1067 1
1060 1068 1
1061 1068 1
1062 1068 1
1063 1068 1
1064 1068 1
1065 1068 1
1066 1068 1
1067 1068 1
1069 1068 1
1070 1068 1
1071 1068 1
1060 1069 1
1061 1069 1
1062 1069 1
1063 1069 1
1064 1069 1
1065 1069 1
1066 1069 1
1067 1069 1
1068 1069 1
1070 1069 1
1071 1069 1
1060 1070 1
1061 1070 1
1062 1070 1
1063 1070 1
1064 1070 1
1065 1070 1
1066 1070 1
1067 1070 1
1068 1070 1
1069 1070 1
1071 1070 1
1060 1071 1
1061 1071 1
1062 1071 1
1063 1071 1
1064 1071 1
1065 1071 1
1066 1071 1
1067 1071 1
1068 1071 1
1069 1071 1
1070 1071 1
1073 1072 1
1074 1072 1
1075 1072 1
1072 1073 1
1074 1073 1
1075 1073 1
1072 1074 1
1073 1074 1
1075 1074 1
1072 1075 1
1073 1075 1
1074 1075 1
582 1076 1
605 1076 1
606 1076 1
607 1076 1
1077 1076 1
582 1077 1
605 1077 1
606 1077 1
607 1077 1
1076 1077 1
631 1078 1
1080 1079 1
1081 1079 1
1082 1079 1
1079 1080 1
1081 1080 1
1082 1080 1
741 1081 1
1017 1081 1
1079 1081 1
1080 1081 1
1082 1081 1
1460 1081 1
1461 1081 1
1462 1081 1
1463 1081 1
1464 1081 1
1465 1081 1
1466 1081 1
1467 1081 1
1480 1081 1
1628 1081 1
1079 1082 1
1080 1082 1
1081 1082 1
429 1083 1
663 1083 1
786 1084 1
1085 1084 1
1086 1084 1
786 1085 1
1084 1085 1
1086 1085 1
25 1086 1
659 1086 1
786 1086 2
1084 1086 1
1085 1086 1
1217 1086 1
1218 1086 1
222 1087 1
457 1087 1
458 1087 1
1088 1087 1
1089 1087 1
1090 1087 1
222 1088 1
457 1088 1
458 1088 1
1087 1088 1
1089 1088 1
1090 1088 1
222 1089 1
457 1089 1
458 1089 1
1087 1089 1
1088 1089 1
1090 1089 1
222 1090 1
457 1090 1
458 1090 1
1087 1090 1
1088 1090 1
1089 1090 1
51 1091 2
167 1091 2
200 1092 1
1093 1092 6
1094 1092 2
1629 1092 1
1727 1092 1
1728 1092 1
1729 1092 1
200 1093 1
1092 1093 6
1094 1093 2
1629 1093 1
1727 1093 1
1728 1093 1
1729 1093 1
200 1094 1
1092 1094 2
1093 1094 2
133 1095 1
156 1095 2
192 1095 1
1216 1095 1
585 1096 1
915 1096 1
669 1097 1
1098 1097 1
669 1098 1
1097 1098 1
1100 1099 2
1101 1099 1
1102 1099 1
1500 1099 1
1099 1100 2
1101 1100 1
1102 1100 1
1500 1100 1
1099 1101 1
1100 1101 1
1102 1101 1
1099 1102 1
1100 1102 1
1101 1102 1
217 1103 1
218 1103 1
219 1103 1
220 1103 1
255 1104 1
1105 1104 1
255 1105 1
1104 1105 1
181 1106 1
1107 1106 1
181 1107 1
1106 1107 1
827 1108 1
1109 1108 1
827 1109 1
1108 1109 1
578 1110 1
1057 1110 1
235 1111 1
316 1111 1
469 1111 1
1112 1111 1
235 1112 1
316 1112 1
469 1112 1
1111 1112 1
1114 1113 1
1115 1113 1
1116 1113 1
1117 1113 1
1118 1113 1
1113 1114 1
1115 1114 1
1116 1114 1
1117 1114 1
1118 1114 1
1113 1115 1
1114 1115 1
1116 1115 1
1117 1115 1
1118 1115 1
1113 1116 1
1114 1116 1
1115 1116 1
1117 1116 1
1118 1116 1
1113 1117 1
1114 1117 1
1115 1117 1
1116 1117 1
1118 1117 1
1113 1118 1
1114 1118 1
1115 1118 1
1116 1118 1
1117 1118 1
253 1119 1
336 1119 1
466 1119 1
659 1119 1
791 1119 1
1120 1119 1
253 1120 1
336 1120 1
466 1120 1
659 1120 1
791 1120 1
1119 1120 1
76 1121 1
1122 1121 1
1123 1121 1
76 1122 1
1121 1122 1
1123 1122 1
76 1123 1
1121 1123 1
1122 1123 1
336 1124 1
466 1124 1
1125 1124 1
1126 1124 1
336 1125 1
466 1125 1
1124 1125 1
1126 1125 1
336 1126 1
466 1126 1
1124 1126 1
1125 1126 1
25 1127 2
1131 1127 1
1129 1128 1
1130 1128 1
1128 1129 1
1130 1129 1
1128 1130 1
1129 1130 1
1127 1131 1
453 1132 1
475 1132 2
993 1132 1
1133 1132 1
1229 1132 1
475 1133 1
1132 1133 1
41 1134 1
609 1134 1
1135 1134 1
1136 1134 1
41 1135 1
609 1135 1
1134 1135 1
1136 1135 1
41 1136 1
609 1136 1
1134 1136 1
1135 1136 1
1 1137 1
478 1137 1
617 1137 1
1138 1137 1
1 1138 1
478 1138 1
617 1138 1
1137 1138 1
1140 1139 1
1141 1139 1
1139 1140 1
1141 1140 1
1139 1141 1
1140 1141 1
160 1142 2
287 1142 1
298 1142 3
349 1143 1
367 1143 1
524 1143 1
8 1144 1
49 1144 1
120 1144 1
152 1144 1
1146 1145 1
1147 1145 2
1409 1145 1
1145 1146 1
1147 1146 1
1145 1147 2
1146 1147 1
1409 1147 1
369 1148 1
1149 1148 1
59 1149 1
422 1149 1
591 1149 1
1148 1149 1
1397 1149 1
707 1150 1
1151 1150 1
707 1151 1
1150 1151 1
232 1152 1
256 1152 2
257 1152 1
273 1152 2
1153 1152 2
1154 1152 2
1155 1152 2
1196 1152 1
1197 1152 1
1198 1152 1
232 1153 1
256 1153 2
257 1153 1
273 1153 2
1152 1153 2
1154 1153 2
1155 1153 2
1196 1153 1
1197 1153 1
1198 1153 1
232 1154 1
256 1154 2
257 1154 1
273 1154 2
1152 1154 2
1153 1154 2
1155 1154 2
1196 1154 1
1197 1154 1
1198 1154 1
232 1155 1
256 1155 2
257 1155 1
273 1155 2
1152 1155 2
1153 1155 2
1154 1155 2
1196 1155 1
1197 1155 1
1198 1155 1
423 1156 1
1158 1157 1
1159 1157 1
1160 1157 1
1157 1158 1
1159 1158 1
1160 1158 1
1157 1159 1
1158 1159 1
1160 1159 1
1157 1160 1
1158 1160 1
1159 1160 1
1162 1161 1
1163 1161 1
1161 1162 1
1163 1162 1
1161 1163 1
1162 1163 1
724 1164 1
1165 1164 1
724 1165 1
1164 1165 1
1354 1165 1
345 1166 1
1167 1166 1
345 1167 1
1166 1167 1
446 1168 1
1169 1168 1
1170 1168 1
1171 1168 1
1172 1168 1
446 1169 1
1168 1169 1
1170 1169 1
1171 1169 1
1172 1169 1
446 1170 1
1168 1170 1
1169 1170 1
1171 1170 1
1172 1170 1
446 1171 1
1168 1171 1
1169 1171 1
1170 1171 1
1172 1171 1
1404 1171 1
1405 1171 1
1406 1171 1
446 1172 1
1168 1172 1
1169 1172 1
1170 1172 1
1171 1172 1
295 1173 1
460 1173 4
1174 1173 4
1175 1173 1
1176 1173 1
295 1174 1
460 1174 4
1173 1174 4
1175 1174 1
1176 1174 1
460 1175 1
1173 1175 1
1174 1175 1
460 1176 1
1173 1176 1
1174 1176 1
562 1177 1
528 1178 1
771 1178 1
773 1178 1
928 1178 1
1179 1178 1
528 1179 1
771 1179 1
773 1179 1
928 1179 1
1178 1179 1
31 1180 1
121 1180 1
122 1180 1
528 1181 1
773 1181 1
1182 1181 1
528 1182 2
773 1182 2
1181 1182 1
23 1183 4
63 1183 4
80 1183 2
127 1183 1
328 1183 1
668 1183 4
1233 1183 1
1185 1184 1
1184 1185 1
1187 1186 1
1188 1186 1
1189 1186 1
1186 1187 1
1188 1187 1
1189 1187 1
1186 1188 1
1187 1188 1
1189 1188 1
1186 1189 1
1187 1189 1
1188 1189 1
1191 1190 1
1192 1190 1
1193 1190 1
1194 1190 1
1195 1190 1
1190 1191 1
1192 1191 1
1193 1191 1
1194 1191 1
1195 1191 1
1190 1192 1
1191 1192 1
1193 1192 1
1194 1192 1
1195 1192 1
1190 1193 1
1191 1193 1
1192 1193 1
1194 1193 1
1195 1193 1
1190 1194 1
1191 1194 1
1192 1194 1
1193 1194 1
1195 1194 1
1190 1195 1
1191 1195 1
1192 1195 1
1193 1195 1
1194 1195 1
232 1196 1
256 1196 1
257 1196 1
273 1196 1
1152 1196 1
1153 1196 1
1154 1196 1
1155 1196 1
1197 1196 1
1198 1196 1
232 1197 1
256 1197 1
257 1197 1
273 1197 1
1152 1197 1
1153 1197 1
1154 1197 1
1155 1197 1
1196 1197 1
1198 1197 1
232 1198 1
256 1198 1
257 1198 1
273 1198 1
1152 1198 1
1153 1198 1
1154 1198 1
1155 1198 1
1196 1198 1
1197 1198 1
1200 1199 1
1199 1200 1
408 1201 1
595 1201 1
168 1202 1
1203 1202 1
168 1203 1
1202 1203 1
1205 1204 1
1204 1205 1
439 1206 1
440 1206 1
168 1207 1
23 1208 1
63 1208 1
80 1208 1
668 1208 1
1209 1208 1
23 1209 1
63 1209 1
80 1209 1
668 1209 1
1208 1209 1
444 1210 1
496 1210 1
1211 1210 1
444 1211 1
496 1211 1
1210 1211 1
247 1212 3
305 1212 3
314 1212 2
344 1212 1
1213 1212 3
1398 1212 1
1400 1212 1
247 1213 3
305 1213 3
314 1213 2
1212 1213 3
1398 1213 1
471 1214 1
472 1214 1
1215 1214 1
471 1215 1
472 1215 1
1214 1215 1
156 1216 1
192 1216 1
1095 1216 1
659 1217 1
786 1217 1
1086 1217 1
1218 1217 1
659 1218 1
786 1218 1
1086 1218 1
1217 1218 1
151 1219 1
644 1219 1
1220 1219 1
151 1220 1
644 1220 1
1219 1220 1
98 1221 1
1223 1222 1
1413 1222 1
1414 1222 1
1222 1223 1
119 1224 1
145 1225 1
527 1225 1
599 1225 1
1226 1225 1
1227 1225 1
145 1226 1
527 1226 1
599 1226 1
1225 1226 1
1227 1226 1
145 1227 1
527 1227 1
599 1227 1
1225 1227 1
1226 1227 1
560 1228 1
453 1229 1
475 1229 1
993 1229 1
1132 1229 1
1231 1230 1
1232 1230 1
1230 1231 1
1232 1231 1
1230 1232 1
1231 1232 1
23 1233 1
63 1233 1
668 1233 1
1183 1233 1
41 1234 1
678 1234 1
745 1234 1
942 1234 1
506 1235 1
1236 1235 1
506 1236 1
1235 1236 1
94 1237 1
922 1237 1
923 1237 1
709 1238 1
1239 1238 1
709 1239 1
1238 1239 1
738 1240 1
1241 1240 1
1242 1240 1
738 1241 1
1240 1241 1
1242 1241 1
738 1242 1
1240 1242 1
1241 1242 1
463 1243 6
1655 1243 1
578 1244 1
179 1245 1
1246 1245 1
179 1246 1
1245 1246 1
528 1247 1
770 1247 1
771 1247 1
772 1247 1
773 1247 1
125 1248 1
515 1248 1
349 1249 1
349 1250 1
1251 1250 1
1252 1250 1
349 1251 1
1250 1251 1
1252 1251 1
349 1252 1
1250 1252 1
1251 1252 1
15 1253 1
123 1253 1
140 1253 1
221 1253 1
265 1253 1
349 1253 1
597 1253 1
621 1253 1
1261 1254 1
1262 1254 2
1263 1254 3
1285 1254 1
96 1255 1
321 1255 1
849 1255 1
1256 1255 1
1257 1255 1
1258 1255 1
1259 1255 1
96 1256 1
321 1256 1
849 1256 1
1255 1256 1
1257 1256 1
1258 1256 1
1259 1256 1
96 1257 1
321 1257 1
849 1257 1
1255 1257 1
1256 1257 1
1258 1257 1
1259 1257 1
96 1258 1
321 1258 1
849 1258 1
1255 1258 1
1256 1258 1
1257 1258 1
1259 1258 1
96 1259 1
321 1259 1
849 1259 1
1255 1259 1
1256 1259 1
1257 1259 1
1258 1259 1
180 1260 1
659 1260 2
1254 1261 1
1262 1261 1
1263 1261 1
1254 1262 2
1261 1262 1
1263 1262 2
1254 1263 3
1261 1263 1
1262 1263 2
1285 1263 1
347 1264 1
1265 1264 1
347 1265 1
1264 1265 1
381 1266 1
1268 1267 1
1269 1267 1
1267 1268 1
1269 1268 1
1267 1269 1
1268 1269 1
191 1270 1
343 1270 1
389 1270 1
870 1270 1
872 1270 1
1271 1270 1
191 1271 1
343 1271 1
389 1271 1
870 1271 1
872 1271 1
1270 1271 1
429 1272 1
518 1272 1
523 1272 1
1019 1272 1
1627 1272 1
518 1273 1
1274 1273 1
518 1274 1
1273 1274 1
268 1275 1
449 1275 1
474 1275 1
766 1275 1
1277 1276 1
1278 1276 1
1276 1277 1
1278 1277 1
1276 1278 1
1277 1278 1
51 1279 1
167 1279 1
991 1279 1
526 1280 1
535 1280 1
755 1280 1
757 1280 1
1281 1280 1
1282 1280 1
1283 1280 1
1284 1280 1
526 1281 1
535 1281 1
755 1281 1
757 1281 1
1280 1281 1
1282 1281 1
1283 1281 1
1284 1281 1
526 1282 1
535 1282 1
755 1282 1
757 1282 1
1280 1282 1
1281 1282 1
1283 1282 1
1284 1282 1
526 1283 1
535 1283 1
755 1283 1
757 1283 1
1280 1283 1
1281 1283 1
1282 1283 1
1284 1283 1
526 1284 1
535 1284 1
755 1284 1
757 1284 1
1280 1284 1
1281 1284 1
1282 1284 1
1283 1284 1
1254 1285 1
1263 1285 1
224 1286 1
520 1286 2
547 1286 2
555 1286 2
557 1286 1
781 1286 1
1287 1286 1
224 1287 1
520 1287 1
547 1287 1
555 1287 1
781 1287 1
1286 1287 1
269 1288 1
270 1288 1
1289 1288 1
269 1289 1
270 1289 1
1288 1289 1
1291 1290 1
1292 1290 1
1293 1290 1
1294 1290 1
1290 1291 1
1292 1291 1
1293 1291 1
1294 1291 1
1290 1292 1
1291 1292 1
1293 1292 1
1294 1292 1
1290 1293 1
1291 1293 1
1292 1293 1
1294 1293 1
1290 1294 1
1291 1294 1
1292 1294 1
1293 1294 1
205 1295 1
463 1296 1
260 1297 1
262 1297 1
1547 1298 1
241 1299 1
289 1300 1
1301 1300 1
1302 1300 1
289 1301 1
1300 1301 1
1302 1301 1
289 1302 1
1300 1302 1
1301 1302 1
13 1303 2
43 1303 2
144 1303 1
155 1303 1
547 1303 2
915 1303 2
940 1303 2
1432 1303 1
1433 1303 1
296 1304 1
364 1304 1
622 1305 1
1307 1306 1
1306 1307 1
228 1308 1
259 1308 1
229 1309 1
1310 1309 1
229 1310 1
1309 1310 1
417 1311 1
511 1311 1
564 1311 1
565 1311 1
1313 1312 1
1314 1312 1
1312 1313 1
1314 1313 1
1312 1314 1
1313 1314 1
63 1315 1
80 1315 1
82 1315 1
110 1316 1
202 1316 1
974 1316 1
19 1317 1
480 1317 1
1319 1318 1
1320 1318 1
1321 1318 1
1318 1319 1
1320 1319 1
1321 1319 1
1318 1320 1
1319 1320 1
1321 1320 1
1318 1321 1
1319 1321 1
1320 1321 1
149 1322 1
319 1322 1
335 1322 1
1323 1322 1
1324 1322 1
149 1323 1
319 1323 1
335 1323 1
1322 1323 1
1324 1323 1
148 1324 1
149 1324 2
319 1324 1
335 1324 2
1322 1324 1
1323 1324 1
168 1325 1
240 1325 1
450 1326 1
484 1326 1
838 1326 1
1327 1326 1
1328 1326 1
1557 1326 1
1558 1326 1
1559 1326 1
450 1327 1
838 1327 1
1326 1327 1
1328 1327 1
450 1328 1
838 1328 1
1326 1328 1
1327 1328 1
119 1329 1
1331 1330 1
1330 1331 1
25 1332 1
106 1333 1
164 1333 1
173 1333 1
174 1333 1
208 1333 1
567 1333 1
1334 1333 1
106 1334 1
164 1334 1
173 1334 1
174 1334 1
208 1334 1
567 1334 1
1333 1334 1
1336 1335 1
1337 1335 1
1335 1336 1
1337 1336 1
1335 1337 1
1336 1337 1
429 1338 1
1339 1338 1
429 1339 1
1338 1339 1
515 1340 1
616 1340 1
1341 1340 1
1342 1340 1
1343 1340 1
1344 1340 1
1345 1340 1
515 1341 1
616 1341 1
1340 1341 1
1342 1341 1
1343 1341 1
1344 1341 1
1345 1341 1
515 1342 1
616 1342 1
1340 1342 1
1341 1342 1
1343 1342 1
1344 1342 1
1345 1342 1
515 1343 1
616 1343 1
1340 1343 1
1341 1343 1
1342 1343 1
1344 1343 1
1345 1343 1
515 1344 1
616 1344 1
1340 1344 1
1341 1344 1
1342 1344 1
1343 1344 1
1345 1344 1
515 1345 1
616 1345 1
1340 1345 1
1341 1345 1
1342 1345 1
1343 1345 1
1344 1345 1
1347 1346 1
1348 1346 1
1346 1347 1
1348 1347 1
1346 1348 1
1347 1348 1
63 1349 1
223 1349 1
252 1349 1
391 1349 1
403 1349 1
476 1349 1
415 1350 1
653 1350 1
520 1351 3
1625 1351 1
53 1352 2
374 1352 1
781 1352 2
1540 1352 1
585 1353 1
995 1353 1
1165 1354 1
22 1355 1
63 1355 1
276 1355 1
450 1356 1
486 1356 1
648 1356 2
837 1356 4
838 1356 3
1357 1356 4
1557 1356 1
1558 1356 1
1738 1356 1
1739 1356 1
1740 1356 1
450 1357 1
486 1357 1
648 1357 2
837 1357 4
838 1357 3
1356 1357 4
1557 1357 1
1558 1357 1
1738 1357 1
1739 1357 1
1740 1357 1
327 1358 1
470 1358 1
1048 1359 1
1360 1359 1
1361 1359 1
1048 1360 1
1359 1360 1
1361 1360 1
1048 1361 1
1359 1361 1
1360 1361 1
680 1362 1
1363 1362 1
680 1363 1
1362 1363 1
206 1364 1
841 1364 1
263 1365 1
264 1365 1
533 1365 1
239 1366 1
242 1366 1
243 1366 1
551 1366 1
1367 1366 1
1368 1366 1
1369 1366 1
1370 1366 1
239 1367 1
242 1367 1
243 1367 1
551 1367 1
1366 1367 1
1368 1367 1
1369 1367 1
1370 1367 1
239 1368 1
242 1368 1
243 1368 1
551 1368 1
1366 1368 1
1367 1368 1
1369 1368 1
1370 1368 1
239 1369 1
242 1369 1
243 1369 1
551 1369 1
1366 1369 1
1367 1369 1
1368 1369 1
1370 1369 1
239 1370 1
242 1370 1
243 1370 1
551 1370 1
1366 1370 1
1367 1370 1
1368 1370 1
1369 1370 1
1372 1371 1
1371 1372 1
63 1373 1
80 1373 1
430 1373 1
668 1373 1
52 1374 1
63 1374 1
101 1374 2
168 1374 1
610 1374 1
612 1374 1
625 1374 1
746 1374 1
747 1374 1
1375 1374 1
1376 1374 1
1377 1374 1
1378 1374 1
1699 1374 1
1700 1374 1
52 1375 1
101 1375 1
625 1375 1
746 1375 1
747 1375 1
1374 1375 1
1376 1375 1
1377 1375 1
1378 1375 1
52 1376 1
101 1376 1
625 1376 1
746 1376 1
747 1376 1
1374 1376 1
1375 1376 1
1377 1376 1
1378 1376 1
52 1377 1
101 1377 1
625 1377 1
746 1377 1
747 1377 1
1374 1377 1
1375 1377 1
1376 1377 1
1378 1377 1
52 1378 1
101 1378 1
625 1378 1
746 1378 1
747 1378 1
1374 1378 1
1375 1378 1
1376 1378 1
1377 1378 1
137 1379 1
262 1380 1
812 1380 1
575 1381 1
594 1381 1
645 1381 1
652 1381 1
680 1382 2
864 1382 2
869 1382 1
1383 1382 1
1573 1382 1
1574 1382 1
680 1383 1
864 1383 1
869 1383 1
1382 1383 1
1385 1384 1
1384 1385 1
34 1386 1
188 1386 1
329 1386 1
566 1386 1
1387 1386 1
1388 1386 1
34 1387 1
188 1387 1
329 1387 1
566 1387 1
1386 1387 1
1388 1387 1
34 1388 1
188 1388 1
329 1388 1
566 1388 1
1386 1388 1
1387 1388 1
40 1389 1
678 1389 1
768 1389 2
780 1389 1
909 1389 2
1390 1389 1
1391 1389 1
40 1390 2
678 1390 2
768 1390 2
780 1390 1
909 1390 1
1389 1390 1
1391 1390 1
40 1391 1
678 1391 1
768 1391 1
909 1391 1
1389 1391 1
1390 1391 1
574 1392 1
598 1392 1
1393 1392 1
1394 1392 1
1395 1392 1
1396 1392 1
1469 1392 1
1471 1392 1
1536 1392 1
1537 1392 1
574 1393 1
1392 1393 1
1394 1393 1
1395 1393 1
1396 1393 1
574 1394 1
1392 1394 1
1393 1394 1
1395 1394 1
1396 1394 1
574 1395 1
1392 1395 1
1393 1395 1
1394 1395 1
1396 1395 1
574 1396 1
1392 1396 1
1393 1396 1
1394 1396 1
1395 1396 1
63 1397 1
147 1397 1
149 1397 1
204 1397 1
340 1397 1
422 1397 1
430 1397 1
627 1397 1
1149 1397 1
1509 1397 1
1510 1397 1
1511 1397 1
1512 1397 1
247 1398 1
305 1398 1
1212 1398 1
1213 1398 1
23 1399 1
63 1399 1
344 1400 1
1212 1400 1
124 1401 1
399 1401 1
400 1401 1
1402 1401 1
1403 1401 1
124 1402 1
399 1402 1
400 1402 1
1401 1402 1
1403 1402 1
124 1403 1
399 1403 1
400 1403 1
1401 1403 1
1402 1403 1
1171 1404 1
1405 1404 1
1406 1404 1
1171 1405 1
1404 1405 1
1406 1405 1
1171 1406 1
1404 1406 1
1405 1406 1
28 1407 1
236 1407 1
473 1407 1
436 1408 1
1446 1408 1
1447 1408 1
1448 1408 1
1449 1408 1
1450 1408 1
1145 1409 1
1147 1409 1
161 1410 1
211 1410 1
1411 1410 1
1412 1410 1
161 1411 1
211 1411 1
1410 1411 1
1412 1411 1
161 1412 1
211 1412 1
1410 1412 1
1411 1412 1
1222 1413 1
1414 1413 1
1222 1414 1
1413 1414 1
218 1415 2
306 1415 1
1416 1415 1
1661 1415 1
218 1416 1
1415 1416 1
537 1417 1
380 1418 1
1419 1418 2
1420 1418 2
1421 1418 1
380 1419 1
1418 1419 2
1420 1419 2
1421 1419 1
380 1420 1
1418 1420 2
1419 1420 2
1421 1420 1
1418 1421 1
1419 1421 1
1420 1421 1
652 1422 2
456 1423 1
678 1423 1
1424 1423 2
1425 1423 1
456 1424 1
678 1424 1
1423 1424 2
1425 1424 1
456 1425 1
678 1425 1
1423 1425 1
1424 1425 1
387 1426 1
1427 1426 1
387 1427 1
1426 1427 1
499 1428 1
851 1428 1
522 1429 1
1430 1429 1
522 1430 1
1429 1430 1
433 1431 1
13 1432 1
43 1432 1
547 1432 1
915 1432 1
940 1432 1
1303 1432 1
1433 1432 1
13 1433 1
43 1433 1
547 1433 1
915 1433 1
940 1433 1
1303 1433 1
1432 1433 1
1435 1434 1
1434 1435 1
39 1436 1
518 1436 1
718 1436 1
719 1436 1
1437 1436 1
1438 1436 1
39 1437 1
518 1437 1
718 1437 1
719 1437 1
1436 1437 1
1438 1437 1
39 1438 1
518 1438 1
718 1438 1
719 1438 1
1436 1438 1
1437 1438 1
741 1439 1
746 1439 2
747 1439 1
1440 1439 2
1441 1439 2
1670 1439 1
7 1440 1
159 1440 1
741 1440 2
746 1440 3
747 1440 2
756 1440 1
1439 1440 2
1441 1440 3
1454 1440 1
1455 1440 1
1456 1440 1
1457 1440 1
1670 1440 1
1700 1440 1
1705 1440 1
1706 1440 1
1707 1440 1
7 1441 1
159 1441 1
741 1441 1
746 1441 2
747 1441 1
1439 1441 2
1440 1441 3
1670 1441 1
1700 1441 1
1705 1441 1
1706 1441 1
1707 1441 1
168 1442 3
304 1442 1
1443 1442 3
1444 1442 1
1445 1442 1
1501 1442 2
1502 1442 1
1503 1442 1
1622 1442 1
1623 1442 1
168 1443 3
304 1443 1
1442 1443 3
1444 1443 1
1445 1443 1
1501 1443 2
1502 1443 1
1503 1443 1
1622 1443 1
1623 1443 1
168 1444 1
304 1444 1
1442 1444 1
1443 1444 1
1445 1444 1
168 1445 1
304 1445 1
1442 1445 1
1443 1445 1
1444 1445 1
436 1446 1
1408 1446 1
1447 1446 1
1448 1446 1
1449 1446 1
1450 1446 1
436 1447 1
1408 1447 1
1446 1447 1
1448 1447 1
1449 1447 1
1450 1447 1
436 1448 1
1408 1448 1
1446 1448 1
1447 1448 1
1449 1448 1
1450 1448 1
436 1449 1
1408 1449 1
1446 1449 1
1447 1449 1
1448 1449 1
1450 1449 1
436 1450 1
1408 1450 1
1446 1450 1
1447 1450 1
1448 1450 1
1449 1450 1
463 1451 1
1452 1451 1
463 1452 1
1451 1452 1
652 1453 2
741 1454 1
746 1454 1
747 1454 1
756 1454 1
1440 1454 1
1455 1454 1
1456 1454 1
1457 1454 1
741 1455 1
746 1455 1
747 1455 1
756 1455 1
1440 1455 1
1454 1455 1
1456 1455 1
1457 1455 1
741 1456 1
746 1456 1
747 1456 1
756 1456 1
1440 1456 1
1454 1456 1
1455 1456 1
1457 1456 1
741 1457 1
746 1457 1
747 1457 1
756 1457 1
1440 1457 1
1454 1457 1
1455 1457 1
1456 1457 1
14 1458 1
297 1458 1
479 1458 1
1459 1458 1
14 1459 1
297 1459 1
479 1459 1
1458 1459 1
1017 1460 1
1081 1460 1
1461 1460 1
1462 1460 1
1463 1460 1
1464 1460 1
1465 1460 1
1466 1460 1
1467 1460 1
1017 1461 1
1081 1461 1
1460 1461 1
1462 1461 1
1463 1461 1
1464 1461 1
1465 1461 1
1466 1461 1
1467 1461 1
1017 1462 1
1081 1462 1
1460 1462 1
1461 1462 1
1463 1462 1
1464 1462 1
1465 1462 1
1466 1462 1
1467 1462 1
1017 1463 1
1081 1463 1
1460 1463 1
1461 1463 1
1462 1463 1
1464 1463 1
1465 1463 1
1466 1463 1
1467 1463 1
1017 1464 1
1081 1464 1
1460 1464 1
1461 1464 1
1462 1464 1
1463 1464 1
1465 1464 1
1466 1464 1
1467 1464 2
1477 1464 1
1478 1464 1
1479 1464 1
1480 1464 1
1481 1464 1
1482 1464 1
1483 1464 1
1017 1465 1
1081 1465 1
1460 1465 1
1461 1465 1
1462 1465 1
1463 1465 1
1464 1465 1
1466 1465 1
1467 1465 1
1632 1465 1
1633 1465 1
1017 1466 1
1081 1466 1
1460 1466 1
1461 1466 1
1462 1466 1
1463 1466 1
1464 1466 1
1465 1466 1
1467 1466 1
1017 1467 1
1081 1467 1
1460 1467 1
1461 1467 1
1462 1467 1
1463 1467 1
1464 1467 2
1465 1467 1
1466 1467 1
1477 1467 1
1478 1467 1
1479 1467 1
1480 1467 1
1481 1467 1
1482 1467 1
1483 1467 1
778 1468 1
101 1469 1
598 1469 1
1392 1469 1
1470 1469 1
1471 1469 2
1536 1469 1
1537 1469 1
101 1470 1
1469 1470 1
1471 1470 1
101 1471 1
598 1471 1
1392 1471 1
1469 1471 2
1470 1471 1
1536 1471 1
1537 1471 1
260 1472 1
262 1472 1
1473 1472 1
1474 1472 1
1475 1472 1
260 1473 1
262 1473 1
1472 1473 1
1474 1473 1
1475 1473 1
260 1474 1
262 1474 1
1472 1474 1
1473 1474 1
1475 1474 1
260 1475 1
262 1475 1
1472 1475 1
1473 1475 1
1474 1475 1
520 1476 4
555 1476 2
1464 1477 1
1467 1477 1
1478 1477 1
1479 1477 1
1480 1477 1
1481 1477 1
1482 1477 1
1483 1477 1
1464 1478 1
1467 1478 1
1477 1478 1
1479 1478 1
1480 1478 1
1481 1478 1
1482 1478 1
1483 1478 1
1464 1479 1
1467 1479 1
1477 1479 1
1478 1479 1
1480 1479 1
1481 1479 1
1482 1479 1
1483 1479 1
741 1480 1
1081 1480 1
1464 1480 1
1467 1480 1
1477 1480 1
1478 1480 1
1479 1480 1
1481 1480 1
1482 1480 1
1483 1480 1
1628 1480 1
1464 1481 1
1467 1481 1
1477 1481 1
1478 1481 1
1479 1481 1
1480 1481 1
1482 1481 1
1483 1481 1
1464 1482 1
1467 1482 1
1477 1482 1
1478 1482 1
1479 1482 1
1480 1482 1
1481 1482 1
1483 1482 1
1464 1483 1
1467 1483 1
1477 1483 1
1478 1483 1
1479 1483 1
1480 1483 1
1481 1483 1
1482 1483 1
1485 1484 2
1486 1484 2
1487 1484 2
1488 1484 2
1484 1485 2
1486 1485 2
1487 1485 2
1488 1485 2
1484 1486 2
1485 1486 2
1487 1486 2
1488 1486 2
1484 1487 2
1485 1487 2
1486 1487 2
1488 1487 2
1484 1488 2
1485 1488 2
1486 1488 2
1487 1488 2
1490 1489 2
1489 1490 2
383 1491 1
1493 1492 1
1492 1493 1
591 1494 1
410 1495 1
411 1495 1
493 1495 1
1496 1495 1
1497 1495 1
410 1496 1
411 1496 1
493 1496 1
1495 1496 1
1497 1496 1
410 1497 1
411 1497 1
493 1497 1
1495 1497 1
1496 1497 1
1499 1498 1
1498 1499 1
1099 1500 1
1100 1500 1
168 1501 2
1442 1501 2
1443 1501 2
1502 1501 1
1503 1501 1
1622 1501 1
1623 1501 1
168 1502 2
1442 1502 1
1443 1502 1
1501 1502 1
1503 1502 1
1533 1502 1
168 1503 1
1442 1503 1
1443 1503 1
1501 1503 1
1502 1503 1
157 1504 1
158 1504 1
428 1504 1
640 1504 1
346 1505 1
915 1505 1
1506 1505 1
346 1506 1
915 1506 1
1505 1506 1
249 1507 1
483 1507 1
94 1508 1
104 1508 1
619 1508 1
634 1508 1
1730 1508 1
1731 1508 1
63 1509 1
147 1509 1
149 1509 1
204 1509 1
340 1509 1
430 1509 1
627 1509 1
1397 1509 1
1510 1509 1
1511 1509 1
1512 1509 1
63 1510 1
147 1510 1
149 1510 1
204 1510 1
340 1510 1
430 1510 1
627 1510 1
1397 1510 1
1509 1510 1
1511 1510 1
1512 1510 1
63 1511 1
147 1511 1
149 1511 1
204 1511 1
340 1511 1
430 1511 1
627 1511 1
1397 1511 1
1509 1511 1
1510 1511 1
1512 1511 1
63 1512 1
147 1512 1
149 1512 1
204 1512 1
340 1512 1
430 1512 1
627 1512 1
1397 1512 1
1509 1512 1
1510 1512 1
1511 1512 1
1514 1513 1
1515 1513 1
1516 1513 1
1517 1513 1
1513 1514 1
1515 1514 1
1516 1514 1
1517 1514 1
1513 1515 1
1514 1515 1
1516 1515 1
1517 1515 1
1513 1516 1
1514 1516 1
1515 1516 1
1517 1516 1
1513 1517 1
1514 1517 1
1515 1517 1
1516 1517 1
351 1518 1
574 1518 1
862 1518 1
1519 1518 1
1520 1518 1
351 1519 1
574 1519 1
862 1519 1
1518 1519 1
1520 1519 1
351 1520 1
574 1520 1
862 1520 1
1518 1520 1
1519 1520 1
63 1521 1
127 1521 1
627 1521 1
1522 1521 1
1523 1521 1
1524 1521 1
63 1522 2
127 1522 2
627 1522 2
1521 1522 1
1523 1522 1
1524 1522 1
1642 1522 1
1643 1522 1
63 1523 1
127 1523 1
627 1523 1
1521 1523 1
1522 1523 1
1524 1523 1
63 1524 1
127 1524 1
627 1524 1
1521 1524 1
1522 1524 1
1523 1524 1
690 1525 1
1526 1525 1
690 1526 1
1525 1526 1
553 1527 1
1528 1527 1
1529 1527 1
553 1528 1
1527 1528 1
1529 1528 1
553 1529 1
1527 1529 1
1528 1529 1
590 1530 1
118 1531 1
1532 1531 1
118 1532 2
384 1532 1
575 1532 1
1531 1532 1
1682 1532 1
168 1533 2
1502 1533 1
1696 1533 1
1697 1533 1
306 1534 1
1535 1534 1
306 1535 1
1534 1535 1
598 1536 1
1392 1536 1
1469 1536 1
1471 1536 1
1537 1536 1
598 1537 1
1392 1537 1
1469 1537 1
1471 1537 1
1536 1537 1
1539 1538 1
1538 1539 1
53 1540 1
781 1540 1
1352 1540 1
119 1541 1
1543 1542 1
1544 1542 1
1542 1543 1
1544 1543 1
1542 1544 1
1543 1544 1
384 1545 1
1546 1545 1
384 1546 1
1545 1546 1
1298 1547 1
1549 1548 1
1550 1548 1
1551 1548 1
1552 1548 1
1553 1548 1
1554 1548 1
1555 1548 1
1556 1548 1
1548 1549 1
1550 1549 1
1551 1549 1
1552 1549 1
1553 1549 1
1554 1549 1
1555 1549 1
1556 1549 1
1548 1550 1
1549 1550 1
1551 1550 1
1552 1550 1
1553 1550 1
1554 1550 1
1555 1550 1
1556 1550 1
1548 1551 1
1549 1551 1
1550 1551 1
1552 1551 1
1553 1551 1
1554 1551 1
1555 1551 1
1556 1551 1
1548 1552 1
1549 1552 1
1550 1552 1
1551 1552 1
1553 1552 1
1554 1552 1
1555 1552 1
1556 1552 1
1548 1553 1
1549 1553 1
1550 1553 1
1551 1553 1
1552 1553 1
1554 1553 1
1555 1553 1
1556 1553 1
1548 1554 1
1549 1554 1
1550 1554 1
1551 1554 1
1552 1554 1
1553 1554 1
1555 1554 1
1556 1554 1
1548 1555 1
1549 1555 1
1550 1555 1
1551 1555 1
1552 1555 1
1553 1555 1
1554 1555 1
1556 1555 1
1548 1556 1
1549 1556 1
1550 1556 1
1551 1556 1
1552 1556 1
1553 1556 1
1554 1556 1
1555 1556 1
450 1557 1
484 1557 1
486 1557 1
837 1557 1
1326 1557 1
1356 1557 1
1357 1557 1
1558 1557 2
1559 1557 1
1738 1557 1
1739 1557 1
1740 1557 1
450 1558 1
484 1558 1
486 1558 1
837 1558 1
1326 1558 1
1356 1558 1
1357 1558 1
1557 1558 2
1559 1558 1
1738 1558 1
1739 1558 1
1740 1558 1
484 1559 1
1326 1559 1
1557 1559 1
1558 1559 1
693 1560 1
921 1560 1
514 1561 2
633 1561 1
202 1562 2
1564 1563 1
1565 1563 1
1566 1563 1
1563 1564 1
1565 1564 1
1566 1564 1
1563 1565 1
1564 1565 1
1566 1565 1
1563 1566 1
1564 1566 1
1565 1566 1
1568 1567 1
1569 1567 1
1570 1567 1
1571 1567 1
1572 1567 1
1567 1568 1
1569 1568 1
1570 1568 1
1571 1568 1
1572 1568 1
1567 1569 1
1568 1569 1
1570 1569 1
1571 1569 1
1572 1569 1
1567 1570 1
1568 1570 1
1569 1570 1
1571 1570 1
1572 1570 1
1567 1571 1
1568 1571 1
1569 1571 1
1570 1571 1
1572 1571 1
1567 1572 1
1568 1572 1
1569 1572 1
1570 1572 1
1571 1572 1
680 1573 1
864 1573 1
1382 1573 1
1574 1573 1
680 1574 1
864 1574 1
1382 1574 1
1573 1574 1
307 1575 1
1576 1575 1
1577 1575 1
307 1576 1
1575 1576 1
1577 1576 1
307 1577 1
1575 1577 1
1576 1577 1
528 1578 1
771 1578 1
1579 1578 1
1580 1578 1
528 1579 1
771 1579 1
1578 1579 1
1580 1579 1
528 1580 1
771 1580 1
1578 1580 1
1579 1580 1
1582 1581 1
1581 1582 1
622 1583 1
625 1584 1
746 1584 1
747 1584 1
756 1584 1
1586 1585 1
1587 1585 1
1588 1585 1
1585 1586 1
1587 1586 1
1588 1586 1
1585 1587 1
1586 1587 1
1588 1587 1
1585 1588 1
1586 1588 1
1587 1588 1
538 1589 1
1590 1589 1
1591 1589 1
1592 1589 1
1593 1589 1
538 1590 1
1589 1590 1
1591 1590 1
1592 1590 1
1593 1590 1
538 1591 1
1589 1591 1
1590 1591 1
1592 1591 1
1593 1591 1
538 1592 1
1589 1592 1
1590 1592 1
1591 1592 1
1593 1592 1
538 1593 1
1589 1593 1
1590 1593 1
1591 1593 1
1592 1593 1
1595 1594 1
1594 1595 1
1597 1596 1
1596 1597 1
415 1598 1
1599 1598 1
415 1599 1
1598 1599 1
130 1600 1
448 1600 1
492 1600 1
1601 1600 2
1602 1600 2
1603 1600 1
1604 1600 2
1664 1600 1
1665 1600 1
1666 1600 1
130 1601 1
448 1601 1
492 1601 1
1600 1601 2
1602 1601 1
1603 1601 1
1604 1601 1
1664 1601 1
1665 1601 1
1666 1601 1
448 1602 1
1600 1602 2
1601 1602 1
1603 1602 1
1604 1602 2
448 1603 1
1600 1603 1
1601 1603 1
1602 1603 1
1604 1603 1
448 1604 1
1600 1604 2
1601 1604 1
1602 1604 2
1603 1604 1
708 1605 1
1606 1605 1
708 1606 1
1605 1606 1
377 1607 1
1034 1608 1
1609 1608 1
1610 1608 1
1611 1608 1
1612 1608 1
1034 1609 1
1608 1609 1
1610 1609 1
1611 1609 1
1612 1609 1
1034 1610 1
1608 1610 1
1609 1610 1
1611 1610 1
1612 1610 1
1034 1611 1
1608 1611 1
1609 1611 1
1610 1611 1
1612 1611 1
1034 1612 1
1608 1612 1
1609 1612 1
1610 1612 1
1611 1612 1
58 1613 1
1614 1613 1
1615 1613 1
1616 1613 1
58 1614 1
1613 1614 1
1615 1614 1
1616 1614 1
58 1615 1
1613 1615 1
1614 1615 1
1616 1615 1
58 1616 1
1613 1616 1
1614 1616 1
1615 1616 1
386 1617 1
935 1617 1
936 1617 1
1618 1617 1
386 1618 1
935 1618 1
936 1618 1
1617 1618 1
528 1619 1
38 1620 1
80 1620 1
82 1620 1
163 1620 1
53 1621 1
781 1621 1
168 1622 1
1442 1622 1
1443 1622 1
1501 1622 1
1623 1622 1
168 1623 1
1442 1623 1
1443 1623 1
1501 1623 1
1622 1623 1
1648 1623 1
1649 1623 1
1650 1623 1
1651 1623 1
77 1624 1
583 1624 1
520 1625 1
1351 1625 1
608 1626 1
1272 1627 1
741 1628 1
1081 1628 1
1480 1628 1
1092 1629 1
1093 1629 1
71 1630 1
514 1631 1
1465 1632 1
1633 1632 1
1465 1633 1
1632 1633 1
560 1634 1
922 1634 1
502 1635 1
35 1636 1
37 1636 1
46 1636 1
1637 1636 1
1638 1636 1
1639 1636 1
1640 1636 1
35 1637 1
37 1637 1
46 1637 1
1636 1637 1
1638 1637 1
1639 1637 1
1640 1637 1
35 1638 1
37 1638 1
46 1638 1
1636 1638 1
1637 1638 1
1639 1638 1
1640 1638 1
35 1639 1
37 1639 1
46 1639 1
1636 1639 1
1637 1639 1
1638 1639 1
1640 1639 1
35 1640 1
37 1640 1
46 1640 1
1636 1640 1
1637 1640 1
1638 1640 1
1639 1640 1
528 1641 1
688 1641 1
63 1642 1
127 1642 1
627 1642 1
1522 1642 1
1643 1642 1
63 1643 1
127 1643 1
627 1643 1
1522 1643 1
1642 1643 1
364 1644 1
1645 1644 1
364 1645 1
1644 1645 1
1647 1646 1
1646 1647 1
1623 1648 1
1649 1648 1
1650 1648 1
1651 1648 1
1623 1649 1
1648 1649 1
1650 1649 1
1651 1649 1
1623 1650 1
1648 1650 1
1649 1650 1
1651 1650 1
1623 1651 1
1648 1651 1
1649 1651 1
1650 1651 1
191 1652 1
1653 1652 1
191 1653 1
1652 1653 1
63 1654 1
628 1654 1
463 1655 1
1243 1655 1
1657 1656 1
1658 1656 1
1659 1656 1
1656 1657 1
1658 1657 1
1659 1657 1
1656 1658 1
1657 1658 1
1659 1658 1
1656 1659 1
1657 1659 1
1658 1659 1
781 1660 1
218 1661 1
306 1661 1
1415 1661 1
702 1662 1
63 1663 1
149 1663 1
430 1663 1
431 1663 1
432 1663 1
434 1663 1
443 1663 1
510 1663 1
528 1663 1
130 1664 1
492 1664 1
1600 1664 1
1601 1664 1
1665 1664 1
1666 1664 1
130 1665 1
492 1665 1
1600 1665 1
1601 1665 1
1664 1665 1
1666 1665 1
130 1666 1
492 1666 1
1600 1666 1
1601 1666 1
1664 1666 1
1665 1666 1
184 1667 1
1668 1667 1
1669 1667 1
184 1668 1
1667 1668 1
1669 1668 1
184 1669 1
1667 1669 1
1668 1669 1
746 1670 1
1439 1670 1
1440 1670 1
1441 1670 1
1672 1671 1
1673 1671 1
1674 1671 1
1671 1672 1
1673 1672 1
1674 1672 1
1671 1673 1
1672 1673 1
1674 1673 1
1671 1674 1
1672 1674 1
1673 1674 1
218 1675 1
347 1675 1
1676 1675 1
218 1676 1
347 1676 1
1675 1676 1
1678 1677 1
1677 1678 1
127 1679 1
1681 1680 1
1680 1681 1
118 1682 1
384 1682 1
575 1682 1
1532 1682 1
338 1683 1
450 1683 1
484 1683 1
709 1683 1
1684 1683 1
1685 1683 1
1686 1683 1
338 1684 1
450 1684 1
484 1684 1
709 1684 1
1683 1684 1
1685 1684 1
1686 1684 1
338 1685 1
450 1685 1
484 1685 1
709 1685 1
1683 1685 1
1684 1685 1
1686 1685 1
338 1686 1
450 1686 1
484 1686 1
709 1686 1
1683 1686 1
1684 1686 1
1685 1686 1
42 1687 1
676 1687 1
139 1688 1
1689 1688 1
1690 1688 1
139 1689 1
1688 1689 1
1690 1689 1
139 1690 1
1688 1690 1
1689 1690 1
643 1691 1
679 1691 1
1692 1691 1
643 1692 1
679 1692 1
1691 1692 1
581 1693 1
1694 1693 1
1695 1693 1
581 1694 1
1693 1694 1
1695 1694 1
581 1695 1
1693 1695 1
1694 1695 1
168 1696 1
1533 1696 1
1697 1696 1
168 1697 1
1533 1697 1
1696 1697 1
224 1698 1
520 1698 1
63 1699 1
101 1699 1
168 1699 1
610 1699 1
612 1699 1
1374 1699 1
1700 1699 1
7 1700 1
63 1700 1
101 1700 1
159 1700 1
168 1700 1
610 1700 1
612 1700 1
1374 1700 1
1440 1700 1
1441 1700 1
1699 1700 1
1705 1700 1
1706 1700 1
1707 1700 1
528 1701 1
770 1701 1
570 1702 1
635 1702 1
72 1703 1
411 1703 1
825 1704 1
7 1705 1
159 1705 1
1440 1705 1
1441 1705 1
1700 1705 1
1706 1705 1
1707 1705 1
7 1706 1
159 1706 1
1440 1706 1
1441 1706 1
1700 1706 1
1705 1706 1
1707 1706 1
7 1707 1
159 1707 1
1440 1707 1
1441 1707 1
1700 1707 1
1705 1707 1
1706 1707 1
1017 1708 1
1709 1708 1
1710 1708 1
1711 1708 1
1712 1708 1
1017 1709 1
1708 1709 1
1710 1709 1
1711 1709 1
1712 1709 1
1017 1710 1
1708 1710 1
1709 1710 1
1711 1710 1
1712 1710 1
1017 1711 1
1708 1711 1
1709 1711 1
1710 1711 1
1712 1711 1
1017 1712 1
1708 1712 1
1709 1712 1
1710 1712 1
1711 1712 1
52 1713 1
282 1714 1
63 1715 1
590 1715 1
1716 1715 1
1717 1715 1
63 1716 1
590 1716 1
1715 1716 1
1717 1716 1
63 1717 1
590 1717 1
1715 1717 1
1716 1717 1
1719 1718 1
1720 1718 2
1736 1718 1
1737 1718 1
1718 1719 1
1720 1719 1
1718 1720 2
1719 1720 1
1736 1720 1
1737 1720 1
362 1721 1
373 1721 1
546 1721 1
1722 1721 1
1723 1721 1
1724 1721 1
362 1722 1
373 1722 1
546 1722 1
1721 1722 1
1723 1722 1
1724 1722 1
362 1723 1
373 1723 1
546 1723 1
1721 1723 1
1722 1723 1
1724 1723 1
362 1724 1
373 1724 1
546 1724 1
1721 1724 1
1722 1724 1
1723 1724 1
27 1725 1
28 1725 1
250 1725 1
1726 1725 1
27 1726 1
28 1726 1
250 1726 1
1725 1726 1
1092 1727 1
1093 1727 1
1728 1727 1
1729 1727 1
1092 1728 1
1093 1728 1
1727 1728 1
1729 1728 1
1092 1729 1
1093 1729 1
1727 1729 1
1728 1729 1
94 1730 1
619 1730 1
1508 1730 1
1731 1730 1
94 1731 1
619 1731 1
1508 1731 1
1730 1731 1
101 1732 1
1733 1732 1
1734 1732 1
1735 1732 1
101 1733 1
1732 1733 1
1734 1733 1
1735 1733 1
101 1734 1
1732 1734 1
1733 1734 1
1735 1734 1
101 1735 1
1732 1735 1
1733 1735 1
1734 1735 1
1718 1736 1
1720 1736 1
1737 1736 1
1718 1737 1
1720 1737 1
1736 1737 1
450 1738 1
486 1738 1
837 1738 1
1356 1738 1
1357 1738 1
1557 1738 1
1558 1738 1
1739 1738 1
1740 1738 1
450 1739 1
486 1739 1
837 1739 1
1356 1739 1
1357 1739 1
1557 1739 1
1558 1739 1
1738 1739 1
1740 1739 1
450 1740 1
486 1740 1
837 1740 1
1356 1740 1
1357 1740 1
1557 1740 1
1558 1740 1
1738 1740 1
1739 1740 1
