148 1 1
219 1 1
335 1 1
340 1 2
343 1 1
632 1 1
154 2 1
325 2 1
14 3 1
67 3 1
68 3 1
86 3 1
5 4 1
579 4 1
580 4 1
581 4 1
4 5 1
579 5 1
580 5 1
581 5 1
382 6 1
99 7 1
101 7 1
249 7 1
547 7 1
548 7 1
549 7 1
233 8 1
259 8 1
10 9 2
60 9 2
63 9 1
267 9 1
550 9 1
553 9 1
9 10 2
60 10 2
63 10 1
267 10 1
550 10 1
553 10 1
99 11 1
265 11 1
13 12 1
344 12 1
466 12 1
12 13 1
344 13 1
466 13 1
3 14 1
67 14 1
68 14 1
86 14 1
273 15 1
278 15 1
280 15 1
456 15 1
457 15 1
458 15 1
108 16 1
142 16 1
152 16 1
153 16 1
397 16 1
584 16 1
138 17 1
139 17 2
427 17 1
202 18 1
230 19 1
330 19 1
438 19 1
538 19 1
539 19 1
540 19 1
194 20 1
577 20 1
106 21 1
107 21 1
126 21 2
130 21 3
161 21 2
162 21 1
370 21 2
413 21 2
446 21 1
496 21 1
497 21 2
498 21 1
499 21 1
500 21 1
641 21 1
124 22 1
684 22 1
685 22 1
24 23 2
26 23 2
45 23 1
181 23 1
23 24 2
26 24 1
181 24 1
27 25 1
59 25 1
124 25 1
144 25 1
181 25 1
345 25 1
346 25 1
376 25 1
389 25 1
390 25 1
23 26 2
24 26 1
45 26 1
181 26 1
25 27 1
28 27 1
29 27 1
124 27 1
144 27 1
479 27 1
481 27 1
27 28 1
29 28 1
27 29 1
28 29 1
638 30 1
166 31 1
174 32 1
526 32 1
527 32 1
52 33 1
53 33 1
619 33 1
620 33 1
235 34 1
536 34 1
537 34 1
192 35 1
277 36 1
314 36 1
522 36 1
523 36 1
524 36 1
525 36 1
578 37 1
124 38 1
568 38 1
42 39 1
96 39 1
58 40 1
87 40 2
88 40 1
266 40 1
399 40 1
657 40 1
217 41 1
630 41 1
39 42 1
96 42 1
224 43 1
395 43 1
417 43 1
586 43 1
587 43 1
149 44 1
155 44 1
292 44 1
304 44 1
383 44 1
582 44 1
23 45 1
26 45 1
47 46 1
639 46 1
46 47 1
639 47 1
628 48 1
58 49 1
80 49 1
604 49 1
605 49 1
102 50 1
226 50 1
358 50 1
366 50 1
520 50 1
156 51 1
258 51 1
33 52 1
53 52 1
619 52 1
620 52 1
33 53 1
52 53 1
619 53 1
620 53 1
55 54 1
54 55 1
82 56 1
683 56 1
61 57 1
65 57 1
93 57 1
360 57 1
361 57 1
665 57 1
40 58 1
49 58 1
80 58 1
87 58 1
399 58 1
604 58 1
605 58 1
25 59 1
345 59 1
346 59 1
389 59 1
390 59 1
9 60 2
10 60 2
63 60 1
267 60 1
550 60 1
553 60 1
57 61 1
65 61 2
93 61 1
360 61 1
361 61 2
665 61 1
63 62 1
267 62 1
9 63 1
10 63 1
60 63 1
62 63 1
267 63 2
550 63 1
553 63 1
201 64 1
254 64 1
406 64 1
57 65 1
61 65 2
93 65 1
183 65 1
248 65 1
360 65 1
361 65 2
509 65 1
665 65 1
167 66 1
392 66 1
669 66 1
3 67 1
14 67 1
68 67 1
86 67 1
3 68 1
14 68 1
67 68 1
86 68 1
328 69 1
429 69 2
430 69 1
440 69 1
441 69 1
442 69 1
443 69 1
106 70 1
107 70 1
199 70 1
246 70 1
378 70 1
393 71 1
418 71 1
419 71 1
601 72 1
480 73 1
75 74 1
408 74 1
74 75 1
408 75 1
463 76 1
464 76 1
465 76 1
78 77 1
92 77 1
570 77 1
571 77 1
77 78 1
92 78 2
181 78 1
183 78 2
223 78 1
230 78 1
248 78 1
342 78 1
570 78 1
571 78 1
572 78 1
622 78 1
667 79 1
668 79 1
49 80 1
58 80 1
604 80 1
605 80 1
83 81 1
56 82 1
683 82 1
81 83 1
262 84 1
270 84 1
110 85 1
111 85 1
129 85 1
3 86 1
14 86 1
67 86 1
68 86 1
40 87 2
58 87 1
399 87 1
657 87 1
40 88 1
266 88 1
627 89 1
589 90 1
225 91 1
318 91 1
391 91 1
492 91 1
519 91 1
77 92 1
78 92 2
183 92 1
248 92 1
570 92 1
571 92 1
57 93 1
61 93 1
65 93 1
360 93 1
361 93 1
665 93 1
146 94 1
255 94 1
621 94 1
97 95 1
98 95 1
485 95 1
486 95 1
487 95 1
39 96 1
42 96 1
95 97 1
98 97 1
485 97 1
486 97 1
487 97 1
95 98 1
97 98 1
485 98 1
486 98 1
487 98 1
7 99 1
11 99 1
101 99 1
249 99 1
265 99 1
547 99 1
548 99 1
549 99 1
305 100 1
473 100 1
7 101 1
99 101 1
249 101 1
547 101 1
548 101 1
549 101 1
50 102 1
226 102 1
358 102 1
256 103 1
385 104 1
467 104 1
294 105 1
435 105 1
436 105 1
21 106 1
70 106 1
107 106 2
199 106 1
246 106 1
378 106 1
21 107 1
70 107 1
106 107 2
199 107 1
211 107 1
232 107 1
246 107 2
372 107 1
378 107 2
588 107 1
16 108 1
289 109 1
482 109 1
483 109 1
85 110 1
111 110 1
129 110 1
85 111 1
110 111 1
129 111 1
132 112 1
133 112 1
134 112 1
175 113 1
119 114 1
122 114 1
299 114 1
315 114 1
554 114 1
555 114 1
116 115 1
117 115 1
234 115 1
115 116 1
117 116 1
234 116 1
115 117 1
116 117 1
234 117 1
353 118 1
354 118 1
114 119 1
122 119 1
315 119 1
212 120 1
410 120 1
298 121 1
303 121 1
337 121 1
114 122 1
119 122 1
315 122 1
124 123 3
125 123 2
245 123 2
317 123 1
402 123 1
567 123 1
568 123 1
569 123 1
22 124 1
25 124 1
27 124 1
38 124 1
123 124 3
125 124 3
144 124 1
245 124 3
312 124 1
317 124 1
324 124 1
402 124 1
567 124 1
568 124 2
569 124 1
684 124 1
685 124 1
123 125 2
124 125 3
245 125 3
317 125 1
567 125 1
568 125 1
569 125 1
21 126 2
370 126 1
496 126 1
388 127 1
633 127 1
654 127 1
409 128 1
616 128 1
85 129 1
110 129 1
111 129 1
21 130 3
161 130 1
162 130 1
370 130 1
413 130 2
446 130 1
497 130 1
498 130 1
499 130 1
500 130 1
184 131 1
185 131 1
186 131 1
112 132 1
133 132 1
134 132 1
112 133 1
132 133 1
134 133 1
112 134 1
132 134 1
133 134 1
136 135 1
137 135 1
135 136 1
137 136 1
135 137 1
136 137 1
17 138 1
139 138 1
17 139 2
138 139 1
151 139 1
187 139 5
242 139 1
288 139 1
363 139 1
407 139 1
427 139 2
439 139 1
560 139 1
561 139 1
562 139 1
563 139 1
634 139 1
141 140 1
257 140 1
140 141 1
257 141 1
16 142 1
152 142 1
397 142 1
384 143 1
25 144 1
27 144 1
124 144 1
396 144 1
447 144 1
448 144 1
493 144 1
494 144 1
495 144 1
565 144 1
566 144 1
625 145 1
626 145 1
94 146 1
255 146 1
621 146 1
296 147 1
679 147 1
680 147 1
681 147 1
682 147 1
1 148 1
295 148 1
313 148 1
333 148 1
335 148 3
339 148 1
340 148 1
343 148 1
351 148 1
44 149 1
155 149 1
582 149 1
151 150 1
139 151 1
150 151 1
187 151 1
242 151 1
560 151 1
561 151 1
562 151 1
16 152 1
142 152 1
397 152 1
16 153 1
584 153 1
2 154 1
325 154 1
44 155 1
149 155 1
582 155 1
51 156 1
258 156 1
158 157 1
157 158 1
658 159 1
659 159 1
660 159 1
661 159 1
301 160 1
599 160 1
21 161 2
130 161 1
162 161 1
370 161 1
497 161 2
498 161 1
499 161 1
500 161 1
21 162 1
130 162 1
161 162 1
370 162 1
497 162 1
498 162 1
499 162 1
500 162 1
164 163 1
163 164 1
200 165 1
31 166 1
66 167 1
392 167 1
669 167 1
367 168 1
368 168 1
170 169 1
171 169 1
169 170 1
171 170 1
169 171 1
170 171 1
182 171 1
244 171 1
268 171 1
269 171 1
592 171 1
593 171 1
411 172 1
412 172 1
600 172 1
338 173 1
670 173 1
32 174 1
526 174 1
527 174 1
113 175 1
287 176 1
327 176 1
329 176 1
357 176 1
671 176 1
310 177 1
510 177 1
511 177 1
179 178 1
178 179 1
326 180 1
508 180 1
23 181 1
24 181 1
25 181 1
26 181 1
78 181 1
245 181 1
272 181 1
290 181 1
376 181 1
532 181 2
617 181 1
171 182 1
244 182 1
268 182 1
269 182 1
592 182 1
593 182 1
607 182 1
65 183 1
78 183 2
92 183 1
230 183 1
248 183 2
342 183 1
509 183 1
622 183 1
131 184 1
185 184 1
186 184 1
131 185 1
184 185 1
186 185 1
131 186 1
184 186 1
185 186 1
139 187 5
151 187 1
242 187 1
288 187 1
407 187 1
439 187 1
516 187 1
517 187 1
560 187 1
561 187 1
562 187 1
634 187 1
543 188 1
544 188 1
545 188 1
546 188 1
398 189 1
471 190 1
241 191 1
250 191 1
405 191 1
618 191 1
35 192 1
394 193 1
20 194 1
577 194 1
196 195 1
585 195 1
195 196 1
585 196 1
240 197 1
227 198 2
583 198 2
70 199 1
106 199 1
107 199 1
246 199 1
378 199 1
165 200 1
332 200 2
341 200 1
352 200 1
602 200 1
603 200 1
631 200 1
64 201 1
254 201 1
18 202 1
271 203 1
284 203 1
323 203 1
231 204 1
590 204 1
591 204 1
416 205 1
207 206 2
208 206 1
209 206 1
228 206 1
206 207 2
208 207 1
209 207 1
228 207 1
206 208 1
207 208 1
206 209 1
207 209 1
228 209 1
428 210 1
595 210 1
107 211 1
232 211 1
246 211 1
372 211 1
378 211 1
588 211 1
120 212 1
410 212 1
596 213 1
597 213 1
598 213 1
215 214 1
216 214 1
334 214 1
414 214 1
415 214 1
214 215 1
216 215 1
334 215 1
414 215 1
415 215 1
214 216 1
215 216 1
334 216 1
414 216 1
415 216 1
41 217 1
630 217 1
260 218 1
672 218 1
1 219 1
340 219 1
632 219 1
221 220 1
220 221 1
223 222 1
686 222 1
78 223 1
222 223 1
572 223 1
686 223 1
43 224 1
395 224 1
417 224 1
91 225 1
318 225 1
50 226 1
102 226 1
358 226 1
198 227 2
583 227 2
206 228 1
207 228 1
209 228 1
362 229 1
381 229 1
528 229 1
19 230 1
78 230 1
183 230 1
330 230 1
342 230 1
438 230 1
538 230 1
539 230 1
540 230 1
622 230 1
204 231 1
590 231 1
591 231 1
623 231 1
107 232 1
211 232 1
246 232 1
372 232 1
378 232 1
588 232 1
8 233 1
259 233 1
115 234 1
116 234 1
117 234 1
34 235 1
536 235 1
537 235 1
237 236 1
238 236 1
239 236 1
501 236 1
236 237 1
238 237 1
239 237 1
501 237 1
236 238 1
237 238 1
239 238 1
501 238 1
236 239 1
237 239 1
238 239 1
501 239 1
197 240 1
191 241 1
250 241 1
405 241 1
618 241 1
139 242 1
151 242 1
187 242 1
560 242 1
561 242 1
562 242 1
400 243 1
171 244 1
182 244 1
268 244 1
269 244 1
592 244 1
593 244 1
123 245 2
124 245 3
125 245 3
181 245 1
272 245 1
290 245 1
317 245 1
567 245 1
568 245 1
569 245 1
617 245 1
70 246 1
106 246 1
107 246 2
199 246 1
211 246 1
232 246 1
372 246 1
378 246 2
588 246 1
379 247 1
624 247 1
65 248 1
78 248 1
92 248 1
183 248 2
509 248 1
7 249 1
99 249 1
101 249 1
547 249 1
548 249 1
549 249 1
191 250 1
241 250 1
405 250 1
618 250 1
252 251 1
251 252 1
275 253 1
276 253 1
64 254 1
201 254 1
94 255 1
146 255 1
621 255 1
103 256 1
140 257 1
141 257 1
51 258 1
156 258 1
8 259 1
233 259 1
218 260 1
672 260 1
306 261 1
307 261 1
84 262 1
270 262 1
506 263 1
507 263 2
284 264 2
321 264 1
380 264 1
472 264 1
11 265 1
99 265 1
40 266 1
88 266 1
9 267 1
10 267 1
60 267 1
62 267 1
63 267 2
550 267 1
553 267 1
171 268 1
182 268 1
244 268 1
269 268 1
592 268 1
593 268 1
171 269 1
182 269 1
244 269 1
268 269 1
592 269 1
593 269 1
84 270 1
262 270 1
203 271 1
284 271 1
323 271 1
181 272 1
245 272 1
290 272 1
617 272 1
15 273 1
278 273 1
280 273 1
456 273 1
457 273 1
458 273 1
316 274 1
253 275 1
276 275 1
253 276 1
275 276 1
36 277 1
314 277 1
521 277 1
522 277 2
523 277 2
524 277 2
525 277 2
541 277 1
15 278 1
273 278 1
280 278 1
456 278 1
457 278 1
458 278 1
594 279 1
635 279 1
636 279 1
15 280 1
273 280 1
278 280 1
456 280 1
457 280 1
458 280 1
484 281 1
319 282 1
573 282 1
574 282 1
575 282 1
576 282 1
394 283 1
564 283 1
203 284 1
264 284 2
271 284 1
321 284 1
323 284 1
380 284 1
472 284 1
468 285 1
330 286 1
331 286 1
533 286 1
534 286 1
535 286 1
176 287 1
671 287 1
139 288 1
187 288 1
109 289 1
482 289 1
483 289 1
181 290 1
245 290 1
272 290 1
617 290 1
386 291 1
678 291 1
44 292 1
304 292 1
383 292 1
478 293 1
105 294 1
435 294 1
436 294 1
148 295 1
147 296 1
679 296 1
680 296 1
681 296 1
682 296 1
629 297 1
121 298 1
303 298 1
337 298 1
114 299 1
554 299 1
555 299 1
502 300 1
160 301 1
599 301 1
347 302 1
348 302 1
349 302 1
121 303 1
298 303 1
337 303 1
44 304 1
292 304 1
383 304 1
100 305 1
473 305 1
261 306 1
307 306 1
261 307 1
306 307 1
606 308 1
460 309 1
542 309 1
177 310 1
510 310 1
511 310 1
503 311 1
504 311 1
124 312 1
148 313 1
335 313 1
36 314 1
277 314 1
522 314 1
523 314 1
524 314 1
525 314 1
114 315 1
119 315 1
122 315 1
274 316 1
123 317 1
124 317 1
125 317 1
245 317 1
567 317 1
568 317 1
569 317 1
91 318 1
225 318 1
282 319 1
573 319 1
574 319 1
575 319 1
576 319 1
512 320 1
513 320 1
514 320 1
515 320 1
264 321 1
284 321 1
380 321 1
373 322 1
488 322 1
489 322 1
490 322 1
203 323 1
271 323 1
284 323 1
124 324 1
2 325 1
154 325 1
180 326 1
508 326 1
176 327 1
329 327 1
356 327 1
357 327 1
640 327 1
69 328 1
429 328 1
430 328 1
176 329 1
327 329 1
357 329 1
19 330 1
230 330 1
286 330 1
331 330 1
438 330 1
533 330 1
534 330 1
535 330 1
538 330 1
539 330 1
540 330 1
286 331 1
330 331 1
533 331 1
534 331 1
535 331 1
200 332 2
341 332 1
602 332 1
603 332 1
148 333 1
339 333 1
214 334 1
215 334 1
216 334 1
414 334 1
415 334 1
1 335 1
148 335 3
313 335 1
340 335 1
343 335 1
359 336 1
431 336 1
432 336 1
433 336 1
434 336 1
121 337 1
298 337 1
303 337 1
173 338 1
670 338 1
148 339 1
333 339 1
1 340 2
148 340 1
219 340 1
335 340 1
343 340 1
632 340 1
200 341 1
332 341 1
602 341 1
603 341 1
78 342 1
183 342 1
230 342 1
622 342 1
1 343 1
148 343 1
335 343 1
340 343 1
12 344 1
13 344 1
466 344 1
25 345 1
59 345 1
346 345 1
389 345 1
390 345 1
25 346 1
59 346 1
345 346 1
389 346 1
390 346 1
302 347 1
348 347 1
349 347 1
302 348 1
347 348 1
349 348 1
302 349 1
347 349 1
348 349 1
491 350 1
148 351 1
200 352 1
631 352 1
118 353 1
354 353 1
118 354 1
353 354 1
518 355 1
327 356 1
640 356 1
176 357 1
327 357 1
329 357 1
50 358 1
102 358 1
226 358 1
336 359 1
431 359 1
432 359 1
433 359 1
434 359 1
57 360 1
61 360 1
65 360 1
93 360 1
361 360 1
665 360 1
57 361 1
61 361 2
65 361 2
93 361 1
360 361 1
665 361 1
229 362 1
381 362 1
528 362 1
139 363 1
563 363 1
365 364 1
369 364 1
401 364 1
364 365 1
369 365 1
401 365 1
50 366 1
520 366 1
168 367 1
368 367 1
168 368 1
367 368 1
364 369 1
365 369 1
401 369 1
21 370 2
126 370 1
130 370 1
161 370 1
162 370 1
497 370 1
498 370 1
499 370 1
500 370 1
666 371 1
107 372 1
211 372 1
232 372 1
246 372 1
378 372 1
588 372 1
322 373 1
488 373 1
489 373 1
490 373 1
375 374 1
424 374 1
425 374 1
426 374 1
374 375 1
424 375 1
425 375 1
426 375 1
25 376 1
181 376 1
505 377 1
664 377 1
70 378 1
106 378 1
107 378 2
199 378 1
211 378 1
232 378 1
246 378 2
372 378 1
588 378 1
247 379 1
624 379 1
264 380 1
284 380 1
321 380 1
229 381 1
362 381 1
528 381 1
6 382 1
44 383 1
292 383 1
304 383 1
143 384 1
104 385 1
467 385 1
291 386 1
387 386 1
637 386 1
678 386 1
386 387 1
637 387 1
127 388 1
633 388 1
25 389 1
59 389 1
345 389 1
346 389 1
390 389 1
25 390 1
59 390 1
345 390 1
346 390 1
389 390 1
91 391 1
492 391 1
66 392 1
167 392 1
669 392 1
71 393 1
418 393 1
419 393 1
193 394 1
283 394 1
564 394 1
43 395 1
224 395 1
417 395 1
144 396 1
447 396 1
448 396 1
16 397 1
142 397 1
152 397 1
189 398 1
40 399 1
58 399 1
87 399 1
243 400 1
364 401 1
365 401 1
369 401 1
123 402 1
124 402 1
662 402 1
663 402 1
404 403 1
403 404 1
191 405 1
241 405 1
250 405 1
618 405 1
64 406 1
139 407 1
187 407 1
74 408 1
75 408 1
128 409 1
616 409 1
120 410 1
212 410 1
172 411 1
412 411 1
600 411 1
172 412 1
411 412 1
600 412 1
21 413 2
130 413 2
446 413 1
214 414 1
215 414 1
216 414 1
334 414 1
415 414 1
214 415 1
215 415 1
216 415 1
334 415 1
414 415 1
205 416 1
43 417 1
224 417 1
395 417 1
71 418 1
393 418 1
419 418 1
71 419 1
393 419 1
418 419 1
421 420 1
422 420 1
423 420 1
420 421 1
422 421 1
423 421 1
420 422 1
421 422 1
423 422 1
420 423 1
421 423 1
422 423 1
374 424 1
375 424 1
425 424 1
426 424 1
374 425 1
375 425 1
424 425 1
426 425 1
374 426 1
375 426 1
424 426 1
425 426 1
17 427 1
139 427 2
210 428 1
69 429 2
328 429 1
430 429 1
69 430 1
328 430 1
429 430 1
336 431 1
359 431 1
432 431 1
433 431 1
434 431 1
336 432 1
359 432 1
431 432 1
433 432 1
434 432 1
336 433 1
359 433 1
431 433 1
432 433 1
434 433 1
336 434 1
359 434 1
431 434 1
432 434 1
433 434 1
105 435 1
294 435 1
436 435 1
105 436 1
294 436 1
435 436 1
438 437 1
19 438 1
230 438 1
330 438 1
437 438 1
538 438 1
539 438 1
540 438 1
139 439 1
187 439 1
69 440 1
441 440 1
442 440 1
443 440 1
69 441 1
440 441 1
442 441 1
443 441 1
69 442 1
440 442 1
441 442 1
443 442 1
69 443 1
440 443 1
441 443 1
442 443 1
445 444 1
444 445 1
21 446 1
130 446 1
413 446 1
144 447 1
396 447 1
448 447 1
144 448 1
396 448 1
447 448 1
450 449 1
451 449 1
452 449 1
453 449 1
454 449 1
455 449 1
449 450 1
451 450 1
452 450 1
453 450 1
454 450 1
455 450 1
449 451 1
450 451 1
452 451 1
453 451 1
454 451 1
455 451 1
449 452 1
450 452 1
451 452 1
453 452 1
454 452 1
455 452 1
449 453 1
450 453 1
451 453 1
452 453 1
454 453 1
455 453 1
449 454 1
450 454 1
451 454 1
452 454 1
453 454 1
455 454 1
449 455 1
450 455 1
451 455 1
452 455 1
453 455 1
454 455 1
15 456 1
273 456 1
278 456 1
280 456 1
457 456 1
458 456 1
15 457 1
273 457 1
278 457 1
280 457 1
456 457 1
458 457 1
15 458 1
273 458 1
278 458 1
280 458 1
456 458 1
457 458 1
460 459 1
461 459 1
462 459 1
309 460 1
459 460 1
461 460 1
462 460 1
542 460 1
459 461 1
460 461 1
462 461 1
459 462 1
460 462 1
461 462 1
76 463 1
464 463 1
465 463 1
76 464 1
463 464 1
465 464 1
76 465 1
463 465 1
464 465 1
12 466 1
13 466 1
344 466 1
104 467 1
385 467 1
285 468 1
470 469 1
469 470 1
190 471 1
264 472 1
284 472 1
100 473 1
305 473 1
475 474 1
476 474 1
477 474 1
474 475 1
476 475 1
477 475 1
474 476 1
475 476 1
477 476 1
474 477 1
475 477 1
476 477 1
293 478 1
27 479 1
73 480 1
27 481 1
109 482 1
289 482 1
483 482 1
109 483 1
289 483 1
482 483 1
281 484 1
95 485 1
97 485 1
98 485 1
486 485 1
487 485 1
95 486 1
97 486 1
98 486 1
485 486 1
487 486 1
95 487 1
97 487 1
98 487 1
485 487 1
486 487 1
322 488 1
373 488 1
489 488 1
490 488 1
322 489 1
373 489 1
488 489 1
490 489 1
322 490 1
373 490 1
488 490 1
489 490 1
350 491 1
91 492 1
391 492 1
144 493 1
494 493 1
495 493 1
144 494 1
493 494 1
495 494 1
144 495 1
493 495 1
494 495 1
21 496 1
126 496 1
21 497 2
130 497 1
161 497 2
162 497 1
370 497 1
498 497 1
499 497 1
500 497 1
21 498 1
130 498 1
161 498 1
162 498 1
370 498 1
497 498 1
499 498 1
500 498 1
21 499 1
130 499 1
161 499 1
162 499 1
370 499 1
497 499 1
498 499 1
500 499 1
21 500 1
130 500 1
161 500 1
162 500 1
370 500 1
497 500 1
498 500 1
499 500 1
236 501 1
237 501 1
238 501 1
239 501 1
300 502 1
311 503 1
504 503 1
311 504 1
503 504 1
377 505 1
263 506 1
507 506 1
263 507 2
506 507 1
180 508 1
326 508 1
65 509 1
183 509 1
248 509 1
177 510 1
310 510 1
511 510 1
177 511 1
310 511 1
510 511 1
320 512 1
513 512 1
514 512 1
515 512 1
320 513 1
512 513 1
514 513 1
515 513 1
320 514 1
512 514 1
513 514 1
515 514 1
320 515 1
512 515 1
513 515 1
514 515 1
187 516 1
517 516 1
187 517 1
516 517 1
355 518 1
91 519 1
50 520 1
366 520 1
277 521 1
522 521 1
523 521 1
524 521 1
36 522 1
277 522 2
314 522 1
521 522 1
523 522 2
524 522 2
525 522 1
36 523 1
277 523 2
314 523 1
521 523 1
522 523 2
524 523 2
525 523 1
36 524 1
277 524 2
314 524 1
521 524 1
522 524 2
523 524 2
525 524 1
36 525 1
277 525 2
314 525 1
522 525 1
523 525 1
524 525 1
541 525 1
32 526 1
174 526 1
527 526 1
32 527 1
174 527 1
526 527 1
229 528 1
362 528 1
381 528 1
530 529 1
531 529 1
529 530 1
531 530 1
529 531 1
530 531 1
181 532 2
286 533 1
330 533 1
331 533 1
534 533 1
535 533 1
286 534 1
330 534 1
331 534 1
533 534 1
535 534 1
286 535 1
330 535 1
331 535 1
533 535 1
534 535 1
34 536 1
235 536 1
537 536 1
34 537 1
235 537 1
536 537 1
19 538 1
230 538 1
330 538 1
438 538 1
539 538 1
540 538 1
19 539 1
230 539 1
330 539 1
438 539 1
538 539 1
540 539 1
19 540 1
230 540 1
330 540 1
438 540 1
538 540 1
539 540 1
277 541 1
525 541 1
309 542 1
460 542 1
188 543 1
544 543 1
545 543 1
546 543 1
188 544 1
543 544 1
545 544 1
546 544 1
188 545 1
543 545 1
544 545 1
546 545 1
188 546 1
543 546 1
544 546 1
545 546 1
7 547 1
99 547 1
101 547 1
249 547 1
548 547 1
549 547 1
7 548 1
99 548 1
101 548 1
249 548 1
547 548 1
549 548 1
7 549 1
99 549 1
101 549 1
249 549 1
547 549 1
548 549 1
9 550 1
10 550 1
60 550 1
63 550 1
267 550 1
551 550 1
552 550 1
553 550 2
550 551 1
552 551 1
553 551 1
550 552 1
551 552 1
553 552 1
9 553 1
10 553 1
60 553 1
63 553 1
267 553 1
550 553 2
551 553 1
552 553 1
114 554 1
299 554 1
555 554 1
114 555 1
299 555 1
554 555 1
557 556 1
558 556 1
559 556 1
556 557 1
558 557 1
559 557 1
556 558 1
557 558 1
559 558 1
556 559 1
557 559 1
558 559 1
139 560 1
151 560 1
187 560 1
242 560 1
561 560 1
562 560 1
139 561 1
151 561 1
187 561 1
242 561 1
560 561 1
562 561 1
139 562 1
151 562 1
187 562 1
242 562 1
560 562 1
561 562 1
139 563 1
363 563 1
283 564 1
394 564 1
144 565 1
566 565 1
144 566 1
565 566 1
123 567 1
124 567 1
125 567 1
245 567 1
317 567 1
568 567 1
569 567 1
38 568 1
123 568 1
124 568 2
125 568 1
245 568 1
317 568 1
567 568 1
569 568 1
123 569 1
124 569 1
125 569 1
245 569 1
317 569 1
567 569 1
568 569 1
77 570 1
78 570 1
92 570 1
571 570 1
77 571 1
78 571 1
92 571 1
570 571 1
78 572 1
223 572 1
282 573 1
319 573 1
574 573 1
575 573 1
576 573 1
282 574 1
319 574 1
573 574 1
575 574 1
576 574 1
282 575 1
319 575 1
573 575 1
574 575 1
576 575 1
282 576 1
319 576 1
573 576 1
574 576 1
575 576 1
20 577 1
194 577 1
37 578 1
4 579 1
5 579 1
580 579 1
581 579 1
4 580 1
5 580 1
579 580 1
581 580 1
4 581 1
5 581 1
579 581 1
580 581 1
44 582 1
149 582 1
155 582 1
198 583 2
227 583 2
16 584 1
153 584 1
195 585 1
196 585 1
43 586 1
587 586 1
43 587 1
586 587 1
107 588 1
211 588 1
232 588 1
246 588 1
372 588 1
378 588 1
90 589 1
204 590 1
231 590 1
591 590 1
204 591 1
231 591 1
590 591 1
171 592 1
182 592 1
244 592 1
268 592 1
269 592 1
593 592 1
171 593 1
182 593 1
244 593 1
268 593 1
269 593 1
592 593 1
279 594 1
210 595 1
213 596 1
597 596 1
598 596 1
213 597 1
596 597 1
598 597 1
213 598 1
596 598 1
597 598 1
160 599 1
301 599 1
172 600 1
411 600 1
412 600 1
72 601 1
200 602 1
332 602 1
341 602 1
603 602 1
200 603 1
332 603 1
341 603 1
602 603 1
49 604 1
58 604 1
80 604 1
605 604 1
49 605 1
58 605 1
80 605 1
604 605 1
308 606 1
182 607 1
609 608 1
608 609 1
611 610 1
610 611 1
613 612 1
614 612 1
615 612 1
612 613 1
614 613 1
615 613 1
612 614 1
613 614 1
615 614 1
612 615 1
613 615 1
614 615 1
128 616 1
409 616 1
181 617 1
245 617 1
272 617 1
290 617 1
191 618 1
241 618 1
250 618 1
405 618 1
33 619 1
52 619 1
53 619 1
620 619 1
33 620 1
52 620 1
53 620 1
619 620 1
94 621 1
146 621 1
255 621 1
78 622 1
183 622 1
230 622 1
342 622 1
231 623 1
247 624 1
379 624 1
145 625 1
626 625 1
145 626 1
625 626 1
89 627 1
48 628 1
297 629 1
41 630 1
217 630 1
200 631 1
352 631 1
1 632 1
219 632 1
340 632 1
127 633 1
388 633 1
139 634 1
187 634 1
279 635 1
636 635 1
279 636 1
635 636 1
386 637 1
387 637 1
30 638 1
46 639 1
47 639 1
327 640 1
356 640 1
21 641 1
643 642 1
644 642 1
645 642 1
646 642 1
647 642 1
642 643 1
644 643 1
645 643 1
646 643 1
647 643 1
642 644 1
643 644 1
645 644 1
646 644 1
647 644 1
642 645 1
643 645 1
644 645 1
646 645 1
647 645 1
642 646 1
643 646 1
644 646 1
645 646 1
647 646 1
642 647 1
643 647 1
644 647 1
645 647 1
646 647 1
649 648 1
650 648 1
648 649 1
650 649 1
648 650 1
649 650 1
652 651 1
653 651 1
651 652 1
653 652 1
651 653 1
652 653 1
127 654 1
656 655 1
655 656 1
40 657 1
87 657 1
159 658 1
659 658 1
660 658 1
661 658 1
159 659 1
658 659 1
660 659 1
661 659 1
159 660 1
658 660 1
659 660 1
661 660 1
159 661 1
658 661 1
659 661 1
660 661 1
402 662 1
663 662 1
402 663 1
662 663 1
377 664 1
57 665 1
61 665 1
65 665 1
93 665 1
360 665 1
361 665 1
371 666 1
79 667 1
668 667 1
79 668 1
667 668 1
66 669 1
167 669 1
392 669 1
173 670 1
338 670 1
176 671 1
287 671 1
218 672 1
260 672 1
674 673 1
675 673 1
676 673 1
677 673 1
673 674 1
675 674 1
676 674 1
677 674 1
673 675 1
674 675 1
676 675 1
677 675 1
673 676 1
674 676 1
675 676 1
677 676 1
673 677 1
674 677 1
675 677 1
676 677 1
291 678 1
386 678 1
147 679 1
296 679 1
680 679 1
681 679 1
682 679 1
147 680 1
296 680 1
679 680 1
681 680 1
682 680 1
147 681 1
296 681 1
679 681 1
680 681 1
682 681 1
147 682 1
296 682 1
679 682 1
680 682 1
681 682 1
56 683 1
82 683 1
22 684 1
124 684 1
685 684 1
22 685 1
124 685 1
684 685 1
222 686 1
223 686 1
