1558 1 1
110 2 1
266 2 2
972 2 1
167 3 1
171 3 1
522 3 1
12 4 2
15 4 1
30 4 1
31 4 5
32 4 1
172 4 3
265 4 2
380 4 2
457 4 2
458 4 1
506 4 1
507 4 1
590 4 1
782 4 1
783 4 2
831 4 3
835 4 1
984 4 2
985 4 1
1021 4 1
1509 4 1
1829 4 1
1830 4 1
2194 4 1
591 5 2
1234 5 1
1235 5 2
115 6 1
116 6 1
1478 6 1
1479 6 1
1773 6 1
1774 6 1
8 7 1
29 7 1
252 7 1
1506 7 1
7 8 1
78 8 2
491 8 2
1207 8 1
1506 8 1
961 9 1
1936 9 1
13 10 1
42 10 1
43 10 4
103 10 1
123 10 1
126 10 1
179 10 2
180 10 2
264 10 1
577 10 1
663 10 1
750 10 1
966 10 1
967 10 1
1058 10 1
1115 10 1
1200 10 1
493 11 1
536 11 1
4 12 2
30 12 1
31 12 2
783 12 1
821 12 1
10 13 1
14 13 3
43 13 1
121 13 1
123 13 1
179 13 1
342 13 2
368 13 1
379 13 1
534 13 1
535 13 1
559 13 1
560 13 1
800 13 1
801 13 1
802 13 1
803 13 1
1115 13 1
1316 13 1
1443 13 1
1444 13 1
13 14 3
342 14 2
379 14 1
800 14 1
801 14 1
802 14 1
803 14 1
4 15 1
31 15 1
782 15 1
783 15 1
2309 15 1
2310 15 1
246 16 1
740 17 1
741 17 1
19 18 2
20 18 2
83 18 1
585 18 1
754 18 1
826 18 1
828 18 1
18 19 2
20 19 2
754 19 1
826 19 1
18 20 2
19 20 2
754 20 1
826 20 1
22 21 1
27 21 2
28 21 1
73 21 1
80 21 1
218 21 1
393 21 1
21 22 1
27 22 1
73 22 1
80 22 1
393 22 1
338 23 1
647 23 2
1693 23 3
133 24 2
474 24 1
808 24 1
2341 24 1
26 25 1
267 25 1
1636 25 1
25 26 1
879 26 1
21 27 2
22 27 1
28 27 1
39 27 1
73 27 1
80 27 2
117 27 1
322 27 1
323 27 1
393 27 1
21 28 1
27 28 1
7 29 1
252 29 1
4 30 1
12 30 1
31 30 1
4 31 5
12 31 2
15 31 1
30 31 1
172 31 1
590 31 1
782 31 1
783 31 2
984 31 1
985 31 1
4 32 1
172 32 1
984 32 1
40 33 3
471 33 1
779 33 2
1884 33 1
2018 33 1
2019 33 1
2020 33 1
857 34 1
858 34 1
859 34 1
860 34 1
142 35 1
274 35 1
394 35 1
1065 35 3
1634 35 1
1635 35 1
1916 35 1
37 36 1
39 36 1
547 36 1
1528 36 1
1529 36 1
36 37 1
39 37 1
123 37 1
217 37 1
547 37 2
583 37 1
1528 37 1
1529 37 1
51 38 1
105 38 2
142 38 1
247 38 1
248 38 1
270 38 1
272 38 1
292 38 3
317 38 1
402 38 3
463 38 3
513 38 1
641 38 1
948 38 1
952 38 1
1026 38 1
1146 38 1
1389 38 1
1390 38 1
1477 38 3
1514 38 1
1644 38 1
1645 38 1
1679 38 1
1753 38 1
2343 38 1
27 39 1
36 39 1
37 39 1
47 39 1
54 39 3
55 39 1
57 39 2
65 39 1
66 39 2
67 39 1
80 39 5
117 39 1
122 39 2
123 39 2
125 39 1
143 39 1
144 39 2
181 39 1
200 39 1
214 39 2
216 39 2
241 39 1
274 39 3
298 39 1
309 39 4
311 39 4
346 39 1
360 39 1
368 39 2
372 39 1
392 39 1
393 39 8
399 39 1
400 39 1
407 39 1
415 39 1
420 39 1
421 39 1
487 39 1
547 39 1
635 39 1
766 39 1
847 39 1
848 39 1
849 39 1
856 39 1
964 39 1
1158 39 1
1161 39 1
1162 39 1
1313 39 1
1379 39 1
1381 39 1
1528 39 1
1529 39 1
1556 39 1
1675 39 2
1763 39 1
1907 39 2
1915 39 1
1946 39 1
2346 39 1
2347 39 1
33 40 3
111 40 2
161 40 1
464 40 1
526 40 1
581 40 1
779 40 2
933 40 1
934 40 1
1771 40 1
1884 40 1
1930 40 1
1932 40 1
361 41 1
1440 41 1
1441 41 1
1502 41 1
10 42 1
43 42 1
103 42 1
179 42 1
180 42 1
10 43 4
13 43 1
42 43 1
103 43 1
123 43 1
179 43 2
180 43 2
482 43 1
577 43 1
750 43 1
930 43 1
1115 43 1
1877 43 1
1878 43 1
1378 44 1
1405 45 1
1406 45 1
1407 45 1
1472 45 1
234 46 1
235 46 1
39 47 1
331 48 1
1587 48 1
2228 48 1
2229 48 1
597 49 1
652 49 1
194 50 1
481 50 1
1585 50 1
1586 50 1
38 51 1
247 51 1
948 51 1
1184 52 1
1578 52 2
1940 52 1
1941 52 1
237 53 1
269 53 1
39 54 3
55 54 1
57 54 3
80 54 1
112 54 1
143 54 1
144 54 5
153 54 1
297 54 1
298 54 2
301 54 1
310 54 1
320 54 1
454 54 2
514 54 3
592 54 1
593 54 1
639 54 3
640 54 3
653 54 1
654 54 1
660 54 2
865 54 1
946 54 1
947 54 2
1044 54 1
1045 54 1
1046 54 1
1082 54 1
1151 54 1
1154 54 1
1155 54 1
1450 54 1
1451 54 1
1637 54 1
1675 54 4
1800 54 1
1908 54 1
1909 54 1
1910 54 1
2260 54 1
2261 54 1
2284 54 1
39 55 1
54 55 1
57 55 1
156 55 1
274 55 1
393 55 1
408 55 2
480 55 2
619 55 1
946 55 1
947 55 1
1158 55 1
1537 55 1
1538 55 1
1618 55 1
2269 55 1
2270 55 1
2271 55 1
2272 55 1
2273 55 1
92 56 1
93 56 1
233 56 2
337 56 2
405 56 1
437 56 1
438 56 2
616 56 1
1100 56 1
1101 56 1
1136 56 1
1199 56 2
1607 56 1
39 57 2
54 57 3
55 57 1
142 57 1
153 57 1
274 57 2
301 57 1
392 57 1
393 57 2
541 57 1
865 57 1
1082 57 1
1151 57 1
1154 57 1
1155 57 1
1158 57 1
1161 57 1
1162 57 1
1640 57 1
1641 57 1
1642 57 1
1643 57 1
2412 58 1
2413 58 1
2414 58 1
89 59 1
436 59 1
735 59 1
328 60 1
2170 60 1
518 61 1
1676 61 1
1213 62 1
1926 63 1
423 64 1
425 64 1
426 64 1
499 64 1
39 65 1
66 65 5
344 65 1
345 65 3
393 65 4
39 66 2
65 66 5
80 66 1
129 66 2
344 66 1
345 66 4
354 66 1
367 66 1
393 66 5
532 66 1
1588 66 1
1619 66 1
39 67 1
200 67 1
241 67 1
346 67 1
804 68 1
182 69 1
236 69 1
617 69 1
71 70 2
363 70 1
70 71 2
363 71 1
276 72 1
600 72 1
21 73 1
22 73 1
27 73 1
80 73 1
393 73 1
75 74 1
76 74 1
562 74 1
74 75 1
76 75 1
562 75 1
1306 75 1
74 76 1
75 76 1
562 76 1
179 77 1
8 78 2
491 78 2
1207 78 1
1143 79 2
1144 79 2
21 80 1
22 80 1
27 80 2
39 80 5
54 80 1
66 80 1
73 80 1
117 80 2
124 80 1
125 80 2
181 80 1
279 80 1
393 80 3
514 80 1
546 80 3
580 80 1
581 80 1
582 80 1
847 80 1
848 80 1
849 80 1
853 80 1
856 80 1
1431 80 1
1432 80 1
1534 80 2
1535 80 1
1979 80 1
887 81 1
2246 81 1
2247 81 1
2248 81 1
86 82 2
18 83 1
102 83 1
184 83 1
585 83 1
877 83 1
1661 83 1
2124 84 1
2125 84 1
182 85 1
570 85 1
82 86 2
88 87 1
372 87 2
748 87 1
778 87 1
87 88 1
372 88 1
778 88 1
59 89 1
436 89 1
735 89 1
91 90 1
113 90 1
114 90 1
519 90 2
1507 90 1
90 91 1
114 91 1
56 92 1
405 92 1
56 93 1
337 93 1
1852 94 1
2356 94 1
2357 94 1
2358 94 1
96 95 1
95 96 1
98 97 1
99 97 1
100 97 1
97 98 1
99 98 1
100 98 1
768 98 1
1225 98 1
1226 98 1
97 99 1
98 99 1
100 99 1
97 100 1
98 100 1
99 100 1
702 101 1
703 101 1
2265 101 1
2266 101 1
83 102 1
211 102 1
1661 102 1
1854 102 1
10 103 1
42 103 1
43 103 1
179 103 1
180 103 1
235 104 1
277 104 1
278 104 1
1035 104 1
38 105 2
292 105 1
402 105 1
513 105 1
1146 105 1
1477 105 1
1514 105 1
707 106 1
708 106 1
709 106 1
108 107 1
109 107 1
2354 107 1
2355 107 1
107 108 1
109 108 1
107 109 1
108 109 1
923 109 1
924 109 3
925 109 2
1402 109 1
2151 109 1
2 110 1
266 110 1
40 111 2
161 111 1
315 111 1
588 111 1
933 111 1
934 111 1
1117 111 1
1118 111 1
1265 111 1
1713 111 1
54 112 1
454 112 1
90 113 1
519 113 1
1507 113 1
90 114 1
91 114 1
6 115 1
1773 115 1
1774 115 1
6 116 1
1478 116 1
1479 116 1
27 117 1
39 117 1
80 117 2
546 117 1
554 117 1
631 117 1
1534 117 1
1535 117 1
2025 118 2
2026 118 2
598 119 1
599 119 1
726 120 1
728 120 1
1000 120 1
13 121 1
368 121 1
1316 121 1
39 122 2
199 122 1
282 122 1
299 122 1
304 122 2
305 122 1
375 122 1
407 122 1
420 122 1
432 122 2
433 122 1
489 122 1
766 122 1
1127 122 1
1468 122 1
1737 122 1
1915 122 1
10 123 1
13 123 1
37 123 1
39 123 2
43 123 1
179 123 1
217 123 1
368 123 3
1115 123 1
80 124 1
125 124 1
279 124 1
312 124 2
853 124 1
39 125 1
80 125 2
124 125 1
279 125 1
393 125 1
853 125 1
856 125 1
10 126 1
663 126 1
966 126 1
967 126 1
1356 126 1
294 127 1
425 127 1
672 127 1
1754 128 1
66 129 2
137 129 6
281 129 2
350 129 3
368 129 1
449 129 1
476 129 1
532 129 4
548 129 1
549 129 1
602 129 2
656 129 1
1088 129 1
1557 129 1
1588 129 1
1721 129 1
1722 129 1
1978 129 1
2340 129 2
949 130 1
950 130 1
951 130 1
1254 131 1
1255 131 1
290 132 1
291 132 1
293 132 2
528 132 1
773 132 1
774 132 1
775 132 1
844 132 1
854 132 1
855 132 3
1039 132 1
1325 132 1
1326 132 1
1399 132 2
1860 132 1
1861 132 1
24 133 2
808 133 1
135 134 1
136 134 1
529 134 1
134 135 1
136 135 1
529 135 1
134 136 1
135 136 1
529 136 1
129 137 6
138 137 4
139 137 3
479 137 3
548 137 1
549 137 1
602 137 2
656 137 1
818 137 1
1168 137 1
1557 137 1
1721 137 1
1722 137 1
137 138 4
139 138 3
479 138 3
818 138 1
137 139 3
138 139 3
197 139 3
479 139 3
545 139 1
818 139 1
1652 139 1
1653 139 3
1654 139 2
1765 139 1
356 140 1
448 140 1
1126 140 3
1128 140 1
1966 140 1
1483 141 1
35 142 1
38 142 1
57 142 1
274 142 5
292 142 1
392 142 1
394 142 1
403 142 2
541 142 1
1252 142 1
39 143 1
54 143 1
425 143 2
39 144 2
54 144 5
298 144 2
947 144 1
1675 144 3
953 145 1
1527 146 1
582 147 1
623 147 1
1058 147 1
1416 147 1
2206 147 1
720 148 1
721 148 1
722 148 1
150 149 1
1355 149 1
149 150 1
1355 150 1
152 151 1
1666 151 1
151 152 1
1666 152 1
54 153 1
57 153 1
308 153 1
1057 153 1
1151 153 1
2344 153 1
300 154 1
395 154 1
496 154 1
596 154 1
1553 154 1
163 155 1
736 155 1
55 156 1
805 156 1
806 156 4
926 156 1
1104 156 2
1564 156 1
870 157 1
201 158 1
1879 158 1
1034 159 1
1403 159 2
2286 159 1
161 160 1
40 161 1
111 161 1
160 161 1
933 161 2
934 161 1
163 162 2
830 162 1
1401 162 1
155 163 1
162 163 2
614 163 1
669 163 2
736 163 2
830 163 1
1141 163 1
1401 163 1
1504 163 1
1505 163 1
2240 163 1
318 164 3
319 164 1
361 164 1
1182 164 1
1183 164 1
1185 164 1
1516 164 1
223 165 1
224 165 1
477 166 1
1001 166 1
1002 166 1
1003 166 1
1004 166 1
1005 166 1
1006 166 1
3 167 1
169 168 2
170 168 1
199 168 1
1657 168 1
1658 168 1
1659 168 1
168 169 2
170 169 1
199 169 1
1657 169 1
1658 169 1
1659 169 1
168 170 1
169 170 1
230 170 1
301 170 1
422 170 1
423 170 2
424 170 1
425 170 2
426 170 5
427 170 1
460 170 1
488 170 1
489 170 1
499 170 1
568 170 1
997 170 1
1119 170 1
1120 170 1
1310 170 3
1311 170 1
3 171 1
522 171 1
1639 171 1
2348 171 1
4 172 3
31 172 1
32 172 1
380 172 1
457 172 1
458 172 1
984 172 2
1021 172 1
377 173 1
1218 173 1
1219 173 1
1220 173 1
175 174 1
174 175 1
422 175 1
423 175 1
426 175 1
1137 175 1
1648 175 1
177 176 2
1253 176 1
176 177 2
1253 177 1
1760 178 1
1761 178 1
10 179 2
13 179 1
42 179 1
43 179 2
77 179 1
103 179 1
123 179 1
180 179 1
1115 179 1
10 180 2
42 180 1
43 180 2
103 180 1
179 180 1
577 180 1
39 181 1
80 181 1
847 181 1
848 181 1
69 182 1
85 182 1
236 182 1
490 182 1
570 182 1
617 182 1
1686 182 1
1687 182 1
184 183 1
83 184 1
183 184 1
877 184 1
186 185 1
185 186 1
223 186 3
224 186 1
333 186 1
2215 186 1
2216 186 1
188 187 1
187 188 1
221 189 1
758 189 1
1304 189 1
1305 189 1
207 190 1
1276 190 1
906 191 1
1354 191 1
195 192 1
327 192 1
1662 192 1
1663 192 1
1664 192 1
204 193 1
718 193 2
719 193 2
723 193 1
50 194 1
481 194 1
1585 194 1
1586 194 1
192 195 1
327 196 1
343 196 1
348 196 1
139 197 3
321 197 1
545 197 1
1178 197 1
1652 197 2
1653 197 3
1654 197 2
1765 197 1
1945 197 1
1610 198 2
122 199 1
168 199 1
169 199 1
375 199 1
489 199 1
1468 199 1
1657 199 1
1658 199 1
1659 199 1
39 200 1
67 200 1
241 200 1
346 200 1
1593 200 1
1594 200 1
158 201 1
355 201 1
1879 201 1
203 202 1
836 202 1
202 203 1
836 203 1
193 204 1
261 204 1
718 204 1
719 204 1
723 204 1
944 204 1
945 204 1
206 205 1
371 205 1
1317 205 1
205 206 1
371 206 1
1317 206 1
190 207 1
455 207 2
456 207 1
1276 207 2
605 208 1
606 208 3
1804 208 2
1805 208 1
404 209 1
406 209 1
1086 209 1
1087 209 1
222 210 1
1251 210 1
102 211 1
1854 211 1
995 212 1
996 212 4
1018 212 1
1559 212 1
1692 212 1
214 213 1
215 213 1
2295 213 1
2296 213 1
39 214 2
213 214 1
215 214 2
216 214 4
232 214 1
303 214 4
306 214 1
307 214 2
341 214 3
1129 214 1
1130 214 1
1133 214 1
1769 214 1
1770 214 2
1964 214 1
1965 214 1
213 215 1
214 215 2
303 215 1
1129 215 1
1130 215 1
39 216 2
214 216 4
232 216 1
341 216 1
2319 216 1
2320 216 1
37 217 1
123 217 1
21 218 1
957 218 2
1031 218 1
1791 218 1
1792 218 1
1793 218 1
1212 219 1
1258 220 1
189 221 1
758 221 1
764 221 1
1286 221 1
1287 221 1
2139 221 1
2140 221 2
210 222 1
807 222 1
990 222 1
1251 222 1
165 223 1
186 223 3
224 223 2
1790 223 1
1812 223 1
1883 223 1
165 224 1
186 224 1
223 224 2
1526 225 1
612 226 1
1173 226 1
2314 226 1
228 227 2
374 227 1
502 227 1
516 227 1
517 227 1
520 227 1
521 227 1
584 227 1
892 227 1
1689 227 2
1690 227 1
1702 227 1
1703 227 1
2180 227 1
2292 227 1
227 228 2
892 228 1
2345 228 1
568 229 1
2285 229 1
170 230 1
231 230 1
426 230 1
568 230 1
1310 230 1
1311 230 1
1335 230 2
1336 230 2
230 231 1
1335 231 1
1336 231 1
214 232 1
216 232 1
282 232 1
341 232 2
748 232 1
1585 232 1
1596 232 1
56 233 2
337 233 1
616 233 1
1100 233 1
1101 233 1
46 234 1
235 234 1
46 235 1
104 235 1
234 235 1
277 235 1
278 235 1
365 235 1
366 235 1
367 235 1
841 235 2
1035 235 1
1803 235 1
69 236 1
182 236 1
238 236 1
617 236 1
2233 236 1
2234 236 1
53 237 1
269 237 1
236 238 1
2233 238 1
2234 238 1
903 239 5
907 239 1
2288 239 1
386 240 1
39 241 1
67 241 1
200 241 1
346 241 1
618 241 1
680 241 1
681 241 3
866 241 1
867 241 1
929 241 1
931 241 1
932 241 1
935 241 1
1211 241 1
1174 242 1
1175 242 2
1176 242 1
1177 242 1
2257 242 1
244 243 2
245 243 1
302 243 2
530 243 1
558 243 1
1813 243 1
243 244 2
245 244 1
302 244 1
243 245 1
244 245 1
16 246 1
38 247 1
51 247 1
948 247 1
38 248 1
270 248 1
272 248 1
317 248 1
1026 248 1
1425 249 2
1429 249 1
1852 250 1
1853 250 1
724 251 1
725 251 1
7 252 1
29 252 1
901 253 1
902 253 1
255 254 1
784 254 1
785 254 1
786 254 1
787 254 1
254 255 1
784 255 1
785 255 1
786 255 1
787 255 1
257 256 1
256 257 1
1939 257 1
259 258 1
260 258 1
1245 258 1
258 259 1
260 259 1
1245 259 1
258 260 1
259 260 1
1245 260 1
204 261 1
944 261 1
945 261 1
868 262 1
869 262 1
1221 262 1
1222 262 1
1866 262 1
1867 262 1
1868 262 1
1869 262 1
1870 262 1
1871 262 1
594 263 1
1798 263 1
10 264 1
1058 264 2
1200 264 1
4 265 2
835 265 1
2 266 2
110 266 1
25 267 1
495 268 1
611 268 1
53 269 1
237 269 1
998 269 1
999 269 1
38 270 1
248 270 1
271 270 1
272 270 1
317 270 2
1026 270 2
1029 270 1
1030 270 1
1742 270 2
270 271 1
1029 271 1
1030 271 1
38 272 1
248 272 1
270 272 1
317 272 1
1026 272 1
501 273 1
515 273 1
1312 273 2
1667 273 1
2165 273 1
35 274 1
39 274 3
55 274 1
57 274 2
142 274 5
392 274 2
393 274 1
394 274 1
403 274 2
541 274 1
1158 274 1
1252 274 1
1381 274 1
1589 274 1
1590 274 1
1591 274 1
1592 274 1
2189 274 1
2190 274 1
483 275 1
1927 275 1
72 276 1
600 276 1
104 277 1
235 277 1
278 277 1
1035 277 1
104 278 1
235 278 1
277 278 1
1035 278 1
80 279 1
124 279 1
125 279 1
853 279 1
1551 279 1
1552 279 1
358 280 1
461 280 2
620 280 1
1728 280 1
1729 280 1
1730 280 1
1758 280 1
129 281 2
350 281 2
122 282 1
232 282 1
341 282 1
538 282 1
539 282 1
540 282 1
748 282 1
2249 282 1
2250 282 1
2251 282 1
288 283 1
289 283 1
1099 283 1
287 284 1
335 284 1
1394 284 1
1395 284 1
864 285 1
865 285 1
885 286 2
886 286 2
1275 286 1
284 287 1
335 287 1
500 287 1
1394 287 1
1395 287 1
1780 287 1
283 288 1
289 288 1
283 289 1
288 289 1
132 290 1
293 290 1
132 291 1
1039 291 1
38 292 3
105 292 1
142 292 1
952 292 1
1146 292 1
132 293 2
290 293 1
844 293 1
127 294 1
295 294 1
296 294 1
425 294 3
467 294 1
672 294 1
1007 294 3
1010 294 1
1113 294 2
1114 294 1
1116 294 1
1415 294 1
1620 294 1
1621 294 1
1622 294 1
1623 294 1
294 295 1
296 295 1
1116 295 1
294 296 1
295 296 1
1116 296 1
54 297 1
1637 297 1
39 298 1
54 298 2
144 298 2
1675 298 2
122 299 1
1127 299 1
154 300 1
301 300 1
302 300 1
541 300 1
596 300 1
1553 300 1
54 301 1
57 301 1
170 301 1
300 301 1
302 301 2
426 301 1
460 301 1
492 301 1
541 301 1
865 301 1
1154 301 1
1155 301 1
1310 301 1
243 302 2
244 302 1
300 302 1
301 302 2
316 302 1
372 302 1
374 302 1
393 302 1
492 302 2
502 302 1
504 302 1
505 302 1
530 302 1
541 302 1
558 302 1
589 302 1
1813 302 1
2297 302 1
2298 302 1
214 303 4
215 303 1
306 303 1
1129 303 1
1130 303 1
1133 303 1
122 304 2
305 304 1
432 304 2
433 304 1
122 305 1
304 305 1
432 305 1
214 306 1
303 306 1
214 307 2
341 307 2
1769 307 1
1770 307 2
1964 307 1
1965 307 1
153 308 1
416 308 1
763 308 1
1057 308 1
1488 308 1
39 309 4
311 309 4
1763 309 1
1907 309 2
54 310 1
639 310 1
640 310 1
39 311 4
309 311 4
1763 311 1
1907 311 2
124 312 2
314 313 2
316 313 2
1433 313 1
313 314 2
316 314 2
111 315 1
1117 315 1
1118 315 1
302 316 1
313 316 2
314 316 2
372 316 1
393 316 1
492 316 1
1058 316 1
1416 316 1
1872 316 1
1873 316 1
38 317 1
248 317 1
270 317 2
272 317 1
1026 317 2
1742 317 1
164 318 3
319 318 1
361 318 1
1182 318 1
1183 318 1
1185 318 1
1516 318 1
164 319 1
318 319 1
1185 319 1
54 320 1
2284 320 1
197 321 1
1178 321 1
27 322 1
323 322 1
349 322 1
27 323 1
322 323 1
618 324 1
425 325 1
498 325 1
1831 325 1
1832 325 1
1833 325 1
1834 325 1
396 326 1
1688 326 1
192 327 1
196 327 1
343 327 1
348 327 1
443 327 1
1662 327 1
1663 327 1
1664 327 1
1755 327 1
1756 327 1
1819 327 1
2278 327 1
2279 327 1
60 328 1
2170 328 1
744 329 1
745 329 1
746 329 1
747 329 1
1246 330 1
1247 330 1
1248 330 1
48 331 1
2228 331 1
2229 331 1
1565 332 1
1566 332 1
186 333 1
2215 333 1
2216 333 1
1539 334 1
1540 334 1
1541 334 1
1542 334 1
284 335 1
287 335 1
1394 335 1
1395 335 1
2475 335 1
2476 335 1
2477 335 1
1188 336 2
1189 336 2
1239 336 1
1240 336 1
1241 336 1
1242 336 1
1243 336 1
1244 336 1
56 337 2
93 337 1
233 337 1
1100 337 1
1101 337 1
23 338 1
587 338 1
625 338 1
1693 338 1
2222 338 1
340 339 1
1404 339 1
339 340 1
214 341 3
216 341 1
232 341 2
282 341 1
307 341 2
748 341 1
1769 341 1
1770 341 2
1964 341 1
1965 341 1
13 342 2
14 342 2
800 342 1
801 342 1
802 342 1
803 342 1
196 343 1
327 343 1
348 343 1
65 344 1
66 344 1
345 344 1
65 345 3
66 345 4
344 345 1
393 345 2
39 346 1
67 346 1
200 346 1
241 346 1
369 346 2
415 346 2
444 346 1
445 346 6
526 346 1
527 346 1
636 346 1
643 346 1
644 346 1
689 346 1
1016 346 1
1017 346 1
1322 346 2
1323 346 1
1324 346 2
1633 346 2
578 347 1
579 347 1
1445 347 1
1446 347 1
1665 347 1
196 348 1
327 348 1
343 348 1
322 349 1
129 350 3
281 350 2
449 350 1
465 350 1
466 350 1
487 350 1
1088 350 1
2201 350 1
354 351 3
759 351 1
760 351 1
827 351 1
858 351 1
1368 351 1
1534 351 1
1617 351 1
367 352 1
1767 352 1
1768 352 1
1881 353 1
1882 353 1
66 354 1
351 354 3
759 354 1
760 354 1
827 354 1
1368 354 1
201 355 1
140 356 1
448 356 1
449 356 1
1088 356 1
1126 356 1
445 357 1
526 357 1
527 357 1
280 358 1
524 359 1
878 359 2
1418 359 1
1419 359 1
1579 359 1
1580 359 1
1609 359 1
39 360 1
393 360 1
487 360 2
699 360 1
41 361 1
164 361 1
318 361 1
1182 361 1
1183 361 1
1440 361 2
1441 361 3
1502 361 1
1757 361 2
1911 361 1
1912 361 1
414 362 1
632 362 1
1156 362 1
1157 362 1
70 363 1
71 363 1
544 364 1
2173 364 1
2174 364 1
2175 364 1
235 365 1
235 366 1
367 366 1
429 366 1
514 366 1
529 366 2
574 366 1
575 366 1
658 366 1
1339 366 1
1650 366 1
1651 366 1
1720 366 1
1988 366 1
66 367 1
235 367 1
352 367 1
366 367 1
417 367 1
418 367 1
537 367 2
1619 367 1
1767 367 1
1768 367 1
13 368 1
39 368 2
121 368 1
123 368 3
129 368 1
476 368 1
486 368 1
532 368 1
1316 368 1
346 369 2
628 369 1
629 369 1
1322 369 2
1323 369 1
1324 369 2
2207 369 1
2237 370 1
205 371 1
206 371 1
564 371 2
1317 371 1
39 372 1
87 372 2
88 372 1
302 372 1
316 372 1
376 372 2
393 372 1
421 372 1
492 372 1
748 372 1
778 372 1
2181 372 1
2346 372 1
2347 372 1
381 373 1
382 373 1
383 373 1
755 373 1
1369 373 1
1370 373 1
227 374 1
302 374 1
502 374 2
503 374 1
504 374 1
505 374 1
589 374 1
638 374 1
2297 374 1
2298 374 1
122 375 1
199 375 1
489 375 2
557 375 1
1468 375 2
1469 375 1
372 376 2
2181 376 1
173 377 1
1218 377 1
1219 377 1
1220 377 1
1855 378 1
1856 378 1
1857 378 1
1858 378 1
1859 378 1
13 379 1
14 379 1
1316 379 1
1845 379 1
4 380 2
172 380 1
457 380 2
458 380 1
506 380 1
507 380 1
1021 380 1
2194 380 1
373 381 1
382 381 1
383 381 1
755 381 1
373 382 1
381 382 1
383 382 1
755 382 1
373 383 1
381 383 1
382 383 1
755 383 1
446 384 1
2157 384 1
2158 384 1
673 385 1
674 385 1
675 385 1
973 385 5
240 386 1
1049 386 1
2321 386 1
2322 386 1
388 387 1
1371 387 1
1372 387 1
387 388 1
1371 388 1
1372 388 1
390 389 1
391 389 1
909 389 1
389 390 1
391 390 1
825 390 1
909 390 1
389 391 1
390 391 1
908 391 1
909 391 2
39 392 1
57 392 1
142 392 1
274 392 2
541 392 1
21 393 1
22 393 1
27 393 1
39 393 8
55 393 1
57 393 2
65 393 4
66 393 5
73 393 1
80 393 3
125 393 1
274 393 1
302 393 1
316 393 1
345 393 2
360 393 1
372 393 1
399 393 2
400 393 2
426 393 1
487 393 1
492 393 1
856 393 1
1158 393 1
1161 393 1
1162 393 1
1379 393 2
1380 393 1
1384 393 1
1719 393 1
2159 393 1
2160 393 1
35 394 1
142 394 1
274 394 1
154 395 1
326 396 1
1688 396 1
1430 397 1
942 398 1
1597 398 1
39 399 1
393 399 2
400 399 2
1379 399 2
1380 399 1
39 400 1
393 400 2
399 400 2
1379 400 2
1380 400 1
1148 401 1
1149 401 1
1150 401 1
1377 401 1
38 402 3
105 402 1
513 402 1
1389 402 1
1390 402 1
1477 402 2
1514 402 1
142 403 2
274 403 2
209 404 1
56 405 1
92 405 1
209 406 1
1086 406 1
1087 406 1
39 407 1
122 407 1
420 407 1
766 407 1
1083 407 1
1084 407 1
1085 407 1
55 408 2
480 408 2
619 408 1
1537 408 1
1538 408 1
1618 408 1
410 409 4
511 409 3
512 409 3
2238 409 1
2239 409 1
2283 409 1
409 410 4
511 410 3
512 410 3
2238 410 1
2239 410 1
2283 410 1
1503 411 1
1382 412 1
1383 412 1
1489 413 1
1490 413 1
1491 413 1
362 414 1
632 414 1
39 415 1
346 415 2
445 415 2
526 415 1
527 415 1
635 415 1
636 415 1
1946 415 1
308 416 1
704 416 1
763 416 1
1131 416 2
1132 416 1
1733 416 1
1900 416 1
1901 416 1
1902 416 1
367 417 1
418 417 1
537 417 1
367 418 1
417 418 1
537 418 1
1416 419 1
1417 419 1
39 420 1
122 420 1
407 420 1
766 420 1
39 421 1
372 421 1
2346 421 1
2347 421 1
170 422 1
175 422 1
423 422 7
424 422 6
425 422 7
426 422 11
428 422 1
637 422 1
997 422 1
1137 422 7
1138 422 1
1139 422 1
1140 422 1
1454 422 1
1455 422 1
1544 422 1
1648 422 1
1719 422 1
1775 422 1
2267 422 1
2268 422 1
64 423 1
170 423 2
175 423 1
422 423 7
424 423 2
425 423 6
426 423 9
499 423 1
997 423 1
1119 423 1
1120 423 1
1137 423 3
1138 423 1
1139 423 1
1140 423 1
1454 423 1
1455 423 1
1544 423 1
1648 423 1
1719 423 1
170 424 1
422 424 6
423 424 2
425 424 3
426 424 5
637 424 1
997 424 1
1137 424 4
1224 424 1
1775 424 1
1888 424 1
1889 424 1
2267 424 1
2268 424 1
64 425 1
127 425 1
143 425 2
170 425 2
294 425 3
325 425 1
422 425 7
423 425 6
424 425 3
426 425 10
427 425 1
428 425 1
488 425 1
489 425 1
498 425 1
499 425 3
568 425 1
672 425 1
676 425 1
677 425 3
997 425 1
1113 425 2
1114 425 1
1137 425 3
1266 425 1
1267 425 1
1268 425 1
1310 425 1
1415 425 2
1454 425 1
1455 425 1
1544 425 1
1719 425 1
1831 425 1
1832 425 1
1833 425 1
1834 425 1
64 426 1
170 426 5
175 426 1
230 426 1
301 426 1
393 426 1
422 426 11
423 426 9
424 426 5
425 426 10
427 426 1
428 426 1
460 426 2
464 426 1
488 426 1
489 426 1
499 426 3
568 426 3
637 426 1
997 426 1
1119 426 1
1120 426 1
1137 426 7
1138 426 1
1139 426 1
1140 426 1
1310 426 5
1311 426 1
1384 426 2
1454 426 1
1455 426 1
1544 426 1
1614 426 1
1648 426 1
1719 426 3
1771 426 1
1772 426 1
1775 426 1
2159 426 2
2160 426 2
170 427 1
425 427 1
426 427 1
488 427 1
489 427 1
499 427 1
1310 427 1
422 428 1
425 428 1
426 428 1
1137 428 1
366 429 1
529 429 1
658 429 1
1988 429 1
789 430 1
790 430 1
1695 431 1
1696 431 1
1697 431 1
122 432 2
304 432 2
305 432 1
433 432 1
122 433 1
304 433 1
432 433 1
620 434 1
1100 434 1
1101 434 1
1728 434 1
1729 434 1
475 435 1
692 435 1
59 436 1
89 436 1
735 436 1
56 437 1
438 437 1
56 438 2
437 438 1
1607 438 1
440 439 1
442 439 1
523 439 1
524 439 3
525 439 1
642 439 1
1236 439 1
1447 439 2
1448 439 1
1449 439 1
1799 439 1
439 440 1
524 440 1
1447 440 1
1448 440 1
1449 440 1
1434 441 1
1435 441 1
1436 441 1
1437 441 1
439 442 1
1447 442 1
1799 442 1
327 443 1
1819 443 1
2156 443 1
346 444 1
445 444 1
346 445 6
357 445 1
415 445 2
444 445 1
526 445 3
527 445 2
636 445 1
689 445 1
1633 445 1
2224 445 1
384 446 1
2157 446 1
2158 446 1
1230 447 1
140 448 1
356 448 1
1126 448 1
129 449 1
350 449 1
356 449 1
1088 449 2
1426 450 1
1427 450 1
1428 450 1
1660 451 1
453 452 3
567 452 1
1031 452 1
1329 452 1
1330 452 1
1331 452 1
1388 452 1
1442 452 1
452 453 3
567 453 1
1329 453 1
1330 453 1
1331 453 1
1388 453 1
1442 453 1
54 454 2
112 454 1
1450 454 1
1451 454 1
207 455 2
456 455 1
577 455 1
207 456 1
455 456 1
4 457 2
172 457 1
380 457 2
458 457 1
506 457 1
507 457 1
1021 457 1
2194 457 1
4 458 1
172 458 1
380 458 1
457 458 1
1021 458 1
572 459 1
677 459 1
1266 459 1
1880 459 1
170 460 1
301 460 1
426 460 2
568 460 1
1310 460 2
1614 460 1
280 461 2
1758 461 1
489 462 1
504 462 1
505 462 1
1468 462 1
2218 462 1
2219 462 1
38 463 3
1679 463 1
1753 463 1
40 464 1
426 464 1
1310 464 1
1771 464 2
1772 464 1
350 465 1
466 465 1
487 465 1
2201 465 1
350 466 1
465 466 1
487 466 1
2201 466 1
294 467 1
2220 468 1
2221 468 1
470 469 1
650 469 1
1887 469 2
2200 469 1
469 470 1
1887 470 1
2200 470 1
33 471 1
2018 471 1
2019 471 1
2020 471 1
473 472 1
942 472 1
472 473 1
942 473 1
24 474 1
2341 474 1
435 475 1
692 475 1
129 476 1
368 476 1
532 476 1
166 477 1
1001 477 1
1002 477 1
1003 477 1
1004 477 1
1005 477 1
1006 477 1
1397 478 1
1398 478 1
137 479 3
138 479 3
139 479 3
818 479 1
55 480 2
408 480 2
619 480 1
1537 480 1
1538 480 1
1618 480 1
50 481 1
194 481 1
1585 481 1
1586 481 1
43 482 1
1877 482 1
1878 482 1
275 483 1
1927 483 1
850 484 2
851 484 1
852 484 1
1708 484 1
1709 484 1
486 485 2
965 485 1
1691 485 1
368 486 1
485 486 2
965 486 1
1691 486 1
39 487 1
350 487 1
360 487 2
393 487 1
465 487 1
466 487 1
699 487 1
2201 487 1
170 488 1
425 488 1
426 488 1
427 488 1
489 488 1
499 488 1
1310 488 1
122 489 1
170 489 1
199 489 1
375 489 2
425 489 1
426 489 1
427 489 1
462 489 1
488 489 1
499 489 1
504 489 1
505 489 1
557 489 1
1310 489 1
1468 489 3
1469 489 1
2218 489 1
2219 489 1
182 490 1
1686 490 1
1687 490 1
8 491 2
78 491 2
1207 491 1
1835 491 1
301 492 1
302 492 2
316 492 1
372 492 1
393 492 1
11 493 1
536 493 1
1632 494 1
268 495 1
611 495 1
1747 495 1
1748 495 1
1749 495 1
154 496 1
1338 497 2
1339 497 1
1340 497 1
1341 497 1
325 498 1
425 498 1
1831 498 1
1832 498 1
1833 498 1
1834 498 1
64 499 1
170 499 1
423 499 1
425 499 3
426 499 3
427 499 1
488 499 1
489 499 1
568 499 1
1310 499 1
287 500 1
1780 500 1
273 501 1
1667 501 1
227 502 1
302 502 1
374 502 2
504 502 1
505 502 1
589 502 1
2297 502 1
2298 502 1
374 503 1
638 503 1
302 504 1
374 504 1
462 504 1
489 504 1
502 504 1
505 504 2
589 504 1
1468 504 1
2218 504 1
2219 504 1
2297 504 1
2298 504 1
302 505 1
374 505 1
462 505 1
489 505 1
502 505 1
504 505 2
589 505 1
1468 505 1
2218 505 1
2219 505 1
2297 505 1
2298 505 1
4 506 1
380 506 1
457 506 1
507 506 1
2194 506 1
4 507 1
380 507 1
457 507 1
506 507 1
2194 507 1
509 508 1
508 509 1
1841 509 1
615 510 1
1874 510 1
1891 510 1
2349 510 1
2350 510 1
2351 510 1
409 511 3
410 511 3
512 511 3
2283 511 1
409 512 3
410 512 3
511 512 3
2283 512 1
38 513 1
105 513 1
402 513 1
1477 513 1
1514 513 1
54 514 3
80 514 1
366 514 1
592 514 1
593 514 1
1908 514 1
1909 514 1
1910 514 1
273 515 1
1312 515 1
2165 515 1
227 516 1
520 516 1
521 516 1
227 517 1
584 517 1
2180 517 1
61 518 1
1676 518 1
90 519 2
113 519 1
1507 519 1
227 520 1
516 520 1
521 520 1
227 521 1
516 521 1
520 521 1
3 522 1
171 522 1
439 523 1
524 523 1
525 523 1
359 524 1
439 524 3
440 524 1
523 524 1
525 524 1
878 524 1
1236 524 1
1447 524 1
1448 524 1
1449 524 1
1579 524 1
1580 524 1
439 525 1
523 525 1
524 525 1
40 526 1
346 526 1
357 526 1
415 526 1
445 526 3
527 526 3
581 526 1
636 526 1
1422 526 1
2185 526 1
2186 526 1
2187 526 1
2188 526 1
2224 526 1
346 527 1
357 527 1
415 527 1
445 527 2
526 527 3
636 527 1
1759 527 1
2185 527 1
2186 527 1
2187 527 1
2188 527 1
132 528 1
134 529 1
135 529 1
136 529 1
366 529 2
429 529 1
658 529 1
1339 529 1
1720 529 1
1988 529 1
243 530 1
302 530 1
558 530 1
1813 530 1
532 531 1
533 531 2
2193 531 1
66 532 1
129 532 4
368 532 1
476 532 1
531 532 1
533 532 2
1588 532 1
1707 532 1
1967 532 1
1968 532 1
1969 532 1
2340 532 2
531 533 2
532 533 2
649 533 1
1707 533 1
2193 533 1
2197 533 1
2198 533 1
2199 533 2
2235 533 1
2236 533 1
13 534 1
535 534 1
13 535 1
534 535 1
11 536 1
493 536 1
576 536 1
367 537 2
417 537 1
418 537 1
282 538 1
539 538 1
540 538 1
2249 538 1
2250 538 1
2251 538 1
282 539 1
538 539 1
540 539 1
2249 539 1
2250 539 1
2251 539 1
282 540 1
538 540 1
539 540 1
2249 540 1
2250 540 1
2251 540 1
57 541 1
142 541 1
274 541 1
300 541 1
301 541 1
302 541 1
392 541 1
543 542 1
670 542 1
1508 542 1
542 543 1
670 543 2
671 543 1
1508 543 1
364 544 1
2173 544 1
2174 544 1
2175 544 1
139 545 1
197 545 1
1652 545 1
1653 545 1
1654 545 1
80 546 3
117 546 1
580 546 1
581 546 2
582 546 1
1431 546 2
1432 546 2
1534 546 2
1535 546 1
1979 546 1
36 547 1
37 547 2
39 547 1
583 547 2
1528 547 1
1529 547 1
1630 547 1
1631 547 1
129 548 1
137 548 1
549 548 1
129 549 1
137 549 1
548 549 1
551 550 1
2223 550 1
550 551 1
2223 551 1
553 552 1
552 553 1
117 554 1
556 555 2
555 556 2
876 556 1
1571 556 1
375 557 1
489 557 1
1468 557 1
1469 557 1
243 558 1
302 558 1
530 558 1
1813 558 1
13 559 1
560 559 1
13 560 1
559 560 1
633 561 2
634 561 1
645 561 2
651 561 1
1533 561 1
1583 561 1
1584 561 1
1608 561 1
1685 561 3
1823 561 2
1824 561 2
2287 561 1
74 562 1
75 562 1
76 562 1
974 563 1
975 563 1
976 563 1
371 564 2
861 565 2
1147 566 1
452 567 1
453 567 1
1256 567 1
1257 567 1
1329 567 3
1330 567 3
1331 567 1
170 568 1
229 568 1
230 568 1
425 568 1
426 568 3
460 568 1
499 568 1
1310 568 2
1311 568 1
1614 568 1
2285 568 1
1155 569 1
1864 569 1
1865 569 1
85 570 1
182 570 1
655 571 1
1566 571 1
1682 571 1
459 572 1
677 572 1
1266 572 1
1880 572 1
791 573 1
792 573 1
829 573 1
366 574 1
575 574 1
366 575 1
574 575 1
536 576 1
10 577 1
43 577 1
180 577 1
455 577 1
347 578 1
579 578 1
1665 578 1
347 579 1
578 579 1
1665 579 1
80 580 1
546 580 1
581 580 1
582 580 1
1979 580 1
40 581 1
80 581 1
526 581 1
546 581 2
580 581 1
582 581 1
780 581 1
781 581 1
1431 581 1
1432 581 1
1723 581 1
1979 581 1
80 582 1
147 582 1
546 582 1
580 582 1
581 582 1
623 582 1
1058 582 1
1416 582 1
1979 582 1
2206 582 1
37 583 1
547 583 2
1630 583 1
1631 583 1
227 584 1
517 584 1
2180 584 1
18 585 1
83 585 1
1560 586 1
338 587 1
625 587 1
2222 587 2
111 588 1
1713 588 1
302 589 1
374 589 1
502 589 1
504 589 1
505 589 1
2297 589 1
2298 589 1
4 590 1
31 590 1
985 590 1
5 591 2
54 592 1
514 592 1
593 592 1
54 593 1
514 593 1
592 593 1
263 594 1
1798 594 1
596 595 2
154 596 1
300 596 1
595 596 2
1553 596 1
49 597 1
652 597 1
119 598 1
599 598 1
119 599 1
598 599 1
72 600 1
276 600 1
602 601 1
2262 601 1
2263 601 1
2264 601 1
129 602 2
137 602 2
601 602 1
2262 602 1
2263 602 1
2264 602 1
604 603 3
630 603 1
943 603 1
1724 603 1
1725 603 1
603 604 3
208 605 1
606 605 1
208 606 3
605 606 1
1804 606 2
1805 606 1
1752 607 1
609 608 1
610 608 1
1492 608 1
1493 608 1
608 609 1
610 609 1
1492 609 1
1493 609 1
608 610 1
609 610 1
1492 610 1
1493 610 1
268 611 1
495 611 1
226 612 1
2314 612 1
1049 613 1
2352 613 1
2353 613 1
163 614 1
510 615 1
1891 615 1
56 616 1
233 616 1
69 617 1
182 617 1
236 617 1
241 618 1
324 618 1
866 618 1
867 618 1
55 619 1
408 619 1
480 619 1
646 619 1
647 619 1
648 619 1
1618 619 1
280 620 1
434 620 1
1728 620 2
1729 620 2
1730 620 1
1050 621 1
1051 621 1
1032 622 1
1033 622 1
1034 622 1
147 623 1
582 623 1
1058 623 1
1416 623 2
1567 623 1
1568 623 1
1569 623 1
1570 623 1
2206 623 1
2230 624 1
2231 624 1
2232 624 1
338 625 1
587 625 1
2222 625 1
1547 626 1
1827 626 1
1828 626 1
1384 627 1
1387 627 1
1400 627 1
1484 627 1
369 628 1
629 628 1
2182 628 1
2183 628 1
2184 628 1
369 629 1
628 629 1
603 630 1
117 631 1
362 632 1
414 632 1
561 633 2
634 633 1
1337 633 1
1685 633 1
561 634 1
633 634 1
39 635 1
415 635 1
1946 635 1
2195 635 1
2196 635 1
2252 635 1
2253 635 1
2254 635 1
346 636 1
415 636 1
445 636 1
526 636 1
527 636 1
422 637 1
424 637 1
426 637 1
1137 637 1
1775 637 1
374 638 1
503 638 1
54 639 3
310 639 1
640 639 3
54 640 3
310 640 1
639 640 3
38 641 1
2343 641 1
439 642 1
1470 642 1
1471 642 2
1536 642 1
346 643 1
644 643 1
346 644 1
643 644 1
561 645 2
1608 645 1
619 646 1
647 646 1
648 646 1
23 647 2
619 647 1
646 647 1
648 647 1
619 648 1
646 648 1
647 648 1
533 649 1
2197 649 1
2198 649 1
2199 649 1
469 650 1
1887 650 1
561 651 1
49 652 1
597 652 1
54 653 1
654 653 1
660 653 1
1675 653 1
54 654 1
653 654 1
660 654 1
1675 654 1
571 655 1
1682 655 1
129 656 1
137 656 1
1557 656 1
1646 657 1
1647 657 1
366 658 1
429 658 1
529 658 1
1988 658 1
845 659 1
846 659 1
1764 659 2
1842 659 1
1843 659 1
1844 659 1
54 660 2
653 660 1
654 660 1
1675 660 1
1800 660 1
662 661 1
663 661 1
661 662 1
663 662 1
10 663 1
126 663 1
661 663 1
662 663 1
966 663 1
967 663 1
665 664 1
666 664 1
664 665 1
666 665 2
664 666 1
665 666 2
668 667 1
667 668 1
163 669 2
2240 669 1
542 670 1
543 670 2
671 670 1
1508 670 1
543 671 1
670 671 1
127 672 1
294 672 1
425 672 1
385 673 1
674 673 1
675 673 1
385 674 1
673 674 1
675 674 1
2161 674 1
2162 674 1
385 675 1
673 675 1
674 675 1
425 676 1
677 676 1
425 677 3
459 677 1
572 677 1
676 677 1
1266 677 3
1267 677 1
1268 677 1
1880 677 2
679 678 1
678 679 1
241 680 1
681 680 2
241 681 3
680 681 2
931 681 1
932 681 1
1211 681 1
683 682 1
684 682 1
685 682 1
682 683 1
684 683 1
685 683 1
682 684 1
683 684 1
685 684 1
682 685 1
683 685 1
684 685 1
687 686 1
688 686 1
686 687 1
688 687 1
686 688 1
687 688 1
346 689 1
445 689 1
691 690 1
690 691 1
435 692 1
475 692 1
694 693 1
693 694 1
696 695 1
697 695 1
695 696 1
697 696 1
695 697 1
696 697 1
1482 698 1
1655 698 1
1656 698 1
360 699 1
487 699 1
701 700 3
700 701 3
101 702 1
703 702 1
101 703 1
702 703 1
416 704 1
706 705 1
705 706 1
106 707 1
708 707 2
709 707 1
2042 707 1
2043 707 1
2044 707 1
106 708 1
707 708 2
709 708 1
2042 708 1
2043 708 1
2044 708 1
106 709 1
707 709 1
708 709 1
711 710 1
712 710 1
710 711 1
712 711 1
710 712 1
711 712 1
714 713 1
715 713 1
713 714 1
715 714 1
713 715 1
714 715 1
717 716 1
716 717 1
1159 717 1
1160 717 1
193 718 2
204 718 1
719 718 2
723 718 1
193 719 2
204 719 1
718 719 2
723 719 1
148 720 1
721 720 1
722 720 1
148 721 1
720 721 1
722 721 1
148 722 1
720 722 1
721 722 1
193 723 1
204 723 1
718 723 1
719 723 1
251 724 1
725 724 1
251 725 1
724 725 1
120 726 1
727 726 1
728 726 4
732 726 1
1000 726 1
1494 726 1
1495 726 1
1496 726 2
1497 726 1
1766 726 1
1890 726 1
726 727 1
728 727 1
120 728 1
726 728 4
727 728 1
1000 728 1
1494 728 1
1495 728 1
1496 728 2
1497 728 1
1890 728 1
730 729 1
731 729 1
936 729 1
729 730 1
731 730 1
729 731 1
730 731 1
726 732 1
734 733 3
737 733 1
2012 733 1
2013 733 1
2115 733 1
2116 733 3
2117 733 1
2148 733 1
2149 733 1
2150 733 1
2369 733 1
2370 733 1
2371 733 1
2381 733 1
2382 733 1
2385 733 1
2386 733 1
2387 733 1
2388 733 1
2389 733 1
2430 733 1
2431 733 1
2432 733 1
2457 733 1
2458 733 1
733 734 3
737 734 1
59 735 1
89 735 1
436 735 1
155 736 1
163 736 2
733 737 1
734 737 1
739 738 1
738 739 1
17 740 1
741 740 1
17 741 1
740 741 1
743 742 1
742 743 1
329 744 1
745 744 1
746 744 1
747 744 1
329 745 1
744 745 1
746 745 1
747 745 1
329 746 1
744 746 1
745 746 1
747 746 1
329 747 1
744 747 1
745 747 1
746 747 1
87 748 1
232 748 1
282 748 1
341 748 1
372 748 1
1169 748 1
1170 748 1
750 749 2
751 749 2
10 750 1
43 750 1
749 750 2
751 750 2
1836 750 1
749 751 2
750 751 2
753 752 1
752 753 1
18 754 1
19 754 1
20 754 1
1545 754 1
373 755 1
381 755 1
382 755 1
383 755 1
757 756 1
756 757 1
189 758 1
221 758 1
351 759 1
354 759 1
760 759 1
351 760 1
354 760 1
759 760 1
762 761 1
761 762 1
308 763 1
416 763 1
221 764 1
766 765 1
767 765 1
39 766 1
122 766 1
407 766 1
420 766 1
765 766 1
767 766 1
765 767 1
766 767 1
98 768 1
769 768 1
770 768 3
1074 768 1
1093 768 1
1225 768 1
1226 768 1
768 769 1
770 769 1
768 770 3
769 770 1
1074 770 1
1093 770 1
772 771 1
771 772 1
132 773 1
774 773 1
775 773 1
132 774 1
773 774 1
775 774 1
132 775 1
773 775 1
774 775 1
777 776 1
776 777 1
87 778 1
88 778 1
372 778 1
33 779 2
40 779 2
581 780 1
781 780 1
581 781 1
780 781 1
4 782 1
15 782 1
31 782 1
783 782 1
4 783 2
12 783 1
15 783 1
31 783 2
782 783 1
254 784 1
255 784 1
785 784 1
786 784 1
787 784 1
254 785 1
255 785 1
784 785 1
786 785 1
787 785 1
254 786 1
255 786 1
784 786 1
785 786 1
787 786 1
254 787 1
255 787 1
784 787 1
785 787 1
786 787 1
789 788 1
790 788 1
430 789 1
788 789 1
790 789 2
430 790 1
788 790 1
789 790 2
573 791 1
792 791 1
573 792 1
791 792 1
794 793 1
795 793 1
793 794 1
795 794 1
793 795 1
794 795 1
797 796 1
798 796 1
799 796 1
796 797 1
798 797 1
799 797 1
796 798 1
797 798 1
799 798 1
796 799 1
797 799 1
798 799 1
13 800 1
14 800 1
342 800 1
801 800 1
802 800 1
803 800 1
13 801 1
14 801 1
342 801 1
800 801 1
802 801 1
803 801 2
13 802 1
14 802 1
342 802 1
800 802 1
801 802 1
803 802 1
13 803 1
14 803 1
342 803 1
800 803 1
801 803 2
802 803 1
1543 803 2
68 804 1
156 805 1
806 805 1
156 806 4
805 806 1
222 807 1
24 808 1
133 808 1
810 809 1
809 810 1
812 811 2
813 811 2
817 811 1
811 812 2
813 812 2
817 812 1
811 813 2
812 813 2
817 813 1
1363 813 1
1364 813 1
815 814 1
816 814 1
814 815 1
816 815 1
814 816 1
815 816 1
811 817 1
812 817 1
813 817 1
137 818 1
138 818 1
139 818 1
479 818 1
820 819 1
1480 819 1
1481 819 1
1482 819 1
819 820 1
988 820 1
989 820 2
991 820 2
1611 820 1
1612 820 1
1613 820 1
12 821 1
823 822 1
824 822 1
1262 822 1
1263 822 1
1264 822 1
822 823 1
824 823 1
822 824 1
823 824 1
390 825 1
18 826 1
19 826 1
20 826 1
351 827 1
354 827 1
18 828 1
1089 828 1
1091 828 1
573 829 1
162 830 1
163 830 1
4 831 3
1509 831 1
1829 831 1
1830 831 1
833 832 1
834 832 1
832 833 1
834 833 1
832 834 1
833 834 1
4 835 1
265 835 1
202 836 1
203 836 1
1456 837 2
839 838 2
840 838 2
838 839 2
840 839 2
838 840 2
839 840 2
235 841 2
1803 841 1
843 842 1
2286 842 1
2313 842 1
842 843 1
132 844 1
293 844 1
659 845 1
846 845 2
937 845 1
938 845 1
939 845 1
940 845 1
659 846 1
845 846 2
937 846 1
938 846 1
939 846 1
940 846 1
1163 846 1
1164 846 1
1165 846 1
39 847 1
80 847 1
181 847 1
848 847 1
39 848 1
80 848 1
181 848 1
847 848 1
39 849 1
80 849 1
484 850 2
851 850 1
852 850 1
1708 850 1
1709 850 1
484 851 1
850 851 1
852 851 1
484 852 1
850 852 1
851 852 1
80 853 1
124 853 1
125 853 1
279 853 1
132 854 1
855 854 1
132 855 3
854 855 1
1399 855 2
39 856 1
80 856 1
125 856 1
393 856 1
34 857 1
858 857 1
859 857 1
860 857 1
34 858 1
351 858 1
857 858 1
859 858 1
860 858 1
1534 858 1
1617 858 1
34 859 1
857 859 1
858 859 1
860 859 1
34 860 1
857 860 1
858 860 1
859 860 1
565 861 2
863 862 1
862 863 1
285 864 1
865 864 1
54 865 1
57 865 1
285 865 1
301 865 1
864 865 1
1154 865 1
1155 865 1
241 866 1
618 866 1
867 866 1
241 867 1
618 867 1
866 867 1
262 868 1
869 868 1
1801 868 1
1802 868 1
262 869 1
868 869 1
157 870 1
872 871 1
873 871 1
871 872 1
873 872 1
871 873 1
872 873 1
875 874 1
874 875 1
556 876 1
83 877 1
184 877 1
359 878 2
524 878 1
1579 878 1
1580 878 1
26 879 1
1970 879 1
1971 879 1
881 880 1
882 880 1
880 881 1
882 881 1
880 882 1
881 882 1
884 883 1
883 884 1
286 885 2
886 885 4
1275 885 2
1396 885 1
1515 885 1
286 886 2
885 886 4
1275 886 2
1396 886 1
2055 886 1
2056 886 1
2057 886 1
81 887 1
888 887 1
2246 887 1
2247 887 1
2248 887 1
887 888 1
890 889 1
891 889 2
889 890 1
891 890 1
889 891 2
890 891 1
227 892 1
228 892 1
894 893 1
895 893 2
1649 893 1
893 894 1
895 894 1
893 895 2
894 895 1
1649 895 1
897 896 1
896 897 1
899 898 1
900 898 1
898 899 1
900 899 1
898 900 1
899 900 1
253 901 1
902 901 1
253 902 1
901 902 1
239 903 5
907 903 1
2029 903 1
2030 903 1
2031 903 1
2288 903 1
905 904 1
904 905 1
191 906 1
239 907 1
903 907 1
391 908 1
909 908 1
389 909 1
390 909 1
391 909 2
908 909 1
911 910 1
912 910 1
910 911 1
912 911 1
910 912 1
911 912 1
914 913 1
915 913 1
913 914 1
915 914 1
913 915 1
914 915 1
917 916 1
918 916 1
919 916 1
920 916 1
921 916 1
922 916 1
916 917 1
918 917 1
919 917 1
920 917 1
921 917 1
922 917 1
916 918 1
917 918 1
919 918 1
920 918 1
921 918 1
922 918 1
916 919 1
917 919 1
918 919 1
920 919 1
921 919 1
922 919 1
916 920 1
917 920 1
918 920 1
919 920 1
921 920 1
922 920 1
916 921 1
917 921 1
918 921 1
919 921 1
920 921 1
922 921 1
916 922 1
917 922 1
918 922 1
919 922 1
920 922 1
921 922 1
109 923 1
924 923 1
925 923 1
109 924 3
923 924 1
925 924 1
1402 924 1
2151 924 1
109 925 2
923 925 1
924 925 1
156 926 1
928 927 1
927 928 1
241 929 1
43 930 1
241 931 1
681 931 1
932 931 1
241 932 1
681 932 1
931 932 1
40 933 1
111 933 1
161 933 2
934 933 1
40 934 1
111 934 1
161 934 1
933 934 1
241 935 1
1121 935 1
1122 935 1
1123 935 1
1124 935 1
1125 935 1
729 936 1
845 937 1
846 937 1
938 937 1
939 937 1
940 937 1
845 938 1
846 938 1
937 938 1
939 938 1
940 938 1
845 939 1
846 939 1
937 939 1
938 939 1
940 939 1
845 940 1
846 940 1
937 940 1
938 940 1
939 940 1
942 941 1
398 942 1
472 942 1
473 942 1
941 942 1
1597 942 1
1694 942 1
603 943 1
204 944 1
261 944 1
945 944 1
204 945 1
261 945 1
944 945 1
54 946 1
55 946 1
947 946 1
54 947 2
55 947 1
144 947 1
946 947 1
38 948 1
51 948 1
247 948 1
130 949 1
950 949 1
951 949 1
130 950 1
949 950 1
951 950 1
130 951 1
949 951 1
950 951 1
38 952 1
292 952 1
145 953 1
955 954 1
956 954 1
954 955 1
956 955 1
954 956 1
955 956 1
218 957 2
958 957 1
1791 957 1
1792 957 1
1793 957 1
957 958 1
960 959 1
959 960 1
9 961 1
963 962 1
962 963 1
39 964 1
485 965 1
486 965 1
10 966 1
126 966 1
663 966 1
967 966 1
10 967 1
126 967 1
663 967 1
966 967 1
969 968 1
970 968 1
971 968 1
968 969 1
970 969 1
971 969 1
968 970 1
969 970 1
971 970 1
968 971 1
969 971 1
970 971 1
2 972 1
385 973 5
563 974 1
975 974 1
976 974 1
563 975 1
974 975 1
976 975 1
563 976 1
974 976 1
975 976 1
978 977 1
979 977 1
980 977 1
977 978 1
979 978 1
980 978 1
977 979 1
978 979 1
980 979 1
977 980 1
978 980 1
979 980 1
982 981 1
983 981 1
981 982 1
983 982 1
981 983 1
982 983 1
4 984 2
31 984 1
32 984 1
172 984 2
4 985 1
31 985 1
590 985 1
987 986 1
1373 986 2
1374 986 2
986 987 1
820 988 1
989 988 1
820 989 2
988 989 1
991 989 1
222 990 1
820 991 2
989 991 1
1611 991 1
1612 991 1
1613 991 1
993 992 1
994 992 1
992 993 1
994 993 1
992 994 1
993 994 1
212 995 1
996 995 1
212 996 4
995 996 1
1018 996 1
1559 996 1
1692 996 1
170 997 1
422 997 1
423 997 1
424 997 1
425 997 1
426 997 1
269 998 1
999 998 1
269 999 1
998 999 1
120 1000 1
726 1000 1
728 1000 1
166 1001 1
477 1001 1
1002 1001 1
1003 1001 1
1004 1001 1
1005 1001 1
1006 1001 1
166 1002 1
477 1002 1
1001 1002 1
1003 1002 1
1004 1002 1
1005 1002 1
1006 1002 1
166 1003 1
477 1003 1
1001 1003 1
1002 1003 1
1004 1003 1
1005 1003 1
1006 1003 1
166 1004 1
477 1004 1
1001 1004 1
1002 1004 1
1003 1004 1
1005 1004 1
1006 1004 1
1683 1004 1
1684 1004 1
166 1005 1
477 1005 1
1001 1005 1
1002 1005 1
1003 1005 1
1004 1005 1
1006 1005 1
166 1006 1
477 1006 1
1001 1006 1
1002 1006 1
1003 1006 1
1004 1006 1
1005 1006 1
294 1007 3
1010 1007 1
1009 1008 1
1008 1009 1
294 1010 1
1007 1010 1
1012 1011 1
1013 1011 1
1011 1012 1
1013 1012 1
1011 1013 1
1012 1013 1
1015 1014 1
1014 1015 1
346 1016 1
1017 1016 1
346 1017 1
1016 1017 1
212 1018 1
996 1018 1
1020 1019 1
1019 1020 1
4 1021 1
172 1021 1
380 1021 1
457 1021 1
458 1021 1
1023 1022 1
1022 1023 1
1025 1024 1
1024 1025 1
38 1026 1
248 1026 1
270 1026 2
272 1026 1
317 1026 2
1742 1026 1
1028 1027 1
1027 1028 1
270 1029 1
271 1029 1
1030 1029 1
270 1030 1
271 1030 1
1029 1030 1
218 1031 1
452 1031 1
622 1032 1
1033 1032 1
1034 1032 1
622 1033 1
1032 1033 1
1034 1033 1
159 1034 1
622 1034 1
1032 1034 1
1033 1034 1
1403 1034 1
104 1035 1
235 1035 1
277 1035 1
278 1035 1
1037 1036 1
1038 1036 1
1036 1037 1
1038 1037 1
1036 1038 1
1037 1038 1
132 1039 1
291 1039 1
1041 1040 1
1042 1040 1
1043 1040 1
1040 1041 1
1042 1041 1
1043 1041 1
1040 1042 1
1041 1042 1
1043 1042 1
1040 1043 1
1041 1043 1
1042 1043 1
54 1044 1
1045 1044 1
1046 1044 1
54 1045 1
1044 1045 1
1046 1045 1
54 1046 1
1044 1046 1
1045 1046 1
1048 1047 1
1047 1048 1
386 1049 1
613 1049 1
2321 1049 1
2322 1049 1
621 1050 1
1051 1050 1
621 1051 1
1050 1051 1
1053 1052 1
1054 1052 1
1055 1052 1
1056 1052 1
1052 1053 1
1054 1053 1
1055 1053 1
1056 1053 1
1052 1054 1
1053 1054 1
1055 1054 1
1056 1054 1
1052 1055 1
1053 1055 1
1054 1055 1
1056 1055 1
1052 1056 1
1053 1056 1
1054 1056 1
1055 1056 1
153 1057 1
308 1057 1
10 1058 1
147 1058 1
264 1058 2
316 1058 1
582 1058 1
623 1058 1
1200 1058 1
1416 1058 3
1568 1058 1
1570 1058 1
1872 1058 1
1873 1058 1
2206 1058 1
1060 1059 1
1061 1059 1
1059 1060 1
1061 1060 1
1059 1061 1
1060 1061 1
1063 1062 1
1064 1062 1
1062 1063 1
1064 1063 1
1062 1064 1
1063 1064 1
35 1065 3
1067 1066 2
1068 1066 1
1952 1066 1
1953 1066 1
1066 1067 2
1068 1067 1
1066 1068 1
1067 1068 1
1070 1069 1
1069 1070 1
1206 1070 1
1072 1071 1
1073 1071 1
1071 1072 1
1073 1072 1
1071 1073 1
1072 1073 1
1293 1073 1
768 1074 1
770 1074 1
1076 1075 1
1075 1076 1
1116 1076 1
1142 1076 1
1078 1077 1
1079 1077 1
1080 1077 1
1081 1077 1
1077 1078 1
1079 1078 1
1080 1078 1
1081 1078 1
1077 1079 1
1078 1079 1
1080 1079 1
1081 1079 1
1077 1080 1
1078 1080 1
1079 1080 1
1081 1080 1
1077 1081 1
1078 1081 1
1079 1081 1
1080 1081 1
54 1082 1
57 1082 1
407 1083 1
1084 1083 1
1085 1083 1
407 1084 1
1083 1084 1
1085 1084 1
407 1085 1
1083 1085 1
1084 1085 1
1782 1085 1
1783 1085 1
1784 1085 1
1785 1085 1
1786 1085 1
1787 1085 1
1788 1085 1
1789 1085 1
209 1086 1
406 1086 1
1087 1086 1
209 1087 1
406 1087 1
1086 1087 1
129 1088 1
350 1088 1
356 1088 1
449 1088 2
828 1089 1
1090 1089 1
1091 1089 2
1092 1089 1
1089 1090 1
1091 1090 1
1092 1090 1
828 1091 1
1089 1091 2
1090 1091 1
1092 1091 1
1089 1092 1
1090 1092 1
1091 1092 1
768 1093 1
770 1093 1
1095 1094 1
1094 1095 1
1097 1096 1
1098 1096 1
1096 1097 1
1098 1097 3
1606 1097 1
1704 1097 1
1705 1097 1
1706 1097 1
1096 1098 1
1097 1098 3
1606 1098 1
1704 1098 1
1705 1098 1
1706 1098 1
283 1099 1
56 1100 1
233 1100 1
337 1100 1
434 1100 1
1101 1100 2
56 1101 1
233 1101 1
337 1101 1
434 1101 1
1100 1101 2
1103 1102 1
1102 1103 1
156 1104 2
1106 1105 1
1107 1105 1
1108 1105 1
1105 1106 1
1107 1106 1
1108 1106 1
1105 1107 1
1106 1107 1
1108 1107 1
1105 1108 1
1106 1108 1
1107 1108 1
1110 1109 1
1109 1110 1
1112 1111 1
1111 1112 1
294 1113 2
425 1113 2
1114 1113 1
1415 1113 1
294 1114 1
425 1114 1
1113 1114 1
10 1115 1
13 1115 1
43 1115 1
123 1115 1
179 1115 1
294 1116 1
295 1116 1
296 1116 1
1076 1116 1
111 1117 1
315 1117 1
1118 1117 1
111 1118 1
315 1118 1
1117 1118 1
170 1119 1
423 1119 1
426 1119 1
1120 1119 1
170 1120 1
423 1120 1
426 1120 1
1119 1120 1
935 1121 1
1122 1121 1
1123 1121 1
1124 1121 1
1125 1121 1
935 1122 1
1121 1122 1
1123 1122 1
1124 1122 1
1125 1122 1
935 1123 1
1121 1123 1
1122 1123 1
1124 1123 1
1125 1123 1
935 1124 1
1121 1124 1
1122 1124 1
1123 1124 1
1125 1124 1
935 1125 1
1121 1125 1
1122 1125 1
1123 1125 1
1124 1125 1
140 1126 3
356 1126 1
448 1126 1
1128 1126 1
122 1127 1
299 1127 1
140 1128 1
1126 1128 1
214 1129 1
215 1129 1
303 1129 1
1130 1129 1
214 1130 1
215 1130 1
303 1130 1
1129 1130 1
416 1131 2
1132 1131 1
416 1132 1
1131 1132 1
214 1133 1
303 1133 1
1135 1134 1
1134 1135 1
56 1136 1
175 1137 1
422 1137 7
423 1137 3
424 1137 4
425 1137 3
426 1137 7
428 1137 1
637 1137 1
1138 1137 1
1139 1137 1
1140 1137 1
1648 1137 1
1775 1137 1
422 1138 1
423 1138 1
426 1138 1
1137 1138 1
1139 1138 1
1140 1138 1
422 1139 1
423 1139 1
426 1139 1
1137 1139 1
1138 1139 1
1140 1139 1
422 1140 1
423 1140 1
426 1140 1
1137 1140 1
1138 1140 1
1139 1140 1
163 1141 1
1076 1142 1
79 1143 2
1144 1143 2
79 1144 2
1143 1144 2
1595 1145 1
38 1146 1
105 1146 1
292 1146 1
566 1147 1
401 1148 1
1149 1148 1
1150 1148 1
401 1149 1
1148 1149 1
1150 1149 1
401 1150 1
1148 1150 1
1149 1150 1
54 1151 1
57 1151 1
153 1151 1
1153 1152 1
1152 1153 1
54 1154 1
57 1154 1
301 1154 1
865 1154 1
1155 1154 1
54 1155 1
57 1155 1
301 1155 1
569 1155 1
865 1155 1
1154 1155 1
1864 1155 1
1865 1155 1
362 1156 1
1157 1156 1
362 1157 1
1156 1157 1
39 1158 1
55 1158 1
57 1158 1
274 1158 1
393 1158 1
717 1159 1
1160 1159 1
717 1160 1
1159 1160 1
39 1161 1
57 1161 1
393 1161 1
1162 1161 1
39 1162 1
57 1162 1
393 1162 1
1161 1162 1
846 1163 1
1164 1163 1
1165 1163 1
846 1164 1
1163 1164 1
1165 1164 1
846 1165 1
1163 1165 1
1164 1165 1
1167 1166 1
1166 1167 1
137 1168 1
748 1169 1
1170 1169 1
748 1170 1
1169 1170 1
1172 1171 1
1171 1172 1
226 1173 1
242 1174 1
1175 1174 1
1176 1174 1
1177 1174 1
242 1175 2
1174 1175 1
1176 1175 1
1177 1175 1
2217 1175 1
2257 1175 1
2342 1175 1
242 1176 1
1174 1176 1
1175 1176 1
1177 1176 1
242 1177 1
1174 1177 1
1175 1177 1
1176 1177 1
197 1178 1
321 1178 1
1180 1179 1
1181 1179 1
1179 1180 1
1181 1180 1
1179 1181 1
1180 1181 1
164 1182 1
318 1182 1
361 1182 1
1183 1182 1
164 1183 1
318 1183 1
361 1183 1
1182 1183 1
52 1184 1
164 1185 1
318 1185 1
319 1185 1
1187 1186 1
1186 1187 1
336 1188 2
1189 1188 2
1239 1188 1
1240 1188 1
1241 1188 1
1242 1188 1
1243 1188 1
1244 1188 1
336 1189 2
1188 1189 2
1239 1189 1
1240 1189 1
1241 1189 1
1242 1189 1
1243 1189 1
1244 1189 1
1191 1190 1
1192 1190 1
1193 1190 1
1190 1191 1
1192 1191 1
1193 1191 1
1190 1192 1
1191 1192 1
1193 1192 1
1190 1193 1
1191 1193 1
1192 1193 1
1195 1194 1
1196 1194 1
1197 1194 1
1198 1194 1
1194 1195 1
1196 1195 1
1197 1195 1
1198 1195 1
1194 1196 1
1195 1196 1
1197 1196 1
1198 1196 1
1194 1197 1
1195 1197 1
1196 1197 1
1198 1197 1
1194 1198 1
1195 1198 1
1196 1198 1
1197 1198 1
56 1199 2
10 1200 1
264 1200 1
1058 1200 1
1202 1201 1
1201 1202 1
1204 1203 1
1205 1203 1
1203 1204 1
1205 1204 1
1203 1205 1
1204 1205 1
1070 1206 1
8 1207 1
78 1207 1
491 1207 1
1209 1208 1
1210 1208 1
1208 1209 1
1210 1209 1
1208 1210 1
1209 1210 1
241 1211 1
681 1211 1
219 1212 1
62 1213 1
1215 1214 1
1214 1215 1
1217 1216 1
1216 1217 1
173 1218 1
377 1218 1
1219 1218 1
1220 1218 1
173 1219 1
377 1219 1
1218 1219 1
1220 1219 1
173 1220 1
377 1220 1
1218 1220 1
1219 1220 1
262 1221 1
1222 1221 1
262 1222 1
1221 1222 1
1224 1223 1
424 1224 1
1223 1224 1
1888 1224 1
1889 1224 1
98 1225 1
768 1225 1
1226 1225 1
98 1226 1
768 1226 1
1225 1226 1
1228 1227 1
1229 1227 1
1227 1228 1
1229 1228 1
1227 1229 1
1228 1229 1
447 1230 1
2227 1230 1
1232 1231 1
1233 1231 1
1231 1232 1
1233 1232 1
1231 1233 1
1232 1233 1
5 1234 1
1235 1234 1
5 1235 2
1234 1235 1
439 1236 1
524 1236 1
1238 1237 1
1237 1238 1
336 1239 1
1188 1239 1
1189 1239 1
1240 1239 1
1241 1239 1
1242 1239 1
1243 1239 1
1244 1239 1
336 1240 1
1188 1240 1
1189 1240 1
1239 1240 1
1241 1240 1
1242 1240 1
1243 1240 1
1244 1240 1
336 1241 1
1188 1241 1
1189 1241 1
1239 1241 1
1240 1241 1
1242 1241 1
1243 1241 1
1244 1241 1
336 1242 1
1188 1242 1
1189 1242 1
1239 1242 1
1240 1242 1
1241 1242 1
1243 1242 1
1244 1242 1
336 1243 1
1188 1243 1
1189 1243 1
1239 1243 1
1240 1243 1
1241 1243 1
1242 1243 1
1244 1243 1
336 1244 1
1188 1244 1
1189 1244 1
1239 1244 1
1240 1244 1
1241 1244 1
1242 1244 1
1243 1244 1
258 1245 1
259 1245 1
260 1245 1
330 1246 1
1247 1246 1
1248 1246 1
330 1247 1
1246 1247 1
1248 1247 1
330 1248 1
1246 1248 1
1247 1248 1
1250 1249 1
1249 1250 1
210 1251 1
222 1251 1
142 1252 1
274 1252 1
176 1253 1
177 1253 1
131 1254 1
1255 1254 1
131 1255 1
1254 1255 1
567 1256 1
1257 1256 1
567 1257 1
1256 1257 1
220 1258 1
1260 1259 1
1261 1259 1
1259 1260 1
1261 1260 1
1259 1261 1
1260 1261 1
822 1262 1
1263 1262 1
1264 1262 1
822 1263 1
1262 1263 1
1264 1263 1
822 1264 1
1262 1264 1
1263 1264 1
111 1265 1
425 1266 1
459 1266 1
572 1266 1
677 1266 3
1267 1266 1
1880 1266 2
425 1267 1
677 1267 1
1266 1267 1
425 1268 1
677 1268 1
1270 1269 1
1271 1269 1
1269 1270 1
1271 1270 1
2326 1270 1
2327 1270 1
1269 1271 1
1270 1271 1
1273 1272 1
1274 1272 1
1272 1273 1
1274 1273 1
1272 1274 1
1273 1274 1
286 1275 1
885 1275 2
886 1275 2
190 1276 1
207 1276 2
1278 1277 1
1279 1277 1
1280 1277 1
1281 1277 1
1277 1278 1
1279 1278 1
1280 1278 1
1281 1278 1
1277 1279 1
1278 1279 1
1280 1279 1
1281 1279 1
1277 1280 1
1278 1280 1
1279 1280 1
1281 1280 1
1277 1281 1
1278 1281 1
1279 1281 1
1280 1281 1
1283 1282 1
1284 1282 1
1285 1282 1
1282 1283 1
1284 1283 1
1285 1283 1
1282 1284 1
1283 1284 1
1285 1284 1
1282 1285 1
1283 1285 1
1284 1285 1
221 1286 1
1287 1286 1
221 1287 1
1286 1287 1
1289 1288 1
1290 1288 1
1288 1289 1
1290 1289 1
1288 1290 1
1289 1290 1
1292 1291 1
1291 1292 1
1073 1293 1
1295 1294 1
1296 1294 1
1297 1294 1
1298 1294 1
1299 1294 1
1300 1294 1
1301 1294 1
1302 1294 1
1303 1294 1
1294 1295 1
1296 1295 1
1297 1295 1
1298 1295 1
1299 1295 1
1300 1295 1
1301 1295 1
1302 1295 1
1303 1295 1
1294 1296 1
1295 1296 1
1297 1296 1
1298 1296 1
1299 1296 1
1300 1296 1
1301 1296 1
1302 1296 1
1303 1296 1
1294 1297 1
1295 1297 1
1296 1297 1
1298 1297 1
1299 1297 1
1300 1297 1
1301 1297 1
1302 1297 1
1303 1297 1
1294 1298 1
1295 1298 1
1296 1298 1
1297 1298 1
1299 1298 1
1300 1298 1
1301 1298 1
1302 1298 1
1303 1298 1
1294 1299 1
1295 1299 1
1296 1299 1
1297 1299 1
1298 1299 1
1300 1299 1
1301 1299 1
1302 1299 1
1303 1299 1
1294 1300 1
1295 1300 1
1296 1300 1
1297 1300 1
1298 1300 1
1299 1300 1
1301 1300 1
1302 1300 1
1303 1300 1
1294 1301 1
1295 1301 1
1296 1301 1
1297 1301 1
1298 1301 1
1299 1301 1
1300 1301 1
1302 1301 1
1303 1301 1
1294 1302 1
1295 1302 1
1296 1302 1
1297 1302 1
1298 1302 1
1299 1302 1
1300 1302 1
1301 1302 1
1303 1302 1
1294 1303 1
1295 1303 1
1296 1303 1
1297 1303 1
1298 1303 1
1299 1303 1
1300 1303 1
1301 1303 1
1302 1303 1
189 1304 1
1305 1304 1
189 1305 1
1304 1305 1
75 1306 1
1308 1307 1
1309 1307 1
1307 1308 1
1309 1308 1
1307 1309 1
1308 1309 1
170 1310 3
230 1310 1
301 1310 1
425 1310 1
426 1310 5
427 1310 1
460 1310 2
464 1310 1
488 1310 1
489 1310 1
499 1310 1
568 1310 2
1311 1310 1
1614 1310 1
1771 1310 1
1772 1310 1
170 1311 1
230 1311 1
426 1311 1
568 1311 1
1310 1311 1
273 1312 2
515 1312 1
2165 1312 1
39 1313 1
1314 1313 1
1315 1313 1
1313 1314 1
1315 1314 1
1313 1315 1
1314 1315 1
13 1316 1
121 1316 1
368 1316 1
379 1316 1
1845 1316 1
205 1317 1
206 1317 1
371 1317 1
1319 1318 1
1318 1319 1
1321 1320 1
1320 1321 1
346 1322 2
369 1322 2
1323 1322 1
1324 1322 2
346 1323 1
369 1323 1
1322 1323 1
1324 1323 1
346 1324 2
369 1324 2
1322 1324 2
1323 1324 1
132 1325 1
1326 1325 1
132 1326 1
1325 1326 1
1328 1327 1
1327 1328 1
452 1329 1
453 1329 1
567 1329 3
1330 1329 3
1331 1329 1
452 1330 1
453 1330 1
567 1330 3
1329 1330 3
1331 1330 1
452 1331 1
453 1331 1
567 1331 1
1329 1331 1
1330 1331 1
1333 1332 1
1334 1332 1
1332 1333 1
1334 1333 1
1332 1334 1
1333 1334 1
230 1335 2
231 1335 1
1336 1335 2
230 1336 2
231 1336 1
1335 1336 2
633 1337 1
497 1338 2
1339 1338 1
1340 1338 1
1341 1338 1
366 1339 1
497 1339 1
529 1339 1
1338 1339 1
1720 1339 1
497 1340 1
1338 1340 1
1341 1340 1
497 1341 1
1338 1341 1
1340 1341 1
1343 1342 1
1344 1342 1
1342 1343 1
1344 1343 1
1342 1344 1
1343 1344 1
1346 1345 1
1347 1345 1
1348 1345 1
1345 1346 1
1347 1346 1
1348 1346 1
1345 1347 1
1346 1347 1
1348 1347 1
1345 1348 1
1346 1348 1
1347 1348 1
1350 1349 1
1349 1350 1
1411 1350 1
1717 1350 1
1718 1350 1
2178 1350 1
2179 1350 1
1352 1351 1
1353 1351 1
1351 1352 1
1353 1352 1
1351 1353 1
1352 1353 1
191 1354 1
149 1355 1
150 1355 1
126 1356 1
1358 1357 1
1357 1358 1
1360 1359 1
1361 1359 2
1362 1359 2
1359 1360 1
1361 1360 1
1362 1360 1
1359 1361 2
1360 1361 1
1362 1361 2
1359 1362 2
1360 1362 1
1361 1362 2
813 1363 1
1364 1363 1
813 1364 1
1363 1364 1
1366 1365 1
1367 1365 1
1365 1366 1
1367 1366 1
1365 1367 1
1366 1367 1
351 1368 1
354 1368 1
373 1369 1
1370 1369 1
373 1370 1
1369 1370 1
387 1371 1
388 1371 1
1372 1371 1
387 1372 1
388 1372 1
1371 1372 1
986 1373 2
1374 1373 2
986 1374 2
1373 1374 2
1376 1375 1
1375 1376 1
401 1377 1
44 1378 1
39 1379 1
393 1379 2
399 1379 2
400 1379 2
1380 1379 1
2437 1379 1
393 1380 1
399 1380 1
400 1380 1
1379 1380 1
39 1381 1
274 1381 1
412 1382 1
1383 1382 1
412 1383 1
1382 1383 1
393 1384 1
426 1384 2
627 1384 1
1385 1384 1
1386 1384 1
1387 1384 2
1484 1384 1
1719 1384 2
2159 1384 2
2160 1384 2
1384 1385 1
1386 1385 1
1387 1385 1
1384 1386 1
1385 1386 1
1387 1386 1
627 1387 1
1384 1387 2
1385 1387 1
1386 1387 1
1484 1387 1
452 1388 1
453 1388 1
38 1389 1
402 1389 1
1390 1389 1
38 1390 1
402 1390 1
1389 1390 1
1392 1391 1
1393 1391 1
1391 1392 1
1393 1392 1
1391 1393 1
1392 1393 1
284 1394 1
287 1394 1
335 1394 1
1395 1394 1
284 1395 1
287 1395 1
335 1395 1
1394 1395 1
885 1396 1
886 1396 1
478 1397 1
1398 1397 1
478 1398 1
1397 1398 1
132 1399 2
855 1399 2
627 1400 1
162 1401 1
163 1401 1
109 1402 1
924 1402 1
159 1403 2
1034 1403 1
2286 1403 1
339 1404 1
45 1405 1
1406 1405 1
1407 1405 1
45 1406 1
1405 1406 1
1407 1406 1
45 1407 1
1405 1407 1
1406 1407 1
1409 1408 1
1408 1409 1
1781 1409 1
1411 1410 1
1350 1411 1
1410 1411 1
2178 1411 1
2179 1411 1
1413 1412 1
1414 1412 1
1412 1413 1
1414 1413 1
1412 1414 1
1413 1414 1
294 1415 1
425 1415 2
1113 1415 1
1975 1415 1
147 1416 1
316 1416 1
419 1416 1
582 1416 1
623 1416 2
1058 1416 3
1417 1416 1
1567 1416 1
1568 1416 2
1569 1416 1
1570 1416 2
1872 1416 1
1873 1416 1
2206 1416 1
419 1417 1
1416 1417 1
359 1418 1
1419 1418 1
359 1419 1
1418 1419 1
1421 1420 1
1420 1421 1
526 1422 1
1424 1423 1
1423 1424 1
249 1425 2
1429 1425 1
450 1426 1
1427 1426 1
1428 1426 1
450 1427 1
1426 1427 1
1428 1427 1
450 1428 1
1426 1428 1
1427 1428 1
249 1429 1
1425 1429 1
397 1430 1
80 1431 1
546 1431 2
581 1431 1
1432 1431 2
1534 1431 1
80 1432 1
546 1432 2
581 1432 1
1431 1432 2
1534 1432 1
313 1433 1
441 1434 1
1435 1434 1
1436 1434 1
1437 1434 1
441 1435 1
1434 1435 1
1436 1435 1
1437 1435 1
441 1436 1
1434 1436 1
1435 1436 1
1437 1436 1
441 1437 1
1434 1437 1
1435 1437 1
1436 1437 1
1439 1438 1
1438 1439 1
41 1440 1
361 1440 2
1441 1440 2
1502 1440 1
41 1441 1
361 1441 3
1440 1441 2
1502 1441 1
1757 1441 1
452 1442 1
453 1442 1
13 1443 1
1444 1443 1
13 1444 1
1443 1444 1
347 1445 1
1446 1445 1
347 1446 1
1445 1446 1
439 1447 2
440 1447 1
442 1447 1
524 1447 1
1448 1447 1
1449 1447 1
1799 1447 1
439 1448 1
440 1448 1
524 1448 1
1447 1448 1
1449 1448 1
439 1449 1
440 1449 1
524 1449 1
1447 1449 1
1448 1449 1
54 1450 1
454 1450 1
1451 1450 1
54 1451 1
454 1451 1
1450 1451 1
1453 1452 1
1452 1453 1
422 1454 1
423 1454 1
425 1454 1
426 1454 1
1455 1454 1
422 1455 1
423 1455 1
425 1455 1
426 1455 1
1454 1455 1
837 1456 2
1458 1457 2
1459 1457 1
1460 1457 1
1461 1457 1
1457 1458 2
1459 1458 1
1460 1458 1
1461 1458 1
1457 1459 1
1458 1459 1
1460 1459 1
1457 1460 1
1458 1460 1
1459 1460 1
1457 1461 1
1458 1461 1
1463 1462 1
1464 1462 1
1462 1463 1
1464 1463 1
1462 1464 1
1463 1464 1
1466 1465 1
1467 1465 1
1465 1466 1
1467 1466 1
1465 1467 1
1466 1467 1
122 1468 1
199 1468 1
375 1468 2
462 1468 1
489 1468 3
504 1468 1
505 1468 1
557 1468 1
1469 1468 1
2218 1468 1
2219 1468 1
375 1469 1
489 1469 1
557 1469 1
1468 1469 1
642 1470 1
1471 1470 1
642 1471 2
1470 1471 1
1536 1471 1
45 1472 1
1474 1473 1
2328 1473 1
2329 1473 1
2330 1473 1
1473 1474 1
1476 1475 3
1475 1476 3
38 1477 3
105 1477 1
402 1477 2
513 1477 1
1514 1477 1
1644 1477 1
1645 1477 1
6 1478 1
116 1478 1
1479 1478 1
6 1479 1
116 1479 1
1478 1479 1
819 1480 1
1481 1480 1
1482 1480 1
819 1481 1
1480 1481 1
1482 1481 1
698 1482 1
819 1482 1
1480 1482 1
1481 1482 1
1655 1482 1
1656 1482 1
1917 1482 1
1918 1482 1
141 1483 1
627 1484 1
1384 1484 1
1387 1484 1
1486 1485 1
1487 1485 1
1485 1486 1
1487 1486 2
1638 1486 1
1485 1487 1
1486 1487 2
1638 1487 1
308 1488 1
413 1489 1
1490 1489 1
1491 1489 1
413 1490 1
1489 1490 1
1491 1490 1
413 1491 1
1489 1491 1
1490 1491 1
608 1492 1
609 1492 1
610 1492 1
1493 1492 1
608 1493 1
609 1493 1
610 1493 1
1492 1493 1
726 1494 1
728 1494 1
1495 1494 1
1496 1494 1
1497 1494 1
726 1495 1
728 1495 1
1494 1495 1
1496 1495 1
1497 1495 1
726 1496 2
728 1496 2
1494 1496 1
1495 1496 1
1497 1496 1
1890 1496 1
726 1497 1
728 1497 1
1494 1497 1
1495 1497 1
1496 1497 1
1499 1498 1
1500 1498 1
1501 1498 1
1498 1499 1
1500 1499 1
1501 1499 1
1498 1500 1
1499 1500 1
1501 1500 1
1498 1501 1
1499 1501 1
1500 1501 1
41 1502 1
361 1502 1
1440 1502 1
1441 1502 1
411 1503 1
163 1504 1
1505 1504 1
163 1505 1
1504 1505 1
7 1506 1
8 1506 1
90 1507 1
113 1507 1
519 1507 1
542 1508 1
543 1508 1
670 1508 1
4 1509 1
831 1509 1
1511 1510 1
1512 1510 1
1513 1510 1
1510 1511 1
1512 1511 1
1513 1511 1
1510 1512 1
1511 1512 1
1513 1512 1
1510 1513 1
1511 1513 1
1512 1513 1
38 1514 1
105 1514 1
402 1514 1
513 1514 1
1477 1514 1
885 1515 1
164 1516 1
318 1516 1
1518 1517 1
1517 1518 1
1520 1519 1
1519 1520 1
1746 1521 1
1523 1522 1
1524 1522 1
1525 1522 1
1522 1523 1
1524 1523 1
1525 1523 1
1522 1524 1
1523 1524 1
1525 1524 1
1522 1525 1
1523 1525 1
1524 1525 1
225 1526 1
146 1527 1
36 1528 1
37 1528 1
39 1528 1
547 1528 1
1529 1528 1
36 1529 1
37 1529 1
39 1529 1
547 1529 1
1528 1529 1
1531 1530 1
1532 1530 1
1530 1531 1
1532 1531 1
1530 1532 1
1531 1532 1
561 1533 1
80 1534 2
117 1534 1
351 1534 1
546 1534 2
858 1534 1
1431 1534 1
1432 1534 1
1535 1534 1
1617 1534 1
80 1535 1
117 1535 1
546 1535 1
1534 1535 1
642 1536 1
1471 1536 1
55 1537 1
408 1537 1
480 1537 1
1538 1537 1
55 1538 1
408 1538 1
480 1538 1
1537 1538 1
334 1539 1
1540 1539 1
1541 1539 1
1542 1539 1
334 1540 1
1539 1540 1
1541 1540 1
1542 1540 1
334 1541 1
1539 1541 1
1540 1541 1
1542 1541 1
334 1542 1
1539 1542 1
1540 1542 1
1541 1542 1
803 1543 2
422 1544 1
423 1544 1
425 1544 1
426 1544 1
754 1545 1
1547 1546 1
1548 1546 1
1549 1546 1
1550 1546 1
626 1547 1
1546 1547 1
1548 1547 1
1549 1547 1
1550 1547 1
1827 1547 1
1828 1547 1
1546 1548 1
1547 1548 1
1549 1548 1
1550 1548 1
1546 1549 1
1547 1549 1
1548 1549 1
1550 1549 1
1546 1550 1
1547 1550 1
1548 1550 1
1549 1550 1
279 1551 1
1552 1551 1
279 1552 1
1551 1552 1
154 1553 1
300 1553 1
596 1553 1
1555 1554 1
1554 1555 1
1609 1555 1
1913 1555 1
1914 1555 1
39 1556 1
129 1557 1
137 1557 1
656 1557 1
1 1558 1
212 1559 1
996 1559 1
586 1560 1
1562 1561 2
1563 1561 1
1680 1561 1
1681 1561 1
1561 1562 2
1563 1562 1
1680 1562 1
1681 1562 1
1561 1563 1
1562 1563 1
156 1564 1
332 1565 1
1566 1565 1
332 1566 1
571 1566 1
1565 1566 1
623 1567 1
1416 1567 1
1568 1567 1
1569 1567 1
1570 1567 1
623 1568 1
1058 1568 1
1416 1568 2
1567 1568 1
1569 1568 1
1570 1568 2
623 1569 1
1416 1569 1
1567 1569 1
1568 1569 1
1570 1569 1
623 1570 1
1058 1570 1
1416 1570 2
1567 1570 1
1568 1570 2
1569 1570 1
556 1571 1
1573 1572 1
1574 1572 1
1575 1572 1
1572 1573 1
1574 1573 1
1575 1573 1
1572 1574 1
1573 1574 1
1575 1574 1
1572 1575 1
1573 1575 1
1574 1575 1
1577 1576 1
1576 1577 1
52 1578 2
1940 1578 1
1941 1578 1
359 1579 1
524 1579 1
878 1579 1
1580 1579 1
359 1580 1
524 1580 1
878 1580 1
1579 1580 1
1582 1581 1
1581 1582 1
561 1583 1
1584 1583 1
561 1584 1
1583 1584 1
1814 1584 1
1815 1584 1
1816 1584 1
50 1585 1
194 1585 1
232 1585 1
481 1585 1
1586 1585 1
1596 1585 1
50 1586 1
194 1586 1
481 1586 1
1585 1586 1
48 1587 1
66 1588 1
129 1588 1
532 1588 1
274 1589 1
1590 1589 1
1591 1589 1
1592 1589 1
274 1590 1
1589 1590 1
1591 1590 1
1592 1590 1
274 1591 1
1589 1591 1
1590 1591 1
1592 1591 1
274 1592 1
1589 1592 1
1590 1592 1
1591 1592 1
200 1593 1
1594 1593 1
200 1594 1
1593 1594 1
1145 1595 1
232 1596 1
1585 1596 1
398 1597 1
942 1597 1
1599 1598 1
1600 1598 2
1762 1598 1
1598 1599 1
1600 1599 1
1598 1600 2
1599 1600 1
1762 1600 1
1602 1601 1
1603 1601 1
1604 1601 1
1605 1601 1
1601 1602 1
1603 1602 1
1604 1602 1
1605 1602 1
1601 1603 1
1602 1603 1
1604 1603 1
1605 1603 1
1601 1604 1
1602 1604 1
1603 1604 1
1605 1604 1
1601 1605 1
1602 1605 1
1603 1605 1
1604 1605 1
1097 1606 1
1098 1606 1
56 1607 1
438 1607 1
561 1608 1
645 1608 1
359 1609 1
1555 1609 1
1913 1609 1
1914 1609 1
198 1610 2
820 1611 1
991 1611 1
1612 1611 1
1613 1611 1
820 1612 1
991 1612 1
1611 1612 1
1613 1612 1
820 1613 1
991 1613 1
1611 1613 1
1612 1613 1
426 1614 1
460 1614 1
568 1614 1
1310 1614 1
1616 1615 1
1615 1616 1
351 1617 1
858 1617 1
1534 1617 1
55 1618 1
408 1618 1
480 1618 1
619 1618 1
66 1619 1
367 1619 1
294 1620 1
1621 1620 1
1622 1620 1
1623 1620 1
294 1621 1
1620 1621 1
1622 1621 1
1623 1621 1
294 1622 1
1620 1622 1
1621 1622 1
1623 1622 1
294 1623 1
1620 1623 1
1621 1623 1
1622 1623 1
1625 1624 1
1626 1624 1
1627 1624 1
1628 1624 1
1629 1624 1
1624 1625 1
1626 1625 1
1627 1625 1
1628 1625 1
1629 1625 1
1624 1626 1
1625 1626 1
1627 1626 1
1628 1626 1
1629 1626 1
1624 1627 1
1625 1627 1
1626 1627 1
1628 1627 1
1629 1627 1
1624 1628 1
1625 1628 1
1626 1628 1
1627 1628 1
1629 1628 1
1624 1629 1
1625 1629 1
1626 1629 1
1627 1629 1
1628 1629 1
547 1630 1
583 1630 1
1631 1630 1
547 1631 1
583 1631 1
1630 1631 1
494 1632 1
346 1633 2
445 1633 1
35 1634 1
1635 1634 1
35 1635 1
1634 1635 1
25 1636 1
54 1637 1
297 1637 1
1486 1638 1
1487 1638 1
171 1639 1
57 1640 1
1641 1640 1
1642 1640 1
1643 1640 1
57 1641 1
1640 1641 1
1642 1641 1
1643 1641 1
57 1642 1
1640 1642 1
1641 1642 1
1643 1642 1
57 1643 1
1640 1643 1
1641 1643 1
1642 1643 1
38 1644 1
1477 1644 1
1645 1644 1
38 1645 1
1477 1645 1
1644 1645 1
657 1646 1
1647 1646 1
657 1647 1
1646 1647 1
175 1648 1
422 1648 1
423 1648 1
426 1648 1
1137 1648 1
893 1649 1
895 1649 1
366 1650 1
1651 1650 1
366 1651 1
1650 1651 1
139 1652 1
197 1652 2
545 1652 1
1653 1652 1
1654 1652 1
1945 1652 1
139 1653 3
197 1653 3
545 1653 1
1652 1653 1
1654 1653 2
1765 1653 1
139 1654 2
197 1654 2
545 1654 1
1652 1654 1
1653 1654 2
698 1655 1
1482 1655 1
1656 1655 1
698 1656 1
1482 1656 1
1655 1656 1
168 1657 1
169 1657 1
199 1657 1
1658 1657 1
1659 1657 1
168 1658 1
169 1658 1
199 1658 1
1657 1658 1
1659 1658 1
168 1659 1
169 1659 1
199 1659 1
1657 1659 1
1658 1659 1
451 1660 1
83 1661 1
102 1661 1
192 1662 1
327 1662 1
1663 1662 1
1664 1662 1
192 1663 1
327 1663 1
1662 1663 1
1664 1663 1
192 1664 1
327 1664 1
1662 1664 1
1663 1664 1
347 1665 1
578 1665 1
579 1665 1
151 1666 1
152 1666 1
273 1667 1
501 1667 1
1669 1668 1
1670 1668 1
1668 1669 1
1670 1669 1
1668 1670 1
1669 1670 1
1672 1671 1
1673 1671 1
1674 1671 1
1671 1672 1
1673 1672 1
1674 1672 1
1671 1673 1
1672 1673 1
1674 1673 1
1671 1674 1
1672 1674 1
1673 1674 1
39 1675 2
54 1675 4
144 1675 3
298 1675 2
653 1675 1
654 1675 1
660 1675 1
61 1676 1
518 1676 1
1677 1676 1
1678 1676 1
2176 1676 1
2177 1676 1
1676 1677 1
1678 1677 1
1676 1678 1
1677 1678 1
38 1679 1
463 1679 1
1561 1680 1
1562 1680 1
1681 1680 1
1561 1681 1
1562 1681 1
1680 1681 1
571 1682 1
655 1682 1
1004 1683 1
1684 1683 1
1004 1684 1
1683 1684 1
561 1685 3
633 1685 1
1823 1685 1
1824 1685 1
2287 1685 1
182 1686 1
490 1686 1
1687 1686 1
182 1687 1
490 1687 1
1686 1687 1
326 1688 1
396 1688 1
227 1689 2
1690 1689 1
2292 1689 1
227 1690 1
1689 1690 1
485 1691 1
486 1691 1
212 1692 1
996 1692 1
23 1693 3
338 1693 1
942 1694 1
431 1695 1
1696 1695 1
1697 1695 1
431 1696 1
1695 1696 1
1697 1696 1
431 1697 1
1695 1697 1
1696 1697 1
1699 1698 1
1700 1698 1
1701 1698 1
1698 1699 1
1700 1699 1
1701 1699 1
1698 1700 1
1699 1700 1
1701 1700 1
1698 1701 1
1699 1701 1
1700 1701 1
227 1702 1
1703 1702 1
227 1703 1
1702 1703 1
1097 1704 1
1098 1704 1
1705 1704 1
1706 1704 1
1097 1705 1
1098 1705 1
1704 1705 1
1706 1705 1
1097 1706 1
1098 1706 1
1704 1706 1
1705 1706 1
532 1707 1
533 1707 1
484 1708 1
850 1708 1
1709 1708 1
484 1709 1
850 1709 1
1708 1709 1
1711 1710 1
1712 1710 1
1710 1711 1
1712 1711 1
1710 1712 1
1711 1712 1
111 1713 1
588 1713 1
1715 1714 1
1716 1714 1
1714 1715 1
1716 1715 1
1714 1716 1
1715 1716 1
1350 1717 1
1718 1717 1
1350 1718 1
1717 1718 1
393 1719 1
422 1719 1
423 1719 1
425 1719 1
426 1719 3
1384 1719 2
2159 1719 2
2160 1719 2
366 1720 1
529 1720 1
1339 1720 1
129 1721 1
137 1721 1
1722 1721 1
129 1722 1
137 1722 1
1721 1722 1
581 1723 1
603 1724 1
1725 1724 1
603 1725 1
1724 1725 1
1727 1726 1
1726 1727 1
280 1728 1
434 1728 1
620 1728 2
1729 1728 2
1730 1728 1
280 1729 1
434 1729 1
620 1729 2
1728 1729 2
1730 1729 1
280 1730 1
620 1730 1
1728 1730 1
1729 1730 1
1732 1731 1
1733 1731 1
1731 1732 1
1733 1732 1
416 1733 1
1731 1733 1
1732 1733 1
1900 1733 1
1901 1733 1
1902 1733 1
1735 1734 1
1736 1734 1
1734 1735 1
1736 1735 1
1734 1736 1
1735 1736 1
122 1737 1
1739 1738 1
1740 1738 1
1741 1738 1
1738 1739 1
1740 1739 1
1741 1739 1
1738 1740 1
1739 1740 1
1741 1740 1
1738 1741 1
1739 1741 1
1740 1741 1
270 1742 2
317 1742 1
1026 1742 1
1744 1743 1
1745 1743 1
1743 1744 1
1745 1744 1
1743 1745 1
1744 1745 1
1521 1746 1
495 1747 1
1748 1747 1
1749 1747 1
495 1748 1
1747 1748 1
1749 1748 1
495 1749 1
1747 1749 1
1748 1749 1
1751 1750 1
1750 1751 1
2035 1751 1
2036 1751 1
2146 1751 1
2147 1751 1
607 1752 1
38 1753 1
463 1753 1
128 1754 1
327 1755 1
1756 1755 1
327 1756 1
1755 1756 1
361 1757 2
1441 1757 1
1911 1757 1
1912 1757 1
280 1758 1
461 1758 1
527 1759 1
178 1760 1
1761 1760 1
178 1761 1
1760 1761 1
1598 1762 1
1600 1762 1
39 1763 1
309 1763 1
311 1763 1
659 1764 2
139 1765 1
197 1765 1
1653 1765 1
726 1766 1
352 1767 1
367 1767 1
1768 1767 1
352 1768 1
367 1768 1
1767 1768 1
214 1769 1
307 1769 1
341 1769 1
1770 1769 1
214 1770 2
307 1770 2
341 1770 2
1769 1770 1
1964 1770 1
1965 1770 1
40 1771 1
426 1771 1
464 1771 2
1310 1771 1
1772 1771 1
426 1772 1
464 1772 1
1310 1772 1
1771 1772 1
6 1773 1
115 1773 1
1774 1773 1
6 1774 1
115 1774 1
1773 1774 1
422 1775 1
424 1775 1
426 1775 1
637 1775 1
1137 1775 1
1777 1776 1
1776 1777 1
1779 1778 1
1778 1779 1
287 1780 1
500 1780 1
1409 1781 1
1085 1782 1
1783 1782 1
1784 1782 1
1785 1782 1
1786 1782 1
1787 1782 1
1788 1782 1
1789 1782 1
1085 1783 1
1782 1783 1
1784 1783 1
1785 1783 1
1786 1783 1
1787 1783 1
1788 1783 1
1789 1783 1
1085 1784 1
1782 1784 1
1783 1784 1
1785 1784 1
1786 1784 1
1787 1784 1
1788 1784 1
1789 1784 1
1085 1785 1
1782 1785 1
1783 1785 1
1784 1785 1
1786 1785 1
1787 1785 1
1788 1785 1
1789 1785 1
1085 1786 1
1782 1786 1
1783 1786 1
1784 1786 1
1785 1786 1
1787 1786 1
1788 1786 1
1789 1786 1
1085 1787 1
1782 1787 1
1783 1787 1
1784 1787 1
1785 1787 1
1786 1787 1
1788 1787 1
1789 1787 1
1085 1788 1
1782 1788 1
1783 1788 1
1784 1788 1
1785 1788 1
1786 1788 1
1787 1788 1
1789 1788 1
1085 1789 1
1782 1789 1
1783 1789 1
1784 1789 1
1785 1789 1
1786 1789 1
1787 1789 1
1788 1789 1
223 1790 1
218 1791 1
957 1791 1
1792 1791 1
1793 1791 1
218 1792 1
957 1792 1
1791 1792 1
1793 1792 1
218 1793 1
957 1793 1
1791 1793 1
1792 1793 1
1795 1794 1
1794 1795 1
1797 1796 1
1796 1797 1
263 1798 1
594 1798 1
439 1799 1
442 1799 1
1447 1799 1
54 1800 1
660 1800 1
868 1801 1
1802 1801 1
868 1802 1
1801 1802 1
235 1803 1
841 1803 1
208 1804 2
606 1804 2
1805 1804 1
2213 1804 1
2214 1804 1
208 1805 1
606 1805 1
1804 1805 1
1807 1806 2
1808 1806 1
1809 1806 1
1806 1807 2
1808 1807 1
1809 1807 1
1806 1808 1
1807 1808 1
1809 1808 1
1806 1809 1
1807 1809 1
1808 1809 1
1811 1810 1
1810 1811 1
223 1812 1
243 1813 1
302 1813 1
530 1813 1
558 1813 1
1584 1814 1
1815 1814 1
1816 1814 1
1584 1815 1
1814 1815 1
1816 1815 1
1584 1816 1
1814 1816 1
1815 1816 1
1818 1817 1
1817 1818 1
327 1819 1
443 1819 1
1821 1820 1
1822 1820 2
1820 1821 1
1822 1821 1
1820 1822 2
1821 1822 1
561 1823 2
1685 1823 1
1824 1823 2
561 1824 2
1685 1824 1
1823 1824 2
1826 1825 1
1825 1826 1
626 1827 1
1547 1827 1
1828 1827 1
626 1828 1
1547 1828 1
1827 1828 1
4 1829 1
831 1829 1
1830 1829 1
4 1830 1
831 1830 1
1829 1830 1
325 1831 1
425 1831 1
498 1831 1
1832 1831 1
1833 1831 1
1834 1831 1
325 1832 1
425 1832 1
498 1832 1
1831 1832 1
1833 1832 1
1834 1832 1
325 1833 1
425 1833 1
498 1833 1
1831 1833 1
1832 1833 1
1834 1833 1
325 1834 1
425 1834 1
498 1834 1
1831 1834 1
1832 1834 1
1833 1834 1
491 1835 1
750 1836 1
1838 1837 1
1839 1837 1
1840 1837 1
1837 1838 1
1839 1838 1
1840 1838 1
1837 1839 1
1838 1839 1
1840 1839 1
1837 1840 1
1838 1840 1
1839 1840 1
509 1841 1
659 1842 1
1843 1842 1
1844 1842 1
659 1843 1
1842 1843 1
1844 1843 1
659 1844 1
1842 1844 1
1843 1844 1
379 1845 1
1316 1845 1
1847 1846 1
1848 1846 1
1849 1846 1
1846 1847 1
1848 1847 1
1849 1847 1
1846 1848 1
1847 1848 1
1849 1848 1
1846 1849 1
1847 1849 1
1848 1849 1
1851 1850 1
1850 1851 1
94 1852 1
250 1852 1
1853 1852 1
2311 1852 1
2312 1852 1
2323 1852 1
2324 1852 1
2325 1852 1
2356 1852 1
2357 1852 1
2358 1852 1
250 1853 1
1852 1853 1
102 1854 1
211 1854 1
2315 1854 1
2316 1854 1
2317 1854 1
2318 1854 1
378 1855 1
1856 1855 1
1857 1855 1
1858 1855 1
1859 1855 1
378 1856 1
1855 1856 1
1857 1856 1
1858 1856 1
1859 1856 1
378 1857 1
1855 1857 1
1856 1857 1
1858 1857 1
1859 1857 1
378 1858 1
1855 1858 1
1856 1858 1
1857 1858 1
1859 1858 1
378 1859 1
1855 1859 1
1856 1859 1
1857 1859 1
1858 1859 1
132 1860 1
1861 1860 1
132 1861 1
1860 1861 1
1863 1862 1
1862 1863 1
569 1864 1
1155 1864 1
1865 1864 1
569 1865 1
1155 1865 1
1864 1865 1
262 1866 1
1867 1866 1
1868 1866 1
1869 1866 1
1870 1866 1
1871 1866 1
262 1867 1
1866 1867 1
1868 1867 1
1869 1867 1
1870 1867 1
1871 1867 1
262 1868 1
1866 1868 1
1867 1868 1
1869 1868 1
1870 1868 1
1871 1868 1
262 1869 1
1866 1869 1
1867 1869 1
1868 1869 1
1870 1869 1
1871 1869 1
262 1870 1
1866 1870 1
1867 1870 1
1868 1870 1
1869 1870 1
1871 1870 1
262 1871 1
1866 1871 1
1867 1871 1
1868 1871 1
1869 1871 1
1870 1871 1
316 1872 1
1058 1872 1
1416 1872 1
1873 1872 1
316 1873 1
1058 1873 1
1416 1873 1
1872 1873 1
510 1874 1
1876 1875 1
1875 1876 1
43 1877 1
482 1877 1
1878 1877 1
43 1878 1
482 1878 1
1877 1878 1
158 1879 1
201 1879 1
459 1880 1
572 1880 1
677 1880 2
1266 1880 2
353 1881 1
1882 1881 1
353 1882 1
1881 1882 1
223 1883 1
33 1884 1
40 1884 1
1886 1885 1
1885 1886 1
469 1887 2
470 1887 1
650 1887 1
2200 1887 1
424 1888 1
1224 1888 1
1889 1888 1
424 1889 1
1224 1889 1
1888 1889 1
726 1890 1
728 1890 1
1496 1890 1
510 1891 1
615 1891 1
1893 1892 1
1894 1892 1
1892 1893 1
1894 1893 1
1892 1894 1
1893 1894 1
1896 1895 1
1895 1896 1
1898 1897 1
1899 1897 1
1897 1898 1
1899 1898 1
1897 1899 1
1898 1899 1
416 1900 1
1733 1900 1
1901 1900 1
1902 1900 1
416 1901 1
1733 1901 1
1900 1901 1
1902 1901 1
416 1902 1
1733 1902 1
1900 1902 1
1901 1902 1
1904 1903 1
1905 1903 1
1906 1903 1
1903 1904 1
1905 1904 1
1906 1904 1
1903 1905 1
1904 1905 1
1906 1905 1
1903 1906 1
1904 1906 1
1905 1906 1
39 1907 2
309 1907 2
311 1907 2
54 1908 1
514 1908 1
1909 1908 1
1910 1908 1
54 1909 1
514 1909 1
1908 1909 1
1910 1909 1
54 1910 1
514 1910 1
1908 1910 1
1909 1910 1
361 1911 1
1757 1911 1
1912 1911 1
361 1912 1
1757 1912 1
1911 1912 1
1555 1913 1
1609 1913 1
1914 1913 1
1555 1914 1
1609 1914 1
1913 1914 1
39 1915 1
122 1915 1
35 1916 1
1482 1917 1
1918 1917 1
1482 1918 1
1917 1918 1
1920 1919 1
1921 1919 1
1922 1919 1
1923 1919 1
1919 1920 1
1921 1920 2
1922 1920 1
1923 1920 1
2034 1920 1
2467 1920 1
2468 1920 1
1919 1921 1
1920 1921 2
1922 1921 1
1923 1921 1
2034 1921 1
2467 1921 1
2468 1921 1
1919 1922 1
1920 1922 1
1921 1922 1
1923 1922 1
1919 1923 1
1920 1923 1
1921 1923 1
1922 1923 1
1925 1924 1
1924 1925 1
63 1926 1
275 1927 1
483 1927 1
1929 1928 1
1928 1929 1
40 1930 1
1931 1930 1
1932 1930 2
1933 1930 1
1930 1931 1
1932 1931 1
1933 1931 1
40 1932 1
1930 1932 2
1931 1932 1
1933 1932 1
1930 1933 1
1931 1933 1
1932 1933 1
1935 1934 1
1934 1935 1
9 1936 1
1938 1937 1
1937 1938 1
257 1939 1
52 1940 1
1578 1940 1
1941 1940 1
52 1941 1
1578 1941 1
1940 1941 1
1943 1942 1
1944 1942 1
1942 1943 1
1944 1943 1
1942 1944 1
1943 1944 1
197 1945 1
1652 1945 1
39 1946 1
415 1946 1
635 1946 1
1948 1947 1
1949 1947 1
1947 1948 1
1949 1948 1
1947 1949 1
1948 1949 1
1951 1950 1
1950 1951 1
1066 1952 1
1953 1952 1
1066 1953 1
1952 1953 1
1955 1954 1
1956 1954 1
1957 1954 1
1958 1954 1
1954 1955 1
1956 1955 1
1957 1955 1
1958 1955 1
1954 1956 1
1955 1956 1
1957 1956 1
1958 1956 1
1954 1957 1
1955 1957 1
1956 1957 1
1958 1957 1
1954 1958 1
1955 1958 1
1956 1958 1
1957 1958 1
1960 1959 1
1961 1959 1
1962 1959 1
1963 1959 1
1959 1960 1
1961 1960 1
1962 1960 1
1963 1960 1
1959 1961 1
1960 1961 1
1962 1961 1
1963 1961 1
1959 1962 1
1960 1962 1
1961 1962 1
1963 1962 1
1959 1963 1
1960 1963 1
1961 1963 1
1962 1963 1
214 1964 1
307 1964 1
341 1964 1
1770 1964 1
1965 1964 1
214 1965 1
307 1965 1
341 1965 1
1770 1965 1
1964 1965 1
140 1966 1
532 1967 1
1968 1967 1
1969 1967 1
532 1968 1
1967 1968 1
1969 1968 1
532 1969 1
1967 1969 1
1968 1969 1
879 1970 1
1971 1970 1
879 1971 1
1970 1971 1
1973 1972 1
1974 1972 1
1972 1973 1
1974 1973 1
1972 1974 1
1973 1974 1
2009 1974 2
2010 1974 1
2011 1974 1
1415 1975 1
1977 1976 1
1976 1977 1
129 1978 1
80 1979 1
546 1979 1
580 1979 1
581 1979 1
582 1979 1
1981 1980 1
1982 1980 1
1980 1981 1
1982 1981 1
1980 1982 1
1981 1982 1
1984 1983 1
1985 1983 1
1983 1984 1
1985 1984 1
1983 1985 1
1984 1985 1
1987 1986 1
1986 1987 1
366 1988 1
429 1988 1
529 1988 1
658 1988 1
1990 1989 1
1991 1989 1
1992 1989 2
1989 1990 1
1991 1990 1
1992 1990 1
1989 1991 1
1990 1991 1
1992 1991 1
1989 1992 2
1990 1992 1
1991 1992 1
1994 1993 1
1993 1994 1
1996 1995 1
1997 1995 1
1995 1996 1
1997 1996 1
1995 1997 1
1996 1997 1
1999 1998 1
2000 1998 1
2001 1998 1
1998 1999 1
2000 1999 1
2001 1999 1
1998 2000 1
1999 2000 1
2001 2000 1
1998 2001 1
1999 2001 1
2000 2001 1
2003 2002 1
2004 2002 1
2002 2003 1
2004 2003 1
2002 2004 1
2003 2004 1
2006 2005 1
2007 2005 1
2008 2005 1
2005 2006 1
2007 2006 1
2008 2006 1
2134 2006 1
2005 2007 1
2006 2007 1
2008 2007 1
2005 2008 1
2006 2008 1
2007 2008 1
1974 2009 2
2010 2009 1
2011 2009 1
1974 2010 1
2009 2010 1
2011 2010 1
1974 2011 1
2009 2011 1
2010 2011 1
733 2012 1
2013 2012 1
733 2013 1
2012 2013 1
2015 2014 2
2016 2014 3
2017 2014 3
2366 2014 1
2367 2014 1
2368 2014 1
2014 2015 2
2016 2015 2
2017 2015 2
2014 2016 3
2015 2016 2
2017 2016 3
2366 2016 1
2367 2016 1
2368 2016 1
2014 2017 3
2015 2017 2
2016 2017 3
2366 2017 1
2367 2017 1
2368 2017 1
33 2018 1
471 2018 1
2019 2018 1
2020 2018 1
33 2019 1
471 2019 1
2018 2019 1
2020 2019 1
33 2020 1
471 2020 1
2018 2020 1
2019 2020 1
2022 2021 1
2023 2021 1
2024 2021 1
2021 2022 1
2023 2022 1
2024 2022 1
2112 2022 1
2113 2022 1
2114 2022 1
2021 2023 1
2022 2023 1
2024 2023 1
2021 2024 1
2022 2024 1
2023 2024 1
118 2025 2
2026 2025 2
118 2026 2
2025 2026 2
2028 2027 1
2027 2028 1
903 2029 1
2030 2029 1
2031 2029 1
903 2030 1
2029 2030 1
2031 2030 1
903 2031 1
2029 2031 1
2030 2031 1
2033 2032 1
2034 2032 1
2032 2033 1
2034 2033 1
1920 2034 1
1921 2034 1
2032 2034 1
2033 2034 1
2467 2034 1
2468 2034 1
1751 2035 1
2036 2035 1
1751 2036 1
2035 2036 1
2038 2037 1
2039 2037 1
2037 2038 1
2039 2038 1
2037 2039 1
2038 2039 1
2041 2040 1
2040 2041 1
707 2042 1
708 2042 1
2043 2042 1
2044 2042 1
707 2043 1
708 2043 1
2042 2043 1
2044 2043 1
707 2044 1
708 2044 1
2042 2044 1
2043 2044 1
2046 2045 1
2047 2045 1
2048 2045 1
2045 2046 1
2047 2046 1
2048 2046 1
2045 2047 1
2046 2047 1
2048 2047 1
2045 2048 1
2046 2048 1
2047 2048 1
2050 2049 1
2051 2049 1
2049 2050 1
2051 2050 1
2049 2051 1
2050 2051 1
2053 2052 1
2054 2052 1
2052 2053 1
2054 2053 1
2052 2054 1
2053 2054 1
886 2055 1
2056 2055 1
2057 2055 1
886 2056 1
2055 2056 1
2057 2056 1
886 2057 1
2055 2057 1
2056 2057 1
2059 2058 1
2060 2058 1
2061 2058 1
2062 2058 1
2058 2059 1
2060 2059 1
2061 2059 1
2062 2059 1
2058 2060 1
2059 2060 1
2061 2060 1
2062 2060 1
2058 2061 1
2059 2061 1
2060 2061 1
2062 2061 1
2058 2062 1
2059 2062 1
2060 2062 1
2061 2062 1
2064 2063 2
2065 2063 2
2066 2063 1
2067 2063 2
2068 2063 1
2063 2064 2
2065 2064 2
2066 2064 1
2067 2064 2
2068 2064 1
2063 2065 2
2064 2065 2
2066 2065 1
2067 2065 2
2068 2065 1
2063 2066 1
2064 2066 1
2065 2066 1
2067 2066 1
2438 2066 1
2463 2066 1
2464 2066 1
2465 2066 1
2063 2067 2
2064 2067 2
2065 2067 2
2066 2067 1
2068 2067 1
2063 2068 1
2064 2068 1
2065 2068 1
2067 2068 1
2070 2069 1
2069 2070 1
2072 2071 1
2073 2071 1
2071 2072 1
2073 2072 1
2071 2073 1
2072 2073 1
2075 2074 1
2076 2074 1
2077 2074 1
2078 2074 1
2074 2075 1
2076 2075 1
2077 2075 1
2078 2075 1
2074 2076 1
2075 2076 1
2077 2076 1
2078 2076 1
2074 2077 1
2075 2077 1
2076 2077 1
2078 2077 1
2074 2078 1
2075 2078 1
2076 2078 1
2077 2078 1
2080 2079 1
2081 2079 1
2082 2079 1
2083 2079 1
2084 2079 1
2085 2079 1
2079 2080 1
2081 2080 1
2082 2080 1
2083 2080 1
2084 2080 1
2085 2080 1
2079 2081 1
2080 2081 1
2082 2081 1
2083 2081 1
2084 2081 1
2085 2081 1
2079 2082 1
2080 2082 1
2081 2082 1
2083 2082 1
2084 2082 1
2085 2082 1
2079 2083 1
2080 2083 1
2081 2083 1
2082 2083 1
2084 2083 1
2085 2083 1
2079 2084 1
2080 2084 1
2081 2084 1
2082 2084 1
2083 2084 1
2085 2084 1
2079 2085 1
2080 2085 1
2081 2085 1
2082 2085 1
2083 2085 1
2084 2085 1
2087 2086 1
2086 2087 1
2089 2088 1
2090 2088 1
2088 2089 1
2090 2089 1
2088 2090 1
2089 2090 1
2092 2091 1
2091 2092 1
2094 2093 1
2095 2093 1
2096 2093 1
2093 2094 1
2095 2094 1
2096 2094 1
2093 2095 1
2094 2095 1
2096 2095 1
2093 2096 1
2094 2096 1
2095 2096 1
2098 2097 1
2099 2097 1
2100 2097 1
2101 2097 1
2097 2098 1
2099 2098 1
2100 2098 1
2101 2098 1
2097 2099 1
2098 2099 1
2100 2099 1
2101 2099 1
2097 2100 1
2098 2100 1
2099 2100 1
2101 2100 1
2097 2101 1
2098 2101 1
2099 2101 1
2100 2101 1
2103 2102 1
2102 2103 1
2105 2104 1
2106 2104 1
2104 2105 1
2106 2105 1
2104 2106 1
2105 2106 1
2108 2107 1
2109 2107 1
2107 2108 1
2109 2108 1
2107 2109 1
2108 2109 1
2111 2110 1
2110 2111 1
2022 2112 1
2113 2112 1
2114 2112 1
2022 2113 1
2112 2113 1
2114 2113 1
2022 2114 1
2112 2114 1
2113 2114 1
733 2115 1
2116 2115 1
2117 2115 1
733 2116 3
2115 2116 1
2117 2116 1
2148 2116 1
2149 2116 1
2150 2116 1
2369 2116 1
2370 2116 1
2371 2116 1
733 2117 1
2115 2117 1
2116 2117 1
2119 2118 1
2120 2118 1
2121 2118 1
2118 2119 1
2120 2119 1
2121 2119 1
2118 2120 1
2119 2120 1
2121 2120 1
2118 2121 1
2119 2121 1
2120 2121 1
2123 2122 1
2122 2123 1
84 2124 1
2125 2124 1
84 2125 1
2124 2125 1
2127 2126 1
2128 2126 1
2126 2127 1
2128 2127 1
2126 2128 1
2127 2128 1
2130 2129 1
2129 2130 1
2132 2131 1
2133 2131 1
2131 2132 1
2133 2132 1
2131 2133 1
2132 2133 1
2006 2134 1
2136 2135 1
2137 2135 1
2138 2135 1
2135 2136 1
2137 2136 1
2138 2136 1
2135 2137 1
2136 2137 1
2138 2137 1
2135 2138 1
2136 2138 1
2137 2138 1
221 2139 1
2140 2139 1
221 2140 2
2139 2140 1
2142 2141 1
2143 2141 1
2144 2141 1
2145 2141 1
2141 2142 1
2143 2142 1
2144 2142 1
2145 2142 1
2141 2143 1
2142 2143 1
2144 2143 1
2145 2143 1
2141 2144 1
2142 2144 1
2143 2144 1
2145 2144 1
2141 2145 1
2142 2145 1
2143 2145 1
2144 2145 1
1751 2146 1
2147 2146 1
1751 2147 1
2146 2147 1
733 2148 1
2116 2148 1
2149 2148 1
2150 2148 1
733 2149 1
2116 2149 1
2148 2149 1
2150 2149 1
733 2150 1
2116 2150 1
2148 2150 1
2149 2150 1
109 2151 1
924 2151 1
2153 2152 1
2154 2152 1
2155 2152 1
2152 2153 1
2154 2153 1
2155 2153 1
2152 2154 1
2153 2154 1
2155 2154 1
2152 2155 1
2153 2155 1
2154 2155 1
443 2156 1
384 2157 1
446 2157 1
2158 2157 1
384 2158 1
446 2158 1
2157 2158 1
393 2159 1
426 2159 2
1384 2159 2
1719 2159 2
2160 2159 2
393 2160 1
426 2160 2
1384 2160 2
1719 2160 2
2159 2160 2
674 2161 1
2162 2161 1
674 2162 1
2161 2162 1
2164 2163 1
2163 2164 1
273 2165 1
515 2165 1
1312 2165 1
2167 2166 1
2168 2166 1
2169 2166 1
2166 2167 1
2168 2167 1
2169 2167 1
2166 2168 1
2167 2168 1
2169 2168 1
2166 2169 1
2167 2169 1
2168 2169 1
60 2170 1
328 2170 1
2172 2171 1
2171 2172 1
364 2173 1
544 2173 1
2174 2173 1
2175 2173 1
364 2174 1
544 2174 1
2173 2174 1
2175 2174 1
364 2175 1
544 2175 1
2173 2175 1
2174 2175 1
1676 2176 1
2177 2176 1
1676 2177 1
2176 2177 1
1350 2178 1
1411 2178 1
2179 2178 1
1350 2179 1
1411 2179 1
2178 2179 1
227 2180 1
517 2180 1
584 2180 1
372 2181 1
376 2181 1
628 2182 1
2183 2182 1
2184 2182 1
628 2183 1
2182 2183 1
2184 2183 1
628 2184 1
2182 2184 1
2183 2184 1
526 2185 1
527 2185 1
2186 2185 1
2187 2185 1
2188 2185 1
526 2186 1
527 2186 1
2185 2186 1
2187 2186 1
2188 2186 1
526 2187 1
527 2187 1
2185 2187 1
2186 2187 1
2188 2187 1
526 2188 1
527 2188 1
2185 2188 1
2186 2188 1
2187 2188 1
274 2189 1
2190 2189 1
274 2190 1
2189 2190 1
2192 2191 1
2191 2192 1
531 2193 1
533 2193 1
4 2194 1
380 2194 1
457 2194 1
506 2194 1
507 2194 1
635 2195 1
2196 2195 2
2252 2195 1
2253 2195 1
2254 2195 1
635 2196 1
2195 2196 2
2252 2196 1
2253 2196 1
2254 2196 1
533 2197 1
649 2197 1
2198 2197 1
2199 2197 1
533 2198 1
649 2198 1
2197 2198 1
2199 2198 1
533 2199 2
649 2199 1
2197 2199 1
2198 2199 1
2235 2199 1
2236 2199 1
469 2200 1
470 2200 1
1887 2200 1
350 2201 1
465 2201 1
466 2201 1
487 2201 1
2203 2202 1
2204 2202 1
2205 2202 1
2202 2203 1
2204 2203 1
2205 2203 1
2202 2204 1
2203 2204 1
2205 2204 1
2202 2205 1
2203 2205 1
2204 2205 1
147 2206 1
582 2206 1
623 2206 1
1058 2206 1
1416 2206 1
369 2207 1
2209 2208 1
2208 2209 1
2211 2210 1
2212 2210 1
2210 2211 1
2212 2211 1
2210 2212 1
2211 2212 1
1804 2213 1
2214 2213 1
1804 2214 1
2213 2214 1
186 2215 1
333 2215 1
2216 2215 1
186 2216 1
333 2216 1
2215 2216 1
1175 2217 1
462 2218 1
489 2218 1
504 2218 1
505 2218 1
1468 2218 1
2219 2218 1
462 2219 1
489 2219 1
504 2219 1
505 2219 1
1468 2219 1
2218 2219 1
468 2220 1
2221 2220 1
468 2221 1
2220 2221 1
338 2222 1
587 2222 2
625 2222 1
550 2223 1
551 2223 1
445 2224 1
526 2224 1
2226 2225 1
2225 2226 1
1230 2227 1
48 2228 1
331 2228 1
2229 2228 1
48 2229 1
331 2229 1
2228 2229 1
624 2230 1
2231 2230 1
2232 2230 1
624 2231 1
2230 2231 1
2232 2231 1
624 2232 1
2230 2232 1
2231 2232 1
236 2233 1
238 2233 1
2234 2233 1
236 2234 1
238 2234 1
2233 2234 1
533 2235 1
2199 2235 1
2236 2235 1
533 2236 1
2199 2236 1
2235 2236 1
370 2237 1
409 2238 1
410 2238 1
2239 2238 1
409 2239 1
410 2239 1
2238 2239 1
163 2240 1
669 2240 1
2242 2241 1
2243 2241 1
2244 2241 1
2245 2241 1
2241 2242 1
2243 2242 1
2244 2242 1
2245 2242 1
2241 2243 1
2242 2243 1
2244 2243 1
2245 2243 1
2241 2244 1
2242 2244 1
2243 2244 1
2245 2244 1
2241 2245 1
2242 2245 1
2243 2245 1
2244 2245 1
81 2246 1
887 2246 1
2247 2246 1
2248 2246 1
81 2247 1
887 2247 1
2246 2247 1
2248 2247 1
81 2248 1
887 2248 1
2246 2248 1
2247 2248 1
282 2249 1
538 2249 1
539 2249 1
540 2249 1
2250 2249 1
2251 2249 1
282 2250 1
538 2250 1
539 2250 1
540 2250 1
2249 2250 1
2251 2250 1
282 2251 1
538 2251 1
539 2251 1
540 2251 1
2249 2251 1
2250 2251 1
635 2252 1
2195 2252 1
2196 2252 1
2253 2252 1
2254 2252 1
635 2253 1
2195 2253 1
2196 2253 1
2252 2253 1
2254 2253 1
635 2254 1
2195 2254 1
2196 2254 1
2252 2254 1
2253 2254 1
2256 2255 1
2255 2256 1
242 2257 1
1175 2257 1
2259 2258 1
2258 2259 1
54 2260 1
2261 2260 1
54 2261 1
2260 2261 1
601 2262 1
602 2262 1
2263 2262 1
2264 2262 1
601 2263 1
602 2263 1
2262 2263 1
2264 2263 1
601 2264 1
602 2264 1
2262 2264 1
2263 2264 1
101 2265 1
2266 2265 1
101 2266 1
2265 2266 1
422 2267 1
424 2267 1
2268 2267 1
422 2268 1
424 2268 1
2267 2268 1
55 2269 1
2270 2269 1
2271 2269 1
2272 2269 1
2273 2269 1
55 2270 1
2269 2270 1
2271 2270 1
2272 2270 1
2273 2270 1
55 2271 1
2269 2271 1
2270 2271 1
2272 2271 1
2273 2271 1
55 2272 1
2269 2272 1
2270 2272 1
2271 2272 1
2273 2272 1
55 2273 1
2269 2273 1
2270 2273 1
2271 2273 1
2272 2273 1
2275 2274 1
2276 2274 1
2277 2274 1
2274 2275 1
2276 2275 1
2277 2275 1
2274 2276 1
2275 2276 1
2277 2276 1
2274 2277 1
2275 2277 1
2276 2277 1
327 2278 1
2279 2278 1
327 2279 1
2278 2279 1
2281 2280 1
2282 2280 1
2280 2281 1
2282 2281 1
2280 2282 1
2281 2282 1
409 2283 1
410 2283 1
511 2283 1
512 2283 1
54 2284 1
320 2284 1
229 2285 1
568 2285 1
159 2286 1
842 2286 1
1403 2286 1
2313 2286 1
561 2287 1
1685 2287 1
239 2288 1
903 2288 1
2290 2289 1
2291 2289 1
2289 2290 1
2291 2290 1
2289 2291 1
2290 2291 1
227 2292 1
1689 2292 1
2294 2293 1
2293 2294 1
213 2295 1
2296 2295 1
213 2296 1
2295 2296 1
302 2297 1
374 2297 1
502 2297 1
504 2297 1
505 2297 1
589 2297 1
2298 2297 1
302 2298 1
374 2298 1
502 2298 1
504 2298 1
505 2298 1
589 2298 1
2297 2298 1
2300 2299 1
2301 2299 1
2302 2299 1
2303 2299 1
2304 2299 1
2299 2300 1
2301 2300 1
2302 2300 1
2303 2300 1
2304 2300 1
2299 2301 1
2300 2301 1
2302 2301 1
2303 2301 1
2304 2301 1
2299 2302 1
2300 2302 1
2301 2302 1
2303 2302 1
2304 2302 1
2299 2303 1
2300 2303 1
2301 2303 1
2302 2303 1
2304 2303 1
2299 2304 1
2300 2304 1
2301 2304 1
2302 2304 1
2303 2304 1
2306 2305 1
2307 2305 1
2308 2305 1
2305 2306 1
2307 2306 1
2308 2306 1
2305 2307 1
2306 2307 1
2308 2307 1
2305 2308 1
2306 2308 1
2307 2308 1
15 2309 1
2310 2309 1
15 2310 1
2309 2310 1
1852 2311 1
2312 2311 1
1852 2312 1
2311 2312 1
842 2313 1
2286 2313 1
226 2314 1
612 2314 1
1854 2315 1
2316 2315 1
2317 2315 1
2318 2315 1
1854 2316 1
2315 2316 1
2317 2316 1
2318 2316 1
1854 2317 1
2315 2317 1
2316 2317 1
2318 2317 1
1854 2318 1
2315 2318 1
2316 2318 1
2317 2318 1
216 2319 1
2320 2319 1
216 2320 1
2319 2320 1
386 2321 1
1049 2321 1
2322 2321 1
386 2322 1
1049 2322 1
2321 2322 1
1852 2323 1
2324 2323 1
2325 2323 1
1852 2324 1
2323 2324 1
2325 2324 1
1852 2325 1
2323 2325 1
2324 2325 1
1270 2326 1
2327 2326 1
1270 2327 1
2326 2327 1
1473 2328 1
2329 2328 1
2330 2328 1
1473 2329 1
2328 2329 1
2330 2329 1
1473 2330 1
2328 2330 1
2329 2330 1
2332 2331 1
2333 2331 1
2334 2331 1
2335 2331 1
2331 2332 1
2333 2332 1
2334 2332 1
2335 2332 1
2331 2333 1
2332 2333 1
2334 2333 1
2335 2333 1
2331 2334 1
2332 2334 1
2333 2334 1
2335 2334 1
2331 2335 1
2332 2335 1
2333 2335 1
2334 2335 1
2337 2336 1
2338 2336 1
2339 2336 1
2336 2337 1
2338 2337 1
2339 2337 1
2336 2338 1
2337 2338 1
2339 2338 1
2336 2339 1
2337 2339 1
2338 2339 1
129 2340 2
532 2340 2
24 2341 1
474 2341 1
1175 2342 1
38 2343 1
641 2343 1
153 2344 1
228 2345 1
39 2346 1
372 2346 1
421 2346 1
2347 2346 1
39 2347 1
372 2347 1
421 2347 1
2346 2347 1
171 2348 1
510 2349 1
2350 2349 1
2351 2349 1
510 2350 1
2349 2350 1
2351 2350 1
510 2351 1
2349 2351 1
2350 2351 1
613 2352 1
2353 2352 1
613 2353 1
2352 2353 1
107 2354 1
2355 2354 1
107 2355 1
2354 2355 1
94 2356 1
1852 2356 1
2357 2356 1
2358 2356 1
94 2357 1
1852 2357 1
2356 2357 1
2358 2357 1
94 2358 1
1852 2358 1
2356 2358 1
2357 2358 1
2398 2359 1
2361 2360 1
2360 2361 1
2363 2362 1
2364 2362 1
2365 2362 1
2362 2363 1
2364 2363 1
2365 2363 1
2362 2364 1
2363 2364 1
2365 2364 1
2362 2365 1
2363 2365 1
2364 2365 1
2014 2366 1
2016 2366 1
2017 2366 1
2367 2366 1
2368 2366 1
2014 2367 1
2016 2367 1
2017 2367 1
2366 2367 1
2368 2367 1
2014 2368 1
2016 2368 1
2017 2368 1
2366 2368 1
2367 2368 1
733 2369 1
2116 2369 1
2370 2369 1
2371 2369 1
733 2370 1
2116 2370 1
2369 2370 1
2371 2370 1
733 2371 1
2116 2371 1
2369 2371 1
2370 2371 1
2373 2372 1
2374 2372 1
2372 2373 1
2374 2373 1
2372 2374 1
2373 2374 1
2376 2375 1
2377 2375 1
2378 2375 1
2375 2376 1
2377 2376 1
2378 2376 1
2375 2377 1
2376 2377 1
2378 2377 1
2375 2378 1
2376 2378 1
2377 2378 1
2380 2379 1
2379 2380 1
733 2381 1
2382 2381 1
733 2382 1
2381 2382 1
2384 2383 1
2383 2384 1
733 2385 1
2386 2385 1
733 2386 1
2385 2386 1
733 2387 1
2388 2387 1
2389 2387 1
733 2388 1
2387 2388 1
2389 2388 1
733 2389 1
2387 2389 1
2388 2389 1
2391 2390 1
2390 2391 1
2393 2392 1
2394 2392 1
2392 2393 1
2394 2393 1
2392 2394 1
2393 2394 1
2396 2395 1
2397 2395 1
2395 2396 1
2397 2396 1
2395 2397 1
2396 2397 1
2359 2398 1
2400 2399 1
2399 2400 1
2402 2401 1
2403 2401 1
2404 2401 1
2405 2401 1
2401 2402 1
2403 2402 1
2404 2402 1
2405 2402 1
2401 2403 1
2402 2403 1
2404 2403 1
2405 2403 1
2401 2404 1
2402 2404 1
2403 2404 1
2405 2404 1
2401 2405 1
2402 2405 1
2403 2405 1
2404 2405 1
2407 2406 1
2408 2406 1
2406 2407 1
2408 2407 1
2406 2408 1
2407 2408 1
2410 2409 1
2411 2409 1
2409 2410 1
2411 2410 1
2409 2411 1
2410 2411 1
58 2412 1
2413 2412 1
2414 2412 1
58 2413 1
2412 2413 1
2414 2413 1
58 2414 1
2412 2414 1
2413 2414 1
2416 2415 1
2417 2415 1
2418 2415 1
2415 2416 1
2417 2416 1
2418 2416 1
2415 2417 1
2416 2417 1
2418 2417 1
2415 2418 1
2416 2418 1
2417 2418 1
2420 2419 1
2421 2419 1
2422 2419 1
2419 2420 1
2421 2420 1
2422 2420 1
2419 2421 1
2420 2421 1
2422 2421 1
2419 2422 1
2420 2422 1
2421 2422 1
2424 2423 1
2425 2423 1
2426 2423 1
2423 2424 1
2425 2424 1
2426 2424 1
2423 2425 1
2424 2425 1
2426 2425 1
2423 2426 1
2424 2426 1
2425 2426 1
2428 2427 1
2429 2427 1
2427 2428 1
2429 2428 1
2427 2429 1
2428 2429 1
733 2430 1
2431 2430 1
2432 2430 1
733 2431 1
2430 2431 1
2432 2431 1
733 2432 1
2430 2432 1
2431 2432 1
2434 2433 1
2435 2433 1
2436 2433 1
2433 2434 1
2435 2434 2
2436 2434 2
2466 2434 1
2433 2435 1
2434 2435 2
2436 2435 2
2466 2435 1
2433 2436 1
2434 2436 2
2435 2436 2
2466 2436 1
1379 2437 1
2066 2438 1
2463 2438 1
2464 2438 1
2465 2438 1
2440 2439 1
2441 2439 1
2442 2439 1
2439 2440 1
2441 2440 1
2442 2440 1
2439 2441 1
2440 2441 1
2442 2441 1
2439 2442 1
2440 2442 1
2441 2442 1
2444 2443 1
2445 2443 1
2443 2444 1
2445 2444 1
2443 2445 1
2444 2445 1
2447 2446 1
2446 2447 1
2449 2448 1
2448 2449 1
2451 2450 1
2452 2450 1
2453 2450 1
2450 2451 1
2452 2451 1
2453 2451 1
2450 2452 1
2451 2452 1
2453 2452 1
2450 2453 1
2451 2453 1
2452 2453 1
2455 2454 1
2456 2454 1
2454 2455 1
2456 2455 1
2454 2456 1
2455 2456 1
733 2457 1
2458 2457 1
733 2458 1
2457 2458 1
2460 2459 1
2461 2459 1
2462 2459 1
2459 2460 1
2461 2460 1
2462 2460 1
2459 2461 1
2460 2461 1
2462 2461 1
2459 2462 1
2460 2462 1
2461 2462 1
2066 2463 1
2438 2463 1
2464 2463 1
2465 2463 1
2066 2464 1
2438 2464 1
2463 2464 1
2465 2464 1
2066 2465 1
2438 2465 1
2463 2465 1
2464 2465 1
2434 2466 1
2435 2466 1
2436 2466 1
1920 2467 1
1921 2467 1
2034 2467 1
2468 2467 1
1920 2468 1
1921 2468 1
2034 2468 1
2467 2468 1
2470 2469 1
2469 2470 1
2472 2471 1
2471 2472 1
2474 2473 1
2473 2474 1
335 2475 1
2476 2475 1
2477 2475 1
335 2476 1
2475 2476 1
2477 2476 1
335 2477 1
2475 2477 1
2476 2477 1
