133 1 1
291 1 1
371 1 1
641 1 1
720 1 1
159 2 1
169 2 1
70 3 1
103 3 1
543 3 1
122 4 1
306 4 1
231 5 1
113 6 1
399 6 1
400 6 2
662 6 1
715 7 1
716 7 1
134 8 1
243 8 1
492 8 1
203 9 1
537 9 2
126 10 1
129 10 1
173 10 1
220 10 1
224 10 1
54 11 1
669 12 1
670 12 1
14 13 1
15 13 1
16 13 1
36 13 1
38 13 1
13 14 1
15 14 1
16 14 1
36 14 1
38 14 1
13 15 1
14 15 1
16 15 1
36 15 1
38 15 1
13 16 1
14 16 1
15 16 1
36 16 1
38 16 1
27 17 1
458 17 1
459 17 1
23 18 1
645 18 1
646 18 1
121 19 1
327 19 1
503 19 1
141 20 1
334 20 1
533 21 1
35 22 1
389 22 1
18 23 1
645 23 1
646 23 1
60 24 1
263 25 1
30 26 1
131 26 1
180 26 1
205 26 1
230 26 1
421 26 1
17 27 1
458 27 1
459 27 1
375 28 1
50 29 1
26 30 1
34 31 1
130 31 1
240 32 1
349 32 1
390 32 1
297 33 1
383 33 1
590 33 1
31 34 1
130 34 1
22 35 1
389 35 1
13 36 1
14 36 1
15 36 1
16 36 1
38 36 1
489 37 1
490 37 1
13 38 1
14 38 1
15 38 1
16 38 1
36 38 1
40 39 1
274 39 1
301 39 1
643 39 1
644 39 1
39 40 1
274 40 1
301 40 2
332 40 1
333 40 1
643 40 1
644 40 1
699 40 1
84 41 1
193 41 1
198 41 1
256 41 1
257 41 1
272 41 1
279 41 1
523 41 1
702 41 1
393 42 1
403 42 1
69 43 1
52 44 1
62 44 1
380 44 1
729 44 1
53 45 1
134 45 1
696 45 1
111 46 1
254 46 1
476 46 1
53 47 1
134 47 1
148 47 1
236 47 1
310 47 2
506 47 1
507 47 1
108 48 1
129 48 1
224 48 1
130 49 1
170 49 1
29 50 1
94 50 1
160 50 1
161 50 1
319 50 1
354 50 1
666 51 1
44 52 1
62 52 1
380 52 1
729 52 1
45 53 1
47 53 1
134 53 2
310 53 1
696 53 1
11 54 1
222 55 1
259 55 1
57 56 1
59 56 1
654 56 1
56 57 1
59 57 1
654 57 1
134 58 1
208 58 1
492 58 1
56 59 1
57 59 1
654 59 1
24 60 1
243 61 1
247 61 1
44 62 1
52 62 1
380 62 1
729 62 1
105 63 1
227 63 1
446 63 1
447 63 1
448 63 1
72 64 1
345 65 1
676 65 1
80 66 1
307 66 1
593 67 1
594 67 1
183 68 1
240 68 1
470 68 1
43 69 1
3 70 1
103 70 1
104 70 1
543 70 2
405 71 1
64 72 1
95 73 1
686 73 1
687 73 1
688 73 1
75 74 1
77 74 1
79 74 1
147 74 1
164 74 1
74 75 1
77 75 1
79 75 1
147 75 1
164 75 1
78 76 1
726 76 1
74 77 1
75 77 1
79 77 1
147 77 1
164 77 1
76 78 1
726 78 1
74 79 1
75 79 1
77 79 1
147 79 1
164 79 1
66 80 1
307 80 1
655 81 1
124 82 1
443 82 1
444 82 1
445 82 1
86 83 1
163 83 2
185 83 1
187 83 1
195 83 1
223 83 1
260 83 1
287 83 1
288 83 1
290 83 1
303 83 1
308 83 2
328 83 1
331 83 1
355 83 1
531 83 1
542 83 1
677 83 1
41 84 1
193 84 1
198 84 1
257 84 1
279 84 1
595 85 1
83 86 1
187 86 1
355 86 1
531 86 1
202 87 1
381 87 1
682 87 1
89 88 1
148 88 1
189 88 1
251 88 1
384 88 1
385 88 1
469 88 1
559 88 1
560 88 1
561 88 1
562 88 1
580 88 1
581 88 1
582 88 1
88 89 1
251 89 1
559 89 1
560 89 1
561 89 1
562 89 1
472 90 1
270 91 1
271 91 1
97 92 1
146 92 1
602 92 1
603 92 1
651 93 1
50 94 1
160 94 1
161 94 1
319 94 1
354 94 1
73 95 1
686 95 1
687 95 1
688 95 1
426 96 1
92 97 1
146 97 1
209 97 1
249 97 1
350 97 1
588 97 1
589 97 1
602 97 1
603 97 1
142 98 1
143 98 1
144 98 1
145 98 1
698 98 1
163 99 1
237 99 1
329 99 1
101 100 1
596 100 1
100 101 1
286 101 1
591 101 1
592 101 1
596 101 1
315 102 1
362 102 1
392 102 1
482 102 1
483 102 1
711 102 1
712 102 1
727 102 1
728 102 1
3 103 1
70 103 1
543 103 2
70 104 1
543 104 1
63 105 1
227 105 1
446 105 1
447 105 1
448 105 1
419 106 2
420 106 1
660 107 1
661 107 1
48 108 1
129 108 1
224 108 1
390 109 1
604 109 1
583 110 1
46 111 1
254 111 1
476 111 1
621 112 1
622 112 1
623 112 1
624 112 1
625 112 1
6 113 1
400 113 1
662 113 1
198 114 1
212 114 1
275 114 2
586 114 3
587 114 2
668 114 1
116 115 1
351 115 1
115 116 1
351 116 1
315 117 1
281 118 1
207 119 1
344 119 1
128 120 1
738 120 1
739 120 1
740 120 1
19 121 1
503 121 1
4 122 1
190 122 1
192 122 1
306 122 2
427 122 1
508 122 1
515 123 1
516 123 1
82 124 1
443 124 1
444 124 1
445 124 1
191 125 1
263 125 1
10 126 1
129 126 1
173 126 1
220 126 1
224 126 1
721 126 1
165 127 1
530 127 1
120 128 1
738 128 1
739 128 1
740 128 1
10 129 1
48 129 1
108 129 1
126 129 1
173 129 1
220 129 1
224 129 2
31 130 1
34 130 1
49 130 1
170 130 1
189 130 1
217 130 1
262 130 1
510 130 1
511 130 1
512 130 1
513 130 1
514 130 1
745 130 1
26 131 1
180 131 1
205 131 1
230 131 1
421 131 1
439 132 1
563 132 1
1 133 1
176 133 3
291 133 1
370 133 1
371 133 2
372 133 1
376 133 4
641 133 3
642 133 1
713 133 1
720 133 1
8 134 1
45 134 1
47 134 1
53 134 2
58 134 1
208 134 1
243 134 1
310 134 1
492 134 2
696 134 1
356 135 1
398 135 1
551 135 1
552 135 1
553 135 1
184 136 1
211 136 1
550 136 1
213 137 1
228 137 2
337 137 2
500 137 1
647 137 1
648 137 2
649 137 2
650 137 1
744 137 1
167 138 1
672 138 1
673 138 1
674 138 1
675 138 1
536 139 1
151 140 1
177 140 1
20 141 1
334 141 1
98 142 1
143 142 1
144 142 1
145 142 1
698 142 1
98 143 1
142 143 1
144 143 1
145 143 1
698 143 1
98 144 1
142 144 1
143 144 1
145 144 1
698 144 1
98 145 1
142 145 1
143 145 1
144 145 1
698 145 1
92 146 1
97 146 1
602 146 1
603 146 1
74 147 1
75 147 1
77 147 1
79 147 1
164 147 1
47 148 1
88 148 1
189 148 1
216 148 1
225 148 1
236 148 1
384 148 1
385 148 1
469 148 1
506 148 1
507 148 1
150 149 1
149 150 1
504 150 1
505 150 1
140 151 1
177 151 1
245 152 1
432 152 1
487 153 1
488 153 1
168 154 1
174 154 1
343 154 1
571 154 1
572 154 1
573 154 1
574 154 1
575 154 1
576 154 1
554 155 1
555 155 1
556 155 1
214 156 1
366 156 1
433 156 1
475 157 1
597 158 1
598 158 1
599 158 1
2 159 1
169 159 1
50 160 1
94 160 1
161 160 1
319 160 1
354 160 1
50 161 1
94 161 1
160 161 1
319 161 1
354 161 1
323 162 1
429 162 1
430 162 1
83 163 2
99 163 1
237 163 1
303 163 1
328 163 1
329 163 1
331 163 1
542 163 1
74 164 1
75 164 1
77 164 1
79 164 1
147 164 1
127 165 1
530 165 1
203 166 1
340 166 1
719 166 1
138 167 1
154 168 1
571 168 1
572 168 1
573 168 1
574 168 1
575 168 1
576 168 1
2 169 1
159 169 1
175 169 1
293 169 1
336 169 2
509 169 1
49 170 1
130 170 1
368 170 1
636 170 1
369 171 1
442 171 1
438 172 1
10 173 1
126 173 1
129 173 1
220 173 1
224 173 1
154 174 1
343 174 1
169 175 1
336 175 1
133 176 3
370 176 1
372 176 1
376 176 2
713 176 1
140 177 1
151 177 1
468 178 1
182 179 1
188 179 1
218 179 1
270 179 1
26 180 1
131 180 1
205 180 1
230 180 1
302 180 2
311 180 1
312 180 1
421 180 1
611 180 1
612 180 1
613 180 1
250 181 1
704 181 1
179 182 1
188 182 1
218 182 1
270 182 1
68 183 1
136 184 1
211 184 1
550 184 1
714 184 1
83 185 1
195 185 1
199 185 1
234 185 1
547 185 1
677 185 1
244 186 1
251 186 1
258 186 1
325 186 1
326 186 1
342 186 1
697 186 1
83 187 1
86 187 1
237 187 1
266 187 1
355 187 1
358 187 1
531 187 2
179 188 1
182 188 1
218 188 1
270 188 1
88 189 1
130 189 1
148 189 1
215 189 1
217 189 1
262 189 1
384 189 1
385 189 1
469 189 1
600 189 1
681 189 1
122 190 1
295 190 1
427 190 1
125 191 1
263 191 1
122 192 1
196 192 1
306 192 1
508 192 1
41 193 1
84 193 1
198 193 1
257 193 1
279 193 1
200 194 1
83 195 1
185 195 1
677 195 1
192 196 1
457 197 1
41 198 1
84 198 1
114 198 1
193 198 1
212 198 1
257 198 1
275 198 1
279 198 1
586 198 1
587 198 1
185 199 1
234 199 1
268 199 1
294 199 1
547 199 1
194 200 1
693 200 1
694 200 1
695 200 1
203 201 2
242 201 2
453 201 1
454 201 1
87 202 1
381 202 1
682 202 1
9 203 1
166 203 1
201 203 2
240 203 1
242 203 2
245 203 1
246 203 1
339 203 2
340 203 2
388 203 1
391 203 3
434 203 1
453 203 1
454 203 1
532 203 1
719 203 2
378 204 2
379 204 1
497 204 1
26 205 1
131 205 1
180 205 1
230 205 1
421 205 1
723 205 1
521 206 1
522 206 1
119 207 1
269 207 1
341 207 1
344 207 1
359 207 1
718 207 2
733 207 1
58 208 1
134 208 1
492 208 1
97 209 1
249 209 1
350 209 1
535 210 1
136 211 1
184 211 1
550 211 1
114 212 1
198 212 1
275 212 1
586 212 1
587 212 1
137 213 1
228 213 1
337 213 1
500 213 1
648 213 1
649 213 1
744 213 1
156 214 1
228 214 1
366 214 2
367 214 1
433 214 1
189 215 1
681 215 1
148 216 1
225 216 1
130 217 1
189 217 1
262 217 1
179 218 1
182 218 1
188 218 1
270 218 1
584 219 1
585 219 1
10 220 1
126 220 1
129 220 1
173 220 1
224 220 1
309 221 1
313 221 1
374 221 1
55 222 1
259 222 1
83 223 1
260 223 1
10 224 1
48 224 1
108 224 1
126 224 1
129 224 2
173 224 1
220 224 1
148 225 1
216 225 1
567 226 1
63 227 1
105 227 1
446 227 1
447 227 1
448 227 1
137 228 2
213 228 1
214 228 1
337 228 2
366 228 1
367 228 1
500 228 1
647 228 1
648 228 2
649 228 2
650 228 1
744 228 1
321 229 1
322 229 1
468 229 1
496 229 1
26 230 1
131 230 1
180 230 1
205 230 1
421 230 1
5 231 1
364 231 3
491 231 3
494 231 1
495 231 1
557 231 1
558 231 1
321 232 2
322 232 1
479 232 1
484 232 1
337 233 1
500 233 1
185 234 1
199 234 1
547 234 1
273 235 1
47 236 1
148 236 1
506 236 1
507 236 1
99 237 1
163 237 1
187 237 1
252 237 1
266 237 1
329 237 1
352 237 1
358 237 1
531 237 1
746 237 1
284 238 1
422 238 1
423 238 1
424 238 1
425 238 1
724 238 1
725 238 1
243 239 1
747 239 1
32 240 1
68 240 1
203 240 1
349 240 2
390 240 1
391 240 1
528 240 1
529 240 1
607 240 2
722 240 1
428 241 1
201 242 2
203 242 2
453 242 1
454 242 1
8 243 1
61 243 1
134 243 1
239 243 1
247 243 1
492 243 1
747 243 1
186 244 1
251 244 2
325 244 1
326 244 1
377 244 1
683 244 1
730 244 1
731 244 1
152 245 1
203 245 1
339 245 1
391 245 1
432 245 1
532 245 1
203 246 1
339 246 1
391 246 1
61 247 1
243 247 1
564 247 1
330 248 1
97 249 1
209 249 1
318 249 1
350 249 1
659 249 1
181 250 1
704 250 1
88 251 1
89 251 1
186 251 1
244 251 2
325 251 1
326 251 1
401 251 1
463 251 1
559 251 1
560 251 1
561 251 1
562 251 1
730 251 1
731 251 1
237 252 1
746 252 1
631 253 1
46 254 1
111 254 1
476 254 1
272 255 1
486 255 1
560 255 1
702 255 1
41 256 1
523 256 1
41 257 1
84 257 1
193 257 1
198 257 1
279 257 1
186 258 1
342 258 1
697 258 1
55 259 1
222 259 1
83 260 1
223 260 1
365 261 1
703 261 1
130 262 1
189 262 1
217 262 1
25 263 1
125 263 1
191 263 1
302 263 1
689 264 1
690 264 1
691 264 1
692 264 1
277 265 1
282 265 1
187 266 1
237 266 1
358 266 1
531 266 1
292 267 2
656 267 2
657 267 1
658 267 2
659 267 2
199 268 1
294 268 1
207 269 1
341 269 1
91 270 1
179 270 1
182 270 1
188 270 1
218 270 1
271 270 1
416 270 1
417 270 2
418 270 1
442 270 1
608 270 1
709 270 2
710 270 1
91 271 1
270 271 1
344 271 1
369 271 2
493 271 1
41 272 1
255 272 1
485 272 1
486 272 2
560 272 1
702 272 2
235 273 1
39 274 1
40 274 1
300 274 1
301 274 1
321 274 2
455 274 1
456 274 1
460 274 2
480 274 1
481 274 1
643 274 1
644 274 1
114 275 2
198 275 1
212 275 1
586 275 2
587 275 3
652 275 1
517 276 1
518 276 1
519 276 1
520 276 1
265 277 1
282 277 1
302 278 1
308 278 1
565 278 1
566 278 1
41 279 1
84 279 1
193 279 1
198 279 1
257 279 1
705 280 1
706 280 1
707 280 1
708 280 1
118 281 1
456 281 1
502 281 1
626 281 1
265 282 1
277 282 1
732 283 1
238 284 1
471 285 1
101 286 1
591 286 1
592 286 1
83 287 1
288 287 1
290 287 1
308 287 1
83 288 1
287 288 1
290 288 1
308 288 1
601 289 1
83 290 1
287 290 1
288 290 1
308 290 1
1 291 1
133 291 1
371 291 1
641 291 1
720 291 1
267 292 2
656 292 2
657 292 1
658 292 2
659 292 2
169 293 1
336 293 1
509 293 1
199 294 1
268 294 1
190 295 1
663 295 1
664 295 1
665 295 1
313 296 1
323 296 1
374 296 1
461 296 1
470 296 1
737 296 1
33 297 1
383 297 1
590 297 1
653 298 1
338 299 1
274 300 1
321 300 1
460 300 1
480 300 1
481 300 1
39 301 1
40 301 2
274 301 1
332 301 1
333 301 1
643 301 1
644 301 1
699 301 1
180 302 2
263 302 1
278 302 1
565 302 1
566 302 1
611 302 1
612 302 1
613 302 1
83 303 1
163 303 1
328 303 1
542 303 1
335 304 2
684 305 1
685 305 1
4 306 1
122 306 2
192 306 1
508 306 1
66 307 1
80 307 1
83 308 2
278 308 1
287 308 1
288 308 1
290 308 1
221 309 1
313 309 1
374 309 1
47 310 2
53 310 1
134 310 1
180 311 1
312 311 1
180 312 1
311 312 1
221 313 1
296 313 1
309 313 1
314 313 1
315 313 1
324 313 1
357 313 1
359 313 1
374 313 2
461 313 1
462 313 1
464 313 1
500 313 1
313 314 1
315 314 1
102 315 1
117 315 1
313 315 1
314 315 1
317 315 1
357 315 1
362 315 1
408 315 1
409 315 1
548 315 1
549 315 1
609 315 1
727 315 1
728 315 1
734 315 1
735 315 1
369 316 1
410 316 1
411 316 1
412 316 1
524 316 1
525 316 1
526 316 1
315 317 1
249 318 1
50 319 1
94 319 1
160 319 1
161 319 1
354 319 1
373 320 1
452 320 1
508 320 1
569 320 2
570 320 1
637 320 1
736 320 1
229 321 1
232 321 2
274 321 2
300 321 1
322 321 2
460 321 2
479 321 1
480 321 1
481 321 1
484 321 1
496 321 1
614 321 1
229 322 1
232 322 1
321 322 2
479 322 1
496 322 1
162 323 1
296 323 1
429 323 1
430 323 1
470 323 1
737 323 1
313 324 1
462 324 1
186 325 1
244 325 1
251 325 1
326 325 1
186 326 1
244 326 1
251 326 1
325 326 1
19 327 1
83 328 1
163 328 1
303 328 1
542 328 1
99 329 1
163 329 1
237 329 1
248 330 1
83 331 1
163 331 1
40 332 1
301 332 1
333 332 1
699 332 1
40 333 1
301 333 1
332 333 1
699 333 1
20 334 1
141 334 1
304 335 2
169 336 2
175 336 1
293 336 1
509 336 1
137 337 2
213 337 1
228 337 2
233 337 1
431 337 1
500 337 2
647 337 1
648 337 2
649 337 2
650 337 1
744 337 1
299 338 1
203 339 2
245 339 1
246 339 1
391 339 2
532 339 1
166 340 1
203 340 2
388 340 1
719 340 2
207 341 1
269 341 1
186 342 1
258 342 1
697 342 1
154 343 1
174 343 1
119 344 1
207 344 1
271 344 1
369 344 2
65 345 1
347 345 1
348 345 1
676 345 1
347 346 1
348 346 1
568 346 1
345 347 1
346 347 1
348 347 4
363 347 1
501 347 1
527 347 1
568 347 1
345 348 1
346 348 1
347 348 4
363 348 1
501 348 1
527 348 1
568 348 1
32 349 1
240 349 2
390 349 1
97 350 1
209 350 1
249 350 1
115 351 1
116 351 1
237 352 1
534 353 1
50 354 1
94 354 1
160 354 1
161 354 1
319 354 1
83 355 1
86 355 1
187 355 1
531 355 1
135 356 1
398 356 1
551 356 1
552 356 1
553 356 1
313 357 1
315 357 1
359 357 1
500 357 1
548 357 1
549 357 1
187 358 1
237 358 1
266 358 1
531 358 1
207 359 1
313 359 1
357 359 1
500 359 1
361 360 1
360 361 1
102 362 1
315 362 1
727 362 1
728 362 1
347 363 1
348 363 1
501 363 1
231 364 3
491 364 5
667 364 1
717 364 1
261 365 1
703 365 1
156 366 1
214 366 2
228 366 1
367 366 1
433 366 1
214 367 1
228 367 1
366 367 1
170 368 1
636 368 1
171 369 1
271 369 2
316 369 1
344 369 2
442 369 1
493 369 1
524 369 1
525 369 1
526 369 1
133 370 1
176 370 1
372 370 1
376 370 1
1 371 1
133 371 2
291 371 1
376 371 1
641 371 2
642 371 1
720 371 1
133 372 1
176 372 1
370 372 1
376 372 1
320 373 1
736 373 1
221 374 1
296 374 1
309 374 1
313 374 2
461 374 1
28 375 1
133 376 4
176 376 2
370 376 1
371 376 1
372 376 1
641 376 2
642 376 1
244 377 1
683 377 1
204 378 2
379 378 1
497 378 1
204 379 1
378 379 1
44 380 1
52 380 1
62 380 1
729 380 1
87 381 1
202 381 1
682 381 1
630 382 1
33 383 1
297 383 1
590 383 1
88 384 1
148 384 1
189 384 1
385 384 1
469 384 1
88 385 1
148 385 1
189 385 1
384 385 1
469 385 1
671 386 1
619 387 1
620 387 1
203 388 1
340 388 1
719 388 1
22 389 1
35 389 1
32 390 1
109 390 1
240 390 1
349 390 1
604 390 1
203 391 3
240 391 1
245 391 1
246 391 1
339 391 2
532 391 1
102 392 1
482 392 1
483 392 1
42 393 1
403 393 1
395 394 1
396 394 1
394 395 1
396 395 1
394 396 1
395 396 1
544 397 1
545 397 1
546 397 1
135 398 1
356 398 1
551 398 1
552 398 1
553 398 1
6 399 1
400 399 1
6 400 2
113 400 1
399 400 1
662 400 1
251 401 1
404 402 1
42 403 1
393 403 1
402 404 1
71 405 1
407 406 1
406 407 1
315 408 1
409 408 1
315 409 1
408 409 1
316 410 1
411 410 1
316 411 1
410 411 1
316 412 1
414 413 1
415 413 1
413 414 1
415 414 1
413 415 1
414 415 1
270 416 1
417 416 1
418 416 1
270 417 2
416 417 1
418 417 1
608 417 1
270 418 1
416 418 1
417 418 1
106 419 2
420 419 1
106 420 1
419 420 1
26 421 1
131 421 1
180 421 1
205 421 1
230 421 1
238 422 1
423 422 1
424 422 1
425 422 1
238 423 1
422 423 1
424 423 1
425 423 1
238 424 1
422 424 1
423 424 1
425 424 1
238 425 1
422 425 1
423 425 1
424 425 1
96 426 1
122 427 1
190 427 1
241 428 1
162 429 1
323 429 1
430 429 1
162 430 1
323 430 1
429 430 1
337 431 1
152 432 1
245 432 1
156 433 1
214 433 1
366 433 1
203 434 1
436 435 1
437 435 1
435 436 1
437 436 1
435 437 1
436 437 1
172 438 1
132 439 1
441 440 1
440 441 1
171 442 1
270 442 1
369 442 1
82 443 1
124 443 1
444 443 1
445 443 1
82 444 1
124 444 1
443 444 1
445 444 1
82 445 1
124 445 1
443 445 1
444 445 1
63 446 1
105 446 1
227 446 1
447 446 1
448 446 1
63 447 1
105 447 1
227 447 1
446 447 1
448 447 1
63 448 1
105 448 1
227 448 1
446 448 1
447 448 1
450 449 1
451 449 1
449 450 1
451 450 1
449 451 1
450 451 1
320 452 1
201 453 1
203 453 1
242 453 1
454 453 1
201 454 1
203 454 1
242 454 1
453 454 1
274 455 1
456 455 1
274 456 1
281 456 1
455 456 1
197 457 1
17 458 1
27 458 1
459 458 1
17 459 1
27 459 1
458 459 1
274 460 2
300 460 1
321 460 2
480 460 1
481 460 1
296 461 1
313 461 1
374 461 1
313 462 1
324 462 1
251 463 1
313 464 1
466 465 1
467 465 1
468 465 2
465 466 1
467 466 1
468 466 1
465 467 1
466 467 1
468 467 1
178 468 1
229 468 1
465 468 2
466 468 1
467 468 1
610 468 1
678 468 1
679 468 1
680 468 1
88 469 1
148 469 1
189 469 1
384 469 1
385 469 1
68 470 1
296 470 1
323 470 1
737 470 1
285 471 1
90 472 1
474 473 1
473 474 1
157 475 1
46 476 1
111 476 1
254 476 1
478 477 1
477 478 1
232 479 1
321 479 1
322 479 1
274 480 1
300 480 1
321 480 1
460 480 1
481 480 1
274 481 1
300 481 1
321 481 1
460 481 1
480 481 1
102 482 1
392 482 1
483 482 1
102 483 1
392 483 1
482 483 1
232 484 1
321 484 1
272 485 1
486 485 1
255 486 1
272 486 2
485 486 1
560 486 1
702 486 1
153 487 1
488 487 1
153 488 1
487 488 1
37 489 1
490 489 1
37 490 1
489 490 1
231 491 3
364 491 5
667 491 1
717 491 1
8 492 1
58 492 1
134 492 2
208 492 1
243 492 1
271 493 1
369 493 1
231 494 1
231 495 1
229 496 1
321 496 1
322 496 1
204 497 1
378 497 1
499 498 1
498 499 1
137 500 1
213 500 1
228 500 1
233 500 1
313 500 1
337 500 2
357 500 1
359 500 1
648 500 1
649 500 1
744 500 1
347 501 1
348 501 1
363 501 1
281 502 1
19 503 1
121 503 1
150 504 1
505 504 1
150 505 1
504 505 1
47 506 1
148 506 1
236 506 1
507 506 1
47 507 1
148 507 1
236 507 1
506 507 1
122 508 1
192 508 1
306 508 1
320 508 1
569 508 1
570 508 1
169 509 1
293 509 1
336 509 1
130 510 1
511 510 1
512 510 1
513 510 1
514 510 1
130 511 1
510 511 1
512 511 1
513 511 1
514 511 1
130 512 1
510 512 1
511 512 1
513 512 1
514 512 1
130 513 1
510 513 1
511 513 1
512 513 1
514 513 1
130 514 1
510 514 1
511 514 1
512 514 1
513 514 1
123 515 1
516 515 1
123 516 1
515 516 1
276 517 1
518 517 1
519 517 1
520 517 1
276 518 1
517 518 1
519 518 1
520 518 1
276 519 1
517 519 1
518 519 1
520 519 1
276 520 1
517 520 1
518 520 1
519 520 1
206 521 1
522 521 1
206 522 1
521 522 1
41 523 1
256 523 1
316 524 1
369 524 1
525 524 1
526 524 1
316 525 1
369 525 1
524 525 1
526 525 1
316 526 1
369 526 1
524 526 1
525 526 1
347 527 1
348 527 1
240 528 1
529 528 1
240 529 1
528 529 1
127 530 1
165 530 1
83 531 1
86 531 1
187 531 2
237 531 1
266 531 1
355 531 1
358 531 1
203 532 1
245 532 1
339 532 1
391 532 1
21 533 1
353 534 1
210 535 1
139 536 1
9 537 2
539 538 1
540 538 1
541 538 1
538 539 1
540 539 1
541 539 1
538 540 1
539 540 1
541 540 1
538 541 1
539 541 1
540 541 1
83 542 1
163 542 1
303 542 1
328 542 1
3 543 1
70 543 2
103 543 2
104 543 1
397 544 1
545 544 1
546 544 1
397 545 1
544 545 1
546 545 1
397 546 1
544 546 1
545 546 1
185 547 1
199 547 1
234 547 1
315 548 1
357 548 1
549 548 1
315 549 1
357 549 1
548 549 1
136 550 1
184 550 1
211 550 1
135 551 1
356 551 1
398 551 1
552 551 1
553 551 1
135 552 1
356 552 1
398 552 1
551 552 1
553 552 1
135 553 1
356 553 1
398 553 1
551 553 1
552 553 1
155 554 1
555 554 1
556 554 1
155 555 1
554 555 1
556 555 1
155 556 1
554 556 1
555 556 1
231 557 1
558 557 1
231 558 1
557 558 1
88 559 1
89 559 1
251 559 1
560 559 1
561 559 1
562 559 1
88 560 1
89 560 1
251 560 1
255 560 1
272 560 1
486 560 1
559 560 1
561 560 1
562 560 1
702 560 1
88 561 1
89 561 1
251 561 1
559 561 1
560 561 1
562 561 1
88 562 1
89 562 1
251 562 1
559 562 1
560 562 1
561 562 1
132 563 1
247 564 1
278 565 1
302 565 1
566 565 1
278 566 1
302 566 1
565 566 1
226 567 1
346 568 1
347 568 1
348 568 1
320 569 2
508 569 1
570 569 1
637 569 1
320 570 1
508 570 1
569 570 1
154 571 1
168 571 1
572 571 1
573 571 1
574 571 1
575 571 1
576 571 1
154 572 1
168 572 1
571 572 1
573 572 1
574 572 1
575 572 1
576 572 1
154 573 1
168 573 1
571 573 1
572 573 1
574 573 1
575 573 1
576 573 1
154 574 1
168 574 1
571 574 1
572 574 1
573 574 1
575 574 1
576 574 1
154 575 1
168 575 1
571 575 1
572 575 1
573 575 1
574 575 1
576 575 1
154 576 1
168 576 1
571 576 1
572 576 1
573 576 1
574 576 1
575 576 1
578 577 1
579 577 1
577 578 1
579 578 1
577 579 1
578 579 1
88 580 1
581 580 1
582 580 1
88 581 1
580 581 1
582 581 1
88 582 1
580 582 1
581 582 1
110 583 1
219 584 1
585 584 1
219 585 1
584 585 1
114 586 3
198 586 1
212 586 1
275 586 2
587 586 2
668 586 1
114 587 2
198 587 1
212 587 1
275 587 3
586 587 2
652 587 1
97 588 1
589 588 1
97 589 1
588 589 1
33 590 1
297 590 1
383 590 1
101 591 1
286 591 1
592 591 1
101 592 1
286 592 1
591 592 1
67 593 1
594 593 1
67 594 1
593 594 1
85 595 1
100 596 1
101 596 1
158 597 1
598 597 1
599 597 1
158 598 1
597 598 1
599 598 1
158 599 1
597 599 1
598 599 1
189 600 1
289 601 1
92 602 1
97 602 1
146 602 1
603 602 1
92 603 1
97 603 1
146 603 1
602 603 1
109 604 1
390 604 1
606 605 1
605 606 1
240 607 2
270 608 1
417 608 1
315 609 1
468 610 1
180 611 1
302 611 1
612 611 1
613 611 1
180 612 1
302 612 1
611 612 1
613 612 1
180 613 1
302 613 1
611 613 1
612 613 1
321 614 1
616 615 1
617 615 1
618 615 1
615 616 1
617 616 2
618 616 1
640 616 1
615 617 1
616 617 2
618 617 1
640 617 1
615 618 1
616 618 1
617 618 1
387 619 1
620 619 1
387 620 1
619 620 1
112 621 1
622 621 1
623 621 1
624 621 1
625 621 1
112 622 1
621 622 1
623 622 1
624 622 1
625 622 1
112 623 1
621 623 1
622 623 1
624 623 1
625 623 1
112 624 1
621 624 1
622 624 1
623 624 1
625 624 1
112 625 1
621 625 1
622 625 1
623 625 1
624 625 1
281 626 1
628 627 1
629 627 1
627 628 1
629 628 1
627 629 1
628 629 1
382 630 1
253 631 1
633 632 1
634 632 1
635 632 1
632 633 1
634 633 1
635 633 1
632 634 1
633 634 1
635 634 1
632 635 1
633 635 1
634 635 1
170 636 1
368 636 1
320 637 1
569 637 1
639 638 1
638 639 1
616 640 1
617 640 1
1 641 1
133 641 3
291 641 1
371 641 2
376 641 2
642 641 1
720 641 1
133 642 1
371 642 1
376 642 1
641 642 1
39 643 1
40 643 1
274 643 1
301 643 1
644 643 1
39 644 1
40 644 1
274 644 1
301 644 1
643 644 1
18 645 1
23 645 1
646 645 1
18 646 1
23 646 1
645 646 1
137 647 1
228 647 1
337 647 1
648 647 1
649 647 1
650 647 1
137 648 2
213 648 1
228 648 2
337 648 2
500 648 1
647 648 1
649 648 2
650 648 1
744 648 1
137 649 2
213 649 1
228 649 2
337 649 2
500 649 1
647 649 1
648 649 2
650 649 1
744 649 1
137 650 1
228 650 1
337 650 1
647 650 1
648 650 1
649 650 1
93 651 1
275 652 1
587 652 1
298 653 1
56 654 1
57 654 1
59 654 1
81 655 1
267 656 2
292 656 2
657 656 1
658 656 2
659 656 2
267 657 1
292 657 1
656 657 1
658 657 1
659 657 1
267 658 2
292 658 2
656 658 2
657 658 1
659 658 2
249 659 1
267 659 2
292 659 2
656 659 2
657 659 1
658 659 2
107 660 1
661 660 1
107 661 1
660 661 1
6 662 1
113 662 1
400 662 1
295 663 1
664 663 1
665 663 1
295 664 1
663 664 1
665 664 1
295 665 1
663 665 1
664 665 1
51 666 1
364 667 1
491 667 1
114 668 1
586 668 1
12 669 1
670 669 1
12 670 1
669 670 1
386 671 1
138 672 1
673 672 1
674 672 1
675 672 1
138 673 1
672 673 1
674 673 1
675 673 1
138 674 1
672 674 1
673 674 1
675 674 1
138 675 1
672 675 1
673 675 1
674 675 1
65 676 1
345 676 1
83 677 1
185 677 1
195 677 1
468 678 1
679 678 1
680 678 1
468 679 1
678 679 1
680 679 1
468 680 1
678 680 1
679 680 1
189 681 1
215 681 1
87 682 1
202 682 1
381 682 1
244 683 1
377 683 1
305 684 1
685 684 1
305 685 1
684 685 1
73 686 1
95 686 1
687 686 1
688 686 1
73 687 1
95 687 1
686 687 1
688 687 1
73 688 1
95 688 1
686 688 1
687 688 1
264 689 1
690 689 1
691 689 1
692 689 1
264 690 1
689 690 1
691 690 1
692 690 1
264 691 1
689 691 1
690 691 1
692 691 1
264 692 1
689 692 1
690 692 1
691 692 1
200 693 1
694 693 1
695 693 1
200 694 1
693 694 1
695 694 1
200 695 1
693 695 1
694 695 1
45 696 1
53 696 1
134 696 1
186 697 1
258 697 1
342 697 1
98 698 1
142 698 1
143 698 1
144 698 1
145 698 1
40 699 1
301 699 1
332 699 1
333 699 1
701 700 1
700 701 1
41 702 1
255 702 1
272 702 2
486 702 1
560 702 1
261 703 1
365 703 1
181 704 1
250 704 1
280 705 1
706 705 1
707 705 1
708 705 1
280 706 1
705 706 1
707 706 1
708 706 1
280 707 1
705 707 1
706 707 1
708 707 1
280 708 1
705 708 1
706 708 1
707 708 1
270 709 2
710 709 1
270 710 1
709 710 1
102 711 1
712 711 1
102 712 1
711 712 1
133 713 1
176 713 1
184 714 1
7 715 1
716 715 1
7 716 1
715 716 1
364 717 1
491 717 1
207 718 2
166 719 1
203 719 2
340 719 2
388 719 1
1 720 1
133 720 1
291 720 1
371 720 1
641 720 1
126 721 1
240 722 1
205 723 1
238 724 1
725 724 1
238 725 1
724 725 1
76 726 1
78 726 1
102 727 1
315 727 1
362 727 1
728 727 1
102 728 1
315 728 1
362 728 1
727 728 1
44 729 1
52 729 1
62 729 1
380 729 1
244 730 1
251 730 1
731 730 1
244 731 1
251 731 1
730 731 1
283 732 1
207 733 1
315 734 1
735 734 1
315 735 1
734 735 1
320 736 1
373 736 1
296 737 1
323 737 1
470 737 1
120 738 1
128 738 1
739 738 1
740 738 1
120 739 1
128 739 1
738 739 1
740 739 1
120 740 1
128 740 1
738 740 1
739 740 1
742 741 1
743 741 1
741 742 1
743 742 1
741 743 1
742 743 1
137 744 1
213 744 1
228 744 1
337 744 1
500 744 1
648 744 1
649 744 1
130 745 1
237 746 1
252 746 1
239 747 1
243 747 1
749 748 1
748 749 1
