97 1 1
791 1 1
22 2 1
23 2 1
467 2 1
970 2 1
17 3 1
82 3 1
208 3 1
366 3 1
499 3 1
511 4 1
512 4 1
513 4 1
959 4 1
10 5 1
8 6 2
14 6 2
30 6 3
43 6 2
171 6 1
176 6 1
196 6 2
217 6 1
403 6 1
404 6 1
410 6 1
900 6 1
912 6 2
927 6 1
1015 6 1
1016 6 1
1017 6 1
1107 6 1
1108 6 1
271 7 1
6 8 2
30 8 1
43 8 2
166 8 1
176 8 1
196 8 2
403 8 1
404 8 1
407 8 1
410 8 1
900 8 1
1107 8 1
1108 8 1
271 9 2
5 10 1
12 11 1
142 11 1
11 12 1
142 12 1
30 13 1
6 14 2
30 14 2
217 14 1
912 14 1
927 14 1
40 15 2
41 15 1
221 15 2
588 15 1
589 15 1
594 15 1
149 16 1
221 16 3
588 16 1
1022 16 1
1080 16 1
1081 16 1
3 17 1
82 17 1
208 17 1
366 17 1
499 17 1
78 18 1
20 19 1
211 19 1
463 19 1
865 19 1
892 19 3
1074 19 1
1075 19 1
19 20 1
211 20 1
463 20 1
865 20 1
26 21 1
27 21 1
28 21 1
750 21 1
751 21 1
752 21 1
753 21 1
2 22 1
23 22 1
467 22 1
970 22 1
2 23 1
22 23 1
467 23 1
970 23 1
309 24 1
367 24 1
368 24 1
508 24 1
639 24 1
1096 24 1
195 25 1
197 25 1
444 25 1
21 26 1
27 26 1
28 26 1
750 26 1
751 26 1
752 26 1
753 26 1
21 27 1
26 27 1
28 27 1
750 27 1
751 27 1
752 27 1
753 27 1
21 28 1
26 28 1
27 28 1
750 28 1
751 28 1
752 28 1
753 28 1
249 29 1
749 29 1
812 29 1
813 29 1
814 29 1
6 30 3
8 30 1
13 30 1
14 30 2
43 30 1
176 30 2
177 30 1
196 30 1
217 30 1
404 30 1
900 30 1
912 30 1
927 30 1
170 31 1
302 32 3
530 32 3
551 32 2
908 32 2
909 32 1
910 32 1
1024 32 1
1206 32 1
34 33 3
35 33 2
36 33 3
37 33 3
60 33 1
169 33 1
416 33 1
457 33 1
487 33 1
533 33 1
544 33 1
573 33 2
761 33 1
762 33 1
1107 33 1
1122 33 1
33 34 3
35 34 3
36 34 3
37 34 3
487 34 1
573 34 2
1107 34 1
1122 34 1
33 35 2
34 35 3
36 35 2
37 35 2
573 35 2
33 36 3
34 36 3
35 36 2
37 36 3
487 36 1
573 36 2
1107 36 1
1122 36 1
33 37 3
34 37 3
35 37 2
36 37 3
487 37 1
573 37 2
787 37 1
789 37 2
979 37 1
980 37 1
1107 37 1
1122 37 1
521 38 1
542 38 1
1172 38 1
1149 39 1
1150 39 1
15 40 2
41 40 1
221 40 2
588 40 1
589 40 1
594 40 1
15 41 1
40 41 1
221 41 1
594 41 1
225 42 1
6 43 2
8 43 2
30 43 1
157 43 1
176 43 1
196 43 2
403 43 1
404 43 1
410 43 1
486 43 1
634 43 1
893 43 1
900 43 1
1107 43 1
1108 43 1
64 44 1
88 44 1
150 44 1
288 44 3
996 44 2
1131 44 1
156 45 1
540 45 1
1059 45 1
163 46 1
288 46 1
48 47 1
49 47 1
47 48 1
49 48 1
75 48 1
145 48 2
187 48 1
189 48 1
251 48 1
303 48 1
306 48 2
334 48 1
452 48 1
511 48 2
512 48 1
513 48 2
537 48 1
561 48 1
615 48 1
1102 48 1
1211 48 1
47 49 1
48 49 1
1216 50 1
1217 50 1
200 51 1
458 51 1
459 51 1
460 51 1
842 51 1
181 52 1
265 52 1
587 53 1
1056 53 1
1057 53 1
174 54 1
429 54 1
437 54 1
655 54 1
776 54 1
777 54 1
136 55 1
284 55 1
445 56 1
448 56 1
474 56 1
530 56 1
59 57 1
190 57 1
193 57 1
251 57 1
252 57 1
496 57 1
971 57 1
168 58 1
376 58 1
572 58 1
57 59 1
190 59 1
193 59 1
251 59 1
252 59 1
496 59 1
971 59 1
33 60 1
342 60 1
487 60 1
533 60 1
788 60 1
819 60 1
820 60 1
821 60 1
822 60 1
165 61 1
610 61 1
1071 61 1
393 62 1
450 62 1
768 62 1
769 62 1
303 63 1
309 63 3
391 63 1
456 63 2
545 63 1
580 63 1
590 63 1
1204 63 1
1209 63 1
44 64 1
288 64 1
996 64 1
1131 64 1
288 65 1
678 65 1
271 66 1
105 67 1
121 67 1
171 67 1
356 67 1
403 67 1
699 67 1
234 68 1
244 68 2
276 68 2
361 68 1
370 68 1
405 68 1
408 68 1
463 68 1
469 68 1
470 68 1
504 68 1
528 68 1
559 68 1
693 68 1
704 68 1
1103 68 1
1104 68 1
211 69 1
458 69 1
459 69 1
460 69 1
463 69 1
605 69 1
1115 69 1
1116 69 1
72 70 1
339 71 1
408 71 1
1205 71 1
70 72 1
539 73 1
663 73 1
668 73 1
815 73 1
816 73 1
297 74 1
1143 74 1
1145 74 1
1146 74 1
48 75 1
334 75 1
561 75 1
202 76 1
257 76 1
258 76 1
312 76 1
313 76 1
332 76 1
83 77 1
18 78 1
80 79 1
100 79 1
1037 79 1
79 80 1
100 80 1
1037 80 1
204 81 1
347 81 3
402 81 1
407 81 1
439 81 1
493 81 1
494 81 1
495 81 1
598 81 1
1066 81 1
3 82 1
17 82 1
208 82 1
366 82 1
499 82 1
77 83 1
92 84 2
352 84 1
353 84 1
354 84 2
355 84 2
1129 84 1
1130 84 1
292 85 1
1075 85 1
1109 85 1
157 86 1
233 86 1
308 86 1
311 86 1
388 86 1
401 86 1
890 86 1
891 86 1
763 87 1
764 87 1
765 87 1
766 87 1
767 87 1
44 88 1
150 88 2
288 88 3
996 88 2
228 89 1
555 89 1
789 90 1
985 90 1
99 91 2
957 91 1
958 91 1
960 91 1
84 92 2
352 92 1
353 92 1
354 92 2
355 92 2
1129 92 1
1130 92 1
380 93 1
963 93 1
392 94 3
393 94 3
398 94 2
433 94 1
434 94 1
451 94 1
692 94 1
307 95 1
798 95 1
799 95 1
926 96 1
1 97 1
791 97 1
145 98 1
901 98 1
902 98 1
91 99 2
957 99 1
958 99 1
960 99 1
79 100 1
80 100 1
1037 100 1
263 101 1
1038 101 1
266 102 1
273 102 1
843 102 1
844 102 1
1125 103 1
1126 103 1
152 104 1
431 104 1
703 104 1
67 105 1
121 105 1
171 105 1
356 105 1
403 105 1
699 105 1
121 106 1
426 106 1
774 106 1
866 107 2
1025 107 1
119 108 1
132 108 1
741 108 1
742 108 1
120 109 1
994 109 1
990 110 1
126 111 1
961 111 1
962 111 1
875 112 1
116 113 1
475 113 1
845 113 2
709 114 1
710 114 1
797 114 1
612 115 1
863 115 1
113 116 1
118 117 1
140 117 1
259 117 1
298 117 1
385 117 1
662 117 1
117 118 1
121 118 1
126 118 1
171 118 1
209 118 1
255 118 1
407 118 1
542 118 1
569 118 1
690 118 1
691 118 1
981 118 1
982 118 1
1218 118 1
108 119 1
132 119 1
741 119 1
742 119 1
109 120 1
994 120 1
67 121 1
105 121 1
106 121 1
118 121 1
122 121 1
125 121 1
126 121 1
130 121 1
171 121 2
194 121 1
293 121 1
356 121 1
376 121 2
392 121 1
400 121 1
403 121 1
406 121 2
407 121 4
426 121 5
542 121 2
690 121 1
691 121 1
699 121 1
717 121 1
747 121 1
757 121 1
758 121 3
760 121 3
774 121 2
775 121 1
823 121 2
824 121 1
825 121 1
826 121 1
827 121 1
965 121 1
1225 121 1
1226 121 1
121 122 1
130 122 1
392 122 1
407 122 1
757 122 1
124 123 1
173 123 1
271 123 1
352 123 1
377 123 1
386 123 1
435 123 1
793 123 1
1055 123 2
1139 123 1
1140 123 1
1181 123 1
123 124 1
352 124 1
386 124 1
121 125 1
824 125 1
825 125 1
826 125 1
827 125 1
111 126 1
118 126 1
121 126 1
171 126 1
690 126 1
691 126 1
961 126 1
962 126 1
201 127 1
375 128 1
968 128 1
1007 128 1
134 129 1
121 130 1
122 130 1
392 130 1
407 130 1
757 130 1
676 131 1
677 131 1
108 132 1
119 132 1
741 132 1
742 132 1
727 133 1
129 134 1
411 135 1
55 136 1
284 136 1
216 137 1
660 137 1
661 137 1
276 138 1
382 138 1
401 138 1
1100 139 1
1101 139 1
117 140 1
259 140 1
298 140 1
385 140 1
662 140 1
838 141 1
11 142 1
12 142 1
148 143 1
164 143 1
172 144 1
491 144 1
48 145 2
98 145 1
189 145 1
615 145 1
901 145 1
902 145 1
915 145 1
916 145 1
917 145 1
1102 145 1
786 146 1
416 147 1
143 148 1
164 148 1
16 149 1
221 149 1
588 149 1
1080 149 1
1081 149 1
44 150 1
88 150 2
288 150 2
996 150 2
853 151 2
867 151 1
104 152 1
235 152 1
344 152 1
345 152 6
390 152 1
416 152 1
431 152 2
526 152 1
567 152 1
679 152 1
703 152 1
807 152 2
828 152 2
831 152 1
1052 152 1
1158 152 1
1219 152 1
1220 152 1
1237 152 1
930 153 1
931 153 1
199 154 1
295 154 1
1027 154 1
1028 154 1
1029 154 1
1030 154 1
1031 154 1
1032 154 1
1033 154 1
1034 154 1
1035 154 1
1036 154 1
315 155 1
316 155 1
319 155 1
45 156 1
165 156 1
540 156 1
613 156 1
918 156 1
919 156 1
1059 156 1
43 157 1
86 157 1
233 157 1
308 157 1
410 157 1
486 157 1
634 157 1
888 157 2
890 157 1
891 157 1
893 157 1
1177 157 1
162 158 2
253 158 1
357 158 1
358 158 1
488 158 2
920 158 1
627 159 1
655 160 1
656 160 1
644 161 1
645 161 1
158 162 2
253 162 1
357 162 1
358 162 1
488 162 2
46 163 1
143 164 1
148 164 1
61 165 1
156 165 1
610 165 1
918 165 1
919 165 1
1071 165 1
8 166 1
407 166 2
175 167 1
245 167 1
58 168 1
376 168 1
572 168 1
33 169 1
416 169 1
457 169 1
544 169 1
31 170 1
6 171 1
67 171 1
105 171 1
118 171 1
121 171 2
126 171 1
356 171 1
403 171 1
413 171 1
659 171 1
690 171 1
691 171 1
699 171 1
725 171 1
982 171 1
1014 171 1
1015 171 1
1016 171 1
1017 171 1
144 172 1
491 172 1
123 173 1
271 173 1
793 173 1
54 174 1
429 174 1
437 174 1
615 174 1
655 174 1
776 174 1
777 174 1
167 175 1
245 175 1
6 176 1
8 176 1
30 176 2
43 176 1
177 176 1
196 176 1
404 176 1
900 176 1
30 177 1
176 177 1
186 178 1
772 178 1
1058 179 1
383 180 1
492 180 1
934 180 1
935 180 1
936 180 1
52 181 1
265 181 1
213 182 1
486 183 1
895 183 2
523 184 2
573 184 1
1062 184 1
1063 184 1
1064 184 2
1065 184 2
419 185 1
178 186 1
772 186 1
48 187 1
251 187 1
303 187 1
452 187 1
923 188 1
924 188 1
48 189 1
145 189 1
57 190 1
59 190 1
193 190 1
251 190 1
252 190 1
496 190 1
971 190 1
423 191 1
427 191 1
505 191 1
1097 191 1
391 192 1
394 192 1
1147 192 1
57 193 1
59 193 1
190 193 1
251 193 1
252 193 1
496 193 1
971 193 1
121 194 1
758 194 1
823 194 1
965 194 1
25 195 1
197 195 1
6 196 2
8 196 2
30 196 1
43 196 2
176 196 1
403 196 1
404 196 1
410 196 1
900 196 1
1107 196 1
1108 196 1
25 197 1
195 197 1
507 198 1
532 198 1
154 199 1
295 199 1
1027 199 1
1028 199 1
1029 199 1
1030 199 1
1031 199 1
1032 199 1
1033 199 1
1034 199 1
1035 199 1
1036 199 1
51 200 1
458 200 1
459 200 1
460 200 1
842 200 1
127 201 1
76 202 1
257 202 1
258 202 1
312 202 1
313 202 1
332 202 1
937 203 1
81 204 1
493 204 1
494 204 1
495 204 1
1141 205 1
297 206 1
911 206 1
1162 206 1
818 207 1
1078 207 1
1079 207 1
3 208 1
17 208 1
82 208 1
366 208 1
449 208 1
499 208 1
118 209 1
1218 209 1
380 210 1
409 210 1
466 210 1
754 210 1
19 211 1
20 211 1
69 211 1
458 211 2
459 211 2
460 211 2
461 211 1
462 211 1
463 211 6
605 211 1
864 211 1
865 211 1
1115 211 1
1116 211 1
335 212 1
882 212 1
883 212 1
884 212 1
885 212 1
182 213 1
325 213 1
421 213 1
474 213 1
506 213 1
515 213 1
530 213 1
581 213 1
709 213 1
782 213 1
783 213 1
784 213 1
785 213 1
928 213 1
929 213 1
1192 213 1
1193 213 1
1194 213 1
1232 213 1
702 214 1
974 214 1
541 215 1
1060 215 1
1061 215 1
137 216 1
660 216 1
661 216 1
6 217 1
14 217 1
30 217 1
912 217 1
927 217 1
858 218 1
859 218 1
232 219 1
609 219 1
657 219 1
658 219 1
659 219 1
682 219 1
683 219 1
905 219 1
781 220 1
15 221 2
16 221 3
40 221 2
41 221 1
149 221 1
588 221 2
589 221 1
594 221 1
1022 221 1
1080 221 1
1081 221 1
792 222 1
603 223 1
837 223 1
1077 224 1
1137 224 1
1138 224 1
42 225 1
680 225 2
794 225 1
922 225 2
1003 225 1
1004 225 1
1094 225 1
1207 225 1
787 226 2
788 226 1
789 226 2
790 226 2
238 227 1
239 227 1
89 228 1
232 228 1
555 228 1
933 228 1
1124 229 1
661 230 1
969 230 1
372 231 1
373 231 1
503 231 1
531 231 1
746 231 1
219 232 1
228 232 1
609 232 1
657 232 1
658 232 1
659 232 1
933 232 1
86 233 1
157 233 1
308 233 1
890 233 1
891 233 1
68 234 1
310 234 1
370 234 1
408 234 1
600 234 1
693 234 1
152 235 1
431 235 1
567 235 1
1158 235 1
486 236 1
1180 236 1
239 237 1
352 237 1
440 237 1
480 237 2
558 237 1
642 237 1
925 237 1
227 238 1
239 238 1
324 238 1
357 238 1
359 238 1
360 238 1
583 238 1
671 238 1
687 238 1
688 238 1
689 238 1
1012 238 1
227 239 1
237 239 1
238 239 1
352 239 2
480 239 1
597 239 1
1095 239 1
921 240 1
332 241 1
333 241 1
1093 241 1
932 242 1
1201 243 1
1202 243 1
1203 243 1
68 244 2
405 244 1
463 244 1
504 244 1
559 244 1
704 244 1
167 245 1
175 245 1
326 246 1
602 246 1
604 246 1
248 247 1
854 247 1
855 247 1
856 247 1
857 247 1
247 248 1
854 248 1
855 248 1
856 248 1
857 248 1
29 249 1
276 249 1
326 249 1
327 249 1
508 249 1
602 249 1
749 249 1
1148 249 1
643 250 1
1167 250 1
1168 250 1
48 251 1
57 251 1
59 251 1
187 251 1
190 251 1
193 251 1
252 251 1
303 251 1
452 251 1
496 251 1
971 251 1
57 252 1
59 252 1
190 252 1
193 252 1
251 252 1
496 252 1
971 252 1
158 253 1
162 253 1
357 253 1
358 253 1
488 253 1
416 254 1
524 254 1
118 255 1
981 255 1
982 255 1
1010 256 1
1011 256 1
76 257 1
202 257 1
258 257 1
312 257 1
313 257 1
332 257 1
76 258 1
202 258 1
257 258 1
312 258 1
313 258 1
332 258 1
117 259 1
140 259 1
298 259 1
385 259 1
662 259 1
274 260 1
412 260 1
508 260 1
705 260 1
706 260 1
707 260 1
708 260 1
262 261 1
264 261 1
287 261 1
261 262 1
264 262 1
287 262 1
101 263 1
1038 263 1
261 264 1
262 264 1
287 264 1
52 265 1
181 265 1
102 266 1
273 266 1
843 266 1
844 266 1
304 267 1
420 267 1
441 267 1
538 267 1
546 267 1
547 267 1
285 268 1
286 268 1
270 269 1
517 269 1
903 269 1
904 269 1
269 270 1
517 270 1
903 270 1
904 270 1
7 271 1
9 271 2
66 271 1
123 271 1
173 271 1
290 271 1
291 271 1
745 271 1
793 271 1
273 272 1
102 273 1
266 273 1
272 273 1
322 273 1
811 273 2
843 273 1
844 273 1
850 273 1
851 273 1
852 273 1
1173 273 1
1174 273 1
1175 273 1
1176 273 1
260 274 1
412 274 1
413 274 1
508 274 1
571 274 1
584 274 1
705 274 1
706 274 1
707 274 1
708 274 1
324 275 2
609 275 1
874 275 1
1005 275 1
1006 275 1
68 276 2
138 276 1
249 276 1
323 276 1
326 276 1
327 276 1
340 276 1
361 276 2
401 276 2
469 276 1
470 276 1
481 276 1
482 276 2
508 276 1
528 276 1
578 276 1
646 276 2
711 276 2
712 276 3
713 276 1
714 276 2
886 276 1
887 276 1
978 276 1
1009 276 1
1103 276 1
1104 276 1
278 277 1
279 277 1
280 277 1
281 277 1
277 278 1
279 278 1
280 278 1
281 278 1
277 279 1
278 279 1
280 279 1
281 279 1
277 280 1
278 280 1
279 280 1
281 280 1
277 281 1
278 281 1
279 281 1
280 281 1
283 282 1
1001 282 1
1002 282 1
282 283 1
1001 283 1
1002 283 1
55 284 1
136 284 1
268 285 1
286 285 1
268 286 1
285 286 1
261 287 1
262 287 1
264 287 1
44 288 3
46 288 1
64 288 1
65 288 1
88 288 3
150 288 2
678 288 1
996 288 3
1131 288 1
939 289 1
940 289 1
271 290 1
291 290 1
271 291 1
290 291 1
85 292 1
1075 292 1
1109 292 1
121 293 1
426 293 1
756 294 1
154 295 1
199 295 1
1027 295 1
1028 295 1
1029 295 1
1030 295 1
1031 295 1
1032 295 1
1033 295 1
1034 295 1
1035 295 1
1036 295 1
718 296 1
74 297 1
206 297 1
314 297 1
1143 297 1
1145 297 1
1146 297 1
117 298 1
140 298 1
259 298 1
385 298 1
662 298 1
345 299 1
432 299 1
472 299 1
535 299 1
550 299 1
694 300 1
695 300 1
696 300 1
697 300 1
698 300 1
320 301 1
879 301 1
880 301 1
881 301 1
32 302 3
530 302 1
1024 302 1
48 303 1
63 303 1
187 303 1
251 303 1
385 303 1
452 303 1
500 303 1
511 303 1
513 303 1
537 303 1
590 303 1
267 304 1
349 304 1
420 304 2
441 304 1
455 304 1
538 304 1
546 304 1
547 304 1
576 304 1
1132 304 1
573 305 1
681 305 1
48 306 2
511 306 2
512 306 1
513 306 2
95 307 1
798 307 1
799 307 1
86 308 1
157 308 1
233 308 1
890 308 1
891 308 1
24 309 1
63 309 3
367 309 1
368 309 1
391 309 1
456 309 3
508 309 2
545 309 1
580 309 1
601 309 1
614 309 1
633 309 1
639 309 1
1096 309 1
1204 309 1
1209 309 1
234 310 1
86 311 1
388 311 1
401 311 1
76 312 1
202 312 1
257 312 1
258 312 1
313 312 1
332 312 1
76 313 1
202 313 1
257 313 1
258 313 1
312 313 1
332 313 1
297 314 1
381 314 2
382 314 1
755 314 1
1047 314 1
155 315 1
316 315 1
319 315 1
155 316 1
315 316 1
319 316 1
732 317 1
733 317 1
637 318 1
638 318 1
1151 318 1
1152 318 1
1153 318 1
1154 318 1
1155 318 1
155 319 1
315 319 1
316 319 1
301 320 1
879 320 1
880 320 1
881 320 1
838 321 1
839 321 1
840 321 1
841 321 1
273 322 1
276 323 1
1009 323 1
238 324 1
275 324 2
421 324 1
519 324 1
583 324 1
609 324 1
611 324 1
838 324 1
874 324 1
1006 324 1
213 325 1
506 325 1
709 325 1
782 325 1
783 325 1
784 325 1
785 325 1
246 326 1
249 326 1
276 326 1
327 326 1
455 326 1
508 326 1
602 326 1
604 326 1
249 327 1
276 327 1
326 327 1
508 327 1
331 328 1
519 329 1
520 329 1
685 329 1
686 329 1
846 330 1
328 331 1
76 332 1
202 332 1
241 332 1
257 332 1
258 332 1
312 332 1
313 332 1
333 332 1
1093 332 1
241 333 1
332 333 1
1093 333 1
48 334 1
75 334 1
408 334 1
416 334 1
473 334 1
561 334 1
1214 334 1
1215 334 1
212 335 1
882 335 1
883 335 1
884 335 1
885 335 1
1067 336 1
1068 336 1
1069 336 1
1070 336 1
352 337 1
568 337 1
1128 337 1
868 338 1
869 338 1
71 339 1
408 339 1
1205 339 1
276 340 1
482 340 1
711 340 1
712 340 2
713 340 2
714 340 1
464 341 1
817 341 1
60 342 1
487 342 1
788 342 1
819 342 1
820 342 1
821 342 1
822 342 1
787 343 1
1086 343 1
1087 343 1
152 344 1
390 344 1
1219 344 1
1220 344 1
152 345 6
299 345 1
399 345 1
472 345 1
526 345 1
534 345 1
535 345 3
549 345 1
636 345 1
679 345 1
759 345 1
795 345 1
806 345 1
807 345 5
1013 345 1
1212 345 1
1213 345 1
964 346 1
81 347 3
407 347 1
427 348 1
304 349 1
382 349 1
386 349 1
455 349 2
476 349 1
486 349 3
515 349 1
516 349 2
712 349 1
871 349 1
352 350 1
509 350 2
514 350 1
595 350 1
620 350 2
621 350 1
622 350 1
975 350 1
1088 350 1
557 351 1
1092 351 1
84 352 1
92 352 1
123 352 1
124 352 1
237 352 1
239 352 2
337 352 1
350 352 1
353 352 1
354 352 1
355 352 1
386 352 1
480 352 1
568 352 2
597 352 1
1095 352 1
1128 352 1
1210 352 1
84 353 1
92 353 1
352 353 1
354 353 1
355 353 1
84 354 2
92 354 2
352 354 1
353 354 1
355 354 2
1129 354 1
1130 354 1
84 355 2
92 355 2
352 355 1
353 355 1
354 355 2
1129 355 1
1130 355 1
67 356 1
105 356 1
121 356 1
171 356 1
403 356 1
699 356 1
158 357 1
162 357 1
238 357 1
253 357 1
358 357 1
488 357 1
158 358 1
162 358 1
253 358 1
357 358 1
488 358 1
238 359 1
388 359 1
238 360 1
687 360 1
688 360 1
689 360 1
68 361 1
276 361 2
518 361 1
528 361 3
646 361 1
1143 361 1
1144 361 1
1145 361 1
363 362 1
596 362 3
362 363 1
596 363 1
365 364 1
669 364 1
364 365 1
3 366 1
17 366 1
82 366 1
208 366 1
499 366 1
24 367 1
309 367 1
368 367 1
508 367 1
525 367 1
639 367 1
1096 367 1
24 368 1
309 368 1
367 368 1
508 368 1
639 368 1
1096 368 1
529 369 1
530 369 1
1195 369 1
68 370 1
234 370 1
408 370 1
693 370 1
667 371 3
231 372 1
373 372 1
503 372 1
531 372 1
746 372 1
231 373 1
372 373 1
503 373 1
531 373 1
746 373 1
375 374 1
378 374 1
379 374 1
748 374 1
128 375 1
374 375 1
377 375 3
378 375 1
379 375 1
386 375 1
748 375 1
966 375 1
967 375 1
968 375 2
1007 375 1
58 376 1
121 376 2
168 376 1
407 376 2
572 376 2
617 376 1
629 376 1
1221 376 1
123 377 1
375 377 3
386 377 1
485 377 1
889 377 1
894 377 1
966 377 1
967 377 1
374 378 1
375 378 1
379 378 1
748 378 1
374 379 1
375 379 1
378 379 1
748 379 1
93 380 1
210 380 1
409 380 1
466 380 1
754 380 1
963 380 1
314 381 2
382 381 1
397 381 1
978 381 1
1008 381 1
138 382 1
314 382 1
349 382 1
381 382 1
516 382 1
712 382 1
180 383 1
384 383 1
407 383 1
430 383 1
492 383 4
934 383 3
935 383 1
936 383 4
938 383 1
383 384 1
492 384 1
936 384 1
938 384 1
117 385 1
140 385 1
259 385 1
298 385 1
303 385 1
386 385 1
387 385 1
389 385 1
500 385 1
574 385 1
575 385 1
585 385 1
586 385 1
606 385 1
607 385 1
662 385 1
872 385 1
873 385 1
1190 385 1
123 386 1
124 386 1
349 386 1
352 386 1
375 386 1
377 386 1
385 386 1
387 386 1
872 386 1
873 386 1
1142 386 1
385 387 1
386 387 1
872 387 1
873 387 1
86 388 1
311 388 1
359 388 1
401 388 1
731 388 1
385 389 1
562 389 2
575 389 1
606 389 1
607 389 1
991 389 1
992 389 1
1134 389 1
1135 389 1
1136 389 1
1157 389 1
1229 389 1
1230 389 1
1231 389 1
152 390 1
344 390 1
804 390 1
1219 390 1
1220 390 1
63 391 1
192 391 1
309 391 1
394 391 1
432 391 2
456 391 1
526 391 1
545 391 1
570 391 1
1147 391 1
1204 391 1
94 392 3
121 392 1
122 392 1
130 392 1
393 392 2
398 392 2
407 392 1
434 392 1
451 392 1
692 392 1
757 392 1
972 392 1
973 392 1
62 393 1
94 393 3
392 393 2
398 393 1
433 393 1
434 393 1
450 393 1
490 393 2
692 393 1
789 393 1
192 394 1
391 394 1
1147 394 1
915 395 1
1169 395 1
598 396 3
1208 396 1
381 397 1
978 397 1
1008 397 1
94 398 2
392 398 2
393 398 1
434 398 1
451 398 1
692 398 1
345 399 1
759 399 1
121 400 1
1225 400 1
1226 400 1
86 401 1
138 401 1
276 401 2
311 401 1
388 401 1
646 401 1
81 402 1
6 403 1
8 403 1
43 403 1
67 403 1
105 403 1
121 403 1
171 403 1
196 403 1
356 403 1
410 403 1
699 403 1
1107 403 1
1108 403 1
6 404 1
8 404 1
30 404 1
43 404 1
176 404 1
196 404 1
900 404 1
68 405 1
244 405 1
463 405 1
559 405 1
121 406 2
8 407 1
81 407 1
118 407 1
121 407 4
122 407 1
130 407 1
166 407 2
347 407 1
376 407 2
383 407 1
392 407 1
430 407 3
542 407 1
569 407 1
757 407 1
758 407 1
1026 407 1
1178 407 1
1179 407 1
68 408 1
71 408 1
234 408 1
334 408 1
339 408 1
370 408 1
416 408 1
473 408 1
693 408 1
1205 408 1
1214 408 1
1215 408 1
210 409 1
380 409 1
466 409 1
754 409 1
6 410 1
8 410 1
43 410 1
157 410 1
196 410 1
403 410 1
1107 410 1
1108 410 1
1177 410 1
135 411 1
260 412 1
274 412 1
508 412 1
705 412 1
706 412 1
707 412 1
708 412 1
171 413 1
274 413 1
534 413 1
535 413 2
584 413 1
659 413 1
725 413 1
796 413 2
982 413 1
1014 413 1
565 414 1
1114 414 1
419 415 1
420 415 1
1161 415 1
33 416 1
147 416 1
152 416 1
169 416 1
254 416 1
334 416 1
408 416 1
445 416 3
446 416 1
457 416 1
473 416 1
522 416 1
523 416 2
524 416 3
544 416 1
702 416 1
999 416 1
1000 416 1
1214 416 1
1215 416 1
1237 416 1
418 417 1
484 417 1
527 417 1
417 418 1
484 418 1
527 418 1
185 419 1
415 419 1
420 419 1
1161 419 1
267 420 1
304 420 2
415 420 1
419 420 1
441 420 1
538 420 1
546 420 1
547 420 1
576 420 1
1132 420 1
1161 420 1
213 421 1
324 421 1
530 421 1
635 422 1
191 423 1
505 423 1
737 423 1
738 423 1
739 423 1
740 423 1
1097 423 1
425 424 2
424 425 2
106 426 1
121 426 5
293 426 1
747 426 1
774 426 2
775 426 1
191 427 1
348 427 1
1023 428 1
54 429 1
174 429 1
437 429 1
655 429 1
776 429 1
777 429 1
383 430 1
407 430 3
1026 430 1
104 431 1
152 431 2
235 431 1
567 431 1
703 431 1
1158 431 1
299 432 1
391 432 2
472 432 1
479 432 2
526 432 1
560 432 1
564 432 1
570 432 1
579 432 1
630 432 1
94 433 1
393 433 1
94 434 1
392 434 1
393 434 1
398 434 1
692 434 1
123 435 1
788 436 1
789 436 1
986 436 1
54 437 1
174 437 1
429 437 1
655 437 1
776 437 1
777 437 1
1188 438 1
1189 438 1
81 439 1
598 439 1
1066 439 1
237 440 1
925 440 1
267 441 1
304 441 1
420 441 1
538 441 1
546 441 1
547 441 1
1156 442 1
563 443 1
582 443 1
25 444 1
56 445 1
416 445 3
446 445 2
447 445 1
448 445 1
474 445 1
491 445 1
522 445 1
530 445 2
999 445 1
1000 445 1
416 446 1
445 446 2
447 446 1
445 447 1
446 447 1
56 448 1
445 448 1
474 448 1
530 448 1
208 449 1
62 450 1
393 450 1
94 451 1
392 451 1
398 451 1
48 452 1
187 452 1
251 452 1
303 452 1
625 453 1
626 453 1
1228 453 1
591 454 1
304 455 1
326 455 1
349 455 2
63 456 2
309 456 3
391 456 1
508 456 1
545 456 1
601 456 1
614 456 1
633 456 1
1204 456 1
33 457 1
169 457 1
416 457 1
544 457 1
51 458 1
69 458 1
200 458 1
211 458 2
459 458 3
460 458 3
461 458 1
462 458 1
463 458 2
605 458 1
613 458 1
832 458 1
833 458 1
834 458 1
835 458 1
836 458 1
842 458 1
1115 458 1
1116 458 1
1185 458 1
1186 458 1
1187 458 1
51 459 1
69 459 1
200 459 1
211 459 2
458 459 3
460 459 3
461 459 1
462 459 1
463 459 2
605 459 1
842 459 1
1115 459 1
1116 459 1
51 460 1
69 460 1
200 460 1
211 460 2
458 460 3
459 460 3
461 460 1
462 460 1
463 460 2
605 460 1
842 460 1
1115 460 1
1116 460 1
211 461 1
458 461 1
459 461 1
460 461 1
462 461 1
463 461 1
211 462 1
458 462 1
459 462 1
460 462 1
461 462 1
463 462 1
19 463 1
20 463 1
68 463 1
69 463 1
211 463 6
244 463 1
405 463 1
458 463 2
459 463 2
460 463 2
461 463 1
462 463 1
471 463 1
559 463 2
605 463 1
864 463 1
865 463 1
870 463 1
1115 463 1
1116 463 1
341 464 1
627 464 1
734 464 1
735 464 1
736 464 1
817 464 1
483 465 1
516 465 1
210 466 1
380 466 1
409 466 1
754 466 1
2 467 1
22 467 1
23 467 1
970 467 1
553 468 3
554 468 2
68 469 1
276 469 1
470 469 1
1103 469 1
1104 469 1
68 470 1
276 470 1
469 470 1
1103 470 1
1104 470 1
463 471 1
559 471 1
870 471 1
299 472 1
345 472 1
432 472 1
549 472 1
1013 472 1
334 473 1
408 473 1
416 473 1
1110 473 1
1111 473 1
1214 473 1
1215 473 1
56 474 1
213 474 1
445 474 1
448 474 1
530 474 1
929 474 1
113 475 1
845 475 1
349 476 1
498 476 1
800 476 1
773 477 1
954 477 1
539 478 1
432 479 2
630 479 1
237 480 2
239 480 1
352 480 1
558 480 1
642 480 1
276 481 1
578 481 1
712 481 1
713 481 1
276 482 2
340 482 1
711 482 2
712 482 1
713 482 1
714 482 2
465 483 1
417 484 1
418 484 1
527 484 1
377 485 1
894 485 1
43 486 1
157 486 1
183 486 1
236 486 1
349 486 3
634 486 1
641 486 1
893 486 1
895 486 1
1180 486 1
33 487 1
34 487 1
36 487 1
37 487 1
60 487 1
342 487 1
788 487 1
819 487 1
820 487 1
821 487 1
822 487 1
1107 487 1
1122 487 1
158 488 2
162 488 2
253 488 1
357 488 1
358 488 1
684 489 1
393 490 2
789 490 1
144 491 1
172 491 1
445 491 1
530 491 1
180 492 1
383 492 4
384 492 1
934 492 3
935 492 1
936 492 4
938 492 1
81 493 1
204 493 1
494 493 1
495 493 1
81 494 1
204 494 1
493 494 1
495 494 1
81 495 1
204 495 1
493 495 1
494 495 1
57 496 1
59 496 1
190 496 1
193 496 1
251 496 1
252 496 1
971 496 1
608 497 1
1159 497 1
1160 497 1
476 498 1
800 498 1
3 499 1
17 499 1
82 499 1
208 499 1
366 499 1
303 500 1
385 500 1
502 501 1
1041 501 1
1042 501 1
1043 501 1
1044 501 1
501 502 1
1041 502 1
1042 502 1
1043 502 1
1044 502 1
231 503 1
372 503 1
373 503 1
531 503 1
746 503 1
68 504 1
244 504 1
704 504 1
191 505 1
423 505 1
1097 505 1
213 506 1
325 506 1
709 506 1
782 506 1
783 506 1
784 506 1
785 506 1
198 507 1
24 508 1
249 508 1
260 508 1
274 508 1
276 508 1
309 508 2
326 508 1
327 508 1
367 508 1
368 508 1
412 508 1
456 508 1
601 508 1
614 508 1
633 508 1
639 508 1
705 508 1
706 508 1
707 508 1
708 508 1
1096 508 1
350 509 2
975 509 1
1045 510 1
4 511 1
48 511 2
303 511 1
306 511 2
512 511 2
513 511 4
537 511 1
959 511 1
4 512 1
48 512 1
306 512 1
511 512 2
513 512 2
959 512 1
4 513 1
48 513 2
303 513 1
306 513 2
511 513 4
512 513 2
537 513 1
959 513 1
350 514 1
1088 514 1
213 515 1
349 515 1
516 515 1
581 515 1
871 515 1
1192 515 1
1193 515 1
1194 515 1
349 516 2
382 516 1
465 516 1
515 516 1
712 516 1
871 516 1
269 517 1
270 517 1
903 517 1
904 517 1
361 518 1
528 518 1
805 518 1
1143 518 1
1144 518 1
1145 518 1
324 519 1
329 519 1
520 519 2
685 519 1
686 519 1
838 519 2
995 519 1
997 519 1
998 519 1
329 520 1
519 520 2
685 520 1
686 520 1
838 520 1
995 520 1
38 521 1
542 521 1
416 522 1
445 522 1
184 523 2
416 523 2
524 523 2
573 523 1
702 523 1
1062 523 1
1063 523 1
1064 523 2
1065 523 2
254 524 1
416 524 3
523 524 2
702 524 1
367 525 1
152 526 1
345 526 1
391 526 1
432 526 1
417 527 1
418 527 1
484 527 1
68 528 1
276 528 1
361 528 3
518 528 1
1143 528 1
1144 528 1
1145 528 1
369 529 1
530 529 1
1195 529 1
32 530 3
56 530 1
213 530 1
302 530 1
369 530 1
421 530 1
445 530 2
448 530 1
474 530 1
491 530 1
529 530 1
548 530 1
592 530 1
624 530 1
908 530 2
909 530 1
910 530 1
1024 530 1
1195 530 1
231 531 1
372 531 1
373 531 1
503 531 1
746 531 1
198 532 1
33 533 1
60 533 1
345 534 1
413 534 1
535 534 2
636 534 1
796 534 1
299 535 1
345 535 3
413 535 2
534 535 2
636 535 1
796 535 1
1212 535 1
1213 535 1
719 536 1
48 537 1
303 537 1
511 537 1
513 537 1
1211 537 1
267 538 1
304 538 1
420 538 1
441 538 1
546 538 1
547 538 1
73 539 1
478 539 1
663 539 3
664 539 1
665 539 1
666 539 1
667 539 1
668 539 3
815 539 1
816 539 1
1050 539 1
1051 539 1
1076 539 1
45 540 1
156 540 1
1059 540 1
215 541 1
1060 541 1
1061 541 1
38 542 1
118 542 1
121 542 2
407 542 1
521 542 1
569 542 1
1053 543 1
1054 543 1
33 544 1
169 544 1
416 544 1
457 544 1
63 545 1
309 545 1
391 545 1
456 545 1
1204 545 1
267 546 1
304 546 1
420 546 1
441 546 1
538 546 1
547 546 1
267 547 1
304 547 1
420 547 1
441 547 1
538 547 1
546 547 1
530 548 1
345 549 1
472 549 1
1013 549 1
299 550 1
32 551 2
1206 551 1
623 552 1
468 553 3
554 553 2
468 554 2
553 554 2
89 555 1
228 555 1
1163 556 1
351 557 1
1092 557 1
237 558 1
480 558 1
642 558 1
68 559 1
244 559 1
405 559 1
463 559 2
471 559 1
870 559 1
432 560 1
564 560 1
579 560 1
48 561 1
75 561 1
334 561 1
389 562 2
1157 562 1
443 563 1
582 563 1
432 564 1
560 564 1
579 564 1
414 565 1
1114 565 1
1091 566 1
152 567 1
235 567 1
431 567 1
1158 567 1
337 568 1
352 568 2
1128 568 1
1210 568 1
118 569 1
407 569 1
542 569 1
391 570 1
432 570 1
274 571 1
58 572 1
168 572 1
376 572 2
617 572 1
33 573 2
34 573 2
35 573 2
36 573 2
37 573 2
184 573 1
305 573 1
523 573 1
681 573 1
1064 573 1
1065 573 1
385 574 1
575 574 1
585 574 1
586 574 1
1120 574 1
1121 574 1
1190 574 1
385 575 1
389 575 1
574 575 1
585 575 1
586 575 1
991 575 1
992 575 1
1190 575 1
304 576 1
420 576 1
1132 576 1
1227 577 1
276 578 1
481 578 1
712 578 1
432 579 1
560 579 1
564 579 1
63 580 1
309 580 1
1209 580 1
213 581 1
515 581 1
1192 581 1
1193 581 1
1194 581 1
443 582 1
563 582 1
238 583 1
324 583 1
274 584 1
413 584 1
385 585 1
574 585 1
575 585 1
586 585 1
1190 585 1
385 586 1
574 586 1
575 586 1
585 586 1
1190 586 1
53 587 1
1056 587 1
1057 587 1
15 588 1
16 588 1
40 588 1
149 588 1
221 588 2
589 588 1
1080 588 1
1081 588 1
15 589 1
40 589 1
221 589 1
588 589 1
63 590 1
303 590 1
454 591 1
530 592 1
624 592 1
908 593 2
1170 593 2
1171 593 1
15 594 1
40 594 1
41 594 1
221 594 1
350 595 1
362 596 3
363 596 1
239 597 1
352 597 1
1095 597 1
81 598 1
396 598 3
439 598 1
1066 598 1
1208 598 1
618 599 1
628 599 1
1112 599 1
234 600 1
309 601 1
456 601 1
508 601 1
614 601 1
633 601 1
246 602 1
249 602 1
326 602 1
604 602 1
1148 602 1
223 603 1
837 603 1
246 604 1
326 604 1
602 604 1
69 605 1
211 605 1
458 605 1
459 605 1
460 605 1
463 605 1
1115 605 1
1116 605 1
385 606 1
389 606 1
607 606 1
385 607 1
389 607 1
606 607 1
497 608 1
1159 608 1
1160 608 1
219 609 1
232 609 1
275 609 1
324 609 1
657 609 1
658 609 1
659 609 1
874 609 1
993 609 1
61 610 1
165 610 1
1071 610 1
324 611 1
115 612 1
863 612 1
156 613 1
458 613 1
1185 613 1
1186 613 1
1187 613 1
309 614 1
456 614 1
508 614 1
601 614 1
633 614 1
48 615 1
145 615 1
174 615 1
1102 615 1
1012 616 1
376 617 1
572 617 1
599 618 1
628 618 1
1112 618 1
1046 619 1
350 620 2
621 620 1
622 620 1
350 621 1
620 621 1
622 621 1
350 622 1
620 622 1
621 622 1
552 623 1
530 624 1
592 624 1
453 625 1
626 625 1
1228 625 1
453 626 1
625 626 1
1228 626 1
159 627 1
464 627 1
734 627 1
735 627 1
736 627 1
599 628 1
618 628 1
1112 628 1
376 629 1
432 630 1
479 630 1
632 631 1
631 632 1
309 633 1
456 633 1
508 633 1
601 633 1
614 633 1
43 634 1
157 634 1
486 634 1
893 634 1
422 635 1
345 636 1
534 636 1
535 636 1
318 637 1
638 637 1
1151 637 1
1152 637 1
1153 637 1
1154 637 1
1155 637 1
318 638 1
637 638 1
1151 638 1
1152 638 1
1153 638 1
1154 638 1
1155 638 1
24 639 1
309 639 1
367 639 1
368 639 1
508 639 1
1096 639 1
711 640 1
713 640 1
984 640 1
1018 640 1
486 641 1
237 642 1
480 642 1
558 642 1
250 643 1
1167 643 1
1168 643 1
161 644 1
645 644 1
161 645 1
644 645 1
276 646 2
361 646 1
401 646 1
648 647 1
649 647 1
647 648 1
649 648 1
647 649 1
648 649 1
651 650 1
652 650 1
653 650 1
654 650 1
650 651 1
652 651 1
653 651 1
654 651 1
650 652 1
651 652 1
653 652 1
654 652 1
650 653 1
651 653 1
652 653 1
654 653 1
650 654 1
651 654 1
652 654 1
653 654 1
54 655 1
160 655 1
174 655 1
429 655 1
437 655 1
656 655 1
776 655 1
777 655 1
160 656 1
655 656 1
219 657 1
232 657 1
609 657 1
658 657 1
659 657 1
219 658 1
232 658 1
609 658 1
657 658 1
659 658 1
171 659 1
219 659 1
232 659 1
413 659 1
609 659 1
657 659 1
658 659 1
725 659 1
982 659 1
1014 659 1
137 660 1
216 660 1
661 660 1
137 661 1
216 661 1
230 661 1
660 661 1
969 661 1
117 662 1
140 662 1
259 662 1
298 662 1
385 662 1
73 663 1
539 663 3
664 663 1
665 663 1
666 663 1
667 663 1
668 663 3
815 663 1
816 663 1
1076 663 1
539 664 1
663 664 1
665 664 1
666 664 1
667 664 1
668 664 1
539 665 1
663 665 1
664 665 1
666 665 1
667 665 1
668 665 1
539 666 1
663 666 1
664 666 1
665 666 1
667 666 1
668 666 1
371 667 3
539 667 1
663 667 1
664 667 1
665 667 1
666 667 1
668 667 1
73 668 1
539 668 3
663 668 3
664 668 1
665 668 1
666 668 1
667 668 1
815 668 1
816 668 1
1076 668 1
364 669 1
671 670 2
672 670 1
673 670 2
674 670 1
675 670 1
238 671 1
670 671 2
672 671 1
673 671 2
674 671 1
675 671 1
670 672 1
671 672 1
673 672 1
674 672 1
675 672 1
670 673 2
671 673 2
672 673 1
674 673 1
675 673 1
670 674 1
671 674 1
672 674 1
673 674 1
675 674 1
670 675 1
671 675 1
672 675 1
673 675 1
674 675 1
131 676 1
677 676 1
131 677 1
676 677 1
65 678 1
288 678 1
152 679 1
345 679 1
225 680 2
305 681 1
573 681 1
219 682 1
683 682 1
219 683 1
682 683 1
489 684 1
329 685 1
519 685 1
520 685 1
686 685 1
329 686 1
519 686 1
520 686 1
685 686 1
238 687 1
360 687 1
688 687 1
689 687 1
238 688 1
360 688 1
687 688 1
689 688 1
238 689 1
360 689 1
687 689 1
688 689 1
118 690 1
121 690 1
126 690 1
171 690 1
691 690 1
118 691 1
121 691 1
126 691 1
171 691 1
690 691 1
94 692 1
392 692 1
393 692 1
398 692 1
434 692 1
68 693 1
234 693 1
370 693 1
408 693 1
300 694 1
695 694 1
696 694 1
697 694 1
698 694 1
300 695 1
694 695 1
696 695 1
697 695 1
698 695 1
300 696 1
694 696 1
695 696 1
697 696 1
698 696 1
300 697 1
694 697 1
695 697 1
696 697 1
698 697 1
300 698 1
694 698 1
695 698 1
696 698 1
697 698 1
67 699 1
105 699 1
121 699 1
171 699 1
356 699 1
403 699 1
701 700 1
700 701 1
214 702 1
416 702 1
523 702 1
524 702 1
974 702 1
104 703 1
152 703 1
431 703 1
68 704 1
244 704 1
504 704 1
260 705 1
274 705 1
412 705 1
508 705 1
706 705 1
707 705 1
708 705 1
260 706 1
274 706 1
412 706 1
508 706 1
705 706 1
707 706 1
708 706 1
260 707 1
274 707 1
412 707 1
508 707 1
705 707 1
706 707 1
708 707 1
260 708 1
274 708 1
412 708 1
508 708 1
705 708 1
706 708 1
707 708 1
114 709 1
213 709 1
325 709 1
506 709 1
710 709 1
782 709 1
783 709 1
784 709 1
785 709 1
114 710 1
709 710 1
276 711 2
340 711 1
482 711 2
640 711 1
712 711 1
713 711 2
714 711 2
276 712 3
340 712 2
349 712 1
382 712 1
481 712 1
482 712 1
516 712 1
578 712 1
711 712 1
713 712 2
714 712 1
886 712 1
887 712 1
276 713 1
340 713 2
481 713 1
482 713 1
640 713 1
711 713 2
712 713 2
714 713 1
276 714 2
340 714 1
482 714 2
711 714 2
712 714 1
713 714 1
716 715 1
715 716 1
1133 716 2
1191 716 1
121 717 1
760 717 1
296 718 1
536 719 1
721 720 1
720 721 1
723 722 1
724 722 1
722 723 1
724 723 1
722 724 1
723 724 1
171 725 1
413 725 1
659 725 1
726 725 2
982 725 1
1014 725 1
725 726 2
728 726 1
729 726 1
730 726 1
133 727 1
726 728 1
729 728 1
730 728 1
726 729 1
728 729 1
730 729 1
726 730 1
728 730 1
729 730 1
388 731 1
317 732 1
733 732 1
317 733 1
732 733 1
464 734 1
627 734 1
735 734 1
736 734 1
464 735 1
627 735 1
734 735 1
736 735 1
464 736 1
627 736 1
734 736 1
735 736 1
423 737 1
738 737 1
739 737 1
740 737 1
423 738 1
737 738 1
739 738 1
740 738 1
423 739 1
737 739 1
738 739 1
740 739 1
423 740 1
737 740 1
738 740 1
739 740 1
108 741 1
119 741 1
132 741 1
742 741 1
108 742 1
119 742 1
132 742 1
741 742 1
744 743 1
743 744 1
271 745 1
231 746 1
372 746 1
373 746 1
503 746 1
531 746 1
121 747 1
426 747 1
374 748 1
375 748 1
378 748 1
379 748 1
29 749 1
249 749 1
21 750 1
26 750 1
27 750 1
28 750 1
751 750 1
752 750 1
753 750 1
21 751 1
26 751 1
27 751 1
28 751 1
750 751 1
752 751 1
753 751 2
801 751 1
802 751 1
803 751 1
21 752 1
26 752 1
27 752 1
28 752 1
750 752 1
751 752 1
753 752 1
21 753 1
26 753 1
27 753 1
28 753 1
750 753 1
751 753 2
752 753 1
801 753 1
802 753 1
803 753 1
210 754 1
380 754 1
409 754 1
466 754 1
314 755 1
294 756 1
121 757 1
122 757 1
130 757 1
392 757 1
407 757 1
121 758 3
194 758 1
407 758 1
823 758 2
965 758 1
345 759 1
399 759 1
121 760 3
717 760 1
33 761 1
762 761 1
33 762 1
761 762 1
87 763 1
764 763 1
765 763 1
766 763 1
767 763 1
87 764 1
763 764 1
765 764 1
766 764 1
767 764 1
87 765 1
763 765 1
764 765 1
766 765 1
767 765 1
87 766 1
763 766 1
764 766 1
765 766 1
767 766 1
87 767 1
763 767 1
764 767 1
765 767 1
766 767 1
62 768 1
769 768 1
62 769 1
768 769 1
771 770 1
770 771 1
178 772 1
186 772 1
477 773 1
106 774 1
121 774 2
426 774 2
775 774 1
121 775 1
426 775 1
774 775 1
54 776 1
174 776 1
429 776 1
437 776 1
655 776 1
777 776 1
54 777 1
174 777 1
429 777 1
437 777 1
655 777 1
776 777 1
779 778 1
780 778 1
778 779 1
780 779 1
778 780 1
779 780 1
220 781 1
213 782 1
325 782 1
506 782 1
709 782 1
783 782 1
784 782 1
785 782 1
213 783 1
325 783 1
506 783 1
709 783 1
782 783 1
784 783 1
785 783 1
213 784 1
325 784 1
506 784 1
709 784 1
782 784 1
783 784 1
785 784 1
213 785 1
325 785 1
506 785 1
709 785 1
782 785 1
783 785 1
784 785 1
146 786 1
37 787 1
226 787 2
343 787 1
788 787 1
789 787 3
790 787 2
979 787 1
980 787 1
1086 787 1
1087 787 1
60 788 1
226 788 1
342 788 1
436 788 1
487 788 1
787 788 1
789 788 2
790 788 1
819 788 1
820 788 1
821 788 1
822 788 1
986 788 1
1072 788 1
1073 788 1
37 789 2
90 789 1
226 789 2
393 789 1
436 789 1
490 789 1
787 789 3
788 789 2
790 789 2
979 789 1
980 789 1
985 789 1
986 789 1
226 790 2
787 790 2
788 790 1
789 790 2
1 791 1
97 791 1
222 792 1
123 793 1
173 793 1
271 793 1
225 794 1
345 795 1
413 796 2
534 796 1
535 796 1
114 797 1
95 798 1
307 798 1
799 798 1
95 799 1
307 799 1
798 799 1
476 800 1
498 800 1
751 801 1
753 801 1
802 801 1
803 801 1
751 802 1
753 802 1
801 802 1
803 802 1
751 803 1
753 803 1
801 803 1
802 803 1
390 804 1
518 805 1
345 806 1
152 807 2
345 807 5
809 808 1
810 808 1
808 809 1
810 809 1
808 810 1
809 810 1
273 811 2
29 812 1
813 812 1
814 812 1
29 813 1
812 813 1
814 813 1
29 814 1
812 814 1
813 814 1
73 815 1
539 815 1
663 815 1
668 815 1
816 815 1
73 816 1
539 816 1
663 816 1
668 816 1
815 816 1
341 817 1
464 817 1
207 818 1
1078 818 1
1079 818 1
60 819 1
342 819 1
487 819 1
788 819 1
820 819 1
821 819 1
822 819 1
60 820 1
342 820 1
487 820 1
788 820 1
819 820 1
821 820 1
822 820 1
60 821 1
342 821 1
487 821 1
788 821 1
819 821 1
820 821 1
822 821 1
60 822 1
342 822 1
487 822 1
788 822 1
819 822 1
820 822 1
821 822 1
121 823 2
194 823 1
758 823 2
965 823 1
121 824 1
125 824 1
825 824 1
826 824 1
827 824 1
121 825 1
125 825 1
824 825 1
826 825 1
827 825 1
121 826 1
125 826 1
824 826 1
825 826 1
827 826 1
121 827 1
125 827 1
824 827 1
825 827 1
826 827 1
152 828 2
831 828 1
830 829 1
829 830 1
152 831 1
828 831 1
458 832 1
833 832 1
834 832 1
458 833 1
832 833 1
834 833 1
458 834 1
832 834 1
833 834 1
458 835 1
836 835 1
458 836 1
835 836 1
223 837 1
603 837 1
141 838 1
321 838 1
324 838 1
519 838 2
520 838 1
839 838 1
840 838 1
841 838 1
941 838 1
942 838 1
943 838 1
995 838 1
321 839 1
838 839 1
840 839 1
841 839 1
321 840 1
838 840 1
839 840 1
841 840 1
321 841 1
838 841 1
839 841 1
840 841 1
51 842 1
200 842 1
458 842 1
459 842 1
460 842 1
102 843 1
266 843 1
273 843 1
844 843 1
102 844 1
266 844 1
273 844 1
843 844 1
113 845 2
475 845 1
330 846 1
848 847 1
849 847 1
847 848 1
849 848 1
847 849 1
848 849 1
273 850 1
851 850 1
852 850 1
273 851 1
850 851 1
852 851 1
273 852 1
850 852 1
851 852 1
151 853 2
867 853 1
247 854 1
248 854 1
855 854 1
856 854 1
857 854 1
247 855 1
248 855 1
854 855 1
856 855 1
857 855 1
247 856 1
248 856 1
854 856 1
855 856 1
857 856 1
247 857 1
248 857 1
854 857 1
855 857 1
856 857 1
218 858 1
859 858 1
218 859 1
858 859 1
861 860 1
862 860 1
860 861 1
862 861 1
860 862 1
861 862 1
115 863 1
612 863 1
211 864 1
463 864 1
19 865 1
20 865 1
211 865 1
463 865 1
107 866 2
1025 866 1
151 867 1
853 867 1
338 868 1
869 868 1
338 869 1
868 869 1
463 870 1
471 870 1
559 870 1
349 871 1
515 871 1
516 871 1
385 872 1
386 872 1
387 872 1
873 872 1
385 873 1
386 873 1
387 873 1
872 873 1
275 874 1
324 874 1
609 874 1
1098 874 1
1099 874 1
112 875 1
877 876 1
878 876 1
876 877 1
878 877 1
876 878 1
877 878 1
301 879 1
320 879 1
880 879 1
881 879 1
301 880 1
320 880 1
879 880 1
881 880 1
301 881 1
320 881 1
879 881 1
880 881 1
212 882 1
335 882 1
883 882 1
884 882 1
885 882 1
212 883 1
335 883 1
882 883 1
884 883 1
885 883 1
212 884 1
335 884 1
882 884 1
883 884 1
885 884 1
212 885 1
335 885 1
882 885 1
883 885 1
884 885 1
276 886 1
712 886 1
887 886 1
276 887 1
712 887 1
886 887 1
157 888 2
377 889 1
86 890 1
157 890 1
233 890 1
308 890 1
891 890 1
86 891 1
157 891 1
233 891 1
308 891 1
890 891 1
19 892 3
1074 892 1
1075 892 1
43 893 1
157 893 1
486 893 1
634 893 1
377 894 1
485 894 1
183 895 2
486 895 1
897 896 1
898 896 1
899 896 1
896 897 1
898 897 1
899 897 1
896 898 1
897 898 1
899 898 1
896 899 1
897 899 1
898 899 1
6 900 1
8 900 1
30 900 1
43 900 1
176 900 1
196 900 1
404 900 1
98 901 1
145 901 1
902 901 1
98 902 1
145 902 1
901 902 1
269 903 1
270 903 1
517 903 1
904 903 1
269 904 1
270 904 1
517 904 1
903 904 1
219 905 1
907 906 1
906 907 1
32 908 2
530 908 2
593 908 2
909 908 1
910 908 1
1170 908 2
1171 908 1
32 909 1
530 909 1
908 909 1
910 909 1
32 910 1
530 910 1
908 910 1
909 910 1
206 911 1
6 912 2
14 912 1
30 912 1
217 912 1
927 912 1
914 913 1
913 914 1
145 915 1
395 915 1
916 915 1
917 915 1
1169 915 1
145 916 1
915 916 1
917 916 1
145 917 1
915 917 1
916 917 1
156 918 1
165 918 1
919 918 1
156 919 1
165 919 1
918 919 1
158 920 1
240 921 1
225 922 2
188 923 1
924 923 1
188 924 1
923 924 1
237 925 1
440 925 1
96 926 1
6 927 1
14 927 1
30 927 1
217 927 1
912 927 1
213 928 1
213 929 1
474 929 1
153 930 1
931 930 1
153 931 1
930 931 1
242 932 1
228 933 1
232 933 1
180 934 1
383 934 3
492 934 3
935 934 1
936 934 3
180 935 1
383 935 1
492 935 1
934 935 1
936 935 1
180 936 1
383 936 4
384 936 1
492 936 4
934 936 3
935 936 1
938 936 1
203 937 1
383 938 1
384 938 1
492 938 1
936 938 1
289 939 1
940 939 1
289 940 1
939 940 1
838 941 1
942 941 1
943 941 1
838 942 1
941 942 1
943 942 1
838 943 1
941 943 1
942 943 1
945 944 1
946 944 1
947 944 1
944 945 1
946 945 1
947 945 1
944 946 1
945 946 1
947 946 1
944 947 1
945 947 1
946 947 1
949 948 1
950 948 3
951 948 1
948 949 1
950 949 1
951 949 1
948 950 3
949 950 1
951 950 1
948 951 1
949 951 1
950 951 1
953 952 1
952 953 1
477 954 1
956 955 1
955 956 1
91 957 1
99 957 1
958 957 1
91 958 1
99 958 1
957 958 1
4 959 1
511 959 1
512 959 1
513 959 1
91 960 1
99 960 1
111 961 1
126 961 1
962 961 1
111 962 1
126 962 1
961 962 1
93 963 1
380 963 1
346 964 1
121 965 1
194 965 1
758 965 1
823 965 1
375 966 1
377 966 1
967 966 1
375 967 1
377 967 1
966 967 1
128 968 1
375 968 2
1007 968 1
230 969 1
661 969 1
2 970 1
22 970 1
23 970 1
467 970 1
57 971 1
59 971 1
190 971 1
193 971 1
251 971 1
252 971 1
496 971 1
392 972 1
973 972 1
392 973 1
972 973 1
214 974 1
702 974 1
350 975 1
509 975 1
977 976 1
976 977 1
276 978 1
381 978 1
397 978 1
1008 978 1
37 979 1
787 979 1
789 979 1
980 979 1
37 980 1
787 980 1
789 980 1
979 980 1
118 981 1
255 981 1
982 981 1
118 982 1
171 982 1
255 982 1
413 982 1
659 982 1
725 982 1
981 982 1
1014 982 1
984 983 1
640 984 1
983 984 1
90 985 1
789 985 1
436 986 1
788 986 1
789 986 1
988 987 1
989 987 1
987 988 1
989 988 1
987 989 1
988 989 1
110 990 1
389 991 1
575 991 1
992 991 1
389 992 1
575 992 1
991 992 1
609 993 1
109 994 1
120 994 1
519 995 1
520 995 1
838 995 1
44 996 2
64 996 1
88 996 2
150 996 2
288 996 3
1131 996 1
519 997 1
998 997 1
519 998 1
997 998 1
416 999 1
445 999 1
1000 999 1
416 1000 1
445 1000 1
999 1000 1
282 1001 1
283 1001 1
1002 1001 1
282 1002 1
283 1002 1
1001 1002 1
225 1003 1
1004 1003 1
225 1004 1
1003 1004 1
275 1005 1
275 1006 1
324 1006 1
128 1007 1
375 1007 1
968 1007 1
381 1008 1
397 1008 1
978 1008 1
276 1009 1
323 1009 1
256 1010 1
1011 1010 1
256 1011 1
1010 1011 1
238 1012 1
616 1012 1
1123 1012 1
345 1013 1
472 1013 1
549 1013 1
171 1014 1
413 1014 1
659 1014 1
725 1014 1
982 1014 1
6 1015 1
171 1015 1
1016 1015 1
1017 1015 1
6 1016 1
171 1016 1
1015 1016 1
1017 1016 1
6 1017 1
171 1017 1
1015 1017 1
1016 1017 1
640 1018 1
1020 1019 1
1021 1019 1
1019 1020 1
1021 1020 1
1019 1021 1
1020 1021 1
16 1022 1
221 1022 1
428 1023 1
32 1024 1
302 1024 1
530 1024 1
107 1025 1
866 1025 1
407 1026 1
430 1026 1
154 1027 1
199 1027 1
295 1027 1
1028 1027 1
1029 1027 1
1030 1027 1
1031 1027 1
1032 1027 1
1033 1027 1
1034 1027 1
1035 1027 1
1036 1027 1
154 1028 1
199 1028 1
295 1028 1
1027 1028 1
1029 1028 1
1030 1028 1
1031 1028 1
1032 1028 1
1033 1028 1
1034 1028 1
1035 1028 1
1036 1028 1
154 1029 1
199 1029 1
295 1029 1
1027 1029 1
1028 1029 1
1030 1029 1
1031 1029 1
1032 1029 1
1033 1029 1
1034 1029 1
1035 1029 1
1036 1029 1
154 1030 1
199 1030 1
295 1030 1
1027 1030 1
1028 1030 1
1029 1030 1
1031 1030 1
1032 1030 1
1033 1030 1
1034 1030 1
1035 1030 1
1036 1030 1
154 1031 1
199 1031 1
295 1031 1
1027 1031 1
1028 1031 1
1029 1031 1
1030 1031 1
1032 1031 1
1033 1031 1
1034 1031 1
1035 1031 1
1036 1031 1
154 1032 1
199 1032 1
295 1032 1
1027 1032 1
1028 1032 1
1029 1032 1
1030 1032 1
1031 1032 1
1033 1032 1
1034 1032 1
1035 1032 1
1036 1032 1
154 1033 1
199 1033 1
295 1033 1
1027 1033 1
1028 1033 1
1029 1033 1
1030 1033 1
1031 1033 1
1032 1033 1
1034 1033 1
1035 1033 1
1036 1033 1
154 1034 1
199 1034 1
295 1034 1
1027 1034 1
1028 1034 1
1029 1034 1
1030 1034 1
1031 1034 1
1032 1034 1
1033 1034 1
1035 1034 1
1036 1034 1
154 1035 1
199 1035 1
295 1035 1
1027 1035 1
1028 1035 1
1029 1035 1
1030 1035 1
1031 1035 1
1032 1035 1
1033 1035 1
1034 1035 1
1036 1035 1
154 1036 1
199 1036 1
295 1036 1
1027 1036 1
1028 1036 1
1029 1036 1
1030 1036 1
1031 1036 1
1032 1036 1
1033 1036 1
1034 1036 1
1035 1036 1
79 1037 1
80 1037 1
100 1037 1
101 1038 1
263 1038 1
1040 1039 1
1039 1040 1
501 1041 1
502 1041 1
1042 1041 1
1043 1041 1
1044 1041 1
501 1042 1
502 1042 1
1041 1042 1
1043 1042 1
1044 1042 1
501 1043 1
502 1043 1
1041 1043 1
1042 1043 1
1044 1043 1
501 1044 1
502 1044 1
1041 1044 1
1042 1044 1
1043 1044 1
510 1045 1
619 1046 1
314 1047 1
1049 1048 2
1127 1048 1
1048 1049 2
1127 1049 1
539 1050 1
1051 1050 1
539 1051 1
1050 1051 1
152 1052 1
543 1053 1
1054 1053 1
543 1054 1
1053 1054 1
123 1055 2
1139 1055 1
1140 1055 1
53 1056 1
587 1056 1
1057 1056 1
53 1057 1
587 1057 1
1056 1057 1
179 1058 1
45 1059 1
156 1059 1
540 1059 1
215 1060 1
541 1060 1
1061 1060 1
215 1061 1
541 1061 1
1060 1061 1
184 1062 1
523 1062 1
1063 1062 1
1064 1062 1
1065 1062 1
184 1063 1
523 1063 1
1062 1063 1
1064 1063 1
1065 1063 1
184 1064 2
523 1064 2
573 1064 1
1062 1064 1
1063 1064 1
1065 1064 2
184 1065 2
523 1065 2
573 1065 1
1062 1065 1
1063 1065 1
1064 1065 2
81 1066 1
439 1066 1
598 1066 1
336 1067 1
1068 1067 1
1069 1067 1
1070 1067 1
336 1068 1
1067 1068 1
1069 1068 1
1070 1068 1
336 1069 1
1067 1069 1
1068 1069 1
1070 1069 1
336 1070 1
1067 1070 1
1068 1070 1
1069 1070 1
61 1071 1
165 1071 1
610 1071 1
788 1072 1
1073 1072 1
788 1073 1
1072 1073 1
19 1074 1
892 1074 1
1075 1074 1
19 1075 1
85 1075 1
292 1075 1
892 1075 1
1074 1075 1
1109 1075 1
539 1076 1
663 1076 1
668 1076 1
224 1077 1
207 1078 1
818 1078 1
1079 1078 1
207 1079 1
818 1079 1
1078 1079 1
16 1080 1
149 1080 1
221 1080 1
588 1080 1
1081 1080 1
16 1081 1
149 1081 1
221 1081 1
588 1081 1
1080 1081 1
1083 1082 1
1084 1082 1
1085 1082 1
1082 1083 1
1084 1083 1
1085 1083 1
1082 1084 1
1083 1084 1
1085 1084 1
1082 1085 1
1083 1085 1
1084 1085 1
343 1086 1
787 1086 1
1087 1086 1
343 1087 1
787 1087 1
1086 1087 1
350 1088 1
514 1088 1
1090 1089 1
1089 1090 1
566 1091 1
351 1092 1
557 1092 1
241 1093 1
332 1093 1
333 1093 1
225 1094 1
239 1095 1
352 1095 1
597 1095 1
24 1096 1
309 1096 1
367 1096 1
368 1096 1
508 1096 1
639 1096 1
191 1097 1
423 1097 1
505 1097 1
874 1098 1
1099 1098 1
874 1099 1
1098 1099 1
139 1100 1
1101 1100 1
1118 1100 1
1164 1100 1
1165 1100 1
1166 1100 1
139 1101 1
1100 1101 1
48 1102 1
145 1102 1
615 1102 1
68 1103 1
276 1103 1
469 1103 1
470 1103 1
1104 1103 1
68 1104 1
276 1104 1
469 1104 1
470 1104 1
1103 1104 1
1106 1105 1
1105 1106 1
6 1107 1
8 1107 1
33 1107 1
34 1107 1
36 1107 1
37 1107 1
43 1107 1
196 1107 1
403 1107 1
410 1107 1
487 1107 1
1108 1107 1
1122 1107 1
6 1108 1
8 1108 1
43 1108 1
196 1108 1
403 1108 1
410 1108 1
1107 1108 1
85 1109 1
292 1109 1
1075 1109 1
473 1110 1
1111 1110 1
473 1111 1
1110 1111 1
1113 1111 1
599 1112 1
618 1112 1
628 1112 1
1111 1113 1
414 1114 1
565 1114 1
69 1115 1
211 1115 1
458 1115 1
459 1115 1
460 1115 1
463 1115 1
605 1115 1
1116 1115 1
69 1116 1
211 1116 1
458 1116 1
459 1116 1
460 1116 1
463 1116 1
605 1116 1
1115 1116 1
1118 1117 1
1119 1117 1
1100 1118 1
1117 1118 1
1119 1118 1
1164 1118 1
1165 1118 1
1166 1118 1
1117 1119 1
1118 1119 1
574 1120 1
1121 1120 1
574 1121 1
1120 1121 1
33 1122 1
34 1122 1
36 1122 1
37 1122 1
487 1122 1
1107 1122 1
1012 1123 1
229 1124 1
103 1125 1
1126 1125 1
103 1126 1
1125 1126 1
1048 1127 1
1049 1127 1
337 1128 1
352 1128 1
568 1128 1
84 1129 1
92 1129 1
354 1129 1
355 1129 1
1130 1129 1
84 1130 1
92 1130 1
354 1130 1
355 1130 1
1129 1130 1
44 1131 1
64 1131 1
288 1131 1
996 1131 1
304 1132 1
420 1132 1
576 1132 1
716 1133 2
1191 1133 1
389 1134 1
1135 1134 1
1136 1134 1
389 1135 1
1134 1135 1
1136 1135 1
389 1136 1
1134 1136 1
1135 1136 1
224 1137 1
1138 1137 1
224 1138 1
1137 1138 1
123 1139 1
1055 1139 1
1140 1139 1
123 1140 1
1055 1140 1
1139 1140 1
205 1141 1
386 1142 1
1222 1142 1
74 1143 1
297 1143 1
361 1143 1
518 1143 1
528 1143 1
1144 1143 1
1145 1143 2
1146 1143 1
361 1144 1
518 1144 1
528 1144 1
1143 1144 1
1145 1144 1
74 1145 1
297 1145 1
361 1145 1
518 1145 1
528 1145 1
1143 1145 2
1144 1145 1
1146 1145 1
74 1146 1
297 1146 1
1143 1146 1
1145 1146 1
192 1147 1
391 1147 1
394 1147 1
249 1148 1
602 1148 1
39 1149 1
1150 1149 1
39 1150 1
1149 1150 1
318 1151 1
637 1151 1
638 1151 1
1152 1151 1
1153 1151 1
1154 1151 1
1155 1151 1
318 1152 1
637 1152 1
638 1152 1
1151 1152 1
1153 1152 1
1154 1152 1
1155 1152 1
318 1153 1
637 1153 1
638 1153 1
1151 1153 1
1152 1153 1
1154 1153 1
1155 1153 1
318 1154 1
637 1154 1
638 1154 1
1151 1154 1
1152 1154 1
1153 1154 1
1155 1154 1
318 1155 1
637 1155 1
638 1155 1
1151 1155 1
1152 1155 1
1153 1155 1
1154 1155 1
442 1156 1
389 1157 1
562 1157 1
152 1158 1
235 1158 1
431 1158 1
567 1158 1
497 1159 1
608 1159 1
1160 1159 1
497 1160 1
608 1160 1
1159 1160 1
415 1161 1
419 1161 1
420 1161 1
206 1162 1
556 1163 1
1100 1164 1
1118 1164 1
1165 1164 1
1166 1164 1
1100 1165 1
1118 1165 1
1164 1165 1
1166 1165 1
1100 1166 1
1118 1166 1
1164 1166 1
1165 1166 1
250 1167 1
643 1167 1
1168 1167 1
250 1168 1
643 1168 1
1167 1168 1
395 1169 1
915 1169 1
593 1170 2
908 1170 2
1171 1170 1
593 1171 1
908 1171 1
1170 1171 1
38 1172 1
273 1173 1
1174 1173 1
1175 1173 1
1176 1173 1
273 1174 1
1173 1174 1
1175 1174 1
1176 1174 1
273 1175 1
1173 1175 1
1174 1175 1
1176 1175 1
273 1176 1
1173 1176 1
1174 1176 1
1175 1176 1
157 1177 1
410 1177 1
407 1178 1
1179 1178 1
407 1179 1
1178 1179 1
236 1180 1
486 1180 1
123 1181 1
1183 1182 1
1184 1182 1
1182 1183 1
1184 1183 1
1182 1184 1
1183 1184 1
458 1185 1
613 1185 1
1186 1185 1
1187 1185 1
458 1186 1
613 1186 1
1185 1186 1
1187 1186 1
458 1187 1
613 1187 1
1185 1187 1
1186 1187 1
438 1188 1
1189 1188 1
438 1189 1
1188 1189 1
385 1190 1
574 1190 1
575 1190 1
585 1190 1
586 1190 1
716 1191 1
1133 1191 1
213 1192 1
515 1192 1
581 1192 1
1193 1192 1
1194 1192 1
213 1193 1
515 1193 1
581 1193 1
1192 1193 1
1194 1193 1
213 1194 1
515 1194 1
581 1194 1
1192 1194 1
1193 1194 1
369 1195 1
529 1195 1
530 1195 1
1197 1196 1
1198 1196 1
1196 1197 1
1198 1197 1
1196 1198 1
1197 1198 1
1200 1199 1
1199 1200 1
243 1201 1
1202 1201 1
1203 1201 1
243 1202 1
1201 1202 1
1203 1202 1
243 1203 1
1201 1203 1
1202 1203 1
63 1204 1
309 1204 1
391 1204 1
456 1204 1
545 1204 1
71 1205 1
339 1205 1
408 1205 1
32 1206 1
551 1206 1
225 1207 1
396 1208 1
598 1208 1
63 1209 1
309 1209 1
580 1209 1
352 1210 1
568 1210 1
48 1211 1
537 1211 1
345 1212 1
535 1212 1
1213 1212 1
345 1213 1
535 1213 1
1212 1213 1
334 1214 1
408 1214 1
416 1214 1
473 1214 1
1215 1214 1
334 1215 1
408 1215 1
416 1215 1
473 1215 1
1214 1215 1
50 1216 1
1217 1216 1
50 1217 1
1216 1217 1
118 1218 1
209 1218 1
152 1219 1
344 1219 1
390 1219 1
1220 1219 1
152 1220 1
344 1220 1
390 1220 1
1219 1220 1
376 1221 1
1142 1222 1
1224 1223 1
1223 1224 1
121 1225 1
400 1225 1
1226 1225 1
121 1226 1
400 1226 1
1225 1226 1
577 1227 1
453 1228 1
625 1228 1
626 1228 1
389 1229 1
1230 1229 1
1231 1229 1
389 1230 1
1229 1230 1
1231 1230 1
389 1231 1
1229 1231 1
1230 1231 1
213 1232 1
1234 1233 1
1235 1233 1
1236 1233 1
1233 1234 1
1235 1234 1
1236 1234 1
1233 1235 1
1234 1235 1
1236 1235 1
1233 1236 1
1234 1236 1
1235 1236 1
152 1237 1
416 1237 1
