79 1 1
385 1 1
14 2 1
694 2 1
209 3 1
36 4 1
41 4 1
124 4 1
256 4 1
368 4 1
490 4 1
491 4 1
735 4 1
505 5 1
144 6 1
625 6 1
288 7 1
28 8 1
94 8 1
82 9 1
96 9 1
142 9 1
266 9 1
287 9 1
624 9 1
180 10 1
266 10 1
38 11 1
104 11 1
67 12 1
104 12 1
33 13 1
55 13 1
2 14 1
694 14 1
91 15 1
537 15 1
630 15 1
224 16 1
794 17 1
302 18 2
432 18 1
710 18 2
711 18 2
781 19 1
23 20 1
44 20 1
54 20 1
55 20 1
91 20 1
438 21 1
439 21 1
96 22 1
141 22 1
303 22 1
20 23 1
44 23 1
54 23 1
55 23 1
607 24 1
265 25 1
597 25 1
767 25 1
859 25 1
35 26 1
59 26 1
86 26 1
87 26 1
212 27 1
267 27 1
279 27 1
468 27 1
469 27 1
470 27 1
8 28 1
94 28 1
77 29 1
143 29 1
151 30 1
32 31 1
31 32 1
13 33 1
55 33 2
420 34 1
435 34 1
603 34 1
604 34 1
26 35 1
59 35 1
86 35 1
87 35 1
4 36 1
41 36 1
735 36 1
104 37 1
11 38 1
104 38 1
758 39 1
242 40 1
848 40 1
4 41 1
36 41 1
88 41 1
277 41 1
293 41 1
646 41 1
735 41 1
341 42 1
104 43 1
20 44 1
23 44 1
54 44 1
55 44 1
158 45 1
238 45 1
243 45 1
286 45 1
310 45 1
53 46 1
176 47 2
249 47 1
370 47 3
440 47 1
441 47 4
442 47 2
658 47 1
740 47 1
902 48 1
903 48 1
365 49 2
645 49 2
723 50 1
688 51 1
62 52 1
582 52 1
46 53 1
65 53 1
104 53 2
20 54 1
23 54 1
44 54 1
55 54 1
13 55 1
20 55 1
23 55 1
33 55 2
44 55 1
54 55 1
93 56 1
63 57 2
64 57 2
96 57 1
104 58 1
255 58 1
415 58 1
422 58 2
457 58 1
458 58 2
459 58 1
481 58 1
482 58 1
502 58 1
503 58 1
597 58 1
26 59 1
35 59 1
70 59 1
71 59 1
86 59 1
87 59 1
95 59 1
114 59 1
119 59 1
936 59 1
61 60 1
73 60 2
91 60 1
121 60 1
133 60 1
134 60 1
60 61 1
73 61 1
91 61 3
357 61 1
52 62 1
454 62 1
485 62 1
582 62 1
57 63 2
64 63 2
96 63 1
57 64 2
63 64 2
96 64 1
53 65 1
104 65 1
368 66 2
12 67 1
104 67 2
96 68 4
108 68 1
114 68 1
276 68 1
537 68 1
629 68 1
792 68 1
241 69 1
247 69 1
688 69 1
59 70 1
75 70 1
112 70 1
59 71 1
106 72 1
562 72 1
60 73 2
61 73 1
75 73 1
76 73 1
91 73 1
121 73 1
133 73 2
134 73 1
494 73 1
919 73 1
88 74 1
91 74 1
118 74 1
137 74 1
147 74 1
70 75 1
73 75 1
76 75 2
111 75 1
112 75 2
116 75 2
130 75 3
898 75 1
899 75 1
73 76 1
75 76 2
88 76 1
116 76 1
130 76 1
292 76 1
300 76 1
375 76 1
29 77 1
717 78 1
1 79 1
239 79 1
304 79 2
385 79 1
699 79 1
700 79 1
701 79 1
886 79 1
402 80 1
245 81 2
9 82 1
266 82 1
624 82 1
484 83 1
159 84 1
792 84 1
587 85 1
864 85 1
865 85 1
26 86 1
35 86 1
59 86 1
87 86 1
26 87 1
35 87 1
59 87 1
86 87 1
41 88 1
74 88 1
76 88 1
91 88 1
115 88 1
118 88 1
119 88 1
137 88 2
147 88 1
234 88 1
270 88 1
292 88 1
300 88 1
375 88 1
737 88 2
90 89 2
141 89 1
89 90 2
141 90 1
15 91 1
20 91 1
60 91 1
61 91 3
73 91 1
74 91 1
88 91 1
118 91 2
137 91 1
147 91 1
537 91 1
630 91 1
386 92 1
390 92 2
662 92 1
663 92 1
56 93 1
8 94 1
28 94 1
59 95 1
119 95 1
9 96 1
22 96 1
57 96 1
63 96 1
64 96 1
68 96 4
107 96 1
109 96 1
123 96 1
126 96 1
137 96 1
141 96 1
188 96 1
191 96 1
233 96 1
236 96 4
287 96 1
303 96 1
583 96 1
584 96 1
766 96 1
877 96 1
410 97 1
160 98 2
164 98 1
305 98 1
180 99 1
335 99 1
661 100 3
145 101 1
263 102 1
541 102 1
127 103 1
168 103 2
590 103 2
786 103 1
11 104 1
12 104 1
37 104 1
38 104 1
43 104 1
53 104 2
58 104 1
65 104 1
67 104 2
258 104 1
597 104 1
616 104 1
122 105 2
128 105 1
180 105 1
196 105 3
254 105 1
325 105 1
326 105 2
327 105 2
328 105 1
433 105 1
72 106 1
562 106 1
96 107 1
68 108 1
96 109 1
211 109 1
802 109 1
217 110 1
75 111 1
887 111 1
70 112 1
75 112 2
117 113 3
132 113 4
279 113 1
59 114 1
68 114 1
130 114 1
138 114 2
139 114 1
610 114 1
680 114 1
936 114 1
88 115 1
75 116 2
76 116 1
130 116 2
138 116 1
320 116 1
113 117 3
132 117 3
74 118 1
88 118 1
91 118 2
137 118 1
147 118 1
59 119 1
88 119 1
95 119 1
270 119 2
165 120 1
296 120 1
930 120 1
60 121 1
73 121 1
133 121 1
134 121 1
105 122 2
196 122 1
96 123 1
4 124 1
146 124 1
256 124 1
490 124 1
491 124 1
301 125 1
96 126 1
137 126 2
103 127 1
168 127 1
290 127 1
105 128 1
196 128 1
456 128 1
508 129 1
75 130 3
76 130 1
114 130 1
116 130 2
138 130 1
537 130 2
538 130 1
898 130 1
899 130 1
267 131 1
369 131 1
113 132 4
117 132 3
279 132 1
60 133 1
73 133 2
121 133 1
134 133 1
301 133 1
491 133 1
494 133 2
940 133 1
60 134 1
73 134 1
121 134 1
133 134 1
444 134 1
461 134 1
309 135 1
144 136 1
279 136 2
280 136 3
74 137 1
88 137 2
91 137 1
96 137 1
118 137 1
126 137 2
147 137 1
114 138 2
116 138 1
130 138 1
139 138 1
269 138 1
437 138 1
491 138 1
610 138 2
114 139 1
138 139 1
446 140 1
560 140 1
561 140 1
22 141 1
89 141 1
90 141 1
96 141 1
303 141 1
9 142 1
29 143 1
6 144 1
136 144 1
279 144 1
307 144 1
380 144 1
571 144 1
625 144 1
640 144 1
641 144 1
756 144 1
101 145 1
124 146 1
74 147 1
88 147 1
91 147 1
118 147 1
137 147 1
219 147 3
262 147 1
415 147 1
422 147 1
423 147 2
425 147 1
429 147 1
149 148 1
729 148 2
763 148 1
148 149 1
150 149 1
324 149 1
729 149 1
149 150 1
169 150 2
182 150 1
324 150 1
535 150 1
30 151 1
162 152 1
495 152 1
496 152 1
844 152 1
845 152 1
170 153 2
171 153 1
341 153 2
342 153 1
187 154 1
166 155 2
522 155 2
870 155 1
420 156 1
542 157 1
45 158 1
84 159 1
792 159 1
98 160 2
305 160 2
322 160 1
323 160 1
454 160 1
474 160 1
177 161 1
152 162 1
179 162 2
259 162 1
261 162 1
495 162 1
496 162 1
282 163 1
98 164 1
120 165 1
296 165 1
858 165 1
155 166 2
522 166 1
870 166 1
266 167 1
423 167 1
103 168 2
127 168 1
150 169 2
182 169 1
535 169 1
153 170 2
171 170 1
181 170 1
544 170 1
153 171 1
170 171 1
179 172 1
588 172 1
589 172 1
751 173 1
752 173 1
588 174 1
589 174 1
176 175 1
356 175 1
370 175 1
446 175 1
744 175 1
47 176 2
175 176 1
370 176 3
441 176 2
161 177 1
190 177 1
213 177 1
259 177 1
449 177 1
462 177 1
506 177 1
544 177 1
179 178 1
674 178 1
162 179 2
172 179 1
178 179 1
192 179 1
259 179 1
261 179 1
291 179 1
588 179 1
589 179 1
10 180 1
99 180 1
105 180 1
266 180 1
335 180 1
170 181 1
182 181 1
526 181 1
528 181 1
681 181 1
829 181 1
830 181 1
150 182 1
169 182 1
181 182 1
535 182 1
186 183 1
196 184 1
303 184 1
546 184 1
547 184 1
572 185 1
749 185 1
183 186 1
214 186 2
279 186 1
813 186 1
154 187 1
197 187 1
873 187 1
96 188 1
536 189 1
177 190 1
260 190 1
462 190 1
820 190 1
96 191 1
303 191 1
306 191 1
583 191 1
584 191 1
598 191 1
599 191 1
179 192 1
226 192 2
291 192 1
316 192 1
759 192 1
789 192 1
790 192 1
878 192 1
452 193 1
195 194 1
644 194 1
194 195 1
644 195 1
105 196 3
122 196 1
128 196 1
184 196 1
316 196 1
325 196 3
435 196 1
546 196 1
547 196 1
552 196 1
572 196 1
573 196 2
625 196 1
668 196 1
819 196 1
187 197 1
873 197 1
874 198 1
406 199 1
412 199 1
413 199 1
549 200 1
253 201 1
203 202 1
202 203 1
444 204 1
460 204 1
206 205 1
205 206 1
442 206 1
689 207 1
429 208 1
554 208 1
3 209 1
227 210 2
109 211 1
235 211 1
370 211 1
458 211 1
475 211 1
605 211 1
27 212 1
279 212 1
468 212 1
596 212 1
614 212 1
177 213 1
186 214 2
279 214 1
643 214 1
736 214 1
750 214 1
812 214 1
813 214 1
890 214 1
329 215 3
920 215 1
237 216 1
881 216 1
110 217 1
219 218 3
317 218 2
895 218 1
147 219 3
218 219 3
220 219 1
229 219 1
235 219 2
317 219 2
633 219 1
634 219 1
895 219 1
219 220 1
235 220 2
827 220 1
828 220 1
615 221 1
637 222 1
665 222 1
666 222 1
667 222 1
747 223 1
16 224 1
417 225 1
446 225 1
192 226 2
210 227 2
391 228 1
392 228 1
219 229 1
444 229 1
460 229 1
633 229 1
634 229 1
348 230 1
692 230 1
605 231 1
321 232 1
96 233 1
236 233 1
88 234 1
211 235 1
219 235 2
220 235 2
370 235 1
827 235 1
828 235 1
96 236 4
233 236 1
266 236 1
364 236 1
904 236 1
216 237 1
881 237 1
45 238 1
79 239 1
304 239 1
404 240 1
69 241 1
247 241 1
688 241 1
40 242 1
848 242 1
45 243 1
286 243 1
311 244 1
764 244 1
81 245 2
315 245 2
510 245 1
800 245 1
398 246 1
69 247 1
241 247 1
688 247 1
664 248 1
47 249 1
399 249 1
400 249 1
401 249 1
509 249 2
684 249 1
740 249 1
252 250 2
318 250 1
807 250 2
872 250 1
252 251 2
340 251 3
553 251 1
250 252 2
251 252 2
318 252 1
340 252 2
807 252 2
872 252 1
201 253 1
258 253 1
105 254 1
327 254 2
374 254 1
58 255 1
502 255 1
503 255 1
4 256 1
124 256 1
257 256 1
490 256 2
491 256 1
256 257 1
285 257 2
743 257 1
104 258 1
253 258 1
162 259 1
177 259 1
179 259 1
261 259 2
449 259 1
506 259 1
507 259 1
190 260 1
261 260 3
448 260 1
449 260 1
507 260 1
785 260 1
820 260 1
875 260 2
876 260 1
931 260 1
932 260 1
162 261 1
179 261 1
259 261 2
260 261 3
448 261 1
449 261 2
147 262 1
415 262 1
102 263 1
264 263 1
271 263 1
360 263 1
541 263 1
543 263 2
549 263 1
550 263 1
263 264 1
25 265 1
859 265 1
9 266 1
10 266 1
82 266 1
167 266 1
180 266 1
236 266 1
287 266 1
423 266 1
622 266 1
623 266 1
624 266 1
675 266 1
766 266 1
767 266 2
27 267 1
131 267 1
369 267 1
660 267 1
673 268 1
138 269 1
88 270 1
119 270 2
263 271 1
543 271 1
273 272 1
329 272 1
501 272 1
272 273 1
501 273 1
722 273 1
491 274 1
293 275 4
294 275 3
676 275 1
677 275 1
68 276 1
41 277 1
748 278 2
27 279 1
113 279 1
132 279 1
136 279 2
144 279 1
186 279 1
212 279 1
214 279 1
280 279 2
307 279 1
409 279 1
468 279 1
576 279 2
577 279 1
756 279 1
136 280 3
279 280 2
784 280 1
443 281 1
445 281 1
163 282 1
292 283 1
389 283 1
353 284 1
361 284 1
362 284 3
363 284 1
685 284 1
821 284 2
822 284 3
855 284 1
866 284 2
867 284 1
921 284 1
257 285 2
743 285 2
45 286 1
243 286 1
9 287 1
96 287 1
266 287 1
7 288 1
783 288 1
804 288 1
765 289 1
127 290 1
179 291 1
192 291 1
451 291 1
654 291 1
697 291 1
76 292 1
88 292 1
283 292 1
300 292 1
375 292 1
389 292 1
41 293 1
275 293 4
294 293 5
548 293 1
275 294 3
293 294 5
548 294 1
317 295 1
491 295 1
120 296 1
165 296 1
858 296 2
930 296 1
298 297 1
297 298 1
647 299 1
76 300 1
88 300 1
292 300 1
375 300 1
125 301 1
133 301 1
18 302 2
432 302 1
22 303 1
96 303 1
141 303 1
184 303 1
191 303 1
79 304 2
239 304 1
699 304 1
700 304 1
701 304 1
98 305 1
160 305 2
454 305 1
191 306 1
598 306 1
599 306 1
144 307 1
279 307 1
756 307 1
376 308 1
420 308 1
435 308 1
645 308 1
834 308 1
835 308 1
836 308 1
135 309 1
45 310 1
244 311 1
312 311 1
764 311 1
311 312 1
722 313 1
797 314 1
245 315 2
192 316 1
196 316 1
625 316 1
626 316 1
627 316 1
789 316 1
790 316 1
816 316 1
817 316 1
218 317 2
219 317 2
295 317 1
491 317 1
542 317 1
250 318 1
252 318 1
807 318 1
814 319 1
839 319 1
893 319 1
116 320 1
232 321 1
451 321 1
160 322 1
323 322 1
160 323 1
322 323 1
149 324 1
150 324 1
105 325 1
196 325 3
365 325 1
413 325 2
456 325 1
486 325 2
517 325 1
570 325 1
571 325 1
572 325 1
573 325 2
574 325 1
105 326 2
327 326 1
433 326 1
105 327 2
254 327 2
326 327 1
374 327 1
105 328 1
215 329 3
272 329 1
920 329 1
331 330 1
332 330 1
330 331 1
332 331 1
330 332 1
331 332 1
334 333 1
335 333 2
336 333 1
337 333 1
338 333 1
339 333 1
340 333 1
343 333 1
333 334 1
335 334 1
336 334 1
99 335 1
180 335 1
333 335 2
334 335 1
336 335 1
669 335 1
670 335 1
333 336 1
334 336 1
335 336 1
333 337 1
338 337 1
333 338 1
337 338 1
333 339 1
340 339 1
251 340 3
252 340 2
333 340 1
339 340 1
553 340 1
891 340 1
892 340 1
42 341 1
153 341 2
342 341 1
590 341 1
591 341 1
592 341 1
593 341 1
153 342 1
341 342 1
333 343 1
345 344 1
344 345 1
347 346 2
465 346 1
466 346 1
814 346 1
346 347 2
465 347 1
466 347 1
814 347 1
230 348 1
349 348 1
350 348 1
351 348 1
352 348 1
692 348 1
348 349 1
350 349 1
351 349 4
441 349 1
447 349 1
450 349 1
525 349 2
527 349 1
575 349 1
941 349 1
942 349 1
348 350 1
349 350 1
351 350 1
477 350 1
504 350 1
348 351 1
349 351 4
350 351 1
447 351 1
450 351 1
527 351 1
712 351 1
718 351 1
348 352 1
808 352 1
809 352 1
897 352 1
284 353 1
358 353 1
361 353 1
362 353 1
363 353 1
365 353 1
366 353 2
370 353 1
374 353 1
355 354 1
356 354 1
354 355 1
356 355 4
888 355 2
889 355 2
175 356 1
354 356 1
355 356 4
446 356 1
744 356 1
888 356 2
889 356 2
61 357 1
353 358 1
360 359 1
263 360 1
359 360 1
284 361 1
353 361 1
362 361 1
363 361 1
894 361 1
284 362 3
353 362 1
361 362 1
363 362 1
821 362 1
822 362 1
284 363 1
353 363 1
361 363 1
362 363 1
236 364 1
49 365 2
325 365 1
353 365 1
366 365 1
645 365 2
353 366 2
365 366 1
525 366 1
368 367 1
369 367 1
4 368 1
66 368 2
367 368 1
369 368 1
131 369 1
267 369 1
367 369 1
368 369 1
780 369 1
47 370 3
175 370 1
176 370 3
211 370 1
235 370 1
353 370 1
441 370 2
658 370 1
372 371 1
373 371 1
397 371 1
371 372 1
373 372 1
567 372 1
371 373 1
372 373 1
600 373 1
254 374 1
327 374 1
353 374 1
525 374 1
652 374 1
739 374 1
846 374 1
76 375 1
88 375 1
292 375 1
300 375 1
308 376 1
377 376 1
378 376 1
376 377 1
378 377 1
434 377 1
435 377 1
376 378 1
377 378 1
454 378 1
741 379 1
144 380 1
382 381 1
381 382 1
384 383 1
815 383 1
383 384 1
403 384 1
1 385 1
79 385 1
92 386 1
387 386 1
388 386 1
390 386 1
386 387 1
388 387 1
386 388 1
387 388 1
283 389 1
292 389 1
92 390 2
386 390 1
662 390 1
663 390 1
228 391 1
392 391 1
228 392 1
391 392 1
394 393 1
395 393 1
396 393 1
393 394 1
395 394 1
396 394 1
393 395 1
394 395 1
396 395 1
393 396 1
394 396 1
395 396 1
371 397 1
246 398 1
249 399 1
400 399 1
401 399 1
249 400 1
399 400 1
401 400 1
249 401 1
399 401 1
400 401 1
80 402 1
384 403 1
240 404 1
407 405 1
408 405 2
409 405 1
411 405 1
414 405 1
896 405 1
199 406 1
405 407 1
408 407 1
409 407 1
468 407 1
826 407 1
405 408 2
407 408 1
409 408 1
414 408 3
852 408 1
279 409 1
405 409 1
407 409 1
408 409 1
576 409 1
577 409 1
97 410 1
405 411 1
199 412 1
413 412 1
649 412 1
698 412 1
199 413 1
325 413 2
412 413 1
483 413 1
486 413 2
574 413 1
628 413 1
671 413 1
672 413 1
738 413 1
405 414 1
408 414 3
539 414 1
545 414 1
727 414 1
728 414 1
776 414 1
58 415 1
147 415 1
262 415 1
422 415 1
481 415 1
482 415 1
529 415 1
770 415 1
771 415 1
772 415 1
417 416 1
418 416 1
225 417 1
416 417 1
418 417 1
436 417 1
446 417 1
912 417 1
913 417 1
416 418 1
417 418 1
420 419 2
421 419 1
34 420 1
156 420 1
308 420 1
419 420 2
421 420 1
730 420 1
419 421 1
420 421 1
796 421 1
58 422 2
147 422 1
415 422 1
423 422 1
458 422 1
481 422 1
482 422 1
147 423 2
167 423 1
266 423 1
422 423 1
425 423 1
426 424 1
427 424 1
428 424 1
430 424 1
431 424 1
879 424 1
880 424 1
147 425 1
423 425 1
424 426 1
427 426 1
428 426 1
424 427 1
426 427 1
428 427 2
576 427 2
578 427 1
579 427 2
782 427 1
424 428 1
426 428 1
427 428 2
576 428 1
578 428 1
147 429 1
208 429 1
554 429 1
853 429 1
854 429 1
424 430 1
431 430 1
424 431 1
430 431 1
755 431 1
833 431 1
18 432 1
302 432 1
105 433 1
326 433 1
377 434 1
435 434 1
871 434 1
34 435 1
196 435 1
308 435 1
377 435 1
434 435 1
547 435 1
603 435 1
604 435 1
834 435 1
835 435 1
836 435 1
417 436 1
138 437 1
21 438 1
439 438 1
21 439 1
438 439 1
659 439 1
47 440 1
441 440 1
442 440 1
47 441 4
176 441 2
349 441 1
370 441 2
440 441 1
442 441 2
47 442 2
206 442 1
440 442 1
441 442 2
539 442 2
540 442 1
769 442 1
281 443 1
444 443 1
445 443 1
134 444 1
204 444 1
229 444 1
443 444 1
460 444 2
461 444 1
281 445 1
443 445 1
140 446 1
175 446 1
225 446 1
356 446 1
417 446 1
560 446 1
561 446 1
744 446 1
928 446 1
929 446 1
349 447 1
351 447 1
450 447 1
260 448 1
261 448 1
449 448 1
177 449 1
259 449 1
260 449 1
261 449 2
448 449 1
349 450 1
351 450 1
447 450 1
937 450 1
291 451 1
321 451 1
477 451 1
478 451 1
479 451 1
602 451 1
697 451 1
193 452 1
454 453 1
455 453 1
456 453 1
62 454 1
160 454 1
305 454 1
378 454 1
453 454 1
455 454 1
485 454 1
453 455 1
454 455 1
128 456 1
325 456 1
453 456 1
571 456 1
638 456 1
639 456 1
685 456 1
823 456 1
824 456 1
825 456 1
851 456 1
58 457 1
458 457 1
459 457 1
58 458 2
211 458 1
422 458 1
457 458 1
459 458 1
58 459 1
457 459 1
458 459 1
204 460 1
229 460 1
444 460 2
134 461 1
444 461 1
177 462 1
190 462 1
463 462 1
464 462 1
462 463 1
464 463 1
462 464 1
463 464 1
346 465 1
347 465 1
466 465 2
467 465 1
667 465 1
705 465 1
742 465 1
814 465 1
346 466 1
347 466 1
465 466 2
467 466 1
814 466 1
465 467 1
466 467 1
27 468 1
212 468 1
279 468 1
407 468 1
513 468 1
826 468 1
27 469 1
470 469 1
489 469 1
517 469 1
27 470 1
469 470 1
472 471 1
473 471 1
471 472 1
471 473 1
160 474 1
211 475 1
795 476 1
350 477 1
451 477 1
478 477 1
479 477 1
480 477 1
451 478 1
477 478 1
479 478 1
451 479 1
477 479 1
478 479 1
477 480 1
721 480 1
908 480 1
58 481 1
415 481 1
422 481 1
482 481 1
58 482 1
415 482 1
422 482 1
481 482 1
413 483 1
83 484 1
62 485 1
454 485 1
793 485 1
325 486 2
413 486 2
487 486 1
488 486 1
486 487 1
486 488 1
791 488 1
469 489 1
4 490 1
124 490 1
256 490 2
491 490 1
768 490 1
4 491 1
124 491 1
133 491 1
138 491 1
256 491 1
274 491 1
295 491 1
317 491 1
490 491 1
494 491 1
493 492 1
494 492 1
492 493 1
494 493 1
73 494 1
133 494 2
491 494 1
492 494 1
493 494 1
152 495 1
162 495 1
496 495 1
152 496 1
162 496 1
495 496 1
498 497 1
499 497 1
500 497 1
497 498 1
499 498 1
497 499 1
498 499 1
497 500 1
272 501 1
273 501 1
58 502 1
255 502 1
503 502 1
58 503 1
255 503 1
502 503 1
350 504 1
5 505 1
177 506 1
259 506 1
259 507 1
260 507 1
875 507 1
931 507 1
932 507 1
129 508 1
249 509 2
245 510 1
512 511 1
511 512 1
468 513 1
515 514 1
516 514 1
514 515 1
516 515 1
514 516 1
515 516 1
325 517 1
469 517 1
570 517 1
519 518 1
518 519 1
587 519 1
521 520 1
520 521 1
155 522 2
166 522 1
702 522 1
703 522 1
837 522 1
838 522 1
524 523 1
523 524 1
349 525 2
366 525 1
374 525 1
575 525 1
652 525 1
941 525 1
942 525 1
181 526 1
528 526 1
349 527 1
351 527 1
922 527 1
181 528 1
526 528 1
415 529 1
531 530 1
532 530 1
530 531 1
532 531 1
530 532 1
531 532 1
534 533 1
533 534 1
150 535 1
169 535 1
182 535 1
189 536 1
15 537 1
68 537 1
91 537 1
130 537 2
538 537 1
629 537 1
630 537 1
693 537 1
130 538 1
537 538 1
414 539 1
442 539 2
551 539 1
552 539 1
716 539 1
757 539 1
769 539 1
442 540 1
102 541 1
263 541 1
157 542 1
317 542 1
263 543 2
271 543 1
720 543 1
170 544 1
177 544 1
414 545 1
184 546 1
196 546 1
547 546 1
184 547 1
196 547 1
435 547 1
546 547 1
293 548 1
294 548 1
779 548 1
200 549 1
263 549 1
263 550 1
539 551 1
196 552 1
539 552 1
251 553 1
340 553 1
208 554 1
429 554 1
882 554 1
883 554 1
556 555 1
557 555 1
555 556 1
557 556 1
555 557 1
556 557 1
559 558 1
897 558 1
558 559 1
140 560 1
446 560 1
561 560 1
140 561 1
446 561 1
560 561 1
72 562 1
106 562 1
564 563 1
565 563 1
566 563 1
563 564 1
565 564 1
566 564 1
563 565 1
564 565 1
566 565 1
563 566 1
564 566 1
565 566 1
372 567 1
569 568 1
568 569 1
325 570 1
517 570 1
144 571 1
325 571 1
456 571 1
185 572 1
196 572 1
325 572 1
749 572 1
196 573 2
325 573 2
325 574 1
413 574 1
349 575 1
525 575 1
941 575 1
942 575 1
279 576 2
409 576 1
427 576 2
428 576 1
577 576 1
578 576 1
579 576 1
279 577 1
409 577 1
576 577 1
427 578 1
428 578 1
576 578 1
427 579 2
576 579 1
581 580 1
580 581 1
52 582 1
62 582 1
96 583 1
191 583 1
584 583 1
96 584 1
191 584 1
583 584 1
586 585 1
585 586 1
85 587 1
519 587 1
172 588 1
174 588 1
179 588 1
589 588 2
172 589 1
174 589 1
179 589 1
588 589 2
103 590 2
341 590 1
341 591 1
592 591 1
341 592 1
591 592 1
341 593 1
595 594 1
594 595 1
212 596 1
25 597 1
58 597 1
104 597 1
191 598 1
306 598 1
599 598 1
191 599 1
306 599 1
598 599 1
373 600 1
602 601 1
451 602 1
601 602 1
34 603 1
435 603 1
604 603 1
801 603 1
805 603 1
806 603 1
34 604 1
435 604 1
603 604 1
211 605 1
231 605 1
614 605 1
648 605 1
642 606 1
24 607 1
609 608 1
608 609 1
114 610 1
138 610 2
612 611 1
613 611 1
611 612 1
613 612 1
611 613 1
612 613 1
212 614 1
605 614 1
648 614 1
221 615 1
104 616 1
618 617 1
619 617 1
620 617 1
621 617 1
617 618 1
619 618 1
620 618 1
621 618 1
617 619 1
618 619 1
620 619 1
621 619 1
617 620 1
618 620 1
619 620 1
621 620 1
617 621 1
618 621 1
619 621 1
620 621 1
266 622 1
623 622 1
266 623 1
622 623 1
9 624 1
82 624 1
266 624 1
6 625 1
144 625 1
196 625 1
316 625 1
316 626 1
627 626 1
316 627 1
626 627 1
413 628 1
68 629 1
537 629 1
15 630 1
91 630 1
537 630 1
632 631 1
631 632 1
219 633 1
229 633 1
634 633 1
219 634 1
229 634 1
633 634 1
636 635 1
637 635 1
635 636 1
637 636 1
222 637 1
635 637 1
636 637 1
665 637 1
666 637 1
667 637 1
456 638 1
639 638 1
456 639 1
638 639 1
144 640 1
641 640 1
144 641 1
640 641 1
606 642 1
214 643 1
194 644 1
195 644 1
49 645 2
308 645 1
365 645 2
41 646 1
299 647 1
605 648 1
614 648 1
412 649 1
651 650 1
650 651 1
374 652 1
525 652 1
653 652 1
652 653 1
291 654 1
656 655 1
657 655 1
655 656 1
657 656 3
678 656 2
679 656 2
810 656 1
811 656 1
655 657 1
656 657 3
678 657 1
679 657 2
47 658 1
370 658 1
439 659 1
267 660 1
100 661 3
92 662 1
390 662 1
663 662 1
92 663 1
390 663 1
662 663 1
248 664 1
222 665 1
637 665 1
666 665 1
667 665 1
222 666 1
637 666 1
665 666 1
667 666 1
222 667 1
465 667 1
637 667 1
665 667 1
666 667 1
705 667 1
742 667 5
938 667 1
939 667 1
196 668 1
335 669 1
707 669 1
708 669 1
335 670 1
413 671 1
672 671 1
413 672 1
671 672 1
268 673 1
831 673 1
178 674 1
266 675 1
275 676 1
275 677 1
656 678 2
657 678 1
679 678 1
810 678 1
811 678 1
656 679 2
657 679 2
678 679 1
114 680 1
743 680 1
181 681 1
683 682 1
682 683 1
840 683 1
841 683 1
842 683 1
843 683 1
249 684 1
284 685 1
456 685 1
851 685 1
687 686 1
686 687 1
51 688 1
69 688 1
241 688 1
247 688 1
207 689 1
691 690 2
909 690 1
690 691 2
909 691 1
230 692 1
348 692 1
537 693 1
2 694 1
14 694 1
696 695 1
695 696 1
924 696 1
925 696 1
291 697 1
451 697 1
412 698 1
79 699 1
304 699 1
700 699 1
701 699 1
79 700 1
304 700 1
699 700 1
701 700 1
79 701 1
304 701 1
699 701 1
700 701 1
522 702 1
703 702 1
522 703 1
702 703 1
705 704 1
706 704 1
465 705 1
667 705 1
704 705 1
706 705 1
742 705 1
704 706 1
705 706 1
818 706 1
669 707 1
669 708 1
869 709 1
18 710 2
711 710 2
18 711 2
710 711 2
351 712 1
713 712 1
868 712 1
712 713 1
715 714 1
714 715 1
539 716 1
78 717 1
351 718 1
719 718 1
718 719 1
543 720 1
480 721 1
273 722 1
313 722 1
50 723 1
724 723 1
723 724 1
726 725 1
725 726 1
414 727 1
728 727 1
414 728 1
727 728 1
148 729 2
149 729 1
763 729 1
420 730 1
732 731 1
731 732 1
803 732 1
734 733 1
733 734 1
4 735 1
36 735 1
41 735 1
214 736 1
88 737 2
413 738 1
374 739 1
47 740 1
249 740 1
379 741 1
465 742 1
667 742 5
705 742 1
938 742 1
939 742 1
257 743 1
285 743 2
680 743 1
175 744 1
356 744 1
446 744 1
746 745 1
745 746 1
223 747 1
278 748 2
185 749 1
572 749 1
214 750 1
173 751 1
752 751 1
173 752 1
751 752 1
754 753 1
755 753 1
753 754 1
755 754 1
431 755 1
753 755 1
754 755 1
833 755 1
144 756 1
279 756 1
307 756 1
539 757 1
39 758 1
192 759 1
761 760 1
762 760 1
760 761 1
762 761 1
760 762 1
761 762 1
148 763 1
729 763 1
244 764 1
311 764 1
289 765 1
96 766 1
266 766 1
25 767 1
266 767 2
490 768 1
442 769 1
539 769 1
415 770 1
771 770 1
772 770 1
415 771 1
770 771 1
772 771 1
415 772 1
770 772 1
771 772 1
774 773 1
775 773 1
773 774 1
775 774 1
773 775 1
774 775 1
414 776 1
778 777 1
777 778 1
548 779 1
369 780 1
19 781 1
427 782 1
288 783 1
280 784 1
260 785 1
875 785 1
876 785 1
103 786 1
788 787 1
787 788 1
192 789 1
316 789 1
790 789 1
192 790 1
316 790 1
789 790 1
488 791 1
68 792 1
84 792 1
159 792 1
485 793 1
17 794 1
476 795 1
421 796 1
314 797 1
799 798 1
798 799 1
245 800 1
603 801 1
109 802 1
732 803 1
288 804 1
603 805 1
806 805 1
603 806 1
805 806 1
250 807 2
252 807 2
318 807 1
872 807 1
352 808 1
809 808 1
352 809 1
808 809 1
656 810 1
678 810 1
811 810 1
656 811 1
678 811 1
810 811 1
214 812 1
186 813 1
214 813 1
319 814 1
346 814 1
347 814 1
465 814 1
466 814 1
893 814 1
383 815 1
316 816 1
817 816 1
316 817 1
816 817 1
706 818 1
196 819 1
190 820 1
260 820 1
284 821 2
362 821 1
822 821 2
866 821 1
867 821 1
284 822 3
362 822 1
821 822 2
866 822 2
867 822 1
921 822 1
456 823 1
824 823 1
825 823 1
456 824 1
823 824 1
825 824 1
456 825 1
823 825 1
824 825 1
407 826 1
468 826 1
220 827 1
235 827 1
828 827 1
220 828 1
235 828 1
827 828 1
181 829 1
830 829 1
181 830 1
829 830 1
673 831 1
832 831 1
831 832 1
847 832 1
914 832 1
915 832 1
431 833 1
755 833 1
308 834 1
435 834 1
835 834 1
836 834 1
308 835 1
435 835 1
834 835 1
836 835 1
308 836 1
435 836 1
834 836 1
835 836 1
522 837 1
838 837 1
522 838 1
837 838 1
319 839 1
683 840 1
841 840 1
842 840 1
843 840 1
683 841 1
840 841 1
842 841 1
843 841 1
683 842 1
840 842 1
841 842 1
843 842 1
683 843 1
840 843 1
841 843 1
842 843 1
152 844 1
845 844 1
152 845 1
844 845 1
374 846 1
832 847 1
40 848 1
242 848 1
850 849 1
849 850 1
456 851 1
685 851 1
408 852 1
429 853 1
854 853 1
429 854 1
853 854 1
284 855 1
857 856 1
900 856 1
901 856 1
856 857 1
165 858 1
296 858 2
25 859 1
265 859 1
861 860 1
860 861 1
863 862 1
862 863 1
85 864 1
865 864 1
85 865 1
864 865 1
284 866 2
821 866 1
822 866 2
867 866 1
921 866 1
284 867 1
821 867 1
822 867 1
866 867 1
712 868 1
709 869 1
155 870 1
166 870 1
434 871 1
905 871 1
906 871 1
907 871 1
250 872 1
252 872 1
807 872 1
187 873 1
197 873 1
198 874 1
260 875 2
507 875 1
785 875 1
876 875 1
931 875 1
932 875 1
260 876 1
785 876 1
875 876 1
96 877 1
192 878 1
424 879 1
880 879 1
424 880 1
879 880 1
216 881 1
237 881 1
554 882 1
883 882 1
554 883 1
882 883 1
885 884 1
884 885 1
79 886 1
111 887 1
355 888 2
356 888 2
889 888 2
355 889 2
356 889 2
888 889 2
214 890 1
340 891 1
892 891 1
340 892 1
891 892 1
923 892 1
319 893 1
814 893 1
361 894 1
218 895 1
219 895 1
405 896 1
352 897 1
558 897 1
75 898 1
130 898 1
899 898 1
75 899 1
130 899 1
898 899 1
856 900 1
901 900 1
856 901 1
900 901 1
48 902 1
903 902 1
48 903 1
902 903 1
236 904 1
871 905 1
906 905 1
907 905 1
871 906 1
905 906 1
907 906 1
871 907 1
905 907 1
906 907 1
480 908 1
690 909 1
691 909 1
911 910 1
910 911 1
417 912 1
913 912 1
417 913 1
912 913 1
832 914 1
915 914 1
832 915 1
914 915 1
917 916 1
918 916 1
916 917 1
918 917 1
916 918 1
917 918 1
73 919 1
215 920 1
329 920 1
284 921 1
822 921 1
866 921 1
527 922 1
892 923 1
696 924 1
925 924 1
696 925 1
924 925 1
927 926 1
926 927 1
446 928 1
929 928 1
446 929 1
928 929 1
120 930 1
296 930 1
260 931 1
507 931 1
875 931 1
932 931 1
260 932 1
507 932 1
875 932 1
931 932 1
934 933 1
935 933 1
933 934 1
935 934 1
933 935 1
934 935 1
59 936 1
114 936 1
450 937 1
667 938 1
742 938 1
939 938 1
667 939 1
742 939 1
938 939 1
133 940 1
349 941 1
525 941 1
575 941 1
942 941 1
349 942 1
525 942 1
575 942 1
941 942 1
