86 1 1
184 1 1
1288 2 1
260 3 1
223 4 1
1197 4 1
416 5 1
497 5 1
1160 6 1
1161 6 1
19 7 1
93 7 1
120 7 1
23 8 1
128 8 1
305 8 1
389 8 1
401 8 1
461 8 2
475 8 2
657 8 1
660 8 1
139 9 1
162 9 1
565 9 1
331 10 1
638 11 1
954 11 1
955 11 1
93 12 2
50 13 2
98 13 2
140 13 2
147 13 2
190 13 1
591 14 1
724 14 1
39 15 1
40 15 1
43 15 1
1358 15 1
628 16 1
787 16 1
211 17 1
207 18 1
7 19 1
93 19 1
120 19 1
255 20 1
596 20 1
1293 20 1
22 21 1
1224 21 1
21 22 1
1224 22 1
8 23 1
305 23 1
389 23 1
657 23 1
583 24 1
363 25 1
963 25 1
1236 26 1
111 27 1
112 27 1
153 27 1
1147 27 1
220 28 1
221 28 1
77 29 1
677 29 1
37 30 1
1316 30 1
199 31 1
294 31 1
916 31 1
160 32 1
651 32 1
83 33 1
84 33 1
476 33 1
760 33 1
952 33 1
466 34 1
572 35 1
1187 35 1
1188 35 1
118 36 1
30 37 1
1316 37 1
166 38 1
441 38 1
480 38 1
559 38 1
15 39 1
40 39 1
43 39 1
1358 39 1
15 40 1
39 40 1
43 40 1
1358 40 1
63 41 1
102 42 1
267 42 1
15 43 1
39 43 1
40 43 1
1358 43 1
202 44 1
360 44 1
398 44 1
421 44 1
334 45 1
583 45 3
629 45 2
630 45 3
989 45 1
424 46 1
1122 46 1
1123 46 1
85 47 1
93 48 1
109 48 1
158 48 1
807 48 1
808 48 1
830 48 1
831 48 1
1152 48 1
1153 48 1
552 49 1
991 49 1
992 49 1
13 50 2
98 50 2
140 50 2
147 50 2
190 50 1
1148 51 1
454 52 1
458 52 2
459 52 2
477 52 1
478 52 2
533 52 5
598 52 1
600 52 3
1041 52 1
1042 52 1
1043 52 1
1044 52 1
1045 52 1
339 53 1
488 53 1
489 53 1
580 53 1
1372 53 1
55 54 1
54 55 1
265 56 1
268 56 1
283 56 1
601 57 1
636 57 1
1274 57 1
123 58 1
69 59 1
70 59 1
71 59 1
817 60 1
302 61 1
348 61 1
505 61 1
344 62 1
677 62 1
775 62 1
844 62 1
845 62 1
846 62 1
847 62 1
41 63 1
65 64 3
106 64 3
121 64 1
126 64 1
135 64 1
191 64 1
282 64 5
340 64 1
348 64 2
372 64 1
432 64 1
442 64 1
483 64 1
576 64 1
589 64 2
590 64 1
596 64 1
599 64 1
615 64 1
661 64 1
665 64 1
752 64 1
765 64 1
883 64 1
884 64 1
885 64 1
886 64 1
887 64 1
888 64 1
889 64 1
890 64 1
891 64 1
1184 64 1
1235 64 2
64 65 3
106 65 2
135 65 1
282 65 2
348 65 1
589 65 1
599 65 1
615 65 1
661 65 1
665 65 1
765 65 1
883 65 1
884 65 1
885 65 1
886 65 1
887 65 1
888 65 1
889 65 1
890 65 1
240 66 1
241 66 1
624 67 1
897 67 1
1051 68 1
1052 68 1
59 69 1
70 69 1
71 69 1
59 70 1
69 70 1
71 70 1
59 71 1
69 71 1
70 71 1
235 71 1
236 71 1
609 71 1
732 72 1
282 73 1
589 73 1
689 73 1
415 74 1
918 74 1
578 75 1
500 76 2
776 76 2
29 77 1
677 77 2
694 77 1
326 78 1
622 78 1
449 79 1
1149 79 1
81 80 1
82 80 1
80 81 1
82 81 1
80 82 1
81 82 1
33 83 1
84 83 1
476 83 1
760 83 1
952 83 1
33 84 1
83 84 1
476 84 1
760 84 1
952 84 1
47 85 1
92 85 2
121 85 1
196 85 1
325 85 1
1039 85 1
1 86 1
184 86 1
153 87 1
158 87 1
879 87 1
880 87 1
237 88 1
940 88 1
941 88 1
942 88 1
943 88 1
100 89 1
222 90 1
903 90 1
931 90 1
1053 90 1
1054 90 1
627 91 1
85 92 2
121 92 1
325 92 1
7 93 1
12 93 2
19 93 1
48 93 1
109 93 1
120 93 1
124 93 1
142 93 1
807 93 1
808 93 1
95 94 1
117 94 1
94 95 1
117 95 1
160 96 1
209 97 1
391 97 1
1062 97 1
13 98 2
50 98 2
140 98 2
147 98 2
190 98 1
126 99 1
192 99 1
621 99 1
89 100 1
105 101 1
777 101 1
1198 101 1
1199 101 1
1200 101 1
42 102 1
267 102 1
104 103 2
502 103 1
741 103 1
103 104 2
148 104 1
502 104 1
741 104 1
101 105 1
1198 105 1
1199 105 1
1200 105 1
64 106 3
65 106 2
107 106 1
135 106 1
282 106 1
348 106 1
443 106 1
463 106 1
589 106 1
599 106 1
615 106 1
661 106 1
665 106 1
765 106 1
883 106 1
884 106 1
885 106 1
886 106 1
887 106 1
888 106 1
889 106 1
890 106 1
106 107 1
1182 108 1
1183 108 1
48 109 1
93 109 1
807 109 1
808 109 1
506 110 1
1215 110 1
1216 110 1
1217 110 1
27 111 1
112 111 1
153 111 1
1147 111 1
27 112 1
111 112 1
153 112 1
1147 112 1
157 113 2
749 114 3
750 114 1
786 114 2
990 114 1
211 115 1
276 115 1
367 115 1
467 115 1
168 116 1
178 116 1
574 116 1
94 117 1
95 117 1
36 118 1
300 119 1
346 119 1
561 119 1
650 119 1
681 119 1
7 120 1
19 120 1
93 120 1
64 121 1
85 121 1
92 121 1
325 121 1
596 121 1
752 121 1
1184 121 1
163 122 1
168 122 1
616 122 1
58 123 1
93 124 1
142 124 1
210 125 1
212 125 1
639 125 1
789 125 1
915 125 1
64 126 1
99 126 1
191 126 1
192 126 1
442 126 1
621 126 1
281 127 1
554 127 1
8 128 1
461 128 1
475 128 1
302 129 1
588 129 2
698 129 1
965 129 3
1047 129 1
164 130 1
1066 130 1
678 131 1
378 132 1
134 133 1
608 133 1
133 134 1
608 134 1
64 135 1
65 135 1
106 135 1
282 135 2
348 135 2
372 135 1
392 135 2
589 135 1
599 135 1
615 135 1
661 135 1
665 135 1
765 135 1
883 135 1
884 135 1
885 135 1
886 135 1
887 135 1
888 135 1
889 135 1
890 135 1
1395 135 1
149 136 1
368 136 1
717 136 1
1036 136 1
1127 136 1
1159 136 1
1164 136 1
1165 136 1
138 137 1
154 137 1
155 137 1
137 138 1
154 138 1
155 138 1
156 138 1
325 138 1
573 138 1
626 138 1
896 138 1
913 138 1
9 139 1
162 139 1
565 139 1
13 140 2
50 140 2
98 140 2
147 140 2
190 140 1
159 141 1
759 141 1
93 142 1
124 142 1
413 143 1
1230 143 1
282 144 1
576 144 1
367 145 1
581 145 1
862 145 1
400 146 1
13 147 2
50 147 2
98 147 2
140 147 2
190 147 1
104 148 1
136 149 1
355 149 1
368 149 2
540 149 1
575 149 1
721 149 1
758 149 2
803 149 1
806 149 1
809 149 1
818 149 1
854 149 1
874 149 1
933 149 1
983 149 1
1055 149 1
1080 149 1
1083 149 1
1164 149 1
1165 149 1
1169 149 1
1247 149 1
1248 149 1
1251 149 1
1252 149 1
792 150 1
1082 151 1
359 152 1
726 152 1
27 153 1
87 153 1
111 153 1
112 153 1
158 153 1
418 153 1
540 153 1
597 153 1
752 153 1
879 153 1
880 153 1
977 153 1
1147 153 1
137 154 1
138 154 1
155 154 1
137 155 1
138 155 1
154 155 1
579 155 1
585 155 1
587 155 2
138 156 1
573 156 1
626 156 1
801 156 1
913 156 1
113 157 2
48 158 1
87 158 1
153 158 1
792 158 1
879 158 1
880 158 1
1147 158 1
1152 158 1
1153 158 2
1208 158 1
1212 158 1
1213 158 1
141 159 1
759 159 1
32 160 1
96 160 1
651 160 1
384 161 1
385 161 1
9 162 1
139 162 1
565 162 1
122 163 1
168 163 1
616 163 1
130 164 1
1066 164 1
640 165 1
1237 165 1
1238 165 1
38 166 1
180 166 1
250 166 1
272 166 1
438 166 1
713 166 1
950 166 1
951 166 1
361 167 1
362 167 1
470 167 1
560 167 1
1128 167 1
116 168 1
122 168 1
163 168 1
178 168 1
469 168 1
574 168 1
616 168 1
170 169 2
171 169 2
453 169 1
557 169 1
658 169 1
663 169 1
851 169 1
852 169 1
853 169 1
1345 169 1
169 170 2
171 170 3
453 170 1
557 170 1
658 170 1
663 170 2
851 170 1
852 170 1
853 170 1
1345 170 1
169 171 2
170 171 3
453 171 2
557 171 1
658 171 2
663 171 2
673 171 1
703 171 1
851 171 1
852 171 1
853 171 1
1003 171 1
1004 171 1
1005 171 1
1345 171 1
669 172 1
718 172 1
412 173 1
614 173 3
687 173 1
1363 173 1
386 174 1
405 174 1
406 174 1
177 175 1
393 176 1
394 176 1
395 176 1
728 176 1
1063 176 1
1064 176 1
175 177 1
116 178 1
168 178 1
574 178 1
748 178 2
749 178 2
181 179 1
1068 179 1
166 180 1
250 180 1
272 180 1
409 180 1
438 180 1
595 180 1
708 180 1
713 180 1
950 180 1
951 180 1
1381 180 1
179 181 1
1068 181 1
221 182 1
922 183 1
923 183 1
924 183 1
1 184 1
86 184 1
1210 185 1
187 186 1
186 187 1
1275 188 1
1276 188 1
1277 188 1
1278 188 1
245 189 1
1176 189 1
1177 189 1
1178 189 1
13 190 1
50 190 1
98 190 1
140 190 1
147 190 1
64 191 1
126 191 1
442 191 1
99 192 1
126 192 1
621 192 1
706 193 1
716 193 1
1136 193 2
408 194 2
734 194 2
1234 194 1
1245 194 1
1048 195 1
85 196 1
947 197 1
1118 197 1
1119 197 1
1120 197 1
256 198 1
1139 198 1
1140 198 1
1141 198 1
31 199 1
294 199 1
916 199 1
953 200 1
545 201 1
44 202 1
360 202 1
398 202 1
421 202 1
467 202 1
1026 202 1
365 203 1
731 203 1
876 203 1
932 203 1
942 203 1
943 203 1
235 204 1
966 204 1
967 204 1
968 204 1
969 204 1
296 205 1
297 205 1
1114 205 1
333 206 2
702 206 2
992 206 2
18 207 1
402 208 1
717 208 1
928 208 1
97 209 1
377 209 1
381 209 1
391 209 1
502 209 1
1062 209 1
1335 209 1
1336 209 1
125 210 1
639 210 1
17 211 1
115 211 1
276 211 1
365 211 1
367 211 1
448 211 1
493 211 1
521 211 1
742 211 1
874 211 1
936 211 1
1014 211 1
1027 211 1
125 212 1
652 212 1
785 212 1
789 212 1
915 212 1
1360 212 1
396 213 1
397 213 1
364 214 1
583 214 2
677 214 1
692 214 2
766 214 1
850 214 1
1181 214 1
1308 214 1
1309 214 1
349 215 3
430 215 1
218 216 1
219 216 1
318 217 1
216 218 1
219 218 1
216 219 1
218 219 1
28 220 1
221 220 1
28 221 1
182 221 1
220 221 1
90 222 1
903 222 1
931 222 1
1053 222 1
1054 222 1
4 223 1
1197 223 1
909 224 1
226 225 1
225 226 1
231 227 1
251 227 1
248 228 1
418 228 1
632 228 1
308 229 1
314 229 1
1013 229 1
335 230 1
415 230 1
917 230 1
227 231 1
242 231 1
247 231 1
251 231 3
254 231 1
257 231 1
264 231 1
271 231 1
656 231 1
721 231 2
894 231 1
1085 231 1
1086 231 1
1102 231 1
1103 231 1
255 232 1
257 232 1
369 232 1
707 232 3
733 232 1
758 232 1
820 232 1
821 232 1
906 232 1
907 232 1
908 232 1
234 233 1
263 233 1
524 233 1
233 234 1
468 234 1
507 234 2
552 234 1
687 234 1
1186 234 1
1285 234 1
71 235 1
204 235 1
236 235 1
365 235 1
418 235 1
421 235 2
448 235 1
609 235 1
876 235 1
966 235 1
967 235 1
968 235 1
969 235 1
1035 235 1
71 236 1
235 236 1
306 236 1
341 236 1
396 236 1
434 236 1
609 236 1
861 236 1
1396 236 1
88 237 1
361 237 2
373 237 1
623 237 1
692 237 1
859 237 1
936 237 1
937 237 1
938 237 1
939 237 1
940 237 1
941 237 1
942 237 1
943 237 1
944 237 1
945 237 1
946 237 1
947 237 1
948 237 1
949 237 1
936 238 1
1154 238 1
242 239 1
977 239 1
978 239 1
979 239 1
66 240 1
241 240 1
66 241 1
240 241 1
231 242 1
239 242 1
656 242 1
721 242 1
977 242 1
978 242 1
979 242 1
709 243 1
774 243 2
800 243 1
1000 243 1
721 244 1
189 245 1
1176 245 1
1177 245 1
1178 245 1
355 246 1
448 246 1
520 246 1
758 246 1
862 246 1
1017 246 1
1124 246 1
231 247 1
254 247 1
271 247 1
1085 247 1
1086 247 1
228 248 1
418 248 1
632 248 1
593 249 1
596 249 1
166 250 1
180 250 1
272 250 1
297 250 1
438 250 1
587 250 1
713 250 2
950 250 1
951 250 1
227 251 1
231 251 3
257 251 1
264 251 1
721 251 1
894 251 1
1102 251 1
1103 251 1
422 252 1
457 252 1
291 253 1
390 253 3
403 253 1
548 253 1
1092 253 1
231 254 1
247 254 1
271 254 1
1085 254 1
1086 254 1
1265 254 1
1266 254 1
20 255 1
232 255 1
257 255 1
596 255 1
758 255 1
820 255 1
821 255 1
1293 255 1
198 256 1
1139 256 1
1140 256 1
1141 256 1
231 257 1
232 257 1
251 257 1
255 257 1
264 257 1
721 257 1
758 257 1
820 257 1
821 257 1
894 257 1
369 258 1
1087 258 1
1088 258 1
1089 258 1
1093 259 1
3 260 1
479 261 1
609 261 1
656 261 1
586 262 1
1179 262 1
1180 262 1
233 263 1
277 263 1
317 263 1
466 263 3
524 263 1
735 263 2
736 263 2
1163 263 1
231 264 1
251 264 1
257 264 1
721 264 1
894 264 1
56 265 1
268 265 1
283 265 1
549 266 1
802 266 1
42 267 1
102 267 1
56 268 1
265 268 1
283 268 1
635 269 1
788 269 1
1390 269 1
1391 269 1
1392 269 1
1393 269 1
518 270 1
796 270 1
231 271 1
247 271 1
254 271 1
1085 271 1
1086 271 1
166 272 1
180 272 1
250 272 1
438 272 1
713 272 1
950 272 1
951 272 1
455 273 1
365 274 1
493 274 1
943 274 1
964 274 1
1014 274 1
1022 274 1
1023 274 1
1024 274 1
1025 274 1
1069 274 1
1070 274 1
583 275 1
763 275 1
115 276 1
211 276 1
367 276 1
263 277 1
466 277 1
281 278 1
450 279 1
743 280 1
744 280 1
127 281 1
278 281 1
554 281 1
64 282 5
65 282 2
73 282 1
106 282 1
135 282 2
144 282 1
340 282 1
348 282 2
372 282 1
392 282 1
432 282 1
483 282 1
576 282 1
589 282 3
590 282 2
599 282 1
603 282 3
613 282 1
615 282 1
661 282 1
665 282 1
689 282 1
765 282 1
771 282 1
772 282 1
883 282 1
884 282 1
885 282 1
886 282 1
887 282 3
888 282 1
889 282 1
890 282 1
891 282 1
1329 282 1
1330 282 1
1395 282 1
56 283 1
265 283 1
268 283 1
644 284 1
670 284 1
1346 284 1
1347 284 1
551 285 1
804 285 1
1027 285 1
647 286 1
744 287 1
719 288 1
1129 289 1
1130 289 1
984 290 1
1193 290 1
1194 290 1
253 291 1
1326 292 1
1327 292 1
436 293 1
473 293 2
492 293 1
568 293 1
584 293 1
630 293 1
693 293 1
863 293 1
864 293 2
865 293 1
866 293 1
31 294 1
199 294 1
916 294 1
811 295 1
812 295 2
813 295 1
814 295 1
815 295 2
816 295 1
832 295 1
205 296 1
1114 296 1
205 297 1
250 297 1
322 297 1
418 297 1
502 297 2
587 297 1
634 297 1
713 297 2
367 298 1
925 298 1
926 298 1
927 298 1
448 299 1
809 299 1
810 299 1
119 300 1
346 300 1
561 300 1
650 300 1
681 300 1
1205 301 1
61 302 1
129 302 1
348 302 2
505 302 2
516 302 2
543 302 1
609 302 1
630 302 1
634 302 2
689 302 1
693 302 1
909 302 1
1071 302 2
1287 302 1
750 303 1
1389 303 1
502 304 1
587 304 1
633 304 1
671 304 1
672 304 1
1322 304 1
1385 304 1
8 305 1
23 305 1
389 305 1
657 305 1
236 306 1
341 306 1
351 306 1
857 306 1
1325 306 1
323 307 1
1322 307 1
229 308 1
314 308 2
729 308 2
745 308 1
746 308 1
1013 308 2
310 309 1
311 309 1
677 309 1
694 309 1
778 309 1
1317 309 1
309 310 1
311 310 1
309 311 1
310 311 1
649 312 1
747 313 1
229 314 1
308 314 2
1013 314 2
330 315 1
620 315 1
833 316 1
263 317 1
217 318 1
511 318 1
531 318 1
626 318 2
764 318 1
577 319 1
692 320 1
1340 320 1
634 321 1
659 321 1
1310 321 1
297 322 1
502 322 1
307 323 1
662 323 1
1322 323 1
513 324 1
648 324 1
1145 324 1
1146 324 1
85 325 1
92 325 1
121 325 1
138 325 1
78 326 1
622 326 1
328 327 1
686 327 1
327 328 1
686 328 1
634 329 1
708 329 1
315 330 1
620 330 1
10 331 1
1094 332 1
1095 332 1
1096 332 1
206 333 2
702 333 2
992 333 2
45 334 1
583 334 1
630 334 1
230 335 1
415 335 1
917 335 1
494 336 1
1214 336 1
1339 337 1
486 338 1
528 338 1
529 338 1
753 338 1
790 338 1
791 338 1
1072 338 1
1073 338 1
1074 338 1
1075 338 1
1189 338 1
53 339 1
488 339 1
489 339 1
580 339 1
1372 339 1
64 340 1
282 340 1
432 340 1
483 340 1
589 340 1
236 341 1
306 341 1
396 341 1
434 341 1
857 341 1
861 341 1
591 342 1
677 343 1
695 343 1
1209 343 1
62 344 1
677 344 2
775 344 1
844 344 1
845 344 1
846 344 1
847 344 1
1209 344 1
1366 344 1
502 345 1
725 345 1
119 346 1
300 346 1
561 346 1
650 346 1
681 346 1
905 347 1
1166 347 1
1167 347 1
1168 347 1
61 348 1
64 348 2
65 348 1
106 348 1
135 348 2
282 348 2
302 348 2
372 348 1
504 348 1
505 348 2
516 348 1
589 348 1
599 348 1
615 348 1
661 348 1
665 348 1
765 348 1
782 348 1
883 348 1
884 348 1
885 348 1
886 348 1
887 348 1
888 348 1
889 348 1
890 348 3
215 349 3
430 349 1
361 350 1
368 350 1
414 350 1
530 350 1
942 350 1
1056 350 1
1057 350 1
1135 350 1
306 351 1
358 352 1
365 352 1
374 352 1
534 352 1
871 352 1
872 352 1
873 352 1
874 352 2
875 352 1
876 352 1
942 352 1
959 352 1
1014 352 1
1040 352 1
1049 352 2
1228 352 1
1229 352 1
1116 353 1
537 354 1
149 355 1
246 355 1
758 355 1
1169 355 1
1247 355 1
1248 355 1
357 356 1
356 357 1
352 358 1
374 358 1
534 358 1
1228 358 1
1229 358 1
152 359 1
366 359 1
649 359 2
726 359 1
1050 359 1
44 360 1
202 360 1
398 360 1
421 360 1
167 361 1
237 361 2
350 361 1
362 361 1
368 361 1
373 361 1
470 361 1
560 361 1
623 361 1
692 361 1
936 361 1
937 361 1
942 361 1
949 361 1
1056 361 1
1057 361 1
1128 361 1
167 362 1
361 362 1
470 362 1
560 362 1
1128 362 1
25 363 1
963 363 1
214 364 1
583 364 1
692 364 1
203 365 1
211 365 1
235 365 1
274 365 1
352 365 1
418 365 1
421 365 2
448 365 4
731 365 2
758 365 1
854 365 2
855 365 1
856 365 1
874 365 3
876 365 3
903 365 1
904 365 1
905 365 1
932 365 1
936 365 1
942 365 3
943 365 3
959 365 1
964 365 1
987 365 1
988 365 1
1014 365 4
1021 365 1
1022 365 1
1023 365 1
1024 365 1
1025 365 1
1027 365 1
1040 365 1
1174 365 1
1190 365 1
1191 365 1
1192 365 1
359 366 1
649 366 1
115 367 1
145 367 1
211 367 1
276 367 1
298 367 1
581 367 1
862 367 1
925 367 1
926 367 1
927 367 1
136 368 1
149 368 2
350 368 1
361 368 1
818 368 1
942 368 1
958 368 1
983 368 1
1014 368 1
1018 368 1
1019 368 1
1020 368 1
1021 368 1
1055 368 1
1056 368 1
1057 368 1
1164 368 1
1165 368 1
232 369 1
258 369 1
541 369 1
596 369 1
707 369 1
1087 369 1
1088 369 1
1089 369 1
487 370 1
516 370 1
634 370 1
689 370 1
1221 370 1
1222 370 1
1223 370 1
1231 370 1
412 371 1
1319 371 1
1320 371 1
64 372 1
135 372 1
282 372 1
348 372 1
576 372 1
590 372 1
891 372 1
237 373 1
361 373 1
623 373 1
692 373 1
936 373 1
937 373 1
352 374 1
358 374 1
534 374 1
1228 374 1
1229 374 1
484 375 2
499 375 1
501 375 3
503 375 2
655 375 1
656 375 1
666 375 1
1037 375 3
451 376 3
1033 376 1
1034 376 1
1036 376 1
209 377 1
381 377 1
132 378 1
410 378 1
609 378 1
427 379 1
1110 379 1
921 380 2
209 381 1
377 381 1
1137 382 1
1138 382 1
1294 383 1
161 384 1
385 384 1
161 385 1
384 385 1
174 386 1
405 386 1
406 386 1
426 387 1
571 387 1
1373 387 1
1374 387 1
1375 387 1
1376 387 1
1377 387 1
1378 387 1
1379 387 1
407 388 1
8 389 1
23 389 1
305 389 1
657 389 1
253 390 3
1092 390 1
97 391 1
209 391 1
1062 391 1
135 392 2
282 392 1
1395 392 1
176 393 1
394 393 1
395 393 1
569 393 1
728 393 1
1063 393 1
1064 393 1
176 394 1
393 394 1
395 394 1
728 394 1
1063 394 1
1064 394 1
176 395 1
393 395 1
394 395 1
728 395 1
1063 395 1
1064 395 1
213 396 1
236 396 1
341 396 1
397 396 1
434 396 1
861 396 1
213 397 1
396 397 1
44 398 1
202 398 1
360 398 1
421 398 1
674 399 1
146 400 1
8 401 1
461 401 1
475 401 1
606 401 1
633 401 1
634 401 1
660 401 1
208 402 1
717 402 1
928 402 1
1125 402 1
253 403 1
567 404 1
174 405 1
386 405 1
406 405 1
174 406 1
386 406 1
405 406 1
388 407 1
570 407 1
1076 407 1
194 408 2
1245 408 1
180 409 1
595 409 1
708 409 1
1381 409 1
378 410 1
609 410 1
512 411 1
1394 411 1
173 412 1
371 412 1
1319 412 1
1320 412 1
143 413 1
1230 413 1
350 414 1
530 414 1
1135 414 1
74 415 1
230 415 1
335 415 1
917 415 1
918 415 1
5 416 1
497 416 1
437 417 1
441 417 1
443 417 1
445 417 1
446 417 1
462 417 1
1350 417 1
1351 417 1
1352 417 1
1353 417 1
1354 417 1
1355 417 1
1356 417 1
153 418 1
228 418 1
235 418 1
248 418 1
297 418 1
365 418 1
421 418 1
448 418 1
485 418 1
540 418 1
597 418 1
632 418 1
661 418 1
752 418 1
876 418 1
961 418 1
977 418 1
1211 419 1
430 420 1
431 420 1
824 420 1
825 420 1
826 420 1
1233 420 1
44 421 1
202 421 1
235 421 2
360 421 1
365 421 2
398 421 1
418 421 1
448 421 2
564 421 1
637 421 1
680 421 1
874 421 1
876 421 1
1008 421 1
1014 421 1
1021 421 1
1084 421 1
1098 421 1
1239 421 1
1380 421 1
252 422 1
457 422 1
1162 423 1
46 424 1
1122 424 1
1123 424 1
705 425 1
387 426 1
571 426 1
1373 426 1
1374 426 1
1375 426 1
1376 426 1
1377 426 1
1378 426 1
1379 426 1
379 427 1
1110 427 1
429 428 1
689 428 1
428 429 1
689 429 1
215 430 1
349 430 1
420 430 1
431 430 1
591 430 1
596 430 1
824 430 1
825 430 1
826 430 1
420 431 1
430 431 1
824 431 1
825 431 1
826 431 1
64 432 1
282 432 1
340 432 1
483 432 1
589 432 1
609 432 1
619 432 1
601 433 1
1257 433 1
1258 433 1
236 434 1
341 434 1
396 434 1
861 434 1
515 435 1
1289 435 1
1290 435 1
293 436 1
473 436 1
492 436 1
568 436 1
584 436 1
863 436 1
864 436 1
865 436 1
866 436 1
417 437 1
441 437 1
443 437 1
445 437 1
446 437 1
462 437 1
1350 437 1
1351 437 1
1352 437 1
1353 437 1
1354 437 1
1355 437 1
1356 437 1
166 438 1
180 438 1
250 438 1
272 438 1
566 438 1
713 438 1
950 438 1
951 438 1
1067 438 1
1138 438 1
1189 438 1
440 439 1
441 439 1
1359 439 1
439 440 1
441 440 1
1359 440 1
38 441 1
417 441 1
437 441 1
439 441 1
440 441 1
443 441 1
445 441 1
446 441 1
462 441 1
480 441 1
1350 441 1
1351 441 1
1352 441 1
1353 441 1
1354 441 1
1355 441 1
1356 441 1
1359 441 1
64 442 1
126 442 1
191 442 1
106 443 1
417 443 1
437 443 1
441 443 1
445 443 1
446 443 1
462 443 1
463 443 1
619 443 1
689 443 1
1350 443 1
1351 443 1
1352 443 1
1353 443 1
1354 443 1
1355 443 1
1356 443 1
582 444 1
417 445 1
437 445 1
441 445 1
443 445 1
446 445 1
462 445 1
1350 445 1
1351 445 1
1352 445 1
1353 445 1
1354 445 1
1355 445 1
1356 445 1
417 446 1
437 446 1
441 446 1
443 446 1
445 446 1
462 446 1
1350 446 1
1351 446 1
1352 446 1
1353 446 1
1354 446 1
1355 446 1
1356 446 1
1195 447 1
211 448 1
235 448 1
246 448 1
299 448 1
365 448 4
418 448 1
421 448 2
520 448 1
809 448 1
810 448 1
854 448 1
855 448 1
856 448 1
858 448 2
862 448 1
874 448 2
876 448 1
936 448 1
1014 448 2
1021 448 1
1027 448 1
1028 448 1
79 449 1
1149 449 1
279 450 1
517 450 1
376 451 3
1033 451 1
1034 451 1
1036 451 1
1259 452 1
169 453 1
170 453 1
171 453 2
508 453 1
557 453 1
658 453 2
663 453 1
683 453 1
701 453 1
851 453 1
852 453 1
853 453 1
1003 453 2
1004 453 2
1005 453 1
1280 453 1
1281 453 1
1282 453 1
1283 453 1
1357 453 1
52 454 1
458 454 1
459 454 1
477 454 1
478 454 1
533 454 1
598 454 1
600 454 1
1041 454 1
1042 454 1
1043 454 1
1044 454 1
1045 454 1
273 455 1
714 456 1
715 456 1
252 457 1
422 457 1
52 458 2
454 458 1
459 458 1
477 458 1
478 458 1
533 458 2
598 458 1
600 458 1
1041 458 1
1042 458 1
1043 458 1
1044 458 1
1045 458 1
52 459 2
454 459 1
458 459 1
477 459 1
478 459 5
533 459 2
598 459 3
600 459 2
1041 459 2
1042 459 2
1043 459 1
1044 459 3
1045 459 2
977 460 1
980 460 1
981 460 1
982 460 1
8 461 2
128 461 1
401 461 1
475 461 2
660 461 1
417 462 1
437 462 1
441 462 1
443 462 1
445 462 1
446 462 1
1350 462 1
1351 462 1
1352 462 1
1353 462 1
1354 462 1
1355 462 1
1356 462 1
106 463 1
443 463 1
465 464 1
464 465 1
34 466 1
263 466 3
277 466 1
735 466 2
736 466 1
1163 466 1
115 467 1
202 467 1
1026 467 1
234 468 1
496 468 1
687 468 1
877 468 1
878 468 1
1285 468 1
168 469 1
167 470 1
361 470 1
362 470 1
560 470 1
1128 470 1
472 471 1
591 471 1
471 472 1
591 472 1
293 473 2
436 473 1
492 473 1
568 473 1
584 473 1
630 473 1
693 473 1
863 473 1
864 473 2
865 473 1
866 473 1
861 474 1
1151 474 1
8 475 2
128 475 1
401 475 1
461 475 2
660 475 1
33 476 1
83 476 1
84 476 1
760 476 1
952 476 1
52 477 1
454 477 1
458 477 1
459 477 1
478 477 1
533 477 1
598 477 1
600 477 1
1041 477 1
1042 477 1
1043 477 1
1044 477 1
1045 477 1
52 478 2
454 478 1
458 478 1
459 478 5
477 478 1
533 478 2
598 478 3
600 478 2
604 478 1
1041 478 2
1042 478 2
1043 478 1
1044 478 3
1045 478 2
261 479 1
609 479 1
656 479 1
38 480 1
441 480 1
482 481 3
516 481 1
625 481 1
689 481 1
1012 481 5
1046 481 5
1150 481 1
481 482 3
516 482 1
689 482 1
1012 482 2
1046 482 3
1150 482 1
64 483 1
282 483 1
340 483 1
432 483 1
589 483 1
375 484 2
501 484 1
666 484 1
1037 484 2
418 485 1
661 485 1
338 486 1
528 486 1
529 486 1
753 486 1
1072 486 1
1073 486 1
1074 486 1
1075 486 1
370 487 1
1231 487 1
53 488 1
339 488 1
489 488 1
580 488 1
1372 488 1
53 489 1
339 489 1
488 489 1
580 489 1
1372 489 1
596 490 1
827 490 1
828 490 1
829 490 1
849 491 1
293 492 1
436 492 1
473 492 1
568 492 1
584 492 1
863 492 1
864 492 1
865 492 1
866 492 1
211 493 1
274 493 1
521 493 1
742 493 1
336 494 1
1214 494 1
526 495 1
1115 495 1
468 496 1
877 496 1
878 496 1
5 497 1
416 497 1
689 498 1
706 498 1
740 498 1
779 498 1
375 499 1
501 499 1
76 500 2
776 500 2
375 501 3
484 501 1
499 501 1
503 501 1
655 501 1
656 501 1
666 501 1
1037 501 2
103 502 1
104 502 1
209 502 1
297 502 2
304 502 1
322 502 1
345 502 1
587 502 1
633 502 1
671 502 1
672 502 1
713 502 1
725 502 1
741 502 1
985 502 1
1297 502 1
1322 502 1
1335 502 1
1336 502 1
1385 502 1
375 503 2
501 503 1
655 503 1
656 503 1
1037 503 1
348 504 1
782 504 1
61 505 1
302 505 2
348 505 2
516 505 1
110 506 1
1215 506 1
1216 506 1
1217 506 1
234 507 2
552 507 1
1186 507 1
453 508 1
683 508 1
1280 508 1
1281 508 1
1282 508 1
1283 508 1
640 509 1
772 509 1
1052 509 1
1059 510 1
318 511 1
411 512 1
324 513 1
648 513 1
1145 513 1
1146 513 1
543 514 1
544 514 1
1203 514 1
1204 514 1
435 515 1
1289 515 1
1290 515 1
302 516 2
348 516 1
370 516 1
481 516 1
482 516 1
505 516 1
630 516 1
689 516 3
693 516 1
1012 516 1
1046 516 1
450 517 1
270 518 1
796 518 1
624 519 1
898 519 1
899 519 1
900 519 1
901 519 1
902 519 1
246 520 1
448 520 1
862 520 1
211 521 1
493 521 1
742 521 1
975 522 1
706 523 1
233 524 1
263 524 1
1083 525 1
495 526 1
1115 526 1
1009 527 1
1010 527 1
1011 527 1
338 528 1
486 528 1
529 528 1
753 528 1
1072 528 1
1073 528 1
1074 528 1
1075 528 1
338 529 1
486 529 1
528 529 1
753 529 1
1072 529 1
1073 529 1
1074 529 1
1075 529 1
350 530 1
414 530 1
1135 530 1
318 531 1
626 531 1
1087 532 1
1089 532 1
1090 532 1
1091 532 1
52 533 5
454 533 1
458 533 2
459 533 2
477 533 1
478 533 2
598 533 1
600 533 3
1041 533 1
1042 533 1
1043 533 1
1044 533 1
1045 533 1
352 534 1
358 534 1
374 534 1
1228 534 1
1229 534 1
592 535 1
1201 536 1
1202 536 1
354 537 1
540 538 1
1253 538 1
1254 538 1
1255 538 1
1256 538 1
707 539 1
722 539 1
1298 539 1
1299 539 1
1300 539 1
1301 539 1
149 540 1
153 540 1
418 540 1
538 540 1
597 540 1
752 540 1
758 540 1
803 540 1
806 540 1
977 540 1
1251 540 1
1252 540 1
1253 540 1
1254 540 1
1255 540 1
1256 540 1
369 541 1
596 541 3
929 541 1
930 541 1
931 541 1
932 541 1
933 541 1
1264 541 1
1267 541 1
1268 541 1
1058 542 1
302 543 1
514 543 1
544 543 4
960 543 1
961 543 1
1071 543 1
1203 543 1
1204 543 1
514 544 1
543 544 4
960 544 1
961 544 1
1203 544 1
1204 544 1
201 545 1
547 546 1
550 546 1
696 546 1
546 547 1
550 547 1
696 547 1
253 548 1
266 549 1
802 549 1
546 550 1
547 550 1
696 550 1
285 551 1
804 551 1
1027 551 1
49 552 1
234 552 1
507 552 1
834 552 1
991 552 1
992 552 1
643 553 1
687 553 1
127 554 1
281 554 1
556 555 1
555 556 1
169 557 1
170 557 1
171 557 1
453 557 1
658 557 1
663 557 1
851 557 1
852 557 1
853 557 1
1343 557 1
874 558 1
930 558 1
933 558 1
1027 558 1
1081 558 1
38 559 1
1225 559 1
1226 559 1
1227 559 1
167 560 1
361 560 1
362 560 1
470 560 1
1128 560 1
119 561 1
300 561 1
346 561 1
650 561 1
681 561 1
870 562 1
806 563 1
1311 563 1
1312 563 1
1313 563 1
1314 563 1
421 564 1
1084 564 1
9 565 1
139 565 1
162 565 1
438 566 1
713 566 1
1189 566 2
404 567 1
293 568 1
436 568 1
473 568 1
492 568 1
584 568 1
863 568 1
864 568 1
865 568 1
866 568 1
393 569 1
407 570 1
1076 570 1
387 571 1
426 571 1
1373 571 1
1374 571 1
1375 571 1
1376 571 1
1377 571 1
1378 571 1
1379 571 1
35 572 1
752 572 1
1104 572 1
1105 572 1
1187 572 1
1188 572 1
138 573 1
156 573 1
626 573 1
913 573 1
116 574 1
168 574 1
178 574 1
149 575 1
721 575 1
809 575 1
933 575 1
1080 575 1
64 576 1
144 576 1
282 576 1
372 576 1
602 576 1
617 576 1
618 576 1
1235 576 1
319 577 1
75 578 1
155 579 1
587 579 1
53 580 1
339 580 1
488 580 1
489 580 1
1372 580 1
145 581 1
367 581 1
862 581 1
444 582 1
24 583 1
45 583 3
214 583 2
275 583 1
334 583 1
364 583 1
596 583 2
629 583 2
630 583 3
679 583 1
692 583 2
763 583 1
848 583 1
935 583 1
989 583 1
1181 583 1
293 584 1
436 584 1
473 584 1
492 584 1
568 584 1
863 584 1
864 584 1
865 584 1
866 584 1
155 585 1
587 585 1
262 586 1
1179 586 1
1180 586 1
155 587 2
250 587 1
297 587 1
304 587 1
502 587 1
579 587 1
585 587 1
633 587 1
671 587 1
672 587 1
713 587 1
1322 587 1
1385 587 1
129 588 2
64 589 2
65 589 1
73 589 1
106 589 1
135 589 1
282 589 3
340 589 1
348 589 1
432 589 1
483 589 1
599 589 1
615 589 1
661 589 1
665 589 1
689 589 1
765 589 1
883 589 1
884 589 1
885 589 1
886 589 1
887 589 1
888 589 1
889 589 1
890 589 1
64 590 1
282 590 2
372 590 1
891 590 1
14 591 1
342 591 1
430 591 1
471 591 1
472 591 1
596 591 1
701 591 2
724 591 1
535 592 1
249 593 1
596 593 1
860 594 1
180 595 1
409 595 1
708 595 1
1381 595 1
20 596 1
64 596 1
121 596 1
249 596 1
255 596 1
369 596 1
430 596 1
490 596 1
541 596 3
583 596 2
591 596 1
593 596 1
752 596 1
789 596 1
827 596 1
828 596 1
829 596 1
935 596 1
1184 596 1
1264 596 1
1267 596 1
1268 596 1
1292 596 1
1293 596 1
153 597 1
418 597 1
540 597 1
752 597 1
977 597 1
52 598 1
454 598 1
458 598 1
459 598 3
477 598 1
478 598 3
533 598 1
600 598 1
1041 598 2
1042 598 2
1043 598 1
1044 598 3
1045 598 1
64 599 1
65 599 1
106 599 1
135 599 1
282 599 1
348 599 1
589 599 1
615 599 1
661 599 1
665 599 1
765 599 1
883 599 1
884 599 1
885 599 1
886 599 1
887 599 1
888 599 1
889 599 1
890 599 1
52 600 3
454 600 1
458 600 1
459 600 2
477 600 1
478 600 2
533 600 3
598 600 1
1041 600 1
1042 600 1
1043 600 1
1044 600 1
1045 600 1
57 601 1
433 601 1
636 601 1
689 601 1
1257 601 2
1258 601 1
1274 601 1
576 602 1
617 602 1
618 602 1
282 603 3
613 603 1
887 603 1
1329 603 1
478 604 1
1361 605 1
401 606 1
633 606 1
634 606 1
664 607 1
700 607 1
133 608 1
134 608 1
71 609 1
235 609 1
236 609 1
261 609 1
302 609 1
378 609 1
410 609 1
432 609 1
479 609 1
619 609 1
630 609 1
656 609 1
667 609 1
976 609 1
1036 610 1
1077 610 1
1078 610 1
1079 610 1
817 611 1
837 611 1
838 611 1
839 611 1
840 611 1
855 612 1
942 612 1
957 612 1
972 612 1
282 613 1
603 613 1
887 613 1
1329 613 1
173 614 3
687 614 1
1363 614 2
1387 614 1
1388 614 1
64 615 1
65 615 1
106 615 1
135 615 1
282 615 1
348 615 1
589 615 1
599 615 1
661 615 1
665 615 1
765 615 1
883 615 1
884 615 1
885 615 1
886 615 1
887 615 1
888 615 1
889 615 1
890 615 1
122 616 1
163 616 1
168 616 1
576 617 1
602 617 1
618 617 1
576 618 1
602 618 1
617 618 1
432 619 1
443 619 1
609 619 1
689 619 1
315 620 1
330 620 1
99 621 1
126 621 1
192 621 1
78 622 1
326 622 1
237 623 1
361 623 1
373 623 1
692 623 1
936 623 1
937 623 1
67 624 1
519 624 1
897 624 1
898 624 1
899 624 1
900 624 1
901 624 1
902 624 1
481 625 1
757 625 1
1012 625 1
1284 625 1
138 626 1
156 626 1
318 626 2
531 626 1
573 626 1
913 626 1
986 626 2
1341 626 1
1342 626 1
91 627 1
16 628 1
787 628 1
45 629 2
583 629 2
630 629 2
989 629 1
45 630 3
293 630 1
302 630 1
334 630 1
473 630 1
516 630 1
583 630 3
609 630 1
629 630 2
667 630 1
689 630 1
693 630 2
864 630 1
976 630 1
989 630 1
706 631 3
1321 631 1
228 632 1
248 632 1
418 632 1
304 633 1
401 633 1
502 633 1
587 633 1
606 633 1
634 633 1
671 633 1
672 633 1
1322 633 1
1385 633 1
297 634 1
302 634 2
321 634 1
329 634 1
370 634 1
401 634 1
606 634 1
633 634 1
659 634 1
690 634 1
708 634 1
709 634 1
909 634 1
1221 634 1
1222 634 1
1223 634 1
1287 634 1
1310 634 1
269 635 1
788 635 1
1390 635 1
1391 635 1
1392 635 1
1393 635 1
57 636 1
601 636 1
1274 636 1
421 637 1
1098 637 1
11 638 1
954 638 1
955 638 1
125 639 1
210 639 1
719 639 1
1386 639 1
165 640 1
509 640 1
772 640 1
1237 640 1
1238 640 1
1007 641 1
1006 642 1
553 643 1
687 643 1
284 644 1
670 644 1
1346 644 1
1347 644 1
773 645 1
789 646 1
286 647 1
324 648 1
513 648 1
1145 648 1
1146 648 1
312 649 1
359 649 2
366 649 1
1050 649 1
119 650 1
300 650 1
346 650 1
561 650 1
681 650 1
32 651 1
160 651 1
212 652 1
1196 653 1
723 654 1
1318 654 1
1348 654 1
1349 654 1
375 655 1
501 655 1
503 655 1
656 655 1
1037 655 1
231 656 1
242 656 1
261 656 1
375 656 1
479 656 1
501 656 1
503 656 1
609 656 1
655 656 1
721 656 1
1037 656 1
8 657 1
23 657 1
305 657 1
389 657 1
169 658 1
170 658 1
171 658 2
453 658 2
557 658 1
663 658 1
851 658 1
852 658 1
853 658 1
1003 658 1
1004 658 1
1005 658 1
321 659 1
634 659 1
1279 659 1
1310 659 1
8 660 1
401 660 1
461 660 1
475 660 1
64 661 1
65 661 1
106 661 1
135 661 1
282 661 1
348 661 1
418 661 1
485 661 1
589 661 1
599 661 1
615 661 1
665 661 1
765 661 1
883 661 1
884 661 1
885 661 1
886 661 1
887 661 1
888 661 1
889 661 1
890 661 1
323 662 1
169 663 1
170 663 2
171 663 2
453 663 1
557 663 1
658 663 1
851 663 1
852 663 1
853 663 1
607 664 1
700 664 1
64 665 1
65 665 1
106 665 1
135 665 1
282 665 1
348 665 1
589 665 1
599 665 1
615 665 1
661 665 1
765 665 1
883 665 1
884 665 1
885 665 1
886 665 1
887 665 1
888 665 1
889 665 1
890 665 1
375 666 1
484 666 1
501 666 1
1037 666 1
609 667 1
630 667 1
976 667 1
1337 668 1
1338 668 1
1382 668 1
1383 668 1
172 669 1
718 669 1
284 670 1
644 670 1
1346 670 1
1347 670 1
304 671 1
502 671 1
587 671 1
633 671 1
672 671 1
1322 671 1
1385 671 1
304 672 1
502 672 1
587 672 1
633 672 1
671 672 1
1322 672 1
1385 672 1
171 673 1
703 673 1
399 674 1
675 674 1
674 675 1
770 676 1
1269 676 1
29 677 1
62 677 1
77 677 2
214 677 1
309 677 1
343 677 1
344 677 2
694 677 2
695 677 1
761 677 1
762 677 1
766 677 1
775 677 1
778 677 1
844 677 1
845 677 1
846 677 1
847 677 1
850 677 1
962 677 1
1209 677 2
1317 677 1
1366 677 1
131 678 1
583 679 1
781 679 1
783 679 2
784 679 1
848 679 1
1384 679 1
421 680 1
119 681 1
300 681 1
346 681 1
561 681 1
650 681 1
683 682 1
453 683 1
508 683 1
682 683 1
1280 683 1
1281 683 1
1282 683 1
1283 683 1
685 684 1
684 685 1
327 686 1
328 686 1
173 687 1
234 687 1
468 687 1
553 687 1
614 687 1
643 687 1
1285 687 1
1220 688 1
73 689 1
282 689 1
302 689 1
370 689 1
428 689 1
429 689 1
443 689 1
481 689 1
482 689 1
498 689 1
516 689 3
589 689 1
601 689 1
619 689 1
630 689 1
693 689 1
706 689 2
740 689 2
779 689 1
895 689 1
1012 689 1
1046 689 1
1257 689 1
634 690 1
709 690 1
1121 691 1
214 692 2
237 692 1
320 692 1
361 692 1
364 692 1
373 692 1
583 692 2
623 692 1
936 692 1
937 692 1
1232 692 1
1340 692 1
1397 692 1
293 693 1
302 693 1
473 693 1
516 693 1
630 693 2
689 693 1
864 693 1
77 694 1
309 694 1
677 694 2
962 694 1
343 695 1
677 695 1
1209 695 1
546 696 1
547 696 1
550 696 1
874 697 1
957 697 1
964 697 1
1014 697 1
1015 697 1
1016 697 1
129 698 1
965 698 1
710 699 1
607 700 1
664 700 1
453 701 1
591 701 2
1003 701 1
1004 701 1
206 702 2
333 702 2
992 702 2
1336 702 1
1368 702 1
171 703 1
673 703 1
704 703 1
703 704 1
425 705 1
193 706 1
498 706 1
523 706 1
631 706 3
689 706 2
740 706 2
779 706 1
895 706 1
1321 706 1
1371 706 1
232 707 3
369 707 1
539 707 1
733 707 1
906 707 1
907 707 1
908 707 1
1298 707 1
1299 707 1
1300 707 1
1301 707 1
180 708 1
329 708 1
409 708 1
595 708 1
634 708 1
1381 708 1
243 709 1
634 709 1
690 709 1
774 709 1
1000 709 1
699 710 1
711 710 1
712 710 1
710 711 1
712 711 1
710 712 1
711 712 1
166 713 1
180 713 1
250 713 2
272 713 1
297 713 2
438 713 1
502 713 1
566 713 1
587 713 1
950 713 1
951 713 1
1189 713 1
456 714 1
715 714 1
456 715 1
714 715 1
193 716 1
1136 716 1
136 717 1
208 717 1
402 717 1
928 717 1
1036 717 1
1159 717 1
172 718 1
669 718 1
288 719 1
639 719 1
1362 720 1
149 721 1
231 721 2
242 721 1
244 721 1
251 721 1
257 721 1
264 721 1
575 721 1
656 721 1
809 721 1
894 721 1
933 721 1
1065 721 1
1080 721 1
539 722 1
654 723 1
14 724 1
591 724 1
345 725 1
502 725 1
152 726 1
359 726 1
1334 727 1
176 728 1
393 728 1
394 728 1
395 728 1
1063 728 1
1064 728 1
308 729 2
731 730 1
1249 730 1
1250 730 1
203 731 1
365 731 2
730 731 1
871 731 1
876 731 3
932 731 1
936 731 1
942 731 2
943 731 2
970 731 1
971 731 1
1174 731 1
1249 731 1
1250 731 1
72 732 1
232 733 1
707 733 1
194 734 2
1234 734 1
263 735 2
466 735 2
736 735 1
1163 735 1
263 736 2
466 736 1
735 736 1
738 737 1
737 738 1
1328 739 1
498 740 1
689 740 2
706 740 2
779 740 1
895 740 1
103 741 1
104 741 1
502 741 1
211 742 1
493 742 1
521 742 1
280 743 1
744 743 1
280 744 1
287 744 1
743 744 1
308 745 1
746 745 1
308 746 1
745 746 1
313 747 1
178 748 2
749 748 2
114 749 3
178 749 2
748 749 2
750 749 1
786 749 2
990 749 1
1001 749 1
1002 749 1
1126 749 1
1185 749 1
114 750 1
303 750 1
749 750 1
786 750 1
1389 750 1
1262 751 1
1263 751 1
64 752 1
121 752 1
153 752 1
418 752 1
540 752 1
572 752 1
596 752 1
597 752 1
977 752 1
1104 752 1
1105 752 1
1184 752 1
338 753 1
486 753 1
528 753 1
529 753 1
1072 753 1
1073 753 1
1074 753 1
1075 753 1
755 754 1
756 754 1
767 754 1
754 755 1
756 755 1
767 755 1
754 756 1
755 756 1
767 756 1
625 757 1
1284 757 1
149 758 2
232 758 1
246 758 1
255 758 1
257 758 1
355 758 1
365 758 1
540 758 1
803 758 2
804 758 1
805 758 1
806 758 2
820 758 1
821 758 1
841 758 1
842 758 1
843 758 1
854 758 2
874 758 1
987 758 1
988 758 1
1083 758 1
1251 758 1
1252 758 1
1286 758 1
141 759 1
159 759 1
33 760 1
83 760 1
84 760 1
476 760 1
952 760 1
677 761 1
762 761 1
677 762 1
761 762 1
275 763 1
583 763 1
318 764 1
64 765 1
65 765 1
106 765 1
135 765 1
282 765 1
348 765 1
589 765 1
599 765 1
615 765 1
661 765 1
665 765 1
883 765 1
884 765 1
885 765 1
886 765 1
887 765 1
888 765 1
889 765 1
890 765 1
214 766 1
677 766 1
850 766 1
754 767 1
755 767 1
756 767 1
769 768 1
768 769 1
676 770 1
1269 770 1
282 771 1
772 771 1
1330 771 1
282 772 1
509 772 1
640 772 1
771 772 1
1330 772 1
645 773 1
243 774 2
709 774 1
1000 774 1
62 775 1
344 775 1
677 775 1
844 775 1
845 775 1
846 775 1
847 775 1
76 776 2
500 776 2
101 777 1
309 778 1
677 778 1
1317 778 1
498 779 1
689 779 1
706 779 1
740 779 1
780 779 1
1364 779 1
1365 779 1
779 780 1
1364 780 1
1365 780 1
679 781 1
348 782 1
504 782 1
679 783 2
784 783 1
679 784 1
783 784 1
212 785 1
1360 785 1
114 786 2
749 786 2
750 786 1
16 787 1
628 787 1
269 788 1
635 788 1
1390 788 1
1391 788 1
1392 788 1
1393 788 1
125 789 1
212 789 1
596 789 1
646 789 1
914 789 1
915 789 1
338 790 1
791 790 1
1189 790 1
338 791 1
790 791 1
1189 791 1
150 792 1
158 792 1
1147 792 1
1153 792 1
1212 792 1
1213 792 1
794 793 1
795 793 1
793 794 1
795 794 1
793 795 1
794 795 1
270 796 1
518 796 1
798 797 1
799 797 1
797 798 1
799 798 1
797 799 1
798 799 1
243 800 1
156 801 1
266 802 1
549 802 1
149 803 1
540 803 1
758 803 2
804 803 1
805 803 1
806 803 2
1251 803 1
1252 803 1
285 804 1
551 804 1
758 804 1
803 804 1
805 804 1
806 804 1
1027 804 1
1158 804 1
1218 804 1
1219 804 1
758 805 1
803 805 1
804 805 1
806 805 1
149 806 1
540 806 1
563 806 1
758 806 2
803 806 2
804 806 1
805 806 1
1251 806 1
1252 806 1
1311 806 1
1312 806 1
1313 806 1
1314 806 1
48 807 1
93 807 1
109 807 1
808 807 1
48 808 1
93 808 1
109 808 1
807 808 1
149 809 1
299 809 1
448 809 1
575 809 1
721 809 1
810 809 1
933 809 1
1080 809 1
299 810 1
448 810 1
809 810 1
295 811 1
812 811 1
813 811 1
295 812 2
811 812 1
813 812 1
832 812 1
295 813 1
811 813 1
812 813 1
295 814 1
815 814 1
816 814 1
295 815 2
814 815 1
816 815 1
295 816 1
814 816 1
815 816 1
60 817 1
611 817 1
837 817 1
838 817 1
839 817 1
840 817 1
149 818 1
368 818 1
819 818 1
903 818 1
977 818 1
983 818 1
1055 818 1
1139 818 1
1246 818 1
818 819 1
232 820 1
255 820 1
257 820 1
758 820 1
821 820 1
1169 820 1
1170 820 1
1171 820 1
1172 820 1
1173 820 1
232 821 1
255 821 1
257 821 1
758 821 1
820 821 1
823 822 1
822 823 1
420 824 1
430 824 1
431 824 1
825 824 1
826 824 1
420 825 1
430 825 1
431 825 1
824 825 1
826 825 1
420 826 1
430 826 1
431 826 1
824 826 1
825 826 1
490 827 1
596 827 1
828 827 1
829 827 1
490 828 1
596 828 1
827 828 1
829 828 1
490 829 1
596 829 1
827 829 1
828 829 1
48 830 1
831 830 1
48 831 1
830 831 1
934 831 1
1315 831 1
295 832 1
812 832 1
316 833 1
552 834 1
836 835 1
835 836 1
611 837 1
817 837 1
838 837 1
839 837 1
840 837 1
611 838 1
817 838 1
837 838 1
839 838 1
840 838 1
611 839 1
817 839 1
837 839 1
838 839 1
840 839 1
611 840 1
817 840 1
837 840 1
838 840 1
839 840 1
758 841 1
842 841 1
843 841 1
758 842 1
841 842 1
843 842 1
758 843 1
841 843 1
842 843 1
62 844 1
344 844 1
677 844 1
775 844 1
845 844 1
846 844 1
847 844 1
62 845 1
344 845 1
677 845 1
775 845 1
844 845 1
846 845 1
847 845 1
62 846 1
344 846 1
677 846 1
775 846 1
844 846 1
845 846 1
847 846 1
62 847 1
344 847 1
677 847 1
775 847 1
844 847 1
845 847 1
846 847 1
583 848 1
679 848 1
491 849 1
214 850 1
677 850 1
766 850 1
169 851 1
170 851 1
171 851 1
453 851 1
557 851 1
658 851 1
663 851 1
852 851 1
853 851 1
169 852 1
170 852 1
171 852 1
453 852 1
557 852 1
658 852 1
663 852 1
851 852 1
853 852 1
169 853 1
170 853 1
171 853 1
453 853 1
557 853 1
658 853 1
663 853 1
851 853 1
852 853 1
149 854 1
365 854 2
448 854 1
758 854 2
855 854 1
856 854 1
874 854 1
987 854 1
988 854 1
1083 854 1
365 855 1
448 855 1
612 855 1
854 855 1
856 855 1
942 855 1
957 855 1
972 855 1
365 856 1
448 856 1
854 856 1
855 856 1
306 857 1
341 857 1
448 858 2
956 858 1
957 858 1
958 858 1
959 858 1
237 859 1
594 860 1
236 861 1
341 861 1
396 861 1
434 861 1
474 861 1
1151 861 1
145 862 1
246 862 1
367 862 1
448 862 1
520 862 1
581 862 1
293 863 1
436 863 1
473 863 1
492 863 1
568 863 1
584 863 1
864 863 1
865 863 1
866 863 1
293 864 2
436 864 1
473 864 2
492 864 1
568 864 1
584 864 1
630 864 1
693 864 1
863 864 1
865 864 1
866 864 1
293 865 1
436 865 1
473 865 1
492 865 1
568 865 1
584 865 1
863 865 1
864 865 1
866 865 1
293 866 1
436 866 1
473 866 1
492 866 1
568 866 1
584 866 1
863 866 1
864 866 1
865 866 1
868 867 1
869 867 1
867 868 1
869 868 1
867 869 1
868 869 1
562 870 1
352 871 1
731 871 1
872 871 1
873 871 1
874 871 1
875 871 1
876 871 2
936 871 1
970 871 1
971 871 1
352 872 1
871 872 1
873 872 1
874 872 1
875 872 1
876 872 1
352 873 1
871 873 1
872 873 1
874 873 1
875 873 1
876 873 1
149 874 1
211 874 1
352 874 2
365 874 3
421 874 1
448 874 2
558 874 1
697 874 1
758 874 1
854 874 1
871 874 1
872 874 1
873 874 1
875 874 1
876 874 1
930 874 1
933 874 1
936 874 1
942 874 1
957 874 1
958 874 1
959 874 2
973 874 1
974 874 1
1014 874 4
1015 874 1
1016 874 1
1021 874 1
1027 874 2
1040 874 1
1081 874 1
1083 874 1
352 875 1
871 875 1
872 875 1
873 875 1
874 875 1
876 875 1
203 876 1
235 876 1
352 876 1
365 876 3
418 876 1
421 876 1
448 876 1
731 876 3
871 876 2
872 876 1
873 876 1
874 876 1
875 876 1
932 876 1
936 876 1
942 876 2
943 876 2
970 876 1
971 876 1
1174 876 1
1315 876 1
468 877 1
496 877 1
878 877 1
468 878 1
496 878 1
877 878 1
87 879 1
153 879 1
158 879 1
880 879 1
87 880 1
153 880 1
158 880 1
879 880 1
882 881 1
881 882 1
64 883 1
65 883 1
106 883 1
135 883 1
282 883 1
348 883 1
589 883 1
599 883 1
615 883 1
661 883 1
665 883 1
765 883 1
884 883 1
885 883 1
886 883 1
887 883 1
888 883 1
889 883 1
890 883 1
64 884 1
65 884 1
106 884 1
135 884 1
282 884 1
348 884 1
589 884 1
599 884 1
615 884 1
661 884 1
665 884 1
765 884 1
883 884 1
885 884 1
886 884 1
887 884 1
888 884 1
889 884 1
890 884 1
64 885 1
65 885 1
106 885 1
135 885 1
282 885 1
348 885 1
589 885 1
599 885 1
615 885 1
661 885 1
665 885 1
765 885 1
883 885 1
884 885 1
886 885 1
887 885 1
888 885 1
889 885 1
890 885 1
64 886 1
65 886 1
106 886 1
135 886 1
282 886 1
348 886 1
589 886 1
599 886 1
615 886 1
661 886 1
665 886 1
765 886 1
883 886 1
884 886 1
885 886 1
887 886 1
888 886 1
889 886 1
890 886 1
64 887 1
65 887 1
106 887 1
135 887 1
282 887 3
348 887 1
589 887 1
599 887 1
603 887 1
613 887 1
615 887 1
661 887 1
665 887 1
765 887 1
883 887 1
884 887 1
885 887 1
886 887 1
888 887 1
889 887 1
890 887 1
1329 887 1
64 888 1
65 888 1
106 888 1
135 888 1
282 888 1
348 888 1
589 888 1
599 888 1
615 888 1
661 888 1
665 888 1
765 888 1
883 888 1
884 888 1
885 888 1
886 888 1
887 888 1
889 888 1
890 888 1
64 889 1
65 889 1
106 889 1
135 889 1
282 889 1
348 889 1
589 889 1
599 889 1
615 889 1
661 889 1
665 889 1
765 889 1
883 889 1
884 889 1
885 889 1
886 889 1
887 889 1
888 889 1
890 889 1
64 890 1
65 890 1
106 890 1
135 890 1
282 890 1
348 890 3
589 890 1
599 890 1
615 890 1
661 890 1
665 890 1
765 890 1
883 890 1
884 890 1
885 890 1
886 890 1
887 890 1
888 890 1
889 890 1
64 891 1
282 891 1
372 891 1
590 891 1
893 892 1
892 893 1
231 894 1
251 894 1
257 894 1
264 894 1
721 894 1
689 895 1
706 895 1
740 895 1
138 896 1
67 897 1
624 897 1
519 898 1
624 898 1
899 898 1
900 898 1
901 898 1
902 898 1
519 899 1
624 899 1
898 899 1
900 899 1
901 899 1
902 899 1
519 900 1
624 900 1
898 900 1
899 900 1
901 900 1
902 900 1
519 901 1
624 901 1
898 901 1
899 901 1
900 901 1
902 901 1
519 902 1
624 902 1
898 902 1
899 902 1
900 902 1
901 902 1
90 903 1
222 903 1
365 903 1
818 903 1
904 903 1
905 903 1
931 903 1
977 903 1
1053 903 1
1054 903 1
1139 903 1
1246 903 1
365 904 1
903 904 1
905 904 1
347 905 1
365 905 1
903 905 1
904 905 1
1166 905 1
1167 905 1
1168 905 1
232 906 1
707 906 1
907 906 1
908 906 1
232 907 1
707 907 1
906 907 1
908 907 1
232 908 1
707 908 1
906 908 1
907 908 1
224 909 1
302 909 1
634 909 1
1287 909 1
911 910 1
912 910 1
910 911 1
912 911 1
910 912 1
911 912 1
138 913 1
156 913 1
573 913 1
626 913 1
789 914 1
125 915 1
212 915 1
789 915 1
31 916 1
199 916 1
294 916 1
230 917 1
335 917 1
415 917 1
74 918 1
415 918 1
920 919 1
919 920 1
380 921 2
183 922 1
923 922 1
924 922 1
183 923 1
922 923 1
924 923 1
183 924 1
922 924 1
923 924 1
298 925 1
367 925 1
926 925 1
927 925 1
298 926 1
367 926 1
925 926 1
927 926 1
298 927 1
367 927 1
925 927 1
926 927 1
208 928 1
402 928 1
717 928 1
541 929 1
930 929 1
931 929 1
932 929 1
933 929 1
541 930 1
558 930 1
874 930 1
929 930 1
931 930 1
932 930 1
933 930 2
1027 930 1
1081 930 1
90 931 1
222 931 1
541 931 1
903 931 1
929 931 1
930 931 1
932 931 1
933 931 1
1053 931 1
1054 931 1
203 932 1
365 932 1
541 932 1
731 932 1
876 932 1
929 932 1
930 932 1
931 932 1
933 932 1
942 932 1
943 932 1
149 933 1
541 933 1
558 933 1
575 933 1
721 933 1
809 933 1
874 933 1
929 933 1
930 933 2
931 933 1
932 933 1
1027 933 1
1080 933 1
1081 933 1
831 934 1
583 935 1
596 935 1
211 936 1
237 936 1
238 936 1
361 936 1
365 936 1
373 936 1
448 936 1
623 936 1
692 936 1
731 936 1
871 936 1
874 936 1
876 936 1
937 936 2
970 936 1
971 936 1
1014 936 1
1027 936 1
1154 936 1
237 937 1
361 937 1
373 937 1
623 937 1
692 937 1
936 937 2
237 938 1
939 938 1
237 939 1
938 939 1
88 940 1
237 940 1
941 940 1
942 940 1
943 940 1
88 941 1
237 941 1
940 941 1
942 941 1
943 941 1
88 942 1
203 942 1
237 942 1
350 942 1
352 942 1
361 942 1
365 942 3
368 942 1
612 942 1
731 942 2
855 942 1
874 942 1
876 942 2
932 942 1
940 942 1
941 942 1
943 942 3
957 942 1
959 942 1
972 942 1
1014 942 1
1040 942 1
1056 942 1
1057 942 1
1097 942 1
1174 942 1
88 943 1
203 943 1
237 943 1
274 943 1
365 943 3
731 943 2
876 943 2
932 943 1
940 943 1
941 943 1
942 943 3
964 943 1
1014 943 1
1022 943 1
1023 943 1
1024 943 1
1025 943 1
1174 943 1
237 944 1
945 944 1
946 944 1
947 944 1
948 944 1
237 945 1
944 945 1
946 945 1
947 945 1
948 945 1
237 946 1
944 946 1
945 946 1
947 946 1
948 946 1
197 947 1
237 947 1
944 947 1
945 947 1
946 947 1
948 947 1
1118 947 1
1119 947 1
1120 947 1
237 948 1
944 948 1
945 948 1
946 948 1
947 948 1
237 949 1
361 949 1
166 950 1
180 950 1
250 950 1
272 950 1
438 950 1
713 950 1
951 950 1
166 951 1
180 951 1
250 951 1
272 951 1
438 951 1
713 951 1
950 951 1
33 952 1
83 952 1
84 952 1
476 952 1
760 952 1
200 953 1
11 954 1
638 954 1
955 954 1
11 955 1
638 955 1
954 955 1
858 956 1
957 956 1
958 956 1
959 956 1
612 957 1
697 957 1
855 957 1
858 957 1
874 957 1
942 957 1
956 957 1
958 957 1
959 957 1
972 957 1
1014 957 1
1015 957 1
1016 957 1
368 958 1
858 958 1
874 958 1
956 958 1
957 958 1
959 958 2
973 958 1
974 958 1
1014 958 1
1018 958 1
1019 958 1
1020 958 1
1021 958 1
352 959 1
365 959 1
858 959 1
874 959 2
942 959 1
956 959 1
957 959 1
958 959 2
973 959 1
974 959 1
1014 959 1
1040 959 1
543 960 1
544 960 1
961 960 1
418 961 1
543 961 1
544 961 1
960 961 1
677 962 1
694 962 1
25 963 1
363 963 1
274 964 1
365 964 1
697 964 1
943 964 1
1014 964 1
1022 964 1
1023 964 1
1024 964 1
1025 964 1
129 965 3
698 965 1
204 966 1
235 966 1
967 966 1
968 966 1
969 966 1
204 967 1
235 967 1
966 967 1
968 967 1
969 967 1
204 968 1
235 968 1
966 968 1
967 968 1
969 968 1
204 969 1
235 969 1
966 969 1
967 969 1
968 969 1
731 970 1
871 970 1
876 970 1
936 970 1
971 970 1
731 971 1
871 971 1
876 971 1
936 971 1
970 971 1
612 972 1
855 972 1
942 972 1
957 972 1
874 973 1
958 973 1
959 973 1
974 973 1
874 974 1
958 974 1
959 974 1
973 974 1
522 975 1
609 976 1
630 976 1
667 976 1
153 977 1
239 977 1
242 977 1
418 977 1
460 977 1
540 977 1
597 977 1
752 977 1
818 977 1
903 977 1
978 977 1
979 977 1
980 977 1
981 977 1
982 977 1
1139 977 1
1246 977 1
239 978 1
242 978 1
977 978 1
979 978 1
239 979 1
242 979 1
977 979 1
978 979 1
460 980 1
977 980 1
981 980 1
982 980 1
460 981 1
977 981 1
980 981 1
982 981 1
460 982 1
977 982 1
980 982 1
981 982 1
149 983 1
368 983 1
818 983 1
984 983 1
1055 983 1
290 984 1
983 984 1
1193 984 1
1194 984 1
502 985 1
626 986 2
1341 986 1
1342 986 1
365 987 1
758 987 1
854 987 1
988 987 1
365 988 1
758 988 1
854 988 1
987 988 1
45 989 1
583 989 1
629 989 1
630 989 1
114 990 1
749 990 1
49 991 1
552 991 1
992 991 1
49 992 1
206 992 2
333 992 2
552 992 1
702 992 2
991 992 1
994 993 1
995 993 1
993 994 1
995 994 1
993 995 1
994 995 1
997 996 1
998 996 1
999 996 1
996 997 1
998 997 1
999 997 1
996 998 1
997 998 1
999 998 1
996 999 1
997 999 1
998 999 1
243 1000 1
709 1000 1
774 1000 1
749 1001 1
1002 1001 1
749 1002 1
1001 1002 1
171 1003 1
453 1003 2
658 1003 1
701 1003 1
1004 1003 2
1005 1003 1
171 1004 1
453 1004 2
658 1004 1
701 1004 1
1003 1004 2
1005 1004 1
1344 1004 1
171 1005 1
453 1005 1
658 1005 1
1003 1005 1
1004 1005 1
642 1006 1
641 1007 1
421 1008 1
527 1009 1
1010 1009 1
1011 1009 1
527 1010 1
1009 1010 1
1011 1010 1
527 1011 1
1009 1011 1
1010 1011 1
481 1012 5
482 1012 2
516 1012 1
625 1012 1
689 1012 1
1046 1012 4
229 1013 1
308 1013 2
314 1013 2
211 1014 1
274 1014 1
352 1014 1
365 1014 4
368 1014 1
421 1014 1
448 1014 2
697 1014 1
874 1014 4
936 1014 1
942 1014 1
943 1014 1
957 1014 1
958 1014 1
959 1014 1
964 1014 1
1015 1014 1
1016 1014 1
1018 1014 1
1019 1014 1
1020 1014 1
1021 1014 2
1022 1014 1
1023 1014 1
1024 1014 1
1025 1014 1
1027 1014 1
1040 1014 1
697 1015 1
874 1015 1
957 1015 1
1014 1015 1
1016 1015 1
697 1016 1
874 1016 1
957 1016 1
1014 1016 1
1015 1016 1
1369 1016 1
1370 1016 1
246 1017 1
368 1018 1
958 1018 1
1014 1018 1
1019 1018 1
1020 1018 1
1021 1018 1
368 1019 1
958 1019 1
1014 1019 1
1018 1019 1
1020 1019 1
1021 1019 1
368 1020 1
958 1020 1
1014 1020 1
1018 1020 1
1019 1020 1
1021 1020 1
365 1021 1
368 1021 1
421 1021 1
448 1021 1
874 1021 1
958 1021 1
1014 1021 2
1018 1021 1
1019 1021 1
1020 1021 1
274 1022 1
365 1022 1
943 1022 1
964 1022 1
1014 1022 1
1023 1022 1
1024 1022 1
1025 1022 1
274 1023 1
365 1023 1
943 1023 1
964 1023 1
1014 1023 1
1022 1023 1
1024 1023 1
1025 1023 1
274 1024 1
365 1024 1
943 1024 1
964 1024 1
1014 1024 1
1022 1024 1
1023 1024 1
1025 1024 1
274 1025 1
365 1025 1
943 1025 1
964 1025 1
1014 1025 1
1022 1025 1
1023 1025 1
1024 1025 1
202 1026 1
467 1026 1
211 1027 1
285 1027 1
365 1027 1
448 1027 1
551 1027 1
558 1027 1
804 1027 1
874 1027 2
930 1027 1
933 1027 1
936 1027 1
1014 1027 1
1081 1027 1
448 1028 1
1030 1029 1
1029 1030 1
1032 1031 1
1031 1032 1
376 1033 1
451 1033 1
1034 1033 1
376 1034 1
451 1034 1
1033 1034 1
235 1035 1
136 1036 1
376 1036 1
451 1036 1
610 1036 1
717 1036 1
1077 1036 1
1078 1036 1
1079 1036 1
1159 1036 1
375 1037 3
484 1037 2
501 1037 2
503 1037 1
655 1037 1
656 1037 1
666 1037 1
1039 1038 1
85 1039 1
1038 1039 1
352 1040 1
365 1040 1
874 1040 1
942 1040 1
959 1040 1
1014 1040 1
52 1041 1
454 1041 1
458 1041 1
459 1041 2
477 1041 1
478 1041 2
533 1041 1
598 1041 2
600 1041 1
1042 1041 1
1043 1041 1
1044 1041 2
1045 1041 1
52 1042 1
454 1042 1
458 1042 1
459 1042 2
477 1042 1
478 1042 2
533 1042 1
598 1042 2
600 1042 1
1041 1042 1
1043 1042 1
1044 1042 2
1045 1042 1
52 1043 1
454 1043 1
458 1043 1
459 1043 1
477 1043 1
478 1043 1
533 1043 1
598 1043 1
600 1043 1
1041 1043 1
1042 1043 1
1044 1043 1
1045 1043 1
52 1044 1
454 1044 1
458 1044 1
459 1044 3
477 1044 1
478 1044 3
533 1044 1
598 1044 3
600 1044 1
1041 1044 2
1042 1044 2
1043 1044 1
1045 1044 1
52 1045 1
454 1045 1
458 1045 1
459 1045 2
477 1045 1
478 1045 2
533 1045 1
598 1045 1
600 1045 1
1041 1045 1
1042 1045 1
1043 1045 1
1044 1045 1
481 1046 5
482 1046 3
516 1046 1
689 1046 1
1012 1046 4
1150 1046 1
129 1047 1
1117 1047 2
195 1048 1
352 1049 2
359 1050 1
649 1050 1
68 1051 1
1052 1051 1
68 1052 1
509 1052 1
1051 1052 1
90 1053 1
222 1053 1
903 1053 1
931 1053 1
1054 1053 1
90 1054 1
222 1054 1
903 1054 1
931 1054 1
1053 1054 1
149 1055 1
368 1055 1
818 1055 1
983 1055 1
350 1056 1
361 1056 1
368 1056 1
942 1056 1
1057 1056 1
350 1057 1
361 1057 1
368 1057 1
942 1057 1
1056 1057 1
542 1058 1
510 1059 1
1061 1060 1
1060 1061 1
97 1062 1
209 1062 1
391 1062 1
176 1063 1
393 1063 1
394 1063 1
395 1063 1
728 1063 1
1064 1063 1
176 1064 1
393 1064 1
394 1064 1
395 1064 1
728 1064 1
1063 1064 1
721 1065 1
130 1066 1
164 1066 1
438 1067 1
179 1068 1
181 1068 1
274 1069 1
1070 1069 1
274 1070 1
1069 1070 1
302 1071 2
543 1071 1
338 1072 1
486 1072 1
528 1072 1
529 1072 1
753 1072 1
1073 1072 1
1074 1072 1
1075 1072 1
338 1073 1
486 1073 1
528 1073 1
529 1073 1
753 1073 1
1072 1073 1
1074 1073 1
1075 1073 1
338 1074 1
486 1074 1
528 1074 1
529 1074 1
753 1074 1
1072 1074 1
1073 1074 1
1075 1074 1
338 1075 1
486 1075 1
528 1075 1
529 1075 1
753 1075 1
1072 1075 1
1073 1075 1
1074 1075 1
407 1076 1
570 1076 1
610 1077 1
1036 1077 1
1078 1077 1
1079 1077 1
610 1078 1
1036 1078 1
1077 1078 1
1079 1078 1
610 1079 1
1036 1079 1
1077 1079 1
1078 1079 1
149 1080 1
575 1080 1
721 1080 1
809 1080 1
933 1080 1
558 1081 1
874 1081 1
930 1081 1
933 1081 1
1027 1081 1
151 1082 1
149 1083 1
525 1083 1
758 1083 1
854 1083 1
874 1083 1
421 1084 1
564 1084 1
231 1085 1
247 1085 1
254 1085 1
271 1085 1
1086 1085 1
231 1086 1
247 1086 1
254 1086 1
271 1086 1
1085 1086 1
258 1087 1
369 1087 1
532 1087 1
1088 1087 1
1089 1087 2
1090 1087 1
1091 1087 1
258 1088 1
369 1088 1
1087 1088 1
1089 1088 1
258 1089 1
369 1089 1
532 1089 1
1087 1089 2
1088 1089 1
1090 1089 1
1091 1089 1
532 1090 1
1087 1090 1
1089 1090 1
1091 1090 1
532 1091 1
1087 1091 1
1089 1091 1
1090 1091 1
253 1092 1
390 1092 1
259 1093 1
332 1094 1
1095 1094 1
1096 1094 1
332 1095 1
1094 1095 1
1096 1095 1
332 1096 1
1094 1096 1
1095 1096 1
942 1097 1
421 1098 1
637 1098 1
1100 1099 1
1101 1099 1
1099 1100 1
1101 1100 1
1099 1101 1
1100 1101 1
231 1102 1
251 1102 1
1103 1102 1
231 1103 1
251 1103 1
1102 1103 1
572 1104 1
752 1104 1
1105 1104 1
572 1105 1
752 1105 1
1104 1105 1
1107 1106 1
1106 1107 1
1109 1108 1
1108 1109 1
379 1110 1
427 1110 1
1112 1111 1
1113 1111 1
1111 1112 1
1113 1112 1
1111 1113 1
1112 1113 1
1291 1113 1
1367 1113 1
205 1114 1
296 1114 1
495 1115 1
526 1115 1
353 1116 1
1047 1117 2
197 1118 1
947 1118 1
1119 1118 1
1120 1118 1
197 1119 1
947 1119 1
1118 1119 1
1120 1119 1
197 1120 1
947 1120 1
1118 1120 1
1119 1120 1
691 1121 1
46 1122 1
424 1122 1
1123 1122 1
46 1123 1
424 1123 1
1122 1123 1
246 1124 1
402 1125 1
749 1126 1
136 1127 1
1175 1127 1
167 1128 1
361 1128 1
362 1128 1
470 1128 1
560 1128 1
289 1129 1
1130 1129 1
289 1130 1
1129 1130 1
1132 1131 1
1133 1131 1
1134 1131 1
1131 1132 1
1133 1132 1
1134 1132 1
1131 1133 1
1132 1133 1
1134 1133 1
1131 1134 1
1132 1134 1
1133 1134 1
350 1135 1
414 1135 1
530 1135 1
193 1136 2
716 1136 1
382 1137 1
1138 1137 1
382 1138 1
438 1138 1
1137 1138 1
198 1139 1
256 1139 1
818 1139 1
903 1139 1
977 1139 1
1140 1139 1
1141 1139 1
1246 1139 1
198 1140 1
256 1140 1
1139 1140 1
1141 1140 1
198 1141 1
256 1141 1
1139 1141 1
1140 1141 1
1143 1142 1
1144 1142 1
1142 1143 1
1144 1143 1
1142 1144 1
1143 1144 1
324 1145 1
513 1145 1
648 1145 1
1146 1145 1
324 1146 1
513 1146 1
648 1146 1
1145 1146 1
27 1147 1
111 1147 1
112 1147 1
153 1147 1
158 1147 1
792 1147 1
1153 1147 1
1212 1147 1
1213 1147 1
51 1148 1
79 1149 1
449 1149 1
481 1150 1
482 1150 1
1046 1150 1
474 1151 1
861 1151 1
48 1152 1
158 1152 1
1153 1152 1
48 1153 1
158 1153 2
792 1153 1
1147 1153 1
1152 1153 1
1212 1153 1
1213 1153 1
238 1154 1
936 1154 1
1156 1155 1
1157 1155 1
1158 1155 1
1155 1156 1
1157 1156 1
1158 1156 1
1155 1157 1
1156 1157 1
1158 1157 1
804 1158 1
1155 1158 1
1156 1158 1
1157 1158 1
1218 1158 1
1219 1158 1
136 1159 1
717 1159 1
1036 1159 1
6 1160 1
1161 1160 1
6 1161 1
1160 1161 1
423 1162 1
263 1163 1
466 1163 1
735 1163 1
136 1164 1
149 1164 1
368 1164 1
1165 1164 1
136 1165 1
149 1165 1
368 1165 1
1164 1165 1
347 1166 1
905 1166 1
1167 1166 1
1168 1166 1
347 1167 1
905 1167 1
1166 1167 1
1168 1167 1
347 1168 1
905 1168 1
1166 1168 1
1167 1168 1
149 1169 1
355 1169 1
820 1169 1
1170 1169 1
1171 1169 1
1172 1169 1
1173 1169 1
1247 1169 1
1248 1169 1
820 1170 1
1169 1170 1
1171 1170 1
1172 1170 1
1173 1170 1
820 1171 1
1169 1171 1
1170 1171 1
1172 1171 1
1173 1171 1
820 1172 1
1169 1172 1
1170 1172 1
1171 1172 1
1173 1172 1
820 1173 1
1169 1173 1
1170 1173 1
1171 1173 1
1172 1173 1
365 1174 1
731 1174 1
876 1174 1
942 1174 1
943 1174 1
1127 1175 1
189 1176 1
245 1176 1
1177 1176 1
1178 1176 1
189 1177 1
245 1177 1
1176 1177 1
1178 1177 1
189 1178 1
245 1178 1
1176 1178 1
1177 1178 1
262 1179 1
586 1179 1
1180 1179 1
262 1180 1
586 1180 1
1179 1180 1
214 1181 1
583 1181 1
108 1182 1
1183 1182 1
108 1183 1
1182 1183 1
64 1184 1
121 1184 1
596 1184 1
752 1184 1
749 1185 1
234 1186 1
507 1186 1
35 1187 1
572 1187 1
1188 1187 1
35 1188 1
572 1188 1
1187 1188 1
338 1189 1
438 1189 1
566 1189 2
713 1189 1
790 1189 1
791 1189 1
365 1190 1
1191 1190 1
1192 1190 1
365 1191 1
1190 1191 1
1192 1191 1
365 1192 1
1190 1192 1
1191 1192 1
290 1193 1
984 1193 1
1194 1193 1
290 1194 1
984 1194 1
1193 1194 1
447 1195 1
653 1196 1
4 1197 1
223 1197 1
101 1198 1
105 1198 1
1199 1198 1
1200 1198 1
101 1199 1
105 1199 1
1198 1199 1
1200 1199 1
101 1200 1
105 1200 1
1198 1200 1
1199 1200 1
536 1201 1
1202 1201 1
536 1202 1
1201 1202 1
514 1203 1
543 1203 1
544 1203 1
1204 1203 1
514 1204 1
543 1204 1
544 1204 1
1203 1204 1
301 1205 1
1207 1206 1
1206 1207 1
158 1208 1
343 1209 1
344 1209 1
677 1209 2
695 1209 1
1366 1209 1
185 1210 1
419 1211 1
158 1212 1
792 1212 1
1147 1212 1
1153 1212 1
1213 1212 1
158 1213 1
792 1213 1
1147 1213 1
1153 1213 1
1212 1213 1
336 1214 1
494 1214 1
110 1215 1
506 1215 1
1216 1215 1
1217 1215 1
110 1216 1
506 1216 1
1215 1216 1
1217 1216 1
110 1217 1
506 1217 1
1215 1217 1
1216 1217 1
804 1218 1
1158 1218 1
1219 1218 1
804 1219 1
1158 1219 1
1218 1219 1
688 1220 1
370 1221 1
634 1221 1
1222 1221 1
1223 1221 1
370 1222 1
634 1222 1
1221 1222 1
1223 1222 1
370 1223 1
634 1223 1
1221 1223 1
1222 1223 1
21 1224 1
22 1224 1
559 1225 1
1226 1225 1
1227 1225 1
559 1226 1
1225 1226 1
1227 1226 1
559 1227 1
1225 1227 1
1226 1227 1
352 1228 1
358 1228 1
374 1228 1
534 1228 1
1229 1228 1
352 1229 1
358 1229 1
374 1229 1
534 1229 1
1228 1229 1
143 1230 1
413 1230 1
370 1231 1
487 1231 1
692 1232 1
420 1233 1
194 1234 1
734 1234 1
64 1235 2
576 1235 1
26 1236 1
165 1237 1
640 1237 1
1238 1237 1
165 1238 1
640 1238 1
1237 1238 1
421 1239 1
1241 1240 1
1242 1240 1
1243 1240 1
1244 1240 1
1240 1241 1
1242 1241 1
1243 1241 1
1244 1241 1
1240 1242 1
1241 1242 1
1243 1242 1
1244 1242 1
1240 1243 1
1241 1243 1
1242 1243 1
1244 1243 1
1240 1244 1
1241 1244 1
1242 1244 1
1243 1244 1
194 1245 1
408 1245 1
818 1246 1
903 1246 1
977 1246 1
1139 1246 1
149 1247 1
355 1247 1
1169 1247 1
1248 1247 1
149 1248 1
355 1248 1
1169 1248 1
1247 1248 1
730 1249 1
731 1249 1
1250 1249 1
730 1250 1
731 1250 1
1249 1250 1
149 1251 1
540 1251 1
758 1251 1
803 1251 1
806 1251 1
1252 1251 1
149 1252 1
540 1252 1
758 1252 1
803 1252 1
806 1252 1
1251 1252 1
538 1253 1
540 1253 1
1254 1253 1
1255 1253 1
1256 1253 1
538 1254 1
540 1254 1
1253 1254 1
1255 1254 1
1256 1254 1
538 1255 1
540 1255 1
1253 1255 1
1254 1255 1
1256 1255 1
538 1256 1
540 1256 1
1253 1256 1
1254 1256 1
1255 1256 1
433 1257 1
601 1257 2
689 1257 1
1258 1257 1
433 1258 1
601 1258 1
1257 1258 1
452 1259 1
1261 1260 1
1260 1261 1
751 1262 1
1263 1262 1
751 1263 1
1262 1263 1
541 1264 1
596 1264 1
1267 1264 1
1268 1264 1
254 1265 1
1266 1265 1
254 1266 1
1265 1266 1
541 1267 1
596 1267 1
1264 1267 1
1268 1267 1
541 1268 1
596 1268 1
1264 1268 1
1267 1268 1
676 1269 1
770 1269 1
1271 1270 1
1272 1270 1
1273 1270 1
1270 1271 1
1272 1271 1
1273 1271 1
1270 1272 1
1271 1272 1
1273 1272 1
1270 1273 1
1271 1273 1
1272 1273 1
57 1274 1
601 1274 1
636 1274 1
188 1275 1
1276 1275 1
1277 1275 1
1278 1275 1
188 1276 1
1275 1276 1
1277 1276 1
1278 1276 1
188 1277 1
1275 1277 1
1276 1277 1
1278 1277 1
188 1278 1
1275 1278 1
1276 1278 1
1277 1278 1
659 1279 1
453 1280 1
508 1280 1
683 1280 1
1281 1280 1
1282 1280 1
1283 1280 1
453 1281 1
508 1281 1
683 1281 1
1280 1281 1
1282 1281 1
1283 1281 1
453 1282 1
508 1282 1
683 1282 1
1280 1282 1
1281 1282 1
1283 1282 1
453 1283 1
508 1283 1
683 1283 1
1280 1283 1
1281 1283 1
1282 1283 1
625 1284 1
757 1284 1
234 1285 1
468 1285 1
687 1285 1
758 1286 1
302 1287 1
634 1287 1
909 1287 1
2 1288 1
435 1289 1
515 1289 1
1290 1289 1
435 1290 1
515 1290 1
1289 1290 1
1113 1291 1
596 1292 1
20 1293 1
255 1293 1
596 1293 1
383 1294 1
1296 1295 1
1295 1296 1
502 1297 1
539 1298 1
707 1298 1
1299 1298 1
1300 1298 1
1301 1298 1
539 1299 1
707 1299 1
1298 1299 1
1300 1299 1
1301 1299 1
539 1300 1
707 1300 1
1298 1300 1
1299 1300 1
1301 1300 1
539 1301 1
707 1301 1
1298 1301 1
1299 1301 1
1300 1301 1
1303 1302 1
1302 1303 1
1305 1304 1
1304 1305 1
1307 1306 1
1306 1307 1
214 1308 1
1309 1308 1
214 1309 1
1308 1309 1
321 1310 1
634 1310 1
659 1310 1
563 1311 1
806 1311 1
1312 1311 1
1313 1311 1
1314 1311 1
563 1312 1
806 1312 1
1311 1312 1
1313 1312 1
1314 1312 1
563 1313 1
806 1313 1
1311 1313 1
1312 1313 1
1314 1313 1
563 1314 1
806 1314 1
1311 1314 1
1312 1314 1
1313 1314 1
831 1315 1
876 1315 1
30 1316 1
37 1316 1
309 1317 1
677 1317 1
778 1317 1
654 1318 1
371 1319 1
412 1319 1
1320 1319 1
371 1320 1
412 1320 1
1319 1320 1
631 1321 1
706 1321 1
304 1322 1
307 1322 1
323 1322 1
502 1322 1
587 1322 1
633 1322 1
671 1322 1
672 1322 1
1385 1322 1
1324 1323 1
1323 1324 1
306 1325 1
292 1326 1
1327 1326 1
292 1327 1
1326 1327 1
739 1328 1
282 1329 1
603 1329 1
613 1329 1
887 1329 1
282 1330 1
771 1330 1
772 1330 1
1332 1331 1
1333 1331 1
1331 1332 1
1333 1332 1
1331 1333 1
1332 1333 1
727 1334 1
209 1335 1
502 1335 1
1336 1335 1
209 1336 1
502 1336 1
702 1336 1
1335 1336 1
1368 1336 1
668 1337 1
668 1338 1
337 1339 1
320 1340 1
692 1340 1
626 1341 1
986 1341 1
1342 1341 1
626 1342 1
986 1342 1
1341 1342 1
557 1343 1
1004 1344 1
169 1345 1
170 1345 1
171 1345 1
284 1346 1
644 1346 1
670 1346 1
1347 1346 1
284 1347 1
644 1347 1
670 1347 1
1346 1347 1
654 1348 1
1349 1348 1
654 1349 1
1348 1349 1
417 1350 1
437 1350 1
441 1350 1
443 1350 1
445 1350 1
446 1350 1
462 1350 1
1351 1350 1
1352 1350 1
1353 1350 1
1354 1350 1
1355 1350 1
1356 1350 1
417 1351 1
437 1351 1
441 1351 1
443 1351 1
445 1351 1
446 1351 1
462 1351 1
1350 1351 1
1352 1351 1
1353 1351 1
1354 1351 1
1355 1351 1
1356 1351 1
417 1352 1
437 1352 1
441 1352 1
443 1352 1
445 1352 1
446 1352 1
462 1352 1
1350 1352 1
1351 1352 1
1353 1352 1
1354 1352 1
1355 1352 1
1356 1352 1
417 1353 1
437 1353 1
441 1353 1
443 1353 1
445 1353 1
446 1353 1
462 1353 1
1350 1353 1
1351 1353 1
1352 1353 1
1354 1353 1
1355 1353 1
1356 1353 1
417 1354 1
437 1354 1
441 1354 1
443 1354 1
445 1354 1
446 1354 1
462 1354 1
1350 1354 1
1351 1354 1
1352 1354 1
1353 1354 1
1355 1354 1
1356 1354 1
417 1355 1
437 1355 1
441 1355 1
443 1355 1
445 1355 1
446 1355 1
462 1355 1
1350 1355 1
1351 1355 1
1352 1355 1
1353 1355 1
1354 1355 1
1356 1355 1
417 1356 1
437 1356 1
441 1356 1
443 1356 1
445 1356 1
446 1356 1
462 1356 1
1350 1356 1
1351 1356 1
1352 1356 1
1353 1356 1
1354 1356 1
1355 1356 1
453 1357 1
15 1358 1
39 1358 1
40 1358 1
43 1358 1
439 1359 1
440 1359 1
441 1359 1
212 1360 1
785 1360 1
605 1361 1
720 1362 1
173 1363 1
614 1363 2
1387 1363 1
1388 1363 1
779 1364 1
780 1364 1
1365 1364 1
779 1365 1
780 1365 1
1364 1365 1
344 1366 1
677 1366 1
1209 1366 1
1113 1367 1
702 1368 1
1336 1368 1
1016 1369 1
1370 1369 1
1016 1370 1
1369 1370 1
706 1371 1
53 1372 1
339 1372 1
488 1372 1
489 1372 1
580 1372 1
387 1373 1
426 1373 1
571 1373 1
1374 1373 1
1375 1373 1
1376 1373 1
1377 1373 1
1378 1373 1
1379 1373 1
387 1374 1
426 1374 1
571 1374 1
1373 1374 1
1375 1374 1
1376 1374 1
1377 1374 1
1378 1374 1
1379 1374 1
387 1375 1
426 1375 1
571 1375 1
1373 1375 1
1374 1375 1
1376 1375 1
1377 1375 1
1378 1375 1
1379 1375 1
387 1376 1
426 1376 1
571 1376 1
1373 1376 1
1374 1376 1
1375 1376 1
1377 1376 1
1378 1376 1
1379 1376 1
387 1377 1
426 1377 1
571 1377 1
1373 1377 1
1374 1377 1
1375 1377 1
1376 1377 1
1378 1377 1
1379 1377 1
387 1378 1
426 1378 1
571 1378 1
1373 1378 1
1374 1378 1
1375 1378 1
1376 1378 1
1377 1378 1
1379 1378 1
387 1379 1
426 1379 1
571 1379 1
1373 1379 1
1374 1379 1
1375 1379 1
1376 1379 1
1377 1379 1
1378 1379 1
421 1380 1
180 1381 1
409 1381 1
595 1381 1
708 1381 1
668 1382 1
1383 1382 1
668 1383 1
1382 1383 1
679 1384 1
304 1385 1
502 1385 1
587 1385 1
633 1385 1
671 1385 1
672 1385 1
1322 1385 1
639 1386 1
614 1387 1
1363 1387 1
1388 1387 1
614 1388 1
1363 1388 1
1387 1388 1
303 1389 1
750 1389 1
269 1390 1
635 1390 1
788 1390 1
1391 1390 1
1392 1390 1
1393 1390 1
269 1391 1
635 1391 1
788 1391 1
1390 1391 1
1392 1391 1
1393 1391 1
269 1392 1
635 1392 1
788 1392 1
1390 1392 1
1391 1392 1
1393 1392 1
269 1393 1
635 1393 1
788 1393 1
1390 1393 1
1391 1393 1
1392 1393 1
411 1394 1
135 1395 1
282 1395 1
392 1395 1
236 1396 1
692 1397 1
