115 1 1
347 1 1
46 2 2
78 2 1
174 2 2
9 3 2
14 3 1
131 3 1
132 3 3
146 3 1
174 3 1
222 3 1
312 3 1
371 3 1
418 3 1
424 3 1
26 4 1
30 4 1
238 4 1
6 5 1
88 5 3
106 5 1
107 5 1
133 5 2
136 5 1
162 5 1
169 5 1
213 5 1
259 5 2
304 5 1
305 5 2
360 5 1
384 5 1
410 5 2
478 5 1
480 5 1
501 5 1
527 5 1
528 5 3
648 5 1
5 6 1
8 7 1
7 8 1
3 9 2
131 9 1
371 9 1
418 9 1
424 9 1
17 10 1
23 11 1
24 11 1
55 12 1
107 12 1
131 12 1
170 12 1
201 12 1
565 12 1
15 13 2
3 14 1
89 14 1
169 14 2
13 15 2
89 16 1
160 16 3
181 16 1
313 16 1
632 16 1
10 17 1
263 17 1
273 17 1
296 18 1
491 18 1
411 19 2
450 19 2
583 20 1
449 21 1
98 22 1
481 22 1
11 23 1
24 23 1
11 24 1
23 24 1
47 25 1
204 25 1
4 26 1
30 26 1
149 27 1
150 27 2
604 28 1
89 29 1
168 29 4
174 29 2
178 29 1
200 29 2
246 29 1
262 29 2
372 29 1
474 29 2
601 29 1
602 29 1
4 30 1
26 30 1
393 30 1
421 30 1
36 31 2
37 31 2
69 32 1
82 32 1
125 32 2
132 32 1
147 32 1
168 32 1
175 32 3
345 32 1
383 32 1
407 32 1
410 32 1
445 32 1
505 32 1
569 32 1
385 33 1
388 33 1
35 34 1
67 34 1
34 35 1
67 35 1
31 36 2
37 36 2
31 37 2
36 37 2
285 38 1
310 38 1
580 38 1
40 39 1
39 40 1
138 41 1
76 42 1
213 42 1
634 42 1
132 43 1
380 44 1
119 45 1
530 45 1
2 46 2
174 46 1
25 47 1
204 47 1
104 48 1
220 48 1
362 49 1
56 50 1
116 50 1
174 50 1
116 51 3
136 51 3
64 52 1
77 52 1
128 52 1
229 52 1
144 53 1
230 53 1
69 54 1
201 54 1
12 55 1
131 55 1
50 56 1
116 56 1
194 56 1
174 57 1
80 58 1
399 58 1
104 59 1
559 59 2
265 60 1
331 60 1
62 61 2
140 61 3
197 61 1
61 62 2
140 62 2
71 63 1
72 63 1
495 63 1
52 64 1
77 64 1
128 64 1
229 64 1
182 65 1
189 65 2
217 65 1
103 66 1
34 67 1
35 67 1
89 68 2
169 68 1
191 68 1
262 68 1
311 68 1
390 68 1
571 68 1
32 69 1
54 69 1
82 69 2
132 69 1
201 69 2
410 69 1
119 70 1
529 70 1
63 71 1
72 71 1
495 71 1
538 71 1
539 71 1
63 72 1
71 72 1
110 72 1
495 72 1
147 73 2
345 73 2
99 74 1
151 75 1
206 75 1
329 75 1
334 75 1
42 76 1
213 76 1
634 76 1
52 77 1
64 77 1
128 77 1
229 77 1
2 78 1
259 78 1
315 78 1
608 78 1
108 79 1
58 80 1
92 80 1
392 81 1
460 81 1
32 82 1
69 82 2
132 82 1
137 82 1
410 82 2
84 83 1
83 84 1
195 85 1
350 85 1
397 85 2
90 86 3
165 87 1
261 87 1
5 88 3
133 88 1
259 88 1
410 88 1
14 89 1
16 89 1
29 89 1
68 89 2
90 89 3
147 89 2
157 89 1
160 89 1
168 89 5
174 89 1
186 89 2
208 89 1
209 89 2
313 89 2
314 89 1
479 89 2
86 90 3
89 90 3
133 90 1
140 90 1
157 90 1
166 90 2
172 90 4
174 90 1
178 90 2
186 90 1
193 90 1
311 90 2
482 91 3
80 92 1
399 93 1
430 93 1
274 94 1
442 94 1
207 95 2
358 95 2
383 95 4
647 95 1
138 96 1
139 96 1
146 96 1
198 97 1
457 97 1
22 98 1
74 99 1
148 100 1
223 100 1
228 100 1
638 100 1
145 101 1
318 102 1
66 103 1
48 104 1
59 104 1
105 104 1
220 104 1
301 104 1
559 104 1
104 105 1
180 105 1
200 105 1
5 106 1
107 106 1
225 106 2
5 107 1
12 107 1
106 107 1
151 107 1
153 107 1
170 107 1
254 107 1
309 107 1
558 107 1
79 108 1
140 109 1
72 110 1
152 111 1
165 111 1
241 111 1
432 111 2
113 112 1
114 112 1
118 112 1
621 112 1
112 113 1
114 113 1
118 113 1
621 113 1
112 114 1
113 114 1
118 114 1
621 114 1
1 115 1
174 115 2
347 115 1
385 115 1
50 116 1
51 116 3
56 116 1
133 116 1
136 116 7
140 116 3
354 116 1
515 116 1
525 116 1
532 116 1
533 116 1
534 116 1
191 117 1
278 117 1
279 117 1
112 118 1
113 118 1
114 118 1
621 118 1
45 119 1
70 119 1
529 119 1
530 119 1
606 119 1
607 119 1
121 120 1
122 120 1
123 120 1
174 120 2
297 120 1
120 121 1
122 121 1
123 121 1
174 121 1
297 121 1
120 122 1
121 122 1
123 122 1
174 122 1
297 122 1
120 123 1
121 123 1
122 123 1
174 123 1
297 123 1
341 124 1
32 125 2
147 125 1
175 125 1
311 125 1
494 125 1
261 126 2
398 126 2
404 126 1
243 127 1
255 127 1
52 128 1
64 128 1
77 128 1
229 128 2
287 129 1
640 129 1
168 130 1
169 130 1
311 130 1
3 131 1
9 131 1
12 131 1
55 131 1
132 131 3
183 131 1
213 131 1
226 131 1
371 131 1
418 131 1
424 131 1
3 132 3
32 132 1
43 132 1
69 132 1
82 132 1
131 132 3
146 132 2
147 132 1
159 132 1
169 132 1
195 132 1
200 132 1
202 132 1
211 132 1
213 132 1
261 132 1
290 132 2
398 132 1
410 132 1
425 132 1
428 132 1
429 132 3
5 133 2
88 133 1
90 133 1
116 133 1
136 133 2
151 133 1
152 133 1
161 133 1
162 133 2
166 133 1
174 133 2
186 133 1
200 133 1
201 133 2
357 133 1
420 133 1
452 133 1
595 133 1
470 134 1
517 134 1
136 135 1
5 136 1
51 136 3
116 136 7
133 136 2
135 136 1
140 136 2
142 136 1
143 136 1
144 136 1
163 136 1
221 136 3
222 136 2
231 136 5
244 136 1
304 136 1
354 136 1
492 136 1
510 136 1
515 136 2
516 136 1
525 136 1
540 136 1
82 137 1
205 137 1
41 138 1
96 138 1
139 138 2
146 138 1
221 138 1
222 138 1
96 139 1
138 139 2
146 139 1
61 140 3
62 140 2
90 140 1
109 140 1
116 140 3
136 140 2
197 140 1
328 140 1
354 140 1
369 140 1
475 140 1
525 140 3
526 140 1
295 141 2
592 141 1
136 142 1
143 142 2
144 142 1
221 142 1
230 142 1
231 142 1
136 143 1
142 143 2
144 143 1
221 143 1
230 143 1
231 143 1
53 144 1
136 144 1
142 144 1
143 144 1
168 144 1
221 144 1
231 144 1
291 144 1
101 145 1
3 146 1
96 146 1
132 146 2
138 146 1
139 146 1
365 146 1
401 146 1
426 146 1
32 147 1
73 147 2
89 147 2
125 147 1
132 147 1
168 147 3
174 147 1
175 147 1
241 147 2
282 147 2
284 147 1
345 147 2
425 147 1
429 147 1
476 147 4
543 147 1
100 148 1
223 148 1
228 148 1
638 148 1
27 149 1
150 149 1
27 150 2
149 150 1
75 151 1
107 151 1
133 151 1
152 151 2
164 151 1
174 151 1
329 151 2
345 151 1
452 151 1
111 152 1
133 152 1
151 152 2
174 152 1
315 152 1
345 152 1
388 152 1
452 152 1
547 152 1
107 153 1
155 154 1
154 155 1
518 156 2
519 156 2
89 157 1
90 157 1
159 158 1
382 158 1
132 159 1
158 159 1
195 159 1
290 159 1
382 159 1
16 160 3
89 160 1
181 160 1
313 160 1
339 160 1
632 160 1
133 161 1
235 161 1
307 161 1
324 161 1
5 162 1
133 162 2
164 162 5
169 162 1
174 162 1
186 162 1
253 162 1
269 162 3
338 162 2
340 162 1
492 162 3
136 163 1
259 163 3
523 163 1
524 163 2
540 163 1
151 164 1
162 164 5
186 164 1
200 164 1
241 164 1
269 164 3
340 164 1
87 165 1
111 165 1
241 165 1
311 165 1
403 165 1
432 165 1
437 165 1
90 166 2
133 166 1
172 166 1
346 167 1
351 167 2
29 168 4
32 168 1
89 168 5
130 168 1
144 168 1
147 168 3
169 168 2
171 168 1
174 168 1
178 168 1
189 168 1
200 168 1
226 168 1
230 168 1
246 168 2
291 168 1
311 168 3
372 168 1
474 168 1
479 168 1
5 169 1
14 169 2
68 169 1
130 169 1
132 169 1
162 169 1
168 169 2
170 169 1
171 169 3
215 169 1
226 169 1
261 169 1
284 169 1
311 169 1
338 169 1
406 169 1
501 169 1
561 169 1
597 169 1
12 170 1
107 170 1
169 170 1
171 170 1
198 170 2
232 170 2
303 170 2
338 170 1
492 170 1
168 171 1
169 171 3
170 171 1
226 171 1
90 172 4
166 172 1
635 172 1
174 173 1
2 174 2
3 174 1
29 174 2
46 174 1
50 174 1
57 174 1
89 174 1
90 174 1
115 174 2
120 174 2
121 174 1
122 174 1
123 174 1
133 174 2
147 174 1
151 174 1
152 174 1
162 174 1
168 174 1
173 174 1
186 174 5
187 174 1
200 174 2
222 174 2
227 174 3
297 174 1
345 174 1
385 174 2
616 174 2
641 174 1
643 174 1
32 175 3
125 175 1
147 175 1
383 175 1
177 176 2
178 176 2
176 177 2
178 177 2
29 178 1
90 178 2
168 178 1
176 178 2
177 178 2
224 178 1
246 178 2
247 178 1
272 178 1
300 178 1
311 178 2
515 178 1
188 179 1
356 179 1
484 179 1
105 180 1
200 180 1
16 181 1
160 181 1
65 182 1
217 182 1
131 183 1
226 183 1
185 184 1
244 184 1
305 184 1
184 185 1
305 185 1
89 186 2
90 186 1
133 186 1
162 186 1
164 186 1
174 186 5
253 186 2
271 186 1
385 186 2
174 187 1
179 188 1
65 189 2
168 189 1
194 190 1
68 191 1
117 191 1
278 191 1
279 191 1
390 191 1
571 191 1
589 192 1
90 193 1
56 194 1
190 194 1
85 195 1
132 195 1
159 195 1
290 195 1
350 195 1
397 195 1
283 196 1
61 197 1
140 197 1
97 198 1
170 198 2
280 198 1
304 198 1
457 198 1
591 198 1
510 199 1
29 200 2
105 200 1
132 200 1
133 200 1
164 200 1
168 200 1
174 200 2
180 200 1
211 200 1
12 201 1
54 201 1
69 201 2
133 201 2
290 201 1
395 201 2
401 201 3
434 201 1
451 201 1
471 201 2
564 201 1
132 202 1
582 203 1
25 204 1
47 204 1
137 205 1
216 205 2
355 205 1
521 205 1
604 205 1
75 206 1
334 206 1
95 207 2
358 207 2
383 207 2
647 207 1
89 208 1
209 208 1
89 209 2
208 209 1
320 210 2
321 210 2
594 210 1
132 211 1
200 211 1
241 211 2
284 211 2
444 211 1
568 211 1
617 212 1
5 213 1
42 213 1
76 213 1
131 213 1
132 213 1
485 213 1
634 213 1
276 214 1
480 214 1
570 214 1
169 215 1
205 216 2
244 216 1
305 216 1
521 216 1
65 217 1
182 217 1
352 218 1
348 219 2
586 219 2
48 220 1
104 220 1
136 221 3
138 221 1
142 221 1
143 221 1
144 221 1
222 221 3
231 221 2
3 222 1
136 222 2
138 222 1
174 222 2
221 222 3
231 222 1
641 222 1
100 223 1
148 223 1
228 223 1
638 223 1
178 224 1
106 225 2
131 226 1
168 226 1
169 226 1
171 226 1
183 226 1
333 226 1
174 227 3
100 228 1
148 228 1
223 228 1
638 228 1
52 229 1
64 229 1
77 229 1
128 229 2
53 230 1
142 230 1
143 230 1
168 230 1
239 230 1
136 231 5
142 231 1
143 231 1
144 231 1
221 231 2
222 231 1
170 232 2
234 233 1
233 234 1
161 235 1
237 236 1
492 236 1
236 237 1
492 237 2
4 238 1
435 238 2
230 239 1
385 240 1
387 240 1
388 240 1
111 241 1
147 241 2
164 241 1
165 241 1
211 241 2
284 241 2
290 241 4
349 241 6
393 241 1
422 241 1
427 241 1
432 241 1
476 241 1
496 241 2
511 241 1
512 241 1
513 241 1
514 241 1
541 241 2
542 241 1
543 241 1
544 241 3
337 242 1
127 243 1
255 243 1
309 243 1
322 243 1
566 243 1
136 244 1
184 244 1
216 244 1
258 244 1
298 244 1
299 244 1
305 244 2
323 244 1
515 244 1
343 245 1
29 246 1
168 246 2
178 246 2
247 246 2
262 246 1
178 247 1
246 247 2
262 247 1
277 248 1
306 248 1
255 249 1
251 250 1
252 250 1
253 250 1
250 251 1
252 251 1
253 251 1
250 252 1
251 252 1
253 252 1
162 253 1
186 253 2
250 253 1
251 253 1
252 253 1
107 254 1
309 254 1
127 255 1
243 255 1
249 255 1
614 256 1
308 257 1
244 258 1
281 258 1
319 258 1
323 258 1
535 258 1
626 258 1
627 258 1
5 259 2
78 259 1
88 259 1
163 259 3
290 259 1
315 259 1
478 259 1
487 259 2
490 259 1
492 259 1
523 259 1
524 259 2
528 259 1
531 259 3
540 259 1
594 259 2
608 259 1
644 259 1
645 259 1
275 260 1
276 260 2
442 260 1
87 261 1
126 261 2
132 261 1
169 261 1
385 261 1
398 261 2
404 261 1
406 261 1
489 261 1
563 261 1
29 262 2
68 262 1
246 262 1
247 262 1
17 263 1
273 263 1
274 264 1
60 265 1
331 265 1
317 266 1
316 267 1
336 267 1
270 268 1
389 268 1
162 269 3
164 269 3
268 270 1
389 270 1
186 271 1
178 272 1
300 272 1
17 273 1
263 273 1
94 274 1
264 274 1
442 274 1
260 275 1
276 275 1
214 276 1
260 276 2
275 276 1
480 276 1
570 276 1
248 277 1
306 277 1
117 278 1
191 278 1
279 278 1
117 279 1
191 279 1
278 279 1
198 280 1
304 280 2
591 280 1
258 281 1
147 282 2
345 282 1
443 282 1
476 282 1
196 283 1
147 284 1
169 284 1
211 284 2
241 284 2
543 284 1
38 285 1
310 285 1
580 285 1
603 286 1
129 287 1
640 287 1
289 288 1
288 289 1
132 290 2
159 290 1
195 290 1
201 290 1
241 290 4
259 290 1
349 290 3
368 290 1
429 290 1
478 290 1
487 290 1
531 290 1
574 290 1
144 291 1
168 291 1
548 292 2
549 292 2
633 292 1
325 293 1
353 294 2
492 294 1
581 294 1
141 295 2
592 295 1
18 296 1
404 296 1
491 296 1
120 297 1
121 297 1
122 297 1
123 297 1
174 297 1
244 298 1
299 298 1
396 298 1
580 298 1
590 298 1
637 298 1
244 299 1
298 299 1
178 300 1
272 300 1
104 301 1
470 302 1
170 303 2
642 303 1
5 304 1
136 304 1
198 304 1
280 304 2
591 304 1
611 304 1
612 304 1
613 304 1
5 305 2
184 305 1
185 305 1
216 305 1
244 305 2
528 305 1
248 306 1
277 306 1
161 307 1
324 307 1
257 308 1
107 309 1
243 309 1
254 309 1
38 310 1
285 310 1
580 310 1
68 311 1
90 311 2
125 311 1
130 311 1
165 311 1
168 311 3
169 311 1
178 311 2
403 311 1
411 311 2
494 311 1
3 312 1
332 312 1
16 313 1
89 313 2
160 313 1
314 313 1
89 314 1
313 314 1
78 315 1
152 315 1
259 315 1
608 315 1
267 316 1
336 316 1
266 317 1
102 318 1
258 319 1
535 319 1
210 320 2
321 320 3
594 320 1
210 321 2
320 321 3
594 321 1
243 322 1
244 323 1
258 323 1
161 324 1
307 324 1
293 325 1
327 326 1
326 327 1
140 328 1
75 329 1
151 329 2
525 330 2
60 331 1
265 331 1
312 332 1
636 332 1
226 333 1
75 334 1
206 334 1
492 334 1
431 335 1
483 335 1
267 336 1
316 336 1
242 337 1
162 338 2
169 338 1
170 338 1
492 338 3
160 339 1
162 340 1
164 340 1
124 341 1
623 342 1
245 343 1
493 344 1
628 344 1
32 345 1
73 345 2
147 345 2
151 345 1
152 345 1
174 345 1
282 345 1
167 346 1
351 346 1
1 347 1
115 347 1
219 348 2
586 348 4
241 349 6
290 349 3
393 349 1
422 349 1
544 349 2
85 350 1
195 350 1
397 350 1
167 351 2
346 351 1
218 352 1
294 353 2
492 353 2
581 353 2
116 354 1
136 354 1
140 354 1
205 355 1
604 355 1
179 356 1
484 356 1
133 357 1
95 358 2
207 358 2
383 358 2
647 358 1
439 359 1
458 359 1
505 359 1
5 360 1
410 360 1
501 360 2
500 361 1
598 361 1
49 362 1
377 363 2
378 363 2
415 364 1
502 364 1
146 365 1
463 365 1
587 365 1
629 365 1
630 365 1
367 366 1
366 367 1
290 368 1
574 368 1
140 369 1
475 369 1
525 369 1
610 370 1
3 371 1
9 371 1
131 371 1
418 371 1
424 371 1
29 372 1
168 372 1
400 372 1
474 372 1
374 373 1
593 373 1
373 374 1
593 374 1
454 375 1
477 375 1
499 375 1
504 375 1
394 376 1
477 376 3
497 376 2
504 376 8
555 376 1
620 376 1
363 377 2
378 377 2
363 378 2
377 378 2
639 379 1
44 380 1
509 381 1
560 381 1
158 382 1
159 382 1
32 383 1
95 383 4
175 383 1
207 383 2
358 383 2
425 383 1
488 383 1
522 383 2
647 383 1
5 384 1
33 385 1
115 385 1
174 385 2
186 385 2
240 385 1
261 385 1
387 385 2
388 385 5
401 386 2
240 387 1
385 387 2
388 387 2
33 388 1
152 388 1
240 388 1
385 388 5
387 388 2
622 388 1
268 389 1
270 389 1
68 390 1
191 390 1
571 390 1
404 391 1
81 392 1
460 392 1
30 393 1
241 393 1
349 393 1
421 393 1
422 393 1
376 394 1
201 395 2
471 395 2
564 395 1
298 396 1
580 396 1
85 397 2
195 397 1
350 397 1
537 397 2
126 398 2
132 398 1
261 398 2
404 398 1
58 399 1
93 399 1
430 399 1
372 400 1
146 401 1
201 401 3
386 401 2
414 401 1
426 401 1
469 402 1
165 403 1
311 403 1
126 404 1
261 404 1
296 404 1
391 404 1
398 404 1
460 405 1
169 406 1
261 406 1
32 407 1
615 408 2
616 408 2
444 409 1
458 409 5
473 409 2
551 409 1
5 410 2
32 410 1
69 410 1
82 410 2
88 410 1
132 410 1
360 410 1
423 410 1
520 410 1
19 411 2
311 411 2
450 411 2
537 412 1
459 413 1
401 414 1
439 414 1
453 414 1
461 414 1
503 414 1
506 414 1
509 414 1
551 414 1
562 414 1
364 415 1
502 415 1
464 416 1
646 417 1
3 418 1
9 418 1
131 418 1
371 418 1
424 418 1
440 419 1
133 420 1
30 421 1
393 421 1
241 422 1
349 422 1
393 422 1
410 423 1
520 423 1
3 424 1
9 424 1
131 424 1
371 424 1
418 424 1
132 425 1
147 425 1
383 425 1
429 425 1
146 426 1
401 426 1
241 427 1
496 427 1
132 428 1
132 429 3
147 429 1
290 429 1
425 429 1
93 430 1
399 430 1
335 431 1
466 431 1
483 431 1
111 432 2
165 432 1
241 432 1
579 433 1
201 434 1
451 434 1
472 434 1
486 434 1
238 435 2
515 436 1
165 437 1
467 438 1
505 438 1
359 439 1
414 439 1
453 439 1
458 439 3
503 439 1
505 439 1
506 439 1
509 439 1
537 439 1
551 439 2
562 439 1
575 439 1
576 439 1
577 439 3
578 439 1
419 440 1
609 441 1
94 442 1
260 442 1
274 442 1
282 443 1
211 444 1
409 444 1
458 444 1
32 445 1
462 445 4
505 445 3
569 445 1
447 446 1
448 446 1
446 447 1
448 447 1
446 448 1
447 448 1
21 449 1
19 450 2
411 450 2
201 451 1
434 451 1
133 452 1
151 452 1
152 452 1
414 453 1
439 453 1
454 453 1
458 453 1
503 453 1
506 453 1
509 453 1
551 453 1
562 453 1
375 454 1
453 454 1
477 454 1
499 454 1
504 454 1
465 455 1
504 456 1
97 457 1
198 457 1
359 458 1
409 458 5
439 458 3
444 458 1
453 458 1
473 458 2
504 458 1
505 458 2
507 458 1
508 458 4
537 458 1
551 458 4
577 458 1
413 459 1
81 460 1
392 460 1
405 460 1
414 461 1
445 462 4
505 462 2
365 463 1
587 463 1
416 464 1
455 465 1
431 466 1
438 467 1
505 467 1
605 468 1
402 469 1
134 470 1
302 470 1
517 470 1
201 471 2
395 471 2
564 471 1
434 472 1
486 472 1
409 473 2
458 473 2
29 474 2
168 474 1
372 474 1
140 475 1
369 475 1
525 475 1
147 476 4
241 476 1
282 476 1
375 477 1
376 477 3
454 477 1
497 477 2
498 477 1
499 477 1
504 477 8
550 477 2
552 477 1
553 477 1
554 477 1
555 477 1
631 477 1
5 478 1
259 478 1
290 478 1
487 478 1
531 478 1
89 479 2
168 479 1
5 480 1
214 480 1
276 480 1
570 480 1
22 481 1
91 482 3
335 483 1
431 483 1
179 484 1
356 484 1
213 485 1
434 486 1
472 486 1
259 487 2
290 487 1
478 487 1
490 487 1
531 487 2
383 488 1
261 489 1
259 490 1
487 490 1
531 490 1
18 491 1
296 491 1
136 492 1
162 492 3
170 492 1
236 492 1
237 492 2
259 492 1
294 492 1
334 492 1
338 492 3
353 492 2
510 492 1
581 492 1
596 492 1
344 493 1
628 493 1
125 494 1
311 494 1
63 495 1
71 495 1
72 495 1
241 496 2
427 496 1
376 497 2
477 497 2
499 497 1
503 497 2
504 497 4
537 497 1
550 497 2
551 497 2
555 497 1
588 497 1
620 497 1
477 498 1
504 498 1
375 499 1
454 499 1
477 499 1
497 499 1
504 499 1
361 500 1
5 501 1
169 501 1
360 501 2
364 502 1
415 502 1
414 503 1
439 503 1
453 503 1
497 503 2
506 503 1
509 503 1
551 503 1
555 503 1
562 503 1
375 504 1
376 504 8
454 504 1
456 504 1
458 504 1
477 504 8
497 504 4
498 504 1
499 504 1
508 504 3
550 504 3
551 504 4
552 504 1
553 504 1
554 504 1
555 504 1
32 505 1
359 505 1
438 505 1
439 505 1
445 505 3
458 505 2
462 505 2
467 505 1
508 505 1
551 505 1
569 505 1
414 506 1
439 506 1
453 506 1
503 506 1
509 506 1
551 506 1
562 506 1
578 506 1
458 507 1
508 507 1
551 507 1
458 508 4
504 508 3
505 508 1
507 508 1
551 508 4
381 509 1
414 509 1
439 509 1
453 509 1
503 509 1
506 509 1
551 509 1
560 509 1
562 509 1
136 510 1
199 510 1
492 510 1
241 511 1
512 511 1
513 511 1
514 511 1
241 512 1
511 512 1
513 512 1
514 512 1
241 513 1
511 513 1
512 513 1
514 513 1
241 514 1
511 514 1
512 514 1
513 514 1
116 515 1
136 515 2
178 515 1
244 515 1
436 515 1
516 515 2
599 515 1
136 516 1
515 516 2
134 517 1
470 517 1
156 518 2
519 518 2
156 519 2
518 519 2
410 520 1
423 520 1
205 521 1
216 521 1
383 522 2
163 523 1
259 523 1
524 523 1
163 524 2
259 524 2
523 524 1
116 525 1
136 525 1
140 525 3
330 525 2
369 525 1
475 525 1
526 525 1
140 526 1
525 526 1
5 527 1
5 528 3
259 528 1
305 528 1
648 528 1
70 529 1
119 529 1
45 530 1
119 530 1
259 531 3
290 531 1
478 531 1
487 531 2
490 531 1
116 532 1
533 532 1
534 532 1
116 533 1
532 533 1
534 533 1
116 534 1
532 534 1
533 534 1
258 535 1
319 535 1
537 536 1
397 537 2
412 537 1
439 537 1
458 537 1
497 537 1
536 537 1
551 537 1
577 537 1
71 538 1
539 538 1
71 539 1
538 539 1
136 540 1
163 540 1
259 540 1
241 541 2
241 542 1
147 543 1
241 543 1
284 543 1
241 544 3
349 544 2
546 545 2
545 546 2
152 547 1
292 548 2
549 548 2
292 549 2
548 549 2
477 550 2
497 550 2
504 550 3
551 550 1
409 551 1
414 551 1
439 551 2
453 551 1
458 551 4
497 551 2
503 551 1
504 551 4
505 551 1
506 551 1
507 551 1
508 551 4
509 551 1
537 551 1
550 551 1
562 551 1
577 551 1
477 552 1
504 552 1
553 552 1
554 552 1
477 553 1
504 553 1
552 553 1
554 553 1
477 554 1
504 554 1
552 554 1
553 554 1
376 555 1
477 555 1
497 555 1
503 555 1
504 555 1
557 556 1
556 557 1
107 558 1
59 559 2
104 559 1
381 560 1
509 560 1
169 561 1
414 562 1
439 562 1
453 562 1
503 562 1
506 562 1
509 562 1
551 562 1
261 563 1
201 564 1
395 564 1
471 564 1
12 565 1
243 566 1
600 567 1
211 568 1
32 569 1
445 569 1
505 569 1
214 570 1
276 570 1
480 570 1
68 571 1
191 571 1
390 571 1
573 572 1
572 573 1
290 574 1
368 574 1
439 575 1
439 576 1
439 577 3
458 577 1
537 577 1
551 577 1
578 577 1
439 578 1
506 578 1
577 578 1
433 579 1
38 580 1
285 580 1
298 580 1
310 580 1
396 580 1
294 581 1
353 581 2
492 581 1
203 582 1
20 583 1
585 584 1
584 585 1
219 586 2
348 586 4
624 586 1
365 587 1
463 587 1
497 588 1
192 589 1
298 590 1
198 591 1
280 591 1
304 591 1
141 592 1
295 592 1
373 593 1
374 593 1
210 594 1
259 594 2
320 594 1
321 594 1
133 595 1
492 596 1
169 597 1
361 598 1
515 599 1
567 600 1
625 600 1
29 601 1
602 601 1
29 602 1
601 602 1
286 603 1
28 604 1
205 604 1
355 604 1
468 605 1
119 606 1
607 606 1
119 607 1
606 607 1
78 608 1
259 608 1
315 608 1
441 609 1
370 610 1
304 611 1
304 612 1
613 612 1
304 613 1
612 613 1
256 614 1
408 615 2
616 615 1
174 616 2
408 616 2
615 616 1
212 617 1
619 618 1
618 619 1
376 620 1
497 620 1
112 621 1
113 621 1
114 621 1
118 621 1
388 622 1
342 623 1
586 624 1
600 625 1
258 626 1
627 626 1
258 627 1
626 627 1
344 628 1
493 628 1
365 629 1
630 629 1
365 630 1
629 630 1
477 631 1
16 632 1
160 632 1
292 633 1
42 634 1
76 634 1
213 634 1
172 635 1
332 636 1
298 637 1
100 638 1
148 638 1
223 638 1
228 638 1
379 639 1
129 640 1
287 640 1
174 641 1
222 641 1
303 642 1
174 643 1
259 644 1
645 644 1
259 645 1
644 645 1
417 646 1
95 647 1
207 647 1
358 647 1
383 647 1
5 648 1
528 648 1
