40 1 1
41 1 1
52 2 1
62 2 2
79 2 1
95 2 1
348 2 1
479 2 1
669 2 1
886 2 1
18 3 1
411 3 1
575 3 1
604 3 1
987 3 1
988 3 1
136 4 1
142 5 1
485 5 2
594 5 1
778 5 2
901 5 1
103 6 2
427 6 1
439 6 1
482 6 1
576 7 1
105 8 1
106 8 1
317 8 1
19 9 1
182 9 1
412 9 1
451 9 1
453 9 1
474 9 1
533 9 1
81 10 1
138 10 1
225 10 1
306 10 1
444 11 2
206 12 2
293 12 1
622 12 2
627 12 1
646 12 1
666 12 1
14 13 1
15 13 1
51 13 1
637 13 1
13 14 1
15 14 1
51 14 1
637 14 1
13 15 1
14 15 1
51 15 1
62 15 1
229 15 1
611 15 1
637 15 2
637 16 1
211 17 1
275 17 2
333 17 1
477 17 1
569 17 1
600 17 1
620 17 1
3 18 1
411 18 1
575 18 1
604 18 1
987 18 1
988 18 1
9 19 1
412 19 1
451 19 1
453 19 1
474 19 1
420 20 1
609 20 1
924 20 1
925 20 1
951 20 1
55 21 2
163 21 1
298 21 1
329 21 1
800 21 1
90 22 1
60 23 1
72 23 1
152 23 1
197 23 1
513 23 1
573 23 1
63 24 2
409 24 1
861 24 1
862 24 1
77 25 1
78 25 1
236 25 1
255 25 3
328 25 1
343 25 1
744 25 1
745 25 1
397 26 1
943 26 1
93 27 1
167 27 1
610 27 1
137 28 1
679 28 1
680 28 1
681 28 1
789 29 1
35 30 1
315 30 1
134 31 1
342 31 1
353 31 1
765 31 1
33 32 1
44 32 1
32 33 1
44 33 1
248 34 1
30 35 1
181 35 1
315 35 3
37 36 1
38 36 1
135 36 1
716 36 1
36 37 1
38 37 1
135 37 1
716 37 1
36 38 1
37 38 1
135 38 1
716 38 1
58 39 1
1 40 1
41 40 1
1 41 1
40 41 1
71 42 1
297 42 1
302 42 1
860 42 1
80 43 1
644 43 1
950 43 1
32 44 1
33 44 1
524 45 1
87 46 1
138 46 1
327 46 1
386 47 1
522 47 1
965 47 1
966 47 1
967 47 1
416 48 1
441 48 1
257 49 1
415 49 1
548 49 1
290 50 1
301 50 1
574 50 1
13 51 1
14 51 1
15 51 1
637 51 1
2 52 1
62 52 1
479 52 1
303 53 1
321 53 1
100 54 1
21 55 2
119 55 1
163 55 4
180 55 1
211 55 1
298 55 3
329 55 1
800 55 2
175 56 2
179 56 1
401 56 2
674 56 1
717 56 1
718 56 2
795 56 1
224 57 1
572 57 1
39 58 1
361 59 1
362 59 1
23 60 1
197 60 1
77 61 1
102 61 1
111 61 1
115 61 1
122 61 2
154 61 1
169 61 1
174 61 1
446 61 1
653 61 1
748 61 2
749 61 1
773 61 1
871 61 1
2 62 2
15 62 1
52 62 1
79 62 1
95 62 1
116 62 1
189 62 1
229 62 1
479 62 1
556 62 1
592 62 1
593 62 1
611 62 1
619 62 1
637 62 1
886 62 1
24 63 2
409 63 1
425 63 1
861 63 1
862 63 1
88 64 1
147 64 1
232 64 1
478 64 3
547 64 1
576 64 1
640 64 1
761 64 2
277 65 1
322 65 1
326 65 1
526 65 1
648 65 1
220 66 1
400 66 1
806 66 1
145 67 1
743 67 1
307 68 1
165 69 1
199 69 1
413 70 1
457 70 1
42 71 1
297 71 1
302 71 1
860 71 1
23 72 1
513 72 1
430 73 1
579 73 1
238 74 1
267 74 1
700 74 1
701 74 1
702 74 1
338 75 1
483 75 1
710 75 1
157 76 1
212 76 1
858 76 1
25 77 1
61 77 1
154 77 1
236 77 1
259 77 1
489 77 1
748 77 1
773 77 1
807 77 1
25 78 1
255 78 1
744 78 1
745 78 1
2 79 1
62 79 1
95 79 1
886 79 1
43 80 1
644 80 1
950 80 1
10 81 1
138 81 1
225 81 1
306 81 1
282 82 1
301 82 1
384 82 1
385 82 1
560 82 1
629 82 1
635 82 1
953 82 1
954 82 1
955 82 1
203 83 1
445 83 1
551 83 1
564 83 1
848 83 1
982 83 1
983 83 1
984 83 1
392 84 1
959 84 1
960 84 1
961 84 1
524 85 1
232 86 1
587 86 1
588 86 1
781 86 1
46 87 1
138 87 1
327 87 1
64 88 1
478 88 1
547 88 1
219 89 1
971 89 1
22 90 1
241 91 1
968 91 1
969 91 1
120 92 1
308 92 1
662 92 1
916 92 1
27 93 1
167 93 1
610 93 1
475 94 1
567 94 1
2 95 1
62 95 1
79 95 1
886 95 1
243 96 1
785 97 1
786 97 1
787 97 1
147 98 1
177 98 1
178 98 1
122 99 2
129 99 1
130 99 1
131 99 1
495 99 1
54 100 1
309 100 1
336 100 1
766 100 1
239 101 1
675 101 1
837 101 1
838 101 1
61 102 1
112 102 1
331 102 1
871 102 1
6 103 2
427 103 1
439 103 1
482 103 1
309 104 1
759 104 2
766 104 1
767 104 1
768 104 1
769 104 1
770 104 1
8 105 1
106 105 1
317 105 1
8 106 1
105 106 1
317 106 1
228 107 1
235 107 1
554 107 1
840 107 1
125 108 1
256 108 1
292 108 1
422 108 1
110 109 1
509 109 1
962 109 1
963 109 1
109 110 1
61 111 1
122 111 2
146 111 1
219 111 1
312 111 1
337 111 1
381 111 1
413 111 1
653 111 1
667 111 1
801 111 1
802 111 1
102 112 1
331 112 1
617 113 1
618 113 2
264 114 1
270 114 1
752 114 2
753 114 1
61 115 1
748 115 1
749 115 1
62 116 1
189 116 1
592 116 1
128 117 1
328 117 1
831 117 1
832 117 1
420 118 1
538 118 1
566 118 1
568 118 1
582 118 1
583 118 1
55 119 1
180 119 1
305 119 1
92 120 1
308 120 1
662 120 1
916 120 1
140 121 1
347 121 1
503 121 1
589 121 1
590 121 1
61 122 2
99 122 2
111 122 2
129 122 1
130 122 1
131 122 1
171 122 1
341 122 1
342 122 1
344 122 1
394 122 1
446 122 1
495 122 1
519 122 1
546 122 2
653 122 1
668 122 1
742 122 1
792 122 1
801 122 1
802 122 1
816 122 2
839 122 1
673 123 1
835 124 1
836 124 1
108 125 1
256 125 1
292 125 1
422 125 1
591 126 1
608 126 1
242 127 1
308 127 1
345 127 1
117 128 1
328 128 1
831 128 1
832 128 1
867 128 1
99 129 1
122 129 1
130 129 1
131 129 1
99 130 1
122 130 1
129 130 1
131 130 1
99 131 1
122 131 1
129 131 1
130 131 1
345 132 1
452 132 1
851 132 1
852 132 1
853 132 1
854 132 1
855 132 1
856 132 1
383 133 1
31 134 1
342 134 1
353 134 1
765 134 1
36 135 1
37 135 1
38 135 1
716 135 1
4 136 1
28 137 1
10 138 1
46 138 1
81 138 1
87 138 1
225 138 1
306 138 1
327 138 1
159 139 1
346 139 1
689 139 1
121 140 1
347 140 1
503 140 1
589 140 1
590 140 1
142 141 1
352 141 1
626 141 1
5 142 1
141 142 1
352 142 1
485 142 1
626 142 1
778 142 1
393 143 1
580 143 1
293 144 1
443 144 1
67 145 1
743 145 1
111 146 1
312 146 1
413 146 1
667 146 1
64 147 1
98 147 1
177 147 1
178 147 2
232 147 1
244 147 1
540 147 1
576 147 1
638 147 1
665 147 1
939 147 1
324 148 1
925 148 1
418 149 1
450 149 1
453 149 1
722 149 1
226 150 1
313 150 1
630 150 3
793 150 1
543 151 1
565 151 1
569 151 1
938 151 1
23 152 1
573 152 1
236 153 1
386 153 1
521 153 1
61 154 1
77 154 1
748 154 1
773 154 1
330 155 1
511 155 1
699 156 1
76 157 1
212 157 1
858 157 1
190 158 1
191 158 1
199 158 1
410 158 1
448 158 1
139 159 1
346 159 1
689 159 1
406 160 1
421 160 1
423 160 1
230 161 2
318 161 1
531 162 1
532 162 1
533 162 1
21 163 1
55 163 4
211 163 1
298 163 3
800 163 2
808 164 1
69 165 1
199 165 1
308 166 1
446 166 1
658 166 1
27 167 1
93 167 1
610 167 1
271 168 1
290 168 1
357 168 1
550 168 1
989 168 1
61 169 1
174 169 1
890 170 1
122 171 1
546 171 1
816 171 1
206 172 1
492 172 1
493 172 1
898 172 1
899 172 1
900 172 1
605 173 1
606 173 1
61 174 1
169 174 1
56 175 2
179 175 1
401 175 2
674 175 1
717 175 1
718 175 2
795 175 1
301 176 1
378 176 1
485 176 1
98 177 1
147 177 1
178 177 2
426 177 1
98 178 1
147 178 2
177 178 2
244 178 1
426 178 1
56 179 1
175 179 1
401 179 1
718 179 1
795 179 1
55 180 1
119 180 1
35 181 1
315 181 1
9 182 1
208 182 1
523 182 1
533 182 1
612 182 1
849 182 1
278 183 1
444 183 1
809 183 1
222 184 1
301 184 1
574 184 1
219 185 1
381 185 1
466 186 1
515 186 1
705 186 1
790 186 1
374 187 1
375 187 1
774 188 1
775 188 1
776 188 1
62 189 1
116 189 1
592 189 1
158 190 1
191 190 1
158 191 1
190 191 1
193 192 1
192 193 1
630 194 1
632 194 1
923 194 1
448 195 1
712 196 1
713 196 1
23 197 1
60 197 1
202 198 1
204 198 1
69 199 1
158 199 1
165 199 1
410 199 1
448 199 1
248 200 1
521 200 1
242 201 1
345 201 1
198 202 1
204 202 1
83 203 1
564 203 1
982 203 1
983 203 1
984 203 1
198 204 1
202 204 1
356 205 1
571 205 2
12 206 2
172 206 1
293 206 1
377 206 1
487 206 1
492 206 1
493 206 1
613 206 1
622 206 1
625 206 1
627 206 2
646 206 1
666 206 1
898 206 1
899 206 1
900 206 1
926 206 1
466 207 1
940 207 1
182 208 1
523 208 1
210 209 1
328 209 1
932 209 1
933 209 1
934 209 1
935 209 1
936 209 1
937 209 1
209 210 1
328 210 1
932 210 1
933 210 1
934 210 1
935 210 1
936 210 1
937 210 1
17 211 1
55 211 1
163 211 1
275 211 1
298 211 1
600 211 1
620 211 1
691 211 1
76 212 1
157 212 1
858 212 1
221 213 1
360 213 1
461 213 1
507 213 2
508 213 1
829 213 1
351 214 1
377 214 1
388 214 1
530 214 1
557 214 1
558 214 1
868 214 1
869 214 1
870 214 1
217 215 1
754 215 1
746 216 1
747 216 1
791 216 1
215 217 1
754 217 1
706 218 1
707 218 1
708 218 1
89 219 1
111 219 1
185 219 1
224 219 1
286 219 1
337 219 1
381 219 2
971 219 1
66 220 1
400 220 1
806 220 1
213 221 1
461 221 1
507 221 1
829 221 1
184 222 1
301 222 1
574 222 1
372 223 1
893 223 1
894 223 1
57 224 1
219 224 1
286 224 1
367 224 1
501 224 1
502 224 1
555 224 1
572 224 1
703 224 2
10 225 1
81 225 1
138 225 1
306 225 1
150 226 1
630 226 1
561 227 1
647 227 1
107 228 1
554 228 1
15 229 1
62 229 1
611 229 1
637 229 1
161 230 2
318 230 1
237 231 1
64 232 1
86 232 1
147 232 1
268 232 1
576 232 1
587 232 1
588 232 1
781 232 1
857 232 1
694 233 1
307 234 1
757 234 1
758 234 1
107 235 1
25 236 1
77 236 1
153 236 1
345 236 2
386 236 1
514 236 1
518 236 1
521 236 1
730 236 1
755 236 2
794 236 1
863 236 1
231 237 1
490 237 1
74 238 1
267 238 1
700 238 1
701 238 1
702 238 1
101 239 1
675 239 1
837 239 1
838 239 1
250 240 1
251 240 3
262 240 2
470 240 1
486 240 1
729 240 1
803 240 1
850 240 1
91 241 1
968 241 1
969 241 1
127 242 1
201 242 1
308 242 1
345 242 2
96 243 1
147 244 1
178 244 1
462 245 1
735 245 1
736 245 1
866 246 1
294 247 1
295 247 1
370 247 1
34 248 1
200 248 1
480 248 1
521 248 1
525 248 2
639 248 1
902 248 1
446 249 1
240 250 1
251 250 1
240 251 3
250 251 1
262 251 1
486 251 1
850 251 1
359 252 1
649 252 1
676 252 1
931 252 1
387 253 1
500 253 1
709 253 1
692 254 1
693 254 1
25 255 3
78 255 1
328 255 1
615 255 1
744 255 1
745 255 1
108 256 1
125 256 1
292 256 1
422 256 1
49 257 1
415 257 1
548 257 1
335 258 1
948 258 1
77 259 1
654 260 1
690 260 1
311 261 1
859 261 1
240 262 2
251 262 1
470 262 1
486 262 1
803 262 1
850 262 1
721 263 1
114 264 1
270 264 1
752 264 1
753 264 1
358 265 1
369 265 1
607 266 1
944 266 1
945 266 1
946 266 1
74 267 1
238 267 1
700 267 1
701 267 1
702 267 1
232 268 1
857 268 1
796 269 1
114 270 1
264 270 1
752 270 1
753 270 1
168 271 1
290 271 1
357 271 1
418 271 1
436 271 1
438 271 1
506 271 1
524 271 2
534 271 1
535 271 1
797 271 1
989 271 1
273 272 1
272 273 1
286 274 1
320 274 1
909 274 1
17 275 2
211 275 1
333 275 1
334 275 1
477 275 1
569 275 1
600 275 1
620 275 1
645 275 1
947 275 1
980 275 1
981 275 1
714 276 1
715 276 1
65 277 1
322 277 1
326 277 1
526 277 1
648 277 1
183 278 1
444 278 1
809 278 1
280 279 1
279 280 1
368 281 1
695 281 1
82 282 1
299 282 1
301 282 2
384 282 1
385 282 1
496 282 1
529 282 1
560 282 1
629 282 1
635 282 1
953 282 1
954 282 1
955 282 1
407 283 1
408 283 1
417 283 1
285 284 1
398 284 1
284 285 1
398 285 1
219 286 1
224 286 1
274 286 1
288 286 1
290 286 1
314 286 1
319 286 2
320 286 1
323 286 1
760 286 2
761 286 1
762 286 2
903 286 1
909 286 1
290 287 1
356 287 1
818 287 1
286 288 1
290 288 1
314 288 1
300 289 1
301 289 1
428 289 1
496 289 1
529 289 1
50 290 1
168 290 1
271 290 1
286 290 1
287 290 1
288 290 1
301 290 4
314 290 1
356 290 3
357 290 1
496 290 1
574 290 1
817 290 1
818 290 1
989 290 1
804 291 1
805 291 1
108 292 1
125 292 1
256 292 1
422 292 1
12 293 1
144 293 1
206 293 1
443 293 1
448 293 1
460 293 1
666 293 1
247 294 1
295 294 1
370 294 1
247 295 1
294 295 1
370 295 1
543 296 1
597 296 1
42 297 1
71 297 1
302 297 1
366 297 1
682 297 1
860 297 1
21 298 1
55 298 3
163 298 3
211 298 1
800 298 1
282 299 1
301 299 1
496 299 1
529 299 1
289 300 1
301 300 1
428 300 1
496 300 1
529 300 1
50 301 1
82 301 1
176 301 1
184 301 1
222 301 1
282 301 2
289 301 1
290 301 4
299 301 1
300 301 1
314 301 1
356 301 2
377 301 1
378 301 1
384 301 1
385 301 1
428 301 1
485 301 1
496 301 4
512 301 1
529 301 2
560 301 1
574 301 2
629 301 1
635 301 1
953 301 1
954 301 1
955 301 1
42 302 1
71 302 1
297 302 1
860 302 1
53 303 1
332 304 1
956 304 1
119 305 1
10 306 1
81 306 1
138 306 1
225 306 1
68 307 1
234 307 1
757 307 1
758 307 1
92 308 1
120 308 1
127 308 1
166 308 1
242 308 1
345 308 1
446 308 1
658 308 1
662 308 1
916 308 1
100 309 1
104 309 1
336 309 1
759 309 1
766 309 2
767 309 1
768 309 1
769 309 1
770 309 1
883 310 1
261 311 1
859 311 1
111 312 1
146 312 1
413 312 1
667 312 1
150 313 1
630 313 1
286 314 1
288 314 1
290 314 1
301 314 1
377 314 1
496 314 1
512 314 1
30 315 1
35 315 3
181 315 1
325 316 1
624 316 1
922 316 1
8 317 1
105 317 1
106 317 1
161 318 1
230 318 1
286 319 2
323 319 1
903 319 1
274 320 1
286 320 1
909 320 1
53 321 1
65 322 1
277 322 1
326 322 1
526 322 1
648 322 1
286 323 1
319 323 1
903 323 1
148 324 1
925 324 1
316 325 1
624 325 1
922 325 1
65 326 1
277 326 1
322 326 1
526 326 1
648 326 1
46 327 1
87 327 1
138 327 1
25 328 1
117 328 1
128 328 1
209 328 1
210 328 1
255 328 1
831 328 1
832 328 1
932 328 1
933 328 1
934 328 1
935 328 1
936 328 1
937 328 1
21 329 1
55 329 1
155 330 1
511 330 1
102 331 1
112 331 1
304 332 1
956 332 1
17 333 1
275 333 1
477 333 1
569 333 1
275 334 1
377 334 1
378 334 1
395 334 1
512 334 1
645 334 3
947 334 2
949 334 1
980 334 1
981 334 1
258 335 1
100 336 1
309 336 1
766 336 1
111 337 1
219 337 1
381 337 1
75 338 1
483 338 1
710 338 1
444 339 1
884 339 1
616 340 1
887 340 1
888 340 1
122 341 1
342 341 1
668 341 1
31 342 1
122 342 1
134 342 1
341 342 1
353 342 2
650 342 2
651 342 2
652 342 1
668 342 1
765 342 3
798 342 1
799 342 1
25 343 1
485 343 1
122 344 1
127 345 1
132 345 1
201 345 1
236 345 2
242 345 2
308 345 1
755 345 1
851 345 1
863 345 1
139 346 1
159 346 1
413 346 1
677 346 1
689 346 1
121 347 1
140 347 1
503 347 1
589 347 1
590 347 1
2 348 1
669 348 1
463 349 1
559 349 1
447 350 1
214 351 1
530 351 1
557 351 1
558 351 1
141 352 1
142 352 1
626 352 1
31 353 1
134 353 1
342 353 2
765 353 2
798 353 1
799 353 1
355 354 1
419 354 1
917 354 1
918 354 1
919 354 1
354 355 1
419 355 2
917 355 2
918 355 2
919 355 1
205 356 1
287 356 1
290 356 3
301 356 2
818 356 1
168 357 1
271 357 1
290 357 1
505 357 1
566 357 1
683 357 1
684 357 1
777 357 1
989 357 1
265 358 1
369 358 1
252 359 1
649 359 1
676 359 1
931 359 1
213 360 1
507 360 1
508 360 1
59 361 1
362 361 1
59 362 1
361 362 1
491 362 1
527 362 1
364 363 1
365 363 1
711 363 1
363 364 1
365 364 1
711 364 1
363 365 1
364 365 1
711 365 1
297 366 1
682 366 1
224 367 1
281 368 1
695 368 1
265 369 1
358 369 1
247 370 1
294 370 1
295 370 1
897 371 1
223 372 1
893 372 1
894 372 1
833 373 1
834 373 1
187 374 1
375 374 1
187 375 1
374 375 1
779 376 1
780 376 1
206 377 1
214 377 1
301 377 1
314 377 1
334 377 1
378 377 1
380 377 1
388 377 1
487 377 1
496 377 1
512 377 2
613 377 1
625 377 1
627 377 1
926 377 1
176 378 1
301 378 1
334 378 1
377 378 1
485 378 1
512 378 1
585 378 1
586 378 1
603 378 1
437 379 1
741 379 1
377 380 1
111 381 1
185 381 1
219 381 2
337 381 1
510 382 1
133 383 1
82 384 1
282 384 1
301 384 1
385 384 1
560 384 1
629 384 1
635 384 1
953 384 1
954 384 1
955 384 1
82 385 1
282 385 1
301 385 1
384 385 1
560 385 1
629 385 1
635 385 1
953 385 1
954 385 1
955 385 1
47 386 1
153 386 1
236 386 1
521 386 1
522 386 1
633 386 1
964 386 1
965 386 1
966 386 1
967 386 1
986 386 1
253 387 1
499 387 1
500 387 1
709 387 1
214 388 1
377 388 1
392 389 1
479 389 1
562 389 1
391 390 1
390 391 1
84 392 1
389 392 1
562 392 1
598 392 2
959 392 1
960 392 1
961 392 1
143 393 1
580 393 1
122 394 1
742 394 1
334 395 1
645 395 1
949 395 1
466 396 1
613 396 1
26 397 1
943 397 1
284 398 1
285 398 1
488 399 1
658 399 1
66 400 1
220 400 1
806 400 1
56 401 2
175 401 2
179 401 1
674 401 1
717 401 1
718 401 2
795 401 1
403 402 1
404 402 1
405 402 1
402 403 1
404 403 1
405 403 1
402 404 1
403 404 1
405 404 1
402 405 1
403 405 1
404 405 1
160 406 1
421 406 1
423 406 1
283 407 1
408 407 1
417 407 1
283 408 1
407 408 1
417 408 1
24 409 1
63 409 1
861 409 1
158 410 1
199 410 1
448 410 1
3 411 1
18 411 1
575 411 1
604 411 1
987 411 1
988 411 1
9 412 1
19 412 1
451 412 1
453 412 1
474 412 1
70 413 1
111 413 1
146 413 1
312 413 1
346 413 1
457 413 1
667 413 1
677 413 1
952 413 1
429 414 1
466 414 1
876 414 1
877 414 1
49 415 1
257 415 1
548 415 1
48 416 1
441 416 1
283 417 1
407 417 1
408 417 1
149 418 1
271 418 1
450 418 1
451 418 1
453 418 1
722 418 1
797 418 1
825 418 1
826 418 1
827 418 1
828 418 1
354 419 1
355 419 2
917 419 2
918 419 2
919 419 1
20 420 1
118 420 1
435 420 2
467 420 2
468 420 2
472 420 1
473 420 1
477 420 2
538 420 3
577 420 1
582 420 3
583 420 1
609 420 1
678 420 2
764 420 1
951 420 1
160 421 1
406 421 1
423 421 1
108 422 1
125 422 1
256 422 1
292 422 1
160 423 1
406 423 1
421 423 1
737 424 1
738 424 1
739 424 1
740 424 1
63 425 1
177 426 1
178 426 1
6 427 1
103 427 1
439 427 1
482 427 1
289 428 1
300 428 1
301 428 1
496 428 2
529 428 1
602 428 1
928 428 1
929 428 1
414 429 1
466 429 1
73 430 1
498 430 1
563 430 1
579 430 1
631 430 1
885 430 1
448 431 1
985 431 1
643 432 1
434 433 1
696 433 1
697 433 1
698 433 1
433 434 1
696 434 1
697 434 1
698 434 1
420 435 2
477 435 2
538 435 2
577 435 1
582 435 2
678 435 2
911 435 1
912 435 1
913 435 1
914 435 1
271 436 1
379 437 1
741 437 1
271 438 1
506 438 1
6 439 1
103 439 1
427 439 1
482 439 1
520 440 1
541 440 1
48 441 1
416 441 1
904 442 1
905 442 1
906 442 1
144 443 1
293 443 1
11 444 2
183 444 1
278 444 1
339 444 1
809 444 1
884 444 1
83 445 1
551 445 1
848 445 1
61 446 1
122 446 1
166 446 1
249 446 1
308 446 1
658 446 1
350 447 1
158 448 1
195 448 1
199 448 1
293 448 1
410 448 1
431 448 1
460 448 1
985 448 1
458 449 1
564 449 1
623 449 1
149 450 1
418 450 1
453 450 1
722 450 1
9 451 1
19 451 1
412 451 1
418 451 1
453 451 1
474 451 1
825 451 1
826 451 1
827 451 1
828 451 1
132 452 1
852 452 1
853 452 1
854 452 1
855 452 1
856 452 1
9 453 1
19 453 1
149 453 1
412 453 1
418 453 1
450 453 1
451 453 1
474 453 1
722 453 1
788 454 1
456 455 1
455 456 1
70 457 1
413 457 1
476 457 1
449 458 1
564 458 1
464 459 1
891 459 1
293 460 1
448 460 1
213 461 1
221 461 1
507 461 1
829 461 1
245 462 1
735 462 1
736 462 1
349 463 1
559 463 1
459 464 1
891 464 1
553 465 1
910 465 1
186 466 1
207 466 1
396 466 1
414 466 1
429 466 1
515 466 2
613 466 1
614 466 1
704 466 1
705 466 3
790 466 2
940 466 1
420 467 2
468 467 2
472 467 1
473 467 1
764 467 1
420 468 2
467 468 2
472 468 1
473 468 1
764 468 1
581 469 1
661 469 1
830 469 1
889 469 1
240 470 1
262 470 1
803 470 1
756 471 1
420 472 1
467 472 1
468 472 1
473 472 1
420 473 1
467 473 1
468 473 1
472 473 1
9 474 1
19 474 1
412 474 1
451 474 1
453 474 1
94 475 1
567 475 1
457 476 1
17 477 1
275 477 1
333 477 1
420 477 2
435 477 2
538 477 2
569 477 1
577 477 1
582 477 2
678 477 2
64 478 3
88 478 1
547 478 1
2 479 1
52 479 1
62 479 1
389 479 1
248 480 1
516 481 1
6 482 1
103 482 1
427 482 1
439 482 1
75 483 1
338 483 1
710 483 1
763 484 1
5 485 2
142 485 1
176 485 1
301 485 1
343 485 1
378 485 1
594 485 1
778 485 2
901 485 1
240 486 1
251 486 1
262 486 1
850 486 1
206 487 1
377 487 1
613 487 1
625 487 1
627 487 1
926 487 1
399 488 1
658 488 1
77 489 1
807 489 1
237 490 1
362 491 1
527 491 1
172 492 1
206 492 1
493 492 1
898 492 1
899 492 1
900 492 1
172 493 1
206 493 1
492 493 1
898 493 1
899 493 1
900 493 1
723 494 1
724 494 1
725 494 1
726 494 1
727 494 1
728 494 1
99 495 1
122 495 1
282 496 1
289 496 1
290 496 1
299 496 1
300 496 1
301 496 4
314 496 1
377 496 1
428 496 2
512 496 1
529 496 2
602 496 1
928 496 1
929 496 1
578 497 1
430 498 1
631 498 1
387 499 1
253 500 1
387 500 1
709 500 1
224 501 1
841 501 1
842 501 1
843 501 1
844 501 1
224 502 1
121 503 1
140 503 1
347 503 1
589 503 1
590 503 1
543 504 2
915 504 2
357 505 1
566 505 1
892 505 1
271 506 1
438 506 1
213 507 2
221 507 1
360 507 1
461 507 1
508 507 1
829 507 1
213 508 1
360 508 1
507 508 1
109 509 1
962 509 1
963 509 1
382 510 1
155 511 1
330 511 1
301 512 1
314 512 1
334 512 1
377 512 2
378 512 1
496 512 1
23 513 1
72 513 1
236 514 1
186 515 1
466 515 2
705 515 2
790 515 2
481 516 1
595 516 1
549 517 1
570 517 1
236 518 1
122 519 1
816 519 1
440 520 1
153 521 1
200 521 1
236 521 1
248 521 1
386 521 1
47 522 1
386 522 1
965 522 1
966 522 1
967 522 1
182 523 1
208 523 1
45 524 1
85 524 1
271 524 2
248 525 2
639 525 1
902 525 1
65 526 1
277 526 1
322 526 1
326 526 1
648 526 1
362 527 1
491 527 1
621 528 1
930 528 1
282 529 1
289 529 1
299 529 1
300 529 1
301 529 2
428 529 1
496 529 2
214 530 1
351 530 1
557 530 1
558 530 1
162 531 1
532 531 1
533 531 1
162 532 1
531 532 1
533 532 1
9 533 1
162 533 1
182 533 1
531 533 1
532 533 1
271 534 1
535 534 1
271 535 1
534 535 1
552 536 1
687 537 1
688 537 1
118 538 1
420 538 3
435 538 2
477 538 2
577 538 1
582 538 3
583 538 1
678 538 2
821 539 2
147 540 1
638 540 1
665 540 1
939 540 1
440 541 1
543 542 1
597 542 1
151 543 1
296 543 1
504 543 2
542 543 1
565 543 1
597 543 4
915 543 3
927 543 1
545 544 1
544 545 1
122 546 2
171 546 1
816 546 1
839 546 1
64 547 1
88 547 1
478 547 1
49 548 1
257 548 1
415 548 1
517 549 1
570 549 1
168 550 1
83 551 1
445 551 1
848 551 1
536 552 1
465 553 1
910 553 1
107 554 1
228 554 1
224 555 1
62 556 1
593 556 1
619 556 1
214 557 1
351 557 1
530 557 1
558 557 1
214 558 1
351 558 1
530 558 1
557 558 1
349 559 1
463 559 1
82 560 1
282 560 1
301 560 1
384 560 1
385 560 1
629 560 1
635 560 1
953 560 1
954 560 1
955 560 1
227 561 1
647 561 1
389 562 1
392 562 1
430 563 1
885 563 1
83 564 1
203 564 1
449 564 1
458 564 1
731 564 1
732 564 1
733 564 1
734 564 1
982 564 1
983 564 1
984 564 1
151 565 1
543 565 1
118 566 1
357 566 1
505 566 1
568 566 1
94 567 1
475 567 1
118 568 1
566 568 1
17 569 1
151 569 1
275 569 1
333 569 1
477 569 1
938 569 1
517 570 1
549 570 1
205 571 2
57 572 1
224 572 1
23 573 1
152 573 1
50 574 1
184 574 1
222 574 1
290 574 1
301 574 2
3 575 1
18 575 1
411 575 1
604 575 1
987 575 1
988 575 1
7 576 1
64 576 1
147 576 1
232 576 1
420 577 1
435 577 1
477 577 1
538 577 1
582 577 1
678 577 1
497 578 1
73 579 1
430 579 1
143 580 1
393 580 1
469 581 1
661 581 1
889 581 1
118 582 1
420 582 3
435 582 2
477 582 2
538 582 3
577 582 1
583 582 1
678 582 2
118 583 1
420 583 1
538 583 1
582 583 1
628 584 1
641 584 1
660 584 1
670 584 1
671 584 1
672 584 1
920 584 1
921 584 1
378 585 1
586 585 1
603 585 1
378 586 1
585 586 1
603 586 1
86 587 1
232 587 1
588 587 1
781 587 1
86 588 1
232 588 1
587 588 1
781 588 1
121 589 1
140 589 1
347 589 1
503 589 1
590 589 1
121 590 1
140 590 1
347 590 1
503 590 1
589 590 1
126 591 1
608 591 1
907 591 1
908 591 1
62 592 1
116 592 1
189 592 1
62 593 1
556 593 1
619 593 1
5 594 1
485 594 1
778 594 1
901 594 1
516 595 1
597 596 1
957 596 1
958 596 1
296 597 1
542 597 1
543 597 4
596 597 1
915 597 1
927 597 1
957 597 1
958 597 1
392 598 2
634 599 1
17 600 1
211 600 1
275 600 1
620 600 1
642 601 1
428 602 1
496 602 1
928 602 1
929 602 1
378 603 1
585 603 1
586 603 1
3 604 1
18 604 1
411 604 1
575 604 1
987 604 1
988 604 1
173 605 1
606 605 1
173 606 1
605 606 1
266 607 1
944 607 1
945 607 1
946 607 1
126 608 1
591 608 1
20 609 1
420 609 1
951 609 1
27 610 1
93 610 1
167 610 1
15 611 1
62 611 1
229 611 1
637 611 1
182 612 1
849 612 1
206 613 1
377 613 1
396 613 1
466 613 1
487 613 1
625 613 1
627 613 1
926 613 1
466 614 1
255 615 1
340 616 1
887 616 1
888 616 1
113 617 1
618 617 1
113 618 2
617 618 1
970 618 1
62 619 1
556 619 1
593 619 1
17 620 1
211 620 1
275 620 1
600 620 1
528 621 1
930 621 1
12 622 2
206 622 1
627 622 1
646 622 1
449 623 1
316 624 1
325 624 1
922 624 1
206 625 1
377 625 1
487 625 1
613 625 1
627 625 1
926 625 1
141 626 1
142 626 1
352 626 1
12 627 1
206 627 2
377 627 1
487 627 1
613 627 1
622 627 1
625 627 1
646 627 1
926 627 1
584 628 1
670 628 1
82 629 1
282 629 1
301 629 1
384 629 1
385 629 1
560 629 1
635 629 1
953 629 1
954 629 1
955 629 1
150 630 3
194 630 1
226 630 1
313 630 1
632 630 1
793 630 1
923 630 1
430 631 1
498 631 1
194 632 1
630 632 1
923 632 1
386 633 1
964 633 1
599 634 1
82 635 1
282 635 1
301 635 1
384 635 1
385 635 1
560 635 1
629 635 1
953 635 1
954 635 1
955 635 1
656 636 1
782 636 1
783 636 1
784 636 1
13 637 1
14 637 1
15 637 2
16 637 1
51 637 1
62 637 1
229 637 1
611 637 1
147 638 1
540 638 1
665 638 1
939 638 1
248 639 1
525 639 1
64 640 1
584 641 1
920 641 1
921 641 1
601 642 1
432 643 1
43 644 1
80 644 1
950 644 1
275 645 1
334 645 3
395 645 1
947 645 1
949 645 1
980 645 1
981 645 1
12 646 1
206 646 1
622 646 1
627 646 1
227 647 1
561 647 1
65 648 1
277 648 1
322 648 1
326 648 1
526 648 1
252 649 1
359 649 1
676 649 1
931 649 1
342 650 2
651 650 2
652 650 1
765 650 1
342 651 2
650 651 2
652 651 1
765 651 1
342 652 1
650 652 1
651 652 1
61 653 1
111 653 1
122 653 1
260 654 1
690 654 1
810 655 1
811 655 1
636 656 1
657 656 1
685 656 1
686 656 1
782 656 1
783 656 1
784 656 1
656 657 1
685 657 1
686 657 1
166 658 1
308 658 1
399 658 1
446 658 1
488 658 1
663 659 1
664 659 1
878 659 1
879 659 1
880 659 1
881 659 1
882 659 1
584 660 1
671 660 1
672 660 1
469 661 1
581 661 1
889 661 1
92 662 1
120 662 1
308 662 1
916 662 1
659 663 1
664 663 1
878 663 1
879 663 1
880 663 1
881 663 1
882 663 1
659 664 1
663 664 1
878 664 1
879 664 1
880 664 1
881 664 1
882 664 1
147 665 1
540 665 1
638 665 1
939 665 1
12 666 1
206 666 1
293 666 1
111 667 1
146 667 1
312 667 1
413 667 1
122 668 1
341 668 1
342 668 1
2 669 1
348 669 1
584 670 1
628 670 1
584 671 1
660 671 1
672 671 1
584 672 1
660 672 1
671 672 1
123 673 1
56 674 1
175 674 1
401 674 1
717 674 1
718 674 1
101 675 1
239 675 1
837 675 1
838 675 1
252 676 1
359 676 1
649 676 1
931 676 1
346 677 1
413 677 1
420 678 2
435 678 2
477 678 2
538 678 2
577 678 1
582 678 2
28 679 1
680 679 1
681 679 1
28 680 1
679 680 1
681 680 1
28 681 1
679 681 1
680 681 1
297 682 1
366 682 1
357 683 1
684 683 1
357 684 1
683 684 1
656 685 1
657 685 1
686 685 1
656 686 1
657 686 1
685 686 1
537 687 1
688 687 1
537 688 1
687 688 1
139 689 1
159 689 1
346 689 1
260 690 1
654 690 1
211 691 1
254 692 1
693 692 1
254 693 1
692 693 1
233 694 1
281 695 1
368 695 1
433 696 1
434 696 1
697 696 1
698 696 1
433 697 1
434 697 1
696 697 1
698 697 1
433 698 1
434 698 1
696 698 1
697 698 1
156 699 1
74 700 1
238 700 1
267 700 1
701 700 1
702 700 1
74 701 1
238 701 1
267 701 1
700 701 1
702 701 1
74 702 1
238 702 1
267 702 1
700 702 1
701 702 1
224 703 2
466 704 1
705 704 1
186 705 1
466 705 3
515 705 2
704 705 1
790 705 2
218 706 1
707 706 1
708 706 1
218 707 1
706 707 1
708 707 1
218 708 1
706 708 1
707 708 1
253 709 1
387 709 1
500 709 1
75 710 1
338 710 1
483 710 1
363 711 1
364 711 1
365 711 1
196 712 1
713 712 1
196 713 1
712 713 1
276 714 1
715 714 1
276 715 1
714 715 1
36 716 1
37 716 1
38 716 1
135 716 1
56 717 1
175 717 1
401 717 1
674 717 1
718 717 1
56 718 2
175 718 2
179 718 1
401 718 2
674 718 1
717 718 1
795 718 1
720 719 1
719 720 1
263 721 1
149 722 1
418 722 1
450 722 1
453 722 1
494 723 1
724 723 1
725 723 1
726 723 1
727 723 1
728 723 1
494 724 1
723 724 1
725 724 1
726 724 1
727 724 1
728 724 1
494 725 1
723 725 1
724 725 1
726 725 1
727 725 1
728 725 1
494 726 1
723 726 1
724 726 1
725 726 1
727 726 1
728 726 1
494 727 1
723 727 1
724 727 1
725 727 1
726 727 1
728 727 1
494 728 1
723 728 1
724 728 1
725 728 1
726 728 1
727 728 1
240 729 1
236 730 1
564 731 1
732 731 1
733 731 1
734 731 1
564 732 1
731 732 1
733 732 1
734 732 1
564 733 1
731 733 1
732 733 1
734 733 1
564 734 1
731 734 1
732 734 1
733 734 1
245 735 1
462 735 1
736 735 1
245 736 1
462 736 1
735 736 1
424 737 1
738 737 1
739 737 1
740 737 1
424 738 1
737 738 1
739 738 1
740 738 1
424 739 1
737 739 1
738 739 1
740 739 1
424 740 1
737 740 1
738 740 1
739 740 1
379 741 1
437 741 1
122 742 1
394 742 1
67 743 1
145 743 1
25 744 1
78 744 1
255 744 1
745 744 1
25 745 1
78 745 1
255 745 1
744 745 1
216 746 1
747 746 1
216 747 1
746 747 1
61 748 2
77 748 1
115 748 1
154 748 1
749 748 1
773 748 1
61 749 1
115 749 1
748 749 1
751 750 1
750 751 1
114 752 2
264 752 1
270 752 1
753 752 1
114 753 1
264 753 1
270 753 1
752 753 1
215 754 1
217 754 1
236 755 2
345 755 1
471 756 1
234 757 1
307 757 1
758 757 1
234 758 1
307 758 1
757 758 1
104 759 2
309 759 1
766 759 1
767 759 1
768 759 1
769 759 1
770 759 1
286 760 2
761 760 1
762 760 1
64 761 2
286 761 1
760 761 1
762 761 1
286 762 2
760 762 1
761 762 1
484 763 1
420 764 1
467 764 1
468 764 1
31 765 1
134 765 1
342 765 3
353 765 2
650 765 1
651 765 1
798 765 1
799 765 1
100 766 1
104 766 1
309 766 2
336 766 1
759 766 1
767 766 1
768 766 1
769 766 1
770 766 1
104 767 1
309 767 1
759 767 1
766 767 1
768 767 1
769 767 1
770 767 1
104 768 1
309 768 1
759 768 1
766 768 1
767 768 1
769 768 1
770 768 1
104 769 1
309 769 1
759 769 1
766 769 1
767 769 1
768 769 1
770 769 1
104 770 1
309 770 1
759 770 1
766 770 1
767 770 1
768 770 1
769 770 1
772 771 1
771 772 1
61 773 1
77 773 1
154 773 1
748 773 1
188 774 1
775 774 1
776 774 1
188 775 1
774 775 1
776 775 1
188 776 1
774 776 1
775 776 1
357 777 1
5 778 2
142 778 1
485 778 2
594 778 1
901 778 1
376 779 1
780 779 1
376 780 1
779 780 1
86 781 1
232 781 1
587 781 1
588 781 1
636 782 1
656 782 1
783 782 1
784 782 1
636 783 1
656 783 1
782 783 1
784 783 1
636 784 1
656 784 1
782 784 1
783 784 1
97 785 1
786 785 1
787 785 1
97 786 1
785 786 1
787 786 1
97 787 1
785 787 1
786 787 1
454 788 1
29 789 1
186 790 1
466 790 2
515 790 2
705 790 2
216 791 1
122 792 1
150 793 1
630 793 1
236 794 1
56 795 1
175 795 1
179 795 1
401 795 1
718 795 1
269 796 1
271 797 1
418 797 1
342 798 1
353 798 1
765 798 1
799 798 1
342 799 1
353 799 1
765 799 1
798 799 1
21 800 1
55 800 2
163 800 2
298 800 1
111 801 1
122 801 1
802 801 1
111 802 1
122 802 1
801 802 1
240 803 1
262 803 1
470 803 1
291 804 1
805 804 1
291 805 1
804 805 1
66 806 1
220 806 1
400 806 1
77 807 1
489 807 1
164 808 1
183 809 1
278 809 1
444 809 1
655 810 1
811 810 1
655 811 1
810 811 1
813 812 1
814 812 1
815 812 1
812 813 1
814 813 1
815 813 1
812 814 1
813 814 1
815 814 1
812 815 1
813 815 1
814 815 1
122 816 2
171 816 1
519 816 1
546 816 1
290 817 1
287 818 1
290 818 1
356 818 1
820 819 1
819 820 1
539 821 2
823 822 1
824 822 1
822 823 1
824 823 1
822 824 1
823 824 1
418 825 1
451 825 1
826 825 1
827 825 1
828 825 1
418 826 1
451 826 1
825 826 1
827 826 1
828 826 1
418 827 1
451 827 1
825 827 1
826 827 1
828 827 1
418 828 1
451 828 1
825 828 1
826 828 1
827 828 1
213 829 1
221 829 1
461 829 1
507 829 1
469 830 1
117 831 1
128 831 1
328 831 1
832 831 1
117 832 1
128 832 1
328 832 1
831 832 1
373 833 1
834 833 1
373 834 1
833 834 1
124 835 1
836 835 1
124 836 1
835 836 1
101 837 1
239 837 1
675 837 1
838 837 1
101 838 1
239 838 1
675 838 1
837 838 1
122 839 1
546 839 1
107 840 1
501 841 1
842 841 1
843 841 1
844 841 1
501 842 1
841 842 1
843 842 1
844 842 1
501 843 1
841 843 1
842 843 1
844 843 1
501 844 1
841 844 1
842 844 1
843 844 1
846 845 1
847 845 1
845 846 1
847 846 1
845 847 1
846 847 1
83 848 1
445 848 1
551 848 1
182 849 1
612 849 1
240 850 1
251 850 1
262 850 1
486 850 1
132 851 1
345 851 1
132 852 1
452 852 1
853 852 1
854 852 1
855 852 1
856 852 1
132 853 1
452 853 1
852 853 1
854 853 1
855 853 1
856 853 1
132 854 1
452 854 1
852 854 1
853 854 1
855 854 1
856 854 1
132 855 1
452 855 1
852 855 1
853 855 1
854 855 1
856 855 1
132 856 1
452 856 1
852 856 1
853 856 1
854 856 1
855 856 1
232 857 1
268 857 1
76 858 1
157 858 1
212 858 1
261 859 1
311 859 1
42 860 1
71 860 1
297 860 1
302 860 1
24 861 1
63 861 1
409 861 1
24 862 1
63 862 1
236 863 1
345 863 1
865 864 1
864 865 1
246 866 1
128 867 1
214 868 1
869 868 1
870 868 1
214 869 1
868 869 1
870 869 1
214 870 1
868 870 1
869 870 1
61 871 1
102 871 1
873 872 1
874 872 1
875 872 1
872 873 1
874 873 1
875 873 1
872 874 1
873 874 1
875 874 1
872 875 1
873 875 1
874 875 1
414 876 1
877 876 1
414 877 1
876 877 1
659 878 1
663 878 1
664 878 1
879 878 1
880 878 1
881 878 1
882 878 1
659 879 1
663 879 1
664 879 1
878 879 1
880 879 1
881 879 1
882 879 1
659 880 1
663 880 1
664 880 1
878 880 1
879 880 1
881 880 1
882 880 1
659 881 1
663 881 1
664 881 1
878 881 1
879 881 1
880 881 1
882 881 1
659 882 1
663 882 1
664 882 1
878 882 1
879 882 1
880 882 1
881 882 1
310 883 1
339 884 1
444 884 1
430 885 1
563 885 1
2 886 1
62 886 1
79 886 1
95 886 1
340 887 1
616 887 1
888 887 1
340 888 1
616 888 1
887 888 1
469 889 1
581 889 1
661 889 1
170 890 1
459 891 1
464 891 1
505 892 1
223 893 1
372 893 1
894 893 1
223 894 1
372 894 1
893 894 1
896 895 1
895 896 1
371 897 1
172 898 1
206 898 1
492 898 1
493 898 1
899 898 1
900 898 1
172 899 1
206 899 1
492 899 1
493 899 1
898 899 1
900 899 1
172 900 1
206 900 1
492 900 1
493 900 1
898 900 1
899 900 1
5 901 1
485 901 1
594 901 1
778 901 1
248 902 1
525 902 1
286 903 1
319 903 1
323 903 1
442 904 1
905 904 1
906 904 1
442 905 1
904 905 1
906 905 1
442 906 1
904 906 1
905 906 1
591 907 1
908 907 1
591 908 1
907 908 1
274 909 1
286 909 1
320 909 1
465 910 1
553 910 1
435 911 1
912 911 1
913 911 1
914 911 1
435 912 1
911 912 1
913 912 1
914 912 1
435 913 1
911 913 1
912 913 1
914 913 1
435 914 1
911 914 1
912 914 1
913 914 1
504 915 2
543 915 3
597 915 1
92 916 1
120 916 1
308 916 1
662 916 1
354 917 1
355 917 2
419 917 2
918 917 2
919 917 1
354 918 1
355 918 2
419 918 2
917 918 2
919 918 1
354 919 1
355 919 1
419 919 1
917 919 1
918 919 1
584 920 1
641 920 1
921 920 1
584 921 1
641 921 1
920 921 1
316 922 1
325 922 1
624 922 1
194 923 1
630 923 1
632 923 1
20 924 1
925 924 1
20 925 1
148 925 1
324 925 1
924 925 1
206 926 1
377 926 1
487 926 1
613 926 1
625 926 1
627 926 1
543 927 1
597 927 1
428 928 1
496 928 1
602 928 1
929 928 1
428 929 1
496 929 1
602 929 1
928 929 1
528 930 1
621 930 1
252 931 1
359 931 1
649 931 1
676 931 1
209 932 1
210 932 1
328 932 1
933 932 1
934 932 1
935 932 1
936 932 1
937 932 1
209 933 1
210 933 1
328 933 1
932 933 1
934 933 1
935 933 1
936 933 1
937 933 1
209 934 1
210 934 1
328 934 1
932 934 1
933 934 1
935 934 1
936 934 1
937 934 1
209 935 1
210 935 1
328 935 1
932 935 1
933 935 1
934 935 1
936 935 1
937 935 1
209 936 1
210 936 1
328 936 1
932 936 1
933 936 1
934 936 1
935 936 1
937 936 1
209 937 1
210 937 1
328 937 1
932 937 1
933 937 1
934 937 1
935 937 1
936 937 1
151 938 1
569 938 1
147 939 1
540 939 1
638 939 1
665 939 1
207 940 1
466 940 1
942 941 1
941 942 1
26 943 1
397 943 1
266 944 1
607 944 1
945 944 1
946 944 1
266 945 1
607 945 1
944 945 1
946 945 1
266 946 1
607 946 1
944 946 1
945 946 1
275 947 1
334 947 2
645 947 1
980 947 1
981 947 1
258 948 1
334 949 1
395 949 1
645 949 1
43 950 1
80 950 1
644 950 1
20 951 1
420 951 1
609 951 1
413 952 1
82 953 1
282 953 1
301 953 1
384 953 1
385 953 1
560 953 1
629 953 1
635 953 1
954 953 1
955 953 1
82 954 1
282 954 1
301 954 1
384 954 1
385 954 1
560 954 1
629 954 1
635 954 1
953 954 1
955 954 1
82 955 1
282 955 1
301 955 1
384 955 1
385 955 1
560 955 1
629 955 1
635 955 1
953 955 1
954 955 1
304 956 1
332 956 1
596 957 1
597 957 1
958 957 1
596 958 1
597 958 1
957 958 1
84 959 1
392 959 1
960 959 1
961 959 1
84 960 1
392 960 1
959 960 1
961 960 1
84 961 1
392 961 1
959 961 1
960 961 1
109 962 1
509 962 1
963 962 1
109 963 1
509 963 1
962 963 1
386 964 1
633 964 1
47 965 1
386 965 1
522 965 1
966 965 1
967 965 1
47 966 1
386 966 1
522 966 1
965 966 1
967 966 1
47 967 1
386 967 1
522 967 1
965 967 1
966 967 1
91 968 1
241 968 1
969 968 1
91 969 1
241 969 1
968 969 1
618 970 1
89 971 1
219 971 1
973 972 1
974 972 1
975 972 1
976 972 1
977 972 1
978 972 1
979 972 1
972 973 1
974 973 1
975 973 1
976 973 1
977 973 1
978 973 1
979 973 1
972 974 1
973 974 1
975 974 1
976 974 1
977 974 1
978 974 1
979 974 1
972 975 1
973 975 1
974 975 1
976 975 1
977 975 1
978 975 1
979 975 1
972 976 1
973 976 1
974 976 1
975 976 1
977 976 1
978 976 1
979 976 1
972 977 1
973 977 1
974 977 1
975 977 1
976 977 1
978 977 1
979 977 1
972 978 1
973 978 1
974 978 1
975 978 1
976 978 1
977 978 1
979 978 1
972 979 1
973 979 1
974 979 1
975 979 1
976 979 1
977 979 1
978 979 1
275 980 1
334 980 1
645 980 1
947 980 1
981 980 1
275 981 1
334 981 1
645 981 1
947 981 1
980 981 1
83 982 1
203 982 1
564 982 1
983 982 1
984 982 1
83 983 1
203 983 1
564 983 1
982 983 1
984 983 1
83 984 1
203 984 1
564 984 1
982 984 1
983 984 1
431 985 1
448 985 1
386 986 1
3 987 1
18 987 1
411 987 1
575 987 1
604 987 1
988 987 1
3 988 1
18 988 1
411 988 1
575 988 1
604 988 1
987 988 1
168 989 1
271 989 1
290 989 1
357 989 1
