338 1 1
375 1 1
1559 1 1
474 2 1
1075 2 1
957 3 1
1051 3 1
1052 3 1
1466 4 1
1475 4 1
1476 4 1
1477 4 1
183 5 1
559 5 1
1521 5 1
1522 5 1
14 6 1
133 6 1
218 6 1
319 6 1
324 6 1
333 6 1
344 6 2
353 6 1
356 6 2
357 6 3
362 6 2
431 6 1
699 6 2
700 6 1
839 6 1
859 6 1
860 6 1
861 6 1
1162 6 1
1340 6 1
1341 6 1
361 7 1
156 8 1
219 8 2
324 8 2
334 8 3
344 8 1
357 8 1
361 8 1
394 8 1
409 8 2
440 8 2
444 8 1
445 8 3
474 8 1
476 8 1
497 8 1
508 8 3
531 8 3
543 8 1
552 8 1
639 8 1
640 8 1
717 8 2
842 8 1
860 8 2
910 8 1
911 8 1
912 8 3
928 8 1
930 8 1
934 8 1
952 8 2
1040 8 3
1106 8 1
1116 8 1
1117 8 1
1118 8 1
1154 8 1
1231 8 2
1258 8 1
1325 8 2
1533 8 1
1534 8 1
1623 8 1
1624 8 1
1625 8 1
1626 8 1
1627 8 1
1628 8 1
1629 8 1
1694 8 1
29 9 1
49 9 1
323 9 1
338 9 2
352 9 4
412 9 5
477 9 3
785 9 6
805 9 1
950 9 1
951 9 1
1112 9 1
1142 9 1
1785 9 1
1786 9 1
1787 9 1
447 10 1
1812 10 1
1813 10 1
1814 10 1
502 11 1
1806 11 1
257 12 1
512 12 1
786 12 1
852 13 1
6 14 1
211 14 1
324 14 1
344 14 1
404 14 2
407 14 3
839 14 1
881 14 1
66 15 1
68 15 1
69 15 2
64 16 1
229 16 1
1463 16 1
1464 16 1
70 17 1
1272 17 1
230 18 2
364 18 1
1262 18 1
1263 18 1
820 19 1
539 20 1
374 21 1
710 21 1
42 22 1
72 23 1
206 23 1
318 23 1
338 23 1
1342 24 1
1343 24 1
1685 25 1
1686 25 1
1687 25 1
702 26 1
28 27 1
1345 27 1
1346 27 1
1347 27 1
27 28 1
1345 28 1
1346 28 1
1347 28 1
9 29 1
352 29 1
412 29 1
477 29 1
785 29 1
1112 29 1
1142 29 1
99 30 1
161 30 1
36 31 1
260 31 1
956 31 1
957 31 1
958 31 1
959 31 1
960 31 1
961 31 1
201 32 1
465 32 1
1041 32 1
1042 32 1
1043 32 1
194 33 1
48 34 1
510 35 1
1139 35 1
1140 35 1
31 36 1
260 36 1
261 36 1
353 36 1
396 36 1
555 36 1
914 36 1
956 36 1
957 36 1
958 36 1
959 36 1
960 36 1
961 36 1
1136 36 1
1378 36 1
1432 37 1
1433 37 1
1434 37 1
1435 37 1
1436 37 1
1437 37 1
1438 37 1
1439 37 1
169 38 1
964 39 1
965 39 1
41 40 1
178 40 1
198 40 1
718 40 1
719 40 1
40 41 1
178 41 1
198 41 1
718 41 1
719 41 1
720 41 1
22 42 1
181 42 1
48 43 1
323 43 1
338 43 1
999 43 1
65 44 1
66 44 1
67 45 1
69 46 1
469 46 1
470 46 1
701 47 1
824 47 1
34 48 1
43 48 1
323 48 1
338 48 1
429 48 1
999 48 1
9 49 1
60 49 1
180 49 1
225 49 1
247 49 1
338 49 1
352 49 1
412 49 1
785 49 1
805 49 1
66 50 1
199 50 1
325 50 1
1002 50 1
1644 50 1
315 51 1
316 51 1
317 51 1
373 52 1
1396 52 1
707 53 3
1215 53 2
1752 53 1
323 54 1
324 54 1
327 54 1
402 54 1
544 54 1
857 54 1
1289 54 1
1290 54 1
1291 54 1
1292 54 1
1293 54 1
56 55 1
55 56 1
147 57 1
148 57 2
326 57 1
421 57 1
430 57 1
451 57 1
573 57 1
575 57 1
837 57 1
838 57 1
840 57 1
74 58 1
75 58 1
587 58 1
588 58 1
589 58 1
1458 58 1
424 59 1
833 59 1
834 59 1
49 60 1
142 60 1
180 60 1
225 60 1
247 60 1
62 61 1
61 62 1
71 62 1
76 62 1
170 62 1
230 62 1
244 62 1
300 62 1
319 62 1
333 62 1
381 62 1
674 62 1
1333 62 1
1334 62 1
1335 62 1
1336 62 1
375 63 1
494 63 1
16 64 1
229 64 1
1463 64 1
1464 64 1
44 65 1
66 65 2
206 65 1
313 65 1
344 65 1
357 65 1
368 65 1
390 65 1
15 66 1
44 66 1
50 66 1
65 66 2
68 66 2
69 66 1
132 66 1
206 66 1
226 66 1
227 66 1
301 66 1
384 66 2
1022 66 1
1023 66 2
1274 66 1
1699 66 1
1700 66 1
1701 66 1
45 67 1
15 68 1
66 68 2
69 68 4
90 68 1
180 68 1
338 68 1
750 68 2
856 68 1
857 68 1
858 68 1
1631 68 1
1702 68 1
15 69 2
46 69 1
66 69 1
68 69 4
90 69 1
180 69 1
287 69 1
334 69 1
429 69 1
469 69 1
470 69 1
508 69 1
582 69 2
615 69 1
659 69 1
750 69 3
751 69 1
889 69 1
890 69 1
1134 69 2
1135 69 1
1193 69 1
1214 69 1
1631 69 2
1702 69 1
17 70 1
86 70 1
111 70 1
130 70 2
138 70 1
143 70 1
206 70 1
210 70 4
322 70 1
364 70 1
378 70 1
389 70 1
391 70 1
404 70 1
809 70 1
820 70 1
823 70 2
1128 70 1
1272 70 1
1710 70 1
1811 70 1
62 71 1
170 71 1
230 71 1
244 71 1
300 71 1
319 71 1
333 71 1
674 71 1
1333 71 1
1334 71 1
1335 71 1
1336 71 1
23 72 1
206 72 1
338 72 1
1724 73 2
1725 73 1
1726 73 1
58 74 1
75 74 1
58 75 1
74 75 1
62 76 1
381 76 1
807 77 1
621 78 1
1793 78 1
230 79 1
300 79 1
319 79 1
360 79 1
417 79 1
672 79 1
673 79 1
674 79 1
675 79 1
646 80 1
460 81 1
461 81 1
462 81 1
835 81 1
163 82 1
166 82 1
270 82 1
1296 82 2
119 83 1
572 83 1
1344 83 1
1169 84 1
1170 84 1
1171 84 1
573 85 1
574 85 1
655 85 1
70 86 1
130 86 1
143 86 1
210 86 1
1710 86 1
88 87 1
87 88 1
90 89 2
456 89 2
457 89 1
585 89 1
1172 89 2
1823 89 1
68 90 1
69 90 1
89 90 2
287 90 1
456 90 2
457 90 1
585 90 1
750 90 1
1172 90 2
1251 90 1
1823 90 1
409 91 1
605 91 1
127 92 1
728 92 1
104 93 1
346 93 1
684 94 1
685 94 1
102 95 1
120 95 1
121 95 1
1419 95 1
369 96 1
370 96 1
1168 96 1
98 97 1
848 97 1
97 98 1
848 98 1
30 99 1
309 100 1
428 100 1
1085 100 1
1086 100 1
1087 100 1
479 101 1
508 101 2
1105 101 2
95 102 1
120 102 1
121 102 1
1419 102 1
152 103 1
204 103 1
263 103 1
1212 103 1
1394 103 1
1543 103 1
93 104 1
346 104 1
106 105 1
1137 105 1
105 106 1
1137 106 1
122 107 1
1247 107 1
109 108 1
125 108 1
126 108 1
1562 108 1
1563 108 1
108 109 1
125 109 1
126 109 1
1562 109 1
1563 109 1
586 110 1
70 111 1
210 111 1
322 111 1
391 111 1
820 111 1
823 111 1
268 112 1
339 112 1
1544 113 1
1545 113 1
1546 113 1
1547 113 1
115 114 1
1216 114 1
1217 114 1
114 115 1
1216 115 1
1217 115 1
1401 116 1
1402 116 1
1403 116 1
1404 116 1
118 117 1
119 117 2
572 117 3
920 117 1
921 117 1
1196 117 1
1197 117 1
1198 117 1
1356 117 1
117 118 1
572 118 1
920 118 1
921 118 1
83 119 1
117 119 2
572 119 9
920 119 1
1196 119 1
1197 119 1
1198 119 1
1344 119 1
1356 119 1
1379 119 1
1392 119 1
1393 119 1
95 120 1
102 120 1
121 120 1
1419 120 1
95 121 1
102 121 1
120 121 1
1419 121 1
107 122 1
1247 122 1
276 123 1
156 124 1
172 124 1
1024 124 1
1025 124 1
1026 124 1
108 125 1
109 125 1
126 125 1
1562 125 1
1563 125 1
108 126 1
109 126 1
125 126 1
1562 126 1
1563 126 1
92 127 1
728 127 1
1318 128 1
1319 128 1
382 129 1
1824 129 1
1825 129 1
70 130 2
86 130 1
143 130 1
210 130 1
364 130 1
809 130 1
1710 130 1
1299 131 1
1300 131 1
1301 131 1
1794 131 1
1795 131 1
1796 131 1
1797 131 1
66 132 1
6 133 1
330 133 1
353 133 1
356 133 1
357 133 1
362 133 1
1485 133 1
1486 133 1
1487 133 1
963 134 1
341 135 1
525 135 1
729 135 1
359 136 1
185 137 1
1277 137 1
1278 137 1
70 138 1
210 138 1
823 138 1
433 139 1
560 139 1
1050 139 1
1420 139 1
1421 139 1
141 140 1
140 141 1
60 142 1
70 143 1
86 143 1
130 143 1
210 143 1
1710 143 1
286 144 1
287 144 3
297 144 1
312 144 1
1149 144 1
1380 144 1
1696 144 2
1697 144 1
1698 144 1
1801 144 1
1802 144 1
1803 144 1
1804 144 1
1805 144 1
441 145 1
448 145 1
467 145 1
468 145 1
308 146 2
57 147 1
148 147 1
326 147 1
430 147 1
573 147 1
575 147 1
840 147 1
57 148 2
147 148 1
158 148 3
231 148 2
232 148 1
233 148 1
239 148 1
241 148 1
242 148 1
326 148 1
421 148 1
430 148 1
573 148 1
575 148 1
840 148 1
1807 148 1
1808 148 1
324 149 1
262 150 1
423 150 1
754 151 1
782 151 1
103 152 1
1543 152 1
186 153 1
1265 153 1
156 154 1
196 154 1
529 154 1
1218 154 1
1219 154 1
903 155 1
904 155 1
8 156 1
124 156 1
154 156 1
172 156 3
196 156 1
219 156 1
487 156 1
529 156 1
756 156 1
1024 156 1
1025 156 1
1026 156 1
1218 156 1
1219 156 1
1340 156 1
1694 156 1
1720 156 1
265 157 1
453 157 1
1513 157 1
1514 157 1
148 158 3
231 158 1
232 158 1
233 158 1
239 158 1
241 158 1
242 158 1
506 159 2
165 160 1
30 161 1
314 162 1
352 162 2
357 162 2
1283 162 2
82 163 1
166 163 1
270 163 1
1450 164 1
1451 164 1
160 165 1
82 166 1
163 166 1
270 166 1
526 166 1
1181 167 1
1302 167 1
267 168 1
293 168 1
38 169 1
62 170 1
71 170 1
230 170 1
244 170 1
300 170 2
319 170 1
333 170 1
344 170 1
674 170 1
1283 170 1
1333 170 1
1334 170 1
1335 170 1
1336 170 1
1337 170 1
185 171 1
192 171 1
199 171 1
310 171 1
798 171 1
799 171 1
800 171 1
801 171 1
124 172 1
156 172 3
312 172 1
487 172 1
1024 172 1
1025 172 1
1026 172 1
1340 172 1
1720 172 1
891 173 1
895 173 1
896 173 1
897 173 1
898 173 1
237 174 1
256 174 1
1230 174 1
420 175 1
792 175 1
1053 176 1
1054 176 1
1060 176 1
645 177 1
646 177 1
40 178 1
41 178 1
198 178 1
718 178 1
719 178 1
1653 178 1
180 179 2
259 179 1
412 179 2
469 179 1
512 179 1
749 179 1
818 179 2
880 179 1
1084 179 2
1112 179 1
49 180 1
60 180 1
68 180 1
69 180 1
179 180 2
195 180 1
213 180 3
225 180 1
230 180 1
247 180 3
502 180 1
1119 180 1
1691 180 1
1692 180 1
1767 180 3
42 181 1
686 182 1
687 182 1
688 182 1
689 182 1
690 182 1
691 182 1
1275 182 1
1276 182 1
5 183 1
559 183 1
1521 183 1
1522 183 1
432 184 1
488 184 1
1397 184 1
1430 184 1
1431 184 1
1466 184 1
1581 184 1
1582 184 1
137 185 1
171 185 1
192 185 1
199 185 1
310 185 1
798 185 1
799 185 1
800 185 1
801 185 1
825 185 1
826 185 1
827 185 1
1259 185 1
1260 185 1
1277 185 1
1278 185 1
1532 185 1
1619 185 1
153 186 1
1265 186 1
1510 187 2
230 188 1
1491 189 1
818 190 1
1499 190 1
1500 190 1
1173 191 1
1738 191 1
171 192 1
185 192 1
199 192 1
310 192 1
798 192 1
799 192 1
800 192 1
801 192 1
377 193 1
33 194 1
286 194 1
295 194 1
297 194 1
432 194 1
573 194 1
828 194 1
1303 194 1
180 195 1
337 195 1
1244 195 1
154 196 1
156 196 1
287 196 2
338 196 4
352 196 3
529 196 2
542 196 3
608 196 1
850 196 1
851 196 2
999 196 2
1186 196 1
1187 196 1
1188 196 1
1189 196 1
1190 196 1
1191 196 1
1192 196 2
1218 196 1
1219 196 1
1523 196 1
1524 196 1
1785 196 1
386 197 1
592 197 1
40 198 1
41 198 1
178 198 1
718 198 1
719 198 1
50 199 1
171 199 1
185 199 1
192 199 1
310 199 1
325 199 1
798 199 1
799 199 1
800 199 1
801 199 1
892 200 1
893 200 1
894 200 1
32 201 1
465 201 1
480 201 1
1041 201 1
1042 201 1
1043 201 1
1313 201 1
335 202 1
332 203 1
103 204 1
263 204 1
730 204 2
731 204 1
732 204 1
733 204 1
1268 204 1
1269 204 1
1453 205 1
23 206 1
65 206 1
66 206 1
70 206 1
72 206 1
323 206 2
337 206 1
338 206 4
344 206 1
357 206 2
360 206 1
366 206 2
375 206 1
831 206 1
832 206 1
1128 206 1
1292 206 1
1537 206 1
1663 206 1
310 207 1
802 207 1
670 208 1
216 209 1
710 209 2
1281 209 1
1282 209 1
1283 209 1
1631 209 1
70 210 4
86 210 1
111 210 1
130 210 1
138 210 1
143 210 1
322 210 1
389 210 1
391 210 1
820 210 1
823 210 2
1710 210 1
1811 210 1
14 211 1
407 211 1
1466 212 1
1467 212 1
1468 212 1
1469 212 1
180 213 3
1119 213 1
215 214 1
1177 214 1
1587 214 1
214 215 1
252 215 1
304 215 1
519 215 1
1076 215 1
1177 215 1
1587 215 1
209 216 1
587 216 1
710 216 1
1282 216 1
1367 216 1
1368 216 1
1369 216 1
1370 216 1
496 217 1
6 218 1
344 218 1
357 218 1
362 218 1
8 219 2
156 219 1
756 219 1
1694 219 1
240 220 1
1551 220 1
1374 221 1
1375 221 1
1210 222 1
1211 222 1
224 223 3
235 223 3
238 223 1
243 223 1
246 223 1
249 223 1
1220 223 1
1447 223 1
223 224 3
235 224 1
238 224 1
243 224 1
246 224 1
249 224 1
1220 224 1
1447 224 1
49 225 1
60 225 1
180 225 1
247 225 1
66 226 1
227 226 1
1643 226 1
66 227 1
226 227 1
245 227 2
342 227 3
413 227 1
1061 228 1
16 229 1
64 229 1
1463 229 1
1464 229 1
18 230 2
62 230 1
71 230 1
79 230 1
170 230 1
180 230 1
188 230 1
244 230 1
255 230 1
285 230 1
300 230 2
319 230 2
333 230 1
360 230 1
364 230 1
373 230 4
417 230 1
672 230 1
673 230 1
674 230 2
675 230 1
1141 230 1
1262 230 1
1263 230 1
1333 230 1
1334 230 1
1335 230 1
1336 230 1
1395 230 1
1691 230 1
1692 230 1
148 231 2
158 231 1
232 231 1
233 231 1
1807 231 1
1808 231 1
148 232 1
158 232 1
231 232 1
233 232 1
148 233 1
158 233 1
231 233 1
232 233 1
458 234 1
578 234 1
1182 234 1
1183 234 1
223 235 3
224 235 1
238 235 1
243 235 1
249 235 1
1447 235 1
1443 236 1
1444 236 1
1445 236 1
1446 236 1
174 237 1
256 237 1
1230 237 1
223 238 1
224 238 1
235 238 1
243 238 1
249 238 1
354 238 1
393 238 1
1447 238 1
148 239 1
158 239 1
287 239 1
220 240 1
1551 240 1
148 241 1
158 241 1
242 241 1
148 242 1
158 242 1
241 242 1
223 243 1
224 243 1
235 243 1
238 243 1
249 243 1
1447 243 1
62 244 1
71 244 1
170 244 1
230 244 1
300 244 1
319 244 1
333 244 1
674 244 1
1333 244 1
1334 244 1
1335 244 1
1336 244 1
227 245 2
342 245 2
223 246 1
224 246 1
49 247 1
60 247 1
180 247 3
225 247 1
323 247 2
656 247 1
783 247 1
784 247 1
785 247 1
1294 247 1
849 248 1
223 249 1
224 249 1
235 249 1
238 249 1
243 249 1
1447 249 1
347 250 1
1398 251 1
215 252 1
1693 253 1
513 254 1
532 254 1
1645 254 1
1646 254 1
1647 254 1
1648 254 1
230 255 1
373 255 1
1141 255 1
174 256 1
237 256 1
1230 256 1
12 257 1
512 257 2
786 257 1
1077 257 1
442 258 1
1013 258 1
1359 258 1
179 259 1
469 259 1
512 259 1
749 259 1
31 260 1
36 260 1
269 260 1
283 260 1
400 260 1
401 260 1
956 260 1
957 260 1
958 260 1
959 260 1
960 260 1
961 260 1
1758 260 1
1759 260 1
36 261 1
396 261 1
1136 261 1
150 262 1
423 262 1
1405 262 1
103 263 1
204 263 1
367 264 1
157 265 1
453 265 1
1513 265 1
1514 265 1
1520 266 1
168 267 1
293 267 1
112 268 1
339 268 1
344 268 1
357 268 1
260 269 1
400 269 1
1758 269 1
1759 269 1
82 270 1
163 270 1
166 270 1
508 270 2
1105 270 2
1266 270 2
1273 270 1
272 271 1
1495 271 1
1496 271 1
1497 271 1
271 272 1
348 272 1
392 272 2
495 272 2
942 272 1
1495 272 1
1496 272 1
1497 272 1
338 273 1
1389 274 1
1252 275 1
123 276 1
343 277 1
405 277 1
509 277 1
474 278 1
1454 278 1
385 279 1
334 280 1
361 280 1
414 280 1
551 281 1
1012 281 1
1013 281 1
324 282 1
327 282 1
260 283 1
373 284 1
1232 284 1
230 285 1
373 285 1
144 286 1
194 286 1
287 286 1
295 286 1
297 286 2
312 286 1
432 286 1
573 286 1
1149 286 1
1698 286 1
1801 286 1
1802 286 1
1803 286 1
69 287 1
90 287 1
144 287 3
196 287 2
239 287 1
286 287 1
297 287 1
312 287 1
338 287 2
363 287 2
615 287 1
720 287 1
750 287 1
751 287 1
851 287 1
1093 287 1
1148 287 1
1149 287 2
1186 287 1
1187 287 4
1188 287 1
1189 287 3
1190 287 1
1191 287 1
1192 287 1
1245 287 1
1246 287 1
1251 287 1
1329 287 1
1330 287 1
1331 287 1
1332 287 1
1380 287 1
1559 287 1
1560 287 1
1696 287 2
1697 287 1
1698 287 1
1785 287 1
1801 287 1
1802 287 1
1803 287 1
1804 287 1
1805 287 1
1095 288 1
1098 288 1
350 289 1
1211 289 1
349 290 1
482 291 1
1264 291 1
1265 291 1
1748 292 1
1749 292 1
1750 292 1
168 293 1
267 293 1
745 294 1
746 294 1
747 294 1
748 294 1
194 295 1
286 295 1
297 295 1
432 295 1
573 295 1
298 296 1
301 296 2
302 296 1
580 296 2
1254 296 1
1255 296 1
144 297 1
194 297 1
286 297 2
287 297 1
295 297 1
298 297 1
312 297 1
432 297 1
473 297 1
514 297 1
573 297 1
703 297 1
704 297 1
705 297 1
1067 297 1
1068 297 1
1069 297 1
1070 297 1
1149 297 1
1695 297 1
1696 297 1
1697 297 1
1698 297 2
1801 297 1
1802 297 1
1803 297 1
296 298 1
297 298 1
302 298 1
473 298 1
514 298 1
703 298 1
704 298 1
705 298 1
1254 298 1
1255 298 1
469 299 1
555 299 1
62 300 1
71 300 1
79 300 1
170 300 2
230 300 2
244 300 1
319 300 2
333 300 1
344 300 1
360 300 1
417 300 1
672 300 1
673 300 1
674 300 2
675 300 1
1283 300 1
1333 300 1
1334 300 1
1335 300 1
1336 300 1
1337 300 2
66 301 1
296 301 2
384 301 1
580 301 2
1699 301 1
1700 301 1
1701 301 1
296 302 1
298 302 1
1254 302 1
1255 302 1
418 303 1
485 303 1
1016 303 1
1548 303 1
1549 303 1
215 304 1
392 304 1
410 304 1
519 304 1
520 304 1
538 304 1
541 304 2
707 304 1
710 304 4
713 304 1
715 304 1
860 304 1
928 304 1
994 304 4
995 304 3
1076 304 1
1081 304 1
1082 304 1
1083 304 1
1177 304 2
1561 304 1
1608 304 1
1609 304 1
1798 305 1
1799 305 1
1800 305 1
310 306 1
1233 306 1
1234 306 1
736 307 1
737 307 1
146 308 2
1651 308 1
1652 308 1
100 309 1
428 309 1
1085 309 1
1086 309 1
1087 309 1
171 310 1
185 310 1
192 310 1
199 310 1
207 310 1
306 310 1
798 310 1
799 310 1
800 310 1
801 310 1
802 310 1
1233 310 1
1234 310 1
463 311 1
757 311 1
758 311 1
144 312 1
172 312 1
286 312 1
287 312 1
297 312 1
418 312 1
1149 312 1
1698 312 1
1801 312 1
1802 312 1
1803 312 1
65 313 1
368 313 1
390 313 1
162 314 1
352 314 2
357 314 2
1283 314 1
51 315 1
316 315 1
317 315 1
51 316 1
315 316 1
317 316 1
51 317 1
315 317 1
316 317 1
23 318 1
6 319 1
62 319 1
71 319 1
79 319 1
170 319 1
230 319 2
244 319 1
300 319 2
333 319 2
356 319 1
360 319 1
417 319 1
672 319 1
673 319 1
674 319 2
675 319 1
1333 319 1
1334 319 1
1335 319 1
1336 319 1
1340 319 1
1341 319 1
321 320 1
787 320 1
788 320 1
789 320 1
790 320 1
791 320 1
320 321 1
787 321 1
788 321 1
789 321 1
790 321 1
791 321 1
70 322 1
111 322 1
210 322 1
391 322 1
820 322 1
823 322 1
9 323 1
43 323 1
48 323 1
54 323 1
206 323 2
247 323 2
324 323 2
327 323 1
338 323 5
360 323 1
366 323 2
402 323 1
544 323 1
656 323 1
783 323 1
784 323 1
785 323 2
831 323 2
832 323 1
857 323 1
999 323 1
1289 323 1
1290 323 1
1291 323 1
1292 323 1
1293 323 1
1785 323 1
1786 323 1
1787 323 1
1815 323 1
6 324 1
8 324 2
14 324 1
54 324 1
149 324 1
282 324 1
323 324 2
326 324 1
327 324 3
344 324 1
385 324 1
402 324 1
544 324 1
552 324 1
839 324 1
857 324 1
928 324 1
1250 324 1
1284 324 1
1285 324 1
1289 324 1
1290 324 1
1291 324 1
1292 324 1
1293 324 1
1348 324 2
50 325 1
199 325 1
875 325 1
57 326 1
147 326 1
148 326 1
324 326 1
353 326 1
373 326 1
388 326 1
430 326 1
478 326 1
483 326 1
573 326 1
575 326 1
840 326 1
1014 326 1
1016 326 1
1017 326 1
1018 326 1
1019 326 1
1020 326 1
1021 326 1
54 327 1
282 327 1
323 327 1
324 327 3
402 327 1
544 327 1
857 327 1
1289 327 1
1290 327 1
1291 327 1
1292 327 1
1293 327 1
329 328 1
328 329 1
133 330 1
353 330 1
699 330 1
1485 330 1
1486 330 1
1487 330 1
1213 331 1
203 332 1
6 333 1
62 333 1
71 333 1
170 333 1
230 333 1
244 333 1
300 333 1
319 333 2
356 333 1
484 333 2
514 333 1
521 333 2
583 333 2
674 333 1
1333 333 1
1334 333 1
1335 333 1
1336 333 1
1340 333 1
1341 333 1
1526 333 1
1527 333 1
1528 333 1
8 334 3
69 334 1
280 334 1
361 334 1
414 334 1
707 334 1
202 335 1
1029 336 1
1030 336 1
1031 336 1
195 337 1
206 337 1
338 337 1
375 337 1
582 337 1
1093 337 1
1095 337 1
1096 337 1
1097 337 1
1179 337 1
1180 337 1
1244 337 1
1537 337 1
1 338 1
9 338 2
23 338 1
43 338 1
48 338 1
49 338 1
68 338 1
72 338 1
196 338 4
206 338 4
273 338 1
287 338 2
323 338 5
337 338 1
344 338 1
360 338 1
366 338 2
375 338 3
412 338 2
520 338 1
615 338 1
657 338 1
658 338 1
707 338 1
710 338 1
713 338 1
785 338 2
805 338 1
831 338 4
832 338 1
841 338 1
851 338 1
856 338 1
857 338 2
858 338 1
999 338 3
1004 338 1
1128 338 1
1129 338 1
1130 338 1
1131 338 1
1199 338 1
1248 338 1
1249 338 1
1292 338 1
1422 338 1
1537 338 1
1556 338 1
1557 338 1
1558 338 2
1559 338 3
1560 338 2
1631 338 1
1781 338 2
1785 338 2
1786 338 1
1787 338 1
1815 338 1
1816 338 1
112 339 1
268 339 1
713 340 1
814 340 1
818 340 1
819 340 1
1550 340 1
135 341 1
365 341 1
429 341 1
683 341 1
729 341 1
227 342 3
245 342 2
413 342 1
427 342 1
495 342 1
984 342 2
1003 342 1
277 343 1
405 343 1
509 343 1
6 344 2
8 344 1
14 344 1
65 344 1
170 344 1
206 344 1
218 344 1
268 344 1
300 344 1
324 344 1
338 344 1
357 344 4
362 344 1
508 344 1
556 344 1
710 344 4
814 344 1
836 344 2
839 344 1
1095 344 1
1128 344 1
1160 344 1
1161 344 1
1200 344 1
1283 344 1
1337 344 1
1535 344 1
1536 344 1
1755 344 1
1756 344 1
1133 345 1
1422 345 3
1440 345 1
93 346 1
104 346 1
250 347 1
272 348 1
495 348 2
707 348 1
710 348 3
713 348 1
860 348 2
1129 348 1
1573 348 1
1574 348 1
1575 348 1
1662 348 1
290 349 1
354 349 2
399 349 1
1132 349 1
289 350 1
1211 350 1
1636 351 1
1637 351 1
9 352 4
29 352 1
49 352 1
162 352 2
196 352 3
314 352 2
357 352 3
412 352 4
477 352 3
542 352 3
785 352 4
950 352 2
951 352 1
1112 352 1
1142 352 1
1192 352 1
1266 352 1
1267 352 1
1283 352 2
6 353 1
36 353 1
133 353 1
326 353 1
330 353 1
390 353 1
418 353 1
483 353 1
485 353 1
503 353 1
504 353 1
505 353 1
524 353 2
548 353 1
555 353 1
568 353 1
569 353 1
573 353 1
652 353 1
653 353 1
654 353 2
699 353 1
700 353 1
914 353 1
1014 353 3
1015 353 1
1016 353 2
1017 353 2
1018 353 1
1019 353 1
1020 353 1
1021 353 1
1485 353 1
1486 353 1
1487 353 1
1588 353 1
1590 353 1
238 354 1
349 354 2
371 354 2
393 354 1
397 354 1
398 354 1
399 354 2
931 354 1
932 354 1
933 354 3
1126 354 1
1127 354 1
1132 354 1
1221 354 1
1222 354 1
1223 354 1
1224 354 1
1377 354 1
1423 354 1
1424 354 1
469 355 1
535 355 1
555 355 1
565 355 1
6 356 2
133 356 1
319 356 1
333 356 1
357 356 1
362 356 1
1340 356 1
1341 356 1
6 357 3
8 357 1
65 357 1
133 357 1
162 357 2
206 357 2
218 357 1
268 357 1
314 357 2
344 357 4
352 357 3
356 357 1
362 357 2
508 357 1
860 357 1
929 357 1
1128 357 1
1162 357 1
1283 357 2
1292 357 1
412 358 1
667 358 2
669 358 1
670 358 1
136 359 1
752 359 1
79 360 1
206 360 1
230 360 1
300 360 1
319 360 1
323 360 1
338 360 1
366 360 1
417 360 1
672 360 1
673 360 1
674 360 1
675 360 1
7 361 1
8 361 1
280 361 1
334 361 1
394 361 1
414 361 1
497 361 1
639 361 2
640 361 1
641 361 1
6 362 2
133 362 1
218 362 1
344 362 1
356 362 1
357 362 2
287 363 2
615 363 1
1187 363 2
1189 363 2
1245 363 1
1246 363 1
1331 363 1
1332 363 1
18 364 1
70 364 1
130 364 1
230 364 1
809 364 1
1262 364 1
1263 364 1
341 365 1
429 365 3
547 365 1
676 365 1
683 365 1
206 366 2
323 366 2
338 366 2
360 366 1
831 366 1
832 366 1
264 367 1
65 368 1
313 368 1
390 368 1
96 369 1
370 369 1
1168 369 1
96 370 1
369 370 1
1168 370 1
354 371 2
1221 371 1
1222 371 1
1223 371 1
1224 371 1
399 372 1
1283 372 1
52 373 1
230 373 4
255 373 1
284 373 1
285 373 1
326 373 1
1141 373 1
1232 373 1
1395 373 1
1396 373 1
21 374 1
710 374 1
1 375 1
63 375 1
206 375 1
337 375 1
338 375 3
412 375 1
494 375 1
520 375 1
710 375 2
1286 375 1
1292 375 1
1537 375 1
1559 375 1
1631 375 1
412 376 1
193 377 1
70 378 1
404 378 1
1398 379 1
385 380 1
1414 380 1
62 381 1
76 381 1
383 381 1
129 382 1
1824 382 1
1825 382 1
381 383 1
66 384 2
301 384 1
1274 384 1
1699 384 1
1700 384 1
1701 384 1
279 385 1
324 385 1
380 385 1
1414 385 1
197 386 1
552 386 1
592 386 1
928 386 2
962 386 1
984 386 1
1002 386 1
1373 386 1
1621 387 1
326 388 1
710 388 1
995 388 1
1462 388 1
70 389 1
210 389 1
1811 389 1
65 390 1
313 390 1
353 390 1
368 390 1
418 390 1
485 390 1
70 391 1
111 391 1
210 391 1
322 391 1
820 391 1
823 391 1
272 392 2
304 392 1
495 392 2
541 392 1
860 392 3
928 392 1
942 392 1
1177 392 1
1399 392 1
1400 392 1
238 393 1
354 393 1
8 394 1
361 394 1
497 394 1
639 394 1
640 394 1
474 395 1
1456 395 1
1457 395 1
36 396 1
261 396 1
1136 396 1
354 397 1
398 397 1
399 397 1
1377 397 1
354 398 1
397 398 1
399 398 1
1377 398 1
349 399 1
354 399 2
372 399 1
397 399 1
398 399 1
1132 399 1
1283 399 1
1377 399 1
260 400 1
269 400 1
1758 400 1
1759 400 1
260 401 1
54 402 1
323 402 1
324 402 1
327 402 1
544 402 1
857 402 1
1289 402 1
1290 402 1
1291 402 1
1292 402 1
1293 402 1
648 403 1
649 403 1
14 404 2
70 404 1
378 404 1
407 404 1
881 404 1
277 405 1
343 405 1
509 405 1
533 406 1
14 407 3
211 407 1
404 407 1
766 407 1
881 407 4
882 407 3
883 407 1
884 407 1
885 407 1
886 407 1
887 407 1
888 407 1
1638 407 1
1639 407 1
1640 407 1
1641 407 1
1642 407 1
508 408 1
1094 408 1
8 409 2
91 409 1
666 409 1
1231 409 1
304 410 1
707 410 1
710 410 3
713 410 1
993 410 1
994 410 1
995 410 1
1081 410 2
1082 410 1
1083 410 1
1213 410 1
1498 410 1
1757 410 1
710 411 1
992 411 1
993 411 1
9 412 5
29 412 1
49 412 1
179 412 2
338 412 2
352 412 4
358 412 1
375 412 1
376 412 1
477 412 3
667 412 1
669 412 1
670 412 1
785 412 5
805 412 1
880 412 1
950 412 1
951 412 1
1112 412 2
1142 412 1
1292 412 1
1631 412 1
227 413 1
342 413 1
280 414 1
334 414 1
361 414 1
416 415 1
419 415 1
1391 415 1
1569 415 1
1570 415 1
1571 415 1
1572 415 1
415 416 1
419 416 1
1391 416 1
1569 416 1
1570 416 1
1571 416 1
1572 416 1
79 417 1
230 417 1
300 417 1
319 417 1
360 417 1
672 417 1
673 417 1
674 417 1
675 417 1
303 418 1
312 418 1
353 418 1
390 418 1
421 418 1
485 418 2
699 418 1
810 418 1
1016 418 1
1548 418 1
1549 418 1
415 419 1
416 419 1
1391 419 1
1569 419 1
1570 419 1
1571 419 1
1572 419 1
175 420 1
792 420 1
57 421 1
148 421 1
418 421 1
438 421 1
763 421 1
1490 421 1
1492 421 1
1494 421 1
770 422 1
1613 422 1
1614 422 1
1615 422 1
150 423 1
262 423 1
59 424 1
425 424 1
515 424 1
778 424 1
779 424 1
780 424 1
781 424 1
833 424 1
834 424 1
855 424 1
424 425 1
515 425 1
516 425 1
855 425 1
923 426 1
1178 426 1
1592 426 1
1593 426 1
342 427 1
100 428 1
309 428 1
1085 428 1
1086 428 1
1087 428 1
48 429 1
69 429 1
341 429 1
365 429 3
508 429 2
547 429 1
676 429 1
683 429 1
1105 429 2
57 430 1
147 430 1
148 430 1
326 430 1
573 430 1
575 430 1
840 430 1
6 431 1
859 431 1
860 431 1
861 431 1
184 432 1
194 432 1
286 432 1
295 432 1
297 432 1
573 432 1
1397 432 1
1466 432 1
1581 432 1
1582 432 1
139 433 1
560 433 1
1050 433 1
1420 433 1
1421 433 1
860 434 1
928 434 1
929 434 1
930 434 1
584 435 1
437 436 1
438 436 1
762 436 1
1288 436 1
1719 436 1
436 437 1
421 438 1
436 438 1
761 438 1
762 438 1
763 438 1
1490 438 1
1492 438 1
773 439 1
774 439 1
775 439 1
776 439 1
777 439 1
8 440 2
444 440 1
445 440 1
531 440 1
543 440 1
1154 440 1
1325 440 1
145 441 1
448 441 1
467 441 1
468 441 1
258 442 1
1013 442 1
1359 442 1
444 443 1
454 443 1
537 443 1
540 443 1
1155 443 1
1156 443 1
8 444 1
440 444 1
443 444 1
445 444 1
454 444 1
531 444 1
537 444 1
540 444 1
1154 444 1
1155 444 1
1156 444 1
8 445 3
440 445 1
444 445 1
531 445 2
952 445 1
1154 445 1
1623 445 1
1624 445 1
1625 445 1
1626 445 1
1627 445 1
1628 445 1
1629 445 1
577 446 1
699 446 1
10 447 1
1812 447 1
1813 447 1
1814 447 1
145 448 1
441 448 1
467 448 1
468 448 1
518 449 1
573 449 1
575 449 1
1469 449 1
1688 449 1
1689 449 1
1357 450 1
1358 450 1
57 451 1
837 451 1
838 451 1
1298 451 1
1106 452 1
1616 452 1
1617 452 1
1618 452 1
157 453 1
265 453 1
1513 453 1
1514 453 1
443 454 1
444 454 1
537 454 1
540 454 1
1155 454 1
1156 454 1
626 455 1
89 456 2
90 456 2
457 456 1
585 456 1
1172 456 2
1823 456 1
89 457 1
90 457 1
456 457 1
585 457 1
1172 457 1
234 458 1
1182 458 1
1183 458 1
1205 459 1
1206 459 1
81 460 1
462 460 1
81 461 1
835 461 1
81 462 1
460 462 1
311 463 1
982 464 1
983 464 1
1507 464 1
1508 464 1
1509 464 1
32 465 1
201 465 1
563 465 1
564 465 1
1041 465 1
1042 465 2
1043 465 1
1044 465 1
1045 465 1
1046 465 1
1047 465 1
1048 465 1
1049 465 1
1050 465 1
1107 466 1
1108 466 1
145 467 1
441 467 1
448 467 1
468 467 1
145 468 1
441 468 1
448 468 1
467 468 1
46 469 1
69 469 1
179 469 1
259 469 1
299 469 1
355 469 1
470 469 1
512 469 1
535 469 1
555 469 2
565 469 1
749 469 1
46 470 1
69 470 1
469 470 1
535 471 1
1586 471 1
699 472 2
297 473 1
298 473 1
514 473 1
703 473 1
704 473 1
705 473 1
2 474 1
8 474 1
278 474 1
395 474 1
476 474 1
910 474 1
911 474 4
912 474 1
1005 474 2
1006 474 1
1007 474 1
1075 474 1
1452 474 1
1454 474 1
1456 474 1
1457 474 1
1376 475 1
8 476 1
474 476 1
910 476 1
911 476 1
912 476 1
913 476 1
1011 476 1
9 477 3
29 477 1
352 477 3
412 477 3
785 477 3
1112 477 1
1142 477 1
326 478 1
101 479 1
508 479 1
1105 479 1
201 480 1
1313 480 1
579 481 1
715 481 1
291 482 1
1261 482 1
1264 482 1
1265 482 1
326 483 1
353 483 1
1014 483 1
1016 483 1
1017 483 1
1018 483 1
1019 483 1
1020 483 1
1021 483 1
333 484 2
521 484 3
558 484 1
583 484 2
1817 484 1
303 485 1
353 485 1
390 485 1
418 485 2
1016 485 1
1548 485 1
1549 485 1
1062 486 1
156 487 1
172 487 1
184 488 1
1430 488 1
1431 488 1
495 489 1
491 490 1
490 491 1
493 492 1
500 492 1
507 492 1
534 492 2
544 492 1
545 492 1
492 493 1
507 493 1
534 493 1
544 493 1
545 493 1
63 494 1
375 494 1
272 495 2
342 495 1
348 495 2
392 495 2
489 495 1
935 495 1
942 495 1
217 496 1
8 497 1
361 497 1
394 497 1
639 497 1
640 497 1
553 498 1
808 499 1
492 500 1
534 500 1
522 501 1
1415 501 1
11 502 1
180 502 1
353 503 1
504 503 1
505 503 2
548 503 2
567 503 1
1588 503 2
1590 503 1
353 504 1
503 504 1
505 504 1
548 504 1
573 504 2
1371 504 1
1372 504 1
1588 504 1
1590 504 1
1730 504 1
1731 504 1
1732 504 1
1733 504 1
1734 504 1
353 505 1
503 505 2
504 505 1
548 505 2
567 505 1
1588 505 2
1590 505 1
159 506 2
1429 506 1
492 507 1
493 507 1
534 507 1
544 507 1
545 507 1
8 508 3
69 508 1
101 508 2
270 508 2
344 508 1
357 508 1
408 508 1
429 508 2
479 508 1
542 508 1
582 508 1
659 508 1
1040 508 1
1094 508 1
1105 508 9
1209 508 1
1266 508 2
1273 508 1
277 509 1
343 509 1
405 509 1
35 510 1
1139 510 1
1140 510 1
512 511 1
1751 511 1
12 512 1
179 512 1
257 512 2
259 512 1
469 512 1
511 512 1
749 512 1
786 512 1
1077 512 1
1751 512 1
254 513 1
532 513 1
559 513 1
753 513 1
1518 513 1
1519 513 1
1645 513 1
1646 513 1
1647 513 1
1648 513 1
297 514 1
298 514 1
333 514 1
473 514 1
703 514 1
704 514 1
705 514 1
1120 514 1
1526 514 1
1527 514 1
1528 514 1
424 515 1
425 515 1
516 515 1
1585 515 1
425 516 1
515 516 1
1531 517 1
449 518 1
573 518 1
575 518 1
1325 518 1
1326 518 1
1327 518 1
1328 518 1
1469 518 1
1688 518 1
1689 518 1
215 519 1
304 519 1
1076 519 1
304 520 1
338 520 1
375 520 1
707 520 4
710 520 2
713 520 1
860 520 1
1561 520 1
1583 520 1
1584 520 1
333 521 2
484 521 3
558 521 2
583 521 2
1225 521 1
1226 521 1
1227 521 1
1228 521 1
1229 521 1
1817 521 1
501 522 1
1415 522 1
943 523 1
944 523 1
945 523 1
946 523 1
966 523 1
353 524 2
573 524 1
654 524 1
1014 524 2
1015 524 1
1016 524 1
1017 524 1
135 525 1
166 526 1
582 527 2
659 527 1
843 528 1
1656 528 1
1657 528 1
1658 528 1
154 529 1
156 529 1
196 529 2
850 529 1
851 529 1
1218 529 1
1219 529 1
1441 530 1
1442 530 1
8 531 3
440 531 1
444 531 1
445 531 2
952 531 1
1154 531 1
1623 531 1
1624 531 1
1625 531 1
1626 531 1
1627 531 1
1628 531 1
1629 531 1
254 532 1
513 532 1
1645 532 1
1646 532 1
1647 532 1
1648 532 1
406 533 1
492 534 2
493 534 1
500 534 1
507 534 1
544 534 1
545 534 1
355 535 1
469 535 1
471 535 1
549 535 1
555 535 1
565 535 1
1586 535 1
1270 536 1
1271 536 1
443 537 1
444 537 1
454 537 1
540 537 1
1155 537 1
1156 537 1
304 538 1
994 538 1
1177 538 1
20 539 1
443 540 1
444 540 1
454 540 1
537 540 1
1155 540 1
1156 540 1
304 541 2
392 541 1
715 541 1
860 541 1
928 541 1
1177 541 1
196 542 3
352 542 3
508 542 1
1105 542 1
1192 542 1
8 543 1
440 543 1
1325 543 1
54 544 1
323 544 1
324 544 1
327 544 1
402 544 1
492 544 1
493 544 1
507 544 1
534 544 1
545 544 1
857 544 1
1289 544 1
1290 544 1
1291 544 1
1292 544 1
1293 544 1
492 545 1
493 545 1
507 545 1
534 545 1
544 545 1
725 546 2
1072 546 1
1073 546 1
1768 546 1
365 547 1
429 547 1
353 548 1
503 548 2
504 548 1
505 548 2
567 548 1
1588 548 2
1590 548 1
535 549 1
616 550 1
617 550 1
618 550 1
281 551 1
813 551 1
990 551 1
991 551 1
1012 551 1
1013 551 1
1529 551 1
1530 551 1
8 552 1
324 552 1
386 552 1
928 552 1
962 552 1
498 553 1
721 554 1
722 554 1
36 555 1
299 555 1
353 555 1
355 555 1
469 555 2
535 555 1
565 555 1
914 555 1
1677 555 1
1678 555 1
344 556 1
1200 556 1
1541 557 1
1542 557 1
484 558 1
521 558 2
1817 558 1
5 559 1
183 559 1
513 559 1
753 559 1
1518 559 1
1519 559 1
1521 559 1
1522 559 1
139 560 1
433 560 1
1050 560 1
1420 560 1
1421 560 1
581 561 1
873 561 1
874 561 1
1304 562 1
1305 562 1
1306 562 1
1307 562 1
465 563 1
564 563 1
1048 563 1
1049 563 1
1050 563 1
465 564 1
563 564 1
1048 564 1
1049 564 1
1050 564 1
355 565 1
469 565 1
535 565 1
555 565 1
876 566 1
877 566 1
878 566 1
879 566 1
1109 566 1
1110 566 1
1111 566 1
1690 566 1
503 567 1
505 567 1
548 567 1
646 567 1
1588 567 1
353 568 1
569 568 1
353 569 1
568 569 1
621 570 1
1658 570 1
1739 570 1
1740 570 1
666 571 1
899 571 1
900 571 1
1360 571 2
83 572 1
117 572 3
118 572 1
119 572 9
920 572 2
921 572 1
1196 572 1
1197 572 1
1198 572 1
1344 572 1
1356 572 1
1379 572 1
1390 572 1
1391 572 1
1392 572 1
1393 572 1
57 573 1
85 573 1
147 573 1
148 573 1
194 573 1
286 573 1
295 573 1
297 573 1
326 573 1
353 573 1
430 573 1
432 573 1
449 573 1
504 573 2
518 573 1
524 573 1
574 573 1
575 573 2
602 573 1
603 573 1
604 573 1
654 573 1
655 573 1
756 573 1
840 573 1
1014 573 1
1015 573 1
1016 573 1
1017 573 1
1371 573 1
1372 573 1
1397 573 1
1469 573 1
1688 573 1
1689 573 1
1730 573 1
1731 573 1
1732 573 1
1733 573 1
1734 573 1
85 574 1
573 574 1
655 574 1
57 575 1
147 575 1
148 575 1
326 575 1
430 575 1
449 575 1
518 575 1
573 575 2
840 575 1
1469 575 1
1688 575 1
1689 575 1
1361 576 1
1362 576 1
446 577 1
699 577 1
1632 577 1
234 578 1
481 579 1
715 579 1
296 580 2
301 580 2
595 580 1
596 580 1
597 580 1
627 580 1
653 580 1
668 580 1
561 581 1
873 581 1
874 581 1
69 582 2
337 582 1
508 582 1
527 582 2
659 582 2
889 582 1
890 582 1
909 582 1
1179 582 1
1180 582 1
333 583 2
484 583 2
521 583 2
435 584 1
89 585 1
90 585 1
456 585 1
457 585 1
1172 585 1
110 586 1
58 587 1
216 587 1
588 587 1
589 587 1
1367 587 1
1368 587 1
1369 587 1
1370 587 1
58 588 1
587 588 1
589 588 1
58 589 1
587 589 1
588 589 1
591 590 1
1703 590 1
1704 590 1
1705 590 1
1706 590 1
590 591 1
197 592 1
386 592 1
594 593 1
593 594 1
1003 594 1
580 595 1
596 595 1
597 595 1
580 596 1
595 596 1
597 596 1
580 597 1
595 597 1
596 597 1
599 598 1
598 599 1
601 600 1
600 601 1
573 602 1
603 602 1
604 602 1
573 603 1
602 603 1
604 603 1
573 604 1
602 604 1
603 604 1
91 605 1
607 606 1
608 606 1
606 607 1
196 608 1
606 608 1
814 608 1
1287 608 1
1523 608 1
1524 608 1
610 609 1
611 609 1
612 609 1
613 609 1
614 609 1
609 610 1
611 610 1
612 610 1
613 610 1
614 610 1
619 610 1
620 610 1
621 610 1
609 611 1
610 611 1
612 611 1
613 611 1
614 611 1
609 612 1
610 612 1
611 612 1
613 612 1
614 612 1
609 613 1
610 613 1
611 613 1
612 613 1
614 613 1
609 614 1
610 614 1
611 614 1
612 614 1
613 614 1
69 615 1
287 615 1
338 615 1
363 615 1
857 615 1
1187 615 1
1189 615 1
1245 615 1
1246 615 1
1559 615 1
550 616 1
617 616 1
618 616 2
622 616 1
1426 616 1
1427 616 1
1428 616 1
550 617 1
616 617 1
618 617 1
550 618 1
616 618 2
617 618 1
622 618 1
610 619 1
620 619 1
621 619 1
610 620 1
619 620 1
621 620 1
710 620 1
711 620 1
78 621 1
570 621 1
610 621 1
619 621 1
620 621 1
1658 621 1
1729 621 1
1739 621 1
1740 621 1
1793 621 1
616 622 1
618 622 1
624 623 1
625 623 1
953 623 1
954 623 1
955 623 1
623 624 1
625 624 1
623 625 1
624 625 1
455 626 1
580 627 1
629 628 1
630 628 1
631 628 1
632 628 1
633 628 1
634 628 1
635 628 1
636 628 1
637 628 1
638 628 1
628 629 1
630 629 1
631 629 1
632 629 1
633 629 1
628 630 1
629 630 1
631 630 1
632 630 1
633 630 1
628 631 1
629 631 1
630 631 1
632 631 1
633 631 1
628 632 1
629 632 1
630 632 1
631 632 1
633 632 1
628 633 1
629 633 1
630 633 1
631 633 1
632 633 1
628 634 1
635 634 1
636 634 1
637 634 1
638 634 1
628 635 1
634 635 1
636 635 1
637 635 1
638 635 1
628 636 1
634 636 1
635 636 1
637 636 1
638 636 1
628 637 1
634 637 1
635 637 1
636 637 1
638 637 1
628 638 1
634 638 1
635 638 1
636 638 1
637 638 1
8 639 1
361 639 2
394 639 1
497 639 1
640 639 1
641 639 1
8 640 1
361 640 1
394 640 1
497 640 1
639 640 1
361 641 1
639 641 1
643 642 1
642 643 1
647 644 1
1106 644 1
177 645 1
646 645 1
80 646 1
177 646 1
567 646 1
645 646 1
644 647 1
403 648 1
649 648 1
403 649 1
648 649 1
651 650 1
650 651 1
353 652 1
653 652 1
654 652 1
353 653 1
580 653 1
652 653 1
654 653 1
668 653 1
353 654 2
524 654 1
573 654 1
652 654 1
653 654 1
1014 654 1
1015 654 1
1016 654 1
1017 654 1
85 655 1
573 655 1
574 655 1
247 656 1
323 656 1
338 657 1
658 657 1
338 658 1
657 658 1
69 659 1
508 659 1
527 659 1
582 659 2
661 660 1
662 660 1
663 660 1
664 660 1
665 660 1
660 661 1
662 661 1
663 661 1
664 661 1
665 661 1
660 662 1
661 662 1
663 662 1
664 662 1
665 662 1
660 663 1
661 663 1
662 663 1
664 663 1
665 663 1
660 664 1
661 664 1
662 664 1
663 664 1
665 664 1
1037 664 1
1231 664 1
1385 664 1
660 665 1
661 665 1
662 665 1
663 665 1
664 665 1
409 666 1
571 666 1
1360 666 1
358 667 2
412 667 1
669 667 1
670 667 1
1248 667 1
580 668 1
653 668 1
358 669 1
412 669 1
667 669 1
670 669 1
208 670 1
358 670 1
412 670 1
667 670 1
669 670 1
759 670 1
760 670 1
1173 671 1
1174 671 1
79 672 1
230 672 1
300 672 1
319 672 1
360 672 1
417 672 1
673 672 1
674 672 1
675 672 1
79 673 1
230 673 1
300 673 1
319 673 1
360 673 1
417 673 1
672 673 1
674 673 1
675 673 1
62 674 1
71 674 1
79 674 1
170 674 1
230 674 2
244 674 1
300 674 2
319 674 2
333 674 1
360 674 1
417 674 1
672 674 1
673 674 1
675 674 1
1333 674 1
1334 674 1
1335 674 1
1336 674 1
79 675 1
230 675 1
300 675 1
319 675 1
360 675 1
417 675 1
672 675 1
673 675 1
674 675 1
365 676 1
429 676 1
678 677 1
679 677 1
677 678 1
679 678 1
677 679 1
678 679 1
681 680 1
682 680 1
1143 680 1
1144 680 1
1727 680 1
1728 680 1
680 681 1
682 681 1
680 682 1
681 682 1
341 683 1
365 683 1
429 683 1
94 684 1
685 684 1
94 685 1
684 685 1
182 686 1
687 686 1
688 686 1
689 686 1
690 686 1
691 686 1
182 687 1
686 687 1
688 687 1
689 687 1
690 687 1
691 687 1
182 688 1
686 688 1
687 688 1
689 688 1
690 688 1
691 688 1
182 689 1
686 689 1
687 689 1
688 689 1
690 689 1
691 689 1
182 690 1
686 690 1
687 690 1
688 690 1
689 690 1
691 690 1
182 691 1
686 691 1
687 691 1
688 691 1
689 691 1
690 691 1
693 692 1
694 692 1
692 693 1
694 693 1
692 694 1
693 694 1
696 695 1
697 695 1
698 695 1
695 696 1
697 696 1
698 696 1
695 697 1
696 697 1
698 697 1
695 698 1
696 698 1
697 698 1
6 699 2
330 699 1
353 699 1
418 699 1
446 699 1
472 699 2
577 699 1
700 699 1
706 699 1
810 699 1
1465 699 1
6 700 1
353 700 1
699 700 1
47 701 1
26 702 1
297 703 1
298 703 1
473 703 1
514 703 1
704 703 1
705 703 1
297 704 1
298 704 1
473 704 1
514 704 1
703 704 1
705 704 1
297 705 1
298 705 1
473 705 1
514 705 1
703 705 1
704 705 1
699 706 1
53 707 3
304 707 1
334 707 1
338 707 1
348 707 1
410 707 1
520 707 4
710 707 3
713 707 3
860 707 1
994 707 1
995 707 1
1081 707 1
1082 707 1
1083 707 1
1583 707 1
1584 707 1
1662 707 2
709 708 1
708 709 1
21 710 1
209 710 2
216 710 1
304 710 4
338 710 1
344 710 4
348 710 3
374 710 1
375 710 2
388 710 1
410 710 3
411 710 1
520 710 2
620 710 1
707 710 3
711 710 1
713 710 4
814 710 1
836 710 2
860 710 1
992 710 1
993 710 2
994 710 5
995 710 6
1081 710 3
1082 710 1
1083 710 2
1129 710 2
1130 710 1
1131 710 1
1160 710 1
1213 710 3
1281 710 1
1282 710 1
1286 710 1
1461 710 1
1462 710 1
1478 710 1
1498 710 2
1608 710 1
1609 710 1
1620 710 1
1662 710 1
1757 710 1
620 711 1
710 711 1
714 712 1
716 712 1
304 713 1
338 713 1
340 713 1
348 713 1
410 713 1
520 713 1
707 713 3
710 713 4
994 713 1
995 713 1
1081 713 2
1082 713 1
1083 713 2
1129 713 2
1130 713 1
1131 713 1
1662 713 1
712 714 1
304 715 1
481 715 1
541 715 1
579 715 1
712 716 1
8 717 2
1118 717 1
40 718 1
41 718 1
178 718 1
198 718 1
719 718 1
40 719 1
41 719 1
178 719 1
198 719 1
718 719 1
41 720 1
287 720 1
1297 720 1
554 721 1
722 721 1
554 722 1
721 722 1
724 723 1
723 724 1
546 725 2
727 726 1
726 727 1
92 728 1
127 728 1
135 729 1
341 729 1
204 730 2
731 730 2
732 730 1
733 730 2
1388 730 1
204 731 1
730 731 2
732 731 1
733 731 1
204 732 1
730 732 1
731 732 1
733 732 1
204 733 1
730 733 2
731 733 1
732 733 1
1388 733 1
735 734 1
734 735 1
307 736 1
737 736 1
307 737 1
736 737 1
739 738 1
738 739 1
741 740 1
742 740 1
743 740 1
744 740 1
740 741 1
742 741 1
743 741 1
744 741 1
740 742 1
741 742 1
743 742 1
744 742 1
740 743 1
741 743 1
742 743 1
744 743 1
740 744 1
741 744 1
742 744 1
743 744 1
294 745 1
746 745 1
747 745 1
748 745 1
294 746 1
745 746 1
747 746 1
748 746 1
294 747 1
745 747 1
746 747 1
748 747 1
294 748 1
745 748 1
746 748 1
747 748 1
179 749 1
259 749 1
469 749 1
512 749 1
68 750 2
69 750 3
90 750 1
287 750 1
751 750 1
1631 750 1
1702 750 1
69 751 1
287 751 1
750 751 1
359 752 1
513 753 1
559 753 1
1518 753 1
1519 753 1
151 754 1
756 755 1
156 756 1
219 756 1
573 756 1
755 756 1
1267 756 1
1397 756 1
1622 756 1
1630 756 1
311 757 1
758 757 1
311 758 1
757 758 1
670 759 1
760 759 1
670 760 1
759 760 1
438 761 1
436 762 1
438 762 1
421 763 1
438 763 1
765 764 1
766 764 1
767 764 1
768 764 1
764 765 1
766 765 1
407 766 1
764 766 1
765 766 1
881 766 1
882 766 1
1638 766 1
1639 766 1
1640 766 1
1641 766 1
1642 766 1
1649 766 1
1650 766 1
764 767 1
768 767 1
764 768 1
767 768 1
770 769 1
771 769 1
772 769 1
422 770 1
769 770 1
771 770 1
772 770 1
1613 770 1
1614 770 1
1615 770 1
769 771 1
770 771 1
772 771 1
769 772 1
770 772 1
771 772 1
439 773 1
774 773 1
775 773 1
776 773 1
777 773 1
439 774 1
773 774 1
775 774 1
776 774 1
777 774 1
439 775 1
773 775 1
774 775 1
776 775 1
777 775 1
439 776 1
773 776 1
774 776 1
775 776 1
777 776 1
439 777 1
773 777 1
774 777 1
775 777 1
776 777 1
424 778 1
779 778 1
780 778 1
781 778 1
424 779 1
778 779 1
780 779 1
781 779 1
424 780 1
778 780 1
779 780 1
781 780 1
424 781 1
778 781 1
779 781 1
780 781 1
151 782 1
247 783 1
323 783 1
784 783 1
785 783 1
247 784 1
323 784 1
783 784 1
785 784 1
9 785 6
29 785 1
49 785 1
247 785 1
323 785 2
338 785 2
352 785 4
412 785 5
477 785 3
783 785 1
784 785 1
805 785 1
950 785 1
951 785 1
1112 785 1
1142 785 1
1785 785 1
1786 785 1
1787 785 1
12 786 1
257 786 1
512 786 1
320 787 1
321 787 1
788 787 1
789 787 1
790 787 1
791 787 1
320 788 1
321 788 1
787 788 1
789 788 1
790 788 1
791 788 1
320 789 1
321 789 1
787 789 1
788 789 1
790 789 1
791 789 1
320 790 1
321 790 1
787 790 1
788 790 1
789 790 1
791 790 1
320 791 1
321 791 1
787 791 1
788 791 1
789 791 1
790 791 1
175 792 1
420 792 1
794 793 1
795 793 1
796 793 1
797 793 1
793 794 1
795 794 1
796 794 1
797 794 1
793 795 1
794 795 1
796 795 1
797 795 1
793 796 1
794 796 1
795 796 1
797 796 1
793 797 1
794 797 1
795 797 1
796 797 1
171 798 1
185 798 1
192 798 1
199 798 1
310 798 1
799 798 1
800 798 1
801 798 1
171 799 1
185 799 1
192 799 1
199 799 1
310 799 1
798 799 1
800 799 1
801 799 1
171 800 1
185 800 1
192 800 1
199 800 1
310 800 1
798 800 1
799 800 1
801 800 1
171 801 1
185 801 1
192 801 1
199 801 1
310 801 1
798 801 1
799 801 1
800 801 1
207 802 1
310 802 1
804 803 1
803 804 1
9 805 1
49 805 1
338 805 1
412 805 1
785 805 1
807 806 1
808 806 1
77 807 1
806 807 1
808 807 1
499 808 1
806 808 1
807 808 1
1207 808 1
1208 808 2
1577 808 1
1578 808 1
70 809 1
130 809 1
364 809 1
418 810 1
699 810 1
812 811 1
811 812 1
551 813 1
340 814 1
344 814 1
608 814 1
710 814 1
818 814 1
819 814 1
836 814 1
816 815 1
817 815 1
815 816 1
817 816 1
815 817 1
816 817 1
179 818 2
190 818 1
340 818 1
814 818 1
819 818 1
1084 818 1
1287 818 1
1499 818 1
1500 818 1
340 819 1
814 819 1
818 819 1
19 820 1
70 820 1
111 820 1
210 820 1
322 820 1
391 820 1
823 820 1
822 821 1
821 822 1
70 823 2
111 823 1
138 823 1
210 823 2
322 823 1
391 823 1
820 823 1
47 824 1
185 825 1
826 825 1
827 825 1
185 826 1
825 826 1
827 826 1
185 827 1
825 827 1
826 827 1
194 828 1
830 829 1
829 830 1
206 831 1
323 831 2
338 831 4
366 831 1
832 831 1
1560 831 1
1815 831 1
1816 831 1
206 832 1
323 832 1
338 832 1
366 832 1
831 832 1
59 833 1
424 833 1
834 833 1
59 834 1
424 834 1
833 834 1
81 835 1
461 835 1
344 836 2
710 836 2
814 836 1
1753 836 1
1754 836 1
57 837 1
451 837 1
838 837 1
57 838 1
451 838 1
837 838 1
6 839 1
14 839 1
324 839 1
344 839 1
57 840 1
147 840 1
148 840 1
326 840 1
430 840 1
573 840 1
575 840 1
338 841 1
842 841 1
843 841 1
1004 841 1
8 842 1
841 842 1
843 842 1
934 842 1
528 843 1
841 843 1
842 843 1
1656 843 1
1657 843 1
1658 843 1
845 844 1
846 844 1
847 844 1
844 845 1
846 845 1
847 845 1
844 846 1
845 846 1
847 846 1
844 847 1
845 847 1
846 847 1
97 848 1
98 848 1
248 849 1
196 850 1
529 850 1
851 850 1
196 851 2
287 851 1
338 851 1
529 851 1
850 851 1
1785 851 1
13 852 1
854 853 1
853 854 1
424 855 1
425 855 1
68 856 1
338 856 1
857 856 1
858 856 1
54 857 1
68 857 1
323 857 1
324 857 1
327 857 1
338 857 2
402 857 1
544 857 1
615 857 1
856 857 1
858 857 1
1289 857 1
1290 857 1
1291 857 1
1292 857 1
1293 857 1
1559 857 1
68 858 1
338 858 1
856 858 1
857 858 1
6 859 1
431 859 1
860 859 1
861 859 1
6 860 1
8 860 2
304 860 1
348 860 2
357 860 1
392 860 3
431 860 1
434 860 1
520 860 1
541 860 1
707 860 1
710 860 1
859 860 1
861 860 1
928 860 2
929 860 2
930 860 2
1177 860 1
1399 860 1
1400 860 1
1574 860 1
1575 860 1
1583 860 1
1584 860 1
6 861 1
431 861 1
859 861 1
860 861 1
863 862 1
864 862 1
865 862 1
866 862 1
862 863 1
864 863 1
865 863 1
866 863 1
862 864 1
863 864 1
865 864 1
866 864 1
862 865 1
863 865 1
864 865 1
866 865 1
862 866 1
863 866 1
864 866 1
865 866 1
868 867 1
869 867 1
870 867 1
871 867 1
872 867 1
867 868 1
869 868 1
870 868 1
871 868 1
872 868 1
867 869 1
868 869 1
870 869 1
871 869 1
872 869 1
867 870 1
868 870 1
869 870 1
871 870 1
872 870 1
867 871 1
868 871 1
869 871 1
870 871 1
872 871 1
867 872 1
868 872 1
869 872 1
870 872 1
871 872 1
561 873 1
581 873 1
874 873 1
561 874 1
581 874 1
873 874 1
325 875 1
566 876 1
877 876 1
878 876 1
879 876 1
566 877 1
876 877 1
878 877 1
879 877 1
566 878 1
876 878 1
877 878 1
879 878 1
566 879 1
876 879 1
877 879 1
878 879 1
179 880 1
412 880 1
14 881 1
404 881 1
407 881 4
766 881 1
882 881 3
883 881 1
884 881 1
885 881 1
886 881 1
887 881 1
888 881 1
1638 881 1
1639 881 1
1640 881 1
1641 881 1
1642 881 1
407 882 3
766 882 1
881 882 3
883 882 1
884 882 1
885 882 1
886 882 1
887 882 1
888 882 1
1638 882 1
1639 882 1
1640 882 1
1641 882 1
1642 882 1
407 883 1
881 883 1
882 883 1
884 883 1
885 883 1
936 883 1
407 884 1
881 884 1
882 884 1
883 884 1
885 884 1
407 885 1
881 885 1
882 885 1
883 885 1
884 885 1
407 886 1
881 886 1
882 886 1
887 886 1
888 886 1
407 887 1
881 887 1
882 887 1
886 887 1
888 887 1
407 888 1
881 888 1
882 888 1
886 888 1
887 888 1
69 889 1
582 889 1
890 889 1
69 890 1
582 890 1
889 890 1
1366 890 1
1573 890 1
1576 890 1
173 891 1
200 892 1
200 893 1
894 893 1
200 894 1
893 894 1
173 895 1
896 895 1
897 895 1
898 895 1
1201 895 3
1202 895 2
1203 895 2
1204 895 2
1782 895 1
173 896 1
895 896 1
897 896 1
898 896 1
173 897 1
895 897 1
896 897 1
898 897 1
173 898 1
895 898 1
896 898 1
897 898 1
571 899 1
900 899 1
571 900 1
899 900 1
902 901 1
901 902 1
155 903 1
904 903 1
155 904 1
903 904 1
906 905 1
907 905 1
908 905 1
905 906 1
907 906 1
908 906 1
905 907 1
906 907 1
908 907 1
905 908 1
906 908 1
907 908 1
582 909 1
8 910 1
474 910 1
476 910 1
911 910 1
912 910 1
8 911 1
474 911 4
476 911 1
910 911 1
912 911 1
1452 911 1
8 912 3
474 912 1
476 912 1
910 912 1
911 912 1
1040 912 1
1231 912 1
476 913 1
36 914 1
353 914 1
555 914 1
916 915 1
917 915 1
915 916 1
917 916 1
915 917 1
916 917 1
919 918 1
918 919 1
117 920 1
118 920 1
119 920 1
572 920 2
921 920 1
117 921 1
118 921 1
572 921 1
920 921 1
923 922 1
924 922 1
925 922 1
926 922 1
927 922 1
426 923 1
922 923 1
924 923 1
925 923 1
926 923 1
927 923 1
1178 923 1
1592 923 1
1593 923 1
922 924 1
923 924 1
925 924 1
926 924 2
927 924 1
1721 924 1
1722 924 1
1723 924 1
922 925 1
923 925 1
924 925 1
926 925 1
927 925 1
922 926 1
923 926 1
924 926 2
925 926 1
927 926 1
1721 926 1
1722 926 1
1723 926 1
922 927 1
923 927 1
924 927 1
925 927 1
926 927 1
8 928 1
304 928 1
324 928 1
386 928 2
392 928 1
434 928 1
541 928 1
552 928 1
860 928 2
929 928 1
930 928 1
984 928 1
1175 928 1
1176 928 1
1177 928 1
1373 928 1
357 929 1
434 929 1
860 929 2
928 929 1
930 929 1
8 930 1
434 930 1
860 930 2
928 930 1
929 930 1
354 931 1
932 931 1
933 931 1
354 932 1
931 932 1
933 932 1
1063 932 1
1064 932 1
1065 932 1
1066 932 1
354 933 3
931 933 1
932 933 1
1126 933 1
1127 933 1
1423 933 1
1424 933 1
8 934 1
842 934 1
495 935 1
883 936 1
938 937 1
939 937 1
940 937 1
941 937 1
937 938 1
939 938 1
940 938 1
941 938 1
937 939 1
938 939 1
940 939 1
941 939 1
937 940 1
938 940 1
939 940 1
941 940 1
937 941 1
938 941 1
939 941 1
940 941 1
272 942 1
392 942 1
495 942 1
523 943 1
944 943 1
945 943 1
946 943 1
523 944 1
943 944 1
945 944 1
946 944 1
523 945 1
943 945 1
944 945 1
946 945 1
523 946 1
943 946 1
944 946 1
945 946 1
948 947 1
949 947 1
947 948 1
949 948 1
947 949 1
948 949 1
9 950 1
352 950 2
412 950 1
785 950 1
951 950 1
9 951 1
352 951 1
412 951 1
785 951 1
950 951 1
8 952 2
445 952 1
531 952 1
623 953 1
954 953 1
955 953 1
623 954 1
953 954 1
955 954 1
623 955 1
953 955 1
954 955 1
31 956 1
36 956 1
260 956 1
957 956 1
958 956 1
959 956 1
960 956 1
961 956 1
3 957 1
31 957 1
36 957 1
260 957 1
956 957 1
958 957 1
959 957 1
960 957 1
961 957 1
1051 957 1
1052 957 1
31 958 1
36 958 1
260 958 1
956 958 1
957 958 1
959 958 1
960 958 1
961 958 1
31 959 1
36 959 1
260 959 1
956 959 1
957 959 1
958 959 1
960 959 1
961 959 1
31 960 1
36 960 1
260 960 1
956 960 1
957 960 1
958 960 1
959 960 1
961 960 1
31 961 1
36 961 1
260 961 1
956 961 1
957 961 1
958 961 1
959 961 1
960 961 1
386 962 1
552 962 1
134 963 1
39 964 1
965 964 1
39 965 1
964 965 1
523 966 1
968 967 1
969 967 1
970 967 1
971 967 1
967 968 1
969 968 1
970 968 1
971 968 1
967 969 1
968 969 1
970 969 1
971 969 1
967 970 1
968 970 1
969 970 1
971 970 1
967 971 1
968 971 1
969 971 1
970 971 1
973 972 1
974 972 1
975 972 1
976 972 1
972 973 1
974 973 1
975 973 1
976 973 1
972 974 1
973 974 1
975 974 1
976 974 1
972 975 1
973 975 1
974 975 1
976 975 1
972 976 1
973 976 1
974 976 1
975 976 1
978 977 2
977 978 2
980 979 2
981 979 1
1540 979 1
979 980 2
981 980 1
1540 980 1
979 981 1
980 981 1
464 982 1
983 982 1
464 983 1
982 983 1
342 984 2
386 984 1
928 984 1
986 985 1
987 985 1
988 985 1
989 985 1
985 986 1
987 986 1
988 986 1
989 986 1
985 987 1
986 987 1
988 987 1
989 987 1
985 988 1
986 988 1
987 988 1
989 988 1
985 989 1
986 989 1
987 989 1
988 989 1
551 990 1
991 990 1
551 991 1
990 991 1
411 992 1
710 992 1
993 992 1
410 993 1
411 993 1
710 993 2
992 993 1
1081 993 1
1757 993 1
304 994 4
410 994 1
538 994 1
707 994 1
710 994 5
713 994 1
995 994 4
1081 994 1
1082 994 1
1083 994 1
1177 994 1
1213 994 1
1461 994 1
304 995 3
388 995 1
410 995 1
707 995 1
710 995 6
713 995 1
994 995 4
1081 995 1
1082 995 1
1083 995 1
1461 995 1
1462 995 2
1478 995 1
997 996 1
998 996 1
996 997 1
998 997 1
996 998 1
997 998 1
43 999 1
48 999 1
196 999 2
323 999 1
338 999 3
1001 1000 1
1000 1001 1
50 1002 1
386 1002 1
1253 1002 1
342 1003 1
594 1003 1
1004 1003 1
1355 1003 1
1425 1003 1
1818 1003 1
1819 1003 1
338 1004 1
841 1004 1
1003 1004 1
1493 1004 1
474 1005 2
1006 1005 1
1007 1005 1
474 1006 1
1005 1006 1
474 1007 1
1005 1007 1
1009 1008 1
1010 1008 1
1008 1009 1
1010 1009 1
1008 1010 1
1009 1010 1
476 1011 1
281 1012 1
551 1012 1
1013 1012 2
258 1013 1
281 1013 1
442 1013 1
551 1013 1
1012 1013 2
1359 1013 1
326 1014 1
353 1014 3
483 1014 1
524 1014 2
573 1014 1
654 1014 1
1015 1014 1
1016 1014 2
1017 1014 2
1018 1014 1
1019 1014 1
1020 1014 1
1021 1014 1
353 1015 1
524 1015 1
573 1015 1
654 1015 1
1014 1015 1
1016 1015 1
1017 1015 1
303 1016 1
326 1016 1
353 1016 2
418 1016 1
483 1016 1
485 1016 1
524 1016 1
573 1016 1
654 1016 1
1014 1016 2
1015 1016 1
1017 1016 3
1018 1016 1
1019 1016 2
1020 1016 1
1021 1016 1
1548 1016 1
1549 1016 1
326 1017 1
353 1017 2
483 1017 1
524 1017 1
573 1017 1
654 1017 1
1014 1017 2
1015 1017 1
1016 1017 3
1018 1017 1
1019 1017 2
1020 1017 1
1021 1017 1
326 1018 1
353 1018 1
483 1018 1
1014 1018 1
1016 1018 1
1017 1018 1
1019 1018 1
1020 1018 1
1021 1018 1
326 1019 1
353 1019 1
483 1019 1
1014 1019 1
1016 1019 2
1017 1019 2
1018 1019 1
1020 1019 1
1021 1019 1
326 1020 1
353 1020 1
483 1020 1
1014 1020 1
1016 1020 1
1017 1020 1
1018 1020 1
1019 1020 1
1021 1020 1
326 1021 1
353 1021 1
483 1021 1
1014 1021 1
1016 1021 1
1017 1021 1
1018 1021 1
1019 1021 1
1020 1021 1
66 1022 1
1023 1022 1
66 1023 2
1022 1023 1
124 1024 1
156 1024 1
172 1024 1
1025 1024 1
1026 1024 1
124 1025 1
156 1025 1
172 1025 1
1024 1025 1
1026 1025 1
124 1026 1
156 1026 1
172 1026 1
1024 1026 1
1025 1026 1
1028 1027 1
1027 1028 1
336 1029 1
1030 1029 1
1031 1029 1
336 1030 1
1029 1030 1
1031 1030 1
336 1031 1
1029 1031 1
1030 1031 1
1033 1032 1
1034 1032 1
1035 1032 1
1036 1032 1
1032 1033 1
1034 1033 1
1035 1033 1
1036 1033 1
1406 1033 1
1407 1033 1
1408 1033 1
1409 1033 1
1778 1033 1
1779 1033 1
1780 1033 1
1032 1034 1
1033 1034 1
1035 1034 1
1036 1034 1
1032 1035 1
1033 1035 1
1034 1035 1
1036 1035 1
1606 1035 1
1032 1036 1
1033 1036 1
1034 1036 1
1035 1036 1
664 1037 1
1039 1038 1
1038 1039 1
8 1040 3
508 1040 1
912 1040 1
1231 1040 1
32 1041 1
201 1041 1
465 1041 1
1042 1041 1
1043 1041 1
32 1042 1
201 1042 1
465 1042 2
1041 1042 1
1043 1042 1
1044 1042 1
1045 1042 1
1046 1042 1
1047 1042 1
32 1043 1
201 1043 1
465 1043 1
1041 1043 1
1042 1043 1
465 1044 1
1042 1044 1
1045 1044 1
1046 1044 1
1047 1044 1
465 1045 1
1042 1045 1
1044 1045 1
1046 1045 1
1047 1045 1
465 1046 1
1042 1046 1
1044 1046 1
1045 1046 1
1047 1046 1
465 1047 1
1042 1047 1
1044 1047 1
1045 1047 1
1046 1047 1
465 1048 1
563 1048 1
564 1048 1
1049 1048 1
1050 1048 1
465 1049 1
563 1049 1
564 1049 1
1048 1049 1
1050 1049 1
139 1050 1
433 1050 1
465 1050 1
560 1050 1
563 1050 1
564 1050 1
1048 1050 1
1049 1050 1
1420 1050 1
1421 1050 1
3 1051 1
957 1051 1
1052 1051 1
3 1052 1
957 1052 1
1051 1052 1
176 1053 1
1054 1053 2
1055 1053 1
1056 1053 1
1057 1053 1
1058 1053 1
1059 1053 1
1060 1053 1
176 1054 1
1053 1054 2
1055 1054 1
1056 1054 1
1057 1054 1
1058 1054 1
1059 1054 1
1060 1054 1
1053 1055 1
1054 1055 1
1056 1055 1
1057 1055 1
1058 1055 1
1059 1055 1
1053 1056 1
1054 1056 1
1055 1056 1
1057 1056 1
1058 1056 1
1059 1056 1
1053 1057 1
1054 1057 1
1055 1057 1
1056 1057 1
1058 1057 1
1059 1057 1
1053 1058 1
1054 1058 1
1055 1058 1
1056 1058 1
1057 1058 1
1059 1058 1
1053 1059 1
1054 1059 1
1055 1059 1
1056 1059 1
1057 1059 1
1058 1059 1
176 1060 1
1053 1060 1
1054 1060 1
228 1061 1
1525 1061 1
486 1062 1
932 1063 1
1064 1063 1
1065 1063 1
1066 1063 1
932 1064 1
1063 1064 1
1065 1064 1
1066 1064 1
932 1065 1
1063 1065 1
1064 1065 1
1066 1065 1
932 1066 1
1063 1066 1
1064 1066 1
1065 1066 1
297 1067 1
1068 1067 1
1069 1067 1
1070 1067 1
1071 1067 1
297 1068 1
1067 1068 1
1069 1068 1
1070 1068 1
297 1069 1
1067 1069 1
1068 1069 1
1070 1069 1
297 1070 1
1067 1070 1
1068 1070 1
1069 1070 1
1067 1071 1
546 1072 1
1073 1072 1
546 1073 1
1072 1073 1
1075 1074 1
2 1075 1
474 1075 1
1074 1075 1
215 1076 1
304 1076 1
519 1076 1
257 1077 1
512 1077 1
1079 1078 1
1080 1078 1
1078 1079 1
1080 1079 1
1078 1080 1
1079 1080 1
304 1081 1
410 1081 2
707 1081 1
710 1081 3
713 1081 2
993 1081 1
994 1081 1
995 1081 1
1082 1081 1
1083 1081 2
1757 1081 1
304 1082 1
410 1082 1
707 1082 1
710 1082 1
713 1082 1
994 1082 1
995 1082 1
1081 1082 1
1083 1082 1
304 1083 1
410 1083 1
707 1083 1
710 1083 2
713 1083 2
994 1083 1
995 1083 1
1081 1083 2
1082 1083 1
179 1084 2
818 1084 1
100 1085 1
309 1085 1
428 1085 1
1086 1085 1
1087 1085 1
100 1086 1
309 1086 1
428 1086 1
1085 1086 1
1087 1086 1
100 1087 1
309 1087 1
428 1087 1
1085 1087 1
1086 1087 1
1089 1088 1
1090 1088 1
1091 1088 1
1092 1088 1
1088 1089 1
1090 1089 1
1091 1089 1
1092 1089 1
1088 1090 1
1089 1090 1
1091 1090 1
1092 1090 1
1088 1091 1
1089 1091 1
1090 1091 1
1092 1091 1
1138 1091 1
1088 1092 1
1089 1092 1
1090 1092 1
1091 1092 1
287 1093 1
337 1093 1
1095 1093 1
1096 1093 1
1097 1093 1
408 1094 1
508 1094 1
288 1095 1
337 1095 1
344 1095 1
1093 1095 1
1096 1095 1
1097 1095 1
1098 1095 1
1099 1095 1
1100 1095 1
1535 1095 1
1536 1095 1
337 1096 1
1093 1096 1
1095 1096 1
1097 1096 1
337 1097 1
1093 1097 1
1095 1097 1
1096 1097 1
288 1098 1
1095 1098 1
1095 1099 1
1100 1099 1
1095 1100 1
1099 1100 1
1102 1101 1
1103 1101 1
1104 1101 1
1101 1102 1
1103 1102 1
1104 1102 1
1101 1103 1
1102 1103 1
1104 1103 1
1101 1104 1
1102 1104 1
1103 1104 1
101 1105 2
270 1105 2
429 1105 2
479 1105 1
508 1105 9
542 1105 1
1209 1105 1
1266 1105 2
1273 1105 1
8 1106 1
452 1106 1
644 1106 1
1616 1106 1
1617 1106 1
1618 1106 1
466 1107 1
1108 1107 1
466 1108 1
1107 1108 1
566 1109 1
1110 1109 1
1111 1109 1
566 1110 1
1109 1110 1
1111 1110 1
566 1111 1
1109 1111 1
1110 1111 1
9 1112 1
29 1112 1
179 1112 1
352 1112 1
412 1112 2
477 1112 1
785 1112 1
1113 1112 1
1114 1112 1
1115 1112 1
1142 1112 1
1112 1113 1
1114 1113 1
1115 1113 1
1579 1113 1
1580 1113 1
1826 1113 1
1827 1113 1
1112 1114 1
1113 1114 1
1115 1114 1
1112 1115 1
1113 1115 1
1114 1115 1
8 1116 1
8 1117 1
8 1118 1
717 1118 1
180 1119 1
213 1119 1
514 1120 1
1122 1121 1
1121 1122 1
1124 1123 1
1125 1123 1
1123 1124 1
1125 1124 1
1123 1125 1
1124 1125 1
354 1126 1
933 1126 1
1127 1126 1
354 1127 1
933 1127 1
1126 1127 1
70 1128 1
206 1128 1
338 1128 1
344 1128 1
357 1128 1
1292 1128 1
338 1129 1
348 1129 1
710 1129 2
713 1129 2
1130 1129 1
1131 1129 1
338 1130 1
710 1130 1
713 1130 1
1129 1130 1
1131 1130 1
338 1131 1
710 1131 1
713 1131 1
1129 1131 1
1130 1131 1
349 1132 1
354 1132 1
399 1132 1
345 1133 1
69 1134 2
1135 1134 1
69 1135 1
1134 1135 1
36 1136 1
261 1136 1
396 1136 1
105 1137 1
106 1137 1
1091 1138 1
35 1139 1
510 1139 1
1140 1139 1
35 1140 1
510 1140 1
1139 1140 1
230 1141 1
255 1141 1
373 1141 1
9 1142 1
29 1142 1
352 1142 1
412 1142 1
477 1142 1
785 1142 1
1112 1142 1
680 1143 1
1144 1143 1
680 1144 1
1143 1144 1
1146 1145 1
1147 1145 1
1145 1146 1
1147 1146 1
1145 1147 1
1146 1147 1
287 1148 1
1149 1148 1
144 1149 1
286 1149 1
287 1149 2
297 1149 1
312 1149 1
1148 1149 1
1698 1149 1
1801 1149 1
1802 1149 1
1803 1149 1
1151 1150 1
1150 1151 1
1153 1152 1
1152 1153 1
8 1154 1
440 1154 1
444 1154 1
445 1154 1
531 1154 1
443 1155 1
444 1155 1
454 1155 1
537 1155 1
540 1155 1
1156 1155 1
443 1156 1
444 1156 1
454 1156 1
537 1156 1
540 1156 1
1155 1156 1
1158 1157 1
1159 1157 1
1157 1158 1
1159 1158 1
1157 1159 1
1158 1159 1
344 1160 1
710 1160 1
344 1161 1
6 1162 1
357 1162 1
1164 1163 1
1165 1163 1
1166 1163 1
1167 1163 1
1163 1164 1
1165 1164 1
1166 1164 1
1167 1164 1
1163 1165 1
1164 1165 1
1166 1165 1
1167 1165 1
1163 1166 1
1164 1166 1
1165 1166 1
1167 1166 1
1163 1167 1
1164 1167 1
1165 1167 1
1166 1167 1
96 1168 1
369 1168 1
370 1168 1
84 1169 1
1170 1169 1
1171 1169 1
84 1170 1
1169 1170 1
1171 1170 1
84 1171 1
1169 1171 1
1170 1171 1
89 1172 2
90 1172 2
456 1172 2
457 1172 1
585 1172 1
1823 1172 1
191 1173 1
671 1173 1
1174 1173 1
1738 1173 1
671 1174 1
1173 1174 1
928 1175 1
928 1176 1
214 1177 1
215 1177 1
304 1177 2
392 1177 1
538 1177 1
541 1177 1
860 1177 1
928 1177 1
994 1177 1
1587 1177 1
426 1178 1
923 1178 1
1592 1178 1
1593 1178 1
337 1179 1
582 1179 1
1180 1179 1
337 1180 1
582 1180 1
1179 1180 1
167 1181 1
234 1182 1
458 1182 1
1183 1182 1
234 1183 1
458 1183 1
1182 1183 1
1185 1184 2
1631 1184 1
1711 1184 1
1184 1185 2
196 1186 1
287 1186 1
1187 1186 1
1188 1186 1
1189 1186 1
1190 1186 1
1191 1186 1
1192 1186 1
196 1187 1
287 1187 4
363 1187 2
615 1187 1
1186 1187 1
1188 1187 1
1189 1187 3
1190 1187 1
1191 1187 1
1192 1187 1
1245 1187 1
1246 1187 1
1329 1187 1
1330 1187 1
1331 1187 1
1332 1187 1
196 1188 1
287 1188 1
1186 1188 1
1187 1188 1
1189 1188 1
1190 1188 1
1191 1188 1
1192 1188 1
196 1189 1
287 1189 3
363 1189 2
615 1189 1
1186 1189 1
1187 1189 3
1188 1189 1
1190 1189 1
1191 1189 1
1192 1189 1
1245 1189 1
1246 1189 1
1331 1189 1
1332 1189 1
196 1190 1
287 1190 1
1186 1190 1
1187 1190 1
1188 1190 1
1189 1190 1
1191 1190 1
1192 1190 1
196 1191 1
287 1191 1
1186 1191 1
1187 1191 1
1188 1191 1
1189 1191 1
1190 1191 1
1192 1191 1
196 1192 2
287 1192 1
352 1192 1
542 1192 1
1186 1192 1
1187 1192 1
1188 1192 1
1189 1192 1
1190 1192 1
1191 1192 1
69 1193 1
1195 1194 1
1194 1195 1
117 1196 1
119 1196 1
572 1196 1
1197 1196 1
1198 1196 1
117 1197 1
119 1197 1
572 1197 1
1196 1197 1
1198 1197 1
117 1198 1
119 1198 1
572 1198 1
1196 1198 1
1197 1198 1
338 1199 1
344 1200 1
556 1200 1
895 1201 3
1202 1201 2
1203 1201 2
1204 1201 2
1782 1201 1
895 1202 2
1201 1202 2
1203 1202 1
1204 1202 1
895 1203 2
1201 1203 2
1202 1203 1
1204 1203 2
1782 1203 1
895 1204 2
1201 1204 2
1202 1204 1
1203 1204 2
1782 1204 1
459 1205 1
1206 1205 1
459 1206 1
1205 1206 1
808 1207 1
1208 1207 1
808 1208 2
1207 1208 1
1577 1208 1
1578 1208 1
508 1209 1
1105 1209 1
222 1210 1
1211 1210 1
222 1211 1
289 1211 1
350 1211 1
1210 1211 1
1262 1211 1
103 1212 1
331 1213 1
410 1213 1
710 1213 3
994 1213 1
1498 1213 2
69 1214 1
53 1215 2
1618 1215 1
1752 1215 1
114 1216 1
115 1216 1
1217 1216 1
114 1217 1
115 1217 1
1216 1217 1
154 1218 1
156 1218 1
196 1218 1
529 1218 1
1219 1218 1
154 1219 1
156 1219 1
196 1219 1
529 1219 1
1218 1219 1
223 1220 1
224 1220 1
354 1221 1
371 1221 1
1222 1221 1
354 1222 1
371 1222 1
1221 1222 1
354 1223 1
371 1223 1
1224 1223 1
354 1224 1
371 1224 1
1223 1224 1
521 1225 1
1226 1225 1
1227 1225 1
1228 1225 1
1229 1225 1
521 1226 1
1225 1226 1
1227 1226 1
1228 1226 1
1229 1226 1
521 1227 1
1225 1227 1
1226 1227 1
1228 1227 1
1229 1227 1
521 1228 1
1225 1228 1
1226 1228 1
1227 1228 1
1229 1228 1
521 1229 1
1225 1229 1
1226 1229 1
1227 1229 1
1228 1229 1
1455 1229 1
174 1230 1
237 1230 1
256 1230 1
8 1231 2
409 1231 1
664 1231 1
912 1231 1
1040 1231 1
1385 1231 1
284 1232 1
373 1232 1
306 1233 1
310 1233 1
1234 1233 1
306 1234 1
310 1234 1
1233 1234 1
1236 1235 1
1235 1236 1
1238 1237 1
1239 1237 1
1240 1237 1
1241 1237 1
1242 1237 1
1243 1237 1
1237 1238 1
1239 1238 1
1240 1238 1
1241 1238 1
1242 1238 1
1243 1238 1
1237 1239 1
1238 1239 1
1240 1239 1
1241 1239 1
1242 1239 1
1243 1239 1
1237 1240 1
1238 1240 1
1239 1240 1
1241 1240 1
1242 1240 1
1243 1240 1
1237 1241 1
1238 1241 1
1239 1241 1
1240 1241 1
1242 1241 1
1243 1241 1
1237 1242 1
1238 1242 1
1239 1242 1
1240 1242 1
1241 1242 1
1243 1242 1
1237 1243 1
1238 1243 1
1239 1243 1
1240 1243 1
1241 1243 1
1242 1243 1
195 1244 1
337 1244 1
287 1245 1
363 1245 1
615 1245 1
1187 1245 1
1189 1245 1
1246 1245 1
287 1246 1
363 1246 1
615 1246 1
1187 1246 1
1189 1246 1
1245 1246 1
107 1247 1
122 1247 1
338 1248 1
667 1248 1
1249 1248 1
338 1249 1
1248 1249 1
324 1250 1
90 1251 1
287 1251 1
275 1252 1
1002 1253 1
296 1254 1
298 1254 1
302 1254 1
1255 1254 1
296 1255 1
298 1255 1
302 1255 1
1254 1255 1
1257 1256 1
1256 1257 1
8 1258 1
185 1259 1
1260 1259 1
185 1260 1
1259 1260 1
482 1261 1
18 1262 1
230 1262 1
364 1262 1
1211 1262 1
1263 1262 1
18 1263 1
230 1263 1
364 1263 1
1262 1263 1
291 1264 1
482 1264 1
1265 1264 1
153 1265 1
186 1265 1
291 1265 1
482 1265 1
1264 1265 1
270 1266 2
352 1266 1
508 1266 2
1105 1266 2
1267 1266 1
1273 1266 1
352 1267 1
756 1267 1
1266 1267 1
1279 1267 1
1280 1267 1
204 1268 1
1269 1268 1
204 1269 1
1268 1269 1
536 1270 1
1271 1270 1
536 1271 1
1270 1271 1
17 1272 1
70 1272 1
270 1273 1
508 1273 1
1105 1273 1
1266 1273 1
66 1274 1
384 1274 1
182 1275 1
1276 1275 2
182 1276 1
1275 1276 2
1633 1276 1
137 1277 1
185 1277 1
1278 1277 1
137 1278 1
185 1278 1
1277 1278 1
1267 1279 1
1280 1279 1
1267 1280 1
1279 1280 1
209 1281 1
710 1281 1
209 1282 1
216 1282 1
710 1282 1
162 1283 2
170 1283 1
209 1283 1
300 1283 1
314 1283 1
344 1283 1
352 1283 2
357 1283 2
372 1283 1
399 1283 1
1337 1283 1
324 1284 1
1285 1284 1
324 1285 1
1284 1285 1
375 1286 1
710 1286 1
608 1287 1
818 1287 1
436 1288 1
54 1289 1
323 1289 1
324 1289 1
327 1289 1
402 1289 1
544 1289 1
857 1289 1
1290 1289 1
1291 1289 1
1292 1289 1
1293 1289 1
54 1290 1
323 1290 1
324 1290 1
327 1290 1
402 1290 1
544 1290 1
857 1290 1
1289 1290 1
1291 1290 1
1292 1290 1
1293 1290 1
54 1291 1
323 1291 1
324 1291 1
327 1291 1
402 1291 1
544 1291 1
857 1291 1
1289 1291 1
1290 1291 1
1292 1291 1
1293 1291 1
54 1292 1
206 1292 1
323 1292 1
324 1292 1
327 1292 1
338 1292 1
357 1292 1
375 1292 1
402 1292 1
412 1292 1
544 1292 1
857 1292 1
1128 1292 1
1289 1292 1
1290 1292 1
1291 1292 1
1293 1292 1
1631 1292 1
54 1293 1
323 1293 1
324 1293 1
327 1293 1
402 1293 1
544 1293 1
857 1293 1
1289 1293 1
1290 1293 1
1291 1293 1
1292 1293 1
247 1294 1
1296 1295 1
82 1296 2
1295 1296 1
720 1297 1
451 1298 1
131 1299 1
1300 1299 1
1301 1299 1
131 1300 1
1299 1300 1
1301 1300 1
131 1301 1
1299 1301 1
1300 1301 1
167 1302 1
194 1303 1
562 1304 1
1305 1304 1
1306 1304 1
1307 1304 1
1308 1304 1
1309 1304 1
1310 1304 1
1311 1304 1
1312 1304 1
562 1305 1
1304 1305 1
1306 1305 1
1307 1305 1
562 1306 1
1304 1306 1
1305 1306 1
1307 1306 1
562 1307 1
1304 1307 1
1305 1307 1
1306 1307 1
1304 1308 1
1309 1308 1
1310 1308 1
1311 1308 1
1312 1308 1
1304 1309 1
1308 1309 1
1310 1309 1
1311 1309 1
1312 1309 1
1304 1310 1
1308 1310 1
1309 1310 1
1311 1310 1
1312 1310 1
1304 1311 1
1308 1311 1
1309 1311 1
1310 1311 1
1312 1311 1
1304 1312 1
1308 1312 1
1309 1312 1
1310 1312 1
1311 1312 1
201 1313 1
480 1313 1
1315 1314 1
1316 1314 1
1317 1314 1
1314 1315 1
1316 1315 1
1317 1315 1
1314 1316 1
1315 1316 1
1317 1316 1
1314 1317 1
1315 1317 1
1316 1317 1
128 1318 1
1319 1318 1
128 1319 1
1318 1319 1
1321 1320 1
1322 1320 1
1320 1321 1
1322 1321 1
1320 1322 1
1321 1322 1
1324 1323 1
1323 1324 1
8 1325 2
440 1325 1
518 1325 1
543 1325 1
1326 1325 1
1327 1325 1
1328 1325 1
1533 1325 1
1534 1325 1
518 1326 1
1325 1326 1
1327 1326 1
1328 1326 1
518 1327 1
1325 1327 1
1326 1327 1
1328 1327 1
518 1328 1
1325 1328 1
1326 1328 1
1327 1328 1
287 1329 1
1187 1329 1
1330 1329 1
287 1330 1
1187 1330 1
1329 1330 1
287 1331 1
363 1331 1
1187 1331 1
1189 1331 1
1332 1331 1
287 1332 1
363 1332 1
1187 1332 1
1189 1332 1
1331 1332 1
62 1333 1
71 1333 1
170 1333 1
230 1333 1
244 1333 1
300 1333 1
319 1333 1
333 1333 1
674 1333 1
1334 1333 1
1335 1333 1
1336 1333 1
62 1334 1
71 1334 1
170 1334 1
230 1334 1
244 1334 1
300 1334 1
319 1334 1
333 1334 1
674 1334 1
1333 1334 1
1335 1334 1
1336 1334 1
62 1335 1
71 1335 1
170 1335 1
230 1335 1
244 1335 1
300 1335 1
319 1335 1
333 1335 1
674 1335 1
1333 1335 1
1334 1335 1
1336 1335 1
62 1336 1
71 1336 1
170 1336 1
230 1336 1
244 1336 1
300 1336 1
319 1336 1
333 1336 1
674 1336 1
1333 1336 1
1334 1336 1
1335 1336 1
170 1337 1
300 1337 2
344 1337 1
1283 1337 1
1339 1338 1
1338 1339 1
6 1340 1
156 1340 1
172 1340 1
319 1340 1
333 1340 1
356 1340 1
1341 1340 1
1720 1340 1
6 1341 1
319 1341 1
333 1341 1
356 1341 1
1340 1341 1
24 1342 1
1343 1342 1
24 1343 1
1342 1343 1
83 1344 1
119 1344 1
572 1344 1
27 1345 1
28 1345 1
1346 1345 1
1347 1345 1
27 1346 1
28 1346 1
1345 1346 1
1347 1346 1
27 1347 1
28 1347 1
1345 1347 1
1346 1347 1
324 1348 2
1350 1349 1
1351 1349 1
1352 1349 1
1353 1349 1
1354 1349 1
1349 1350 1
1351 1350 1
1352 1350 1
1353 1350 1
1354 1350 1
1349 1351 1
1350 1351 1
1352 1351 1
1353 1351 1
1354 1351 1
1349 1352 1
1350 1352 1
1351 1352 1
1353 1352 1
1354 1352 1
1349 1353 1
1350 1353 1
1351 1353 1
1352 1353 1
1354 1353 1
1349 1354 1
1350 1354 1
1351 1354 1
1352 1354 1
1353 1354 1
1003 1355 1
117 1356 1
119 1356 1
572 1356 1
450 1357 1
1358 1357 1
450 1358 1
1357 1358 1
258 1359 1
442 1359 1
1013 1359 1
571 1360 2
666 1360 1
576 1361 1
1362 1361 1
576 1362 1
1361 1362 1
1364 1363 1
1365 1363 1
1363 1364 1
1365 1364 1
1363 1365 1
1364 1365 1
890 1366 1
216 1367 1
587 1367 1
1368 1367 1
1369 1367 1
1370 1367 1
216 1368 1
587 1368 1
1367 1368 1
1369 1368 1
1370 1368 1
216 1369 1
587 1369 1
1367 1369 1
1368 1369 1
1370 1369 1
216 1370 1
587 1370 1
1367 1370 1
1368 1370 1
1369 1370 1
504 1371 1
573 1371 1
1372 1371 1
504 1372 1
573 1372 1
1371 1372 1
386 1373 1
928 1373 1
221 1374 1
1375 1374 1
221 1375 1
1374 1375 1
475 1376 1
354 1377 1
397 1377 1
398 1377 1
399 1377 1
36 1378 1
119 1379 1
572 1379 1
144 1380 1
287 1380 1
1381 1380 1
1382 1380 1
1383 1380 1
1384 1380 1
1696 1380 1
1697 1380 1
1804 1380 1
1805 1380 1
1380 1381 1
1382 1381 1
1383 1381 1
1384 1381 1
1380 1382 1
1381 1382 1
1383 1382 1
1384 1382 1
1380 1383 1
1381 1383 1
1382 1383 1
1384 1383 1
1380 1384 1
1381 1384 1
1382 1384 1
1383 1384 1
664 1385 1
1231 1385 1
1387 1386 1
1386 1387 1
730 1388 1
733 1388 1
274 1389 1
572 1390 1
1391 1390 1
1589 1390 1
1591 1390 1
1594 1390 1
1595 1390 1
1596 1390 1
1605 1390 1
1607 1390 1
1610 1390 1
1611 1390 1
1612 1390 1
415 1391 1
416 1391 1
419 1391 1
572 1391 1
1390 1391 1
1569 1391 1
1570 1391 1
1571 1391 1
1572 1391 1
119 1392 1
572 1392 1
1393 1392 1
119 1393 1
572 1393 1
1392 1393 1
103 1394 1
230 1395 1
373 1395 1
52 1396 1
373 1396 1
184 1397 1
432 1397 1
573 1397 1
756 1397 1
1466 1397 1
1581 1397 1
1582 1397 1
251 1398 1
379 1398 1
392 1399 1
860 1399 1
1400 1399 1
392 1400 1
860 1400 1
1399 1400 1
116 1401 1
1402 1401 1
1403 1401 1
1404 1401 1
116 1402 1
1401 1402 1
1403 1402 1
1404 1402 1
116 1403 1
1401 1403 1
1402 1403 1
1404 1403 1
116 1404 1
1401 1404 1
1402 1404 1
1403 1404 1
262 1405 1
1033 1406 1
1407 1406 1
1408 1406 1
1409 1406 1
1033 1407 1
1406 1407 1
1408 1407 1
1409 1407 1
1033 1408 1
1406 1408 1
1407 1408 1
1409 1408 1
1033 1409 1
1406 1409 1
1407 1409 1
1408 1409 1
1411 1410 1
1412 1410 1
1413 1410 1
1410 1411 1
1412 1411 1
1413 1411 1
1410 1412 1
1411 1412 1
1413 1412 1
1410 1413 1
1411 1413 1
1412 1413 1
380 1414 1
385 1414 1
501 1415 1
522 1415 1
1417 1416 1
1418 1416 1
1416 1417 1
1418 1417 1
1416 1418 1
1417 1418 1
95 1419 1
102 1419 1
120 1419 1
121 1419 1
139 1420 1
433 1420 1
560 1420 1
1050 1420 1
1421 1420 1
139 1421 1
433 1421 1
560 1421 1
1050 1421 1
1420 1421 1
338 1422 1
345 1422 3
1440 1422 1
1558 1422 1
354 1423 1
933 1423 1
1424 1423 1
354 1424 1
933 1424 1
1423 1424 1
1003 1425 1
616 1426 1
1427 1426 1
1428 1426 1
616 1427 1
1426 1427 1
1428 1427 1
616 1428 1
1426 1428 1
1427 1428 1
1679 1428 1
1680 1428 1
506 1429 1
184 1430 1
488 1430 1
1431 1430 1
184 1431 1
488 1431 1
1430 1431 1
37 1432 1
1433 1432 1
1434 1432 1
1435 1432 1
1436 1432 1
1437 1432 1
1438 1432 1
1439 1432 1
37 1433 1
1432 1433 1
1434 1433 1
1435 1433 1
1436 1433 1
1437 1433 1
1438 1433 1
1439 1433 1
37 1434 1
1432 1434 1
1433 1434 1
1435 1434 1
1436 1434 1
1437 1434 1
1438 1434 1
1439 1434 1
37 1435 1
1432 1435 1
1433 1435 1
1434 1435 1
1436 1435 1
1437 1435 1
1438 1435 1
1439 1435 1
37 1436 1
1432 1436 1
1433 1436 1
1434 1436 1
1435 1436 1
1437 1436 1
1438 1436 1
1439 1436 1
37 1437 1
1432 1437 1
1433 1437 1
1434 1437 1
1435 1437 1
1436 1437 1
1438 1437 1
1439 1437 1
37 1438 1
1432 1438 1
1433 1438 1
1434 1438 1
1435 1438 1
1436 1438 1
1437 1438 1
1439 1438 1
37 1439 1
1432 1439 1
1433 1439 1
1434 1439 1
1435 1439 1
1436 1439 1
1437 1439 1
1438 1439 1
345 1440 1
1422 1440 1
530 1441 1
1442 1441 1
530 1442 1
1441 1442 1
236 1443 1
1444 1443 1
1445 1443 1
1446 1443 1
236 1444 1
1443 1444 1
1445 1444 1
1446 1444 1
236 1445 1
1443 1445 1
1444 1445 1
1446 1445 1
236 1446 1
1443 1446 1
1444 1446 1
1445 1446 1
223 1447 1
224 1447 1
235 1447 1
238 1447 1
243 1447 1
249 1447 1
1449 1448 1
1448 1449 1
164 1450 1
1451 1450 1
164 1451 1
1450 1451 1
474 1452 1
911 1452 1
205 1453 1
278 1454 1
474 1454 1
1229 1455 1
395 1456 1
474 1456 1
1457 1456 1
395 1457 1
474 1457 1
1456 1457 1
58 1458 1
1460 1459 1
1459 1460 1
710 1461 1
994 1461 1
995 1461 1
388 1462 1
710 1462 1
995 1462 2
16 1463 1
64 1463 1
229 1463 1
1464 1463 1
16 1464 1
64 1464 1
229 1464 1
1463 1464 1
699 1465 1
4 1466 1
184 1466 1
212 1466 1
432 1466 1
1397 1466 1
1467 1466 1
1468 1466 1
1469 1466 1
1470 1466 1
1471 1466 1
1472 1466 1
1473 1466 1
1474 1466 1
1475 1466 1
1476 1466 1
1477 1466 1
1581 1466 1
1582 1466 1
212 1467 1
1466 1467 1
1468 1467 1
1469 1467 1
212 1468 1
1466 1468 1
1467 1468 1
1469 1468 1
212 1469 1
449 1469 1
518 1469 1
573 1469 1
575 1469 1
1466 1469 1
1467 1469 1
1468 1469 1
1688 1469 1
1689 1469 1
1466 1470 1
1471 1470 1
1472 1470 1
1466 1471 1
1470 1471 1
1472 1471 1
1466 1472 1
1470 1472 1
1471 1472 1
1466 1473 1
1474 1473 1
1466 1474 1
1473 1474 1
4 1475 1
1466 1475 1
1476 1475 1
1477 1475 1
4 1476 1
1466 1476 1
1475 1476 1
1477 1476 1
4 1477 1
1466 1477 1
1475 1477 1
1476 1477 1
710 1478 1
995 1478 1
1480 1479 1
1481 1479 1
1482 1479 1
1483 1479 1
1484 1479 1
1479 1480 1
1479 1481 1
1482 1481 1
1483 1481 1
1484 1481 1
1479 1482 1
1481 1482 1
1483 1482 1
1484 1482 1
1479 1483 1
1481 1483 1
1482 1483 1
1484 1483 1
1479 1484 1
1481 1484 1
1482 1484 1
1483 1484 1
1503 1484 1
133 1485 1
330 1485 1
353 1485 1
1486 1485 1
1487 1485 1
133 1486 1
330 1486 1
353 1486 1
1485 1486 1
1487 1486 1
133 1487 1
330 1487 1
353 1487 1
1485 1487 1
1486 1487 1
1489 1488 1
1488 1489 1
421 1490 1
438 1490 1
1492 1490 2
1494 1490 1
189 1491 1
421 1492 1
438 1492 1
1490 1492 2
1494 1492 1
1004 1493 1
421 1494 1
1490 1494 1
1492 1494 1
271 1495 1
272 1495 1
1496 1495 1
1497 1495 1
271 1496 1
272 1496 1
1495 1496 1
1497 1496 1
271 1497 1
272 1497 1
1495 1497 1
1496 1497 1
410 1498 1
710 1498 2
1213 1498 2
190 1499 1
818 1499 1
1500 1499 1
190 1500 1
818 1500 1
1499 1500 1
1502 1501 1
1501 1502 1
1484 1503 1
1504 1503 1
1510 1503 1
1511 1503 1
1512 1503 1
1515 1503 1
1503 1504 1
1506 1505 1
1505 1506 1
464 1507 1
1508 1507 1
1509 1507 1
464 1508 1
1507 1508 1
1509 1508 1
464 1509 1
1507 1509 1
1508 1509 1
187 1510 2
1503 1510 1
1503 1511 1
1512 1511 1
1503 1512 1
1511 1512 1
157 1513 1
265 1513 1
453 1513 1
1514 1513 1
157 1514 1
265 1514 1
453 1514 1
1513 1514 1
1503 1515 1
1746 1515 1
1747 1515 1
1517 1516 1
1516 1517 1
513 1518 1
559 1518 1
753 1518 1
1519 1518 1
513 1519 1
559 1519 1
753 1519 1
1518 1519 1
266 1520 1
1538 1520 1
1539 1520 1
5 1521 1
183 1521 1
559 1521 1
1522 1521 1
5 1522 1
183 1522 1
559 1522 1
1521 1522 1
196 1523 1
608 1523 1
1524 1523 1
196 1524 1
608 1524 1
1523 1524 1
1061 1525 1
333 1526 1
514 1526 1
1527 1526 1
1528 1526 1
333 1527 1
514 1527 1
1526 1527 1
1528 1527 1
333 1528 1
514 1528 1
1526 1528 1
1527 1528 1
551 1529 1
1530 1529 1
551 1530 1
1529 1530 1
517 1531 1
185 1532 1
8 1533 1
1325 1533 1
1534 1533 1
8 1534 1
1325 1534 1
1533 1534 1
344 1535 1
1095 1535 1
1536 1535 1
344 1536 1
1095 1536 1
1535 1536 1
206 1537 1
337 1537 1
338 1537 1
375 1537 1
1520 1538 1
1539 1538 1
1520 1539 1
1538 1539 1
979 1540 1
980 1540 1
557 1541 1
1542 1541 1
557 1542 1
1541 1542 1
103 1543 1
152 1543 1
113 1544 1
1545 1544 1
1546 1544 1
1547 1544 1
113 1545 1
1544 1545 1
1546 1545 1
1547 1545 1
113 1546 1
1544 1546 1
1545 1546 1
1547 1546 1
113 1547 1
1544 1547 1
1545 1547 1
1546 1547 1
303 1548 1
418 1548 1
485 1548 1
1016 1548 1
1549 1548 1
303 1549 1
418 1549 1
485 1549 1
1016 1549 1
1548 1549 1
340 1550 1
1760 1550 1
1761 1550 1
220 1551 1
240 1551 1
1553 1552 1
1554 1552 1
1555 1552 1
1552 1553 1
1554 1553 1
1555 1553 1
1552 1554 1
1553 1554 1
1555 1554 1
1552 1555 1
1553 1555 1
1554 1555 1
338 1556 1
1557 1556 1
1558 1556 1
338 1557 1
1556 1557 1
1558 1557 1
338 1558 2
1422 1558 1
1556 1558 1
1557 1558 1
1 1559 1
287 1559 1
338 1559 3
375 1559 1
615 1559 1
857 1559 1
1560 1559 1
287 1560 1
338 1560 2
831 1560 1
1559 1560 1
304 1561 1
520 1561 1
108 1562 1
109 1562 1
125 1562 1
126 1562 1
1563 1562 1
108 1563 1
109 1563 1
125 1563 1
126 1563 1
1562 1563 1
1565 1564 1
1564 1565 1
1567 1566 1
1568 1566 1
1566 1567 1
1568 1567 1
1566 1568 1
1567 1568 1
415 1569 1
416 1569 1
419 1569 1
1391 1569 1
1570 1569 1
1571 1569 1
1572 1569 1
415 1570 1
416 1570 1
419 1570 1
1391 1570 1
1569 1570 1
1571 1570 1
1572 1570 1
415 1571 1
416 1571 1
419 1571 1
1391 1571 1
1569 1571 1
1570 1571 1
1572 1571 1
415 1572 1
416 1572 1
419 1572 1
1391 1572 1
1569 1572 1
1570 1572 1
1571 1572 1
348 1573 1
890 1573 1
1576 1573 1
348 1574 1
860 1574 1
1575 1574 1
348 1575 1
860 1575 1
1574 1575 1
890 1576 1
1573 1576 1
808 1577 1
1208 1577 1
1578 1577 1
808 1578 1
1208 1578 1
1577 1578 1
1113 1579 1
1580 1579 1
1113 1580 1
1579 1580 1
184 1581 1
432 1581 1
1397 1581 1
1466 1581 1
1582 1581 1
184 1582 1
432 1582 1
1397 1582 1
1466 1582 1
1581 1582 1
520 1583 1
707 1583 1
860 1583 1
1584 1583 1
520 1584 1
707 1584 1
860 1584 1
1583 1584 1
515 1585 1
471 1586 1
535 1586 1
214 1587 1
215 1587 1
1177 1587 1
353 1588 1
503 1588 2
504 1588 1
505 1588 2
548 1588 2
567 1588 1
1590 1588 1
1390 1589 1
353 1590 1
503 1590 1
504 1590 1
505 1590 1
548 1590 1
1588 1590 1
1390 1591 1
426 1592 1
923 1592 1
1178 1592 1
1593 1592 1
426 1593 1
923 1593 1
1178 1593 1
1592 1593 1
1390 1594 1
1595 1594 1
1596 1594 1
1390 1595 1
1594 1595 1
1596 1595 1
1390 1596 1
1594 1596 1
1595 1596 1
1598 1597 1
1599 1597 1
1600 1597 1
1601 1597 1
1602 1597 1
1603 1597 1
1604 1597 1
1597 1598 1
1599 1598 1
1600 1598 1
1601 1598 1
1602 1598 1
1603 1598 1
1604 1598 1
1597 1599 1
1598 1599 1
1600 1599 1
1601 1599 1
1602 1599 1
1603 1599 1
1604 1599 1
1597 1600 1
1598 1600 1
1599 1600 1
1601 1600 1
1602 1600 1
1603 1600 1
1604 1600 1
1597 1601 1
1598 1601 1
1599 1601 1
1600 1601 1
1602 1601 1
1603 1601 1
1604 1601 1
1597 1602 1
1598 1602 1
1599 1602 1
1600 1602 1
1601 1602 1
1603 1602 1
1604 1602 1
1597 1603 1
1598 1603 1
1599 1603 1
1600 1603 1
1601 1603 1
1602 1603 1
1604 1603 1
1597 1604 1
1598 1604 1
1599 1604 1
1600 1604 1
1601 1604 1
1602 1604 1
1603 1604 1
1390 1605 1
1035 1606 1
1390 1607 1
304 1608 1
710 1608 1
1609 1608 1
304 1609 1
710 1609 1
1608 1609 1
1390 1610 1
1611 1610 1
1612 1610 1
1390 1611 1
1610 1611 1
1612 1611 1
1390 1612 1
1610 1612 1
1611 1612 1
422 1613 1
770 1613 1
1614 1613 1
1615 1613 1
422 1614 1
770 1614 1
1613 1614 1
1615 1614 1
422 1615 1
770 1615 1
1613 1615 1
1614 1615 1
452 1616 1
1106 1616 1
1617 1616 1
1618 1616 1
452 1617 1
1106 1617 1
1616 1617 1
1618 1617 1
452 1618 1
1106 1618 1
1215 1618 1
1616 1618 1
1617 1618 1
185 1619 1
710 1620 1
387 1621 1
756 1622 1
8 1623 1
445 1623 1
531 1623 1
1624 1623 1
1625 1623 1
1626 1623 1
1627 1623 1
1628 1623 1
1629 1623 1
8 1624 1
445 1624 1
531 1624 1
1623 1624 1
1625 1624 1
1626 1624 1
1627 1624 1
1628 1624 1
1629 1624 1
8 1625 1
445 1625 1
531 1625 1
1623 1625 1
1624 1625 1
1626 1625 1
1627 1625 1
1628 1625 1
1629 1625 1
8 1626 1
445 1626 1
531 1626 1
1623 1626 1
1624 1626 1
1625 1626 1
1627 1626 1
1628 1626 1
1629 1626 1
8 1627 1
445 1627 1
531 1627 1
1623 1627 1
1624 1627 1
1625 1627 1
1626 1627 1
1628 1627 1
1629 1627 1
8 1628 1
445 1628 1
531 1628 1
1623 1628 1
1624 1628 1
1625 1628 1
1626 1628 1
1627 1628 1
1629 1628 1
8 1629 1
445 1629 1
531 1629 1
1623 1629 1
1624 1629 1
1625 1629 1
1626 1629 1
1627 1629 1
1628 1629 1
756 1630 1
68 1631 1
69 1631 2
209 1631 1
338 1631 1
375 1631 1
412 1631 1
750 1631 1
1184 1631 1
1292 1631 1
1702 1631 1
577 1632 1
1276 1633 1
1635 1634 1
1634 1635 1
351 1636 1
1637 1636 1
351 1637 1
1636 1637 1
407 1638 1
766 1638 1
881 1638 1
882 1638 1
1639 1638 1
1640 1638 1
1641 1638 1
1642 1638 1
407 1639 1
766 1639 1
881 1639 1
882 1639 1
1638 1639 1
1640 1639 1
1641 1639 1
1642 1639 1
407 1640 1
766 1640 1
881 1640 1
882 1640 1
1638 1640 1
1639 1640 1
1641 1640 1
1642 1640 1
407 1641 1
766 1641 1
881 1641 1
882 1641 1
1638 1641 1
1639 1641 1
1640 1641 1
1642 1641 1
407 1642 1
766 1642 1
881 1642 1
882 1642 1
1638 1642 1
1639 1642 1
1640 1642 1
1641 1642 1
226 1643 1
50 1644 1
254 1645 1
513 1645 1
532 1645 1
1646 1645 1
1647 1645 1
1648 1645 1
254 1646 1
513 1646 1
532 1646 1
1645 1646 1
1647 1646 1
1648 1646 1
254 1647 1
513 1647 1
532 1647 1
1645 1647 1
1646 1647 1
1648 1647 1
254 1648 1
513 1648 1
532 1648 1
1645 1648 1
1646 1648 1
1647 1648 1
766 1649 1
1650 1649 1
766 1650 1
1649 1650 1
308 1651 1
1652 1651 1
308 1652 1
1651 1652 1
178 1653 1
1655 1654 1
1654 1655 1
528 1656 1
843 1656 1
1657 1656 1
1658 1656 1
528 1657 1
843 1657 1
1656 1657 1
1658 1657 1
528 1658 1
570 1658 1
621 1658 1
843 1658 1
1656 1658 1
1657 1658 1
1739 1658 1
1740 1658 1
1741 1658 1
1742 1658 1
1743 1658 1
1744 1658 1
1745 1658 1
1660 1659 1
1661 1659 1
1659 1660 1
1661 1660 1
1659 1661 1
1660 1661 1
348 1662 1
707 1662 2
710 1662 1
713 1662 1
206 1663 1
1665 1664 1
1666 1664 1
1667 1664 1
1664 1665 1
1666 1665 1
1667 1665 1
1664 1666 1
1665 1666 1
1667 1666 1
1664 1667 1
1665 1667 1
1666 1667 1
1669 1668 1
1668 1669 1
1671 1670 1
1670 1671 1
1673 1672 1
1672 1673 1
1675 1674 1
1676 1674 1
1674 1675 1
1676 1675 1
1674 1676 1
1675 1676 1
555 1677 1
1678 1677 1
555 1678 1
1677 1678 1
1428 1679 1
1680 1679 1
1428 1680 1
1679 1680 1
1682 1681 1
1683 1681 1
1684 1681 1
1681 1682 1
1683 1682 1
1684 1682 1
1681 1683 1
1682 1683 1
1684 1683 1
1681 1684 1
1682 1684 1
1683 1684 1
25 1685 1
1686 1685 1
1687 1685 1
25 1686 1
1685 1686 1
1687 1686 1
25 1687 1
1685 1687 1
1686 1687 1
449 1688 1
518 1688 1
573 1688 1
575 1688 1
1469 1688 1
1689 1688 1
449 1689 1
518 1689 1
573 1689 1
575 1689 1
1469 1689 1
1688 1689 1
566 1690 1
180 1691 1
230 1691 1
1692 1691 1
180 1692 1
230 1692 1
1691 1692 1
253 1693 1
8 1694 1
156 1694 1
219 1694 1
297 1695 1
1696 1695 1
1697 1695 1
1698 1695 1
144 1696 2
287 1696 2
297 1696 1
1380 1696 1
1695 1696 1
1697 1696 2
1698 1696 1
1804 1696 1
1805 1696 1
144 1697 1
287 1697 1
297 1697 1
1380 1697 1
1695 1697 1
1696 1697 2
1698 1697 1
1804 1697 1
1805 1697 1
144 1698 1
286 1698 1
287 1698 1
297 1698 2
312 1698 1
1149 1698 1
1695 1698 1
1696 1698 1
1697 1698 1
1801 1698 1
1802 1698 1
1803 1698 1
66 1699 1
301 1699 1
384 1699 1
1700 1699 1
1701 1699 1
66 1700 1
301 1700 1
384 1700 1
1699 1700 1
1701 1700 1
66 1701 1
301 1701 1
384 1701 1
1699 1701 1
1700 1701 1
68 1702 1
69 1702 1
750 1702 1
1631 1702 1
590 1703 1
1704 1703 1
1705 1703 1
1706 1703 1
590 1704 1
1703 1704 1
1705 1704 1
1706 1704 1
590 1705 1
1703 1705 1
1704 1705 1
1706 1705 1
590 1706 1
1703 1706 1
1704 1706 1
1705 1706 1
1708 1707 1
1709 1707 1
1707 1708 1
1709 1708 1
1707 1709 1
1708 1709 1
70 1710 1
86 1710 1
130 1710 1
143 1710 1
210 1710 1
1184 1711 1
1713 1712 1
1714 1712 1
1715 1712 1
1716 1712 1
1712 1713 1
1714 1713 1
1715 1713 1
1716 1713 1
1712 1714 1
1713 1714 1
1715 1714 1
1716 1714 1
1712 1715 1
1713 1715 1
1714 1715 1
1716 1715 1
1712 1716 1
1713 1716 1
1714 1716 1
1715 1716 1
1718 1717 2
1820 1717 1
1821 1717 1
1822 1717 1
1717 1718 2
1820 1718 1
1821 1718 1
1822 1718 1
436 1719 1
156 1720 1
172 1720 1
1340 1720 1
924 1721 1
926 1721 1
1722 1721 1
1723 1721 1
924 1722 1
926 1722 1
1721 1722 1
1723 1722 1
924 1723 1
926 1723 1
1721 1723 1
1722 1723 1
73 1724 2
1725 1724 1
1726 1724 1
73 1725 1
1724 1725 1
73 1726 1
1724 1726 1
680 1727 1
1728 1727 1
680 1728 1
1727 1728 1
621 1729 1
504 1730 1
573 1730 1
1731 1730 1
1732 1730 1
1733 1730 1
1734 1730 1
504 1731 1
573 1731 1
1730 1731 1
1732 1731 1
1733 1731 1
1734 1731 1
504 1732 1
573 1732 1
1730 1732 1
1731 1732 1
1733 1732 1
1734 1732 1
504 1733 1
573 1733 1
1730 1733 1
1731 1733 1
1732 1733 1
1734 1733 1
504 1734 1
573 1734 1
1730 1734 1
1731 1734 1
1732 1734 1
1733 1734 1
1736 1735 1
1737 1735 1
1735 1736 1
1737 1736 1
1735 1737 1
1736 1737 1
191 1738 1
1173 1738 1
570 1739 1
621 1739 1
1658 1739 1
1740 1739 1
570 1740 1
621 1740 1
1658 1740 1
1739 1740 1
1658 1741 1
1742 1741 1
1743 1741 1
1744 1741 1
1745 1741 1
1658 1742 1
1741 1742 1
1743 1742 1
1744 1742 1
1745 1742 1
1658 1743 1
1741 1743 1
1742 1743 1
1744 1743 1
1745 1743 1
1658 1744 1
1741 1744 1
1742 1744 1
1743 1744 1
1745 1744 1
1658 1745 1
1741 1745 1
1742 1745 1
1743 1745 1
1744 1745 1
1515 1746 1
1515 1747 1
292 1748 1
1749 1748 1
1750 1748 1
292 1749 1
1748 1749 1
1750 1749 1
292 1750 1
1748 1750 1
1749 1750 1
511 1751 1
512 1751 1
53 1752 1
1215 1752 1
836 1753 1
1754 1753 1
836 1754 1
1753 1754 1
344 1755 1
1756 1755 1
344 1756 1
1755 1756 1
410 1757 1
710 1757 1
993 1757 1
1081 1757 1
260 1758 1
269 1758 1
400 1758 1
1759 1758 1
260 1759 1
269 1759 1
400 1759 1
1758 1759 1
1550 1760 1
1761 1760 1
1550 1761 1
1760 1761 1
1763 1762 1
1764 1762 1
1762 1763 1
1764 1763 1
1762 1764 1
1763 1764 1
1766 1765 1
1765 1766 1
180 1767 3
546 1768 1
1770 1769 1
1771 1769 1
1772 1769 1
1773 1769 1
1774 1769 1
1769 1770 1
1771 1770 1
1772 1770 1
1773 1770 1
1774 1770 1
1769 1771 1
1770 1771 1
1772 1771 1
1773 1771 1
1774 1771 1
1769 1772 1
1770 1772 1
1771 1772 1
1773 1772 1
1774 1772 1
1769 1773 1
1770 1773 1
1771 1773 1
1772 1773 1
1774 1773 1
1769 1774 1
1770 1774 1
1771 1774 1
1772 1774 1
1773 1774 1
1776 1775 1
1777 1775 1
1775 1776 1
1777 1776 1
1775 1777 1
1776 1777 1
1033 1778 1
1779 1778 1
1780 1778 1
1033 1779 1
1778 1779 1
1780 1779 1
1033 1780 1
1778 1780 1
1779 1780 1
338 1781 2
895 1782 1
1201 1782 1
1203 1782 1
1204 1782 1
1784 1783 1
1783 1784 1
9 1785 1
196 1785 1
287 1785 1
323 1785 1
338 1785 2
785 1785 1
851 1785 1
1786 1785 1
1787 1785 1
9 1786 1
323 1786 1
338 1786 1
785 1786 1
1785 1786 1
1787 1786 1
9 1787 1
323 1787 1
338 1787 1
785 1787 1
1785 1787 1
1786 1787 1
1789 1788 1
1790 1788 1
1788 1789 1
1790 1789 1
1788 1790 1
1789 1790 1
1792 1791 1
1791 1792 1
78 1793 1
621 1793 1
131 1794 1
1795 1794 1
1796 1794 1
1797 1794 1
131 1795 1
1794 1795 1
1796 1795 1
1797 1795 1
131 1796 1
1794 1796 1
1795 1796 1
1797 1796 1
131 1797 1
1794 1797 1
1795 1797 1
1796 1797 1
305 1798 1
1799 1798 1
1800 1798 1
305 1799 1
1798 1799 1
1800 1799 1
305 1800 1
1798 1800 1
1799 1800 1
144 1801 1
286 1801 1
287 1801 1
297 1801 1
312 1801 1
1149 1801 1
1698 1801 1
1802 1801 1
1803 1801 1
144 1802 1
286 1802 1
287 1802 1
297 1802 1
312 1802 1
1149 1802 1
1698 1802 1
1801 1802 1
1803 1802 1
144 1803 1
286 1803 1
287 1803 1
297 1803 1
312 1803 1
1149 1803 1
1698 1803 1
1801 1803 1
1802 1803 1
144 1804 1
287 1804 1
1380 1804 1
1696 1804 1
1697 1804 1
1805 1804 1
144 1805 1
287 1805 1
1380 1805 1
1696 1805 1
1697 1805 1
1804 1805 1
11 1806 1
148 1807 1
231 1807 1
1808 1807 1
148 1808 1
231 1808 1
1807 1808 1
1810 1809 1
1809 1810 1
70 1811 1
210 1811 1
389 1811 1
10 1812 1
447 1812 1
1813 1812 1
1814 1812 1
10 1813 1
447 1813 1
1812 1813 1
1814 1813 1
10 1814 1
447 1814 1
1812 1814 1
1813 1814 1
323 1815 1
338 1815 1
831 1815 1
338 1816 1
831 1816 1
484 1817 1
521 1817 1
558 1817 1
1003 1818 1
1819 1818 1
1003 1819 1
1818 1819 1
1717 1820 1
1718 1820 1
1821 1820 1
1822 1820 1
1717 1821 1
1718 1821 1
1820 1821 1
1822 1821 1
1717 1822 1
1718 1822 1
1820 1822 1
1821 1822 1
89 1823 1
90 1823 1
456 1823 1
1172 1823 1
129 1824 1
382 1824 1
1825 1824 1
129 1825 1
382 1825 1
1824 1825 1
1113 1826 1
1827 1826 1
1113 1827 1
1826 1827 1
1829 1828 1
1828 1829 1
