3 1 1
28 1 1
151 1 1
3 2 2
8 2 1
17 2 1
1 3 1
2 3 2
4 3 1
8 3 1
17 3 1
28 3 3
100 3 2
117 3 2
151 3 1
161 3 1
163 3 2
182 3 3
188 3 1
3 4 1
161 4 1
6 5 1
9 5 1
150 5 1
5 6 1
9 6 1
150 6 1
11 7 1
71 7 1
224 7 1
2 8 1
3 8 1
5 9 1
6 9 1
150 9 1
74 10 2
7 11 1
159 12 1
172 13 1
173 13 1
25 14 1
138 14 1
210 14 1
21 15 1
177 15 1
86 16 1
113 16 1
114 16 1
115 16 1
2 17 1
3 17 1
36 18 1
122 18 1
44 19 1
50 19 1
26 20 1
213 20 1
214 20 1
215 20 1
15 21 1
177 21 1
222 22 1
35 23 1
126 23 1
194 23 1
33 24 1
35 24 1
148 24 1
149 24 1
14 25 1
138 25 1
210 25 1
20 26 1
135 26 1
211 26 1
212 26 1
213 26 1
214 26 1
215 26 1
46 27 1
220 27 1
1 28 1
3 28 3
151 28 1
188 28 1
70 29 1
191 29 1
121 30 1
176 30 1
44 31 1
178 31 1
38 32 1
102 32 1
152 32 1
153 32 1
154 32 1
155 32 1
24 33 1
35 33 1
148 33 1
149 33 1
40 34 1
23 35 1
24 35 1
33 35 1
126 35 1
148 35 1
149 35 1
194 35 1
18 36 1
122 36 1
72 37 1
98 37 1
32 38 1
102 38 1
152 38 1
153 38 1
154 38 1
155 38 1
65 39 1
82 39 1
34 40 1
56 40 1
103 40 1
110 40 1
193 40 1
88 41 1
108 41 1
43 42 1
42 43 1
19 44 1
31 44 1
50 44 1
178 44 1
128 45 1
27 46 1
220 46 1
116 47 1
187 47 1
201 47 1
202 47 1
206 47 1
101 48 1
157 49 1
19 50 1
44 50 1
52 51 1
51 52 1
54 53 1
73 53 1
53 54 1
73 54 1
180 55 1
181 55 1
40 56 1
81 56 1
59 57 1
118 57 1
145 58 1
218 58 1
219 58 1
57 59 1
118 59 1
99 60 1
62 61 2
127 61 1
61 62 2
127 62 1
139 62 1
64 63 1
80 63 1
63 64 1
80 64 1
39 65 1
82 65 1
199 66 1
87 67 1
141 67 1
169 68 1
77 69 2
156 69 1
192 69 1
29 70 1
191 70 1
7 71 1
148 71 1
224 71 2
37 72 1
98 72 1
53 73 1
54 73 1
10 74 2
107 75 1
189 75 1
170 76 1
171 76 1
69 77 2
156 77 1
166 78 1
174 79 1
63 80 1
64 80 1
56 81 1
39 82 1
65 82 1
197 83 1
175 84 1
111 85 1
16 86 1
113 86 1
114 86 1
115 86 1
67 87 1
141 87 1
41 88 1
108 88 1
90 89 1
91 89 1
164 89 1
165 89 1
89 90 1
91 90 1
89 91 1
90 91 1
200 91 1
125 92 1
94 93 1
93 94 1
119 95 1
130 95 1
129 96 1
160 97 1
37 98 1
72 98 1
60 99 1
3 100 2
117 100 2
163 100 1
48 101 1
32 102 1
38 102 1
152 102 1
153 102 1
154 102 1
155 102 1
40 103 1
143 104 1
144 104 1
106 105 1
125 105 1
190 105 1
221 105 1
105 106 1
190 106 1
195 106 1
196 106 1
75 107 1
189 107 1
41 108 1
88 108 1
134 109 1
142 109 1
40 110 1
85 111 1
123 112 1
124 112 1
16 113 1
86 113 1
114 113 1
115 113 1
16 114 1
86 114 1
113 114 1
115 114 1
16 115 1
86 115 1
113 115 1
114 115 1
47 116 1
201 116 1
202 116 1
3 117 2
100 117 2
163 117 1
57 118 1
59 118 1
95 119 1
130 119 1
162 120 1
30 121 1
176 121 1
18 122 1
36 122 1
112 123 1
124 123 1
112 124 1
123 124 1
92 125 1
105 125 1
209 125 1
23 126 1
35 126 1
194 126 1
61 127 1
62 127 1
45 128 1
96 129 1
95 130 1
119 130 1
132 131 1
137 131 1
158 131 1
131 132 1
133 132 2
137 132 1
158 132 1
132 133 2
109 134 1
142 134 1
26 135 1
140 136 1
179 136 1
131 137 1
132 137 1
158 137 1
14 138 1
25 138 1
210 138 1
62 139 1
136 140 1
179 140 1
67 141 1
87 141 1
109 142 1
134 142 1
104 143 1
144 143 1
104 144 1
143 144 1
58 145 1
218 145 1
219 145 1
147 146 1
146 147 1
24 148 1
33 148 1
35 148 1
71 148 1
149 148 1
224 148 1
24 149 1
33 149 1
35 149 1
148 149 1
5 150 1
6 150 1
9 150 1
1 151 1
3 151 1
28 151 1
32 152 1
38 152 1
102 152 1
153 152 1
154 152 1
155 152 1
32 153 1
38 153 1
102 153 1
152 153 1
154 153 1
155 153 1
32 154 1
38 154 1
102 154 1
152 154 1
153 154 1
155 154 1
32 155 1
38 155 1
102 155 1
152 155 1
153 155 1
154 155 1
69 156 1
77 156 1
49 157 1
131 158 1
132 158 1
137 158 1
12 159 1
97 160 1
3 161 1
4 161 1
120 162 1
3 163 2
100 163 1
117 163 1
182 163 1
89 164 1
165 164 1
89 165 1
164 165 1
78 166 1
168 167 1
167 168 1
68 169 1
76 170 1
171 170 1
76 171 1
170 171 1
13 172 1
173 172 1
13 173 1
172 173 1
79 174 1
84 175 1
30 176 1
121 176 1
15 177 1
21 177 1
31 178 1
44 178 1
136 179 1
140 179 1
198 179 1
55 180 1
181 180 1
55 181 1
180 181 1
3 182 3
163 182 1
184 183 1
185 183 1
186 183 1
183 184 1
185 184 1
186 184 1
183 185 1
184 185 1
186 185 1
183 186 1
184 186 1
185 186 1
47 187 1
3 188 1
28 188 1
75 189 1
107 189 1
105 190 1
106 190 1
29 191 1
70 191 1
69 192 1
40 193 1
23 194 1
35 194 1
126 194 1
106 195 1
106 196 1
83 197 1
179 198 1
66 199 1
91 200 1
47 201 1
116 201 1
202 201 1
47 202 1
116 202 1
201 202 1
204 203 1
205 203 1
203 204 1
205 204 1
203 205 1
204 205 1
47 206 1
208 207 1
207 208 1
125 209 1
14 210 1
25 210 1
138 210 1
26 211 1
212 211 1
26 212 1
211 212 1
20 213 1
26 213 1
214 213 1
215 213 1
20 214 1
26 214 1
213 214 1
215 214 1
20 215 1
26 215 1
213 215 1
214 215 1
217 216 1
216 217 1
223 217 1
58 218 1
145 218 1
219 218 1
58 219 1
145 219 1
218 219 1
27 220 1
46 220 1
105 221 1
22 222 1
217 223 1
7 224 1
71 224 2
148 224 1
226 225 1
225 226 1
