1474 1 1
144 2 1
246 2 1
252 2 1
354 2 1
1593 2 1
76 3 1
1024 3 1
5 4 1
6 4 4
7 4 2
12 4 2
94 4 1
218 4 1
219 4 3
220 4 1
221 4 2
263 4 1
264 4 1
356 4 2
357 4 1
452 4 1
670 4 1
1251 4 1
1252 4 1
1576 4 1
4 5 1
6 5 1
4 6 4
5 6 1
12 6 1
356 6 2
357 6 2
452 6 1
1499 6 1
1576 6 1
4 7 2
12 7 1
264 7 1
670 7 1
462 8 1
373 9 1
916 9 1
248 10 1
1232 10 1
758 11 1
4 12 2
6 12 1
7 12 1
356 12 1
670 12 1
290 13 1
650 13 1
1628 13 1
316 14 1
1210 14 1
1330 14 1
1331 14 1
304 15 1
1363 15 1
1364 15 1
17 16 1
28 16 1
16 17 1
28 17 1
19 18 1
18 19 1
88 20 1
247 21 1
603 21 1
604 21 1
627 21 1
59 22 2
111 22 2
243 22 2
244 22 2
417 22 2
1248 23 2
882 24 1
914 24 1
968 25 1
1171 25 1
1194 25 1
1637 25 1
27 26 1
68 26 1
457 26 1
556 26 1
866 26 1
26 27 1
68 27 1
192 27 2
247 27 1
337 27 2
439 27 2
455 27 2
457 27 1
556 27 1
603 27 1
617 27 1
628 27 1
865 27 1
866 27 2
870 27 1
1317 27 1
1318 27 1
1319 27 1
1620 27 1
1670 27 1
16 28 1
17 28 1
30 28 1
81 28 1
239 28 2
275 28 1
297 28 1
801 28 1
1582 28 1
243 29 1
28 30 1
81 30 1
1347 31 1
82 32 1
208 32 1
210 32 1
1448 32 1
189 33 1
347 33 1
470 33 1
1396 33 1
1397 33 1
485 34 1
1462 35 1
968 36 1
43 37 1
143 37 1
427 37 1
578 37 1
687 37 1
942 37 1
1096 37 1
1097 37 1
789 38 1
1466 38 1
313 39 1
407 39 1
479 39 1
500 39 1
662 39 1
736 39 1
772 39 1
778 39 1
1456 39 1
1517 39 1
201 40 1
493 40 1
1660 40 1
843 41 1
1649 41 1
332 42 1
1001 42 1
37 43 1
143 43 2
149 43 1
282 43 1
287 43 1
427 43 1
578 43 2
651 43 1
687 43 1
822 43 1
942 43 1
989 43 1
1096 43 1
1097 43 1
1329 43 1
122 44 1
199 44 1
306 44 1
1560 44 1
46 45 1
508 45 1
1027 45 1
1087 45 1
45 46 1
461 46 1
508 46 1
1027 46 1
1087 46 1
143 47 1
191 47 1
194 47 1
988 47 1
485 48 1
954 48 1
1140 48 1
1483 48 1
50 49 1
51 49 1
52 49 1
146 49 1
49 50 1
51 50 1
52 50 1
146 50 1
49 51 1
50 51 1
52 51 1
146 51 1
49 52 1
50 52 1
51 52 1
146 52 1
364 52 1
621 52 1
256 53 1
1043 53 1
55 54 1
509 54 1
1143 54 1
54 55 1
256 55 2
314 55 1
321 55 3
413 55 2
416 55 1
509 55 1
512 55 1
664 55 1
709 55 1
743 55 1
812 55 1
814 55 1
823 55 1
917 55 1
1143 55 1
1297 55 1
1594 55 1
1595 55 1
115 56 1
268 56 1
504 56 1
1674 56 1
396 57 1
683 57 1
684 57 1
130 58 1
409 58 1
849 58 1
1638 58 1
1639 58 1
1640 58 1
1641 58 1
22 59 2
111 59 2
243 59 2
244 59 2
417 59 2
554 60 1
747 60 1
902 60 1
1217 60 1
511 61 2
1475 61 1
1144 62 1
230 63 1
588 63 1
591 63 1
652 63 1
820 63 1
973 63 2
1074 63 1
1076 63 1
1077 63 1
1091 63 1
88 64 1
91 64 1
1010 65 1
436 66 2
441 66 1
1162 66 1
1635 66 1
1684 66 1
125 67 1
318 67 1
1241 67 1
1321 67 1
26 68 1
27 68 1
457 68 1
556 68 1
866 68 1
154 69 1
204 69 1
271 69 1
418 69 1
458 69 1
676 69 1
677 69 1
678 69 1
679 69 1
71 70 1
103 70 1
105 70 1
229 70 1
282 70 1
283 70 2
284 70 1
443 70 1
521 70 1
964 70 1
70 71 1
168 72 1
510 72 2
514 72 1
770 72 1
1173 72 1
1206 72 1
211 73 1
346 73 2
1249 73 1
515 74 2
899 74 1
247 75 1
248 75 1
310 75 1
315 75 1
583 75 1
945 75 1
1221 75 1
1233 75 1
1377 75 1
1378 75 1
1379 75 1
1380 75 1
1381 75 1
3 76 1
1024 76 1
78 77 1
79 77 1
604 77 1
775 77 1
77 78 1
79 78 1
604 78 1
775 78 1
77 79 1
78 79 1
486 79 1
604 79 1
775 79 1
1357 79 1
1358 79 1
1359 79 1
1360 79 1
1361 79 1
1551 79 1
1584 79 1
141 80 1
743 80 2
1405 80 1
28 81 1
30 81 1
32 82 1
529 83 1
543 83 1
605 83 1
745 83 1
1094 83 1
1383 83 1
1601 83 1
279 84 1
1413 84 2
1437 84 1
86 85 1
85 86 1
193 87 1
200 87 1
565 87 1
792 87 1
1607 87 1
1608 87 1
20 88 1
64 88 1
91 88 1
225 88 1
238 89 1
1471 89 1
382 90 1
1367 90 1
64 91 1
88 91 1
262 92 1
819 93 1
884 93 1
1098 93 1
1500 93 1
4 94 1
218 94 1
219 94 1
220 94 1
406 95 2
695 95 2
765 95 2
921 95 1
1441 95 1
1442 95 1
327 96 1
553 97 1
763 97 1
908 97 1
1198 97 1
1504 98 1
1505 98 1
100 99 1
99 100 1
178 101 1
347 101 1
177 102 1
195 102 2
950 102 1
1052 102 3
1203 102 2
70 103 1
104 103 1
105 103 2
115 103 1
116 103 1
117 103 1
229 103 1
521 103 1
103 104 1
105 104 1
115 104 1
116 104 1
117 104 1
70 105 1
103 105 2
104 105 1
115 105 1
116 105 1
117 105 1
229 105 1
413 105 2
416 105 1
521 105 3
658 105 3
1412 105 1
552 106 1
120 107 1
563 107 1
564 107 1
1556 107 1
1557 107 1
1558 107 1
1281 108 1
1282 108 1
203 109 1
339 109 1
852 109 1
860 109 1
910 109 1
911 109 1
1653 109 1
118 110 1
615 110 1
1567 110 1
1568 110 2
22 111 2
59 111 2
243 111 2
244 111 2
417 111 2
143 112 2
254 112 1
366 112 1
461 112 1
499 112 1
633 112 3
434 113 1
1369 113 1
143 114 1
161 114 1
282 114 1
287 114 1
499 114 1
854 114 1
964 114 1
56 115 1
103 115 1
104 115 1
105 115 1
116 115 1
117 115 1
268 115 1
504 115 1
1674 115 1
103 116 1
104 116 1
105 116 1
115 116 1
117 116 1
103 117 1
104 117 1
105 117 1
115 117 1
116 117 1
110 118 1
649 119 1
107 120 1
563 120 1
564 120 1
1556 120 1
1557 120 1
1558 120 1
374 121 1
590 121 1
751 121 1
44 122 1
199 122 1
306 122 1
1560 122 1
715 123 1
774 123 1
850 123 1
851 123 1
868 123 1
869 123 1
1661 123 1
1662 123 1
181 124 1
647 124 1
1037 124 1
1706 124 1
67 125 1
318 125 1
674 125 1
862 125 1
925 125 1
1241 125 1
1321 125 1
201 126 1
202 126 1
521 127 1
965 127 1
1197 127 1
570 128 1
170 129 2
816 129 1
899 129 1
990 129 2
1027 129 1
1053 129 1
1549 129 2
1550 129 1
58 130 1
409 130 1
849 130 1
1638 130 1
1639 130 1
1640 130 1
1641 130 1
839 131 1
506 132 1
403 133 1
538 133 1
1037 133 1
155 134 1
286 135 1
1220 135 1
600 136 1
633 136 1
1124 137 1
260 138 1
294 138 1
295 138 1
665 138 1
682 138 1
212 139 1
241 139 1
248 139 1
260 139 2
274 139 1
377 139 1
901 139 1
949 139 1
1239 139 1
1538 139 1
589 140 1
686 140 1
999 140 1
1265 140 1
80 141 1
254 142 1
618 142 1
1024 142 1
37 143 1
43 143 2
47 143 1
112 143 2
114 143 1
161 143 1
191 143 1
194 143 1
198 143 1
221 143 1
254 143 1
267 143 1
278 143 1
282 143 1
349 143 2
366 143 1
427 143 1
450 143 1
461 143 1
499 143 2
501 143 1
578 143 11
604 143 1
613 143 2
633 143 2
654 143 1
687 143 1
727 143 1
752 143 1
810 143 1
816 143 1
822 143 2
854 143 2
886 143 1
931 143 1
942 143 1
945 143 1
974 143 1
988 143 1
1009 143 1
1025 143 1
1031 143 1
1075 143 1
1079 143 1
1088 143 1
1096 143 1
1097 143 1
1163 143 1
1174 143 2
1213 143 1
1320 143 1
1350 143 1
2 144 1
246 144 1
252 144 1
354 144 1
1593 144 1
516 145 1
620 145 1
761 145 1
798 145 1
49 146 1
50 146 1
51 146 1
52 146 1
527 147 1
1276 147 1
1277 147 1
588 148 1
653 148 1
43 149 1
282 149 1
287 149 1
651 149 1
162 150 1
172 151 1
1690 151 1
883 152 1
1630 152 1
252 153 1
1619 153 1
1656 153 1
1657 153 1
1658 153 1
1699 153 1
1700 153 1
69 154 1
204 154 1
271 154 1
418 154 1
458 154 1
676 154 1
677 154 1
678 154 1
679 154 1
134 155 1
157 156 1
386 156 1
1082 156 1
1334 156 1
1335 156 1
156 157 1
386 157 1
1082 157 1
1334 157 1
1335 157 1
280 158 1
288 158 1
292 158 1
1634 158 1
1414 159 1
1609 160 1
1610 160 1
1611 160 1
1612 160 1
114 161 1
143 161 1
499 161 1
854 161 1
150 162 1
410 163 1
1547 163 1
172 164 1
166 165 1
390 165 1
492 165 1
1402 165 1
165 166 1
390 166 1
492 166 1
1402 166 1
1047 167 2
1085 167 2
1086 167 1
72 168 1
510 168 1
770 168 1
1206 168 1
1008 169 1
1065 169 1
1181 169 2
1449 169 1
129 170 2
338 170 1
507 170 1
816 170 3
895 170 1
899 170 2
987 170 1
990 170 3
1027 170 2
1053 170 2
1152 170 1
1549 170 3
1550 170 1
935 171 1
1131 171 1
151 172 1
164 172 1
173 172 1
175 172 1
437 172 1
457 172 1
1615 172 1
1669 172 1
1671 172 2
1690 172 1
1707 172 1
172 173 1
437 173 1
457 173 1
1615 173 1
253 174 1
1552 174 1
172 175 1
1472 176 1
1522 176 1
102 177 1
195 177 1
1052 177 1
101 178 1
347 178 1
420 178 1
724 178 1
740 178 1
961 178 1
1030 178 1
1336 178 1
1373 178 1
404 179 1
880 179 1
1156 179 1
1207 179 1
846 180 1
124 181 1
647 181 1
1037 181 1
1706 181 1
570 182 1
184 183 1
322 183 1
368 183 1
183 184 1
258 184 1
322 184 1
368 184 1
265 185 1
266 185 1
1055 186 1
1187 186 1
1188 186 1
706 187 1
707 187 1
793 188 1
794 188 1
795 188 1
1621 188 1
1622 188 1
33 189 1
470 189 1
1396 189 1
1397 189 1
449 190 1
655 190 1
656 190 1
1129 190 1
47 191 1
143 191 1
194 191 1
962 191 1
988 191 1
1180 191 1
27 192 2
247 192 1
603 192 1
628 192 1
866 192 1
1317 192 1
1318 192 1
1319 192 1
87 193 1
200 193 1
47 194 1
143 194 1
191 194 1
988 194 1
102 195 2
177 195 1
270 195 1
632 195 1
922 195 1
1037 195 1
1052 195 2
1117 195 1
1118 195 1
1203 195 1
334 196 1
922 196 1
1698 196 1
1001 197 1
143 198 1
499 198 1
974 198 1
44 199 1
122 199 1
306 199 1
1560 199 1
87 200 1
193 200 1
40 201 1
126 201 1
202 201 1
457 201 1
493 201 2
499 201 1
899 201 2
1548 201 1
1660 201 1
126 202 1
201 202 1
109 203 1
860 203 1
69 204 1
154 204 1
271 204 1
418 204 1
458 204 1
676 204 1
677 204 1
678 204 1
679 204 1
206 205 4
484 205 1
730 205 1
774 205 1
1428 205 1
1463 205 1
1518 205 1
1583 205 1
205 206 4
484 206 2
730 206 1
774 206 1
1428 206 1
1463 206 1
1518 206 1
1583 206 1
273 207 1
367 207 1
731 207 1
32 208 1
210 208 1
223 209 1
743 209 1
32 210 1
208 210 1
73 211 1
1249 211 1
139 212 1
248 212 1
260 212 2
1239 212 1
1271 213 1
1559 213 1
1479 214 1
1712 214 1
293 215 1
293 216 1
301 216 1
1032 217 1
1646 217 1
1647 217 1
4 218 1
94 218 1
219 218 1
220 218 1
4 219 3
94 219 1
218 219 1
220 219 1
221 219 2
804 219 1
4 220 1
94 220 1
218 220 1
219 220 1
362 220 1
4 221 2
143 221 1
219 221 2
263 221 1
302 221 1
804 221 1
915 221 1
321 222 1
1333 222 1
1362 222 1
209 223 1
228 223 1
743 223 1
700 224 1
719 224 1
892 224 1
1718 224 1
88 225 1
543 226 1
529 227 1
743 227 1
1555 227 1
223 228 1
70 229 1
103 229 1
105 229 1
278 229 1
307 229 1
338 229 1
383 229 1
421 229 1
442 229 1
448 229 1
521 229 1
964 229 1
966 229 1
976 229 1
977 229 1
981 229 1
1160 229 1
1172 229 1
63 230 1
286 230 1
642 230 1
652 230 1
807 230 1
973 230 1
1091 230 1
669 231 1
670 231 1
236 232 1
273 232 1
320 232 1
1218 232 1
1386 232 1
797 233 1
235 234 1
234 235 1
232 236 1
273 236 1
320 236 1
1218 236 1
1386 236 1
250 237 1
1214 237 1
1393 237 1
89 238 1
1470 238 1
1471 238 1
28 239 2
275 239 4
541 239 1
584 239 2
586 239 1
587 239 3
791 239 1
1312 239 1
1704 239 1
1705 239 1
1033 240 1
1103 240 1
1211 240 1
139 241 1
274 241 1
657 241 1
937 241 1
949 241 1
314 242 1
22 243 2
29 243 1
59 243 2
111 243 2
244 243 2
417 243 2
22 244 2
59 244 2
111 244 2
243 244 2
245 244 1
417 244 2
670 244 1
244 245 1
252 245 1
308 245 1
670 245 1
1585 245 1
2 246 1
144 246 1
252 246 1
354 246 1
1593 246 1
21 247 1
27 247 1
75 247 1
192 247 1
248 247 1
315 247 1
603 247 2
604 247 1
627 247 1
628 247 1
1221 247 1
1233 247 1
1377 247 1
1378 247 1
1379 247 1
1380 247 1
1381 247 1
10 248 1
75 248 1
139 248 1
212 248 1
247 248 1
260 248 1
315 248 1
803 248 1
1221 248 1
1232 248 1
1233 248 2
1339 248 1
1377 248 1
1378 248 1
1379 248 1
1380 248 1
1381 248 1
1238 249 1
237 250 1
1214 250 1
1393 250 1
252 251 1
444 251 1
1215 251 1
1236 251 1
1633 251 1
2 252 1
144 252 1
153 252 1
245 252 1
246 252 1
251 252 1
255 252 1
308 252 3
315 252 1
354 252 1
1387 252 1
1585 252 2
1593 252 1
1619 252 1
1656 252 1
1657 252 1
1658 252 1
174 253 1
1228 253 1
1243 253 1
1458 253 1
1459 253 1
1545 253 1
1552 253 1
112 254 1
142 254 1
143 254 1
352 254 1
499 254 1
501 254 1
578 254 1
609 254 1
611 254 1
613 254 1
617 254 1
618 254 1
811 254 1
1018 254 1
1024 254 1
252 255 1
315 255 1
1387 255 1
53 256 1
55 256 2
319 256 1
321 256 2
413 256 2
416 256 1
812 256 1
814 256 1
1043 256 1
1297 256 1
1594 256 1
1591 257 1
1592 257 1
184 258 1
576 259 1
138 260 1
139 260 2
212 260 2
248 260 1
269 260 1
294 260 1
295 260 1
665 260 2
682 260 1
901 260 1
928 260 1
1346 260 1
1078 261 1
1553 261 1
1715 261 1
92 262 1
4 263 1
221 263 1
4 264 1
7 264 1
185 265 1
266 265 1
185 266 1
265 266 1
143 267 1
282 267 1
854 267 1
56 268 1
115 268 1
504 268 1
1674 268 1
260 269 1
665 269 1
928 269 1
1346 269 1
195 270 1
278 270 1
282 270 1
284 270 1
632 270 1
997 270 2
1037 270 1
69 271 1
154 271 1
204 271 1
418 271 1
458 271 1
676 271 1
677 271 1
678 271 1
679 271 1
875 272 1
876 272 1
877 272 1
207 273 1
232 273 1
236 273 1
320 273 1
367 273 1
731 273 1
1218 273 1
1386 273 1
139 274 1
241 274 1
489 274 1
551 274 1
949 274 1
1048 274 1
1154 274 1
1429 274 1
28 275 1
239 275 4
332 275 1
340 275 1
541 275 1
277 276 1
1673 276 1
276 277 1
1673 277 1
143 278 1
229 278 1
270 278 1
282 278 1
300 278 1
448 278 1
604 278 1
661 278 1
727 278 1
750 278 1
752 278 1
935 278 1
997 278 2
1037 278 1
1385 278 1
1528 278 1
84 279 1
1413 279 1
1437 279 1
158 280 1
288 280 1
292 280 1
1634 280 1
522 281 2
619 281 1
1015 281 1
1042 281 1
1066 281 1
1083 281 1
1509 281 1
43 282 1
70 282 1
114 282 1
143 282 1
149 282 1
267 282 1
270 282 1
278 282 1
283 282 2
284 282 2
287 282 2
651 282 1
854 282 1
964 282 1
997 282 1
70 283 2
282 283 2
284 283 2
287 283 1
599 283 1
1145 283 1
1178 283 1
70 284 1
270 284 1
282 284 2
283 284 2
997 284 1
369 285 1
399 285 1
404 285 1
405 285 1
135 286 1
230 286 1
532 286 1
535 286 1
642 286 1
807 286 1
973 286 1
1220 286 1
43 287 1
114 287 1
149 287 1
282 287 2
283 287 1
599 287 1
651 287 1
964 287 1
1145 287 1
1178 287 1
158 288 1
280 288 1
292 288 1
1634 288 1
290 289 1
438 289 1
13 290 1
289 290 1
438 290 1
650 290 1
1628 290 1
646 291 1
1695 291 1
158 292 1
280 292 1
288 292 1
329 292 1
456 292 2
580 292 1
922 292 1
1110 292 1
1115 292 1
1141 292 1
1183 292 1
1634 292 1
215 293 1
216 293 1
298 293 1
301 293 1
138 294 1
260 294 1
295 294 2
296 294 2
665 294 1
682 294 1
685 294 1
138 295 1
260 295 1
294 295 2
296 295 1
665 295 1
682 295 1
294 296 2
295 296 1
491 296 1
665 296 1
685 296 1
790 296 2
928 296 1
28 297 1
801 297 1
293 298 1
1256 299 1
1257 299 2
278 300 1
449 300 1
997 300 1
1037 300 1
1089 300 1
1143 300 1
1528 300 1
216 301 1
293 301 1
221 302 1
915 302 1
379 303 1
1204 303 1
15 304 1
1363 304 1
1364 304 1
503 305 1
44 306 1
122 306 1
199 306 1
1560 306 1
229 307 1
245 308 1
252 308 3
838 308 1
1585 308 2
400 309 1
535 309 1
699 309 1
847 309 1
75 310 1
583 310 1
945 310 1
1132 311 1
1133 311 2
553 312 1
39 313 1
407 313 1
479 313 1
1456 313 1
55 314 1
242 314 1
321 314 2
529 314 2
543 314 4
665 314 2
743 314 1
1410 314 1
1595 314 1
75 315 1
247 315 1
248 315 1
252 315 1
255 315 1
534 315 1
595 315 1
898 315 1
1221 315 1
1233 315 1
1377 315 1
1378 315 1
1379 315 1
1380 315 1
1381 315 1
1387 315 1
14 316 1
1210 316 1
665 317 2
697 317 2
716 317 1
759 317 1
846 317 1
1226 317 1
1237 317 1
1240 317 2
1391 317 1
67 318 1
125 318 1
1241 318 1
1321 318 1
256 319 1
232 320 1
236 320 1
273 320 1
1218 320 1
1386 320 1
55 321 3
222 321 1
256 321 2
314 321 2
413 321 2
416 321 1
665 321 1
743 321 1
812 321 1
814 321 1
1297 321 1
1333 321 1
1362 321 1
1577 321 1
1594 321 1
1595 321 1
183 322 1
184 322 1
368 322 1
450 323 1
499 323 1
325 324 1
338 324 1
1029 324 1
324 325 1
330 326 1
344 326 3
874 326 1
879 326 2
1021 326 2
1269 326 1
1460 326 2
96 327 1
1447 328 1
292 329 1
456 329 1
1110 329 1
326 330 1
344 330 1
518 331 1
42 332 1
275 332 1
340 332 1
950 332 1
1001 332 1
1039 332 1
1120 332 1
359 333 1
1374 333 1
1375 333 1
196 334 1
922 334 1
1004 334 1
1164 334 1
1698 334 1
1302 335 1
717 336 1
797 336 2
27 337 2
439 337 2
455 337 2
686 337 1
771 337 1
170 338 1
229 338 1
324 338 1
816 338 1
966 338 1
976 338 1
977 338 1
1029 338 1
1152 338 1
109 339 1
637 339 1
786 339 1
852 339 1
911 339 1
275 340 1
332 340 1
350 340 3
476 340 1
570 340 2
571 340 1
899 340 1
1344 340 1
1199 341 1
735 342 1
344 343 1
345 343 1
326 344 3
330 344 1
343 344 1
345 344 1
431 344 1
874 344 1
879 344 1
1250 344 1
1269 344 1
343 345 1
344 345 1
73 346 2
347 346 1
457 346 1
33 347 1
101 347 1
178 347 1
346 347 1
457 347 1
1045 347 1
1099 347 1
1562 347 1
1604 348 1
1605 348 1
1606 348 1
143 349 2
499 349 1
513 349 1
514 349 1
578 349 2
636 349 2
644 349 1
1044 349 1
1174 349 2
1201 349 1
1529 349 1
340 350 3
570 350 1
938 350 1
1636 350 1
1692 350 1
478 351 1
623 351 1
254 352 1
488 352 1
909 352 1
1112 352 1
1113 352 1
1165 352 1
1501 353 1
2 354 1
144 354 1
246 354 1
252 354 1
1593 354 1
1544 355 1
4 356 2
6 356 2
12 356 1
357 356 1
1576 356 1
4 357 1
6 357 2
356 357 1
1497 357 1
1498 357 1
1499 357 1
1576 357 1
935 358 1
333 359 1
1374 359 1
1375 359 1
596 360 1
1533 360 1
543 361 1
697 361 1
726 361 1
790 361 1
1398 361 1
1675 361 1
1676 361 1
220 362 1
404 363 1
1418 363 1
52 364 1
528 365 1
630 365 1
912 365 1
968 365 1
112 366 1
143 366 1
633 366 1
207 367 1
273 367 1
731 367 1
183 368 1
184 368 1
322 368 1
480 368 1
648 368 1
922 368 1
285 369 1
399 369 1
404 369 1
405 369 1
402 370 1
415 371 1
473 371 1
481 372 1
9 373 1
916 373 1
121 374 1
590 374 1
751 374 1
530 375 1
1278 375 3
1279 375 1
440 376 1
449 376 1
1179 376 1
1632 376 1
139 377 1
428 378 2
580 378 1
750 378 1
991 378 1
1011 378 1
303 379 1
1204 379 1
1408 380 1
1409 380 1
460 381 1
1146 381 1
90 382 1
1367 382 1
229 383 1
421 383 1
442 383 1
1001 384 1
403 385 1
825 385 1
1644 385 1
1645 385 1
156 386 1
157 386 1
1082 386 1
1334 386 1
1335 386 1
904 387 1
1406 387 1
590 388 1
1255 388 1
827 389 1
1200 389 1
165 390 1
166 390 1
492 390 1
681 390 1
1254 390 1
1402 390 1
396 391 1
397 391 1
590 391 1
634 391 1
896 391 1
1274 392 1
1072 393 1
523 394 1
524 394 1
525 394 1
1446 395 1
57 396 1
391 396 1
397 396 1
590 396 1
634 396 1
683 396 1
684 396 1
885 396 1
896 396 1
1068 396 1
391 397 1
396 397 1
590 397 1
634 397 1
896 397 1
1519 398 1
285 399 1
369 399 1
404 399 1
405 399 1
537 399 1
924 399 1
1263 399 1
309 400 1
535 400 1
699 400 1
847 400 1
722 401 1
370 402 1
133 403 1
385 403 1
538 403 1
825 403 1
1037 403 1
179 404 1
285 404 1
363 404 1
369 404 1
399 404 1
405 404 1
880 404 1
1156 404 1
1207 404 1
1418 404 1
285 405 1
369 405 1
399 405 1
404 405 1
95 406 2
695 406 2
765 406 2
921 406 1
1441 406 1
1442 406 1
39 407 1
313 407 1
479 407 1
1456 407 1
1103 408 1
58 409 1
130 409 1
849 409 1
1638 409 1
1639 409 1
1640 409 1
1641 409 1
163 410 1
433 410 1
590 410 1
805 410 1
806 410 1
1547 410 1
1572 410 1
456 411 2
580 411 2
1506 412 1
1508 412 1
1570 412 1
55 413 2
105 413 2
256 413 2
321 413 2
416 413 2
447 413 1
521 413 2
658 413 2
812 413 1
814 413 1
1297 413 1
1594 413 1
667 414 1
1005 414 1
371 415 1
473 415 1
55 416 1
105 416 1
256 416 1
321 416 1
413 416 2
521 416 1
658 416 1
814 416 1
1594 416 1
22 417 2
59 417 2
111 417 2
243 417 2
244 417 2
69 418 1
154 418 1
204 418 1
271 418 1
458 418 1
676 418 1
677 418 1
678 418 1
679 418 1
1262 419 1
178 420 1
422 420 1
502 420 1
995 420 1
1106 420 1
1336 420 1
1629 420 1
1701 420 1
229 421 1
383 421 1
442 421 1
420 422 1
704 423 1
867 423 1
764 424 1
1007 425 1
1176 425 1
1177 425 1
451 426 1
680 426 1
1625 426 1
37 427 1
43 427 1
143 427 1
578 427 1
687 427 1
942 427 1
1096 427 1
1097 427 1
378 428 2
580 428 1
991 428 1
1011 428 1
934 429 2
1170 429 2
728 430 1
1404 430 1
344 431 1
1250 431 1
1340 432 1
1341 432 1
1342 432 1
1343 432 2
1348 432 1
1349 432 1
410 433 1
805 433 1
806 433 1
1572 433 1
113 434 1
815 434 2
1369 434 1
1434 435 1
66 436 2
441 436 1
1162 436 1
1635 436 1
1684 436 1
172 437 1
173 437 1
457 437 1
1615 437 1
289 438 1
290 438 1
27 439 2
337 439 2
455 439 2
376 440 1
449 440 1
1179 440 1
1632 440 1
66 441 1
436 441 1
1162 441 1
1635 441 1
229 442 1
383 442 1
421 442 1
70 443 1
964 443 1
251 444 1
580 445 1
1014 445 1
1054 445 1
1060 445 1
1158 445 1
1484 445 1
1485 445 1
1486 445 1
1045 446 1
1049 446 1
413 447 1
229 448 1
278 448 1
190 449 1
300 449 1
376 449 1
440 449 1
489 449 1
655 449 1
656 449 1
687 449 1
816 449 1
1089 449 1
1129 449 1
1143 449 1
1148 449 1
1179 449 1
1366 449 1
1549 449 1
1632 449 1
143 450 1
323 450 1
499 450 2
510 450 1
578 450 1
666 450 2
967 450 1
1125 450 1
426 451 1
680 451 1
1625 451 1
4 452 1
6 452 1
1400 452 1
1401 452 1
656 453 1
1119 453 1
1126 453 1
1322 453 1
457 454 1
27 455 2
337 455 2
439 455 2
292 456 2
329 456 1
411 456 2
580 456 3
1110 456 1
26 457 1
27 457 1
68 457 1
172 457 1
173 457 1
201 457 1
346 457 1
347 457 1
437 457 1
454 457 1
499 457 1
556 457 1
604 457 1
769 457 1
775 457 1
776 457 1
782 457 1
866 457 1
1075 457 1
1121 457 1
1615 457 2
69 458 1
154 458 1
204 458 1
271 458 1
418 458 1
676 458 1
677 458 1
678 458 1
679 458 1
1146 459 1
1629 459 1
1688 459 1
1689 459 1
381 460 1
1146 460 1
46 461 1
112 461 1
143 461 1
633 461 1
8 462 1
708 463 1
831 463 1
1073 464 1
499 465 1
931 465 1
1696 465 1
753 466 1
754 466 1
499 467 1
508 467 1
649 467 2
919 467 1
946 467 1
1124 467 2
1564 467 1
1686 468 1
1687 468 1
640 469 1
649 469 1
894 469 1
957 469 1
33 470 1
189 470 1
1396 470 1
1397 470 1
1101 471 1
1116 471 1
1166 471 1
1421 471 1
1602 472 1
1603 472 1
371 473 1
415 473 1
624 474 1
1372 474 1
1224 475 1
340 476 1
567 477 2
941 477 1
1534 477 1
351 478 1
623 478 1
743 478 1
39 479 1
313 479 1
407 479 1
1456 479 1
368 480 1
562 480 1
648 480 2
922 480 1
1135 480 1
372 481 1
1433 482 1
1337 483 1
1338 483 1
205 484 1
206 484 2
730 484 1
774 484 1
1518 484 1
34 485 1
48 485 1
494 485 1
495 485 1
1439 485 1
1483 485 1
79 486 1
1566 487 1
352 488 1
1112 488 1
1165 488 1
274 489 1
449 489 1
551 489 1
1053 489 1
1154 489 1
1366 489 1
1650 489 1
1651 489 1
784 490 1
296 491 1
665 491 1
790 491 1
928 491 1
165 492 1
166 492 1
390 492 1
1402 492 1
40 493 1
201 493 2
1548 493 1
1660 493 1
485 494 1
495 494 1
485 495 1
494 495 1
761 496 1
721 497 1
828 497 1
781 498 1
878 498 1
112 499 1
114 499 1
143 499 2
161 499 1
198 499 1
201 499 1
254 499 1
323 499 1
349 499 1
450 499 2
457 499 1
465 499 1
467 499 1
649 499 1
666 499 1
854 499 1
931 499 1
974 499 1
1044 499 1
1124 499 1
1696 499 1
39 500 1
662 500 1
736 500 1
778 500 1
143 501 1
254 501 1
548 501 1
578 501 1
649 501 1
420 502 1
963 502 1
1106 502 1
1629 502 2
1701 502 1
305 503 1
56 504 1
115 504 1
268 504 1
1674 504 1
528 505 3
529 505 1
1298 505 1
1451 505 1
1452 505 1
1453 505 1
1454 505 1
1455 505 1
132 506 1
808 506 1
1099 506 1
1208 506 1
1563 506 1
170 507 1
895 507 1
1027 507 1
1549 507 1
45 508 1
46 508 1
467 508 1
919 508 1
946 508 1
956 508 1
1027 508 1
1087 508 1
1288 508 1
1444 508 1
54 509 1
55 509 1
1143 509 1
72 510 2
168 510 1
450 510 1
514 510 1
770 510 1
967 510 1
1125 510 1
1173 510 1
1206 510 1
61 511 2
1475 511 1
55 512 1
664 512 1
917 512 1
349 513 1
514 513 1
72 514 1
349 514 1
510 514 1
513 514 1
1173 514 1
74 515 2
145 516 1
837 517 1
331 518 1
779 519 1
701 520 1
1376 520 1
70 521 1
103 521 1
105 521 3
127 521 1
229 521 1
413 521 2
416 521 1
658 521 2
965 521 1
1020 521 1
1197 521 1
281 522 2
1473 522 1
1509 522 1
394 523 1
524 523 1
525 523 1
394 524 1
523 524 1
525 524 1
394 525 1
523 525 1
524 525 1
930 526 1
1185 526 1
147 527 1
1276 527 1
1277 527 1
365 528 1
505 528 3
529 528 1
912 528 1
968 528 1
1264 528 1
1298 528 2
83 529 1
227 529 1
314 529 2
505 529 1
528 529 1
543 529 3
622 529 1
691 529 1
705 529 1
743 529 3
1308 529 1
1511 529 1
1555 529 1
1601 529 1
375 530 1
1278 530 1
1279 530 1
718 531 1
286 532 1
536 533 1
996 533 1
315 534 1
595 534 1
898 534 1
286 535 1
309 535 1
400 535 1
699 535 1
847 535 1
533 536 1
399 537 1
924 537 1
1263 537 1
133 538 1
403 538 1
1037 538 1
540 539 1
1326 539 1
1327 539 1
539 540 1
239 541 1
275 541 1
1046 542 1
1328 542 1
83 543 1
226 543 1
314 543 4
361 543 1
529 543 3
1464 543 3
1601 543 1
545 544 2
546 544 1
1202 544 1
544 545 2
546 545 1
1202 545 1
544 546 1
545 546 1
1202 546 1
1159 547 1
1161 547 1
1169 547 1
501 548 1
649 548 1
673 549 1
743 550 1
274 551 1
489 551 1
1154 551 1
106 552 1
97 553 1
312 553 1
763 553 2
908 553 1
1198 553 1
1693 553 1
1694 553 1
60 554 1
747 554 1
902 554 1
1217 554 1
859 555 1
1229 555 1
26 556 1
27 556 1
68 556 1
457 556 1
866 556 1
558 557 1
743 557 1
887 557 1
557 558 1
743 558 1
887 558 2
1059 558 1
931 559 1
861 560 1
744 561 1
982 561 1
1624 561 1
480 562 1
648 562 1
1135 562 1
107 563 1
120 563 1
564 563 1
1556 563 1
1557 563 1
1558 563 1
107 564 1
120 564 1
563 564 1
1556 564 1
1557 564 1
1558 564 1
87 565 1
1607 565 1
1608 565 1
567 566 1
477 567 2
566 567 1
941 567 1
1534 567 1
569 568 1
1392 568 1
568 569 1
1392 569 1
128 570 1
182 570 1
340 570 2
350 570 1
571 570 1
340 571 1
570 571 1
573 572 1
631 572 1
1107 572 1
1108 572 1
1569 572 1
572 573 1
1107 573 1
1569 573 1
799 574 1
802 574 1
732 575 1
259 576 1
993 577 1
1071 577 1
1084 577 1
37 578 1
43 578 2
143 578 11
254 578 1
349 578 2
427 578 1
450 578 1
501 578 1
654 578 1
687 578 1
810 578 1
822 578 2
942 578 1
1079 578 1
1088 578 1
1096 578 1
1097 578 1
1163 578 1
1174 578 2
1213 578 1
1350 578 1
592 579 1
1407 579 1
1440 579 1
292 580 1
378 580 1
411 580 2
428 580 1
445 580 1
456 580 3
934 580 1
971 580 1
977 580 1
991 580 3
1011 580 1
1012 580 1
1013 580 1
1014 580 2
1054 580 2
1158 580 1
1485 580 1
1486 580 1
1581 580 1
1325 581 1
1139 582 1
1395 582 1
1445 582 1
75 583 1
310 583 1
607 583 1
608 583 1
945 583 1
239 584 2
586 584 1
587 584 2
1530 585 1
1531 585 1
239 586 1
584 586 1
587 586 1
239 587 3
584 587 2
586 587 1
1312 587 1
63 588 1
148 588 1
653 588 1
820 588 1
973 588 1
140 589 1
686 589 2
999 589 1
1265 589 1
1389 589 1
121 590 1
374 590 1
388 590 1
391 590 1
396 590 1
397 590 1
410 590 1
634 590 1
751 590 1
804 590 1
896 590 1
1051 590 1
1255 590 1
1512 590 1
63 591 1
1076 591 1
579 592 1
961 593 1
1554 594 1
315 595 1
534 595 1
898 595 1
360 596 1
1533 596 1
598 597 1
599 597 1
977 597 1
1175 597 1
597 598 1
599 598 1
977 598 1
1058 598 1
1168 598 1
1175 598 1
1654 598 1
283 599 1
287 599 1
597 599 1
598 599 1
977 599 1
1145 599 1
1175 599 1
1178 599 1
136 600 1
633 600 1
1023 601 1
1510 602 1
21 603 1
27 603 1
192 603 1
247 603 2
604 603 2
627 603 1
628 603 1
21 604 1
77 604 1
78 604 1
79 604 1
143 604 1
247 604 1
278 604 1
457 604 1
603 604 2
627 604 3
727 604 1
752 604 1
775 604 2
776 604 1
888 604 2
83 605 1
1209 606 1
583 607 1
608 607 1
583 608 1
607 608 1
254 609 1
610 609 1
1018 609 1
1648 609 1
609 610 1
1648 610 1
254 611 1
613 611 1
617 611 1
811 611 1
1028 612 1
143 613 2
254 613 1
611 613 1
617 613 1
811 613 1
1031 613 1
1075 613 1
1716 613 1
1040 614 1
1195 614 1
1242 614 1
110 615 1
1419 616 2
1420 616 2
27 617 1
254 617 1
611 617 1
613 617 1
811 617 1
1620 617 1
142 618 1
254 618 1
1024 618 1
281 619 1
1006 619 1
1042 619 1
145 620 1
52 621 1
529 622 1
351 623 1
478 623 1
474 624 1
1372 624 1
988 625 1
906 626 1
920 626 1
1061 626 1
1130 626 1
1227 626 1
1642 626 1
1643 626 1
21 627 1
247 627 1
603 627 1
604 627 3
888 627 2
27 628 1
192 628 1
247 628 1
603 628 1
632 629 1
643 629 1
664 629 1
365 630 1
1382 630 1
1383 630 2
572 631 1
1108 631 1
195 632 1
270 632 1
629 632 1
643 632 1
664 632 1
948 632 1
1037 632 1
112 633 3
136 633 1
143 633 2
366 633 1
461 633 1
600 633 1
391 634 1
396 634 1
397 634 1
590 634 1
896 634 1
1102 635 1
1104 635 1
349 636 2
644 636 1
1201 636 1
1529 636 1
339 637 1
1015 638 1
1616 638 1
1617 638 1
1618 638 1
817 639 1
826 639 1
469 640 1
649 640 1
894 640 1
957 640 1
805 641 1
1345 641 1
230 642 1
286 642 1
807 642 1
973 642 1
1205 642 1
629 643 1
632 643 1
664 643 1
349 644 1
636 644 1
788 645 1
291 646 1
1695 646 1
124 647 1
181 647 1
1037 647 1
1706 647 1
368 648 1
480 648 2
562 648 1
922 648 1
1135 648 1
119 649 1
467 649 2
469 649 1
499 649 1
501 649 1
548 649 1
640 649 1
894 649 1
957 649 1
1124 649 2
1134 649 1
13 650 1
290 650 1
1628 650 1
43 651 1
149 651 1
282 651 1
287 651 1
63 652 1
230 652 1
1091 652 1
148 653 1
588 653 1
143 654 1
578 654 1
190 655 1
449 655 1
656 655 1
1129 655 1
190 656 1
449 656 1
453 656 1
655 656 1
890 656 1
959 656 1
1105 656 1
1119 656 1
1126 656 1
1129 656 1
1147 656 1
1322 656 1
1655 656 1
241 657 1
937 657 1
105 658 3
413 658 2
416 658 1
521 658 2
1412 658 1
1513 659 2
1514 659 2
871 660 1
278 661 1
750 661 1
39 662 1
500 662 1
736 662 1
778 662 1
667 663 1
1167 663 1
1491 663 1
1492 663 1
55 664 1
512 664 1
629 664 1
632 664 1
643 664 1
917 664 1
138 665 1
260 665 2
269 665 1
294 665 1
295 665 1
296 665 1
314 665 2
317 665 2
321 665 1
491 665 1
682 665 1
697 665 2
790 665 1
928 665 2
1346 665 1
450 666 2
499 666 1
414 667 1
663 667 1
923 668 1
231 669 1
670 669 1
4 670 1
7 670 1
12 670 1
231 670 1
244 670 1
245 670 1
669 670 1
881 671 1
985 671 1
1090 671 1
1672 671 1
1368 672 1
549 673 1
125 674 1
862 674 1
925 674 1
785 675 1
1114 675 1
69 676 1
154 676 1
204 676 1
271 676 1
418 676 1
458 676 1
677 676 1
678 676 1
679 676 1
69 677 1
154 677 1
204 677 1
271 677 1
418 677 1
458 677 1
676 677 1
678 677 1
679 677 1
69 678 1
154 678 1
204 678 1
271 678 1
418 678 1
458 678 1
676 678 1
677 678 1
679 678 1
69 679 1
154 679 1
204 679 1
271 679 1
418 679 1
458 679 1
676 679 1
677 679 1
678 679 1
426 680 1
451 680 1
1625 680 1
390 681 1
1254 681 1
138 682 1
260 682 1
294 682 1
295 682 1
665 682 1
57 683 1
396 683 1
684 683 1
57 684 1
396 684 1
683 684 1
294 685 1
296 685 1
140 686 1
337 686 1
589 686 2
771 686 1
999 686 2
1190 686 1
1265 686 1
1389 686 1
1481 686 1
37 687 1
43 687 1
143 687 1
427 687 1
449 687 1
578 687 1
942 687 1
1096 687 1
1097 687 1
689 688 1
1399 688 1
688 689 1
1399 689 1
726 690 1
529 691 1
743 691 1
693 692 1
694 692 1
757 692 1
1626 692 1
1627 692 1
692 693 1
694 693 1
757 693 1
1626 693 1
1627 693 1
692 694 1
693 694 1
757 694 1
1626 694 1
1627 694 1
95 695 2
406 695 2
765 695 2
921 695 1
1441 695 1
1442 695 1
697 696 1
698 696 1
317 697 2
361 697 1
665 697 2
696 697 1
698 697 1
726 697 1
836 697 1
1461 697 1
1675 697 1
1676 697 1
696 698 1
697 698 1
309 699 1
400 699 1
535 699 1
847 699 1
224 700 1
719 700 1
892 700 1
1718 700 1
520 701 1
1376 701 1
716 702 1
1482 702 1
1487 703 1
1488 703 1
423 704 1
867 704 1
529 705 1
187 706 1
707 706 1
187 707 1
706 707 1
463 708 1
831 708 1
55 709 1
823 709 1
1678 710 1
1685 710 1
712 711 1
773 711 1
835 711 1
711 712 1
777 713 1
842 714 1
1390 714 1
123 715 1
774 715 1
850 715 1
851 715 1
868 715 1
869 715 1
1661 715 1
1662 715 1
317 716 1
702 716 1
1253 716 1
1482 716 1
1573 716 1
336 717 1
797 717 1
531 718 1
224 719 1
700 719 1
892 719 1
1718 719 1
1561 720 1
497 721 1
401 722 1
766 723 1
178 724 1
740 724 1
961 724 1
1373 724 1
727 725 1
767 725 1
361 726 1
690 726 1
697 726 1
1675 726 1
1676 726 1
143 727 1
278 727 1
604 727 1
725 727 1
752 727 1
767 727 1
430 728 1
1404 728 1
762 729 2
205 730 1
206 730 1
484 730 1
774 730 1
1518 730 1
207 731 1
273 731 1
367 731 1
575 732 1
734 733 1
733 734 1
748 734 1
759 734 1
1461 734 1
1571 734 1
342 735 1
39 736 1
500 736 1
662 736 1
738 736 1
778 736 1
780 736 1
840 737 1
841 737 1
736 738 1
780 738 1
833 738 1
834 738 1
1384 738 1
740 739 1
178 740 1
724 740 1
739 740 1
856 740 1
961 740 1
1272 740 1
1373 740 1
1494 740 1
1691 740 1
1432 741 1
809 742 1
55 743 1
80 743 2
209 743 1
223 743 1
227 743 1
314 743 1
321 743 1
478 743 1
529 743 3
550 743 1
557 743 1
558 743 1
691 743 1
857 743 1
887 743 1
1308 743 1
1323 743 1
1532 743 1
1555 743 1
1574 743 1
1595 743 1
561 744 1
982 744 1
1624 744 1
83 745 1
1234 746 1
60 747 1
554 747 1
902 747 1
907 747 1
1142 747 1
1149 747 1
1217 747 1
1219 747 1
1457 747 1
1668 747 1
734 748 1
760 749 1
783 749 1
844 749 1
845 749 1
863 749 1
1246 749 1
278 750 1
378 750 1
661 750 1
1186 750 1
121 751 1
374 751 1
590 751 1
143 752 1
278 752 1
604 752 1
727 752 1
466 753 1
754 753 1
466 754 1
753 754 1
1247 755 1
1230 756 1
692 757 1
693 757 1
694 757 1
1626 757 1
1627 757 1
11 758 1
317 759 1
734 759 1
1240 759 1
1571 759 1
749 760 1
783 760 1
844 760 1
845 760 1
863 760 1
1246 760 1
145 761 1
496 761 1
729 762 2
97 763 1
553 763 2
908 763 1
1198 763 1
1693 763 1
1694 763 1
424 764 1
95 765 2
406 765 2
695 765 2
921 765 1
1441 765 1
1442 765 1
723 766 1
797 766 1
1480 766 1
725 767 1
727 767 1
1324 768 1
457 769 1
782 769 1
72 770 1
168 770 1
510 770 1
1206 770 1
337 771 1
686 771 1
39 772 1
1046 772 1
1411 772 1
1517 772 1
711 773 1
123 774 1
205 774 1
206 774 1
484 774 1
715 774 1
730 774 1
850 774 1
851 774 1
868 774 1
869 774 1
1518 774 1
1661 774 1
1662 774 1
77 775 1
78 775 1
79 775 1
457 775 1
604 775 2
776 775 1
457 776 1
604 776 1
775 776 1
713 777 1
39 778 1
500 778 1
662 778 1
736 778 1
519 779 1
736 780 1
738 780 1
498 781 1
878 781 1
457 782 1
769 782 1
749 783 1
760 783 1
844 783 1
845 783 1
863 783 1
1246 783 1
490 784 1
675 785 1
1022 785 1
1114 785 1
1623 785 1
339 786 1
972 787 1
645 788 1
38 789 1
1466 789 1
296 790 2
361 790 1
491 790 1
665 790 1
928 790 1
1398 790 1
239 791 1
1704 791 1
1705 791 1
87 792 1
188 793 1
794 793 1
795 793 1
1621 793 1
1622 793 1
188 794 1
793 794 1
795 794 1
1621 794 1
1622 794 1
188 795 1
793 795 1
794 795 1
1621 795 1
1622 795 1
1293 796 1
233 797 1
336 797 2
717 797 1
766 797 1
145 798 1
574 799 1
801 800 1
1541 800 1
28 801 1
297 801 1
800 801 1
1541 801 1
1542 801 1
574 802 1
248 803 1
1233 803 1
1339 803 1
219 804 1
221 804 1
590 804 1
1051 804 1
410 805 1
433 805 1
641 805 1
806 805 1
1345 805 1
1572 805 1
410 806 1
433 806 1
805 806 1
1572 806 1
230 807 1
286 807 1
642 807 1
973 807 1
506 808 1
1208 808 1
742 809 1
143 810 1
578 810 1
1088 810 1
1350 810 1
254 811 1
611 811 1
613 811 1
617 811 1
55 812 1
256 812 1
321 812 1
413 812 1
1297 812 1
929 813 1
931 813 1
55 814 1
256 814 1
321 814 1
413 814 1
416 814 1
1594 814 1
434 815 2
129 816 1
143 816 1
170 816 3
338 816 1
449 816 1
899 816 2
931 816 1
932 816 1
945 816 1
951 816 1
987 816 1
990 816 3
1003 816 1
1009 816 1
1027 816 1
1038 816 1
1053 816 2
1057 816 1
1087 816 1
1093 816 1
1148 816 1
1152 816 1
1403 816 1
1549 816 2
639 817 1
826 817 1
1127 818 1
93 819 1
884 819 1
1098 819 1
1500 819 1
63 820 1
588 820 1
973 820 1
903 821 1
43 822 1
143 822 2
578 822 2
55 823 1
709 823 1
931 824 1
1026 824 1
385 825 1
403 825 1
639 826 1
817 826 1
389 827 1
891 827 1
1200 827 1
1465 827 1
497 828 1
830 829 1
829 830 1
463 831 1
708 831 1
897 832 1
738 833 1
834 833 1
1384 833 1
738 834 1
833 834 1
1384 834 1
711 835 1
697 836 1
1461 836 1
517 837 1
308 838 1
131 839 1
737 840 1
841 840 1
737 841 1
840 841 1
714 842 1
41 843 1
1649 843 1
749 844 1
760 844 1
783 844 1
845 844 1
863 844 1
1246 844 1
749 845 1
760 845 1
783 845 1
844 845 1
863 845 1
1246 845 1
180 846 1
317 846 1
1226 846 1
1237 846 1
309 847 1
400 847 1
535 847 1
699 847 1
957 848 1
1019 848 1
58 849 1
130 849 1
409 849 1
1638 849 1
1639 849 1
1640 849 1
1641 849 1
123 850 1
715 850 1
774 850 1
851 850 1
868 850 1
869 850 1
1661 850 1
1662 850 1
123 851 1
715 851 1
774 851 1
850 851 1
868 851 1
869 851 1
1661 851 1
1662 851 1
109 852 1
339 852 1
911 852 1
1351 853 1
1352 853 1
1546 853 1
114 854 1
143 854 2
161 854 1
267 854 1
282 854 1
499 854 1
1588 855 1
740 856 1
743 857 1
1323 857 1
1353 858 1
1354 858 1
555 859 1
109 860 1
203 860 1
560 861 1
125 862 1
674 862 1
925 862 1
749 863 1
760 863 1
783 863 1
844 863 1
845 863 1
1246 863 1
968 864 1
1192 864 1
1194 864 1
1543 864 1
27 865 1
26 866 1
27 866 2
68 866 1
192 866 1
457 866 1
556 866 1
1317 866 1
1318 866 1
1319 866 1
423 867 1
704 867 1
123 868 1
715 868 1
774 868 1
850 868 1
851 868 1
869 868 1
1661 868 1
1662 868 1
123 869 1
715 869 1
774 869 1
850 869 1
851 869 1
868 869 1
1661 869 1
1662 869 1
27 870 1
1670 870 1
660 871 1
873 872 1
1631 872 1
872 873 1
1631 873 1
326 874 1
344 874 1
272 875 1
876 875 1
877 875 1
272 876 1
875 876 1
877 876 1
272 877 1
875 877 1
876 877 1
498 878 1
781 878 1
326 879 2
344 879 1
1021 879 1
1269 879 1
1460 879 1
179 880 1
404 880 1
1156 880 1
1207 880 1
671 881 1
985 881 1
1090 881 1
1672 881 1
24 882 1
914 882 1
152 883 1
1630 883 1
93 884 1
819 884 1
1098 884 1
1500 884 1
396 885 1
1068 885 1
143 886 1
557 887 1
558 887 2
743 887 1
1059 887 1
604 888 2
627 888 2
890 889 1
1303 889 1
656 890 1
889 890 1
1063 890 2
1064 890 1
1095 890 2
1100 890 1
1303 890 1
827 891 1
1465 891 1
224 892 1
700 892 1
719 892 1
1718 892 1
1586 893 1
1587 893 1
469 894 1
640 894 1
649 894 1
957 894 1
170 895 1
507 895 1
952 895 1
953 895 1
1021 895 1
1027 895 1
1069 895 1
1070 895 1
1549 895 1
391 896 1
396 896 1
397 896 1
590 896 1
634 896 1
832 897 1
315 898 1
534 898 1
595 898 1
74 899 1
129 899 1
170 899 2
201 899 2
340 899 1
816 899 2
969 899 1
986 899 1
987 899 2
990 899 2
1027 899 1
1053 899 2
1344 899 1
1355 899 1
1356 899 1
1549 899 1
1450 900 1
139 901 1
260 901 1
60 902 1
554 902 1
747 902 1
1217 902 1
821 903 1
387 904 1
1406 904 1
1575 905 1
626 906 1
920 906 1
1061 906 1
1130 906 1
1227 906 1
1642 906 1
1643 906 1
747 907 1
1457 907 1
97 908 1
553 908 1
763 908 1
1198 908 1
352 909 1
1113 909 1
109 910 1
109 911 1
339 911 1
852 911 1
365 912 1
528 912 1
968 912 1
1068 913 1
24 914 1
882 914 1
221 915 1
302 915 1
9 916 1
373 916 1
55 917 1
512 917 1
664 917 1
1515 918 1
1516 918 1
467 919 1
508 919 1
946 919 1
626 920 1
906 920 1
1061 920 1
1130 920 1
1227 920 1
1231 920 1
1565 920 1
1642 920 1
1643 920 1
95 921 1
406 921 1
695 921 1
765 921 1
1441 921 1
1442 921 1
195 922 1
196 922 1
292 922 1
334 922 1
368 922 1
480 922 1
648 922 1
1115 922 1
1117 922 1
1118 922 1
1141 922 1
1183 922 1
1698 922 1
668 923 1
399 924 1
537 924 1
1263 924 1
125 925 1
674 925 1
862 925 1
968 926 1
977 926 1
1007 926 1
930 927 1
932 927 1
1283 927 1
1284 927 1
260 928 1
269 928 1
296 928 1
491 928 1
665 928 2
790 928 1
1346 928 1
813 929 1
930 929 2
931 929 2
932 929 1
1151 929 1
526 930 1
927 930 1
929 930 2
931 930 2
932 930 3
933 930 1
1151 930 1
1155 930 1
1185 930 1
143 931 1
465 931 1
499 931 1
559 931 1
813 931 1
816 931 1
824 931 1
929 931 2
930 931 2
932 931 1
945 931 1
1009 931 1
1026 931 1
1477 931 1
1696 931 1
816 932 1
927 932 1
929 932 1
930 932 3
931 932 1
1003 932 1
1038 932 1
930 933 1
1155 933 1
429 934 2
580 934 1
971 934 1
977 934 1
991 934 1
1012 934 1
1013 934 1
1170 934 2
171 935 1
278 935 1
358 935 1
1000 935 1
1067 935 1
1128 935 1
1131 935 1
1138 935 1
1150 935 1
1123 936 1
241 937 1
657 937 1
350 938 1
1692 938 1
940 939 1
939 940 1
477 941 1
567 941 1
1534 941 1
37 942 1
43 942 1
143 942 1
427 942 1
578 942 1
687 942 1
1096 942 1
1097 942 1
1122 943 2
1245 943 1
947 944 1
75 945 1
143 945 1
310 945 1
583 945 1
816 945 1
931 945 1
1009 945 1
467 946 1
508 946 1
919 946 1
944 947 1
632 948 1
1136 948 1
1137 948 1
139 949 1
241 949 1
274 949 1
102 950 1
332 950 1
1039 950 1
1052 950 1
1203 950 1
816 951 1
1057 951 1
1093 951 1
895 952 1
953 952 1
1021 952 1
1069 952 1
1070 952 1
895 953 1
952 953 1
1021 953 1
1069 953 1
1070 953 1
48 954 1
1140 954 1
983 955 1
984 955 1
1244 955 1
508 956 1
1444 956 1
469 957 1
640 957 1
649 957 1
848 957 1
894 957 1
958 957 1
959 957 3
1019 957 1
1123 957 1
1268 957 1
957 958 1
959 958 1
961 958 1
1123 958 1
1275 958 1
656 959 1
957 959 3
958 959 1
1105 959 1
1123 959 1
1147 959 1
1268 959 1
1655 959 1
1153 960 1
1430 960 1
1431 960 1
178 961 1
593 961 1
724 961 1
740 961 1
958 961 1
1275 961 1
1285 961 1
1286 961 1
1287 961 1
1373 961 1
191 962 1
1180 962 1
502 963 1
1629 963 1
70 964 1
114 964 1
229 964 1
282 964 1
287 964 1
443 964 1
1160 964 1
127 965 1
521 965 1
1197 965 1
229 966 1
338 966 1
976 966 1
977 966 1
450 967 1
510 967 1
1125 967 1
25 968 1
36 968 1
365 968 1
528 968 1
864 968 1
912 968 1
926 968 1
977 968 1
1007 968 1
1171 968 2
1192 968 1
1194 968 3
1196 968 1
1308 968 1
1543 968 1
1637 968 1
1659 968 1
899 969 1
1355 969 1
1356 969 1
1476 970 1
580 971 1
934 971 1
977 971 1
991 971 1
1012 971 1
1013 971 1
787 972 1
63 973 2
230 973 1
286 973 1
588 973 1
642 973 1
807 973 1
820 973 1
143 974 1
198 974 1
499 974 1
1189 975 1
1190 975 1
229 976 1
338 976 1
966 976 1
977 976 1
229 977 1
338 977 1
580 977 1
597 977 1
598 977 1
599 977 1
926 977 1
934 977 1
966 977 1
968 977 1
971 977 1
976 977 1
991 977 1
1007 977 1
1012 977 1
1013 977 1
1175 977 1
994 978 2
980 979 1
979 980 1
229 981 1
1172 981 1
561 982 1
744 982 1
1624 982 1
955 983 1
955 984 1
1244 984 1
671 985 1
881 985 1
1090 985 1
1672 985 1
899 986 1
987 986 1
170 987 1
816 987 1
899 987 2
986 987 1
990 987 1
1053 987 1
47 988 1
143 988 1
191 988 1
194 988 1
625 988 1
1665 988 1
43 989 1
1329 989 1
129 990 2
170 990 3
816 990 3
899 990 2
987 990 1
1027 990 1
1053 990 2
1087 990 1
1403 990 1
1549 990 2
1550 990 1
378 991 1
428 991 1
580 991 3
934 991 1
971 991 1
977 991 1
1011 991 1
1012 991 1
1013 991 1
1014 991 1
993 992 1
1711 992 1
577 993 1
992 993 1
1071 993 1
1711 993 1
978 994 2
420 995 1
1041 995 1
533 996 1
270 997 2
278 997 2
282 997 1
284 997 1
300 997 1
1037 997 1
1528 997 1
1677 997 1
1193 998 1
140 999 1
589 999 1
686 999 2
1265 999 1
935 1000 1
42 1001 1
197 1001 1
332 1001 1
384 1001 1
1006 1001 1
1003 1002 1
1697 1002 1
816 1003 1
932 1003 1
1002 1003 1
1038 1003 1
1697 1003 1
334 1004 1
1164 1004 1
414 1005 1
619 1006 1
1001 1006 1
425 1007 1
926 1007 1
968 1007 1
977 1007 1
1176 1007 1
1177 1007 1
169 1008 1
1065 1008 1
1181 1008 1
1449 1008 1
143 1009 1
816 1009 1
931 1009 1
945 1009 1
65 1010 1
378 1011 1
428 1011 1
580 1011 1
991 1011 1
580 1012 1
934 1012 1
971 1012 1
977 1012 1
991 1012 1
1013 1012 1
580 1013 1
934 1013 1
971 1013 1
977 1013 1
991 1013 1
1012 1013 1
445 1014 1
580 1014 2
991 1014 1
1054 1014 1
1080 1014 1
1158 1014 1
1313 1014 1
1485 1014 1
1486 1014 1
281 1015 1
638 1015 1
1083 1015 1
1182 1015 1
1314 1015 1
1616 1015 1
1617 1015 1
1618 1015 1
1017 1016 1
1016 1017 1
254 1018 1
609 1018 1
848 1019 1
957 1019 1
521 1020 1
326 1021 2
879 1021 1
895 1021 1
952 1021 1
953 1021 1
1069 1021 1
1070 1021 1
1460 1021 2
785 1022 1
1623 1022 1
601 1023 1
3 1024 1
76 1024 1
142 1024 1
254 1024 1
618 1024 1
143 1025 1
824 1026 1
931 1026 1
45 1027 1
46 1027 1
129 1027 1
170 1027 2
507 1027 1
508 1027 1
816 1027 1
895 1027 1
899 1027 1
990 1027 1
1053 1027 1
1087 1027 1
1549 1027 2
612 1028 1
324 1029 1
338 1029 1
178 1030 1
1438 1030 1
143 1031 1
613 1031 1
217 1032 1
1646 1032 1
1647 1032 1
240 1033 1
1103 1033 1
1211 1033 1
1035 1034 1
1036 1034 1
1365 1034 1
1034 1035 1
1036 1035 1
1365 1035 1
1034 1036 1
1035 1036 1
1365 1036 1
124 1037 1
133 1037 1
181 1037 1
195 1037 1
270 1037 1
278 1037 1
300 1037 1
403 1037 1
538 1037 1
632 1037 1
647 1037 1
997 1037 1
1528 1037 1
1706 1037 1
816 1038 1
932 1038 1
1003 1038 1
332 1039 1
950 1039 1
614 1040 1
1242 1040 1
995 1041 1
281 1042 1
619 1042 1
53 1043 1
256 1043 1
349 1044 1
499 1044 1
347 1045 1
446 1045 1
1049 1045 1
1050 1045 1
542 1046 1
772 1046 1
1328 1046 1
167 1047 2
1085 1047 2
1086 1047 1
274 1048 1
1429 1048 1
446 1049 1
1045 1049 1
1045 1050 1
590 1051 1
804 1051 1
102 1052 3
177 1052 1
195 1052 2
950 1052 1
1203 1052 2
129 1053 1
170 1053 2
489 1053 1
816 1053 2
899 1053 2
987 1053 1
990 1053 2
1027 1053 1
1549 1053 1
1650 1053 1
1651 1053 1
445 1054 1
580 1054 2
1014 1054 1
1158 1054 1
1485 1054 1
1486 1054 1
1581 1054 1
186 1055 1
1187 1055 1
1188 1055 1
1268 1056 1
816 1057 1
951 1057 1
1093 1057 1
598 1058 1
1059 1058 1
1168 1058 1
1654 1058 1
558 1059 1
887 1059 1
1058 1059 1
445 1060 1
626 1061 1
906 1061 1
920 1061 1
1130 1061 1
1227 1061 1
1642 1061 1
1643 1061 1
1472 1062 1
890 1063 2
1064 1063 1
1095 1063 2
1100 1063 1
890 1064 1
1063 1064 1
1095 1064 1
1100 1064 1
169 1065 1
1008 1065 1
1181 1065 1
1449 1065 1
281 1066 1
935 1067 1
1128 1067 1
396 1068 1
885 1068 1
913 1068 1
895 1069 1
952 1069 1
953 1069 1
1021 1069 1
1070 1069 1
895 1070 1
952 1070 1
953 1070 1
1021 1070 1
1069 1070 1
577 1071 1
993 1071 1
393 1072 1
464 1073 1
1600 1073 1
63 1074 1
1077 1074 1
143 1075 1
457 1075 1
613 1075 1
1478 1075 1
63 1076 1
591 1076 1
63 1077 1
1074 1077 1
261 1078 1
143 1079 1
578 1079 1
1014 1080 1
1092 1081 1
156 1082 1
157 1082 1
386 1082 1
1334 1082 1
1335 1082 1
281 1083 1
1015 1083 1
577 1084 1
167 1085 2
1047 1085 2
1086 1085 1
167 1086 1
1047 1086 1
1085 1086 1
45 1087 1
46 1087 1
508 1087 1
816 1087 1
990 1087 1
1027 1087 1
1403 1087 1
1493 1087 1
143 1088 1
578 1088 1
810 1088 1
1350 1088 1
300 1089 1
449 1089 1
1143 1089 1
671 1090 1
881 1090 1
985 1090 1
1672 1090 1
63 1091 1
230 1091 1
652 1091 1
1081 1092 1
816 1093 1
951 1093 1
1057 1093 1
83 1094 1
890 1095 2
1063 1095 2
1064 1095 1
1100 1095 1
37 1096 1
43 1096 1
143 1096 1
427 1096 1
578 1096 1
687 1096 1
942 1096 1
1097 1096 1
37 1097 1
43 1097 1
143 1097 1
427 1097 1
578 1097 1
687 1097 1
942 1097 1
1096 1097 1
93 1098 1
819 1098 1
884 1098 1
1500 1098 1
347 1099 1
506 1099 1
1256 1099 1
1257 1099 1
1562 1099 1
890 1100 1
1063 1100 1
1064 1100 1
1095 1100 1
471 1101 1
1116 1101 1
1166 1101 1
1421 1101 1
635 1102 1
240 1103 1
408 1103 1
1033 1103 1
1211 1103 1
635 1104 1
656 1105 1
959 1105 1
1147 1105 1
1655 1105 1
420 1106 1
502 1106 1
1629 1106 1
1701 1106 1
572 1107 1
573 1107 1
1569 1107 1
572 1108 1
631 1108 1
1652 1109 1
292 1110 1
329 1110 1
456 1110 1
1157 1111 1
352 1112 1
488 1112 1
1165 1112 1
352 1113 1
909 1113 1
675 1114 1
785 1114 1
292 1115 1
922 1115 1
1141 1115 1
1183 1115 1
471 1116 1
1101 1116 1
1166 1116 1
1421 1116 1
195 1117 1
922 1117 1
1118 1117 1
195 1118 1
922 1118 1
1117 1118 1
453 1119 1
656 1119 1
1126 1119 1
1322 1119 1
332 1120 1
457 1121 1
1615 1121 1
943 1122 2
1245 1122 1
936 1123 1
957 1123 1
958 1123 1
959 1123 1
137 1124 1
467 1124 2
499 1124 1
649 1124 2
450 1125 1
510 1125 1
967 1125 1
453 1126 1
656 1126 1
1119 1126 1
1322 1126 1
818 1127 1
935 1128 1
1067 1128 1
190 1129 1
449 1129 1
655 1129 1
656 1129 1
626 1130 1
906 1130 1
920 1130 1
1061 1130 1
1227 1130 1
1642 1130 1
1643 1130 1
171 1131 1
935 1131 1
311 1132 1
1133 1132 1
311 1133 2
1132 1133 1
649 1134 1
480 1135 1
562 1135 1
648 1135 1
948 1136 1
1137 1136 1
948 1137 1
1136 1137 1
935 1138 1
1150 1138 1
582 1139 1
48 1140 1
954 1140 1
292 1141 1
922 1141 1
1115 1141 1
1183 1141 1
747 1142 1
1149 1142 1
1219 1142 1
1668 1142 1
54 1143 1
55 1143 1
300 1143 1
449 1143 1
509 1143 1
1089 1143 1
62 1144 1
283 1145 1
287 1145 1
599 1145 1
1178 1145 1
381 1146 1
459 1146 1
460 1146 1
1629 1146 1
1688 1146 1
1689 1146 1
656 1147 1
959 1147 1
1105 1147 1
1655 1147 1
449 1148 1
816 1148 1
1549 1148 1
747 1149 1
1142 1149 1
1219 1149 1
1668 1149 1
935 1150 1
1138 1150 1
929 1151 1
930 1151 1
170 1152 1
338 1152 1
816 1152 1
960 1153 1
1430 1153 1
1431 1153 1
274 1154 1
489 1154 1
551 1154 1
930 1155 1
933 1155 1
179 1156 1
404 1156 1
880 1156 1
1207 1156 1
1111 1157 1
445 1158 1
580 1158 1
1014 1158 1
1054 1158 1
1485 1158 1
1486 1158 1
547 1159 1
229 1160 1
964 1160 1
547 1161 1
1169 1161 1
66 1162 1
436 1162 1
441 1162 1
1635 1162 1
143 1163 1
578 1163 1
1213 1163 1
334 1164 1
1004 1164 1
352 1165 1
488 1165 1
1112 1165 1
471 1166 1
1101 1166 1
1116 1166 1
1421 1166 1
663 1167 1
598 1168 1
1058 1168 1
1654 1168 1
547 1169 1
1161 1169 1
429 1170 2
934 1170 2
25 1171 1
968 1171 2
1194 1171 1
1308 1171 1
1637 1171 1
1659 1171 1
229 1172 1
981 1172 1
72 1173 1
510 1173 1
514 1173 1
143 1174 2
349 1174 2
578 1174 2
597 1175 1
598 1175 1
599 1175 1
977 1175 1
425 1176 1
1007 1176 1
1177 1176 1
425 1177 1
1007 1177 1
1176 1177 1
283 1178 1
287 1178 1
599 1178 1
1145 1178 1
376 1179 1
440 1179 1
449 1179 1
1632 1179 1
191 1180 1
962 1180 1
169 1181 2
1008 1181 1
1065 1181 1
1449 1181 1
1015 1182 1
292 1183 1
922 1183 1
1115 1183 1
1141 1183 1
1702 1184 1
1703 1184 1
526 1185 1
930 1185 1
750 1186 1
186 1187 1
1055 1187 1
1188 1187 1
186 1188 1
1055 1188 1
1187 1188 1
975 1189 1
1190 1189 1
686 1190 1
975 1190 1
1189 1190 1
1481 1190 1
1388 1191 1
864 1192 1
968 1192 1
1194 1192 1
1543 1192 1
998 1193 1
25 1194 1
864 1194 1
968 1194 3
1171 1194 1
1192 1194 1
1543 1194 1
1637 1194 1
614 1195 1
968 1196 1
127 1197 1
521 1197 1
965 1197 1
97 1198 1
553 1198 1
763 1198 1
908 1198 1
341 1199 1
389 1200 1
827 1200 1
349 1201 1
636 1201 1
1529 1201 2
544 1202 1
545 1202 1
546 1202 1
102 1203 2
195 1203 1
950 1203 1
1052 1203 2
303 1204 1
379 1204 1
642 1205 1
72 1206 1
168 1206 1
510 1206 1
770 1206 1
179 1207 1
404 1207 1
880 1207 1
1156 1207 1
506 1208 1
808 1208 1
606 1209 1
14 1210 1
316 1210 1
240 1211 1
1033 1211 1
1103 1211 1
1216 1212 1
1435 1212 1
1436 1212 2
143 1213 1
578 1213 1
1163 1213 1
237 1214 1
250 1214 1
1393 1214 1
251 1215 1
1236 1215 1
1633 1215 1
1212 1216 1
1436 1216 1
60 1217 1
554 1217 1
747 1217 1
902 1217 1
232 1218 1
236 1218 1
273 1218 1
320 1218 1
1386 1218 1
747 1219 1
1142 1219 1
1149 1219 1
1668 1219 1
135 1220 1
286 1220 1
75 1221 1
247 1221 1
248 1221 1
315 1221 1
1233 1221 1
1377 1221 1
1378 1221 1
1379 1221 1
1380 1221 1
1381 1221 1
1223 1222 1
1222 1223 1
475 1224 1
1280 1225 1
317 1226 1
846 1226 1
1237 1226 1
626 1227 1
906 1227 1
920 1227 1
1061 1227 1
1130 1227 1
1642 1227 1
1643 1227 1
253 1228 1
555 1229 1
756 1230 1
920 1231 1
1565 1231 1
10 1232 1
248 1232 1
75 1233 1
247 1233 1
248 1233 2
315 1233 1
803 1233 1
1221 1233 1
1339 1233 1
1377 1233 1
1378 1233 1
1379 1233 1
1380 1233 1
1381 1233 1
746 1234 1
1443 1235 1
251 1236 1
1215 1236 1
1633 1236 1
317 1237 1
846 1237 1
1226 1237 1
249 1238 1
139 1239 1
212 1239 1
317 1240 2
759 1240 1
1391 1240 1
67 1241 1
125 1241 1
318 1241 1
1321 1241 1
614 1242 1
1040 1242 1
253 1243 1
955 1244 1
984 1244 1
943 1245 1
1122 1245 1
749 1246 1
760 1246 1
783 1246 1
844 1246 1
845 1246 1
863 1246 1
755 1247 1
23 1248 2
73 1249 1
211 1249 1
344 1250 1
431 1250 1
4 1251 1
1252 1251 1
4 1252 1
1251 1252 1
716 1253 1
390 1254 1
681 1254 1
388 1255 1
590 1255 1
299 1256 1
1099 1256 1
1257 1256 3
1261 1256 1
299 1257 2
1099 1257 1
1256 1257 3
1270 1257 1
1259 1258 1
1260 1258 1
1258 1259 1
1260 1259 1
1258 1260 1
1259 1260 1
1256 1261 1
419 1262 1
399 1263 1
537 1263 1
924 1263 1
528 1264 1
140 1265 1
589 1265 1
686 1265 1
999 1265 1
1267 1266 1
1266 1267 1
957 1268 1
959 1268 1
1056 1268 1
326 1269 1
344 1269 1
879 1269 1
1257 1270 1
213 1271 1
740 1272 1
1273 1272 1
1691 1272 1
1272 1273 1
392 1274 1
958 1275 1
961 1275 1
147 1276 1
527 1276 1
1277 1276 1
147 1277 1
527 1277 1
1276 1277 1
375 1278 3
530 1278 1
1279 1278 1
375 1279 1
530 1279 1
1278 1279 1
1225 1280 1
108 1281 1
1282 1281 1
108 1282 1
1281 1282 1
927 1283 1
1284 1283 1
927 1284 1
1283 1284 1
961 1285 1
961 1286 1
1287 1286 1
961 1287 1
1286 1287 1
508 1288 1
1290 1289 1
1291 1289 1
1292 1289 1
1289 1290 1
1291 1290 1
1292 1290 1
1289 1291 1
1290 1291 1
1292 1291 1
1289 1292 1
1290 1292 1
1291 1292 1
796 1293 1
1294 1293 1
1293 1294 1
1296 1295 1
1295 1296 1
55 1297 1
256 1297 1
321 1297 1
413 1297 1
812 1297 1
505 1298 1
528 1298 2
1300 1299 1
1301 1299 1
1299 1300 1
1301 1300 1
1299 1301 1
1300 1301 1
335 1302 1
889 1303 1
890 1303 1
1305 1304 1
1306 1304 1
1307 1304 1
1304 1305 1
1306 1305 1
1307 1305 1
1304 1306 1
1305 1306 1
1307 1306 1
1304 1307 1
1305 1307 1
1306 1307 1
529 1308 1
743 1308 1
968 1308 1
1171 1308 1
1659 1308 1
1310 1309 2
1311 1309 1
1309 1310 2
1311 1310 1
1309 1311 1
1310 1311 1
239 1312 1
587 1312 1
1014 1313 1
1015 1314 1
1316 1315 1
1315 1316 1
27 1317 1
192 1317 1
866 1317 1
1318 1317 1
1319 1317 1
27 1318 1
192 1318 1
866 1318 1
1317 1318 1
1319 1318 1
27 1319 1
192 1319 1
866 1319 1
1317 1319 1
1318 1319 1
143 1320 1
67 1321 1
125 1321 1
318 1321 1
1241 1321 1
453 1322 1
656 1322 1
1119 1322 1
1126 1322 1
743 1323 1
857 1323 1
768 1324 1
581 1325 1
539 1326 1
539 1327 1
542 1328 1
1046 1328 1
43 1329 1
989 1329 1
14 1330 1
1331 1330 1
14 1331 1
1330 1331 1
1333 1332 1
222 1333 1
321 1333 1
1332 1333 1
1362 1333 1
156 1334 1
157 1334 1
386 1334 1
1082 1334 1
1335 1334 1
156 1335 1
157 1335 1
386 1335 1
1082 1335 1
1334 1335 1
178 1336 1
420 1336 1
483 1337 1
1338 1337 1
483 1338 1
1337 1338 1
248 1339 1
803 1339 1
1233 1339 1
432 1340 1
1341 1340 1
1342 1340 1
1343 1340 1
432 1341 1
1340 1341 1
1342 1341 1
1343 1341 1
432 1342 1
1340 1342 1
1341 1342 1
1343 1342 1
432 1343 2
1340 1343 1
1341 1343 1
1342 1343 1
1348 1343 1
1349 1343 1
340 1344 1
899 1344 1
641 1345 1
805 1345 1
260 1346 1
269 1346 1
665 1346 1
928 1346 1
31 1347 1
432 1348 1
1343 1348 1
1349 1348 1
432 1349 1
1343 1349 1
1348 1349 1
143 1350 1
578 1350 1
810 1350 1
1088 1350 1
853 1351 1
1352 1351 1
853 1352 1
1351 1352 1
858 1353 1
1354 1353 1
858 1354 1
1353 1354 1
899 1355 1
969 1355 1
1356 1355 1
899 1356 1
969 1356 1
1355 1356 1
79 1357 1
79 1358 1
79 1359 1
1360 1359 1
1361 1359 1
79 1360 1
1359 1360 1
1361 1360 1
79 1361 1
1359 1361 1
1360 1361 1
222 1362 1
321 1362 1
1333 1362 1
15 1363 1
304 1363 1
1364 1363 1
15 1364 1
304 1364 1
1363 1364 1
1034 1365 1
1035 1365 1
1036 1365 1
449 1366 1
489 1366 1
90 1367 1
382 1367 1
672 1368 1
113 1369 1
434 1369 1
1371 1370 1
1370 1371 1
474 1372 1
624 1372 1
178 1373 1
724 1373 1
740 1373 1
961 1373 1
333 1374 1
359 1374 1
1375 1374 1
333 1375 1
359 1375 1
1374 1375 1
520 1376 1
701 1376 1
75 1377 1
247 1377 1
248 1377 1
315 1377 1
1221 1377 1
1233 1377 1
1378 1377 1
1379 1377 1
1380 1377 1
1381 1377 1
75 1378 1
247 1378 1
248 1378 1
315 1378 1
1221 1378 1
1233 1378 1
1377 1378 1
1379 1378 1
1380 1378 1
1381 1378 1
75 1379 1
247 1379 1
248 1379 1
315 1379 1
1221 1379 1
1233 1379 1
1377 1379 1
1378 1379 1
1380 1379 1
1381 1379 1
75 1380 1
247 1380 1
248 1380 1
315 1380 1
1221 1380 1
1233 1380 1
1377 1380 1
1378 1380 1
1379 1380 1
1381 1380 1
75 1381 1
247 1381 1
248 1381 1
315 1381 1
1221 1381 1
1233 1381 1
1377 1381 1
1378 1381 1
1379 1381 1
1380 1381 1
630 1382 1
1383 1382 1
83 1383 1
630 1383 2
1382 1383 1
738 1384 1
833 1384 1
834 1384 1
278 1385 1
232 1386 1
236 1386 1
273 1386 1
320 1386 1
1218 1386 1
252 1387 1
255 1387 1
315 1387 1
1191 1388 1
589 1389 1
686 1389 1
714 1390 1
317 1391 1
1240 1391 1
568 1392 1
569 1392 1
237 1393 1
250 1393 1
1214 1393 1
1717 1394 1
582 1395 1
33 1396 1
189 1396 1
470 1396 1
1397 1396 1
33 1397 1
189 1397 1
470 1397 1
1396 1397 1
361 1398 1
790 1398 1
688 1399 1
689 1399 1
452 1400 1
1401 1400 1
452 1401 1
1400 1401 1
165 1402 1
166 1402 1
390 1402 1
492 1402 1
816 1403 1
990 1403 1
1087 1403 1
430 1404 1
728 1404 1
80 1405 1
387 1406 1
904 1406 1
579 1407 1
380 1408 1
1409 1408 1
380 1409 1
1408 1409 1
314 1410 1
772 1411 1
105 1412 1
658 1412 1
84 1413 2
279 1413 1
1437 1413 1
159 1414 1
1416 1415 1
1417 1415 1
1415 1416 1
1417 1416 1
1415 1417 1
1416 1417 1
363 1418 1
404 1418 1
616 1419 2
1420 1419 2
616 1420 2
1419 1420 2
471 1421 1
1101 1421 1
1116 1421 1
1166 1421 1
1423 1422 1
1424 1422 1
1425 1422 1
1422 1423 1
1424 1423 1
1425 1423 1
1422 1424 1
1423 1424 1
1425 1424 1
1422 1425 1
1423 1425 1
1424 1425 1
1427 1426 1
1426 1427 1
205 1428 1
206 1428 1
274 1429 1
1048 1429 1
960 1430 1
1153 1430 1
1431 1430 1
960 1431 1
1153 1431 1
1430 1431 1
741 1432 1
482 1433 1
435 1434 1
1212 1435 1
1212 1436 2
1216 1436 1
84 1437 1
279 1437 1
1413 1437 1
1030 1438 1
485 1439 1
579 1440 1
95 1441 1
406 1441 1
695 1441 1
765 1441 1
921 1441 1
1442 1441 1
95 1442 1
406 1442 1
695 1442 1
765 1442 1
921 1442 1
1441 1442 1
1235 1443 1
508 1444 1
956 1444 1
582 1445 1
395 1446 1
328 1447 1
32 1448 1
169 1449 1
1008 1449 1
1065 1449 1
1181 1449 1
900 1450 1
505 1451 1
1452 1451 1
1453 1451 1
1454 1451 1
1455 1451 1
505 1452 1
1451 1452 1
1453 1452 1
1454 1452 1
1455 1452 1
505 1453 1
1451 1453 1
1452 1453 1
1454 1453 1
1455 1453 1
505 1454 1
1451 1454 1
1452 1454 1
1453 1454 1
1455 1454 1
505 1455 1
1451 1455 1
1452 1455 1
1453 1455 1
1454 1455 1
39 1456 1
313 1456 1
407 1456 1
479 1456 1
747 1457 1
907 1457 1
253 1458 1
1459 1458 1
253 1459 1
1458 1459 1
326 1460 2
879 1460 1
1021 1460 2
697 1461 1
734 1461 1
836 1461 1
35 1462 1
205 1463 1
206 1463 1
543 1464 3
827 1465 1
891 1465 1
38 1466 1
789 1466 1
1468 1467 1
1469 1467 1
1467 1468 1
1469 1468 1
1467 1469 1
1468 1469 1
238 1470 1
89 1471 1
238 1471 1
176 1472 1
1062 1472 1
1522 1472 1
522 1473 1
1 1474 1
61 1475 1
511 1475 1
970 1476 1
931 1477 1
1075 1478 1
214 1479 1
766 1480 1
686 1481 1
1190 1481 1
702 1482 1
716 1482 1
48 1483 1
485 1483 1
445 1484 1
445 1485 1
580 1485 1
1014 1485 1
1054 1485 1
1158 1485 1
1486 1485 1
445 1486 1
580 1486 1
1014 1486 1
1054 1486 1
1158 1486 1
1485 1486 1
703 1487 1
1488 1487 1
703 1488 1
1487 1488 1
1490 1489 1
1489 1490 1
663 1491 1
1492 1491 1
663 1492 1
1491 1492 1
1087 1493 1
740 1494 1
1496 1495 1
1495 1496 1
357 1497 1
1498 1497 1
357 1498 1
1497 1498 1
6 1499 1
357 1499 1
93 1500 1
819 1500 1
884 1500 1
1098 1500 1
353 1501 1
1503 1502 1
1502 1503 1
98 1504 1
1505 1504 1
98 1505 1
1504 1505 1
412 1506 1
1507 1506 1
1508 1506 1
1506 1507 1
412 1508 1
1506 1508 1
281 1509 1
522 1509 1
602 1510 1
529 1511 1
590 1512 1
659 1513 2
1514 1513 2
659 1514 2
1513 1514 2
918 1515 1
1516 1515 1
918 1516 1
1515 1516 1
39 1517 1
772 1517 1
205 1518 1
206 1518 1
484 1518 1
730 1518 1
774 1518 1
398 1519 1
1521 1520 1
1520 1521 1
176 1522 1
1472 1522 1
1524 1523 1
1523 1524 1
1526 1525 1
1527 1525 1
1525 1526 1
1527 1526 1
1525 1527 1
1526 1527 1
278 1528 1
300 1528 1
997 1528 1
1037 1528 1
349 1529 1
636 1529 1
1201 1529 2
585 1530 1
1531 1530 1
585 1531 1
1530 1531 1
743 1532 1
360 1533 1
596 1533 1
477 1534 1
567 1534 1
941 1534 1
1536 1535 1
1537 1535 1
1535 1536 1
1537 1536 1
1535 1537 1
1536 1537 1
139 1538 1
1540 1539 1
1539 1540 1
800 1541 1
801 1541 1
801 1542 1
864 1543 1
968 1543 1
1192 1543 1
1194 1543 1
355 1544 1
253 1545 1
853 1546 1
163 1547 1
410 1547 1
201 1548 1
493 1548 1
129 1549 2
170 1549 3
449 1549 1
507 1549 1
816 1549 2
895 1549 1
899 1549 1
990 1549 2
1027 1549 2
1053 1549 1
1148 1549 1
1550 1549 1
129 1550 1
170 1550 1
990 1550 1
1549 1550 1
79 1551 1
174 1552 1
253 1552 1
261 1553 1
594 1554 1
227 1555 1
529 1555 1
743 1555 1
107 1556 1
120 1556 1
563 1556 1
564 1556 1
1557 1556 1
1558 1556 1
107 1557 1
120 1557 1
563 1557 1
564 1557 1
1556 1557 1
1558 1557 1
107 1558 1
120 1558 1
563 1558 1
564 1558 1
1556 1558 1
1557 1558 1
213 1559 1
44 1560 1
122 1560 1
199 1560 1
306 1560 1
720 1561 1
347 1562 1
1099 1562 1
506 1563 1
467 1564 1
920 1565 1
1231 1565 1
487 1566 1
110 1567 1
110 1568 2
572 1569 1
573 1569 1
1107 1569 1
412 1570 1
734 1571 1
759 1571 1
410 1572 1
433 1572 1
805 1572 1
806 1572 1
716 1573 1
743 1574 1
905 1575 1
4 1576 1
6 1576 1
356 1576 1
357 1576 1
321 1577 1
1578 1577 1
1579 1577 1
1580 1577 1
1577 1578 1
1577 1579 1
1580 1579 1
1577 1580 1
1579 1580 1
580 1581 1
1054 1581 1
28 1582 1
205 1583 1
206 1583 1
79 1584 1
245 1585 1
252 1585 2
308 1585 2
893 1586 1
1587 1586 1
893 1587 1
1586 1587 1
855 1588 1
1590 1589 1
1589 1590 1
257 1591 1
1592 1591 1
257 1592 1
1591 1592 1
2 1593 1
144 1593 1
246 1593 1
252 1593 1
354 1593 1
55 1594 1
256 1594 1
321 1594 1
413 1594 1
416 1594 1
814 1594 1
55 1595 1
314 1595 1
321 1595 1
743 1595 1
1597 1596 1
1598 1596 1
1599 1596 1
1596 1597 1
1598 1597 1
1599 1597 1
1596 1598 1
1597 1598 1
1599 1598 1
1596 1599 1
1597 1599 1
1598 1599 1
1073 1600 1
83 1601 1
529 1601 1
543 1601 1
472 1602 1
1603 1602 1
472 1603 1
1602 1603 1
348 1604 1
1605 1604 1
1606 1604 1
348 1605 1
1604 1605 1
1606 1605 1
348 1606 1
1604 1606 1
1605 1606 1
87 1607 1
565 1607 1
1608 1607 1
87 1608 1
565 1608 1
1607 1608 1
160 1609 1
1610 1609 1
1611 1609 1
1612 1609 1
160 1610 1
1609 1610 1
1611 1610 1
1612 1610 1
160 1611 1
1609 1611 1
1610 1611 1
1612 1611 1
160 1612 1
1609 1612 1
1610 1612 1
1611 1612 1
1614 1613 1
1613 1614 1
172 1615 1
173 1615 1
437 1615 1
457 1615 2
1121 1615 1
638 1616 1
1015 1616 1
1617 1616 1
1618 1616 1
638 1617 1
1015 1617 1
1616 1617 1
1618 1617 1
638 1618 1
1015 1618 1
1616 1618 1
1617 1618 1
153 1619 1
252 1619 1
1699 1619 1
1700 1619 1
27 1620 1
617 1620 1
188 1621 1
793 1621 1
794 1621 1
795 1621 1
1622 1621 1
188 1622 1
793 1622 1
794 1622 1
795 1622 1
1621 1622 1
785 1623 1
1022 1623 1
561 1624 1
744 1624 1
982 1624 1
426 1625 1
451 1625 1
680 1625 1
692 1626 1
693 1626 1
694 1626 1
757 1626 1
1627 1626 1
692 1627 1
693 1627 1
694 1627 1
757 1627 1
1626 1627 1
13 1628 1
290 1628 1
650 1628 1
420 1629 1
459 1629 1
502 1629 2
963 1629 1
1106 1629 1
1146 1629 1
1688 1629 1
1689 1629 1
1701 1629 1
152 1630 1
883 1630 1
872 1631 1
873 1631 1
376 1632 1
440 1632 1
449 1632 1
1179 1632 1
251 1633 1
1215 1633 1
1236 1633 1
158 1634 1
280 1634 1
288 1634 1
292 1634 1
66 1635 1
436 1635 1
441 1635 1
1162 1635 1
350 1636 1
25 1637 1
968 1637 1
1171 1637 1
1194 1637 1
58 1638 1
130 1638 1
409 1638 1
849 1638 1
1639 1638 1
1640 1638 1
1641 1638 1
58 1639 1
130 1639 1
409 1639 1
849 1639 1
1638 1639 1
1640 1639 1
1641 1639 1
58 1640 1
130 1640 1
409 1640 1
849 1640 1
1638 1640 1
1639 1640 1
1641 1640 1
58 1641 1
130 1641 1
409 1641 1
849 1641 1
1638 1641 1
1639 1641 1
1640 1641 1
626 1642 1
906 1642 1
920 1642 1
1061 1642 1
1130 1642 1
1227 1642 1
1643 1642 1
626 1643 1
906 1643 1
920 1643 1
1061 1643 1
1130 1643 1
1227 1643 1
1642 1643 1
385 1644 1
1645 1644 1
385 1645 1
1644 1645 1
217 1646 1
1032 1646 1
1647 1646 1
217 1647 1
1032 1647 1
1646 1647 1
609 1648 1
610 1648 1
41 1649 1
843 1649 1
489 1650 1
1053 1650 1
1651 1650 1
489 1651 1
1053 1651 1
1650 1651 1
1109 1652 1
109 1653 1
598 1654 1
1058 1654 1
1168 1654 1
656 1655 1
959 1655 1
1105 1655 1
1147 1655 1
153 1656 1
252 1656 1
1657 1656 1
1658 1656 1
153 1657 1
252 1657 1
1656 1657 1
1658 1657 1
153 1658 1
252 1658 1
1656 1658 1
1657 1658 1
968 1659 1
1171 1659 1
1308 1659 1
40 1660 1
201 1660 1
493 1660 1
123 1661 1
715 1661 1
774 1661 1
850 1661 1
851 1661 1
868 1661 1
869 1661 1
1662 1661 1
123 1662 1
715 1662 1
774 1662 1
850 1662 1
851 1662 1
868 1662 1
869 1662 1
1661 1662 1
1664 1663 1
1663 1664 1
988 1665 1
1667 1666 1
1666 1667 1
747 1668 1
1142 1668 1
1149 1668 1
1219 1668 1
172 1669 1
27 1670 1
870 1670 1
172 1671 2
671 1672 1
881 1672 1
985 1672 1
1090 1672 1
276 1673 1
277 1673 1
56 1674 1
115 1674 1
268 1674 1
504 1674 1
361 1675 1
697 1675 1
726 1675 1
1676 1675 1
361 1676 1
697 1676 1
726 1676 1
1675 1676 1
997 1677 1
710 1678 1
1680 1679 1
1679 1680 1
1682 1681 1
1683 1681 1
1681 1682 1
1683 1682 1
1681 1683 1
1682 1683 1
66 1684 1
436 1684 1
710 1685 1
468 1686 1
1687 1686 1
468 1687 1
1686 1687 1
459 1688 1
1146 1688 1
1629 1688 1
1689 1688 1
459 1689 1
1146 1689 1
1629 1689 1
1688 1689 1
151 1690 1
172 1690 1
740 1691 1
1272 1691 1
350 1692 1
938 1692 1
553 1693 1
763 1693 1
1694 1693 1
553 1694 1
763 1694 1
1693 1694 1
291 1695 1
646 1695 1
465 1696 1
499 1696 1
931 1696 1
1002 1697 1
1003 1697 1
196 1698 1
334 1698 1
922 1698 1
153 1699 1
1619 1699 1
1700 1699 1
153 1700 1
1619 1700 1
1699 1700 1
420 1701 1
502 1701 1
1106 1701 1
1629 1701 1
1184 1702 1
1703 1702 1
1184 1703 1
1702 1703 1
239 1704 1
791 1704 1
1705 1704 1
239 1705 1
791 1705 1
1704 1705 1
124 1706 1
181 1706 1
647 1706 1
1037 1706 1
172 1707 1
1709 1708 1
1710 1708 1
1708 1709 1
1710 1709 1
1708 1710 1
1709 1710 1
992 1711 1
993 1711 1
214 1712 1
1714 1713 1
1713 1714 1
261 1715 1
613 1716 1
1394 1717 1
224 1718 1
700 1718 1
719 1718 1
892 1718 1
1720 1719 1
1721 1719 1
1719 1720 1
1721 1720 1
1719 1721 1
1720 1721 1
