1334 1 1
1335 1 1
18 2 2
592 2 1
593 2 1
806 2 1
807 2 1
808 2 1
98 3 1
1129 3 1
5 4 1
235 4 1
4 5 1
157 5 1
174 5 1
185 5 1
235 5 1
360 5 1
361 5 1
362 5 1
1341 5 1
143 6 1
1309 6 1
1310 6 1
8 7 1
20 7 1
7 8 1
20 8 2
92 8 1
13 9 1
82 9 1
1147 10 1
1148 10 1
1149 10 1
12 11 1
269 11 1
322 11 1
510 11 1
511 11 1
791 11 1
1244 11 1
1360 11 1
1361 11 1
11 12 1
791 12 1
9 13 1
82 13 1
15 14 1
1074 14 1
14 15 1
1074 15 1
1225 15 2
1228 15 1
51 16 1
125 16 2
436 16 2
1300 16 1
140 17 1
164 17 1
166 17 1
167 17 1
288 17 1
2 18 2
592 18 1
593 18 1
806 18 1
807 18 1
808 18 1
62 19 1
63 19 1
1143 19 1
1144 19 1
1145 19 1
7 20 1
8 20 2
92 20 1
67 21 2
101 21 1
271 21 3
287 21 1
322 21 1
444 21 1
751 21 1
752 21 2
753 21 1
822 21 1
1019 21 1
1061 21 1
1318 21 1
1319 21 1
1324 21 1
38 22 1
84 22 1
472 22 1
102 23 1
103 23 4
267 23 2
284 23 2
878 23 1
25 24 1
68 24 1
24 25 1
68 25 1
27 26 1
33 26 1
71 26 1
1365 26 1
1366 26 1
26 27 1
33 27 1
71 27 1
1365 27 1
1366 27 1
1471 27 1
1352 28 1
217 29 1
40 30 2
176 30 1
310 30 3
315 30 2
661 30 1
662 30 1
48 31 1
577 31 1
578 31 4
579 31 1
1243 31 1
1417 31 1
61 32 1
126 32 1
26 33 1
27 33 1
71 33 1
1365 33 1
1366 33 1
54 34 1
55 34 1
781 34 1
834 35 1
949 35 1
950 35 1
951 35 1
37 36 2
574 36 1
36 37 2
131 37 1
373 37 2
574 37 5
674 37 1
675 37 1
694 37 2
699 37 1
700 37 1
703 37 1
810 37 1
820 37 1
821 37 4
991 37 2
992 37 1
1041 37 1
1168 37 1
22 38 1
84 38 1
472 38 1
1095 39 1
30 40 2
176 40 1
310 40 2
315 40 2
174 41 1
1336 41 1
1337 41 1
52 42 1
481 43 1
482 43 1
45 44 1
931 44 2
1100 44 1
44 45 1
304 45 1
392 45 1
425 45 1
931 45 1
1424 45 1
1425 45 1
559 46 1
1399 46 1
692 47 2
693 47 1
1075 47 1
1076 47 1
1077 47 1
1078 47 1
31 48 1
577 48 1
578 48 2
579 48 1
1345 48 1
77 49 1
224 49 2
1283 49 1
1355 49 1
1356 49 1
1127 50 1
1128 50 1
16 51 1
969 51 1
1300 51 1
42 52 1
567 52 1
587 52 1
588 52 1
633 53 1
34 54 1
55 54 1
781 54 1
34 55 1
54 55 1
176 55 2
322 55 1
752 55 1
781 55 3
792 55 2
1062 55 1
1125 55 1
1331 56 1
1332 56 1
1367 57 1
87 58 1
110 58 1
260 58 1
476 59 1
479 60 1
1483 60 1
32 61 1
126 61 1
19 62 1
63 62 7
292 62 3
704 62 3
1143 62 1
1144 62 1
1145 62 1
1479 62 1
19 63 1
62 63 7
292 63 3
704 63 3
814 63 1
815 63 1
816 63 1
817 63 2
1117 63 1
1118 63 1
1119 63 1
1143 63 1
1144 63 1
1145 63 1
1479 63 1
65 64 1
64 65 1
73 66 2
642 66 2
21 67 2
822 67 1
24 68 1
25 68 1
107 68 1
119 68 1
1297 69 1
100 70 1
705 70 1
26 71 1
27 71 1
33 71 1
72 71 3
98 71 2
113 71 3
114 71 6
377 71 4
424 71 1
425 71 12
426 71 10
458 71 3
594 71 2
667 71 3
668 71 8
677 71 1
734 71 1
914 71 2
915 71 1
916 71 1
938 71 3
941 71 1
957 71 1
1163 71 1
1294 71 1
1365 71 1
1366 71 1
1430 71 1
1444 71 1
1487 71 1
1488 71 1
71 72 3
377 72 5
391 72 1
401 72 1
425 72 1
626 72 1
654 72 2
746 72 1
747 72 1
748 72 1
778 72 1
779 72 1
934 72 1
941 72 1
1007 72 1
66 73 2
642 73 2
1314 74 1
83 75 1
193 75 1
458 75 1
594 75 1
601 75 1
1386 75 1
1222 76 1
49 77 1
1283 77 3
1284 77 2
112 78 1
1349 78 1
80 79 2
93 79 2
109 79 1
79 80 2
93 80 1
109 80 1
1407 81 1
9 82 1
13 82 1
75 83 1
149 83 1
458 83 1
594 83 1
22 84 1
38 84 1
143 84 1
472 84 1
266 85 1
267 85 3
1049 85 1
1085 85 1
1086 85 1
1087 85 1
151 86 1
211 86 1
58 87 1
110 87 1
301 88 1
91 89 1
762 89 1
163 90 1
706 90 1
89 91 1
762 91 1
8 92 1
20 92 1
79 93 2
80 93 1
173 94 1
1346 94 1
227 95 1
790 95 1
97 96 1
96 97 1
3 98 1
71 98 2
113 98 1
214 98 1
425 98 1
667 98 1
677 98 4
788 98 1
1129 98 2
1256 98 2
1294 98 1
100 99 1
70 100 1
99 100 1
705 100 5
21 101 1
271 101 1
1019 101 1
23 102 1
103 102 1
267 102 1
23 103 4
102 103 1
267 103 5
284 103 3
414 103 1
415 103 1
416 103 3
417 103 1
418 103 3
419 103 1
420 103 1
421 103 1
878 103 1
976 103 1
977 103 1
978 103 1
979 103 1
980 103 1
1431 103 1
1368 104 1
453 105 1
1224 105 1
505 106 1
1348 106 1
68 107 1
119 107 1
722 108 1
723 108 1
724 108 1
79 109 1
80 109 1
58 110 1
87 110 1
182 110 1
225 110 1
226 110 1
956 110 1
952 111 1
953 111 1
78 112 1
1349 112 1
71 113 3
98 113 1
114 113 1
677 113 1
71 114 6
113 114 1
424 114 1
425 114 1
426 114 3
458 114 2
1347 115 1
117 116 2
118 116 1
116 117 2
118 117 1
116 118 1
117 118 1
68 119 1
107 119 1
151 119 1
596 120 1
274 121 1
632 122 1
164 123 1
180 124 1
16 125 2
436 125 2
32 126 1
61 126 1
1169 127 1
172 128 1
280 128 1
678 129 1
894 130 1
1054 130 1
1255 130 1
37 131 1
164 132 1
169 132 1
135 133 1
1389 133 1
135 134 1
153 134 1
1188 134 1
133 135 1
134 135 1
148 135 1
153 135 1
709 135 1
710 135 1
1188 135 1
1389 135 1
265 136 2
1245 136 2
138 137 2
139 137 2
430 137 1
137 138 2
139 138 4
430 138 2
1462 138 1
1463 138 1
1464 138 1
137 139 2
138 139 4
430 139 1
1462 139 1
1463 139 1
1464 139 1
17 140 1
164 140 1
288 140 1
142 141 1
170 141 1
171 141 1
141 142 1
170 142 1
171 142 1
6 143 1
84 143 1
165 143 1
774 143 1
1309 143 3
1310 143 3
145 144 1
651 144 1
144 145 1
651 145 1
1451 146 1
158 147 1
1450 147 1
135 148 1
709 148 1
710 148 1
83 149 1
255 150 1
1266 150 1
86 151 1
119 151 1
211 151 1
862 152 5
863 152 5
864 152 5
865 152 5
866 152 1
875 152 1
879 152 1
134 153 1
135 153 1
1188 153 1
1048 154 1
156 155 1
157 155 1
1427 155 1
155 156 1
157 156 2
253 156 1
254 156 1
1427 156 1
5 157 1
155 157 1
156 157 2
253 157 1
254 157 1
360 157 1
361 157 1
362 157 1
1427 157 1
147 158 1
1450 158 1
641 159 1
1101 160 1
1102 160 1
1103 160 1
1104 160 1
1333 161 1
844 162 1
90 163 1
706 163 1
17 164 1
123 164 1
132 164 1
140 164 1
169 164 1
288 164 1
143 165 1
683 165 1
774 165 1
1257 165 1
1258 165 1
17 166 1
167 166 3
17 167 1
166 167 3
221 168 2
396 168 2
397 168 1
398 168 2
566 168 1
132 169 1
164 169 1
141 170 1
142 170 1
171 170 2
141 171 1
142 171 1
170 171 2
676 171 1
765 171 1
1301 171 1
1302 171 1
1482 171 1
128 172 1
280 172 1
94 173 1
1346 173 1
5 174 1
41 174 1
185 174 1
1336 174 1
1337 174 1
1341 174 1
277 175 1
1192 175 1
30 176 1
40 176 1
55 176 2
310 176 1
315 176 1
781 176 3
296 177 1
297 177 1
298 177 1
336 177 1
337 177 1
184 178 1
222 179 1
278 179 1
124 180 1
182 181 1
1031 181 1
110 182 1
181 182 1
225 182 1
226 182 1
956 182 1
1031 182 1
231 183 1
510 183 1
178 184 1
5 185 1
174 185 1
1341 185 1
621 186 1
216 187 1
189 188 1
201 188 1
188 189 1
201 189 2
241 189 4
285 189 1
659 189 1
689 189 2
690 189 1
691 189 1
1008 189 1
1009 189 1
1179 189 1
981 190 1
983 190 1
192 191 1
191 192 1
1036 192 1
1120 192 1
75 193 1
589 193 1
590 193 1
1014 193 1
1015 193 1
1016 193 1
1055 193 2
1097 193 1
1386 193 1
504 194 1
351 195 1
352 195 1
518 195 1
793 195 1
202 196 1
198 197 1
199 197 1
200 197 1
1044 197 1
197 198 1
199 198 1
200 198 1
1044 198 1
197 199 1
198 199 1
200 199 1
1044 199 1
197 200 1
198 200 1
199 200 1
1044 200 1
188 201 1
189 201 2
659 201 1
196 202 1
1359 203 1
708 204 1
206 205 1
669 205 1
670 205 1
671 205 1
205 206 1
669 206 1
670 206 1
671 206 1
1047 206 1
249 207 1
503 207 1
209 208 2
210 208 2
591 208 1
1304 208 1
1305 208 1
1306 208 1
1307 208 1
208 209 2
210 209 1
1304 209 1
1305 209 1
1306 209 1
1307 209 1
208 210 2
209 210 1
591 210 1
1304 210 1
1305 210 1
1306 210 1
1307 210 1
86 211 1
151 211 1
613 212 2
617 212 1
233 213 1
244 213 1
276 213 2
698 213 1
1253 213 1
1344 213 1
98 214 1
677 214 1
832 215 1
187 216 1
29 217 1
1139 218 1
1140 218 1
1028 219 1
1207 219 1
1208 219 2
1351 219 1
908 220 1
1311 220 1
1312 220 1
168 221 2
396 221 2
397 221 1
398 221 2
566 221 1
179 222 1
278 222 1
269 223 1
392 223 1
889 223 1
1343 223 1
49 224 2
1355 224 1
1356 224 1
110 225 1
182 225 1
226 225 1
956 225 1
110 226 1
182 226 1
225 226 1
956 226 1
95 227 1
790 227 1
229 228 1
230 228 1
1223 228 1
228 229 1
230 229 1
1223 229 1
228 230 1
229 230 1
1223 230 1
183 231 1
510 231 2
580 232 1
213 233 1
276 233 1
1184 234 1
4 235 1
5 235 1
346 236 1
1293 236 1
238 237 1
237 238 1
1058 239 1
1059 239 1
1060 239 1
1061 239 1
269 240 1
189 241 4
689 241 2
690 241 1
691 241 1
457 242 2
1383 242 1
1384 242 1
1385 242 1
272 243 1
213 244 1
276 244 1
289 245 1
290 245 1
247 246 1
246 247 1
607 248 1
207 249 1
545 250 3
547 250 1
252 251 1
251 252 1
156 253 1
157 253 1
254 253 1
156 254 1
157 254 1
253 254 1
150 255 1
1266 255 1
575 256 1
576 256 1
1098 257 1
1099 257 1
1197 258 2
1401 258 1
1421 258 1
1449 258 1
696 259 1
58 260 1
262 261 4
452 261 1
917 261 3
922 261 1
261 262 4
452 262 1
917 262 3
922 262 1
900 263 1
901 263 1
291 264 1
845 264 1
846 264 1
136 265 2
1245 265 2
85 266 1
267 266 1
1085 266 1
1086 266 1
1087 266 1
23 267 2
85 267 3
102 267 1
103 267 5
266 267 1
348 267 1
349 267 1
350 267 1
416 267 1
878 267 1
1049 267 1
1085 267 1
1086 267 1
1087 267 1
418 268 1
1452 268 1
1453 268 1
1454 268 1
11 269 1
223 269 1
240 269 1
889 269 1
1278 269 1
1360 269 1
1361 269 1
780 270 1
21 271 3
101 271 1
751 271 1
752 271 3
753 271 2
1019 271 1
1248 271 1
1249 271 1
1250 271 1
1251 271 1
1420 271 1
243 272 1
707 273 1
121 274 1
809 275 1
876 275 1
883 275 1
1006 275 1
213 276 2
233 276 1
244 276 1
175 277 1
407 277 3
1189 277 1
1192 277 1
179 278 1
222 278 1
493 279 1
494 279 1
128 280 1
172 280 1
733 281 2
734 281 2
741 281 2
283 282 6
326 282 1
327 282 3
328 282 1
329 282 1
564 282 2
565 282 2
926 282 1
927 282 1
1146 282 1
282 283 6
327 283 2
564 283 2
565 283 2
1146 283 1
23 284 2
103 284 3
418 284 1
1431 284 1
189 285 1
1342 285 1
1193 286 4
1235 286 3
1236 286 3
1290 286 1
1291 286 1
1292 286 1
1298 286 1
1299 286 1
21 287 1
17 288 1
140 288 1
164 288 1
245 289 1
290 289 1
245 290 1
289 290 1
321 290 3
322 290 3
331 290 1
332 290 1
333 290 1
334 290 1
508 290 1
510 290 1
1261 290 2
1313 290 2
264 291 1
62 292 3
63 292 3
1479 292 1
294 293 1
295 293 1
293 294 1
295 294 1
293 295 1
294 295 1
177 296 1
297 296 1
298 296 1
177 297 1
296 297 1
298 297 1
177 298 1
296 298 1
297 298 1
300 299 1
299 300 1
88 301 1
303 302 1
304 302 1
302 303 1
304 303 2
45 304 1
302 304 1
303 304 2
425 304 1
495 304 1
687 304 1
779 304 1
1254 304 1
1424 304 1
1425 304 1
306 305 1
305 306 1
313 307 1
309 308 1
310 308 2
311 308 1
312 308 1
314 308 1
315 308 1
308 309 1
310 309 1
311 309 1
312 309 1
30 310 3
40 310 2
176 310 1
308 310 2
309 310 1
311 310 1
312 310 1
314 310 1
315 310 3
661 310 1
662 310 1
308 311 1
309 311 1
310 311 1
312 311 1
308 312 1
309 312 1
310 312 1
311 312 1
307 313 1
308 314 1
310 314 1
315 314 1
30 315 2
40 315 2
176 315 1
308 315 1
310 315 3
314 315 1
317 316 1
318 316 1
319 316 1
320 316 1
316 317 1
318 317 1
319 317 1
320 317 1
316 318 1
317 318 1
319 318 1
320 318 1
316 319 1
317 319 1
318 319 1
320 319 1
316 320 1
317 320 1
318 320 1
319 320 1
290 321 3
322 321 2
1261 321 2
11 322 1
21 322 1
55 322 1
290 322 3
321 322 2
442 322 1
443 322 1
444 322 2
508 322 1
510 322 10
511 322 1
705 322 1
713 322 1
752 322 1
789 322 2
792 322 1
794 322 1
795 322 3
1261 322 1
1313 322 1
1426 322 1
1481 322 1
324 323 1
325 323 1
323 324 1
325 324 1
323 325 1
324 325 1
842 325 1
843 325 2
1316 325 1
282 326 1
327 326 1
328 326 1
329 326 1
282 327 3
283 327 2
326 327 1
328 327 1
329 327 1
564 327 2
565 327 2
282 328 1
326 328 1
327 328 1
329 328 1
282 329 1
326 329 1
327 329 1
328 329 1
335 330 1
290 331 1
332 331 1
333 331 1
334 331 1
290 332 1
331 332 1
333 332 1
334 332 1
290 333 1
331 333 1
332 333 1
334 333 1
290 334 1
331 334 1
332 334 1
333 334 1
330 335 1
177 336 1
337 336 1
177 337 1
336 337 1
339 338 1
340 338 1
341 338 1
342 338 1
343 338 1
338 339 1
340 339 1
341 339 1
342 339 1
343 339 1
338 340 1
339 340 1
341 340 1
342 340 1
343 340 1
338 341 1
339 341 1
340 341 1
342 341 1
343 341 1
338 342 1
339 342 1
340 342 1
341 342 1
343 342 1
338 343 1
339 343 1
340 343 1
341 343 1
342 343 1
345 344 1
1372 344 2
1489 344 1
1490 344 1
344 345 1
236 346 1
766 347 1
267 348 1
349 348 1
350 348 1
267 349 1
348 349 1
350 349 1
267 350 1
348 350 1
349 350 1
195 351 1
352 351 1
195 352 1
351 352 1
354 353 1
355 353 1
356 353 1
353 354 1
355 354 1
356 354 1
353 355 1
354 355 1
356 355 1
353 356 1
354 356 1
355 356 1
358 357 1
359 357 1
357 358 1
359 358 1
357 359 1
358 359 1
5 360 1
157 360 1
361 360 1
362 360 1
5 361 1
157 361 1
360 361 1
362 361 1
5 362 1
157 362 1
360 362 1
361 362 1
364 363 1
365 363 1
366 363 1
367 363 1
1408 363 1
363 364 1
365 364 1
366 364 1
367 364 1
363 365 1
364 365 1
366 365 1
367 365 1
363 366 1
364 366 1
365 366 1
367 366 1
363 367 1
364 367 1
365 367 1
366 367 1
369 368 3
370 368 2
371 368 1
372 368 2
469 368 1
1209 368 1
1210 368 1
1211 368 1
368 369 3
370 369 2
371 369 1
372 369 2
469 369 1
1209 369 1
1210 369 1
1211 369 1
368 370 2
369 370 2
371 370 1
372 370 1
469 370 1
368 371 1
369 371 1
370 371 1
372 371 1
368 372 2
369 372 2
370 372 1
371 372 1
1209 372 1
1210 372 1
1211 372 1
37 373 2
375 374 1
376 374 1
374 375 1
376 375 1
374 376 1
375 376 1
71 377 4
72 377 5
391 377 1
425 377 2
426 377 1
668 377 1
941 377 1
379 378 1
380 378 1
378 379 1
380 379 1
378 380 1
379 380 1
382 381 1
672 381 1
1267 381 1
1268 381 1
1322 381 1
1323 381 1
381 382 1
384 383 2
385 383 2
553 383 1
554 383 1
383 384 2
385 384 2
553 384 1
554 384 1
383 385 2
384 385 2
553 385 1
554 385 1
622 385 5
623 385 6
628 385 1
387 386 1
386 387 1
389 388 1
390 388 1
388 389 1
390 389 1
388 390 1
389 390 1
1308 390 1
72 391 1
377 391 1
534 391 1
535 391 2
778 391 1
45 392 1
223 392 1
1343 392 1
394 393 1
395 393 1
393 394 1
395 394 2
595 394 1
393 395 1
394 395 2
595 395 1
168 396 2
221 396 2
397 396 3
398 396 6
399 396 4
566 396 1
1164 396 2
1271 396 1
1272 396 1
1273 396 2
1422 396 1
168 397 1
221 397 1
396 397 3
398 397 2
399 397 2
168 398 2
221 398 2
396 398 6
397 398 2
399 398 2
566 398 1
1164 398 2
1273 398 1
1422 398 1
396 399 4
397 399 2
398 399 2
1164 399 1
1271 399 1
1272 399 1
1273 399 1
401 400 1
402 400 1
72 401 1
400 401 1
402 401 1
654 401 1
400 402 1
401 402 1
404 403 1
403 404 1
406 405 1
407 405 1
408 405 2
409 405 4
410 405 1
526 405 1
750 405 1
1035 405 1
1090 405 2
1091 405 2
405 406 1
407 406 1
408 406 3
409 406 3
410 406 1
850 406 1
1025 406 1
1026 406 1
1027 406 1
1231 406 1
277 407 3
405 407 1
406 407 1
408 407 1
409 407 1
410 407 1
405 408 2
406 408 3
407 408 1
409 408 4
410 408 1
521 408 1
522 408 1
848 408 1
849 408 3
850 408 3
851 408 1
1035 408 1
1090 408 1
1091 408 1
1137 408 1
1138 408 2
1141 408 1
1231 408 1
405 409 4
406 409 3
407 409 1
408 409 4
410 409 1
521 409 1
526 409 2
749 409 1
750 409 2
1025 409 1
1026 409 1
1027 409 1
1035 409 1
1090 409 2
1091 409 2
1138 409 1
1141 409 1
405 410 1
406 410 1
407 410 1
408 410 1
409 410 1
412 411 1
413 411 1
411 412 1
413 412 1
411 413 1
412 413 1
103 414 1
415 414 1
416 414 1
417 414 1
418 414 1
419 414 1
420 414 1
421 414 1
103 415 1
414 415 1
416 415 1
417 415 1
418 415 1
419 415 1
420 415 1
421 415 1
103 416 3
267 416 1
414 416 1
415 416 1
417 416 1
418 416 2
419 416 1
420 416 1
421 416 1
976 416 1
977 416 1
978 416 1
979 416 1
980 416 1
103 417 1
414 417 1
415 417 1
416 417 1
418 417 1
419 417 1
420 417 1
421 417 1
103 418 3
268 418 1
284 418 1
414 418 1
415 418 1
416 418 2
417 418 1
419 418 1
420 418 1
421 418 1
976 418 1
977 418 1
978 418 1
979 418 1
980 418 1
1431 418 1
1452 418 1
1453 418 1
1454 418 1
103 419 1
414 419 1
415 419 1
416 419 1
417 419 1
418 419 1
420 419 1
421 419 1
103 420 1
414 420 1
415 420 1
416 420 1
417 420 1
418 420 1
419 420 1
421 420 1
103 421 1
414 421 1
415 421 1
416 421 1
417 421 1
418 421 1
419 421 1
420 421 1
423 422 1
422 423 1
71 424 1
114 424 1
425 424 1
426 424 1
45 425 1
71 425 12
72 425 1
98 425 1
114 425 1
304 425 1
377 425 2
424 425 1
426 425 5
534 425 1
594 425 2
668 425 5
788 425 1
914 425 4
915 425 2
916 425 3
938 425 2
941 425 1
957 425 3
1110 425 1
1163 425 3
1354 425 1
1424 425 1
1425 425 1
1430 425 1
71 426 10
114 426 3
377 426 1
424 426 1
425 426 5
458 426 1
594 426 1
668 426 2
428 427 1
429 427 1
427 428 1
429 428 1
427 429 1
428 429 1
137 430 1
138 430 2
139 430 1
432 431 1
431 432 1
434 433 1
435 433 1
437 433 2
433 434 1
433 435 1
16 436 2
125 436 2
433 437 2
439 438 1
438 439 1
441 440 3
445 440 2
449 440 1
673 440 1
937 440 1
440 441 3
449 441 2
937 441 1
322 442 1
443 442 1
444 442 1
322 443 1
442 443 1
444 443 1
21 444 1
322 444 2
442 444 1
443 444 1
440 445 2
673 445 1
447 446 2
448 446 2
666 446 1
446 447 2
448 447 2
666 447 1
446 448 2
447 448 2
666 448 1
440 449 1
441 449 2
451 450 1
450 451 1
261 452 1
262 452 1
105 453 1
454 453 1
1224 453 1
453 454 1
456 455 1
455 456 1
242 457 2
1383 457 1
1384 457 1
1385 457 1
71 458 3
75 458 1
83 458 1
114 458 2
426 458 1
594 458 1
1051 458 1
460 459 1
461 459 1
459 460 1
461 460 1
459 461 1
460 461 1
463 462 2
1432 462 1
1433 462 1
1434 462 1
1435 462 1
1436 462 1
462 463 2
1432 463 1
1433 463 1
1434 463 1
1435 463 1
1436 463 1
465 464 1
466 464 1
467 464 1
468 464 1
464 465 1
466 465 1
467 465 1
468 465 1
464 466 1
465 466 1
467 466 1
468 466 1
464 467 1
465 467 1
466 467 1
468 467 1
464 468 1
465 468 1
466 468 1
467 468 1
368 469 1
369 469 1
370 469 1
471 470 1
470 471 1
22 472 1
38 472 1
84 472 1
474 473 1
475 473 1
473 474 1
475 474 1
473 475 1
474 475 1
673 475 1
697 475 1
735 475 1
736 475 1
59 476 1
478 477 1
477 478 1
60 479 1
480 479 2
999 479 1
1005 479 1
1440 479 1
1441 479 1
1483 479 1
479 480 2
1005 480 1
43 481 1
482 481 1
43 482 1
481 482 1
484 483 1
483 484 1
499 485 1
487 486 2
488 486 1
546 486 1
486 487 2
488 487 1
546 487 1
486 488 1
487 488 1
490 489 1
491 489 1
492 489 1
489 490 1
491 490 1
492 490 1
489 491 1
490 491 1
492 491 1
489 492 1
490 492 1
491 492 1
1079 492 1
279 493 1
494 493 1
279 494 1
493 494 1
304 495 1
497 496 1
498 496 1
496 497 1
498 497 1
496 498 1
497 498 1
485 499 1
1246 499 1
1247 499 1
501 500 1
502 500 1
500 501 1
502 501 1
500 502 1
501 502 1
207 503 1
194 504 1
510 504 1
511 504 1
877 504 2
1180 504 1
1353 504 1
106 505 1
507 506 1
508 506 2
509 506 1
510 506 2
511 506 2
795 506 1
506 507 1
508 507 1
509 507 1
510 507 1
511 507 1
290 508 1
322 508 1
506 508 2
507 508 1
509 508 1
510 508 5
511 508 2
795 508 2
1313 508 1
506 509 1
507 509 1
508 509 1
510 509 2
511 509 2
795 509 1
1130 509 1
11 510 1
183 510 1
231 510 2
290 510 1
322 510 10
504 510 1
506 510 2
507 510 1
508 510 5
509 510 2
511 510 6
618 510 1
789 510 2
794 510 1
795 510 4
1061 510 2
1130 510 1
1313 510 1
1426 510 1
11 511 1
322 511 1
504 511 1
506 511 2
507 511 1
508 511 2
509 511 2
510 511 6
795 511 3
1061 511 2
1130 511 2
513 512 1
514 512 1
512 513 1
514 513 1
512 514 1
513 514 1
516 515 1
517 515 1
515 516 1
517 516 1
578 516 1
1400 516 1
515 517 1
516 517 1
1491 517 1
195 518 1
520 519 1
519 520 1
408 521 1
409 521 1
522 521 1
523 521 1
524 521 1
525 521 1
526 521 1
1138 521 1
1141 521 1
408 522 1
521 522 1
523 522 1
524 522 1
525 522 1
526 522 1
848 522 1
849 522 1
850 522 1
851 522 1
521 523 1
522 523 1
524 523 1
525 523 1
526 523 1
521 524 1
522 524 1
523 524 1
525 524 1
526 524 1
521 525 1
522 525 1
523 525 1
524 525 1
526 525 1
405 526 1
409 526 2
521 526 1
522 526 1
523 526 1
524 526 1
525 526 1
749 526 1
750 526 2
1090 526 1
528 527 2
529 527 1
530 527 1
531 527 1
532 527 1
533 527 1
527 528 2
529 528 1
530 528 1
531 528 1
532 528 1
533 528 1
527 529 1
528 529 1
530 529 1
531 529 1
532 529 1
533 529 1
527 530 1
528 530 1
529 530 1
531 530 1
532 530 1
533 530 1
527 531 1
528 531 1
529 531 1
530 531 1
532 531 1
533 531 1
527 532 1
528 532 1
529 532 1
530 532 1
531 532 1
533 532 1
527 533 1
528 533 1
529 533 1
530 533 1
531 533 1
532 533 1
391 534 1
425 534 1
535 534 1
1163 534 1
1285 534 1
1354 534 1
391 535 2
534 535 1
537 536 1
538 536 1
539 536 1
540 536 1
541 536 1
542 536 1
543 536 1
544 536 1
536 537 1
538 537 1
539 537 1
540 537 1
541 537 1
542 537 1
543 537 1
544 537 1
536 538 1
537 538 1
539 538 1
540 538 1
541 538 1
542 538 1
543 538 1
544 538 1
536 539 1
537 539 1
538 539 1
540 539 1
541 539 1
542 539 1
543 539 1
544 539 1
536 540 1
537 540 1
538 540 1
539 540 1
541 540 1
542 540 1
543 540 1
544 540 1
536 541 1
537 541 1
538 541 1
539 541 1
540 541 1
542 541 1
543 541 1
544 541 1
536 542 1
537 542 1
538 542 1
539 542 1
540 542 1
541 542 1
543 542 1
544 542 1
536 543 1
537 543 1
538 543 1
539 543 1
540 543 1
541 543 1
542 543 1
544 543 1
536 544 1
537 544 1
538 544 1
539 544 1
540 544 1
541 544 1
542 544 1
543 544 1
250 545 3
547 545 1
486 546 1
487 546 1
250 547 1
545 547 1
549 548 3
550 548 3
657 548 1
658 548 1
548 549 3
550 549 3
657 549 1
658 549 1
548 550 3
549 550 3
657 550 1
658 550 1
552 551 2
558 551 1
551 552 2
558 552 1
383 553 1
384 553 1
385 553 1
554 553 1
383 554 1
384 554 1
385 554 1
553 554 1
556 555 1
557 555 1
555 556 1
557 556 1
754 556 1
755 556 1
555 557 1
556 557 1
551 558 1
552 558 1
46 559 1
560 559 1
1399 559 1
559 560 1
562 561 1
563 561 1
561 562 1
563 562 1
561 563 1
562 563 1
282 564 2
283 564 2
327 564 2
565 564 2
282 565 2
283 565 2
327 565 2
564 565 2
168 566 1
221 566 1
396 566 1
398 566 1
52 567 1
569 568 3
570 568 3
571 568 2
773 568 1
568 569 3
570 569 4
571 569 2
773 569 2
568 570 3
569 570 4
571 570 2
773 570 2
568 571 2
569 571 2
570 571 2
573 572 1
572 573 1
685 573 1
686 573 1
687 573 2
688 573 1
1350 573 1
36 574 1
37 574 5
820 574 1
821 574 2
1418 574 1
1419 574 1
256 575 1
576 575 1
256 576 1
575 576 1
31 577 1
48 577 1
578 577 1
579 577 1
31 578 4
48 578 2
516 578 1
577 578 1
579 578 1
1243 578 1
1345 578 1
1400 578 1
1417 578 1
31 579 1
48 579 1
577 579 1
578 579 1
232 580 1
582 581 2
727 581 2
728 581 1
730 581 1
731 581 1
732 581 1
581 582 2
584 583 1
585 583 1
586 583 1
583 584 1
585 584 1
586 584 1
583 585 1
584 585 1
586 585 1
583 586 1
584 586 1
585 586 1
52 587 1
588 587 1
52 588 1
587 588 1
193 589 1
590 589 2
193 590 1
589 590 2
681 590 2
775 590 1
208 591 1
210 591 1
2 592 1
18 592 1
593 592 1
2 593 1
18 593 1
592 593 1
71 594 2
75 594 1
83 594 1
425 594 2
426 594 1
458 594 1
668 594 1
394 595 1
395 595 1
120 596 1
598 597 1
599 597 1
600 597 1
597 598 1
599 598 1
600 598 1
597 599 1
598 599 1
600 599 1
742 599 1
597 600 1
598 600 1
599 600 1
75 601 1
603 602 1
602 603 1
893 603 1
1303 603 1
605 604 1
606 604 1
604 605 1
606 605 1
604 606 1
605 606 1
248 607 1
609 608 1
610 608 1
611 608 1
612 608 1
608 609 1
610 609 1
611 609 1
612 609 1
608 610 1
609 610 1
611 610 1
612 610 1
608 611 1
609 611 1
610 611 1
612 611 1
608 612 1
609 612 1
610 612 1
611 612 1
212 613 2
617 613 1
615 614 1
616 614 1
614 615 1
616 615 1
614 616 1
615 616 1
212 617 1
613 617 1
1131 617 1
1132 617 1
510 618 1
620 619 5
847 619 2
619 620 5
627 620 2
847 620 2
186 621 1
385 622 5
623 622 5
628 622 1
629 622 3
630 622 1
631 622 1
385 623 6
622 623 5
628 623 1
625 624 1
626 624 1
624 625 1
626 625 1
72 626 1
624 626 1
625 626 1
746 626 1
747 626 3
748 626 3
761 626 1
1096 626 2
1377 626 1
620 627 2
385 628 1
622 628 1
623 628 1
622 629 3
630 629 1
631 629 1
622 630 1
629 630 1
631 630 1
622 631 1
629 631 1
630 631 1
122 632 1
53 633 1
635 634 1
636 634 1
637 634 1
634 635 1
636 635 1
637 635 1
634 636 1
635 636 1
637 636 1
634 637 1
635 637 1
636 637 1
639 638 1
640 638 1
638 639 1
640 639 1
638 640 1
639 640 1
1217 640 1
1218 640 1
159 641 1
66 642 2
73 642 2
644 643 1
645 643 1
646 643 1
643 644 1
645 644 1
646 644 1
643 645 1
644 645 1
646 645 1
643 646 1
644 646 1
645 646 1
648 647 2
993 647 1
994 647 1
995 647 1
996 647 1
647 648 2
993 648 1
994 648 1
995 648 1
996 648 1
650 649 1
649 650 1
144 651 1
145 651 1
653 652 1
652 653 1
72 654 2
401 654 1
656 655 1
655 656 1
548 657 1
549 657 1
550 657 1
658 657 1
548 658 1
549 658 1
550 658 1
657 658 1
189 659 1
201 659 1
663 660 3
664 660 1
665 660 3
30 661 1
310 661 1
662 661 1
1022 661 1
1023 661 1
1024 661 1
30 662 1
310 662 1
661 662 1
660 663 3
664 663 1
660 664 1
663 664 1
660 665 3
446 666 1
447 666 1
448 666 1
71 667 3
98 667 1
668 667 2
1294 667 1
71 668 8
377 668 1
425 668 5
426 668 2
594 668 1
667 668 2
938 668 2
1444 668 1
205 669 1
206 669 1
670 669 1
671 669 1
1437 669 1
205 670 1
206 670 1
669 670 1
671 670 1
205 671 1
206 671 1
669 671 1
670 671 1
381 672 1
1362 672 1
440 673 1
445 673 1
475 673 1
37 674 1
675 674 1
695 674 1
37 675 1
674 675 1
171 676 1
71 677 1
98 677 4
113 677 1
214 677 1
1129 677 1
129 678 1
725 678 1
680 679 1
679 680 1
590 681 2
775 681 1
683 682 1
684 682 1
165 683 1
682 683 1
684 683 1
1259 683 1
1260 683 1
682 684 1
683 684 1
573 685 1
686 685 1
687 685 1
688 685 1
573 686 1
685 686 1
687 686 1
688 686 1
304 687 1
573 687 2
685 687 1
686 687 1
688 687 1
1350 687 1
573 688 1
685 688 1
686 688 1
687 688 1
189 689 2
241 689 2
690 689 1
691 689 1
189 690 1
241 690 1
689 690 1
691 690 1
189 691 1
241 691 1
689 691 1
690 691 1
47 692 2
693 692 1
47 693 1
692 693 1
37 694 2
674 695 1
259 696 1
475 697 1
213 698 1
37 699 1
700 699 1
703 699 1
37 700 1
699 700 1
1121 700 1
1122 700 1
702 701 1
701 702 1
37 703 1
699 703 1
737 703 1
62 704 3
63 704 3
70 705 1
100 705 5
322 705 1
90 706 1
163 706 1
273 707 1
1251 707 1
1476 707 1
204 708 1
135 709 1
148 709 1
710 709 1
135 710 1
148 710 1
709 710 1
712 711 1
711 712 1
322 713 1
715 714 1
716 714 2
717 714 1
718 714 1
714 715 1
716 715 1
714 716 2
715 716 1
717 716 1
718 716 1
714 717 1
716 717 1
718 717 1
714 718 1
716 718 1
717 718 1
720 719 1
721 719 1
719 720 1
721 720 1
719 721 1
720 721 1
108 722 1
723 722 1
724 722 1
108 723 1
722 723 1
724 723 1
108 724 1
722 724 1
723 724 1
678 725 1
729 726 1
1398 726 1
581 727 2
728 727 1
730 727 1
731 727 1
732 727 1
581 728 1
727 728 1
726 729 1
581 730 1
727 730 1
731 730 1
732 730 1
581 731 1
727 731 1
730 731 1
732 731 1
581 732 1
727 732 1
730 732 1
731 732 1
281 733 2
734 733 3
741 733 2
71 734 1
281 734 2
733 734 3
741 734 2
1477 734 1
1478 734 1
1487 734 1
1488 734 1
475 735 1
736 735 1
475 736 1
735 736 1
703 737 1
739 738 1
740 738 1
738 739 1
740 739 1
738 740 1
739 740 1
281 741 2
733 741 2
734 741 2
599 742 1
744 743 1
745 743 1
743 744 1
745 744 1
743 745 1
744 745 1
72 746 1
626 746 1
747 746 1
748 746 1
72 747 1
626 747 3
746 747 1
748 747 3
1096 747 1
72 748 1
626 748 3
746 748 1
747 748 3
1096 748 1
409 749 1
526 749 1
750 749 1
405 750 1
409 750 2
526 750 2
749 750 1
1090 750 1
21 751 1
271 751 1
752 751 1
753 751 1
21 752 2
55 752 1
271 752 3
322 752 1
751 752 1
753 752 2
812 752 1
1125 752 1
1183 752 1
1277 752 1
1420 752 1
21 753 1
271 753 2
751 753 1
752 753 2
1420 753 1
556 754 1
755 754 1
556 755 1
754 755 1
757 756 1
756 757 1
759 758 1
760 758 1
758 759 1
760 759 2
1126 759 1
758 760 1
759 760 2
1126 760 1
626 761 1
89 762 1
91 762 1
764 763 1
765 763 1
763 764 1
765 764 1
171 765 1
763 765 1
764 765 1
347 766 1
768 767 1
769 767 1
767 768 1
769 768 1
767 769 1
768 769 1
838 770 1
839 770 3
1142 770 2
772 771 1
771 772 1
568 773 1
569 773 2
570 773 2
143 774 1
165 774 1
590 775 1
681 775 1
777 776 1
776 777 1
72 778 1
391 778 1
779 778 1
72 779 1
304 779 1
778 779 1
932 779 1
933 779 1
934 779 1
935 779 1
936 779 1
1252 779 1
1254 779 1
270 780 1
34 781 1
54 781 1
55 781 3
176 781 3
783 782 1
784 782 1
782 783 1
782 784 1
786 785 1
787 785 1
785 786 1
787 786 1
785 787 1
786 787 1
98 788 1
425 788 1
322 789 2
510 789 2
1426 789 1
95 790 1
227 790 1
11 791 1
12 791 1
55 792 2
322 792 1
1062 792 1
195 793 1
322 794 1
510 794 1
795 794 1
322 795 3
506 795 1
508 795 2
509 795 1
510 795 4
511 795 3
794 795 1
1130 795 2
797 796 1
798 796 2
796 797 1
798 797 1
796 798 2
797 798 1
800 799 1
801 799 1
802 799 1
803 799 1
799 800 1
801 800 1
802 800 1
803 800 1
799 801 1
800 801 1
802 801 1
803 801 1
799 802 1
800 802 1
801 802 1
803 802 1
799 803 1
800 803 1
801 803 1
802 803 1
805 804 1
804 805 1
2 806 1
18 806 1
807 806 1
808 806 1
2 807 1
18 807 1
806 807 1
808 807 1
2 808 1
18 808 1
806 808 1
807 808 1
275 809 1
37 810 1
813 811 1
1156 811 1
1157 811 1
752 812 1
811 813 1
63 814 1
815 814 1
816 814 1
817 814 1
63 815 1
814 815 1
816 815 1
817 815 1
63 816 1
814 816 1
815 816 1
817 816 1
63 817 2
814 817 1
815 817 1
816 817 1
1117 817 1
1118 817 1
1119 817 1
819 818 1
818 819 1
37 820 1
574 820 1
821 820 1
37 821 4
574 821 2
820 821 1
991 821 1
992 821 1
21 822 1
67 822 1
824 823 1
825 823 1
823 824 1
825 824 1
823 825 1
824 825 1
827 826 1
826 827 1
829 828 1
830 828 1
831 828 1
828 829 1
830 829 2
831 829 1
895 829 1
828 830 1
829 830 2
831 830 1
895 830 1
828 831 1
829 831 1
830 831 1
215 832 1
836 832 1
837 832 1
834 833 1
835 833 1
35 834 1
833 834 1
835 834 1
949 834 1
950 834 1
951 834 1
833 835 1
834 835 1
832 836 1
837 836 1
832 837 1
836 837 1
770 838 1
839 838 1
770 839 3
838 839 1
1142 839 2
841 840 1
840 841 1
325 842 1
843 842 1
325 843 2
842 843 1
1316 843 1
162 844 1
264 845 1
846 845 1
264 846 1
845 846 1
619 847 2
620 847 2
408 848 1
522 848 1
849 848 1
850 848 1
851 848 1
408 849 3
522 849 1
848 849 1
850 849 2
851 849 1
1090 849 1
1137 849 1
1138 849 1
406 850 1
408 850 3
522 850 1
848 850 1
849 850 2
851 850 1
1090 850 1
1137 850 1
1138 850 1
1231 850 1
408 851 1
522 851 1
848 851 1
849 851 1
850 851 1
853 852 1
852 853 1
855 854 1
854 855 1
857 856 1
858 856 1
859 856 1
967 856 1
968 856 1
856 857 1
858 857 1
859 857 1
856 858 1
857 858 1
859 858 1
856 859 1
857 859 1
858 859 1
861 860 1
860 861 1
1050 861 1
152 862 5
863 862 6
864 862 6
865 862 5
866 862 2
867 862 1
868 862 1
869 862 1
875 862 1
879 862 1
152 863 5
862 863 6
864 863 6
865 863 5
866 863 2
867 863 1
868 863 1
869 863 1
875 863 1
879 863 1
152 864 5
862 864 6
863 864 6
865 864 5
866 864 2
867 864 1
868 864 1
869 864 1
875 864 1
879 864 1
1194 864 1
152 865 5
862 865 5
863 865 5
864 865 5
866 865 1
875 865 1
879 865 1
152 866 1
862 866 2
863 866 2
864 866 2
865 866 1
867 866 1
868 866 1
869 866 1
879 866 1
862 867 1
863 867 1
864 867 1
866 867 1
868 867 1
869 867 1
862 868 1
863 868 1
864 868 1
866 868 1
867 868 1
869 868 1
862 869 1
863 869 1
864 869 1
866 869 1
867 869 1
868 869 1
871 870 1
870 871 1
873 872 1
874 872 1
872 873 1
874 873 1
872 874 1
873 874 1
152 875 1
862 875 1
863 875 1
864 875 1
865 875 1
275 876 1
504 877 2
23 878 1
103 878 1
267 878 1
152 879 1
862 879 1
863 879 1
864 879 1
865 879 1
866 879 1
881 880 1
882 880 1
880 881 1
882 881 1
880 882 1
881 882 1
275 883 1
885 884 1
886 884 1
887 884 1
888 884 1
884 885 1
886 885 1
887 885 1
888 885 1
884 886 1
885 886 1
887 886 1
888 886 1
884 887 1
885 887 1
886 887 1
888 887 1
884 888 1
885 888 1
886 888 1
887 888 1
223 889 1
269 889 1
891 890 1
892 890 1
890 891 1
892 891 1
890 892 1
891 892 1
603 893 1
130 894 1
829 895 1
830 895 1
896 895 1
895 896 1
898 897 1
899 897 1
897 898 1
899 898 1
897 899 1
898 899 1
263 900 1
901 900 1
263 901 1
900 901 1
903 902 2
904 902 1
905 902 1
909 902 1
902 903 2
904 903 1
905 903 1
909 903 1
902 904 1
903 904 1
905 904 1
902 905 1
903 905 1
904 905 1
907 906 1
908 906 1
906 907 1
908 907 1
220 908 1
906 908 1
907 908 1
1311 908 1
1312 908 1
902 909 1
903 909 1
911 910 1
912 910 1
913 910 1
910 911 1
912 911 1
913 911 1
910 912 1
911 912 1
913 912 1
910 913 1
911 913 1
912 913 1
71 914 2
425 914 4
915 914 1
916 914 1
957 914 2
1430 914 1
71 915 1
425 915 2
914 915 1
916 915 2
1110 915 1
71 916 1
425 916 3
914 916 1
915 916 2
957 916 1
1110 916 1
261 917 3
262 917 3
922 917 1
1406 917 1
919 918 1
920 918 1
921 918 1
918 919 1
920 919 1
921 919 1
918 920 1
919 920 1
921 920 1
918 921 1
919 921 1
920 921 1
261 922 1
262 922 1
917 922 1
924 923 1
925 923 2
1480 923 1
923 924 1
925 924 1
923 925 2
924 925 1
1480 925 1
282 926 1
927 926 1
282 927 1
926 927 1
929 928 1
930 928 1
928 929 1
930 929 1
928 930 1
929 930 1
44 931 2
45 931 1
1100 931 1
779 932 1
933 932 1
934 932 1
935 932 1
936 932 1
779 933 1
932 933 1
934 933 1
935 933 1
936 933 1
72 934 1
779 934 1
932 934 1
933 934 1
935 934 1
936 934 1
1007 934 1
779 935 1
932 935 1
933 935 1
934 935 1
936 935 1
779 936 1
932 936 1
933 936 1
934 936 1
935 936 1
440 937 1
441 937 1
71 938 3
425 938 2
668 938 2
940 939 2
939 940 2
71 941 1
72 941 1
377 941 1
425 941 1
943 942 1
944 942 1
945 942 1
942 943 1
944 943 1
945 943 1
942 944 1
943 944 1
945 944 1
942 945 1
943 945 1
944 945 1
947 946 1
948 946 1
946 947 1
948 947 1
946 948 1
947 948 1
35 949 1
834 949 1
950 949 1
951 949 1
35 950 1
834 950 1
949 950 1
951 950 1
35 951 1
834 951 1
949 951 1
950 951 1
111 952 1
953 952 1
111 953 1
952 953 1
955 954 1
954 955 1
110 956 1
182 956 1
225 956 1
226 956 1
71 957 1
425 957 3
914 957 2
916 957 1
1430 957 1
959 958 1
958 959 1
961 960 1
962 960 1
963 960 1
964 960 1
960 961 1
962 961 1
963 961 1
964 961 1
960 962 1
961 962 1
963 962 1
964 962 1
960 963 1
961 963 1
962 963 1
964 963 1
960 964 1
961 964 1
962 964 1
963 964 1
966 965 1
965 966 1
856 967 1
968 967 1
856 968 1
967 968 1
1052 968 1
1053 968 1
1369 968 1
1370 968 1
1371 968 1
1455 968 1
1456 968 1
1457 968 1
1458 968 1
1459 968 1
51 969 1
971 970 2
972 970 2
973 970 2
970 971 2
972 971 2
973 971 2
970 972 2
971 972 2
973 972 2
970 973 2
971 973 2
972 973 2
975 974 2
1382 974 1
974 975 2
103 976 1
416 976 1
418 976 1
977 976 1
978 976 1
979 976 1
980 976 1
103 977 1
416 977 1
418 977 1
976 977 1
978 977 1
979 977 1
980 977 1
103 978 1
416 978 1
418 978 1
976 978 1
977 978 1
979 978 1
980 978 1
103 979 1
416 979 1
418 979 1
976 979 1
977 979 1
978 979 1
980 979 1
103 980 1
416 980 1
418 980 1
976 980 1
977 980 1
978 980 1
979 980 1
190 981 1
982 981 1
983 981 2
981 982 1
983 982 1
190 983 1
981 983 2
982 983 1
985 984 1
986 984 1
987 984 1
984 985 1
986 985 1
987 985 1
984 986 1
985 986 1
987 986 1
984 987 1
985 987 1
986 987 1
989 988 1
990 988 1
988 989 1
990 989 1
988 990 1
989 990 1
37 991 2
821 991 1
992 991 1
37 992 1
821 992 1
991 992 1
647 993 1
648 993 1
994 993 1
995 993 1
996 993 1
647 994 1
648 994 1
993 994 1
995 994 1
996 994 1
647 995 1
648 995 1
993 995 1
994 995 1
996 995 1
647 996 1
648 996 1
993 996 1
994 996 1
995 996 1
998 997 1
997 998 1
479 999 1
1003 1000 1
1004 1000 1
1002 1001 1
1001 1002 1
1000 1003 1
1004 1003 1
1000 1004 1
1003 1004 1
479 1005 1
480 1005 1
275 1006 1
72 1007 1
934 1007 1
189 1008 1
1009 1008 1
189 1009 1
1008 1009 1
1011 1010 1
1010 1011 1
1013 1012 1
1012 1013 1
193 1014 1
1015 1014 1
1016 1014 1
193 1015 1
1014 1015 1
1016 1015 1
193 1016 1
1014 1016 1
1015 1016 1
1018 1017 1
1017 1018 1
21 1019 1
101 1019 1
271 1019 1
1021 1020 1
1020 1021 1
661 1022 1
1023 1022 1
1024 1022 1
661 1023 1
1022 1023 1
1024 1023 1
661 1024 1
1022 1024 1
1023 1024 1
406 1025 1
409 1025 1
1026 1025 1
1027 1025 1
406 1026 1
409 1026 1
1025 1026 1
1027 1026 1
406 1027 1
409 1027 1
1025 1027 1
1026 1027 1
219 1028 1
1030 1029 1
1029 1030 1
181 1031 1
182 1031 1
1033 1032 1
1032 1033 1
1035 1034 1
405 1035 1
408 1035 1
409 1035 1
1034 1035 1
1091 1035 1
192 1036 1
1066 1036 1
1038 1037 1
1037 1038 1
1040 1039 1
1039 1040 1
37 1041 1
1043 1042 1
1042 1043 1
197 1044 1
198 1044 1
199 1044 1
200 1044 1
1046 1045 1
1045 1046 1
206 1047 1
154 1048 1
85 1049 1
267 1049 1
861 1050 1
1381 1050 1
458 1051 1
968 1052 1
1053 1052 1
968 1053 1
1052 1053 1
130 1054 1
193 1055 2
1057 1056 1
1056 1057 1
239 1058 1
1059 1058 1
1060 1058 1
1061 1058 1
239 1059 1
1058 1059 1
1060 1059 1
1061 1059 1
1190 1059 4
1191 1059 1
1253 1059 2
1344 1059 1
1428 1059 1
1429 1059 1
239 1060 1
1058 1060 1
1059 1060 1
1061 1060 1
21 1061 1
239 1061 1
510 1061 2
511 1061 2
1058 1061 1
1059 1061 1
1060 1061 1
1317 1061 1
1318 1061 2
1319 1061 2
1320 1061 1
1324 1061 1
55 1062 1
792 1062 1
1064 1063 1
1065 1063 1
1063 1064 1
1065 1064 1
1063 1065 1
1064 1065 1
1036 1066 1
1195 1066 1
1196 1066 1
1068 1067 1
1069 1067 1
1067 1068 1
1069 1068 1
1067 1069 1
1068 1069 1
1071 1070 1
1070 1071 1
1073 1072 1
1072 1073 1
14 1074 1
15 1074 1
47 1075 1
1076 1075 1
1077 1075 1
1078 1075 1
47 1076 1
1075 1076 1
1077 1076 1
1078 1076 1
47 1077 1
1075 1077 1
1076 1077 1
1078 1077 1
47 1078 1
1075 1078 1
1076 1078 1
1077 1078 1
492 1079 1
1081 1080 1
1082 1080 1
1083 1080 1
1084 1080 1
1395 1080 1
1396 1080 1
1397 1080 1
1080 1081 1
1082 1081 1
1083 1081 1
1084 1081 1
1080 1082 1
1081 1082 1
1083 1082 1
1084 1082 1
1080 1083 1
1081 1083 1
1082 1083 1
1084 1083 1
1080 1084 1
1081 1084 1
1082 1084 1
1083 1084 1
85 1085 1
266 1085 1
267 1085 1
1086 1085 1
1087 1085 1
85 1086 1
266 1086 1
267 1086 1
1085 1086 1
1087 1086 1
85 1087 1
266 1087 1
267 1087 1
1085 1087 1
1086 1087 1
1089 1088 1
1088 1089 1
1115 1089 1
1116 1089 1
405 1090 2
408 1090 1
409 1090 2
526 1090 1
750 1090 1
849 1090 1
850 1090 1
1091 1090 1
1137 1090 1
1138 1090 1
405 1091 2
408 1091 1
409 1091 2
1035 1091 1
1090 1091 1
1093 1092 1
1094 1092 1
1092 1093 1
1094 1093 1
1092 1094 1
1093 1094 1
39 1095 1
626 1096 2
747 1096 1
748 1096 1
193 1097 1
257 1098 1
1099 1098 1
257 1099 1
1098 1099 1
44 1100 1
931 1100 1
160 1101 1
1102 1101 1
1103 1101 1
1104 1101 1
160 1102 1
1101 1102 1
1103 1102 1
1104 1102 1
1172 1102 1
1173 1102 1
1174 1102 1
1175 1102 1
1176 1102 1
1177 1102 1
1178 1102 1
1448 1102 1
160 1103 1
1101 1103 1
1102 1103 1
1104 1103 1
160 1104 1
1101 1104 1
1102 1104 1
1103 1104 1
1106 1105 1
1105 1106 1
1108 1107 1
1109 1107 1
1107 1108 1
1109 1108 1
1107 1109 1
1108 1109 1
425 1110 1
915 1110 1
916 1110 1
1112 1111 1
1113 1111 1
1114 1111 1
1111 1112 1
1113 1112 2
1114 1112 2
1282 1112 1
1111 1113 1
1112 1113 2
1114 1113 2
1282 1113 1
1111 1114 1
1112 1114 2
1113 1114 2
1282 1114 1
1089 1115 1
1116 1115 1
1089 1116 1
1115 1116 1
63 1117 1
817 1117 1
1118 1117 1
1119 1117 1
63 1118 1
817 1118 1
1117 1118 1
1119 1118 1
63 1119 1
817 1119 1
1117 1119 1
1118 1119 1
192 1120 1
700 1121 1
1122 1121 1
700 1122 1
1121 1122 1
1124 1123 1
1460 1123 1
1461 1123 1
1123 1124 1
55 1125 1
752 1125 1
759 1126 1
760 1126 1
50 1127 1
1128 1127 1
50 1128 1
1127 1128 1
3 1129 1
98 1129 2
677 1129 1
509 1130 1
510 1130 1
511 1130 2
795 1130 2
617 1131 1
1132 1131 1
617 1132 1
1131 1132 1
1134 1133 1
1133 1134 1
1136 1135 1
1135 1136 1
408 1137 1
849 1137 1
850 1137 1
1090 1137 1
1138 1137 1
408 1138 2
409 1138 1
521 1138 1
849 1138 1
850 1138 1
1090 1138 1
1137 1138 1
1141 1138 1
218 1139 1
1140 1139 1
218 1140 1
1139 1140 1
408 1141 1
409 1141 1
521 1141 1
1138 1141 1
770 1142 2
839 1142 2
19 1143 1
62 1143 1
63 1143 1
1144 1143 1
1145 1143 1
19 1144 1
62 1144 1
63 1144 1
1143 1144 1
1145 1144 1
1465 1144 1
1466 1144 1
19 1145 1
62 1145 1
63 1145 1
1143 1145 1
1144 1145 1
282 1146 1
283 1146 1
10 1147 1
1148 1147 1
1149 1147 1
10 1148 1
1147 1148 1
1149 1148 1
10 1149 1
1147 1149 1
1148 1149 1
1151 1150 1
1152 1150 1
1153 1150 1
1154 1150 1
1155 1150 1
1150 1151 1
1152 1151 1
1153 1151 1
1154 1151 1
1155 1151 1
1150 1152 1
1151 1152 1
1153 1152 1
1154 1152 1
1155 1152 1
1150 1153 1
1151 1153 1
1152 1153 1
1154 1153 1
1155 1153 1
1150 1154 1
1151 1154 1
1152 1154 1
1153 1154 1
1155 1154 1
1150 1155 1
1151 1155 1
1152 1155 1
1153 1155 1
1154 1155 1
811 1156 1
1157 1156 1
811 1157 1
1156 1157 1
1159 1158 1
1160 1158 1
1161 1158 1
1162 1158 1
1158 1159 1
1160 1159 1
1161 1159 1
1162 1159 1
1158 1160 1
1159 1160 1
1161 1160 1
1162 1160 1
1158 1161 1
1159 1161 1
1160 1161 1
1162 1161 1
1158 1162 1
1159 1162 1
1160 1162 1
1161 1162 1
71 1163 1
425 1163 3
534 1163 1
1354 1163 1
396 1164 2
398 1164 2
399 1164 1
1273 1164 1
1166 1165 1
1167 1165 1
1165 1166 1
1167 1166 1
1165 1167 1
1166 1167 1
37 1168 1
127 1169 1
1171 1170 2
1170 1171 2
1102 1172 1
1173 1172 1
1174 1172 1
1175 1172 1
1176 1172 1
1177 1172 1
1178 1172 1
1102 1173 1
1172 1173 1
1174 1173 1
1175 1173 1
1176 1173 1
1177 1173 1
1178 1173 1
1102 1174 1
1172 1174 1
1173 1174 1
1175 1174 1
1176 1174 1
1177 1174 1
1178 1174 1
1102 1175 1
1172 1175 1
1173 1175 1
1174 1175 1
1176 1175 1
1177 1175 1
1178 1175 1
1102 1176 1
1172 1176 1
1173 1176 1
1174 1176 1
1175 1176 1
1177 1176 1
1178 1176 1
1102 1177 1
1172 1177 1
1173 1177 1
1174 1177 1
1175 1177 1
1176 1177 1
1178 1177 1
1102 1178 1
1172 1178 1
1173 1178 1
1174 1178 1
1175 1178 1
1176 1178 1
1177 1178 1
189 1179 1
504 1180 1
1182 1181 1
1181 1182 1
752 1183 1
234 1184 1
1186 1185 1
1187 1185 1
1185 1186 1
1187 1186 1
1185 1187 1
1186 1187 1
134 1188 1
135 1188 1
153 1188 1
277 1189 1
1059 1190 4
1191 1190 1
1253 1190 3
1344 1190 2
1423 1190 1
1059 1191 1
1190 1191 1
175 1192 1
277 1192 1
286 1193 4
1235 1193 1
1236 1193 1
1290 1193 1
1291 1193 1
1292 1193 1
864 1194 1
1066 1195 1
1196 1195 1
1066 1196 1
1195 1196 1
258 1197 2
1401 1197 1
1421 1197 1
1438 1197 1
1439 1197 1
1199 1198 1
1198 1199 1
1201 1200 1
1200 1201 1
1315 1201 1
1203 1202 1
1204 1202 1
1205 1202 1
1206 1202 1
1202 1203 1
1204 1203 1
1205 1203 1
1206 1203 1
1202 1204 1
1203 1204 1
1205 1204 1
1206 1204 1
1202 1205 1
1203 1205 1
1204 1205 1
1206 1205 1
1202 1206 1
1203 1206 1
1204 1206 1
1205 1206 1
219 1207 1
1208 1207 1
219 1208 2
1207 1208 1
1351 1208 1
368 1209 1
369 1209 1
372 1209 1
1210 1209 1
1211 1209 1
368 1210 1
369 1210 1
372 1210 1
1209 1210 1
1211 1210 1
368 1211 1
369 1211 1
372 1211 1
1209 1211 1
1210 1211 1
1213 1212 1
1214 1212 1
1215 1212 1
1216 1212 1
1212 1213 1
1214 1213 1
1215 1213 1
1216 1213 1
1212 1214 1
1213 1214 1
1215 1214 1
1216 1214 1
1212 1215 1
1213 1215 1
1214 1215 1
1216 1215 1
1212 1216 1
1213 1216 1
1214 1216 1
1215 1216 1
640 1217 1
1218 1217 1
640 1218 1
1217 1218 1
1220 1219 1
1221 1219 1
1219 1220 1
1221 1220 1
1219 1221 1
1220 1221 1
76 1222 1
228 1223 1
229 1223 1
230 1223 1
105 1224 1
453 1224 1
15 1225 2
1227 1226 1
1229 1226 1
1226 1227 1
15 1228 1
1226 1229 1
1230 1229 1
1229 1230 1
406 1231 1
408 1231 1
850 1231 1
1233 1232 1
1234 1232 1
1232 1233 1
1234 1233 1
1232 1234 1
1233 1234 1
286 1235 3
1193 1235 1
1236 1235 2
286 1236 3
1193 1236 1
1235 1236 2
1290 1236 1
1291 1236 1
1292 1236 1
1238 1237 1
1239 1237 1
1240 1237 1
1237 1238 1
1239 1238 1
1240 1238 1
1237 1239 1
1238 1239 1
1240 1239 1
1237 1240 1
1238 1240 1
1239 1240 1
1242 1241 1
1241 1242 1
31 1243 1
578 1243 1
11 1244 1
136 1245 2
265 1245 2
499 1246 1
1247 1246 2
499 1247 1
1246 1247 2
1472 1247 1
271 1248 1
1249 1248 1
1250 1248 1
1251 1248 1
271 1249 1
1248 1249 1
1250 1249 1
1251 1249 1
271 1250 1
1248 1250 1
1249 1250 1
1251 1250 1
271 1251 1
707 1251 1
1248 1251 1
1249 1251 1
1250 1251 1
1476 1251 1
779 1252 1
213 1253 1
1059 1253 2
1190 1253 3
1344 1253 2
1423 1253 1
304 1254 1
779 1254 1
130 1255 1
98 1256 2
1380 1256 1
165 1257 1
1258 1257 1
165 1258 1
1257 1258 1
683 1259 1
1260 1259 1
683 1260 1
1259 1260 1
290 1261 2
321 1261 2
322 1261 1
1263 1262 1
1264 1262 1
1265 1262 1
1262 1263 1
1264 1263 1
1265 1263 1
1262 1264 1
1263 1264 1
1265 1264 1
1262 1265 1
1263 1265 1
1264 1265 1
150 1266 1
255 1266 1
381 1267 1
1268 1267 1
381 1268 1
1267 1268 1
1270 1269 1
1269 1270 1
396 1271 1
399 1271 1
1272 1271 1
1273 1271 1
396 1272 1
399 1272 1
1271 1272 1
1273 1272 1
396 1273 2
398 1273 1
399 1273 1
1164 1273 1
1271 1273 1
1272 1273 1
1275 1274 1
1276 1274 1
1274 1275 1
1276 1275 1
1274 1276 1
1275 1276 1
752 1277 1
269 1278 1
1280 1279 1
1281 1279 1
1279 1280 1
1281 1280 1
1279 1281 1
1280 1281 1
1112 1282 1
1113 1282 1
1114 1282 1
49 1283 1
77 1283 3
1284 1283 2
77 1284 2
1283 1284 2
534 1285 1
1287 1286 1
1295 1286 1
1373 1286 1
1286 1287 1
1295 1287 1
1296 1287 1
1321 1287 1
1411 1287 1
1412 1287 1
1413 1287 1
1414 1287 1
1415 1287 1
1416 1287 1
1289 1288 1
1288 1289 1
286 1290 1
1193 1290 1
1236 1290 1
1291 1290 2
1292 1290 2
286 1291 1
1193 1291 1
1236 1291 1
1290 1291 2
1292 1291 2
286 1292 1
1193 1292 1
1236 1292 1
1290 1292 2
1291 1292 2
236 1293 1
71 1294 1
98 1294 1
667 1294 1
1286 1295 1
1287 1295 1
1296 1295 1
1373 1295 1
1287 1296 1
1295 1296 1
69 1297 1
286 1298 1
1299 1298 1
286 1299 1
1298 1299 1
16 1300 1
51 1300 1
171 1301 1
1302 1301 1
171 1302 1
1301 1302 1
603 1303 1
208 1304 1
209 1304 1
210 1304 1
1305 1304 1
1306 1304 1
1307 1304 1
208 1305 1
209 1305 1
210 1305 1
1304 1305 1
1306 1305 1
1307 1305 1
208 1306 1
209 1306 1
210 1306 1
1304 1306 1
1305 1306 1
1307 1306 1
208 1307 1
209 1307 1
210 1307 1
1304 1307 1
1305 1307 1
1306 1307 1
390 1308 1
6 1309 1
143 1309 3
1310 1309 3
6 1310 1
143 1310 3
1309 1310 3
220 1311 1
908 1311 1
1312 1311 1
220 1312 1
908 1312 1
1311 1312 1
290 1313 2
322 1313 1
508 1313 1
510 1313 1
74 1314 1
1201 1315 1
325 1316 1
843 1316 1
1061 1317 1
1318 1317 1
1319 1317 1
1320 1317 1
21 1318 1
1061 1318 2
1317 1318 1
1319 1318 2
1320 1318 1
1324 1318 1
21 1319 1
1061 1319 2
1317 1319 1
1318 1319 2
1320 1319 1
1324 1319 1
1061 1320 1
1317 1320 1
1318 1320 1
1319 1320 1
1287 1321 1
381 1322 1
1323 1322 1
381 1323 1
1322 1323 1
21 1324 1
1061 1324 1
1318 1324 1
1319 1324 1
1326 1325 1
1325 1326 1
1328 1327 1
1329 1327 2
1330 1327 2
1327 1328 1
1329 1328 1
1330 1328 1
1327 1329 2
1328 1329 1
1330 1329 2
1327 1330 2
1328 1330 1
1329 1330 2
56 1331 1
1332 1331 1
56 1332 1
1331 1332 1
161 1333 1
1 1334 1
1335 1334 2
1 1335 1
1334 1335 2
41 1336 1
174 1336 1
1337 1336 1
41 1337 1
174 1337 1
1336 1337 1
1339 1338 1
1340 1338 1
1338 1339 1
1340 1339 1
1338 1340 1
1339 1340 1
5 1341 1
174 1341 1
185 1341 1
285 1342 1
223 1343 1
392 1343 1
213 1344 1
1059 1344 1
1190 1344 2
1253 1344 2
1423 1344 1
48 1345 1
578 1345 1
94 1346 1
173 1346 1
115 1347 1
106 1348 1
78 1349 1
112 1349 1
573 1350 1
687 1350 1
219 1351 1
1208 1351 1
28 1352 1
504 1353 1
425 1354 1
534 1354 1
1163 1354 1
49 1355 1
224 1355 1
1356 1355 1
49 1356 1
224 1356 1
1355 1356 1
1358 1357 1
1357 1358 1
203 1359 1
11 1360 1
269 1360 1
1361 1360 1
11 1361 1
269 1361 1
1360 1361 1
672 1362 1
1364 1363 1
1363 1364 1
26 1365 1
27 1365 1
33 1365 1
71 1365 1
1366 1365 1
26 1366 1
27 1366 1
33 1366 1
71 1366 1
1365 1366 1
57 1367 1
104 1368 1
968 1369 1
1370 1369 1
1371 1369 1
968 1370 1
1369 1370 1
1371 1370 1
968 1371 1
1369 1371 1
1370 1371 1
344 1372 2
1489 1372 1
1490 1372 1
1286 1373 1
1295 1373 1
1375 1374 1
1376 1374 1
1374 1375 1
1376 1375 1
1374 1376 1
1375 1376 1
626 1377 1
1379 1378 1
1378 1379 1
1256 1380 1
1050 1381 1
974 1382 1
242 1383 1
457 1383 1
1384 1383 1
1385 1383 1
242 1384 1
457 1384 1
1383 1384 1
1385 1384 1
242 1385 1
457 1385 1
1383 1385 1
1384 1385 1
75 1386 1
193 1386 1
1388 1387 1
1387 1388 1
133 1389 1
135 1389 1
1391 1390 1
1390 1391 1
1393 1392 1
1394 1392 1
1392 1393 1
1394 1393 1
1392 1394 1
1393 1394 1
1080 1395 1
1396 1395 1
1397 1395 1
1080 1396 1
1395 1396 1
1397 1396 1
1080 1397 1
1395 1397 1
1396 1397 1
726 1398 1
46 1399 1
559 1399 1
516 1400 1
578 1400 1
258 1401 1
1197 1401 1
1403 1402 1
1404 1402 1
1405 1402 1
1402 1403 1
1404 1403 1
1405 1403 1
1402 1404 1
1403 1404 1
1405 1404 1
1402 1405 1
1403 1405 1
1404 1405 1
917 1406 1
81 1407 1
363 1408 1
1410 1409 1
1409 1410 1
1287 1411 1
1412 1411 1
1413 1411 1
1414 1411 1
1415 1411 1
1416 1411 1
1287 1412 1
1411 1412 1
1413 1412 1
1414 1412 1
1415 1412 1
1416 1412 1
1287 1413 1
1411 1413 1
1412 1413 1
1414 1413 1
1415 1413 1
1416 1413 1
1287 1414 1
1411 1414 1
1412 1414 1
1413 1414 1
1415 1414 1
1416 1414 1
1287 1415 1
1411 1415 1
1412 1415 1
1413 1415 1
1414 1415 1
1416 1415 1
1287 1416 1
1411 1416 1
1412 1416 1
1413 1416 1
1414 1416 1
1415 1416 1
31 1417 1
578 1417 1
574 1418 1
1419 1418 1
574 1419 1
1418 1419 1
271 1420 1
752 1420 1
753 1420 1
258 1421 1
1197 1421 1
396 1422 1
398 1422 1
1190 1423 1
1253 1423 1
1344 1423 1
45 1424 1
304 1424 1
425 1424 1
1425 1424 1
45 1425 1
304 1425 1
425 1425 1
1424 1425 1
322 1426 1
510 1426 1
789 1426 1
155 1427 1
156 1427 1
157 1427 1
1059 1428 1
1429 1428 1
1059 1429 1
1428 1429 1
71 1430 1
425 1430 1
914 1430 1
957 1430 1
103 1431 1
284 1431 1
418 1431 1
462 1432 1
463 1432 1
1433 1432 1
1434 1432 1
1435 1432 1
1436 1432 1
462 1433 1
463 1433 1
1432 1433 1
1434 1433 1
1435 1433 1
1436 1433 1
462 1434 1
463 1434 1
1432 1434 1
1433 1434 1
1435 1434 1
1436 1434 1
462 1435 1
463 1435 1
1432 1435 1
1433 1435 1
1434 1435 1
1436 1435 1
462 1436 1
463 1436 1
1432 1436 1
1433 1436 1
1434 1436 1
1435 1436 1
669 1437 1
1197 1438 1
1439 1438 1
1197 1439 1
1438 1439 1
479 1440 1
1441 1440 1
479 1441 1
1440 1441 1
1443 1442 1
1442 1443 1
71 1444 1
668 1444 1
1446 1445 1
1447 1445 1
1445 1446 1
1447 1446 1
1445 1447 1
1446 1447 1
1102 1448 1
258 1449 1
147 1450 1
158 1450 1
146 1451 1
268 1452 1
418 1452 1
1453 1452 1
1454 1452 1
268 1453 1
418 1453 1
1452 1453 1
1454 1453 1
268 1454 1
418 1454 1
1452 1454 1
1453 1454 1
968 1455 1
1456 1455 1
1457 1455 1
1458 1455 1
1459 1455 1
968 1456 1
1455 1456 1
1457 1456 1
1458 1456 1
1459 1456 1
968 1457 1
1455 1457 1
1456 1457 1
1458 1457 1
1459 1457 1
968 1458 1
1455 1458 1
1456 1458 1
1457 1458 1
1459 1458 1
968 1459 1
1455 1459 1
1456 1459 1
1457 1459 1
1458 1459 1
1123 1460 1
1461 1460 1
1123 1461 1
1460 1461 1
138 1462 1
139 1462 1
1463 1462 1
1464 1462 1
138 1463 1
139 1463 1
1462 1463 1
1464 1463 1
138 1464 1
139 1464 1
1462 1464 1
1463 1464 1
1144 1465 1
1466 1465 1
1144 1466 1
1465 1466 1
1468 1467 1
1467 1468 1
1470 1469 1
1469 1470 1
27 1471 1
1247 1472 1
1474 1473 1
1475 1473 1
1473 1474 1
1475 1474 1
1473 1475 1
1474 1475 1
707 1476 1
1251 1476 1
734 1477 1
1478 1477 1
734 1478 1
1477 1478 1
62 1479 1
63 1479 1
292 1479 1
923 1480 1
925 1480 1
322 1481 1
171 1482 1
60 1483 1
479 1483 1
1485 1484 1
1486 1484 1
1484 1485 1
1486 1485 1
1484 1486 1
1485 1486 1
71 1487 1
734 1487 1
1488 1487 1
71 1488 1
734 1488 1
1487 1488 1
344 1489 1
1372 1489 1
1490 1489 1
344 1490 1
1372 1490 1
1489 1490 1
517 1491 1
