2 1 1
1541 1 1
1 2 1
54 3 2
55 3 2
305 4 1
1289 4 1
198 5 1
302 5 1
321 5 1
769 6 1
1538 6 1
1539 6 1
628 7 1
106 8 1
219 8 1
22 9 1
75 9 1
109 9 1
16 10 1
23 10 1
75 10 1
109 10 1
19 11 1
289 11 2
446 11 1
691 11 1
1058 11 1
1407 11 1
1806 11 1
34 12 1
1147 12 1
1270 12 1
14 13 1
452 13 1
1072 13 1
2147 13 1
2148 13 1
13 14 1
452 14 1
1072 14 1
2147 14 1
2148 14 1
1774 15 1
10 16 1
23 16 1
75 16 1
109 16 1
515 16 1
310 17 1
2194 17 1
64 18 1
102 18 1
197 18 1
198 18 1
387 18 1
11 19 1
446 19 1
1407 19 1
1806 19 1
75 20 1
136 20 1
257 20 1
286 20 1
935 20 1
1049 20 1
1655 20 1
1656 20 1
1826 21 1
9 22 1
54 22 1
55 22 2
73 22 1
75 22 3
109 22 1
123 22 1
164 22 1
1081 22 1
10 23 1
16 23 1
75 23 1
109 23 1
490 24 1
494 24 1
1283 24 1
2019 24 1
2020 24 1
26 25 1
94 25 1
161 25 1
25 26 1
94 26 1
161 26 1
108 27 1
113 27 1
68 28 1
195 28 1
491 28 1
2053 28 1
30 29 1
29 30 1
31 30 1
73 30 4
138 30 2
1835 30 1
1874 30 1
1875 30 1
30 31 1
138 31 1
1157 32 1
1224 32 1
37 33 1
85 33 1
12 34 1
98 34 1
152 34 3
176 34 1
211 34 1
253 34 1
281 34 3
289 34 1
306 34 1
308 34 2
309 34 1
310 34 1
331 34 1
355 34 1
356 34 2
380 34 3
427 34 1
1102 34 1
1147 34 2
1270 34 1
1459 34 2
1650 34 1
1922 34 1
671 35 1
690 35 1
920 35 1
1220 35 1
1452 35 2
1515 35 1
1516 35 1
1517 35 1
1518 35 1
82 36 1
133 36 1
177 36 1
246 36 1
304 36 1
503 36 1
1418 36 1
33 37 1
85 37 1
83 38 1
493 38 1
864 38 1
1855 39 1
632 40 1
881 40 1
1393 40 1
168 41 1
227 41 1
64 42 1
2126 42 1
198 43 1
321 43 1
1468 44 1
1469 44 1
1470 44 1
251 45 1
2270 45 1
610 46 1
918 46 1
129 47 1
162 47 2
903 47 1
121 48 1
164 48 3
249 48 1
625 48 1
1084 48 1
64 49 1
102 49 1
2289 49 1
620 50 2
634 50 1
767 50 3
857 50 1
1216 50 1
357 51 1
484 51 1
1339 51 1
1398 51 1
190 52 1
351 52 1
164 53 1
279 53 1
901 53 1
3 54 2
22 54 1
55 54 3
75 54 1
3 55 2
22 55 2
54 55 3
75 55 2
1081 55 1
73 56 1
1339 57 2
1854 57 1
1083 58 1
1130 58 1
1648 58 1
706 59 1
1840 59 1
87 60 1
678 60 1
887 60 1
164 61 2
612 61 1
1015 61 2
1024 61 1
1878 61 1
105 62 1
186 62 1
65 63 1
950 63 1
1090 63 1
1300 63 1
1707 63 1
1774 63 1
2067 63 1
2068 63 1
2069 63 1
18 64 1
42 64 1
49 64 1
102 64 2
387 64 1
1549 64 2
1600 64 1
1929 64 1
2126 64 1
2289 64 1
63 65 1
1090 65 1
1707 65 1
803 66 1
1853 66 1
548 67 1
655 67 2
1065 67 2
28 68 1
69 68 1
80 68 1
119 68 1
195 68 2
491 68 2
612 68 1
2053 68 1
68 69 1
195 69 1
212 69 1
257 69 1
312 69 1
491 69 1
148 70 1
702 70 1
709 70 1
1003 70 1
2284 71 1
1482 72 1
22 73 1
30 73 4
56 73 1
123 73 1
164 73 1
321 73 1
604 73 1
605 73 1
606 73 1
626 73 1
756 73 1
983 73 1
1046 73 2
1048 73 1
1407 73 1
1521 73 1
1614 73 1
1835 73 1
1875 73 1
1303 74 1
2048 74 1
9 75 1
10 75 1
16 75 1
20 75 1
22 75 3
23 75 1
54 75 1
55 75 2
109 75 2
136 75 4
416 75 1
793 75 1
836 75 1
1049 75 1
1079 75 1
1081 75 1
1603 75 1
1604 75 1
1605 75 1
1655 75 1
1656 75 1
1663 75 1
1877 75 1
99 76 1
184 76 1
1637 76 1
175 77 1
298 77 1
1100 77 1
2070 77 1
511 78 1
227 79 1
392 79 1
1190 79 1
68 80 1
119 80 1
612 80 1
635 80 1
636 80 1
172 81 1
303 81 1
796 81 1
1170 81 1
1224 81 2
1347 81 1
1687 81 1
1688 81 1
1999 81 1
36 82 1
133 82 1
38 83 1
493 83 1
846 84 1
1821 84 1
2006 84 1
33 85 1
37 85 1
619 86 2
1391 86 1
1392 86 1
1399 86 1
2244 86 1
60 87 1
678 87 1
887 87 1
473 88 1
616 88 1
617 88 1
479 89 1
1686 89 1
1689 89 1
433 90 1
434 90 2
1097 90 2
1219 90 1
1750 90 1
742 91 1
994 91 1
646 92 1
785 92 1
786 92 1
787 92 1
882 92 1
1651 92 1
2064 92 1
646 93 1
733 93 1
994 93 1
1246 93 1
25 94 1
26 94 1
161 94 1
192 95 1
382 95 1
245 96 1
163 97 1
222 97 1
228 97 1
229 97 1
230 97 1
34 98 1
211 98 1
427 98 1
76 99 1
184 99 1
1637 99 1
202 100 1
1123 101 1
1485 101 1
18 102 1
49 102 1
64 102 2
387 102 1
2289 102 1
1230 103 1
405 104 1
687 104 1
688 104 1
62 105 1
186 105 1
8 106 1
219 106 1
492 107 3
936 107 1
951 107 1
1509 107 1
1554 107 1
1660 107 1
1661 107 1
27 108 1
113 108 1
9 109 1
10 109 1
16 109 1
22 109 1
23 109 1
75 109 2
584 110 1
332 111 1
178 112 2
1021 112 1
1022 112 1
27 113 1
108 113 1
290 113 1
624 113 1
366 114 1
370 114 1
528 114 1
1510 114 1
227 115 1
1459 115 1
410 116 2
411 116 2
1879 116 1
438 117 1
439 117 1
440 117 1
2227 117 1
2228 117 1
381 118 1
382 118 1
68 119 1
80 119 1
612 119 1
412 120 2
48 121 1
164 121 1
831 121 1
136 122 1
22 123 1
73 123 1
164 123 1
488 124 1
332 125 1
487 125 1
1164 126 1
1182 126 1
1183 126 1
1249 126 1
180 127 1
200 127 1
1132 127 1
1225 127 1
1244 127 1
2089 127 1
240 128 1
914 128 1
2275 128 1
47 129 1
903 129 1
131 130 1
130 131 1
727 132 1
36 133 1
82 133 1
541 134 1
736 134 1
1325 134 1
1326 134 1
1857 134 1
1281 135 1
20 136 1
75 136 4
122 136 1
1028 136 1
1029 136 1
1049 136 1
1079 136 1
1505 136 1
1603 136 1
1604 136 1
1605 136 1
1655 136 1
1656 136 1
1663 136 1
2186 136 1
919 137 1
1671 137 1
1672 137 1
30 138 2
31 138 1
1874 138 1
1958 138 1
164 139 2
618 139 1
933 139 1
2021 139 1
2022 139 1
487 140 1
615 140 1
1012 140 1
1916 140 1
1917 140 1
2178 140 1
2179 140 1
250 141 1
1130 141 1
1406 141 1
487 142 1
1012 142 1
1916 142 1
1917 142 1
217 143 1
767 143 1
1018 143 1
1384 144 2
164 145 1
524 145 1
886 145 1
741 146 1
1542 146 1
240 147 1
537 147 1
772 147 1
70 148 1
702 148 1
709 148 1
1003 148 1
1167 149 1
183 150 2
1163 150 2
152 151 1
1155 151 1
1988 151 1
34 152 3
151 152 1
210 152 1
238 152 1
289 152 1
308 152 1
331 152 1
376 152 1
419 152 1
1102 152 1
1155 152 1
1459 152 1
1951 152 1
1988 152 1
2172 152 1
421 153 1
273 154 1
1320 154 1
304 155 1
357 155 1
1355 156 1
1376 156 1
158 157 1
160 157 1
157 158 1
159 158 1
160 158 1
185 158 1
352 158 1
158 159 1
185 159 1
352 159 1
157 160 1
158 160 1
324 160 1
406 160 1
443 160 1
1475 160 2
1476 160 1
25 161 1
26 161 1
94 161 1
47 162 2
97 163 1
222 163 1
228 163 1
229 163 1
230 163 1
22 164 1
48 164 3
53 164 1
61 164 2
73 164 1
121 164 1
123 164 1
139 164 2
145 164 1
249 164 1
279 164 3
357 164 2
451 164 2
497 164 2
524 164 1
612 164 1
625 164 1
858 164 1
886 164 1
901 164 1
1015 164 2
1024 164 1
1035 164 1
1084 164 1
1591 164 1
1877 164 1
1878 164 1
2012 164 1
2013 164 1
2023 164 1
338 165 1
339 165 1
365 165 1
402 165 2
1010 165 1
1386 165 1
1669 165 2
1670 165 1
2238 165 1
1042 166 1
2102 166 1
1464 167 1
1783 167 1
1847 167 1
41 168 1
227 168 1
254 169 1
255 169 1
401 170 1
654 170 1
796 171 1
81 172 1
173 172 1
184 172 1
187 172 1
299 172 1
733 172 1
1553 172 1
172 173 1
1553 173 1
175 174 1
218 174 1
224 174 1
262 174 1
623 174 1
774 174 1
77 175 1
174 175 1
189 175 1
217 175 1
218 175 1
226 175 1
294 175 1
298 175 1
303 175 1
623 175 3
1100 175 1
1154 175 1
1156 175 1
1813 175 1
2070 175 1
34 176 1
36 177 1
503 177 3
757 177 2
867 177 1
959 177 1
1124 177 1
112 178 2
496 178 1
997 178 1
1021 178 1
1022 178 1
180 179 1
127 180 1
179 180 1
189 180 2
200 180 1
271 180 2
306 180 2
357 180 1
780 180 1
1098 180 2
1118 180 1
1240 180 2
1264 180 3
1272 180 1
1628 180 2
1756 180 1
357 181 1
845 181 1
846 181 1
368 182 1
434 182 1
1447 182 1
1848 182 1
150 183 2
1163 183 2
76 184 1
99 184 1
172 184 1
1637 184 1
158 185 1
159 185 1
186 185 1
351 185 1
352 185 2
413 185 1
1173 185 1
2151 185 1
62 186 1
105 186 1
185 186 1
212 186 1
325 186 1
1155 186 1
2121 186 1
2151 186 1
2207 186 1
172 187 1
299 187 1
189 188 1
961 188 1
175 189 1
180 189 2
188 189 1
294 189 1
623 189 1
961 189 1
1098 189 2
1156 189 1
1813 189 1
52 190 1
191 190 1
209 190 1
225 190 1
244 190 1
291 190 1
351 190 1
402 190 3
1086 190 1
1158 190 1
1754 190 1
190 191 1
225 191 1
95 192 1
382 192 1
568 193 1
591 193 1
436 194 2
945 194 1
2204 194 1
2205 194 1
28 195 1
68 195 2
69 195 1
491 195 2
2053 195 1
851 196 1
18 197 1
198 197 1
5 198 1
18 198 1
43 198 1
197 198 1
302 198 1
320 198 1
321 198 3
334 199 1
1204 199 1
127 200 1
180 200 1
285 201 1
656 201 1
100 202 1
1133 203 1
686 204 1
885 204 1
1125 204 1
1765 204 1
672 205 1
763 205 1
262 206 2
388 206 2
389 206 1
2276 206 1
297 207 1
879 207 1
1814 207 1
1815 207 1
2124 208 1
2125 208 1
190 209 1
244 209 3
397 209 1
420 209 2
1424 209 1
152 210 1
376 210 1
419 210 1
1951 210 1
34 211 1
98 211 1
427 211 1
69 212 1
186 212 1
213 212 2
325 212 3
351 212 1
352 212 1
424 212 1
1010 212 4
1527 212 2
1560 212 1
1561 212 1
1562 212 1
2199 212 1
212 213 2
1527 213 1
2199 213 1
642 214 1
981 214 1
319 215 1
1378 215 1
1379 215 1
1380 215 1
322 216 1
898 216 1
954 216 1
1968 216 1
1969 216 1
1970 216 1
2127 216 1
2128 216 1
143 217 1
175 217 1
453 217 1
638 217 1
680 217 1
744 217 1
766 217 1
833 217 1
896 217 2
897 217 2
952 217 1
1087 217 1
1140 217 1
1169 217 1
1241 217 1
1320 217 4
1404 217 1
1407 217 1
1411 217 1
1606 217 1
1693 217 1
1708 217 1
1711 217 2
1840 217 1
1846 217 1
2115 217 1
2174 217 1
174 218 1
175 218 1
315 218 1
318 218 1
330 218 1
623 218 1
8 219 1
106 219 1
585 220 1
1640 220 1
303 221 1
1224 221 1
97 222 1
163 222 1
228 222 1
229 222 1
230 222 1
790 223 1
174 224 1
190 225 1
191 225 1
175 226 1
303 226 1
1154 226 1
41 227 1
79 227 1
115 227 1
168 227 1
276 227 2
311 227 2
312 227 1
364 227 1
392 227 2
418 227 1
461 227 1
831 227 2
1190 227 2
1236 227 1
1309 227 2
1374 227 1
1459 227 1
1790 227 1
1791 227 1
1792 227 1
2106 227 1
97 228 1
163 228 1
222 228 1
229 228 1
230 228 1
97 229 1
163 229 1
222 229 1
228 229 1
230 229 1
97 230 1
163 230 1
222 230 1
228 230 1
229 230 1
273 231 1
312 231 1
342 231 3
761 231 1
1341 231 1
1489 231 3
1765 231 1
1844 231 1
1881 231 1
1882 231 1
1023 232 1
731 233 1
1260 233 1
329 234 1
611 234 1
733 234 1
750 234 1
1246 234 1
1370 234 1
1496 234 1
236 235 1
235 236 1
242 236 1
323 236 1
239 237 1
2304 237 1
152 238 1
2172 238 1
237 239 1
654 239 1
840 239 1
1629 239 1
2304 239 1
128 240 1
147 240 1
241 240 1
537 240 2
772 240 2
914 240 1
1063 240 1
2275 240 1
240 241 1
537 241 1
772 241 1
1063 241 1
236 242 1
244 243 1
245 243 1
246 243 1
347 243 1
420 243 1
835 243 1
190 244 1
209 244 3
243 244 1
263 244 1
272 244 1
347 244 1
350 244 1
378 244 2
397 244 1
420 244 4
444 244 1
892 244 1
1099 244 1
1424 244 4
1425 244 1
1433 244 1
1523 244 1
1524 244 1
1780 244 1
1781 244 1
2249 244 1
2250 244 1
96 245 1
243 245 1
246 245 1
322 245 2
835 245 1
1294 245 1
36 246 1
243 246 1
245 246 1
304 246 2
835 246 1
1418 246 2
1508 246 1
274 247 1
499 247 1
881 247 1
1284 247 1
1325 247 1
1636 247 1
1676 247 1
1677 247 1
1678 247 1
1860 247 1
2230 247 1
2231 247 1
711 248 1
1476 248 1
1867 248 1
48 249 1
164 249 1
625 249 1
141 250 1
1130 250 1
1406 250 1
45 251 1
252 251 1
315 251 1
318 251 1
2270 251 1
251 252 1
315 252 1
318 252 1
1456 252 1
1887 252 1
34 253 1
281 253 1
306 253 1
2134 253 1
169 254 1
255 254 1
169 255 1
254 255 1
705 255 1
885 255 4
1026 255 2
1089 255 5
1390 255 2
1712 255 2
2122 255 1
2192 255 1
257 256 2
312 256 2
20 257 1
69 257 1
256 257 2
258 257 1
262 257 1
286 257 2
312 257 5
366 257 1
408 257 2
656 257 1
935 257 1
1157 257 1
1413 257 1
1415 257 1
1436 257 1
1437 257 1
1806 257 1
1807 257 1
2268 257 1
2269 257 1
257 258 1
260 259 1
286 259 1
703 259 1
1318 259 1
2078 259 1
259 260 1
1135 260 2
1318 260 3
1589 260 1
262 261 1
2182 261 1
174 262 1
206 262 2
257 262 1
261 262 1
274 262 1
388 262 3
389 262 2
476 262 1
774 262 1
1000 262 1
1193 262 1
1285 262 1
1431 262 2
1681 262 1
1682 262 1
1852 262 3
1906 262 1
1930 262 1
1931 262 1
2182 262 1
2268 262 1
2269 262 1
244 263 1
350 263 1
444 263 1
1780 263 1
1781 263 1
377 264 3
412 264 1
528 264 1
706 264 1
994 264 2
1101 264 1
1155 264 2
1207 264 1
1371 264 1
1580 264 1
1626 264 1
1850 264 1
827 265 1
995 265 1
1315 265 1
1327 265 1
1328 265 3
1329 265 1
1330 265 1
1382 265 1
1383 265 1
1824 265 1
1828 265 1
2144 265 1
2145 265 1
2146 265 1
2219 265 1
2256 265 1
2257 265 1
268 266 1
1159 267 1
266 268 1
448 268 1
300 269 3
327 269 1
337 269 1
346 269 1
1086 269 1
1339 269 3
1371 269 1
1584 269 1
1596 269 1
1841 269 1
1891 269 1
1893 269 1
1894 269 1
1134 270 1
180 271 2
385 271 1
244 272 1
1424 272 1
1425 272 1
154 273 1
231 273 1
1320 273 1
247 274 1
262 274 1
379 274 1
414 274 1
499 274 2
521 274 1
893 274 1
1221 274 1
1325 274 2
1858 274 1
1859 274 1
1860 274 2
2230 274 1
2231 274 1
331 275 2
729 275 2
227 276 2
429 276 1
461 276 1
2106 276 1
479 277 2
1214 277 1
1246 277 2
1952 277 1
2129 277 1
644 278 1
859 278 1
1012 278 1
1339 278 2
2218 278 1
53 279 1
164 279 3
451 279 2
901 279 1
1324 279 1
2036 279 1
1186 280 1
1520 280 1
1717 280 1
34 281 3
253 281 1
306 281 1
380 281 1
1922 281 1
344 282 1
345 282 1
1178 282 1
2040 282 1
2041 282 1
2042 282 1
2043 282 1
2044 282 1
406 283 3
417 283 2
429 283 1
527 283 1
528 283 1
1052 283 1
1295 283 1
1296 283 1
1297 283 1
1362 283 1
1499 283 1
1500 283 2
1784 283 1
1785 283 1
1798 283 1
478 284 1
553 284 1
795 284 1
2024 284 1
2025 284 1
2026 284 1
2082 284 1
2083 284 2
2086 284 1
201 285 1
321 285 1
656 285 1
20 286 1
257 286 2
259 286 1
287 286 2
288 286 2
340 286 1
374 286 3
401 286 1
407 286 1
408 286 2
654 286 2
656 286 2
760 286 1
817 286 1
933 286 1
934 286 1
935 286 2
1092 286 2
1185 286 1
1362 286 1
1413 286 2
1415 286 2
1435 286 1
1551 286 1
1694 286 2
1695 286 1
1835 286 1
1989 286 1
1990 286 1
2078 286 1
2245 286 1
286 287 2
312 287 1
374 287 2
645 287 1
934 287 1
1787 287 1
1918 287 1
286 288 2
1092 288 1
1435 288 1
11 289 2
34 289 1
152 289 1
691 289 1
1058 289 1
113 290 1
624 290 1
190 291 1
293 292 1
292 293 1
175 294 1
189 294 1
623 294 1
1156 294 1
1813 294 1
648 295 1
1116 295 1
1649 295 1
994 296 1
207 297 1
77 298 1
175 298 1
1100 298 1
2070 298 1
172 299 1
187 299 1
269 300 3
327 300 1
1893 300 1
313 301 1
341 301 2
721 301 2
856 301 1
930 301 1
1312 301 1
5 302 1
198 302 1
321 302 1
81 303 1
175 303 1
221 303 1
226 303 1
1154 303 1
1224 303 2
36 304 1
155 304 1
246 304 2
357 304 1
804 304 1
1080 304 1
1165 304 1
1200 304 3
1418 304 3
1508 304 1
1954 304 2
2058 304 1
2059 304 1
2062 304 1
4 305 1
441 305 2
1126 305 1
1289 305 1
1323 305 1
1594 305 1
1724 305 1
1725 305 1
34 306 1
180 306 2
253 306 1
281 306 1
312 306 1
315 306 1
431 306 1
1240 306 1
1242 306 1
1264 306 2
1459 306 1
1787 306 1
666 307 1
904 307 1
34 308 2
152 308 1
349 308 2
425 308 1
999 308 1
1205 308 1
1320 308 1
1459 308 1
1606 308 1
1820 308 1
34 309 1
310 309 1
17 310 1
34 310 1
309 310 1
2193 310 1
2194 310 2
227 311 2
312 311 1
831 311 2
69 312 1
227 312 1
231 312 1
256 312 2
257 312 5
287 312 1
306 312 1
311 312 1
315 312 1
431 312 1
562 312 2
593 312 1
594 312 1
645 312 1
656 312 2
707 312 1
751 312 1
761 312 1
831 312 1
1011 312 1
1368 312 1
1414 312 2
1415 312 3
1577 312 1
1720 312 1
1765 312 1
1787 312 3
1795 312 1
1844 312 1
1881 312 1
1882 312 1
1905 312 1
1918 312 1
301 313 1
435 314 1
1027 314 1
2272 314 1
2273 314 1
218 315 1
251 315 1
252 315 1
306 315 1
312 315 1
317 315 1
318 315 3
330 315 1
396 315 1
431 315 1
1373 315 1
1495 315 1
1752 315 1
1787 315 1
2296 315 1
2297 315 1
835 316 1
1488 316 1
315 317 1
218 318 1
251 318 1
252 318 1
315 318 3
330 318 1
383 318 1
1752 318 1
1834 318 1
215 319 1
1209 319 1
1378 319 1
1379 319 1
1380 319 1
1761 319 1
198 320 1
5 321 1
43 321 1
73 321 1
198 321 3
285 321 1
302 321 1
680 321 1
756 321 1
1169 321 1
216 322 1
245 322 2
369 322 1
387 322 1
409 322 3
437 322 1
1142 322 2
1157 322 1
1179 322 1
1294 322 3
1320 322 1
1797 322 1
2049 322 1
236 323 1
160 324 1
406 324 1
186 325 1
212 325 3
1050 325 1
1324 325 1
460 326 1
1248 326 1
2099 326 1
2100 326 1
2101 326 1
269 327 1
300 327 1
1213 327 1
1819 327 1
1025 328 1
1027 328 2
1157 328 1
2110 328 2
2111 328 1
2112 328 1
2113 328 1
2114 328 1
2285 328 1
234 329 1
611 329 1
218 330 1
315 330 1
318 330 1
34 331 1
152 331 1
275 331 2
371 331 1
719 331 1
729 331 2
1102 331 1
2047 331 1
111 332 1
125 332 1
487 332 2
498 332 1
533 332 2
689 332 1
922 332 1
1001 332 1
1251 332 1
1252 332 1
1332 332 1
1685 332 1
2029 332 1
2169 332 1
2236 332 1
334 333 1
386 333 1
199 334 1
333 334 1
386 334 1
1309 335 1
1507 335 1
989 336 1
1575 336 1
1576 336 2
1829 336 1
269 337 1
1891 337 1
165 338 1
365 338 1
165 339 1
1010 339 1
2238 339 1
286 340 1
935 340 2
1415 340 1
2245 340 1
301 341 2
231 342 3
1489 342 1
358 343 1
282 344 1
345 344 1
1178 344 1
2040 344 1
2041 344 1
2042 344 1
2043 344 1
2044 344 1
282 345 1
344 345 1
1178 345 1
2040 345 1
2041 345 1
2042 345 1
2043 345 1
2044 345 1
269 346 1
1339 346 1
243 347 1
244 347 1
420 347 1
1426 348 1
1752 348 1
308 349 2
244 350 1
263 350 1
444 350 1
1780 350 1
1781 350 1
52 351 1
185 351 1
190 351 1
212 351 1
352 351 1
158 352 1
159 352 1
185 352 2
212 352 1
351 352 1
1010 352 1
354 353 1
353 354 1
34 355 1
356 355 1
1650 355 1
34 356 2
355 356 1
380 356 1
1650 356 1
51 357 1
155 357 1
164 357 2
180 357 1
181 357 1
304 357 1
366 357 1
426 357 1
484 357 1
497 357 3
538 357 1
634 357 1
680 357 1
780 357 1
845 357 1
846 357 3
853 357 1
854 357 2
862 357 1
901 357 1
1035 357 1
1118 357 1
1157 357 3
1339 357 3
1398 357 1
1584 357 1
1585 357 1
1821 357 1
1863 357 1
1971 357 1
2023 357 1
343 358 1
361 359 1
1155 359 1
1580 359 1
1032 360 1
1824 360 1
2173 360 1
359 361 1
1155 361 1
1580 361 1
393 362 1
1339 362 1
1514 362 1
2008 362 1
2009 362 1
390 363 1
586 363 1
1369 363 1
227 364 1
165 365 1
338 365 1
114 366 1
257 366 1
357 366 1
429 366 2
528 366 1
830 366 1
862 366 1
1157 366 1
1510 366 1
1151 367 1
182 368 1
418 368 1
434 368 2
824 368 1
1233 368 1
1261 368 1
1848 368 1
322 369 1
114 370 1
406 370 2
1151 370 1
1668 370 1
331 371 1
384 371 1
556 371 1
564 371 1
719 371 1
974 371 1
1052 371 1
1053 371 1
1054 371 1
1800 371 1
2047 371 1
373 372 1
372 373 1
286 374 3
287 374 2
934 374 1
1471 375 1
152 376 1
210 376 1
419 376 1
1951 376 1
264 377 3
994 377 2
244 378 2
892 378 1
1099 378 1
1523 378 1
1524 378 1
274 379 1
414 379 1
34 380 3
281 380 1
356 380 1
118 381 1
382 381 1
95 382 1
118 382 1
192 382 1
381 382 1
318 383 1
371 384 1
974 384 1
1579 384 1
271 385 1
333 386 1
334 386 1
18 387 1
64 387 1
102 387 1
322 387 1
437 387 1
1142 387 1
206 388 2
262 388 3
389 388 2
1193 388 1
1852 388 1
206 389 1
262 389 2
388 389 2
1193 389 1
1852 389 1
363 390 1
586 390 1
1369 390 1
555 391 4
741 391 3
849 391 2
912 391 3
913 391 1
1259 391 1
1314 391 1
1559 391 1
1740 391 1
1965 391 1
2253 391 2
79 392 1
227 392 2
1190 392 2
1374 392 1
362 393 1
2008 393 1
2009 393 1
395 394 1
394 395 1
773 395 1
1634 395 1
1635 395 2
315 396 1
209 397 1
244 397 1
420 397 1
1424 397 1
399 398 1
1628 398 1
398 399 1
406 399 1
1628 399 1
592 400 1
994 400 1
170 401 1
286 401 1
654 401 2
1694 401 1
165 402 2
190 402 3
1086 402 1
1754 402 1
404 403 1
1047 403 1
1803 403 1
1861 403 1
1862 403 2
403 404 1
104 405 1
458 405 1
687 405 1
688 405 1
778 405 1
864 405 1
1519 405 1
160 406 1
283 406 3
324 406 1
370 406 2
399 406 1
418 406 1
1151 406 1
1592 406 2
1668 406 1
1766 406 1
2143 406 1
286 407 1
408 407 1
257 408 2
286 408 2
407 408 1
501 408 1
502 408 1
526 408 1
555 408 1
716 408 1
722 408 2
827 408 2
1122 408 1
1340 408 1
1347 408 2
1400 408 1
1413 408 1
1415 408 1
1436 408 1
1437 408 1
1447 408 1
1806 408 1
1807 408 1
1851 408 2
2109 408 1
2183 408 1
322 409 3
1157 409 1
1179 409 1
1320 409 1
2049 409 1
116 410 2
411 410 2
1879 410 1
116 411 2
410 411 2
455 411 1
535 411 1
567 411 1
663 411 3
679 411 2
743 411 2
747 411 1
748 411 1
794 411 1
1040 411 1
1294 411 5
1474 411 1
1684 411 1
1719 411 1
1879 411 1
1900 411 1
2120 411 2
2162 411 1
2195 411 1
120 412 2
264 412 1
531 412 4
601 412 1
797 412 1
996 412 1
1014 412 1
1101 412 1
1293 412 1
2226 412 1
185 413 1
1173 413 1
274 414 1
379 414 1
479 415 1
482 415 1
517 415 1
1085 415 1
1214 415 1
75 416 1
1877 416 1
283 417 2
1499 417 1
1500 417 2
227 418 1
368 418 1
406 418 1
419 418 2
434 418 2
618 418 2
824 418 1
1282 418 1
1412 418 2
1447 418 5
1455 418 2
1456 418 3
1473 418 4
1514 418 1
1557 418 1
1592 418 2
1899 418 1
2143 418 1
152 419 1
210 419 1
376 419 1
418 419 2
1447 419 2
1473 419 1
1951 419 1
1995 419 1
209 420 2
243 420 1
244 420 4
347 420 1
397 420 1
1424 420 1
153 421 1
552 421 1
1010 422 1
1924 422 1
1972 423 1
1973 423 1
1974 423 1
212 424 1
308 425 1
999 425 1
357 426 1
1339 426 1
34 427 1
98 427 1
211 427 1
429 428 1
276 429 1
283 429 1
366 429 2
428 429 1
830 429 1
1171 429 1
1295 429 1
1296 429 1
1297 429 1
1786 429 1
691 430 1
1058 430 1
1189 430 1
1279 430 1
1883 430 1
306 431 1
312 431 1
315 431 1
1787 431 1
1058 432 1
1833 432 1
90 433 1
434 433 1
1097 433 1
90 434 2
182 434 1
368 434 2
418 434 2
433 434 1
824 434 1
1097 434 2
1219 434 2
1447 434 1
1455 434 1
1750 434 2
1751 434 1
1848 434 1
314 435 1
1027 435 1
2272 435 1
2273 435 1
194 436 2
592 436 1
945 436 1
2204 436 1
2205 436 1
322 437 1
387 437 1
1142 437 1
117 438 1
439 438 2
440 438 2
2076 438 1
2077 438 1
2227 438 1
2228 438 1
117 439 1
438 439 2
440 439 2
2076 439 1
2077 439 1
2227 439 1
2228 439 1
117 440 1
438 440 2
439 440 2
2076 440 1
2077 440 1
2227 440 1
2228 440 1
305 441 2
442 441 1
627 441 2
1594 441 1
441 442 1
513 442 1
619 442 1
627 442 1
160 443 1
244 444 1
263 444 1
350 444 1
1780 444 1
1781 444 1
446 445 1
447 445 2
11 446 1
19 446 1
445 446 1
447 446 1
556 446 3
837 446 1
838 446 1
975 446 2
1319 446 2
1407 446 3
1675 446 1
1683 446 1
1684 446 1
1806 446 1
2298 446 1
2299 446 1
2300 446 1
445 447 2
446 447 1
268 448 1
1113 449 1
1346 449 1
820 450 2
973 450 1
2247 450 2
164 451 2
279 451 2
13 452 1
14 452 1
1072 452 1
2147 452 1
2148 452 1
217 453 1
548 453 2
1762 453 1
2174 453 1
547 454 1
548 454 1
928 454 1
411 455 1
1684 455 1
544 456 1
819 456 1
1088 456 1
1907 456 1
1403 457 1
405 458 1
778 458 1
1519 458 1
598 459 1
326 460 1
1248 460 1
2099 460 1
2100 460 1
2101 460 1
227 461 1
276 461 1
585 462 1
587 462 1
1512 462 1
1566 462 1
469 463 1
1337 463 1
1912 464 1
1913 464 1
479 465 1
825 465 1
923 465 1
1006 465 1
1009 465 1
1434 465 1
1593 465 1
936 466 1
2251 466 1
2252 466 1
468 467 1
467 468 1
463 469 1
1337 469 1
1866 470 1
1308 471 1
570 472 1
1341 472 1
88 473 1
616 473 1
617 473 1
1091 474 1
1095 474 1
1143 474 1
1555 474 1
2237 474 1
1227 475 1
2071 475 1
2072 475 1
2295 475 1
262 476 1
1906 476 1
510 477 1
512 477 1
624 477 1
1665 477 1
1666 477 1
284 478 1
2024 478 1
2025 478 1
2026 478 1
89 479 1
277 479 2
415 479 1
465 479 1
482 479 1
517 479 1
888 479 1
923 479 4
943 479 2
1009 479 4
1085 479 1
1214 479 4
1245 479 1
1246 479 4
1476 479 1
1492 479 1
1493 479 1
1593 479 1
1689 479 1
1728 479 3
1729 479 1
1808 479 1
1876 479 1
1936 479 1
1952 479 1
2129 479 1
648 480 1
1955 480 1
1956 480 1
1957 480 1
539 481 1
540 481 1
415 482 1
479 482 1
517 482 1
1085 482 1
1214 482 1
487 483 1
644 483 1
1012 483 2
1148 483 1
51 484 1
357 484 1
1339 484 1
1398 484 1
784 485 1
921 485 1
922 485 2
924 485 1
1068 485 1
1388 485 1
1696 485 1
1746 485 1
1747 485 1
1748 485 1
1749 485 1
2063 485 1
777 486 1
1177 486 1
125 487 1
140 487 1
142 487 1
332 487 2
483 487 1
498 487 1
615 487 1
644 487 1
1012 487 3
1916 487 2
1917 487 2
2178 487 1
2179 487 1
2236 487 1
124 488 1
545 489 1
579 489 1
24 490 1
494 490 1
1283 490 1
2019 490 1
2020 490 1
28 491 1
68 491 2
69 491 1
195 491 2
2053 491 1
107 492 3
38 493 1
83 493 1
24 494 1
490 494 1
1283 494 1
2019 494 1
2020 494 1
709 495 1
768 495 1
178 496 1
164 497 2
357 497 3
846 497 1
1035 497 1
1971 497 1
2023 497 1
332 498 1
487 498 1
2236 498 1
247 499 1
274 499 2
866 499 1
896 499 1
1221 499 1
1325 499 2
1858 499 1
1859 499 1
1860 499 2
2230 499 1
2231 499 1
770 500 1
771 500 1
408 501 1
408 502 1
36 503 1
177 503 3
998 504 1
1365 504 1
506 505 1
967 505 1
2140 505 1
2141 505 1
505 506 1
967 506 1
2140 506 1
2141 506 1
523 507 1
524 507 1
1061 508 1
1339 508 1
1889 508 1
1890 508 1
1339 509 1
477 510 1
512 510 1
624 510 3
631 510 2
869 510 1
949 510 1
1665 510 2
1666 510 1
78 511 1
477 512 1
510 512 1
624 512 1
1665 512 1
1666 512 1
442 513 1
619 513 1
873 514 1
1361 514 1
16 515 1
1184 516 1
415 517 1
479 517 1
482 517 1
1085 517 1
1214 517 1
519 518 1
518 519 1
2198 519 1
665 520 1
274 521 1
893 521 1
1349 522 1
507 523 1
524 523 1
145 524 1
164 524 1
507 524 1
523 524 1
886 524 1
1438 525 1
1439 525 1
408 526 1
283 527 1
528 527 1
687 527 1
689 527 1
1151 527 1
2081 527 1
114 528 1
264 528 1
283 528 1
366 528 1
527 528 1
628 528 1
644 528 1
1510 528 1
569 529 1
602 529 1
803 530 1
1192 530 1
412 531 4
1293 531 1
1234 532 1
1939 532 1
1940 532 1
1941 532 1
1942 532 1
1943 532 1
2035 532 1
332 533 2
2029 533 1
1760 534 1
2246 534 1
411 535 1
2087 536 1
2088 536 1
147 537 1
240 537 2
241 537 1
772 537 2
1063 537 1
357 538 1
680 538 1
1863 538 1
481 539 1
540 539 3
2105 539 1
481 540 1
539 540 3
2105 540 1
134 541 1
736 541 2
844 541 1
1325 541 1
1326 541 1
1857 541 1
543 542 1
542 543 1
456 544 1
819 544 1
1088 544 1
1907 544 1
489 545 1
578 545 1
579 545 1
725 545 1
640 546 1
641 546 1
809 546 1
901 546 3
1503 546 1
1526 546 1
1564 546 1
1823 546 1
454 547 1
548 547 3
928 547 3
1020 547 1
67 548 1
453 548 2
454 548 1
547 548 3
614 548 1
655 548 2
730 548 1
925 548 1
928 548 3
957 548 1
971 548 1
1019 548 1
1020 548 2
1039 548 1
1051 548 1
1055 548 2
1065 548 1
1067 548 1
1762 548 1
1831 548 1
2001 548 2
2002 548 2
550 549 1
551 549 1
549 550 1
551 550 1
549 551 1
550 551 1
421 552 1
284 553 1
795 553 1
956 553 1
1448 553 1
1919 553 1
2123 553 1
799 554 1
391 555 4
408 555 1
573 555 1
741 555 3
810 555 1
811 555 1
827 555 1
849 555 1
912 555 1
913 555 2
1965 555 1
2130 555 1
2131 555 1
371 556 1
446 556 3
1092 556 1
1800 556 1
1839 556 1
2224 556 1
2225 556 1
558 557 1
1449 557 1
557 558 1
570 558 2
717 558 1
1449 558 1
1071 559 1
608 560 1
609 560 1
562 561 1
750 561 1
776 561 1
849 561 1
1113 561 1
312 562 2
561 562 1
656 562 1
750 562 1
751 562 2
849 562 1
1223 562 1
1228 562 1
1277 562 1
1368 562 1
1467 562 1
1002 563 1
371 564 1
566 565 1
565 566 1
1462 566 1
1463 566 2
411 567 1
747 567 1
748 567 1
193 568 1
591 568 1
684 568 1
1387 568 1
529 569 1
472 570 1
558 570 2
717 570 1
762 570 2
1341 570 1
1486 570 1
1487 570 1
2045 571 1
2046 571 1
651 572 1
721 572 1
1343 572 1
2264 572 1
555 573 1
741 573 1
1073 574 1
576 575 1
1550 575 1
575 576 1
629 576 1
630 576 1
905 576 1
1257 576 1
1550 576 1
1966 577 1
1967 577 1
545 578 1
734 578 1
489 579 1
545 579 1
1004 580 1
1005 580 1
902 581 1
964 581 2
1125 581 1
2255 581 1
583 582 4
647 582 1
648 582 1
1315 582 2
1775 582 1
1845 582 1
2185 582 1
582 583 4
647 583 1
648 583 1
1064 583 1
1314 583 1
1315 583 3
1451 583 1
1540 583 1
1775 583 1
2185 583 1
110 584 1
964 584 1
1255 584 1
220 585 1
462 585 1
587 585 1
1566 585 1
1640 585 1
363 586 1
390 586 1
1369 586 1
462 587 1
585 587 1
1566 587 1
723 588 1
827 589 1
944 589 1
1276 589 1
1422 589 1
1827 589 2
1953 589 1
2206 589 1
1339 590 1
193 591 1
568 591 1
400 592 1
436 592 1
945 592 1
994 592 1
312 593 1
594 593 1
312 594 1
593 594 1
968 595 1
597 596 1
1313 596 1
1316 596 1
596 597 1
1313 597 1
459 598 1
750 599 1
908 599 1
1139 599 1
1232 599 1
1735 599 1
1843 599 1
733 600 1
412 601 1
529 602 1
932 602 2
862 603 1
1909 603 1
73 604 1
605 604 1
606 604 1
73 605 1
604 605 1
606 605 1
73 606 1
604 606 1
605 606 1
1062 607 1
1702 607 1
560 608 1
609 608 1
560 609 1
608 609 1
46 610 1
918 610 1
234 611 1
329 611 1
61 612 1
68 612 1
80 612 1
119 612 1
164 612 1
1015 612 1
1024 612 1
1271 612 1
1753 612 1
1878 612 1
828 613 1
830 613 1
884 613 1
1036 613 1
1870 613 1
1871 613 1
548 614 1
140 615 1
487 615 1
1012 615 1
1916 615 1
1917 615 1
2178 615 1
2179 615 1
88 616 1
473 616 1
617 616 1
88 617 1
473 617 1
616 617 1
139 618 1
418 618 2
933 618 1
1412 618 1
1447 618 1
1514 618 1
2021 618 1
2022 618 1
86 619 2
442 619 1
513 619 1
1392 619 1
1399 619 1
50 620 2
634 620 1
767 620 2
857 620 1
1216 620 1
798 621 1
1448 621 2
1508 622 1
174 623 1
175 623 3
189 623 1
218 623 1
294 623 1
1156 623 1
1813 623 1
2027 623 1
113 624 1
290 624 1
477 624 1
510 624 3
512 624 1
631 624 2
869 624 1
949 624 1
1665 624 2
1666 624 1
48 625 1
164 625 1
249 625 1
73 626 1
441 627 2
442 627 1
7 628 1
528 628 1
644 628 2
884 628 1
1012 628 2
1250 628 1
1407 628 1
1639 628 1
1842 628 1
576 629 1
630 629 1
576 630 1
629 630 1
510 631 2
624 631 2
869 631 1
949 631 1
1665 631 1
40 632 1
633 632 1
881 632 1
1213 632 1
1393 632 2
1394 632 1
1395 632 1
632 633 1
1213 633 1
1393 633 1
1394 633 1
1395 633 1
50 634 1
357 634 1
620 634 1
767 634 1
853 634 1
854 634 1
857 634 1
80 635 1
636 635 1
80 636 1
635 636 1
664 636 1
1023 636 1
846 637 1
1556 637 1
217 638 1
896 638 1
952 638 1
948 639 3
1552 639 1
1588 639 3
546 640 1
641 640 1
546 641 1
640 641 1
753 641 1
809 641 1
1564 641 1
214 642 1
981 642 1
876 643 1
2133 643 1
278 644 1
483 644 1
487 644 1
528 644 1
628 644 2
859 644 1
884 644 1
1012 644 2
2218 644 1
287 645 1
312 645 1
646 645 1
1787 645 1
1918 645 1
92 646 1
93 646 1
645 646 1
668 646 1
669 646 1
883 646 1
916 646 1
1651 646 1
2039 646 1
2149 646 1
2150 646 1
582 647 1
583 647 1
648 647 2
1770 647 1
295 648 1
480 648 1
582 648 1
583 648 1
647 648 2
1116 648 1
1770 648 1
1955 648 1
1956 648 1
1957 648 1
2103 649 1
2104 649 1
1937 650 1
572 651 1
721 651 1
1343 651 1
653 652 1
752 652 1
652 653 1
654 653 2
752 653 2
1421 653 1
170 654 1
239 654 1
286 654 2
401 654 2
653 654 2
840 654 2
993 654 1
1389 654 1
1623 654 1
1624 654 1
1629 654 1
1694 654 2
2090 654 1
2091 654 1
2092 654 1
67 655 2
548 655 2
957 655 1
1065 655 2
1631 655 1
201 656 1
257 656 1
285 656 1
286 656 2
312 656 2
562 656 1
1413 656 1
1415 656 1
1905 656 1
1989 656 1
1990 656 1
1804 657 3
659 658 1
1074 658 1
1075 658 1
658 659 1
1074 659 1
1075 659 1
661 660 1
1440 660 1
660 661 1
1440 661 1
931 662 1
1321 662 1
411 663 3
679 663 2
859 663 1
2120 663 2
2162 663 1
636 664 1
520 665 1
937 665 1
1125 665 1
1537 665 1
307 666 1
667 666 1
904 666 1
666 667 1
734 667 1
646 668 1
669 668 1
2039 668 1
646 669 1
668 669 1
2039 669 1
1016 670 1
35 671 1
205 672 1
763 672 1
764 672 1
1112 672 1
1504 673 1
675 674 3
780 674 2
1788 674 3
2248 674 1
674 675 3
780 675 5
1522 675 1
1788 675 4
1868 675 1
2248 675 1
677 676 1
1428 676 1
676 677 1
60 678 1
87 678 1
887 678 1
411 679 2
663 679 2
1427 679 1
2120 679 2
217 680 1
321 680 1
357 680 1
538 680 1
849 680 1
854 680 1
1140 680 1
1169 680 2
1863 680 1
1864 680 1
1865 680 1
684 681 1
980 681 1
1602 681 1
1659 681 1
1764 681 1
683 682 1
682 683 1
568 684 1
681 684 1
980 684 1
1231 684 1
1387 684 1
1657 684 1
1658 684 1
1659 684 2
1764 684 1
2164 684 1
2165 684 1
2166 684 1
2167 684 1
2168 684 1
1318 685 1
204 686 1
843 686 1
891 686 1
1174 686 1
104 687 1
405 687 1
527 687 1
688 687 1
689 687 1
104 688 1
405 688 1
687 688 1
332 689 1
527 689 1
687 689 1
1685 689 1
35 690 1
1119 690 1
1319 690 1
1452 690 1
11 691 1
289 691 1
430 691 1
1058 691 3
1152 691 1
693 692 4
1342 692 1
1730 692 1
692 693 4
1172 693 1
1342 693 1
1730 693 1
780 694 3
1034 694 1
1574 694 1
1673 694 1
2291 695 1
2292 695 1
2293 695 1
697 696 1
1352 696 1
1733 696 1
696 697 1
1352 697 1
1733 697 1
1017 698 1
1298 698 1
1299 698 1
1460 698 2
1461 698 1
1703 698 1
2277 698 1
700 699 1
701 699 1
702 699 1
800 699 1
699 700 1
701 700 1
702 700 1
800 700 1
699 701 1
700 701 1
702 701 1
800 701 1
70 702 1
148 702 1
699 702 1
700 702 1
701 702 1
709 702 1
800 702 1
1003 702 1
259 703 1
1577 703 1
865 704 1
988 704 1
255 705 1
1026 705 1
59 706 1
264 706 1
911 706 2
1048 706 1
1407 706 1
1840 706 2
312 707 1
1976 708 1
70 709 1
148 709 1
495 709 1
702 709 1
768 709 1
1003 709 1
1008 710 1
1137 710 1
248 711 1
1867 711 1
713 712 1
714 712 1
715 712 1
712 713 1
714 713 1
715 713 1
712 714 1
713 714 1
715 714 1
712 715 1
713 715 1
714 715 1
408 716 1
1347 716 1
558 717 1
570 717 1
863 718 1
331 719 1
371 719 1
2047 719 1
2014 720 1
2015 720 1
2016 720 1
2017 720 1
301 721 2
572 721 1
651 721 1
1343 721 1
408 722 2
835 722 1
957 722 1
1195 722 1
1340 722 1
1578 722 1
1763 722 1
1773 722 1
1796 722 1
588 723 1
1066 724 1
1771 724 1
545 725 1
727 726 1
132 727 1
726 727 1
899 728 1
275 729 2
331 729 2
548 730 1
925 730 1
971 730 1
233 731 1
1259 731 1
1260 731 1
1740 731 1
1782 732 1
93 733 1
172 733 1
234 733 1
600 733 1
1103 733 1
1246 733 2
1496 733 1
578 734 1
667 734 1
1254 734 1
1262 734 1
1263 734 1
1897 735 1
134 736 1
541 736 2
844 736 1
1325 736 1
1326 736 1
1857 736 1
738 737 1
739 737 1
874 737 1
2170 737 1
737 738 1
739 738 1
874 738 1
2170 738 1
737 739 1
738 739 1
874 739 1
2170 739 1
741 740 1
964 740 1
146 741 1
391 741 3
555 741 3
573 741 1
740 741 1
913 741 1
964 741 1
1542 741 1
91 742 1
994 742 1
1307 742 1
411 743 2
2195 743 1
217 744 1
746 745 1
2271 745 1
745 746 1
2271 746 1
411 747 1
567 747 1
748 747 1
411 748 1
567 748 1
747 748 1
758 749 1
759 749 1
792 749 1
1247 749 1
234 750 1
561 750 1
562 750 1
599 750 1
751 750 1
849 750 1
979 750 1
1370 750 1
312 751 1
562 751 2
750 751 1
979 751 1
1368 751 1
1467 751 1
1662 751 1
652 752 1
653 752 2
641 753 1
2175 754 1
2176 754 1
2177 754 1
1215 755 1
1598 755 1
1599 755 1
73 756 1
321 756 1
1001 756 1
1014 756 1
1483 756 1
1484 756 1
177 757 2
749 758 1
759 758 1
792 758 1
1247 758 1
749 759 1
758 759 1
792 759 1
1247 759 1
286 760 1
849 760 1
1567 760 1
231 761 1
312 761 1
1354 761 1
1420 761 1
1765 761 1
1844 761 1
1881 761 1
1882 761 1
570 762 2
1486 762 1
1487 762 1
205 763 1
672 763 1
1289 763 2
672 764 1
1112 764 1
1093 765 1
217 766 1
896 766 1
897 766 1
1241 766 1
1320 766 1
1606 766 1
50 767 3
143 767 1
620 767 2
634 767 1
857 767 1
1018 767 1
1216 767 1
495 768 1
709 768 1
6 769 1
1538 769 1
1539 769 1
500 770 1
771 770 1
500 771 1
770 771 1
147 772 1
240 772 2
241 772 1
537 772 2
1063 772 1
395 773 1
1621 773 1
1635 773 1
2111 773 1
2161 773 1
2229 773 1
174 774 1
262 774 1
2073 775 1
561 776 1
1113 776 1
486 777 1
1177 777 1
405 778 1
458 778 1
1519 778 1
806 779 1
872 779 1
180 780 1
357 780 1
674 780 2
675 780 5
694 780 3
862 780 1
875 780 1
1034 780 3
1118 780 1
1338 780 1
1522 780 4
1565 780 1
1574 780 1
1673 780 2
1674 780 1
1788 780 3
1868 780 1
782 781 2
783 781 2
885 781 1
781 782 2
783 782 2
885 782 1
781 783 2
782 783 2
885 783 1
485 784 1
922 784 1
1068 784 1
1746 784 1
1747 784 1
1748 784 1
1749 784 1
92 785 1
786 785 1
787 785 1
882 785 1
2064 785 1
92 786 1
785 786 1
787 786 1
882 786 1
2064 786 1
92 787 1
785 787 1
786 787 1
882 787 1
2064 787 1
2056 788 1
2057 788 1
1357 789 1
223 790 1
1401 790 1
1402 790 1
2159 791 1
749 792 1
758 792 1
759 792 1
1247 792 1
75 793 1
836 793 1
1822 793 1
411 794 1
842 794 1
284 795 1
553 795 1
81 796 1
171 796 1
1007 796 2
1170 796 1
1358 796 1
1548 796 1
1999 796 1
412 797 1
621 798 1
554 799 1
699 800 1
700 800 1
701 800 1
702 800 1
802 801 1
801 802 1
66 803 1
530 803 1
1192 803 1
1853 803 1
304 804 1
1200 804 1
1997 804 1
1998 804 1
965 805 1
1198 805 1
1563 805 1
1706 805 1
779 806 1
872 806 1
808 807 1
889 807 1
807 808 1
889 808 1
546 809 1
641 809 1
1564 809 1
555 810 1
555 811 1
913 811 1
816 812 1
929 813 1
815 814 1
839 814 1
1056 814 1
814 815 1
839 815 1
986 815 1
1056 815 1
812 816 1
286 817 1
1551 817 1
985 818 5
1458 818 2
1627 818 2
456 819 1
544 819 1
1088 819 1
1907 819 1
450 820 2
828 820 1
927 820 1
973 820 2
1045 820 1
1076 820 1
2247 820 2
822 821 1
969 821 1
821 822 1
969 822 1
1612 823 1
1613 823 1
368 824 1
418 824 1
434 824 1
465 825 1
1058 825 1
1939 825 1
1943 825 1
2278 825 1
2279 825 1
2280 825 1
2281 825 1
2282 825 1
2283 825 1
1618 826 1
265 827 1
408 827 2
555 827 1
589 827 1
1400 827 1
613 828 1
820 828 1
829 828 1
830 828 1
884 828 1
926 828 1
927 828 4
982 828 1
1036 828 1
1755 828 1
1794 828 1
1870 828 1
1871 828 1
2142 828 1
828 829 1
927 829 1
982 829 1
2142 829 1
366 830 1
429 830 1
613 830 1
828 830 1
884 830 1
1036 830 1
1870 830 1
1871 830 1
121 831 1
227 831 2
311 831 2
312 831 1
1161 831 1
1790 831 1
1153 832 1
217 833 1
1711 833 1
2034 834 1
243 835 1
245 835 1
246 835 1
316 835 1
722 835 1
893 835 1
1060 835 1
1215 835 1
1488 835 2
1704 835 1
1726 835 1
1727 835 1
1773 835 1
1938 835 1
2037 835 1
2038 835 1
75 836 1
793 836 1
446 837 1
838 837 1
2298 837 1
2299 837 1
2300 837 1
446 838 1
837 838 1
2298 838 1
2299 838 1
2300 838 1
814 839 1
815 839 1
1056 839 1
239 840 1
654 840 2
841 840 1
1629 840 1
840 841 1
794 842 1
686 843 1
891 843 1
1174 843 1
541 844 1
736 844 1
181 845 1
357 845 1
846 845 2
84 846 1
181 846 1
357 846 3
497 846 1
637 846 1
845 846 2
854 846 1
1037 846 1
1038 846 1
1556 846 2
1739 846 1
1821 846 2
1898 846 1
1971 846 1
2006 846 1
890 847 1
923 847 1
1218 847 1
1259 847 1
1265 847 1
1430 847 1
2003 847 1
849 848 1
391 849 2
555 849 1
561 849 1
562 849 1
680 849 1
750 849 1
760 849 1
848 849 1
912 849 1
1567 849 1
1965 849 1
1991 849 1
1992 849 1
1993 849 1
1377 850 1
196 851 1
1619 851 1
1082 852 1
357 853 1
634 853 1
854 853 1
357 854 2
634 854 1
680 854 1
846 854 1
853 854 1
1210 854 2
1821 854 1
1864 854 1
1865 854 1
1083 855 2
1130 855 1
301 856 1
50 857 1
620 857 1
634 857 1
767 857 1
164 858 1
278 859 1
644 859 1
663 859 1
1012 859 1
2218 859 1
861 860 1
860 861 1
2274 861 1
357 862 1
366 862 1
603 862 1
780 862 1
1275 862 2
1522 862 1
1755 862 2
1855 862 1
1909 862 1
1914 862 1
1915 862 1
718 863 1
38 864 1
405 864 1
704 865 1
988 865 1
499 866 1
896 866 1
177 867 1
1734 868 1
510 869 1
624 869 1
631 869 1
1665 869 1
1058 870 1
1641 870 1
1872 871 1
1873 871 1
779 872 1
806 872 1
514 873 1
1160 873 1
1359 873 1
1360 873 1
1361 873 3
737 874 1
738 874 1
739 874 1
938 874 1
1697 874 1
1698 874 1
2170 874 1
780 875 1
643 876 1
2133 876 1
878 877 1
913 877 1
2116 877 1
2117 877 1
2118 877 1
877 878 1
913 878 1
2116 878 1
2117 878 1
2118 878 1
207 879 1
880 879 1
879 880 1
40 881 1
247 881 1
632 881 1
926 881 1
1243 881 3
1393 881 1
1580 881 1
1636 881 1
2202 881 1
2203 881 1
2288 881 1
92 882 1
785 882 1
786 882 1
787 882 1
2064 882 1
646 883 1
916 883 1
613 884 1
628 884 1
644 884 1
828 884 1
830 884 1
1036 884 1
1870 884 1
1871 884 1
204 885 1
255 885 4
781 885 1
782 885 1
783 885 1
1089 885 3
1278 885 1
1302 885 1
1390 885 2
1432 885 1
1712 885 2
1718 885 1
1765 885 1
1849 885 1
145 886 1
164 886 1
524 886 1
60 887 1
87 887 1
678 887 1
479 888 1
1214 888 1
1728 888 1
807 889 1
808 889 1
847 890 1
923 890 4
955 890 1
1218 890 1
1259 890 1
1265 890 2
1430 890 1
2003 890 2
2060 890 1
2061 890 1
686 891 1
843 891 1
1174 891 1
244 892 1
378 892 1
274 893 1
521 893 1
835 893 1
1938 893 1
908 894 1
1630 894 1
907 895 1
909 895 1
1745 895 1
217 896 2
499 896 1
638 896 1
766 896 1
866 896 1
897 896 1
952 896 1
1241 896 1
1320 896 1
1606 896 1
217 897 2
766 897 1
896 897 1
1241 897 1
1320 897 1
1606 897 1
216 898 1
2127 898 1
2128 898 1
728 899 1
901 900 2
1926 900 1
53 901 1
164 901 1
279 901 1
357 901 1
546 901 3
900 901 2
1555 901 2
1585 901 1
1823 901 1
1926 901 1
581 902 1
2255 902 1
47 903 1
129 903 1
307 904 1
666 904 1
576 905 1
1257 905 1
1601 906 1
1643 906 1
1667 906 1
1705 906 1
895 907 1
909 907 1
1745 907 1
599 908 1
894 908 1
1139 908 1
1630 908 1
1843 908 1
895 909 1
907 909 1
1745 909 1
953 910 1
706 911 2
391 912 3
555 912 1
849 912 1
1965 912 1
2253 912 2
391 913 1
555 913 2
741 913 1
811 913 1
877 913 1
878 913 1
2116 913 1
2117 913 1
2118 913 1
128 914 1
240 914 1
2275 914 1
1407 915 1
1986 915 1
1987 915 1
646 916 1
883 916 1
1106 917 1
46 918 1
610 918 1
137 919 1
1671 919 1
1672 919 1
35 920 1
485 921 1
332 922 1
485 922 2
784 922 1
1068 922 1
1332 922 1
1746 922 1
1747 922 1
1748 922 1
1749 922 1
465 923 1
479 923 4
847 923 1
890 923 4
955 923 2
1009 923 3
1218 923 2
1259 923 1
1265 923 3
1430 923 1
1547 923 1
1593 923 1
1830 923 1
2000 923 1
2003 923 2
2060 923 1
2061 923 1
485 924 1
548 925 1
730 925 1
971 925 1
828 926 1
881 926 1
927 926 1
1794 926 1
820 927 1
828 927 4
829 927 1
926 927 1
982 927 1
1203 927 1
1204 927 1
1317 927 2
1755 927 1
1793 927 1
1794 927 1
2142 927 1
454 928 1
547 928 3
548 928 3
1020 928 1
813 929 1
301 930 1
662 931 1
1321 931 1
602 932 2
139 933 1
286 933 1
618 933 1
934 933 1
2021 933 1
2022 933 1
286 934 1
287 934 1
374 934 1
933 934 1
20 935 1
257 935 1
286 935 2
340 935 2
1415 935 1
2245 935 1
107 936 1
466 936 1
1509 936 1
2251 936 1
2252 936 1
665 937 1
1125 937 1
1537 937 1
874 938 1
1697 938 1
1698 938 1
1110 939 1
1448 939 1
2093 939 1
941 940 1
940 941 1
966 942 1
479 943 2
1246 943 1
1936 943 1
589 944 1
1276 944 1
194 945 1
436 945 1
592 945 1
1153 946 1
1229 947 1
639 948 3
1588 948 2
2038 948 1
510 949 1
624 949 1
631 949 1
63 950 1
1774 950 1
2067 950 1
2068 950 1
2069 950 1
107 951 1
217 952 1
638 952 1
896 952 1
910 953 1
216 954 1
1968 954 1
1969 954 1
1970 954 1
890 955 1
923 955 2
553 956 1
548 957 1
655 957 1
722 957 1
1796 957 1
1141 958 1
1620 958 1
177 959 1
1797 960 1
188 961 1
189 961 1
963 962 1
2028 962 1
962 963 1
2028 963 1
581 964 2
584 964 1
740 964 1
741 964 1
1125 964 1
1127 964 1
1128 964 1
1255 964 1
1306 964 1
1491 964 2
1718 964 1
1869 964 2
2132 964 1
805 965 1
1706 965 1
942 966 1
505 967 1
506 967 1
2140 967 1
2141 967 1
595 968 1
1607 968 1
1608 968 1
1609 968 1
821 969 1
822 969 1
1501 970 1
548 971 1
730 971 1
925 971 1
1226 972 1
450 973 1
820 973 2
1076 973 1
2247 973 1
371 974 1
384 974 1
1052 974 1
446 975 2
1319 975 2
1465 976 1
1466 976 1
978 977 1
977 978 1
750 979 1
751 979 1
681 980 1
684 980 1
1659 980 1
1764 980 1
214 981 1
642 981 1
828 982 1
829 982 1
927 982 1
2142 982 1
73 983 1
1962 984 1
2171 984 1
818 985 5
1385 985 1
1458 985 2
1627 985 2
815 986 1
2301 987 1
704 988 1
865 988 1
336 989 1
1491 990 1
2290 990 1
992 991 1
991 992 1
654 993 1
1623 993 1
1624 993 1
91 994 1
93 994 1
264 994 2
296 994 1
377 994 2
400 994 1
592 994 1
742 994 1
1214 994 1
265 995 1
1828 995 1
412 996 1
1191 996 1
1396 996 1
1397 996 1
178 997 1
504 998 1
1365 998 1
308 999 1
425 999 1
1962 999 1
2171 999 1
262 1000 1
1930 1000 1
1931 1000 1
332 1001 1
756 1001 1
1014 1001 1
1252 1001 1
1483 1001 1
1484 1001 1
563 1002 1
70 1003 1
148 1003 1
702 1003 1
709 1003 1
580 1004 1
1005 1004 1
580 1005 1
1004 1005 1
465 1006 1
1434 1006 1
796 1007 2
710 1008 1
1137 1008 1
465 1009 1
479 1009 4
923 1009 3
1265 1009 1
1593 1009 1
1728 1009 1
1876 1009 1
2191 1009 1
165 1010 1
212 1010 4
339 1010 1
352 1010 1
422 1010 1
1924 1010 1
2238 1010 1
312 1011 1
1415 1011 1
1784 1011 1
140 1012 1
142 1012 1
278 1012 1
483 1012 2
487 1012 3
615 1012 1
628 1012 2
644 1012 2
859 1012 1
1148 1012 1
1407 1012 1
1916 1012 2
1917 1012 2
2178 1012 1
2179 1012 1
2218 1012 1
1910 1013 1
1911 1013 1
412 1014 1
756 1014 1
1001 1014 1
1483 1014 1
1484 1014 1
61 1015 2
164 1015 2
612 1015 1
1024 1015 1
1878 1015 1
670 1016 1
1630 1016 1
698 1017 1
143 1018 1
767 1018 1
1757 1018 1
1758 1018 1
1759 1018 1
548 1019 1
547 1020 1
548 1020 2
928 1020 1
112 1021 1
178 1021 1
1022 1021 1
112 1022 1
178 1022 1
1021 1022 1
232 1023 1
636 1023 1
61 1024 1
164 1024 1
612 1024 1
1015 1024 1
1878 1024 1
328 1025 1
1027 1025 1
2110 1025 1
2285 1025 1
255 1026 2
705 1026 1
1089 1026 1
2122 1026 1
314 1027 1
328 1027 2
435 1027 1
1025 1027 1
2110 1027 2
2111 1027 1
2112 1027 1
2113 1027 1
2114 1027 1
2272 1027 1
2273 1027 1
2285 1027 1
136 1028 1
1029 1028 1
2186 1028 1
136 1029 1
1028 1029 1
2186 1029 1
1107 1030 1
1923 1030 1
1925 1030 1
2018 1031 1
360 1032 1
1824 1032 1
2173 1032 1
1530 1033 2
694 1034 1
780 1034 3
1522 1034 2
1673 1034 1
164 1035 1
357 1035 1
497 1035 1
613 1036 1
828 1036 1
830 1036 1
884 1036 1
1870 1036 1
1871 1036 1
846 1037 1
1038 1037 1
1898 1037 1
846 1038 1
1037 1038 1
1898 1038 1
548 1039 1
411 1040 1
1457 1041 1
166 1042 1
2102 1042 1
1150 1043 1
1404 1043 1
1168 1044 1
820 1045 1
73 1046 2
403 1047 1
1862 1047 1
73 1048 1
706 1048 1
1407 1048 2
1521 1048 1
1840 1048 1
20 1049 1
75 1049 1
136 1049 1
1655 1049 1
1656 1049 1
325 1050 1
1324 1050 1
1767 1050 1
1768 1050 1
1769 1050 2
2065 1050 1
2066 1050 1
548 1051 1
283 1052 1
371 1052 1
974 1052 1
1053 1052 1
1798 1052 3
1799 1052 1
371 1053 1
1052 1053 1
371 1054 1
548 1055 2
1067 1055 1
814 1056 1
815 1056 1
839 1056 1
1058 1057 1
11 1058 1
289 1058 1
430 1058 1
432 1058 1
691 1058 3
825 1058 1
870 1058 1
1057 1058 1
1292 1058 2
1779 1058 1
1833 1058 1
1145 1059 1
835 1060 1
508 1061 1
1339 1061 1
1889 1061 1
1890 1061 1
607 1062 1
1702 1062 1
240 1063 1
241 1063 1
537 1063 1
772 1063 1
583 1064 1
1626 1064 1
1932 1064 1
1933 1064 1
67 1065 2
548 1065 1
655 1065 2
724 1066 1
1771 1066 1
548 1067 1
1055 1067 1
485 1068 1
784 1068 1
922 1068 1
1746 1068 1
1747 1068 1
1748 1068 1
1749 1068 1
1070 1069 1
1895 1069 2
1069 1070 1
1895 1070 1
559 1071 1
13 1072 1
14 1072 1
452 1072 1
2147 1072 1
2148 1072 1
574 1073 1
658 1074 1
659 1074 1
1075 1074 1
658 1075 1
659 1075 1
1074 1075 1
820 1076 1
973 1076 1
1568 1077 1
1569 1077 1
1570 1077 1
1571 1077 1
1572 1077 1
1573 1077 1
1896 1078 1
75 1079 1
136 1079 1
304 1080 1
1642 1080 1
22 1081 1
55 1081 1
75 1081 1
852 1082 1
58 1083 1
855 1083 2
1130 1083 3
1211 1083 1
1239 1083 1
1404 1083 1
1405 1083 1
1406 1083 1
1648 1083 1
48 1084 1
164 1084 1
415 1085 1
479 1085 1
482 1085 1
517 1085 1
1214 1085 1
190 1086 1
269 1086 1
402 1086 1
1894 1086 1
217 1087 1
1320 1087 1
456 1088 1
544 1088 1
819 1088 1
1907 1088 1
255 1089 5
885 1089 3
1026 1089 1
1390 1089 1
1712 1089 2
2122 1089 1
2192 1089 1
63 1090 1
65 1090 1
1707 1090 1
474 1091 1
1095 1091 1
1143 1091 1
1555 1091 2
2237 1091 1
2254 1091 1
286 1092 2
288 1092 1
556 1092 1
1435 1092 1
765 1093 1
1506 1094 1
474 1095 1
1091 1095 1
1143 1095 1
1555 1095 1
2237 1095 1
1416 1096 1
1417 1096 1
90 1097 2
433 1097 1
434 1097 2
1219 1097 1
1750 1097 1
180 1098 2
189 1098 2
244 1099 1
378 1099 1
1523 1099 1
1524 1099 1
77 1100 1
175 1100 1
298 1100 1
2070 1100 1
264 1101 1
412 1101 1
34 1102 1
152 1102 1
331 1102 1
733 1103 1
1208 1104 1
1920 1104 1
1921 1104 1
1258 1105 1
2265 1105 1
2266 1105 1
2267 1105 1
917 1106 1
1030 1107 1
1923 1107 1
1222 1108 1
1653 1108 1
1654 1108 1
1175 1109 1
939 1110 1
1119 1110 1
1201 1110 1
1210 1110 1
1304 1110 1
1477 1111 1
1478 1111 1
672 1112 1
764 1112 1
1805 1112 1
449 1113 1
561 1113 1
776 1113 1
1344 1113 1
1345 1113 1
1346 1113 2
1187 1114 1
2197 1114 1
1136 1115 1
295 1116 1
648 1116 1
1288 1117 1
180 1118 1
357 1118 1
780 1118 1
690 1119 1
1110 1119 1
1319 1119 1
1528 1120 1
1710 1120 1
1789 1120 3
1802 1120 1
1812 1120 2
1194 1121 1
1409 1121 1
1410 1121 1
408 1122 1
1347 1122 1
1851 1122 1
2183 1122 1
101 1123 1
1485 1123 1
1529 1123 1
177 1124 1
204 1125 1
581 1125 1
665 1125 1
937 1125 1
964 1125 1
1238 1125 2
1491 1125 2
1537 1125 1
1772 1125 1
2033 1125 2
305 1126 1
1323 1126 1
964 1127 1
1128 1127 1
1491 1127 1
1869 1127 1
964 1128 1
1127 1128 1
1491 1128 1
1869 1128 1
1146 1129 1
1595 1129 1
58 1130 1
141 1130 1
250 1130 1
855 1130 1
1083 1130 3
1211 1130 1
1239 1130 1
1404 1130 1
1405 1130 1
1406 1130 2
1648 1130 1
1162 1131 1
1348 1131 1
1664 1131 1
127 1132 1
203 1133 1
270 1134 1
260 1135 2
1318 1135 1
1322 1135 1
1589 1135 2
1744 1135 1
1115 1136 1
710 1137 1
1008 1137 1
1149 1138 1
1217 1138 1
599 1139 1
908 1139 1
1843 1139 1
217 1140 1
680 1140 1
1169 1140 1
958 1141 1
1620 1141 1
322 1142 2
387 1142 1
437 1142 1
1797 1142 1
474 1143 1
1091 1143 1
1095 1143 1
1555 1143 1
2237 1143 1
1315 1144 1
1456 1144 1
1586 1144 1
1587 1144 1
1059 1145 1
1129 1146 1
1595 1146 1
12 1147 1
34 1147 2
1270 1147 1
483 1148 1
1012 1148 1
1138 1149 1
1180 1149 1
1835 1149 1
1836 1149 1
1043 1150 1
1404 1150 2
367 1151 1
370 1151 1
406 1151 1
527 1151 1
1652 1151 1
2081 1151 1
691 1152 1
832 1153 1
946 1153 1
1206 1153 1
1237 1153 1
1286 1153 1
1320 1153 1
1324 1153 1
1371 1153 2
1375 1153 1
1407 1153 1
1423 1153 1
1502 1153 1
1511 1153 3
1522 1153 1
1536 1153 1
1670 1153 1
1699 1153 1
1708 1153 3
1709 1153 1
1713 1153 1
1715 1153 1
1716 1153 1
1798 1153 2
1927 1153 1
1928 1153 1
175 1154 1
226 1154 1
303 1154 1
151 1155 1
152 1155 1
186 1155 1
264 1155 2
359 1155 1
361 1155 1
1371 1155 2
1580 1155 2
1625 1155 1
1626 1155 2
1850 1155 1
1981 1155 1
1988 1155 1
2121 1155 2
2207 1155 1
175 1156 1
189 1156 1
294 1156 1
623 1156 1
1813 1156 1
32 1157 1
257 1157 1
322 1157 1
328 1157 1
357 1157 3
366 1157 1
409 1157 1
1179 1157 1
1224 1157 1
1320 1157 1
1700 1157 1
1701 1157 1
2049 1157 1
190 1158 1
267 1159 1
873 1160 1
1361 1160 1
831 1161 1
1131 1162 1
150 1163 2
183 1163 2
126 1164 1
1182 1164 1
1183 1164 1
1249 1164 1
304 1165 1
1954 1165 1
1203 1166 1
1638 1166 1
149 1167 1
1044 1168 1
1204 1168 1
1356 1168 1
217 1169 1
321 1169 1
680 1169 2
1140 1169 1
81 1170 1
796 1170 1
1999 1170 1
429 1171 1
693 1172 1
185 1173 1
413 1173 1
686 1174 1
843 1174 1
891 1174 1
1109 1175 1
2263 1175 1
1801 1176 1
486 1177 1
777 1177 1
282 1178 1
344 1178 1
345 1178 1
2040 1178 1
2041 1178 1
2042 1178 1
2043 1178 1
2044 1178 1
322 1179 1
409 1179 1
1157 1179 1
1320 1179 1
2049 1179 1
1149 1180 1
1835 1180 1
1836 1180 1
1408 1181 1
126 1182 1
1164 1182 1
1183 1182 1
1249 1182 1
126 1183 1
1164 1183 1
1182 1183 1
1249 1183 1
516 1184 1
286 1185 1
280 1186 1
1114 1187 1
2197 1187 1
1558 1188 2
430 1189 1
1883 1189 1
79 1190 1
227 1190 2
392 1190 2
1374 1190 1
996 1191 1
1396 1191 2
1397 1191 1
2200 1191 1
2201 1191 1
530 1192 1
803 1192 1
262 1193 1
388 1193 1
389 1193 1
1852 1193 1
1994 1193 1
1121 1194 1
1409 1194 1
1410 1194 1
722 1195 1
1197 1196 1
1196 1197 1
805 1198 1
1256 1199 1
1267 1199 1
304 1200 3
804 1200 1
1372 1200 2
1525 1200 2
1622 1200 1
1690 1200 2
1110 1201 1
1832 1202 1
927 1203 1
1166 1203 1
1204 1203 1
1638 1203 1
199 1204 1
927 1204 1
1168 1204 1
1203 1204 1
1356 1204 1
308 1205 1
1320 1205 1
1606 1205 1
1820 1205 1
1153 1206 1
264 1207 1
1104 1208 1
1274 1208 1
1920 1208 1
1921 1208 1
319 1209 1
1761 1209 1
854 1210 2
1110 1210 1
1304 1210 1
1381 1210 1
1083 1211 1
1130 1211 1
1239 1211 1
1259 1211 1
1404 1211 1
1405 1211 1
1406 1211 1
1884 1211 1
1885 1211 1
1809 1212 1
2259 1212 1
2260 1212 1
327 1213 1
632 1213 1
633 1213 1
1393 1213 1
1394 1213 1
1395 1213 1
1819 1213 1
277 1214 1
415 1214 1
479 1214 4
482 1214 1
517 1214 1
888 1214 1
994 1214 1
1085 1214 1
1246 1214 1
1728 1214 1
1808 1214 1
2129 1214 1
755 1215 1
835 1215 1
1598 1215 1
1599 1215 1
1726 1215 1
1727 1215 1
1963 1215 1
1964 1215 1
50 1216 1
620 1216 1
767 1216 1
1138 1217 1
847 1218 1
890 1218 1
923 1218 2
1259 1218 1
1265 1218 1
1273 1218 1
1350 1218 1
1429 1218 1
1430 1218 2
1547 1218 1
1590 1218 1
1816 1218 1
1817 1218 1
2003 1218 1
90 1219 1
434 1219 2
1097 1219 1
1750 1219 2
1751 1219 1
1880 1219 1
35 1220 1
1452 1220 1
274 1221 1
499 1221 1
1325 1221 1
1858 1221 1
1859 1221 1
1860 1221 1
1108 1222 1
1653 1222 1
1654 1222 1
562 1223 1
1228 1223 1
32 1224 1
81 1224 2
221 1224 1
303 1224 2
1157 1224 1
127 1225 1
1244 1225 1
2089 1225 1
972 1226 1
475 1227 1
2071 1227 3
2072 1227 2
2295 1227 1
562 1228 1
1223 1228 1
947 1229 1
103 1230 1
684 1231 1
1657 1231 1
1658 1231 1
1659 1231 1
599 1232 1
368 1233 1
1261 1233 1
532 1234 1
2035 1234 1
1978 1235 1
1979 1235 1
1980 1235 1
227 1236 1
1153 1237 1
1511 1237 1
1125 1238 2
1491 1238 2
2033 1238 2
1083 1239 1
1130 1239 1
1211 1239 1
1404 1239 1
1405 1239 1
1406 1239 1
180 1240 2
306 1240 1
1264 1240 2
217 1241 1
766 1241 1
896 1241 1
897 1241 1
1320 1241 1
1606 1241 1
306 1242 1
881 1243 3
2202 1243 1
2203 1243 1
127 1244 1
1225 1244 1
2089 1244 1
479 1245 1
1246 1245 1
93 1246 1
234 1246 1
277 1246 2
479 1246 4
733 1246 2
943 1246 1
1214 1246 1
1245 1246 1
1496 1246 1
1952 1246 1
2129 1246 1
749 1247 1
758 1247 1
759 1247 1
792 1247 1
326 1248 1
460 1248 1
2099 1248 1
2100 1248 1
2101 1248 1
126 1249 1
1164 1249 1
1182 1249 1
1183 1249 1
628 1250 1
1842 1250 1
332 1251 1
2169 1251 1
332 1252 1
1001 1252 1
1714 1253 1
734 1254 1
1262 1254 1
1263 1254 1
584 1255 1
964 1255 1
1199 1256 1
1267 1256 1
576 1257 1
905 1257 1
1105 1258 1
1287 1258 1
2265 1258 1
2266 1258 1
2267 1258 1
391 1259 1
731 1259 1
847 1259 1
890 1259 1
923 1259 1
1211 1259 1
1218 1259 1
1265 1259 1
1430 1259 1
1740 1259 3
1795 1259 1
1884 1259 1
1885 1259 1
2003 1259 1
233 1260 1
731 1260 1
368 1261 1
1233 1261 1
734 1262 1
1254 1262 1
1263 1262 1
734 1263 1
1254 1263 1
1262 1263 1
180 1264 3
306 1264 2
1240 1264 2
847 1265 1
890 1265 2
923 1265 3
1009 1265 1
1218 1265 1
1259 1265 1
1430 1265 1
2000 1265 1
2003 1265 2
2208 1266 1
2209 1266 1
2210 1266 1
2211 1266 1
2212 1266 1
1199 1267 1
1256 1267 1
2196 1268 1
1944 1269 1
1945 1269 1
1946 1269 1
1947 1269 1
12 1270 1
34 1270 1
1147 1270 1
612 1271 1
1753 1271 1
180 1272 1
1756 1272 1
1218 1273 1
1350 1273 2
1590 1273 2
1816 1273 1
1817 1273 1
1208 1274 1
862 1275 2
1755 1275 2
1855 1275 1
1914 1275 1
1915 1275 1
589 1276 1
944 1276 1
562 1277 1
885 1278 1
1301 1278 1
1302 1278 1
430 1279 1
1520 1280 1
135 1281 1
1494 1281 1
418 1282 1
1455 1282 1
1456 1282 1
24 1283 1
490 1283 1
494 1283 1
2019 1283 1
2020 1283 1
247 1284 1
262 1285 1
1153 1286 1
1708 1286 1
1709 1286 1
1258 1287 1
1117 1288 1
4 1289 1
305 1289 1
763 1289 2
1291 1290 1
1809 1290 1
1810 1290 1
1811 1290 1
1290 1291 1
1058 1292 2
412 1293 1
531 1293 1
245 1294 1
322 1294 3
411 1294 5
283 1295 1
429 1295 1
1296 1295 1
1297 1295 1
283 1296 1
429 1296 1
1295 1296 1
1297 1296 1
283 1297 1
429 1297 1
1295 1297 1
1296 1297 1
698 1298 1
1299 1298 1
698 1299 1
1298 1299 1
63 1300 1
1278 1301 1
1302 1301 1
885 1302 1
1278 1302 1
1301 1302 1
2032 1302 1
74 1303 1
2048 1303 1
1110 1304 1
1210 1304 1
1305 1304 1
1304 1305 1
964 1306 1
742 1307 1
471 1308 1
227 1309 2
335 1309 1
1507 1309 1
1311 1310 1
1310 1311 1
1825 1311 1
301 1312 1
596 1313 1
597 1313 1
391 1314 1
583 1314 1
1315 1314 1
265 1315 1
582 1315 2
583 1315 3
1144 1315 1
1314 1315 1
1382 1315 1
1456 1315 1
1586 1315 1
1587 1315 1
1775 1315 1
2084 1315 1
2085 1315 1
2135 1315 1
2136 1315 1
2137 1315 1
2138 1315 1
2139 1315 1
596 1316 1
927 1317 2
1793 1317 1
259 1318 1
260 1318 3
685 1318 1
1135 1318 1
1319 1318 2
1322 1318 1
446 1319 2
690 1319 1
975 1319 2
1119 1319 1
1318 1319 2
154 1320 1
217 1320 4
273 1320 1
308 1320 1
322 1320 1
409 1320 1
766 1320 1
896 1320 1
897 1320 1
1087 1320 1
1153 1320 1
1157 1320 1
1179 1320 1
1205 1320 1
1241 1320 1
1404 1320 1
1606 1320 2
1708 1320 1
1711 1320 1
1820 1320 1
1846 1320 1
2049 1320 1
2115 1320 1
662 1321 1
931 1321 1
1135 1322 1
1318 1322 1
305 1323 1
1126 1323 1
279 1324 1
325 1324 1
1050 1324 1
1153 1324 1
2036 1324 1
134 1325 1
247 1325 1
274 1325 2
499 1325 2
541 1325 1
736 1325 1
1221 1325 1
1326 1325 2
1857 1325 1
1858 1325 1
1859 1325 1
1860 1325 2
2230 1325 1
2231 1325 1
134 1326 1
541 1326 1
736 1326 1
1325 1326 2
1857 1326 1
265 1327 1
1328 1327 1
1329 1327 1
1330 1327 1
265 1328 3
1327 1328 1
1329 1328 1
1330 1328 1
1383 1328 1
1824 1328 1
265 1329 1
1327 1329 1
1328 1329 1
1330 1329 1
265 1330 1
1327 1330 1
1328 1330 1
1329 1330 1
1332 1331 1
1333 1331 1
332 1332 1
922 1332 1
1331 1332 1
1333 1332 1
1331 1333 1
1332 1333 1
1335 1334 1
1336 1334 1
1334 1335 1
1336 1335 1
1334 1336 1
1335 1336 1
463 1337 1
469 1337 1
780 1338 1
51 1339 1
57 1339 2
269 1339 3
278 1339 2
346 1339 1
357 1339 3
362 1339 1
426 1339 1
484 1339 1
508 1339 1
509 1339 1
590 1339 1
1061 1339 1
1398 1339 1
1450 1339 1
1513 1339 2
1514 1339 4
1584 1339 2
1841 1339 1
1854 1339 1
1889 1339 1
1890 1339 1
2305 1339 1
2306 1339 1
408 1340 1
722 1340 1
231 1341 1
472 1341 1
570 1341 1
692 1342 1
693 1342 1
572 1343 1
651 1343 1
721 1343 1
1113 1344 1
1345 1344 1
1346 1344 1
1113 1345 1
1344 1345 1
1346 1345 1
449 1346 1
1113 1346 2
1344 1346 1
1345 1346 1
81 1347 1
408 1347 2
716 1347 1
1122 1347 1
1851 1347 1
2183 1347 1
1131 1348 1
1874 1348 1
2119 1348 1
522 1349 1
1218 1350 1
1273 1350 2
1590 1350 1
1816 1350 1
1817 1350 1
1352 1351 1
696 1352 1
697 1352 1
1351 1352 1
1733 1352 1
1354 1353 1
761 1354 1
1353 1354 1
1420 1354 1
156 1355 1
1168 1356 1
1204 1356 1
789 1357 1
796 1358 1
873 1359 1
1360 1359 1
1361 1359 1
873 1360 1
1359 1360 1
1361 1360 1
514 1361 1
873 1361 3
1160 1361 1
1359 1361 1
1360 1361 1
283 1362 1
286 1362 1
1695 1362 1
1364 1363 1
1363 1364 1
504 1365 1
998 1365 1
1367 1366 1
1366 1367 1
312 1368 1
562 1368 1
751 1368 1
363 1369 1
390 1369 1
586 1369 1
234 1370 1
750 1370 1
264 1371 1
269 1371 1
1153 1371 2
1155 1371 2
1522 1371 1
1580 1371 1
1625 1371 1
1626 1371 2
1798 1371 1
1200 1372 2
1741 1372 1
1742 1372 1
315 1373 1
227 1374 1
392 1374 1
1190 1374 1
1153 1375 1
156 1376 1
850 1377 1
215 1378 1
319 1378 1
1379 1378 1
1380 1378 1
215 1379 1
319 1379 1
1378 1379 1
1380 1379 1
215 1380 1
319 1380 1
1378 1380 1
1379 1380 1
1210 1381 1
265 1382 1
1315 1382 1
265 1383 1
1328 1383 1
2079 1383 2
2080 1383 2
2294 1383 1
144 1384 2
985 1385 1
165 1386 1
568 1387 1
684 1387 1
485 1388 1
654 1389 1
255 1390 2
885 1390 2
1089 1390 1
86 1391 1
86 1392 1
619 1392 1
40 1393 1
632 1393 2
633 1393 1
881 1393 1
1213 1393 1
1394 1393 1
1395 1393 1
632 1394 1
633 1394 1
1213 1394 1
1393 1394 1
1395 1394 1
632 1395 1
633 1395 1
1213 1395 1
1393 1395 1
1394 1395 1
996 1396 1
1191 1396 2
1397 1396 1
2200 1396 1
2201 1396 1
996 1397 1
1191 1397 1
1396 1397 1
51 1398 1
357 1398 1
484 1398 1
1339 1398 1
86 1399 1
619 1399 1
408 1400 1
827 1400 1
790 1401 1
1402 1401 1
790 1402 1
1401 1402 1
457 1403 1
217 1404 1
1043 1404 1
1083 1404 1
1130 1404 1
1150 1404 2
1211 1404 1
1239 1404 1
1320 1404 1
1405 1404 1
1406 1404 1
1711 1404 1
1846 1404 1
1083 1405 1
1130 1405 1
1211 1405 1
1239 1405 1
1404 1405 1
1406 1405 1
141 1406 1
250 1406 1
1083 1406 1
1130 1406 2
1211 1406 1
1239 1406 1
1404 1406 1
1405 1406 1
11 1407 1
19 1407 1
73 1407 1
217 1407 1
446 1407 3
628 1407 1
706 1407 1
915 1407 1
1012 1407 1
1048 1407 2
1153 1407 1
1521 1407 1
1675 1407 1
1683 1407 1
1684 1407 1
1708 1407 1
1806 1407 1
1840 1407 2
1986 1407 1
1987 1407 1
1181 1408 1
1121 1409 1
1194 1409 1
1410 1409 1
1121 1410 1
1194 1410 1
1409 1410 1
217 1411 1
418 1412 2
618 1412 1
1447 1412 1
1908 1412 2
2286 1412 1
2287 1412 1
257 1413 1
286 1413 2
408 1413 1
656 1413 1
312 1414 2
1415 1414 1
257 1415 1
286 1415 2
312 1415 3
340 1415 1
408 1415 1
656 1415 1
935 1415 1
1011 1415 1
1414 1415 1
1989 1415 1
1990 1415 1
2109 1415 1
2245 1415 1
1096 1416 1
1417 1416 1
1096 1417 1
1416 1417 1
36 1418 1
246 1418 2
304 1418 3
1419 1418 1
1508 1418 1
1954 1418 1
2058 1418 1
2059 1418 1
1418 1419 1
761 1420 1
1354 1420 1
653 1421 1
589 1422 1
1153 1423 1
1856 1423 1
209 1424 1
244 1424 4
272 1424 1
397 1424 1
420 1424 1
1425 1424 1
1433 1424 1
244 1425 1
272 1425 1
1424 1425 1
348 1426 1
679 1427 1
676 1428 1
1218 1429 1
1430 1429 1
847 1430 1
890 1430 1
923 1430 1
1218 1430 2
1259 1430 1
1265 1430 1
1429 1430 1
2003 1430 1
262 1431 2
1892 1431 1
885 1432 1
244 1433 1
1424 1433 1
465 1434 1
1006 1434 1
286 1435 1
288 1435 1
1092 1435 1
257 1436 1
408 1436 1
1437 1436 1
257 1437 1
408 1437 1
1436 1437 1
525 1438 1
1439 1438 1
525 1439 1
1438 1439 1
660 1440 1
661 1440 1
1442 1441 1
1443 1441 1
1444 1441 1
1445 1441 1
1446 1441 1
1441 1442 1
1443 1442 1
1444 1442 1
1445 1442 1
1446 1442 1
1441 1443 1
1442 1443 1
1444 1443 1
1445 1443 1
1446 1443 1
1441 1444 1
1442 1444 1
1443 1444 1
1445 1444 1
1446 1444 1
1441 1445 1
1442 1445 1
1443 1445 1
1444 1445 1
1446 1445 1
1441 1446 1
1442 1446 1
1443 1446 1
1444 1446 1
1445 1446 1
182 1447 1
408 1447 1
418 1447 5
419 1447 2
434 1447 1
618 1447 1
1412 1447 1
1455 1447 1
1473 1447 3
1851 1447 1
1995 1447 1
553 1448 1
621 1448 2
939 1448 1
2123 1448 1
557 1449 1
558 1449 1
1339 1450 1
583 1451 1
35 1452 2
690 1452 1
1220 1452 1
1453 1452 1
1454 1452 2
1743 1452 1
1452 1453 1
1454 1453 1
1452 1454 2
1453 1454 1
1743 1454 1
418 1455 2
434 1455 1
1282 1455 1
1447 1455 1
1456 1455 1
252 1456 1
418 1456 3
1144 1456 1
1282 1456 1
1315 1456 1
1455 1456 1
1473 1456 1
1586 1456 1
1587 1456 1
1818 1456 2
1886 1456 1
1887 1456 1
2007 1456 1
1041 1457 1
818 1458 2
985 1458 2
34 1459 2
115 1459 1
152 1459 1
227 1459 1
306 1459 1
308 1459 1
698 1460 2
1461 1460 1
698 1461 1
1460 1461 1
566 1462 1
1463 1462 1
566 1463 2
1462 1463 1
167 1464 1
976 1465 1
1466 1465 1
976 1466 1
1465 1466 1
562 1467 1
751 1467 1
44 1468 1
1469 1468 1
1470 1468 1
44 1469 1
1468 1469 1
1470 1469 1
44 1470 1
1468 1470 1
1469 1470 1
375 1471 1
1472 1471 1
1471 1472 1
418 1473 4
419 1473 1
1447 1473 3
1456 1473 1
411 1474 1
160 1475 2
1476 1475 1
160 1476 1
248 1476 1
479 1476 1
1475 1476 1
2258 1476 1
1111 1477 1
1478 1477 1
1111 1478 1
1477 1478 1
1480 1479 1
1481 1479 1
1479 1480 1
1481 1480 1
1888 1480 1
1479 1481 1
1480 1481 1
72 1482 1
756 1483 1
1001 1483 1
1014 1483 1
1484 1483 1
756 1484 1
1001 1484 1
1014 1484 1
1483 1484 1
101 1485 1
1123 1485 1
570 1486 1
762 1486 1
570 1487 1
762 1487 1
316 1488 1
835 1488 2
231 1489 3
342 1489 1
1491 1490 1
964 1491 2
990 1491 1
1125 1491 2
1127 1491 1
1128 1491 1
1238 1491 2
1490 1491 1
1869 1491 2
2033 1491 2
2290 1491 1
479 1492 1
1493 1492 1
479 1493 1
1492 1493 1
1281 1494 1
315 1495 1
234 1496 1
733 1496 1
1246 1496 1
1498 1497 1
1497 1498 1
283 1499 1
417 1499 1
1500 1499 1
283 1500 2
417 1500 2
1499 1500 1
970 1501 1
1153 1502 1
546 1503 1
673 1504 1
136 1505 1
1094 1506 1
335 1507 1
1309 1507 1
246 1508 1
304 1508 1
622 1508 1
1418 1508 1
107 1509 1
936 1509 1
114 1510 1
366 1510 1
528 1510 1
1153 1511 3
1237 1511 1
1927 1511 1
1928 1511 1
462 1512 1
1339 1513 2
1514 1513 2
362 1514 1
418 1514 1
618 1514 1
1339 1514 4
1513 1514 2
2305 1514 1
2306 1514 1
35 1515 1
1516 1515 1
1517 1515 1
1518 1515 1
35 1516 1
1515 1516 1
1517 1516 1
1518 1516 1
35 1517 1
1515 1517 1
1516 1517 1
1518 1517 1
35 1518 1
1515 1518 1
1516 1518 1
1517 1518 1
405 1519 1
458 1519 1
778 1519 1
280 1520 1
1280 1520 1
1717 1520 1
73 1521 1
1048 1521 1
1407 1521 1
675 1522 1
780 1522 4
862 1522 1
1034 1522 2
1153 1522 1
1371 1522 1
1977 1522 1
244 1523 1
378 1523 1
1099 1523 1
1524 1523 1
244 1524 1
378 1524 1
1099 1524 1
1523 1524 1
1200 1525 2
546 1526 1
212 1527 2
213 1527 1
1120 1528 1
1123 1529 1
1033 1530 2
1532 1531 1
1533 1531 1
1534 1531 1
1535 1531 1
1531 1532 1
1533 1532 1
1534 1532 1
1535 1532 1
1531 1533 1
1532 1533 1
1534 1533 1
1535 1533 1
1531 1534 1
1532 1534 1
1533 1534 1
1535 1534 1
1531 1535 1
1532 1535 1
1533 1535 1
1534 1535 1
1153 1536 1
665 1537 1
937 1537 1
1125 1537 1
6 1538 1
769 1538 1
1539 1538 1
6 1539 1
769 1539 1
1538 1539 1
583 1540 1
1 1541 1
146 1542 1
741 1542 1
1544 1543 1
1545 1543 1
1543 1544 1
1545 1544 1
1543 1545 1
1544 1545 1
1547 1546 1
923 1547 1
1218 1547 1
1546 1547 1
796 1548 1
64 1549 2
575 1550 1
576 1550 1
286 1551 1
817 1551 1
639 1552 1
172 1553 1
173 1553 1
107 1554 1
474 1555 1
901 1555 2
1091 1555 2
1095 1555 1
1143 1555 1
2237 1555 1
2254 1555 1
637 1556 1
846 1556 2
418 1557 1
1188 1558 2
391 1559 1
212 1560 1
1561 1560 1
1562 1560 1
212 1561 1
1560 1561 1
1562 1561 1
212 1562 1
1560 1562 1
1561 1562 1
805 1563 1
546 1564 1
641 1564 1
809 1564 1
780 1565 1
462 1566 1
585 1566 1
587 1566 1
760 1567 1
849 1567 1
1077 1568 1
1569 1568 1
1570 1568 1
1571 1568 1
1572 1568 1
1573 1568 1
1077 1569 1
1568 1569 1
1570 1569 1
1571 1569 1
1572 1569 1
1573 1569 1
1077 1570 1
1568 1570 1
1569 1570 1
1571 1570 1
1572 1570 1
1573 1570 1
1077 1571 1
1568 1571 1
1569 1571 1
1570 1571 1
1572 1571 1
1573 1571 1
1077 1572 1
1568 1572 1
1569 1572 1
1570 1572 1
1571 1572 1
1573 1572 1
1077 1573 1
1568 1573 1
1569 1573 1
1570 1573 1
1571 1573 1
1572 1573 1
1721 1573 1
1722 1573 1
1723 1573 1
694 1574 1
780 1574 1
336 1575 1
1576 1575 1
336 1576 2
1575 1576 1
312 1577 1
703 1577 1
722 1578 1
384 1579 1
264 1580 1
359 1580 1
361 1580 1
881 1580 1
1155 1580 2
1371 1580 1
1626 1580 1
2288 1580 1
1582 1581 1
1583 1581 1
1581 1582 1
1583 1582 1
1581 1583 1
1582 1583 1
269 1584 1
357 1584 1
1339 1584 2
1841 1584 1
357 1585 1
901 1585 1
1144 1586 1
1315 1586 1
1456 1586 1
1587 1586 1
1144 1587 1
1315 1587 1
1456 1587 1
1586 1587 1
639 1588 3
948 1588 2
260 1589 1
1135 1589 2
1218 1590 1
1273 1590 2
1350 1590 1
1816 1590 1
1817 1590 1
164 1591 1
406 1592 2
418 1592 2
2143 1592 1
465 1593 1
479 1593 1
923 1593 1
1009 1593 1
305 1594 1
441 1594 1
1129 1595 1
1146 1595 1
269 1596 1
1597 1596 1
1596 1597 1
755 1598 1
1215 1598 1
1599 1598 1
755 1599 1
1215 1599 1
1598 1599 1
64 1600 1
906 1601 1
681 1602 1
75 1603 1
136 1603 1
1604 1603 1
1605 1603 1
75 1604 1
136 1604 1
1603 1604 1
1605 1604 1
75 1605 1
136 1605 1
1603 1605 1
1604 1605 1
217 1606 1
308 1606 1
766 1606 1
896 1606 1
897 1606 1
1205 1606 1
1241 1606 1
1320 1606 2
1820 1606 1
968 1607 1
1608 1607 1
1609 1607 1
968 1608 1
1607 1608 1
1609 1608 1
1975 1608 2
968 1609 1
1607 1609 1
1608 1609 1
1611 1610 1
1610 1611 1
823 1612 1
1613 1612 1
823 1613 1
1612 1613 1
73 1614 1
1616 1615 1
1617 1615 1
1615 1616 1
1617 1616 1
1615 1617 1
1616 1617 1
826 1618 1
1934 1618 1
1935 1618 1
1950 1618 1
2180 1618 1
2181 1618 1
851 1619 1
958 1620 1
1141 1620 1
773 1621 1
1200 1622 1
654 1623 1
993 1623 1
1624 1623 1
654 1624 1
993 1624 1
1623 1624 1
1155 1625 1
1371 1625 1
1626 1625 1
264 1626 1
1064 1626 1
1155 1626 2
1371 1626 2
1580 1626 1
1625 1626 1
1932 1626 1
1933 1626 1
2216 1626 1
2217 1626 1
818 1627 2
985 1627 2
180 1628 2
398 1628 1
399 1628 1
239 1629 1
654 1629 1
840 1629 1
894 1630 1
908 1630 1
1016 1630 1
655 1631 1
1633 1632 1
1632 1633 1
395 1634 1
1635 1634 1
395 1635 2
773 1635 1
1634 1635 1
247 1636 1
881 1636 1
76 1637 1
99 1637 1
184 1637 1
1166 1638 1
1203 1638 1
628 1639 1
220 1640 1
585 1640 1
870 1641 1
1080 1642 1
906 1643 1
1645 1644 1
1646 1644 1
1647 1644 1
1644 1645 1
1646 1645 1
1647 1645 1
1644 1646 1
1645 1646 1
1647 1646 1
1644 1647 1
1645 1647 1
1646 1647 1
58 1648 1
1083 1648 1
1130 1648 1
295 1649 1
34 1650 1
355 1650 1
356 1650 1
92 1651 1
646 1651 1
1151 1652 1
1108 1653 1
1222 1653 1
1654 1653 1
1108 1654 1
1222 1654 1
1653 1654 1
20 1655 1
75 1655 1
136 1655 1
1049 1655 1
1656 1655 1
20 1656 1
75 1656 1
136 1656 1
1049 1656 1
1655 1656 1
684 1657 1
1231 1657 1
1658 1657 1
1659 1657 1
684 1658 1
1231 1658 1
1657 1658 1
1659 1658 1
681 1659 1
684 1659 2
980 1659 1
1231 1659 1
1657 1659 1
1658 1659 1
1764 1659 1
107 1660 1
1661 1660 1
107 1661 1
1660 1661 1
751 1662 1
75 1663 1
136 1663 1
1131 1664 1
477 1665 1
510 1665 2
512 1665 1
624 1665 2
631 1665 1
869 1665 1
1666 1665 1
477 1666 1
510 1666 1
512 1666 1
624 1666 1
1665 1666 1
906 1667 1
370 1668 1
406 1668 1
165 1669 2
1670 1669 1
165 1670 1
1153 1670 1
1669 1670 1
137 1671 1
919 1671 1
1672 1671 1
137 1672 1
919 1672 1
1671 1672 1
694 1673 1
780 1673 2
1034 1673 1
1674 1673 1
780 1674 1
1673 1674 1
446 1675 1
1407 1675 1
247 1676 1
1677 1676 1
1678 1676 1
247 1677 1
1676 1677 1
1678 1677 1
247 1678 1
1676 1678 1
1677 1678 1
1680 1679 1
1679 1680 1
262 1681 1
1682 1681 1
262 1682 1
1681 1682 1
446 1683 1
1407 1683 1
1684 1683 1
411 1684 1
446 1684 1
455 1684 1
1407 1684 1
1683 1684 1
2184 1684 1
332 1685 1
689 1685 1
89 1686 1
81 1687 1
1688 1687 1
81 1688 1
1687 1688 1
89 1689 1
479 1689 1
1200 1690 2
1692 1691 1
1691 1692 1
217 1693 1
286 1694 2
401 1694 1
654 1694 2
286 1695 1
1362 1695 1
485 1696 1
874 1697 1
938 1697 1
1698 1697 1
874 1698 1
938 1698 1
1697 1698 1
1153 1699 1
1157 1700 1
1701 1700 1
1157 1701 1
1700 1701 1
607 1702 1
1062 1702 1
698 1703 1
835 1704 1
906 1705 1
805 1706 1
965 1706 1
63 1707 1
65 1707 1
1090 1707 1
217 1708 1
1153 1708 3
1286 1708 1
1320 1708 1
1407 1708 1
1709 1708 2
2115 1708 1
1153 1709 1
1286 1709 1
1708 1709 2
1120 1710 1
217 1711 2
833 1711 1
1320 1711 1
1404 1711 1
1846 1711 1
255 1712 2
885 1712 2
1089 1712 2
1153 1713 1
1253 1714 1
1153 1715 1
1716 1715 1
1153 1716 1
1715 1716 1
280 1717 1
1520 1717 1
885 1718 1
964 1718 1
2132 1718 1
411 1719 1
312 1720 1
1573 1721 1
1722 1721 1
1723 1721 1
1573 1722 1
1721 1722 1
1723 1722 1
1573 1723 1
1721 1723 1
1722 1723 1
305 1724 1
1725 1724 1
305 1725 1
1724 1725 1
835 1726 1
1215 1726 1
1727 1726 1
835 1727 1
1215 1727 1
1726 1727 1
479 1728 3
888 1728 1
1009 1728 1
1214 1728 1
1729 1728 1
1876 1728 1
479 1729 1
1728 1729 1
692 1730 1
693 1730 1
1732 1731 1
1731 1732 1
696 1733 1
697 1733 1
1352 1733 1
868 1734 1
599 1735 1
1737 1736 1
1738 1736 1
1736 1737 1
1738 1737 1
1736 1738 1
1737 1738 1
846 1739 1
391 1740 1
731 1740 1
1259 1740 3
1795 1740 1
1372 1741 1
1742 1741 1
1372 1742 1
1741 1742 1
1452 1743 1
1454 1743 1
1135 1744 1
895 1745 1
907 1745 1
909 1745 1
485 1746 1
784 1746 1
922 1746 1
1068 1746 1
1747 1746 1
1748 1746 1
1749 1746 1
485 1747 1
784 1747 1
922 1747 1
1068 1747 1
1746 1747 1
1748 1747 1
1749 1747 1
485 1748 1
784 1748 1
922 1748 1
1068 1748 1
1746 1748 1
1747 1748 1
1749 1748 1
485 1749 1
784 1749 1
922 1749 1
1068 1749 1
1746 1749 1
1747 1749 1
1748 1749 1
90 1750 1
434 1750 2
1097 1750 1
1219 1750 2
1751 1750 1
434 1751 1
1219 1751 1
1750 1751 1
315 1752 1
318 1752 1
348 1752 1
612 1753 1
1271 1753 1
190 1754 1
402 1754 1
828 1755 1
862 1755 2
927 1755 1
1275 1755 2
1855 1755 1
1914 1755 1
1915 1755 1
180 1756 1
1272 1756 1
1018 1757 1
1758 1757 1
1759 1757 1
1018 1758 1
1757 1758 1
1759 1758 1
1018 1759 1
1757 1759 1
1758 1759 1
534 1760 1
319 1761 1
1209 1761 1
453 1762 1
548 1762 1
722 1763 1
681 1764 1
684 1764 1
980 1764 1
1659 1764 1
204 1765 1
231 1765 1
312 1765 1
761 1765 1
885 1765 1
1844 1765 1
1881 1765 1
1882 1765 1
406 1766 1
1050 1767 1
1768 1767 1
1769 1767 1
1050 1768 1
1767 1768 1
1769 1768 1
1050 1769 2
1767 1769 1
1768 1769 1
2065 1769 1
2066 1769 1
647 1770 1
648 1770 1
724 1771 1
1066 1771 1
1125 1772 1
722 1773 1
835 1773 1
15 1774 1
63 1774 1
950 1774 1
2067 1774 1
2068 1774 1
2069 1774 1
582 1775 1
583 1775 1
1315 1775 1
1777 1776 1
1778 1776 1
1776 1777 1
1778 1777 1
1776 1778 1
1777 1778 1
1058 1779 1
244 1780 1
263 1780 1
350 1780 1
444 1780 1
1781 1780 1
244 1781 1
263 1781 1
350 1781 1
444 1781 1
1780 1781 1
732 1782 1
167 1783 1
283 1784 1
1011 1784 1
1785 1784 1
283 1785 1
1784 1785 1
429 1786 1
287 1787 1
306 1787 1
312 1787 3
315 1787 1
431 1787 1
645 1787 1
1918 1787 1
674 1788 3
675 1788 4
780 1788 3
2248 1788 1
1120 1789 3
1812 1789 1
227 1790 1
831 1790 1
1791 1790 1
1792 1790 1
227 1791 1
1790 1791 1
1792 1791 1
227 1792 1
1790 1792 1
1791 1792 1
927 1793 1
1317 1793 1
828 1794 1
926 1794 1
927 1794 1
312 1795 1
1259 1795 1
1740 1795 1
722 1796 1
957 1796 1
322 1797 1
960 1797 1
1142 1797 1
283 1798 1
1052 1798 3
1153 1798 2
1371 1798 1
1799 1798 1
1052 1799 1
1798 1799 1
371 1800 1
556 1800 1
1176 1801 1
1120 1802 1
403 1803 1
657 1804 3
1112 1805 1
11 1806 1
19 1806 1
257 1806 1
408 1806 1
446 1806 1
1407 1806 1
1807 1806 1
257 1807 1
408 1807 1
1806 1807 1
479 1808 1
1214 1808 1
1212 1809 1
1290 1809 1
1810 1809 1
1811 1809 1
2259 1809 1
2260 1809 1
1290 1810 1
1809 1810 1
1811 1810 1
1290 1811 1
1809 1811 1
1810 1811 1
1120 1812 2
1789 1812 1
175 1813 1
189 1813 1
294 1813 1
623 1813 1
1156 1813 1
207 1814 1
1815 1814 1
207 1815 1
1814 1815 1
1218 1816 1
1273 1816 1
1350 1816 1
1590 1816 1
1817 1816 1
1218 1817 1
1273 1817 1
1350 1817 1
1590 1817 1
1816 1817 1
1456 1818 2
2007 1818 1
327 1819 1
1213 1819 1
308 1820 1
1205 1820 1
1320 1820 1
1606 1820 1
84 1821 1
357 1821 1
846 1821 2
854 1821 1
2006 1821 1
793 1822 1
546 1823 1
901 1823 1
265 1824 1
360 1824 1
1032 1824 1
1328 1824 1
2173 1824 1
1311 1825 1
21 1826 1
589 1827 2
265 1828 1
995 1828 1
336 1829 1
923 1830 1
548 1831 1
1202 1832 1
432 1833 1
1058 1833 1
318 1834 1
30 1835 1
73 1835 1
286 1835 1
1149 1835 1
1180 1835 1
1836 1835 1
1149 1836 1
1180 1836 1
1835 1836 1
1838 1837 1
1837 1838 1
556 1839 1
59 1840 1
217 1840 1
706 1840 2
1048 1840 1
1407 1840 2
269 1841 1
1339 1841 1
1584 1841 1
628 1842 1
1250 1842 1
599 1843 1
908 1843 1
1139 1843 1
231 1844 1
312 1844 1
761 1844 1
1765 1844 1
1881 1844 1
1882 1844 1
582 1845 1
217 1846 1
1320 1846 1
1404 1846 1
1711 1846 1
167 1847 1
182 1848 1
368 1848 1
434 1848 1
885 1849 1
264 1850 1
1155 1850 1
408 1851 2
1122 1851 1
1347 1851 1
1447 1851 1
2183 1851 1
262 1852 3
388 1852 1
389 1852 1
1193 1852 1
66 1853 1
803 1853 1
57 1854 1
1339 1854 1
39 1855 1
862 1855 1
1275 1855 1
1755 1855 1
1914 1855 1
1915 1855 1
1423 1856 1
134 1857 1
541 1857 1
736 1857 1
1325 1857 1
1326 1857 1
274 1858 1
499 1858 1
1221 1858 1
1325 1858 1
1859 1858 1
1860 1858 1
274 1859 1
499 1859 1
1221 1859 1
1325 1859 1
1858 1859 1
1860 1859 1
247 1860 1
274 1860 2
499 1860 2
1221 1860 1
1325 1860 2
1858 1860 1
1859 1860 1
2230 1860 1
2231 1860 1
403 1861 1
1862 1861 1
403 1862 2
1047 1862 1
1861 1862 1
357 1863 1
538 1863 1
680 1863 1
680 1864 1
854 1864 1
1865 1864 1
680 1865 1
854 1865 1
1864 1865 1
470 1866 1
248 1867 1
711 1867 1
675 1868 1
780 1868 1
964 1869 2
1127 1869 1
1128 1869 1
1491 1869 2
613 1870 1
828 1870 1
830 1870 1
884 1870 1
1036 1870 1
1871 1870 1
613 1871 1
828 1871 1
830 1871 1
884 1871 1
1036 1871 1
1870 1871 1
871 1872 1
1873 1872 1
871 1873 1
1872 1873 1
30 1874 1
138 1874 1
1348 1874 1
2119 1874 1
30 1875 1
73 1875 1
479 1876 1
1009 1876 1
1728 1876 1
75 1877 1
164 1877 1
416 1877 1
2012 1877 1
2013 1877 1
61 1878 1
164 1878 1
612 1878 1
1015 1878 1
1024 1878 1
116 1879 1
410 1879 1
411 1879 1
1219 1880 1
231 1881 1
312 1881 1
761 1881 1
1765 1881 1
1844 1881 1
1882 1881 1
231 1882 1
312 1882 1
761 1882 1
1765 1882 1
1844 1882 1
1881 1882 1
430 1883 1
1189 1883 1
1211 1884 1
1259 1884 1
1885 1884 1
1211 1885 1
1259 1885 1
1884 1885 1
1456 1886 1
252 1887 1
1456 1887 1
1480 1888 1
508 1889 1
1061 1889 1
1339 1889 1
1890 1889 1
508 1890 1
1061 1890 1
1339 1890 1
1889 1890 1
269 1891 1
337 1891 1
1431 1892 1
269 1893 1
300 1893 1
269 1894 1
1086 1894 1
1069 1895 2
1070 1895 1
1078 1896 1
735 1897 1
846 1898 1
1037 1898 1
1038 1898 1
418 1899 1
411 1900 1
1902 1901 1
1903 1901 1
1904 1901 1
1901 1902 1
1903 1902 1
1904 1902 1
1901 1903 1
1902 1903 1
1904 1903 1
1901 1904 1
1902 1904 1
1903 1904 1
312 1905 1
656 1905 1
262 1906 1
476 1906 1
456 1907 1
544 1907 1
819 1907 1
1088 1907 1
1412 1908 2
603 1909 1
862 1909 1
1013 1910 1
1911 1910 1
1013 1911 1
1910 1911 1
464 1912 1
1913 1912 1
464 1913 1
1912 1913 1
862 1914 1
1275 1914 1
1755 1914 1
1855 1914 1
1915 1914 1
862 1915 1
1275 1915 1
1755 1915 1
1855 1915 1
1914 1915 1
140 1916 1
142 1916 1
487 1916 2
615 1916 1
1012 1916 2
1917 1916 2
2178 1916 1
2179 1916 1
140 1917 1
142 1917 1
487 1917 2
615 1917 1
1012 1917 2
1916 1917 2
2178 1917 1
2179 1917 1
287 1918 1
312 1918 1
645 1918 1
1787 1918 1
553 1919 1
1104 1920 1
1208 1920 1
1921 1920 1
1104 1921 1
1208 1921 1
1920 1921 1
34 1922 1
281 1922 1
1030 1923 1
1107 1923 1
422 1924 1
1010 1924 1
1030 1925 1
900 1926 1
901 1926 1
1153 1927 1
1511 1927 1
1928 1927 1
1153 1928 1
1511 1928 1
1927 1928 1
64 1929 1
262 1930 1
1000 1930 1
1931 1930 1
262 1931 1
1000 1931 1
1930 1931 1
1064 1932 1
1626 1932 1
1933 1932 1
1064 1933 1
1626 1933 1
1932 1933 1
1618 1934 1
1935 1934 1
1618 1935 1
1934 1935 1
479 1936 1
943 1936 1
650 1937 1
835 1938 1
893 1938 1
532 1939 1
825 1939 1
1940 1939 1
1941 1939 1
1942 1939 1
1943 1939 2
2278 1939 1
2279 1939 1
2280 1939 1
2281 1939 1
2282 1939 1
2283 1939 1
532 1940 1
1939 1940 1
1941 1940 1
1942 1940 1
1943 1940 1
532 1941 1
1939 1941 1
1940 1941 1
1942 1941 1
1943 1941 1
532 1942 1
1939 1942 1
1940 1942 1
1941 1942 1
1943 1942 1
532 1943 1
825 1943 1
1939 1943 2
1940 1943 1
1941 1943 1
1942 1943 1
2278 1943 1
2279 1943 1
2280 1943 1
2281 1943 1
2282 1943 1
2283 1943 1
1269 1944 1
1945 1944 1
1946 1944 1
1947 1944 1
1269 1945 1
1944 1945 1
1946 1945 1
1947 1945 1
1269 1946 1
1944 1946 1
1945 1946 1
1947 1946 1
1269 1947 1
1944 1947 1
1945 1947 1
1946 1947 1
1949 1948 1
1950 1948 1
1948 1949 1
1950 1949 1
1618 1950 1
1948 1950 1
1949 1950 1
2180 1950 1
2181 1950 1
152 1951 1
210 1951 1
376 1951 1
419 1951 1
277 1952 1
479 1952 1
1246 1952 1
589 1953 1
304 1954 2
1165 1954 1
1418 1954 1
2058 1954 1
2059 1954 1
480 1955 1
648 1955 1
1956 1955 1
1957 1955 1
480 1956 1
648 1956 1
1955 1956 1
1957 1956 1
480 1957 1
648 1957 1
1955 1957 1
1956 1957 1
138 1958 1
1960 1959 1
1961 1959 1
1962 1959 1
1959 1960 1
1961 1960 1
1962 1960 1
1959 1961 1
1960 1961 1
1962 1961 1
984 1962 1
999 1962 1
1959 1962 1
1960 1962 1
1961 1962 1
2171 1962 3
2261 1962 1
2262 1962 1
1215 1963 1
1964 1963 1
1215 1964 1
1963 1964 1
391 1965 1
555 1965 1
849 1965 1
912 1965 1
577 1966 1
1967 1966 1
577 1967 1
1966 1967 1
216 1968 1
954 1968 1
1969 1968 1
1970 1968 1
216 1969 1
954 1969 1
1968 1969 1
1970 1969 1
216 1970 1
954 1970 1
1968 1970 1
1969 1970 1
357 1971 1
497 1971 1
846 1971 1
423 1972 1
1973 1972 1
1974 1972 1
423 1973 1
1972 1973 1
1974 1973 1
423 1974 1
1972 1974 1
1973 1974 1
1608 1975 2
708 1976 1
1522 1977 1
1235 1978 1
1979 1978 1
1980 1978 1
1235 1979 1
1978 1979 1
1980 1979 1
1235 1980 1
1978 1980 1
1979 1980 1
1155 1981 1
1983 1982 1
1984 1982 1
1985 1982 1
1982 1983 1
1984 1983 1
1985 1983 1
1996 1983 1
1982 1984 1
1983 1984 1
1985 1984 1
1982 1985 1
1983 1985 1
1984 1985 1
915 1986 1
1407 1986 1
1987 1986 1
915 1987 1
1407 1987 1
1986 1987 1
151 1988 1
152 1988 1
1155 1988 1
286 1989 1
656 1989 1
1415 1989 1
1990 1989 1
286 1990 1
656 1990 1
1415 1990 1
1989 1990 1
849 1991 1
1992 1991 1
1993 1991 1
849 1992 1
1991 1992 1
1993 1992 1
849 1993 1
1991 1993 1
1992 1993 1
1193 1994 1
419 1995 1
1447 1995 1
1983 1996 1
804 1997 1
1998 1997 1
804 1998 1
1997 1998 1
81 1999 1
796 1999 1
1170 1999 1
923 2000 1
1265 2000 1
548 2001 2
2002 2001 2
548 2002 2
2001 2002 2
847 2003 1
890 2003 2
923 2003 2
1218 2003 1
1259 2003 1
1265 2003 2
1430 2003 1
2005 2004 1
2004 2005 1
84 2006 1
846 2006 1
1821 2006 1
1456 2007 1
1818 2007 1
362 2008 1
393 2008 1
2009 2008 1
362 2009 1
393 2009 1
2008 2009 1
2011 2010 1
2010 2011 1
164 2012 1
1877 2012 1
2013 2012 1
164 2013 1
1877 2013 1
2012 2013 1
720 2014 1
2015 2014 1
2016 2014 1
2017 2014 1
720 2015 1
2014 2015 1
2016 2015 1
2017 2015 1
720 2016 1
2014 2016 1
2015 2016 1
2017 2016 1
720 2017 1
2014 2017 1
2015 2017 1
2016 2017 1
1031 2018 1
24 2019 1
490 2019 1
494 2019 1
1283 2019 1
2020 2019 1
24 2020 1
490 2020 1
494 2020 1
1283 2020 1
2019 2020 1
139 2021 1
618 2021 1
933 2021 1
2022 2021 1
139 2022 1
618 2022 1
933 2022 1
2021 2022 1
164 2023 1
357 2023 1
497 2023 1
284 2024 1
478 2024 1
2025 2024 1
2026 2024 1
284 2025 1
478 2025 1
2024 2025 1
2026 2025 1
284 2026 1
478 2026 1
2024 2026 1
2025 2026 1
623 2027 1
962 2028 1
963 2028 1
332 2029 1
533 2029 1
2031 2030 1
2030 2031 1
1302 2032 1
1125 2033 2
1238 2033 2
1491 2033 2
834 2034 1
532 2035 1
1234 2035 1
279 2036 1
1324 2036 1
835 2037 1
2038 2037 1
835 2038 1
948 2038 1
2037 2038 1
646 2039 1
668 2039 1
669 2039 1
282 2040 1
344 2040 1
345 2040 1
1178 2040 1
2041 2040 1
2042 2040 1
2043 2040 1
2044 2040 1
282 2041 1
344 2041 1
345 2041 1
1178 2041 1
2040 2041 1
2042 2041 1
2043 2041 1
2044 2041 1
282 2042 1
344 2042 1
345 2042 1
1178 2042 1
2040 2042 1
2041 2042 1
2043 2042 1
2044 2042 1
282 2043 1
344 2043 1
345 2043 1
1178 2043 1
2040 2043 1
2041 2043 1
2042 2043 1
2044 2043 1
282 2044 1
344 2044 1
345 2044 1
1178 2044 1
2040 2044 1
2041 2044 1
2042 2044 1
2043 2044 1
571 2045 1
2046 2045 1
571 2046 1
2045 2046 1
331 2047 1
371 2047 1
719 2047 1
74 2048 1
1303 2048 1
322 2049 1
409 2049 1
1157 2049 1
1179 2049 1
1320 2049 1
2051 2050 1
2052 2050 1
2050 2051 1
2052 2051 1
2050 2052 1
2051 2052 1
28 2053 1
68 2053 1
195 2053 1
491 2053 1
2055 2054 1
2054 2055 1
788 2056 1
2057 2056 1
788 2057 1
2056 2057 1
304 2058 1
1418 2058 1
1954 2058 1
2059 2058 1
304 2059 1
1418 2059 1
1954 2059 1
2058 2059 1
890 2060 1
923 2060 1
2061 2060 1
890 2061 1
923 2061 1
2060 2061 1
304 2062 1
485 2063 1
92 2064 1
785 2064 1
786 2064 1
787 2064 1
882 2064 1
1050 2065 1
1769 2065 1
2066 2065 1
1050 2066 1
1769 2066 1
2065 2066 1
63 2067 1
950 2067 1
1774 2067 1
2068 2067 1
2069 2067 1
63 2068 1
950 2068 1
1774 2068 1
2067 2068 1
2069 2068 1
63 2069 1
950 2069 1
1774 2069 1
2067 2069 1
2068 2069 1
77 2070 1
175 2070 1
298 2070 1
1100 2070 1
475 2071 1
1227 2071 3
2072 2071 2
2295 2071 1
475 2072 1
1227 2072 2
2071 2072 2
2295 2072 1
775 2073 1
2075 2074 1
2074 2075 1
438 2076 1
439 2076 1
440 2076 1
2077 2076 1
438 2077 1
439 2077 1
440 2077 1
2076 2077 1
259 2078 1
286 2078 1
1383 2079 2
2080 2079 2
2294 2079 1
1383 2080 2
2079 2080 2
2294 2080 1
527 2081 1
1151 2081 1
284 2082 1
2083 2082 1
284 2083 2
2082 2083 1
2086 2083 1
1315 2084 1
2085 2084 1
1315 2085 1
2084 2085 1
284 2086 1
2083 2086 1
536 2087 1
2088 2087 1
536 2088 1
2087 2088 1
127 2089 1
1225 2089 1
1244 2089 1
654 2090 1
2091 2090 1
2092 2090 1
654 2091 1
2090 2091 1
2092 2091 1
654 2092 1
2090 2092 1
2091 2092 1
939 2093 1
2095 2094 1
2094 2095 1
2107 2095 1
2108 2095 1
2097 2096 1
2098 2096 1
2096 2097 1
2098 2097 1
2096 2098 1
2097 2098 1
326 2099 1
460 2099 1
1248 2099 1
2100 2099 1
2101 2099 1
326 2100 1
460 2100 1
1248 2100 1
2099 2100 1
2101 2100 1
326 2101 1
460 2101 1
1248 2101 1
2099 2101 1
2100 2101 1
166 2102 1
1042 2102 1
649 2103 1
2104 2103 1
649 2104 1
2103 2104 1
539 2105 1
540 2105 1
227 2106 1
276 2106 1
2095 2107 1
2108 2107 1
2095 2108 1
2107 2108 1
408 2109 1
1415 2109 1
328 2110 2
1025 2110 1
1027 2110 2
2111 2110 1
2112 2110 1
2113 2110 1
2114 2110 1
2285 2110 1
328 2111 1
773 2111 1
1027 2111 1
2110 2111 1
2112 2111 1
2113 2111 1
2114 2111 1
2161 2111 1
2229 2111 1
328 2112 1
1027 2112 1
2110 2112 1
2111 2112 1
2113 2112 1
2114 2112 1
328 2113 1
1027 2113 1
2110 2113 1
2111 2113 1
2112 2113 1
2114 2113 1
328 2114 1
1027 2114 1
2110 2114 1
2111 2114 1
2112 2114 1
2113 2114 1
217 2115 1
1320 2115 1
1708 2115 1
877 2116 1
878 2116 1
913 2116 1
2117 2116 1
2118 2116 1
877 2117 1
878 2117 1
913 2117 1
2116 2117 1
2118 2117 1
877 2118 1
878 2118 1
913 2118 1
2116 2118 1
2117 2118 1
1348 2119 1
1874 2119 1
411 2120 2
663 2120 2
679 2120 2
186 2121 1
1155 2121 2
2207 2121 1
255 2122 1
1026 2122 1
1089 2122 1
553 2123 1
1448 2123 1
208 2124 1
2125 2124 1
208 2125 1
2124 2125 1
42 2126 1
64 2126 1
216 2127 1
898 2127 1
2128 2127 1
216 2128 1
898 2128 1
2127 2128 1
277 2129 1
479 2129 1
1214 2129 1
1246 2129 1
555 2130 1
2131 2130 1
555 2131 1
2130 2131 1
964 2132 1
1718 2132 1
643 2133 1
876 2133 1
253 2134 1
1315 2135 1
2136 2135 1
2137 2135 1
2138 2135 1
2139 2135 1
1315 2136 1
2135 2136 1
2137 2136 1
2138 2136 1
2139 2136 1
1315 2137 1
2135 2137 1
2136 2137 1
2138 2137 1
2139 2137 1
1315 2138 1
2135 2138 1
2136 2138 1
2137 2138 1
2139 2138 1
1315 2139 1
2135 2139 1
2136 2139 1
2137 2139 1
2138 2139 1
505 2140 1
506 2140 1
967 2140 1
2141 2140 1
505 2141 1
506 2141 1
967 2141 1
2140 2141 1
828 2142 1
829 2142 1
927 2142 1
982 2142 1
406 2143 1
418 2143 1
1592 2143 1
265 2144 1
2145 2144 1
2146 2144 1
265 2145 1
2144 2145 1
2146 2145 1
265 2146 1
2144 2146 1
2145 2146 1
13 2147 1
14 2147 1
452 2147 1
1072 2147 1
2148 2147 1
13 2148 1
14 2148 1
452 2148 1
1072 2148 1
2147 2148 1
646 2149 1
2150 2149 1
646 2150 1
2149 2150 1
185 2151 1
186 2151 1
2153 2152 1
2154 2152 1
2152 2153 1
2154 2153 1
2152 2154 1
2153 2154 1
2156 2155 1
2157 2155 1
2158 2155 1
2155 2156 1
2157 2156 1
2158 2156 1
2155 2157 1
2156 2157 1
2158 2157 1
2155 2158 1
2156 2158 1
2157 2158 1
791 2159 1
2161 2160 1
773 2161 1
2111 2161 1
2160 2161 1
2229 2161 1
411 2162 1
663 2162 1
2239 2163 1
2240 2163 1
2241 2163 1
2242 2163 1
2243 2163 1
684 2164 1
2165 2164 1
2166 2164 1
2167 2164 1
2168 2164 1
684 2165 1
2164 2165 1
2166 2165 1
2167 2165 1
2168 2165 1
684 2166 1
2164 2166 1
2165 2166 1
2167 2166 1
2168 2166 1
684 2167 1
2164 2167 1
2165 2167 1
2166 2167 1
2168 2167 1
684 2168 1
2164 2168 1
2165 2168 1
2166 2168 1
2167 2168 1
332 2169 1
1251 2169 1
737 2170 1
738 2170 1
739 2170 1
874 2170 1
984 2171 1
999 2171 1
1962 2171 3
2261 2171 1
2262 2171 1
152 2172 1
238 2172 1
360 2173 1
1032 2173 1
1824 2173 1
217 2174 1
453 2174 1
754 2175 1
2176 2175 1
2177 2175 1
754 2176 1
2175 2176 1
2177 2176 1
754 2177 1
2175 2177 1
2176 2177 1
140 2178 1
487 2178 1
615 2178 1
1012 2178 1
1916 2178 1
1917 2178 1
2179 2178 1
140 2179 1
487 2179 1
615 2179 1
1012 2179 1
1916 2179 1
1917 2179 1
2178 2179 1
1618 2180 1
1950 2180 1
2181 2180 1
1618 2181 1
1950 2181 1
2180 2181 1
261 2182 1
262 2182 1
408 2183 1
1122 2183 1
1347 2183 1
1851 2183 1
1684 2184 1
582 2185 1
583 2185 1
136 2186 1
1028 2186 1
1029 2186 1
2188 2187 1
2189 2187 1
2190 2187 1
2187 2188 1
2189 2188 1
2190 2188 1
2187 2189 1
2188 2189 1
2190 2189 1
2187 2190 1
2188 2190 1
2189 2190 1
1009 2191 1
255 2192 1
1089 2192 1
310 2193 1
2194 2193 1
17 2194 1
310 2194 2
2193 2194 1
411 2195 1
743 2195 1
1268 2196 1
1114 2197 1
1187 2197 1
519 2198 1
212 2199 1
213 2199 1
1191 2200 1
1396 2200 1
2201 2200 1
1191 2201 1
1396 2201 1
2200 2201 1
881 2202 1
1243 2202 1
2203 2202 1
881 2203 1
1243 2203 1
2202 2203 1
194 2204 1
436 2204 1
2205 2204 1
194 2205 1
436 2205 1
2204 2205 1
589 2206 1
186 2207 1
1155 2207 1
2121 2207 1
1266 2208 1
2209 2208 1
2210 2208 1
2211 2208 1
2212 2208 1
1266 2209 1
2208 2209 1
2210 2209 1
2211 2209 1
2212 2209 1
1266 2210 1
2208 2210 1
2209 2210 1
2211 2210 1
2212 2210 1
1266 2211 1
2208 2211 1
2209 2211 1
2210 2211 1
2212 2211 1
1266 2212 1
2208 2212 1
2209 2212 1
2210 2212 1
2211 2212 1
2214 2213 1
2215 2213 1
2213 2214 1
2215 2214 1
2213 2215 1
2214 2215 1
1626 2216 1
2217 2216 1
1626 2217 1
2216 2217 1
278 2218 1
644 2218 1
859 2218 1
1012 2218 1
265 2219 1
2221 2220 1
2222 2220 1
2223 2220 1
2220 2221 1
2222 2221 1
2223 2221 1
2220 2222 1
2221 2222 1
2223 2222 1
2220 2223 1
2221 2223 1
2222 2223 1
556 2224 1
2225 2224 1
556 2225 1
2224 2225 1
412 2226 1
117 2227 1
438 2227 1
439 2227 1
440 2227 1
2228 2227 1
117 2228 1
438 2228 1
439 2228 1
440 2228 1
2227 2228 1
773 2229 1
2111 2229 1
2161 2229 1
247 2230 1
274 2230 1
499 2230 1
1325 2230 1
1860 2230 1
2231 2230 1
247 2231 1
274 2231 1
499 2231 1
1325 2231 1
1860 2231 1
2230 2231 1
2233 2232 1
2234 2232 1
2235 2232 1
2232 2233 1
2234 2233 1
2235 2233 1
2232 2234 1
2233 2234 1
2235 2234 1
2232 2235 1
2233 2235 1
2234 2235 1
332 2236 1
487 2236 1
498 2236 1
474 2237 1
1091 2237 1
1095 2237 1
1143 2237 1
1555 2237 1
165 2238 1
339 2238 1
1010 2238 1
2163 2239 1
2240 2239 1
2241 2239 1
2242 2239 1
2243 2239 1
2163 2240 1
2239 2240 1
2241 2240 1
2242 2240 1
2243 2240 1
2163 2241 1
2239 2241 1
2240 2241 1
2242 2241 1
2243 2241 1
2163 2242 1
2239 2242 1
2240 2242 1
2241 2242 1
2243 2242 1
2163 2243 1
2239 2243 1
2240 2243 1
2241 2243 1
2242 2243 1
86 2244 1
286 2245 1
340 2245 1
935 2245 1
1415 2245 1
534 2246 1
450 2247 2
820 2247 2
973 2247 1
674 2248 1
675 2248 1
1788 2248 1
244 2249 1
2250 2249 1
244 2250 1
2249 2250 1
466 2251 1
936 2251 1
2252 2251 1
466 2252 1
936 2252 1
2251 2252 1
391 2253 2
912 2253 2
1091 2254 1
1555 2254 1
581 2255 1
902 2255 1
265 2256 1
2257 2256 1
265 2257 1
2256 2257 1
1476 2258 1
1212 2259 1
1809 2259 1
2260 2259 1
1212 2260 1
1809 2260 1
2259 2260 1
1962 2261 1
2171 2261 1
2262 2261 1
1962 2262 1
2171 2262 1
2261 2262 1
1175 2263 1
572 2264 1
1105 2265 1
1258 2265 1
2266 2265 1
2267 2265 1
1105 2266 1
1258 2266 1
2265 2266 1
2267 2266 1
1105 2267 1
1258 2267 1
2265 2267 1
2266 2267 1
257 2268 1
262 2268 1
2269 2268 1
257 2269 1
262 2269 1
2268 2269 1
45 2270 1
251 2270 1
745 2271 1
746 2271 1
314 2272 1
435 2272 1
1027 2272 1
2273 2272 1
314 2273 1
435 2273 1
1027 2273 1
2272 2273 1
861 2274 1
128 2275 1
240 2275 1
914 2275 1
206 2276 1
698 2277 1
825 2278 1
1939 2278 1
1943 2278 1
2279 2278 1
2280 2278 1
2281 2278 1
2282 2278 1
2283 2278 1
825 2279 1
1939 2279 1
1943 2279 1
2278 2279 1
2280 2279 1
2281 2279 1
2282 2279 1
2283 2279 1
825 2280 1
1939 2280 1
1943 2280 1
2278 2280 1
2279 2280 1
2281 2280 1
2282 2280 1
2283 2280 1
825 2281 1
1939 2281 1
1943 2281 1
2278 2281 1
2279 2281 1
2280 2281 1
2282 2281 1
2283 2281 1
825 2282 1
1939 2282 1
1943 2282 1
2278 2282 1
2279 2282 1
2280 2282 1
2281 2282 1
2283 2282 1
825 2283 1
1939 2283 1
1943 2283 1
2278 2283 1
2279 2283 1
2280 2283 1
2281 2283 1
2282 2283 1
71 2284 1
328 2285 1
1025 2285 1
1027 2285 1
2110 2285 1
1412 2286 1
2287 2286 1
1412 2287 1
2286 2287 1
881 2288 1
1580 2288 1
49 2289 1
64 2289 1
102 2289 1
990 2290 1
1491 2290 1
695 2291 1
2292 2291 1
2293 2291 1
695 2292 1
2291 2292 1
2293 2292 1
695 2293 1
2291 2293 1
2292 2293 1
1383 2294 1
2079 2294 1
2080 2294 1
475 2295 1
1227 2295 1
2071 2295 1
2072 2295 1
315 2296 1
2297 2296 1
315 2297 1
2296 2297 1
446 2298 1
837 2298 1
838 2298 1
2299 2298 1
2300 2298 1
446 2299 1
837 2299 1
838 2299 1
2298 2299 1
2300 2299 1
446 2300 1
837 2300 1
838 2300 1
2298 2300 1
2299 2300 1
987 2301 1
2303 2302 1
2302 2303 1
237 2304 1
239 2304 1
1339 2305 1
1514 2305 1
2306 2305 1
1339 2306 1
1514 2306 1
2305 2306 1
