187 1 2
227 1 2
97 2 1
116 2 1
73 3 1
249 4 1
251 4 1
308 4 1
91 5 1
356 5 1
713 5 1
58 6 1
148 6 1
9 7 1
56 7 1
92 7 1
94 7 1
15 8 1
180 8 1
535 8 1
536 8 1
709 8 1
7 9 1
56 9 1
92 9 1
94 9 1
180 10 1
247 10 1
261 10 1
703 10 1
704 10 1
17 11 1
472 11 4
725 11 1
68 12 1
151 12 1
386 12 1
608 12 1
21 13 1
62 13 1
108 13 1
114 13 1
570 14 1
8 15 1
180 15 1
535 15 1
536 15 1
709 15 1
105 16 1
178 16 1
179 16 1
315 16 1
589 16 1
11 17 1
725 17 1
111 18 1
191 18 1
493 18 1
167 19 1
204 19 1
137 20 1
193 20 1
387 20 1
723 20 1
724 20 1
13 21 1
57 21 1
62 21 1
108 21 1
114 21 1
152 21 1
169 21 1
381 21 1
584 21 1
99 22 1
195 22 2
463 22 1
701 22 1
215 23 1
314 23 1
373 23 1
510 23 1
519 23 1
154 24 1
280 24 1
200 25 1
243 25 1
138 26 1
217 26 1
544 26 1
73 27 1
220 27 1
221 27 1
254 27 1
256 27 1
468 27 1
678 27 1
679 27 1
719 27 1
270 28 1
337 28 1
115 29 1
122 29 1
127 29 1
128 30 1
362 30 1
637 31 1
69 32 1
160 32 1
436 33 1
641 33 1
77 34 1
141 35 1
237 35 1
238 35 1
399 35 1
48 36 1
426 36 2
428 36 1
639 36 1
332 37 1
458 37 1
100 38 1
121 38 1
167 38 2
236 38 3
242 38 1
257 38 1
258 38 1
266 38 1
268 38 1
483 38 1
516 38 1
433 39 1
491 39 1
360 40 1
389 40 1
485 40 1
78 41 1
405 42 1
88 43 2
110 43 1
214 43 2
228 43 1
293 43 1
459 43 1
484 43 1
492 43 1
706 43 1
60 44 1
71 44 1
118 44 1
134 44 1
139 44 1
142 44 1
228 44 1
327 44 1
671 44 1
158 45 1
455 45 1
600 46 1
587 47 1
36 48 1
426 48 1
428 48 1
103 49 1
330 50 1
360 50 1
361 50 1
389 50 3
435 50 1
446 50 1
606 50 1
698 50 1
225 51 1
298 51 1
708 51 1
420 52 1
481 52 1
82 53 1
150 53 1
167 53 3
257 53 1
354 53 1
375 53 1
494 53 1
111 54 2
241 54 2
355 54 1
532 54 1
147 55 1
233 55 1
234 55 1
7 56 1
9 56 1
92 56 1
94 56 1
21 57 1
381 57 1
6 58 1
148 58 1
595 58 1
596 58 1
388 59 1
597 59 1
44 60 1
118 60 1
671 60 1
163 61 1
209 61 1
295 61 1
351 61 1
445 61 1
13 62 1
21 62 1
71 62 1
108 62 1
114 62 1
367 62 1
64 63 1
287 63 1
63 64 1
287 64 1
231 65 1
309 65 1
343 65 1
607 65 1
533 66 1
697 66 1
68 67 1
101 67 1
112 67 1
454 67 1
12 68 1
67 68 1
101 68 1
112 68 1
119 68 1
151 68 1
386 68 1
454 68 1
578 68 1
579 68 1
608 68 1
32 69 1
160 69 1
223 70 1
267 70 1
733 70 1
734 70 1
44 71 1
62 71 1
327 71 1
367 71 1
302 72 1
495 72 1
3 73 1
27 73 1
220 73 1
221 73 1
254 73 1
256 73 1
468 73 1
719 73 1
197 74 1
325 74 1
77 75 1
222 75 1
462 75 1
530 75 1
437 76 1
34 77 1
75 77 1
102 77 1
222 77 1
311 77 1
462 77 1
475 77 2
530 77 1
41 78 1
111 79 2
241 79 2
707 79 1
344 80 1
177 81 2
378 81 1
461 81 2
496 81 1
53 82 1
150 82 1
167 82 1
257 82 1
375 82 1
494 82 1
561 83 1
657 83 1
294 84 2
693 84 2
694 84 1
437 85 1
359 86 1
269 87 1
43 88 2
110 88 2
214 88 3
293 88 1
459 88 2
474 88 1
484 88 1
642 89 1
643 89 1
644 89 1
211 90 1
5 91 1
356 91 1
713 91 1
7 92 1
9 92 1
56 92 1
94 92 1
98 93 1
107 93 1
132 93 1
7 94 1
9 94 1
56 94 1
92 94 1
379 95 1
603 95 1
264 96 2
265 96 2
2 97 1
116 97 1
93 98 1
107 98 1
132 98 1
22 99 1
195 99 1
701 99 1
38 100 1
242 100 1
266 100 1
483 100 1
67 101 1
68 101 1
112 101 1
149 101 1
398 101 1
454 101 1
77 102 1
311 102 1
475 102 1
49 103 1
234 104 1
16 105 1
178 105 2
179 105 1
315 105 1
589 105 1
341 106 2
423 106 1
500 106 1
93 107 1
98 107 1
132 107 1
13 108 1
21 108 1
62 108 1
114 108 1
255 109 2
43 110 1
88 110 2
214 110 3
248 110 1
299 110 1
459 110 2
474 110 1
18 111 1
54 111 2
79 111 2
191 111 1
241 111 4
355 111 1
493 111 1
532 111 1
707 111 1
67 112 1
68 112 1
101 112 1
454 112 1
201 113 1
13 114 1
21 114 1
62 114 1
108 114 1
29 115 1
122 115 1
127 115 1
2 116 1
97 116 1
164 117 1
489 117 1
44 118 1
60 118 1
671 118 1
68 119 1
578 119 1
579 119 1
145 120 1
146 120 1
155 120 1
196 120 2
290 120 1
310 120 2
669 120 1
38 121 1
173 121 1
236 121 1
255 121 1
29 122 1
115 122 1
127 122 1
157 123 1
312 123 1
336 123 1
605 124 1
269 125 1
490 125 1
153 126 1
174 126 1
29 127 1
115 127 1
122 127 1
30 128 1
362 128 1
592 129 1
621 130 1
622 130 1
537 131 1
702 131 1
93 132 1
98 132 1
107 132 1
348 132 1
395 132 1
487 132 1
552 133 1
44 134 1
139 134 2
142 134 2
228 134 2
136 135 1
548 135 2
550 135 1
670 135 1
135 136 1
548 136 1
550 136 1
20 137 1
193 137 1
387 137 1
723 137 1
724 137 1
26 138 1
217 138 1
544 138 1
44 139 1
134 139 2
142 139 2
228 139 2
522 140 1
549 140 1
35 141 1
163 141 1
209 141 1
237 141 1
238 141 1
275 141 1
399 141 1
415 141 1
44 142 1
134 142 2
139 142 2
228 142 2
732 143 1
229 144 1
328 144 1
443 144 1
120 145 1
155 145 1
120 146 1
310 146 1
55 147 1
233 147 1
234 147 1
6 148 1
58 148 1
101 149 1
398 149 1
53 150 1
82 150 1
167 150 1
257 150 2
12 151 1
68 151 1
386 151 1
608 151 1
21 152 1
169 152 1
584 152 1
126 153 1
159 153 1
163 153 1
174 153 1
274 153 3
277 153 1
316 153 1
441 153 1
470 153 1
598 153 1
24 154 1
206 154 1
207 154 1
280 154 1
634 154 1
737 154 1
120 155 1
145 155 1
339 156 1
442 156 1
123 157 1
312 157 1
336 157 1
553 157 1
45 158 1
455 158 1
153 159 1
274 159 1
32 160 1
69 160 1
168 161 1
239 162 1
263 162 1
279 162 1
711 162 1
61 163 1
141 163 1
153 163 1
209 163 2
274 163 1
275 163 1
295 163 1
351 163 1
415 163 1
445 163 1
117 164 1
489 164 1
655 164 1
199 165 1
760 165 1
761 165 1
380 166 1
19 167 1
38 167 2
53 167 3
82 167 1
150 167 1
204 167 1
236 167 1
257 167 3
354 167 1
375 167 1
494 167 1
161 168 1
21 169 1
152 169 1
584 169 1
718 170 1
276 171 1
557 171 1
304 172 1
324 172 1
503 172 1
121 173 1
255 173 1
126 174 1
153 174 1
457 174 1
665 174 1
297 175 1
369 175 1
582 175 1
325 176 1
599 176 1
666 176 1
81 177 2
319 177 1
377 177 1
378 177 2
461 177 3
496 177 2
16 178 1
105 178 2
179 178 2
315 178 1
565 178 1
589 178 1
16 179 1
105 179 1
178 179 2
238 179 1
315 179 2
473 179 1
565 179 1
589 179 1
710 179 1
8 180 1
10 180 1
15 180 1
247 180 1
261 180 1
535 180 1
536 180 1
703 180 1
704 180 1
709 180 1
183 181 1
210 181 1
374 181 2
466 181 1
502 181 1
345 182 1
181 183 1
502 183 1
186 184 1
259 185 1
328 185 1
184 186 1
1 187 2
227 187 2
216 188 1
312 189 1
640 189 1
256 190 1
18 191 1
111 191 1
493 191 1
407 192 1
583 192 1
20 193 1
137 193 1
387 193 1
723 193 1
724 193 1
507 194 1
545 194 1
661 194 1
22 195 2
99 195 1
463 195 1
701 195 1
120 196 2
290 196 1
310 196 1
669 196 1
74 197 1
325 197 1
513 198 2
680 198 2
682 198 1
165 199 1
760 199 1
761 199 1
25 200 1
243 200 1
113 201 1
272 201 1
658 201 1
230 202 1
260 202 1
278 202 1
538 203 1
19 204 1
167 204 1
353 205 1
154 206 1
207 206 1
154 207 1
206 207 1
402 208 1
440 208 1
61 209 1
141 209 1
163 209 2
275 209 1
295 209 1
351 209 1
415 209 1
445 209 1
181 210 1
374 210 1
90 211 1
731 212 1
735 212 1
736 212 1
313 213 1
419 213 1
424 213 1
542 213 1
43 214 2
88 214 3
110 214 3
248 214 1
293 214 1
459 214 2
474 214 1
484 214 1
23 215 1
188 216 1
26 217 1
138 217 1
544 217 1
416 218 1
480 218 1
551 218 1
413 219 1
27 220 1
73 220 1
221 220 1
254 220 1
256 220 1
468 220 1
719 220 1
27 221 1
73 221 1
220 221 1
254 221 1
256 221 1
468 221 1
719 221 1
75 222 1
77 222 1
462 222 1
530 222 1
70 223 1
267 223 1
733 223 1
734 223 1
231 224 1
372 224 1
396 224 1
397 224 1
518 224 1
562 224 1
628 224 1
668 224 1
51 225 1
298 225 1
764 226 1
1 227 2
187 227 2
43 228 1
44 228 1
134 228 2
139 228 2
142 228 2
492 228 1
706 228 1
144 229 1
328 229 2
443 229 1
202 230 1
260 230 1
278 230 1
65 231 1
224 231 1
255 231 2
343 231 1
511 231 2
518 231 1
562 231 1
677 231 1
482 232 1
514 232 1
576 232 1
577 232 1
55 233 1
147 233 1
234 233 1
55 234 1
104 234 1
147 234 1
233 234 1
365 235 1
366 235 2
585 235 1
38 236 3
121 236 1
167 236 1
257 236 1
516 236 1
35 237 1
141 237 1
238 237 1
399 237 1
35 238 1
141 238 1
179 238 1
237 238 1
315 238 1
399 238 1
473 238 1
710 238 1
162 239 1
279 239 1
711 239 1
284 240 1
349 240 1
54 241 2
79 241 2
111 241 4
355 241 1
532 241 1
707 241 1
38 242 1
100 242 1
266 242 1
483 242 1
25 243 1
200 243 1
705 244 1
296 245 1
430 245 1
602 246 1
10 247 1
180 247 1
261 247 1
703 247 1
704 247 1
110 248 1
214 248 1
4 249 1
250 249 1
251 249 3
308 249 3
249 250 1
251 250 1
308 250 1
4 251 1
249 251 3
250 251 1
308 251 3
253 252 1
252 253 1
27 254 1
73 254 1
220 254 1
221 254 1
256 254 1
468 254 1
719 254 1
109 255 2
121 255 1
173 255 1
231 255 2
511 255 1
677 255 1
27 256 1
73 256 1
190 256 1
220 256 1
221 256 1
254 256 1
468 256 1
719 256 1
38 257 1
53 257 1
82 257 1
150 257 2
167 257 3
236 257 1
38 258 1
268 258 1
185 259 1
328 259 1
431 259 1
202 260 1
230 260 1
278 260 1
10 261 1
180 261 1
247 261 1
703 261 1
704 261 1
334 262 1
162 263 1
96 264 2
265 264 2
96 265 2
264 265 2
38 266 1
100 266 1
242 266 1
483 266 1
70 267 1
223 267 1
733 267 1
734 267 1
38 268 1
258 268 1
87 269 1
125 269 1
490 269 1
28 270 1
376 271 1
421 271 2
478 271 1
201 272 1
333 273 1
414 273 1
153 274 3
159 274 1
163 274 1
316 274 1
598 274 1
141 275 1
163 275 1
209 275 1
415 275 1
171 276 1
557 276 1
153 277 1
470 277 1
202 278 1
230 278 1
260 278 1
162 279 1
239 279 1
711 279 1
24 280 1
154 280 1
408 281 1
410 281 1
477 281 1
688 281 1
283 282 1
422 282 2
282 283 1
422 283 1
240 284 1
285 284 1
349 284 1
403 284 1
404 284 1
765 284 1
284 285 1
765 285 1
681 286 1
63 287 1
64 287 1
385 288 1
505 288 1
506 288 1
559 289 1
120 290 1
196 290 1
310 290 1
619 291 1
370 292 1
571 292 1
43 293 1
88 293 1
214 293 1
484 293 1
84 294 2
693 294 2
694 294 1
61 295 1
163 295 1
209 295 1
351 295 1
445 295 1
245 296 1
430 296 1
175 297 1
369 297 1
582 297 1
51 298 1
225 298 1
110 299 1
318 300 1
604 300 1
357 301 1
476 301 1
72 302 1
495 302 1
512 303 2
613 303 1
675 303 1
676 303 1
172 304 1
324 304 1
503 304 1
306 305 1
307 305 1
305 306 1
307 306 1
305 307 1
306 307 1
486 307 1
572 307 1
573 307 1
574 307 1
662 307 1
663 307 1
664 307 1
4 308 1
249 308 3
250 308 1
251 308 3
65 309 1
607 309 1
120 310 2
146 310 1
196 310 1
290 310 1
77 311 1
102 311 1
475 311 1
123 312 1
157 312 1
189 312 1
336 312 1
640 312 1
213 313 1
424 313 1
23 314 1
373 314 1
519 314 1
16 315 1
105 315 1
178 315 1
179 315 2
238 315 1
473 315 1
589 315 1
710 315 1
153 316 1
274 316 1
598 316 1
383 317 1
447 317 1
300 318 1
604 318 1
177 319 1
461 319 1
496 319 1
323 320 2
342 320 1
720 321 1
593 322 1
594 322 1
320 323 2
342 323 1
172 324 1
304 324 1
503 324 1
74 325 1
176 325 1
197 325 1
346 325 2
599 325 4
666 325 1
347 326 1
471 326 1
763 326 1
44 327 1
71 327 1
144 328 1
185 328 1
229 328 2
259 328 1
337 328 1
443 328 1
569 328 1
648 329 1
649 329 1
650 329 1
651 329 1
652 329 1
50 330 1
360 330 1
389 330 1
606 330 1
449 331 1
521 331 1
601 331 1
37 332 1
458 332 1
273 333 1
340 333 1
411 333 2
414 333 1
434 333 1
450 333 1
262 334 1
418 335 1
123 336 1
157 336 1
312 336 1
28 337 1
328 337 1
569 337 1
391 338 1
722 338 1
156 339 1
425 339 1
442 339 1
465 339 1
333 340 1
411 340 1
106 341 2
423 341 1
500 341 1
320 342 1
323 342 1
65 343 1
231 343 1
371 343 1
759 343 1
80 344 1
182 345 1
325 346 2
541 346 1
599 346 2
721 346 1
326 347 1
471 347 1
763 347 1
132 348 1
395 348 1
487 348 1
240 349 1
284 349 1
382 349 1
411 349 1
460 349 1
508 349 1
515 349 1
451 350 1
499 350 1
590 350 1
591 350 1
687 350 1
61 351 1
163 351 1
209 351 1
295 351 1
445 351 1
623 351 1
624 351 1
625 351 1
626 351 1
627 351 1
386 352 1
412 352 1
205 353 1
53 354 1
167 354 1
54 355 1
111 355 1
241 355 1
5 356 1
91 356 1
713 356 1
301 357 1
476 357 1
540 358 1
86 359 1
40 360 1
50 360 1
330 360 1
361 360 2
389 360 2
392 360 1
485 360 1
606 360 1
616 360 1
50 361 1
360 361 2
389 361 1
392 361 1
616 361 1
30 362 1
128 362 1
439 363 2
699 364 1
700 364 1
235 365 1
366 365 1
235 366 2
365 366 1
585 366 1
656 366 1
62 367 1
71 367 1
469 368 1
560 368 1
175 369 1
297 369 1
582 369 1
292 370 1
343 371 1
759 371 1
224 372 1
668 372 1
23 373 1
314 373 1
519 373 1
181 374 2
210 374 1
466 374 1
498 374 1
563 374 1
564 374 1
674 374 1
53 375 1
82 375 1
167 375 1
444 375 1
494 375 1
683 375 1
271 376 1
421 376 1
432 376 1
714 376 1
177 377 1
378 377 1
81 378 1
177 378 2
377 378 1
461 378 1
95 379 1
603 379 1
166 380 1
21 381 1
57 381 1
349 382 1
508 382 1
515 382 1
756 382 1
757 382 1
758 382 1
762 382 1
317 383 1
400 383 2
447 383 1
429 384 1
288 385 1
505 385 1
506 385 1
12 386 1
68 386 1
151 386 1
352 386 1
412 386 1
608 386 1
20 387 1
137 387 1
193 387 1
467 387 1
723 387 1
724 387 1
59 388 1
597 388 1
40 389 1
50 389 3
330 389 1
360 389 2
361 389 1
435 389 1
446 389 1
485 389 1
606 389 1
698 389 1
667 390 1
338 391 1
722 391 1
360 392 1
361 392 1
395 393 1
558 393 1
618 393 1
395 394 1
695 394 1
132 395 1
348 395 1
393 395 1
394 395 1
487 395 1
558 395 1
618 395 1
695 395 1
224 396 1
397 396 1
628 396 1
224 397 1
396 397 1
628 397 1
101 398 1
149 398 1
35 399 1
141 399 1
237 399 1
238 399 1
383 400 2
517 401 1
208 402 1
440 402 1
284 403 1
404 403 1
284 404 1
403 404 1
448 404 1
520 404 1
42 405 1
407 406 1
534 406 1
546 406 2
629 406 2
630 406 1
192 407 1
406 407 1
546 407 1
583 407 1
629 407 1
630 407 1
281 408 1
410 408 1
477 408 1
688 408 1
566 409 1
281 410 1
408 410 1
477 410 1
688 410 1
333 411 2
340 411 1
349 411 1
460 411 1
464 411 2
547 411 2
752 411 1
753 411 1
352 412 1
386 412 1
219 413 1
273 414 1
333 414 1
141 415 1
163 415 1
209 415 1
275 415 1
218 416 1
480 416 1
551 416 1
524 417 1
696 417 1
335 418 1
213 419 1
52 420 1
481 420 1
271 421 2
376 421 1
478 421 1
282 422 2
283 422 1
106 423 1
341 423 1
213 424 1
313 424 1
339 425 1
465 425 1
36 426 2
48 426 1
428 426 1
639 426 1
754 427 1
36 428 1
48 428 1
426 428 1
384 429 1
245 430 1
296 430 1
259 431 1
376 432 1
714 432 1
39 433 1
491 433 1
333 434 1
450 434 1
50 435 1
389 435 1
446 435 1
698 435 1
33 436 1
641 436 1
76 437 1
85 437 1
691 438 1
692 438 2
363 439 2
208 440 1
402 440 1
153 441 1
156 442 1
339 442 1
144 443 1
229 443 1
328 443 1
375 444 1
683 444 1
61 445 1
163 445 1
209 445 1
295 445 1
351 445 1
50 446 1
389 446 1
435 446 1
698 446 1
317 447 1
383 447 1
404 448 1
520 448 1
331 449 1
478 449 1
497 449 1
601 449 1
731 449 1
333 450 1
434 450 1
350 451 1
687 451 1
453 452 1
452 453 1
456 453 2
67 454 1
68 454 1
101 454 1
112 454 1
45 455 1
158 455 1
453 456 2
174 457 1
37 458 1
332 458 1
43 459 1
88 459 2
110 459 2
214 459 2
474 459 1
349 460 1
411 460 1
81 461 2
177 461 3
319 461 1
378 461 1
496 461 2
75 462 1
77 462 1
222 462 1
530 462 1
22 463 1
195 463 1
411 464 2
547 464 2
752 464 1
753 464 1
339 465 1
425 465 1
181 466 1
374 466 1
387 467 1
27 468 1
73 468 1
220 468 1
221 468 1
254 468 1
256 468 1
719 468 1
368 469 1
560 469 1
153 470 1
277 470 1
326 471 1
347 471 1
763 471 1
11 472 4
179 473 1
238 473 1
315 473 1
710 473 1
88 474 1
110 474 1
214 474 1
459 474 1
77 475 2
102 475 1
311 475 1
301 476 1
357 476 1
281 477 1
408 477 1
410 477 1
688 477 1
271 478 1
421 478 1
449 478 1
497 478 1
731 478 1
529 479 1
766 479 1
767 479 1
768 479 1
218 480 1
416 480 1
551 480 1
52 481 1
420 481 1
232 482 1
514 482 1
576 482 1
577 482 1
38 483 1
100 483 1
242 483 1
266 483 1
43 484 1
88 484 1
214 484 1
293 484 1
40 485 1
360 485 1
389 485 1
307 486 1
662 486 1
663 486 1
664 486 1
132 487 1
348 487 1
395 487 1
526 488 1
554 488 1
726 488 1
727 488 1
117 489 1
164 489 1
125 490 1
269 490 1
39 491 1
433 491 1
43 492 1
228 492 1
706 492 1
18 493 1
111 493 1
191 493 1
53 494 1
82 494 1
167 494 1
375 494 1
72 495 1
302 495 1
81 496 1
177 496 2
319 496 1
461 496 2
449 497 1
478 497 1
731 497 1
374 498 1
563 498 1
564 498 1
350 499 1
590 499 1
591 499 1
106 500 1
341 500 1
638 501 1
181 502 1
183 502 1
172 503 1
304 503 1
324 503 1
689 504 1
690 504 1
288 505 1
385 505 1
506 505 1
288 506 1
385 506 1
505 506 1
194 507 1
349 508 1
382 508 1
515 508 1
712 509 1
23 510 1
231 511 2
255 511 1
677 511 1
303 512 2
613 512 1
675 512 1
676 512 1
198 513 2
680 513 2
682 513 1
232 514 1
482 514 1
576 514 1
577 514 1
349 515 1
382 515 1
508 515 1
38 516 1
236 516 1
401 517 1
525 517 1
224 518 1
231 518 1
562 518 1
23 519 1
314 519 1
373 519 1
404 520 1
448 520 1
331 521 1
140 522 1
549 522 1
653 523 1
654 523 1
417 524 1
696 524 1
517 525 1
488 526 1
554 526 1
726 526 1
727 526 1
528 527 1
527 528 1
479 529 1
766 529 1
767 529 1
768 529 1
75 530 1
77 530 1
222 530 1
462 530 1
609 531 1
612 531 1
645 531 1
646 531 1
647 531 1
54 532 1
111 532 1
241 532 1
66 533 1
697 533 1
406 534 1
546 534 1
629 534 1
8 535 1
15 535 1
180 535 1
536 535 1
709 535 1
8 536 1
15 536 1
180 536 1
535 536 1
709 536 1
131 537 1
702 537 1
203 538 1
659 539 1
660 539 1
358 540 1
346 541 1
721 541 1
213 542 1
555 543 1
556 543 1
755 543 1
26 544 1
138 544 1
217 544 1
194 545 1
406 546 2
407 546 1
534 546 1
629 546 2
630 546 1
411 547 2
464 547 2
752 547 1
753 547 1
135 548 2
136 548 1
550 548 1
670 548 1
140 549 1
522 549 1
135 550 1
136 550 1
548 550 1
218 551 1
416 551 1
480 551 1
133 552 1
157 553 1
488 554 1
526 554 1
726 554 1
727 554 1
543 555 1
556 555 1
755 555 1
543 556 1
555 556 1
755 556 1
171 557 1
276 557 1
393 558 1
395 558 1
618 558 1
289 559 1
368 560 1
469 560 1
83 561 1
657 561 1
224 562 1
231 562 1
518 562 1
374 563 1
498 563 1
564 563 1
374 564 1
498 564 1
563 564 1
178 565 1
179 565 1
409 566 1
568 567 1
567 568 1
328 569 1
337 569 1
14 570 1
292 571 1
307 572 1
573 572 1
574 572 1
307 573 1
572 573 1
574 573 1
307 574 1
572 574 1
573 574 1
576 575 1
577 575 1
232 576 1
482 576 1
514 576 1
575 576 1
577 576 2
232 577 1
482 577 1
514 577 1
575 577 1
576 577 2
68 578 1
119 578 1
579 578 1
68 579 1
119 579 1
578 579 1
581 580 1
580 581 1
175 582 1
297 582 1
369 582 1
192 583 1
407 583 1
21 584 1
152 584 1
169 584 1
235 585 1
366 585 1
588 586 1
47 587 1
586 588 1
16 589 1
105 589 1
178 589 1
179 589 1
315 589 1
350 590 1
499 590 1
591 590 1
350 591 1
499 591 1
590 591 1
129 592 1
322 593 1
594 593 1
322 594 1
593 594 1
58 595 1
596 595 1
58 596 1
595 596 1
59 597 1
388 597 1
153 598 1
274 598 1
316 598 1
176 599 1
325 599 4
346 599 2
666 599 1
46 600 1
331 601 1
449 601 1
246 602 1
95 603 1
379 603 1
300 604 1
318 604 1
124 605 1
50 606 1
330 606 1
360 606 1
389 606 1
65 607 1
309 607 1
12 608 1
68 608 1
151 608 1
386 608 1
531 609 1
610 609 1
611 609 1
612 609 2
645 609 1
646 609 1
647 609 1
609 610 1
611 610 1
612 610 1
609 611 1
610 611 1
612 611 1
531 612 1
609 612 2
610 612 1
611 612 1
645 612 1
646 612 1
647 612 1
303 613 1
512 613 1
615 614 1
614 615 1
360 616 1
361 616 1
620 617 1
393 618 1
395 618 1
558 618 1
291 619 1
617 620 1
130 621 1
622 621 1
130 622 1
621 622 1
351 623 1
624 623 1
625 623 1
626 623 1
627 623 1
351 624 1
623 624 1
625 624 1
626 624 1
627 624 1
351 625 1
623 625 1
624 625 1
626 625 1
627 625 1
351 626 1
623 626 1
624 626 1
625 626 1
627 626 1
351 627 1
623 627 1
624 627 1
625 627 1
626 627 1
224 628 1
396 628 1
397 628 1
406 629 2
407 629 1
534 629 1
546 629 2
630 629 1
406 630 1
407 630 1
546 630 1
629 630 1
632 631 1
633 631 1
631 632 1
633 632 1
631 633 1
632 633 1
154 634 1
636 635 1
635 636 1
31 637 1
501 638 1
36 639 1
426 639 1
189 640 1
312 640 1
33 641 1
436 641 1
89 642 1
643 642 1
644 642 1
89 643 1
642 643 1
644 643 1
89 644 1
642 644 1
643 644 1
531 645 1
609 645 1
612 645 1
646 645 1
647 645 1
531 646 1
609 646 1
612 646 1
645 646 1
647 646 1
531 647 1
609 647 1
612 647 1
645 647 1
646 647 1
329 648 1
649 648 1
650 648 1
651 648 1
652 648 1
329 649 1
648 649 1
650 649 1
651 649 1
652 649 1
329 650 1
648 650 1
649 650 1
651 650 1
652 650 1
329 651 1
648 651 1
649 651 1
650 651 1
652 651 1
329 652 1
648 652 1
649 652 1
650 652 1
651 652 1
728 652 1
729 652 1
730 652 1
523 653 1
654 653 1
523 654 1
653 654 1
715 654 1
716 654 1
717 654 1
164 655 1
366 656 1
83 657 1
561 657 1
201 658 1
539 659 1
660 659 1
539 660 1
659 660 1
194 661 1
307 662 1
486 662 1
663 662 1
664 662 1
307 663 1
486 663 1
662 663 1
664 663 1
307 664 1
486 664 1
662 664 1
663 664 1
174 665 1
176 666 1
325 666 1
599 666 1
390 667 1
224 668 1
372 668 1
120 669 1
196 669 1
135 670 1
548 670 1
44 671 1
60 671 1
118 671 1
673 672 1
672 673 1
374 674 1
303 675 1
512 675 1
676 675 1
303 676 1
512 676 1
675 676 1
231 677 1
255 677 1
511 677 1
27 678 1
679 678 1
27 679 1
678 679 1
198 680 2
513 680 2
682 680 1
286 681 1
198 682 1
513 682 1
680 682 1
375 683 1
444 683 1
685 684 1
686 684 1
684 685 1
686 685 1
684 686 1
685 686 1
350 687 1
451 687 1
281 688 1
408 688 1
410 688 1
477 688 1
504 689 1
690 689 1
504 690 1
689 690 1
438 691 1
692 691 1
438 692 2
691 692 1
84 693 2
294 693 2
694 693 1
84 694 1
294 694 1
693 694 1
394 695 1
395 695 1
417 696 1
524 696 1
66 697 1
533 697 1
50 698 1
389 698 1
435 698 1
446 698 1
364 699 1
700 699 1
364 700 1
699 700 1
22 701 1
99 701 1
195 701 1
131 702 1
537 702 1
10 703 1
180 703 1
247 703 1
261 703 1
704 703 1
10 704 1
180 704 1
247 704 1
261 704 1
703 704 1
244 705 1
43 706 1
228 706 1
492 706 1
79 707 1
111 707 1
241 707 1
51 708 1
8 709 1
15 709 1
180 709 1
535 709 1
536 709 1
179 710 1
238 710 1
315 710 1
473 710 1
162 711 1
239 711 1
279 711 1
509 712 1
5 713 1
91 713 1
356 713 1
376 714 1
432 714 1
654 715 1
716 715 1
717 715 1
654 716 1
715 716 1
717 716 1
654 717 1
715 717 1
716 717 1
170 718 1
27 719 1
73 719 1
220 719 1
221 719 1
254 719 1
256 719 1
468 719 1
321 720 1
346 721 1
541 721 1
338 722 1
391 722 1
20 723 1
137 723 1
193 723 1
387 723 1
724 723 1
20 724 1
137 724 1
193 724 1
387 724 1
723 724 1
11 725 1
17 725 1
488 726 1
526 726 1
554 726 1
727 726 1
488 727 1
526 727 1
554 727 1
726 727 1
652 728 1
729 728 1
730 728 1
652 729 1
728 729 1
730 729 1
652 730 1
728 730 1
729 730 1
212 731 1
449 731 1
478 731 1
497 731 1
735 731 1
736 731 1
143 732 1
70 733 1
223 733 1
267 733 1
734 733 1
70 734 1
223 734 1
267 734 1
733 734 1
212 735 1
731 735 1
736 735 1
212 736 1
731 736 1
735 736 1
154 737 1
739 738 1
738 739 1
741 740 1
742 740 1
743 740 1
744 740 1
745 740 1
746 740 1
740 741 1
742 741 1
743 741 1
744 741 1
745 741 1
746 741 1
740 742 1
741 742 1
743 742 1
744 742 1
745 742 1
746 742 1
740 743 1
741 743 1
742 743 1
744 743 1
745 743 1
746 743 1
740 744 1
741 744 1
742 744 1
743 744 1
745 744 1
746 744 1
740 745 1
741 745 1
742 745 1
743 745 1
744 745 1
746 745 1
740 746 1
741 746 1
742 746 1
743 746 1
744 746 1
745 746 1
748 747 1
749 747 1
750 747 1
751 747 1
747 748 1
749 748 1
750 748 1
751 748 1
747 749 1
748 749 1
750 749 1
751 749 1
747 750 1
748 750 1
749 750 1
751 750 1
747 751 1
748 751 1
749 751 1
750 751 1
411 752 1
464 752 1
547 752 1
753 752 1
411 753 1
464 753 1
547 753 1
752 753 1
427 754 1
543 755 1
555 755 1
556 755 1
382 756 1
757 756 1
758 756 1
382 757 1
756 757 1
758 757 1
382 758 1
756 758 1
757 758 1
343 759 1
371 759 1
165 760 1
199 760 1
761 760 1
165 761 1
199 761 1
760 761 1
382 762 1
326 763 1
347 763 1
471 763 1
226 764 1
284 765 1
285 765 1
479 766 1
529 766 1
767 766 1
768 766 1
479 767 1
529 767 1
766 767 1
768 767 1
479 768 1
529 768 1
766 768 1
767 768 1
