1257 1 1
4 2 2
12 2 1
13 2 3
29 2 1
66 2 1
94 2 1
143 2 1
175 2 3
176 2 1
206 2 1
211 2 2
220 2 3
472 2 3
473 2 2
578 2 1
1095 2 1
1112 2 1
1173 2 1
41 3 1
44 3 1
49 3 2
61 3 1
65 3 1
586 3 2
821 3 1
985 3 2
2 4 2
6 4 1
29 4 1
163 4 1
351 4 1
470 4 1
624 4 1
752 4 1
761 4 1
878 4 1
1447 4 1
30 5 1
57 5 1
72 5 1
119 5 1
128 5 1
354 5 1
356 5 1
357 5 1
358 5 1
1306 5 1
4 6 1
134 7 1
544 7 1
1410 7 1
9 8 2
124 8 1
155 8 1
174 8 1
672 8 1
8 9 2
124 9 1
155 9 1
174 9 1
672 9 1
619 10 1
227 11 1
384 11 1
444 11 1
2 12 1
13 12 1
175 12 1
176 12 1
1148 12 1
2 13 3
12 13 1
175 13 3
176 13 1
220 13 2
472 13 2
473 13 2
36 14 1
409 14 1
471 14 3
1168 14 1
1169 14 1
1191 14 1
17 15 1
18 15 2
47 15 1
102 15 1
136 15 1
173 15 1
210 15 1
238 15 1
1481 15 1
21 16 1
47 16 1
110 16 1
143 16 1
153 16 1
564 16 1
1433 16 1
15 17 1
47 17 1
102 17 1
15 18 2
20 18 1
24 18 1
28 18 1
38 18 1
55 18 1
60 18 1
107 18 2
133 18 3
165 18 2
173 18 1
187 18 2
205 18 1
210 18 1
238 18 1
271 18 1
510 18 1
130 19 1
245 19 1
277 19 2
327 19 1
328 19 1
479 19 2
1135 19 2
1149 19 3
18 20 1
16 21 1
143 21 1
153 21 1
1433 21 1
23 22 1
33 22 1
22 23 1
32 23 1
33 23 3
40 23 1
47 23 1
113 23 1
114 23 1
115 23 1
168 23 1
693 23 1
861 23 1
1083 23 1
18 24 1
59 24 1
60 24 1
87 24 1
97 24 1
100 24 2
138 24 1
169 24 1
177 24 3
178 24 1
190 24 1
540 24 1
585 24 3
1102 24 1
1212 24 1
140 25 1
141 25 1
511 25 1
84 26 1
86 26 1
58 27 1
97 27 2
111 27 1
132 27 1
135 27 1
152 27 1
164 27 1
184 27 3
531 27 1
570 27 1
571 27 1
575 27 1
643 27 1
644 27 1
1391 27 1
1392 27 1
1393 27 1
1408 27 1
1409 27 1
18 28 1
55 28 1
205 28 1
336 28 1
526 28 1
1469 28 1
2 29 1
4 29 1
5 30 1
41 30 1
85 30 1
134 30 1
153 30 1
156 30 1
204 30 2
239 30 1
240 30 1
283 30 1
339 30 1
393 30 1
420 30 1
547 30 1
562 30 1
629 30 1
798 30 1
805 30 1
825 30 1
865 30 1
949 30 1
980 30 1
1033 30 1
54 31 1
153 31 1
536 31 1
23 32 1
114 32 1
22 33 1
23 33 3
168 33 1
693 33 1
228 34 1
719 34 1
46 35 1
70 35 1
933 35 1
14 36 1
471 36 1
1168 36 1
862 37 1
864 37 1
966 37 1
18 38 1
133 38 1
76 39 2
565 39 2
669 39 1
23 40 1
113 40 1
1421 40 1
1422 40 1
3 41 1
30 41 1
61 41 1
65 41 2
629 41 1
749 41 1
949 41 1
113 42 1
702 42 1
874 42 1
875 42 1
321 43 1
945 43 1
946 43 3
961 43 1
965 43 1
1337 43 1
1338 43 1
1339 43 1
1340 43 1
1424 43 1
3 44 1
49 44 1
586 44 1
985 44 1
70 45 1
72 45 1
87 45 1
145 45 2
1057 45 1
1065 45 1
35 46 1
153 46 1
290 46 1
933 46 1
15 47 1
16 47 1
17 47 1
23 47 1
57 47 1
102 47 1
110 47 1
466 47 1
564 47 2
861 47 1
593 48 1
3 49 2
44 49 1
586 49 2
821 49 1
985 49 2
51 50 1
50 51 1
199 51 1
583 51 1
1491 52 1
1492 52 1
349 53 1
417 53 1
435 53 1
436 53 1
440 53 2
632 53 1
31 54 1
153 54 1
18 55 1
28 55 1
205 55 1
215 55 1
350 55 1
79 56 1
99 56 1
292 56 1
628 56 1
5 57 1
47 57 1
119 57 1
128 57 1
251 57 1
466 57 1
564 57 1
742 57 1
853 57 1
854 57 1
951 57 1
1435 57 1
27 58 1
97 58 1
132 58 1
24 59 1
169 59 1
177 59 1
540 59 1
585 59 1
18 60 1
24 60 1
3 61 1
41 61 1
65 61 1
134 62 1
153 62 1
295 62 1
1072 62 1
217 63 1
1174 63 1
154 64 1
351 64 1
545 64 1
3 65 1
41 65 2
61 65 1
151 65 1
566 65 2
749 65 1
2 66 1
211 66 1
1112 66 1
301 67 1
545 67 1
982 67 1
923 68 1
953 68 1
1017 68 1
1018 68 1
1019 68 1
1180 68 1
922 69 1
35 70 1
45 70 1
72 70 1
776 70 1
1065 70 1
785 71 1
1213 71 1
1214 71 1
1215 71 1
5 72 1
45 72 1
70 72 1
247 72 1
277 72 1
354 72 1
427 72 1
594 72 1
613 72 1
800 72 1
1001 72 1
1065 72 1
447 73 2
448 73 1
1016 73 1
531 74 1
535 74 1
609 74 1
636 74 1
642 74 1
643 74 1
644 74 1
76 75 1
39 76 2
75 76 1
470 76 1
565 76 2
606 76 1
669 76 1
701 76 1
757 76 1
921 76 1
922 76 2
934 76 3
960 76 2
993 76 4
1353 76 1
1354 76 1
1355 76 1
1356 76 1
1367 77 1
96 78 1
245 78 1
282 78 1
557 78 1
754 78 1
756 78 1
837 78 1
872 78 1
1151 78 1
1187 78 1
1449 78 1
1450 78 1
56 79 1
99 79 1
376 79 1
543 79 1
258 80 1
259 80 1
674 80 1
149 81 1
261 81 1
262 81 1
255 82 1
836 82 1
1026 82 1
342 83 2
26 84 1
86 84 1
159 84 3
244 84 1
246 84 1
466 84 1
558 84 1
1396 84 1
30 85 1
105 85 1
129 85 1
204 85 1
240 85 1
422 85 1
562 85 1
26 86 1
84 86 1
24 87 1
45 87 1
100 87 1
145 87 1
177 87 1
178 87 1
190 87 1
585 87 1
364 88 1
478 88 1
528 88 1
219 89 1
267 89 1
919 89 1
91 90 1
90 91 1
126 92 1
229 93 1
670 93 1
671 93 1
2 94 1
578 94 1
364 95 1
528 95 1
78 96 1
245 96 1
807 96 1
1097 96 1
1098 96 1
24 97 1
27 97 2
58 97 1
132 97 2
138 97 1
182 97 1
183 97 1
575 97 1
1391 97 1
1392 97 1
1393 97 1
1494 98 1
56 99 1
79 99 1
24 100 2
87 100 1
177 100 2
178 100 1
190 100 1
585 100 2
533 101 1
772 101 1
15 102 1
17 102 1
47 102 1
225 103 1
567 103 1
1007 103 1
1034 103 1
1035 103 1
105 104 1
106 104 1
146 104 1
85 105 1
104 105 1
106 105 1
129 105 1
146 105 1
204 105 1
422 105 1
104 106 1
105 106 1
146 106 1
18 107 2
111 107 2
133 107 2
139 107 1
165 107 3
170 107 1
187 107 3
197 107 1
454 107 1
551 107 2
552 107 3
648 107 1
649 107 1
1129 107 1
1345 107 1
1413 107 1
111 108 1
150 108 1
233 108 3
166 109 2
167 109 2
519 109 2
16 110 1
47 110 1
564 110 1
808 110 1
984 110 1
27 111 1
107 111 2
108 111 1
127 111 1
139 111 1
164 111 1
184 111 1
233 111 1
387 111 1
511 111 1
570 111 1
571 111 1
920 111 1
1129 111 1
1413 111 1
418 112 1
23 113 1
40 113 1
42 113 1
702 113 1
874 113 1
875 113 1
23 114 1
32 114 1
23 115 1
168 115 1
383 116 1
1456 116 1
1457 116 1
1458 116 1
1043 117 1
1300 117 1
1358 117 1
271 118 2
682 118 1
5 119 1
57 119 1
128 119 1
179 120 1
425 120 1
686 120 1
687 120 1
1188 120 1
283 121 1
284 121 1
123 122 1
346 122 1
1054 122 1
122 123 1
346 123 1
1054 123 1
8 124 1
9 124 1
252 124 1
1312 124 1
1313 124 1
839 125 1
973 125 1
1190 125 1
92 126 1
244 126 1
275 126 1
279 126 1
280 126 1
338 126 2
457 126 1
459 126 1
460 126 1
515 126 1
554 126 1
608 126 1
708 126 1
735 126 1
794 126 1
851 126 3
886 126 1
900 126 1
952 126 1
991 126 1
1021 126 1
1038 126 1
1046 126 2
1275 126 1
1455 126 1
111 127 1
920 127 1
5 128 1
57 128 1
119 128 1
85 129 1
105 129 1
422 129 1
19 130 1
221 131 1
263 131 1
568 131 1
27 132 1
58 132 1
97 132 2
182 132 1
183 132 1
18 133 3
38 133 1
107 133 2
137 133 1
165 133 2
187 133 2
487 133 1
942 133 1
7 134 1
30 134 1
62 134 1
153 134 2
283 134 2
295 134 1
544 134 1
811 134 1
1072 134 1
1277 134 1
1410 134 1
27 135 1
531 135 1
643 135 1
644 135 1
15 136 1
1481 136 1
133 137 1
487 137 1
942 137 1
24 138 1
97 138 1
107 139 1
111 139 1
1129 139 1
1413 139 1
25 140 1
141 140 1
511 140 1
25 141 1
140 141 1
511 141 1
143 142 3
158 142 2
254 142 1
256 142 1
572 142 1
1368 142 1
1420 142 1
2 143 1
16 143 1
21 143 1
142 143 3
153 143 1
158 143 2
206 143 1
254 143 1
256 143 1
537 143 1
572 143 1
936 143 1
1095 143 1
1368 143 1
1420 143 1
1433 143 1
610 144 1
611 144 1
950 144 1
45 145 2
87 145 1
1057 145 1
104 146 1
105 146 1
106 146 1
587 147 1
241 148 1
285 148 1
286 148 1
287 148 1
293 148 1
617 148 1
762 148 1
81 149 1
108 150 1
233 150 1
65 151 1
437 151 1
438 151 1
439 151 2
455 151 1
566 151 1
883 151 1
960 151 1
998 151 2
1437 151 1
27 152 1
16 153 1
21 153 1
30 153 1
31 153 1
46 153 1
54 153 1
62 153 1
134 153 2
143 153 1
283 153 2
290 153 1
295 153 1
784 153 1
1072 153 1
1433 153 1
64 154 1
8 155 1
9 155 1
174 155 1
672 155 1
30 156 1
200 157 1
1394 157 1
142 158 2
143 158 2
254 158 1
1368 158 1
1420 158 1
84 159 3
244 159 1
246 159 1
466 159 1
558 159 1
1396 159 1
770 160 1
1076 160 1
1077 160 1
162 161 2
163 161 2
935 161 1
161 162 2
163 162 2
935 162 1
4 163 1
161 163 2
162 163 2
266 163 1
267 163 2
338 163 1
351 163 1
392 163 1
430 163 1
470 163 1
621 163 1
624 163 1
627 163 1
730 163 1
743 163 1
752 163 1
761 163 1
788 163 1
796 163 1
838 163 1
878 163 1
935 163 1
1013 163 1
1024 163 1
1447 163 1
27 164 1
111 164 1
184 164 1
570 164 1
571 164 1
18 165 2
107 165 3
133 165 2
187 165 2
551 165 1
552 165 1
109 166 2
167 166 3
519 166 2
1480 166 1
109 167 2
166 167 3
519 167 2
1480 167 1
23 168 1
33 168 1
115 168 1
693 168 1
24 169 1
59 169 1
177 169 1
540 169 1
585 169 1
107 170 1
186 170 1
272 170 1
450 170 1
451 170 1
549 170 3
648 170 1
649 170 1
658 170 1
968 170 1
1387 170 1
758 171 1
336 172 1
15 173 1
18 173 1
8 174 1
9 174 1
155 174 1
672 174 1
2 175 3
12 175 1
13 175 3
176 175 1
220 175 2
472 175 2
473 175 2
2 176 1
12 176 1
13 176 1
175 176 1
24 177 3
59 177 1
87 177 1
100 177 2
169 177 1
178 177 1
190 177 1
540 177 1
585 177 3
24 178 1
87 178 1
100 178 1
177 178 1
190 178 1
585 178 1
120 179 1
425 179 1
686 179 1
687 179 1
1188 179 1
181 180 1
180 181 1
97 182 1
132 182 1
183 182 1
97 183 1
132 183 1
182 183 1
27 184 3
111 184 1
164 184 1
570 184 1
571 184 1
1408 184 1
1409 184 1
620 185 2
726 185 1
1096 185 1
1255 185 1
170 186 1
658 186 1
968 186 1
18 187 2
107 187 3
133 187 2
165 187 2
505 188 1
401 189 1
424 189 1
1048 189 1
1415 189 1
1416 189 1
24 190 1
87 190 1
100 190 1
177 190 1
178 190 1
585 190 1
1104 191 3
1108 191 1
1285 191 1
297 192 1
1359 192 1
1360 192 1
676 193 1
1464 193 1
1465 193 1
1466 193 1
195 194 1
196 194 1
550 194 1
194 195 1
196 195 1
550 195 1
194 196 1
195 196 1
550 196 1
107 197 1
552 197 1
199 198 1
583 198 1
51 199 1
198 199 1
583 199 2
1451 199 1
1452 199 1
157 200 1
1394 200 1
1086 201 1
1087 201 1
1207 201 1
249 202 1
466 202 1
564 202 1
624 202 1
626 202 1
752 202 1
778 202 1
835 202 1
274 203 1
30 204 2
85 204 1
105 204 1
239 204 1
240 204 1
269 204 1
431 204 1
547 204 1
562 204 1
653 204 1
18 205 1
28 205 1
55 205 1
2 206 1
143 206 1
1095 206 1
208 207 1
209 207 2
1493 207 1
207 208 1
209 208 1
207 209 2
208 209 1
390 209 1
1493 209 1
15 210 1
18 210 1
223 210 1
224 210 1
238 210 1
726 210 1
1444 210 1
2 211 2
66 211 1
220 211 1
472 211 1
1112 211 1
1173 211 1
213 212 1
214 212 1
212 213 1
214 213 2
425 213 1
477 213 1
765 213 1
983 213 2
996 213 1
1085 213 2
1121 213 1
212 214 1
213 214 2
476 214 1
765 214 1
786 214 1
852 214 1
864 214 1
983 214 1
1078 214 1
1085 214 1
55 215 1
350 215 1
546 216 1
1090 216 1
63 217 1
1174 217 1
340 218 1
579 218 1
704 218 1
1497 218 1
1498 218 1
1499 218 1
89 219 1
267 219 1
919 219 1
2 220 3
13 220 2
175 220 2
211 220 1
472 220 3
473 220 2
1173 220 1
131 221 1
263 221 1
568 221 1
529 222 1
967 222 1
1094 222 1
210 223 1
224 223 1
726 223 1
1444 223 1
210 224 1
223 224 1
726 224 1
1444 224 1
103 225 1
347 225 1
399 225 1
567 225 2
569 225 1
779 225 1
1007 225 1
1032 225 1
1034 225 3
1035 225 1
1080 225 1
1236 225 1
1237 225 1
1269 225 1
1381 225 1
1382 225 1
1490 225 1
885 226 1
1276 226 1
11 227 1
384 227 1
444 227 2
1264 227 1
34 228 1
719 228 1
93 229 1
670 229 1
671 229 1
445 230 1
446 230 1
1318 231 1
360 232 1
471 232 1
108 233 3
111 233 1
150 233 1
1209 234 1
1210 234 1
1192 235 1
1193 235 1
298 236 1
679 236 1
695 236 1
817 236 1
892 236 1
987 236 1
1294 236 1
1295 236 1
1296 236 1
1297 236 1
712 237 1
732 237 1
15 238 1
18 238 1
210 238 1
30 239 1
204 239 1
491 239 1
532 239 1
547 239 1
681 239 1
970 239 1
995 239 1
1126 239 1
1127 239 1
1128 239 1
1431 239 1
1432 239 1
30 240 1
85 240 1
204 240 1
562 240 1
148 241 1
285 241 1
286 241 1
287 241 1
293 241 1
617 241 1
762 241 1
315 242 1
1051 242 1
1052 242 1
1053 242 1
497 243 1
84 244 1
126 244 1
159 244 1
246 244 1
279 244 1
280 244 1
338 244 1
558 244 1
708 244 1
900 244 1
19 245 1
78 245 1
96 245 1
277 245 1
349 245 1
417 245 1
1116 245 1
84 246 1
159 246 1
244 246 1
558 246 1
72 247 1
427 247 1
266 248 1
202 249 1
731 249 1
316 250 1
656 250 1
882 250 1
981 250 2
1070 250 1
1380 250 2
57 251 1
742 251 1
124 252 1
1312 252 1
1313 252 1
402 253 1
1363 253 1
142 254 1
143 254 1
158 254 1
1420 254 1
82 255 1
407 255 1
820 255 1
142 256 1
143 256 1
572 256 1
1030 257 1
1323 257 1
80 258 1
259 258 1
674 258 1
80 259 1
258 259 1
674 259 1
546 260 1
963 260 2
81 261 1
262 261 1
81 262 1
261 262 1
131 263 1
221 263 1
568 263 1
403 264 1
484 264 1
485 264 1
486 264 1
660 264 1
813 264 1
1028 264 1
1462 264 1
294 265 1
332 265 1
668 265 1
163 266 1
248 266 1
267 266 2
788 266 1
796 266 1
1013 266 1
1024 266 1
1143 266 1
89 267 1
163 267 2
219 267 1
266 267 2
278 267 1
305 267 1
392 267 1
396 267 1
576 267 1
627 267 1
631 267 1
726 267 1
729 267 1
730 267 1
743 267 1
788 267 1
796 267 1
838 267 1
919 267 1
972 267 1
1013 267 1
1024 267 1
1143 267 1
1144 267 1
770 268 1
956 268 1
204 269 1
431 269 1
459 269 1
555 269 1
653 269 1
802 270 1
969 270 1
1110 270 1
18 271 1
118 271 2
510 271 1
682 271 1
714 271 1
170 272 1
450 272 1
451 272 1
1387 272 1
799 273 1
1229 273 1
203 274 1
126 275 1
459 275 1
460 275 1
461 275 1
1113 275 1
291 276 1
470 276 1
493 276 1
563 276 1
702 276 1
756 276 1
766 276 1
19 277 2
72 277 1
245 277 1
613 277 1
1149 277 1
267 278 1
576 278 1
126 279 1
244 279 1
280 279 8
329 279 1
337 279 1
338 279 1
423 279 1
708 279 1
724 279 1
880 279 1
900 279 1
917 279 1
994 279 1
1361 279 1
1362 279 1
126 280 1
244 280 1
279 280 8
329 280 1
337 280 1
338 280 1
423 280 1
708 280 1
724 280 1
880 280 1
900 280 1
917 280 1
994 280 1
1361 280 1
1362 280 1
282 281 1
910 281 2
911 281 1
78 282 1
281 282 1
607 282 1
766 282 1
910 282 1
1187 282 1
30 283 1
121 283 1
134 283 2
153 283 2
284 283 1
784 283 1
811 283 1
121 284 1
283 284 1
148 285 1
241 285 1
286 285 1
287 285 1
293 285 1
617 285 1
762 285 1
148 286 1
241 286 1
285 286 1
287 286 1
293 286 1
617 286 1
762 286 1
148 287 1
241 287 1
285 287 1
286 287 1
293 287 1
617 287 1
736 287 1
762 287 1
896 287 1
1074 288 1
1075 288 1
1256 288 1
291 289 1
787 289 1
46 290 1
153 290 1
276 291 1
289 291 1
470 291 1
492 291 1
493 291 2
563 291 1
702 291 1
756 291 1
766 291 1
787 291 1
1389 291 1
56 292 1
628 292 2
148 293 1
241 293 1
285 293 1
286 293 1
287 293 1
617 293 1
762 293 1
265 294 1
332 294 1
668 294 1
62 295 1
134 295 1
153 295 1
315 295 1
318 295 1
392 295 1
713 295 1
718 295 3
739 295 1
828 295 1
1072 295 2
1155 295 1
1279 295 1
1280 295 1
1434 295 1
1101 296 1
1327 296 1
192 297 1
1359 297 1
1360 297 1
236 298 1
679 298 1
695 298 1
817 298 1
892 298 1
987 298 1
1294 298 1
1295 298 1
1296 298 1
1297 298 1
372 299 1
659 299 1
796 300 1
897 300 1
998 300 1
1036 300 1
1037 300 1
1211 300 1
1366 300 1
67 301 1
545 301 1
982 301 1
303 302 1
763 302 1
302 303 1
312 303 2
763 303 1
876 303 2
877 303 1
349 304 1
506 304 1
267 305 1
309 305 1
369 305 1
489 305 1
490 305 1
622 305 1
631 305 2
669 305 1
898 305 1
1012 305 1
1044 305 1
1050 305 1
330 306 1
341 306 1
1258 306 1
1259 306 1
344 307 1
398 308 1
416 308 1
452 308 1
453 308 1
1359 308 1
1386 308 1
305 309 1
898 309 1
1050 309 1
311 310 1
401 310 1
458 310 1
812 310 1
310 311 1
426 311 1
812 311 1
887 311 1
303 312 2
678 312 1
876 312 3
877 312 1
1141 312 1
1142 312 1
781 313 1
962 314 1
242 315 1
295 315 1
884 315 1
1051 315 2
1052 315 1
1053 315 2
1274 315 1
1279 315 1
1280 315 1
250 316 1
530 316 1
656 316 1
882 316 2
981 316 1
1380 316 1
1399 316 1
1468 316 1
641 317 1
684 317 1
685 317 2
929 317 1
295 318 1
319 318 1
320 318 1
713 318 1
739 318 1
318 319 1
320 319 1
318 320 1
319 320 1
43 321 1
348 322 1
832 322 2
833 322 2
414 323 1
822 323 1
1157 323 1
600 324 1
903 325 1
904 325 1
1333 325 1
379 326 1
545 326 1
1138 326 1
19 327 1
328 327 2
479 327 1
1135 327 1
1149 327 1
19 328 1
327 328 2
479 328 1
1135 328 1
1149 328 1
279 329 1
280 329 1
423 329 1
1361 329 1
1362 329 1
306 330 1
341 330 1
487 331 1
518 331 1
791 331 1
1243 331 1
1260 331 1
265 332 1
294 332 1
668 332 1
1220 332 1
334 333 1
333 334 1
719 334 1
761 334 1
959 335 1
28 336 1
172 336 1
526 336 1
1469 336 1
279 337 1
280 337 1
126 338 2
163 338 1
244 338 1
279 338 1
280 338 1
599 338 1
621 338 1
708 338 2
735 338 1
900 338 1
1448 338 1
30 339 1
825 339 1
218 340 1
579 340 1
704 340 1
1497 340 1
1498 340 1
1499 340 1
306 341 1
330 341 1
83 342 2
625 343 1
856 343 1
1218 343 1
1219 343 1
307 344 1
1092 345 1
122 346 1
123 346 1
1054 346 1
225 347 1
399 347 1
1236 347 1
1237 347 1
322 348 1
374 348 1
375 348 1
462 348 1
633 348 1
832 348 1
833 348 1
53 349 1
245 349 1
304 349 1
368 349 2
417 349 5
440 349 2
506 349 1
646 349 1
647 349 1
1116 349 1
55 350 1
215 350 1
4 351 1
64 351 1
163 351 1
470 351 1
545 351 1
589 351 1
624 351 1
752 351 1
761 351 1
878 351 1
960 351 1
1114 351 1
1371 351 1
1447 351 1
873 352 1
1463 352 1
379 353 1
520 353 1
5 354 1
72 354 1
700 355 1
752 355 1
755 355 1
756 355 1
5 356 1
357 356 1
358 356 1
5 357 1
356 357 1
358 357 1
5 358 1
356 358 1
357 358 1
1278 359 1
232 360 1
471 360 1
616 361 1
948 361 1
363 362 1
362 363 1
1111 363 2
1477 363 1
88 364 1
95 364 1
478 364 1
528 364 2
366 365 1
365 366 1
391 367 1
538 367 1
661 367 1
1103 367 1
1385 367 1
349 368 2
417 368 2
440 368 1
305 369 1
1044 369 1
944 370 1
945 370 1
946 370 1
1341 370 1
1357 370 1
597 371 1
598 371 1
945 371 2
961 371 1
1405 371 1
1446 371 1
299 372 1
659 372 1
432 373 2
512 373 1
966 373 1
1131 373 1
348 374 1
375 374 1
462 374 1
633 374 1
348 375 1
374 375 1
462 375 1
633 375 1
79 376 1
378 377 1
623 377 1
377 378 1
602 378 2
603 378 1
623 378 1
635 378 1
326 379 1
353 379 1
520 379 1
545 379 1
716 379 1
717 379 1
1138 379 1
381 380 4
382 380 2
573 380 1
1369 380 2
1370 380 1
1419 380 1
380 381 4
382 381 2
573 381 1
1369 381 2
1370 381 1
1419 381 1
380 382 2
381 382 2
116 383 1
400 383 1
596 383 1
680 383 1
707 383 1
866 383 1
1014 383 1
1456 383 1
1457 383 1
1458 383 1
11 384 1
227 384 1
444 384 1
496 385 1
901 385 1
1467 385 1
890 386 1
891 386 1
1305 386 1
111 387 1
511 387 2
883 387 1
1049 387 1
1307 387 1
467 388 1
471 388 1
590 388 1
868 388 1
916 388 1
975 388 1
1056 389 2
1062 389 1
209 390 1
367 391 1
661 391 1
1385 391 1
1486 391 1
163 392 1
267 392 1
295 392 1
429 392 1
539 392 1
627 392 1
718 392 1
730 392 1
743 392 1
838 392 1
30 393 1
805 393 1
395 394 1
394 395 1
267 396 1
694 397 1
698 397 1
699 397 1
735 397 1
308 398 1
416 398 1
452 398 1
453 398 1
1359 398 1
1386 398 1
225 399 1
347 399 1
1236 399 1
1237 399 1
383 400 1
707 400 1
866 400 1
189 401 1
310 401 1
424 401 1
458 401 1
504 401 1
738 401 1
1048 401 1
1122 401 1
1124 401 1
1415 401 1
1416 401 1
253 402 1
1363 402 1
264 403 1
404 403 1
463 403 1
509 403 1
899 403 1
1228 403 1
1249 403 1
1250 403 1
403 404 1
899 404 1
1249 404 1
1250 404 1
1233 405 1
855 406 1
255 407 1
820 407 1
924 408 1
990 408 1
14 409 1
1191 409 1
411 410 1
728 410 1
1091 410 1
1170 410 1
1171 410 1
1172 410 1
410 411 1
662 411 1
728 411 3
768 411 1
797 411 1
881 411 1
1091 411 1
1170 411 1
1171 411 1
1172 411 1
1271 411 1
1459 411 1
1475 411 2
1476 411 1
428 412 1
504 412 1
514 412 1
563 412 1
720 412 1
756 412 1
947 412 1
732 413 1
790 413 1
323 414 1
822 414 1
1140 415 1
308 416 1
398 416 1
452 416 1
453 416 1
1359 416 1
1386 416 1
53 417 1
245 417 1
349 417 5
368 417 2
440 417 2
646 417 1
647 417 1
1116 417 1
112 418 1
844 419 1
30 420 1
798 420 1
1027 420 1
1322 420 1
1334 421 1
85 422 1
105 422 1
129 422 1
279 423 1
280 423 1
329 423 1
1361 423 1
1362 423 1
189 424 1
401 424 1
1048 424 1
1415 424 1
1416 424 1
120 425 1
179 425 1
213 425 1
477 425 1
686 425 1
687 425 1
996 425 1
1085 425 1
1188 425 1
311 426 1
887 426 1
72 427 1
247 427 1
412 428 1
504 428 1
514 428 1
563 428 1
720 428 1
756 428 1
947 428 1
392 429 1
539 429 1
163 430 1
204 431 1
269 431 1
653 431 1
373 432 2
512 432 1
1131 432 1
556 433 1
464 434 1
465 434 1
474 434 1
53 435 1
436 435 1
53 436 1
435 436 1
151 437 1
438 437 1
439 437 1
455 437 1
883 437 1
998 437 1
151 438 1
437 438 1
439 438 1
455 438 1
883 438 1
998 438 1
151 439 2
437 439 1
438 439 1
455 439 1
456 439 1
847 439 1
883 439 1
960 439 1
998 439 3
1024 439 1
1042 439 1
1109 439 1
1263 439 1
1332 439 1
1427 439 1
1437 439 1
53 440 2
349 440 2
368 440 1
417 440 2
632 440 1
1133 441 1
1441 441 1
1442 441 1
443 442 1
789 442 1
442 443 1
789 443 1
11 444 1
227 444 2
384 444 1
1082 444 1
1107 444 1
1264 444 1
1299 444 1
230 445 1
446 445 1
230 446 1
445 446 1
73 447 2
448 447 1
1016 447 1
73 448 1
447 448 1
521 449 2
834 449 1
1412 449 1
1445 449 1
170 450 1
272 450 1
451 450 1
1387 450 1
170 451 1
272 451 1
450 451 1
1387 451 1
308 452 1
398 452 1
416 452 1
453 452 1
1359 452 1
1386 452 1
308 453 1
398 453 1
416 453 1
452 453 1
1359 453 1
1386 453 1
107 454 1
1345 454 1
151 455 1
437 455 1
438 455 1
439 455 1
883 455 1
998 455 1
439 456 1
1024 456 1
1109 456 1
1332 456 1
126 457 1
515 457 1
991 457 1
1455 457 1
310 458 1
401 458 1
607 458 1
1272 458 1
126 459 1
269 459 1
275 459 1
460 459 1
555 459 1
126 460 1
275 460 1
459 460 1
275 461 1
1113 461 1
348 462 1
374 462 1
375 462 1
507 462 1
614 462 1
633 462 1
997 462 1
1436 462 1
403 463 1
509 463 1
1228 463 1
434 464 1
465 464 1
474 464 1
434 465 1
464 465 1
474 465 1
47 466 1
57 466 1
84 466 1
159 466 1
202 466 1
564 466 2
778 466 1
388 467 1
564 468 1
827 468 1
495 469 1
1479 469 1
4 470 1
76 470 1
163 470 1
276 470 1
291 470 1
351 470 1
493 470 1
563 470 1
624 470 1
701 470 1
702 470 1
734 470 1
752 470 1
756 470 1
761 470 1
766 470 1
806 470 1
848 470 1
849 470 1
878 470 1
921 470 1
922 470 1
930 470 1
931 470 1
932 470 1
993 470 1
1115 470 1
1352 470 1
1447 470 1
14 471 3
36 471 1
232 471 1
360 471 1
388 471 1
589 471 2
590 471 1
711 471 1
916 471 1
1064 471 2
1168 471 1
1169 471 1
2 472 3
13 472 2
175 472 2
211 472 1
220 472 3
473 472 2
1173 472 1
2 473 2
13 473 2
175 473 2
220 473 2
472 473 2
434 474 1
464 474 1
465 474 1
476 475 1
214 476 1
475 476 1
786 476 1
864 476 1
213 477 1
425 477 1
996 477 1
1085 477 1
88 478 1
364 478 1
528 478 1
19 479 2
327 479 1
328 479 1
516 479 1
517 479 1
1135 479 2
1149 479 2
1374 479 1
481 480 1
482 480 1
483 480 1
480 481 1
482 481 1
483 481 1
480 482 1
481 482 1
483 482 2
888 482 1
1079 482 1
480 483 1
481 483 1
482 483 2
1079 483 1
264 484 1
485 484 1
486 484 1
264 485 1
484 485 1
486 485 1
264 486 1
484 486 1
485 486 1
133 487 1
137 487 1
331 487 1
518 487 1
942 487 1
499 488 1
500 488 1
501 488 1
1403 488 1
1404 488 1
305 489 1
490 489 1
305 490 1
489 490 1
239 491 1
532 491 1
681 491 1
970 491 1
995 491 1
1126 491 1
1127 491 1
1128 491 1
1431 491 1
1432 491 1
291 492 1
493 492 2
559 492 1
560 492 1
561 492 1
1389 492 1
276 493 1
291 493 2
470 493 1
492 493 2
559 493 1
560 493 1
561 493 1
563 493 1
702 493 1
756 493 1
766 493 1
1389 493 1
719 494 1
757 494 1
954 494 1
469 495 1
1479 495 1
385 496 1
243 497 1
504 498 1
1319 498 1
488 499 1
500 499 1
501 499 1
1403 499 1
1404 499 1
488 500 1
499 500 1
501 500 1
1403 500 1
1404 500 1
488 501 1
499 501 1
500 501 1
1403 501 1
1404 501 1
1093 502 1
1230 502 1
1231 502 1
1232 502 1
504 503 1
738 503 1
1487 503 1
1488 503 1
401 504 1
412 504 1
428 504 1
498 504 1
503 504 1
514 504 1
563 504 1
720 504 1
738 504 2
756 504 1
947 504 1
1122 504 1
1124 504 1
1319 504 1
1487 504 1
1488 504 1
188 505 1
304 506 1
349 506 1
462 507 1
614 507 1
997 507 1
1436 507 1
719 508 1
978 508 1
403 509 1
463 509 1
1228 509 1
18 510 1
271 510 1
25 511 1
111 511 1
140 511 1
141 511 1
387 511 2
883 511 1
1049 511 1
373 512 1
432 512 1
1131 512 1
514 513 1
1058 513 1
1068 513 1
1453 513 1
412 514 1
428 514 1
504 514 1
513 514 1
563 514 1
720 514 1
756 514 1
937 514 1
938 514 1
939 514 1
940 514 1
947 514 1
1058 514 1
1068 514 1
1453 514 1
126 515 1
457 515 1
991 515 1
1455 515 1
479 516 1
517 516 1
1374 516 1
479 517 1
516 517 1
1374 517 1
331 518 1
487 518 1
109 519 2
166 519 2
167 519 2
353 520 1
379 520 1
449 521 2
834 521 1
1412 521 1
1445 521 1
523 522 2
524 522 2
525 522 2
522 523 2
524 523 2
525 523 2
522 524 2
523 524 2
525 524 2
522 525 2
523 525 2
524 525 2
28 526 1
336 526 1
1469 526 1
871 527 1
88 528 1
95 528 1
364 528 2
478 528 1
222 529 1
967 529 1
1094 529 1
316 530 1
27 531 1
74 531 1
135 531 1
636 531 1
643 531 2
644 531 2
239 532 1
491 532 1
681 532 1
970 532 1
995 532 1
1126 532 1
1127 532 1
1128 532 1
1431 532 1
1432 532 1
101 533 1
772 533 1
618 534 1
654 534 1
1438 534 1
74 535 1
609 535 2
642 535 2
31 536 1
143 537 1
936 537 1
367 538 1
1103 538 1
1281 538 1
1282 538 1
392 539 1
429 539 1
24 540 1
59 540 1
169 540 1
177 540 1
585 540 1
655 541 1
809 541 1
840 541 1
841 541 1
1308 541 1
546 542 1
812 542 1
928 542 2
1489 542 1
79 543 1
7 544 1
134 544 1
1410 544 1
64 545 1
67 545 1
301 545 1
326 545 1
351 545 1
379 545 1
926 545 1
982 545 1
1138 545 1
1454 545 1
216 546 1
260 546 1
542 546 1
928 546 1
963 546 1
1090 546 1
1489 546 1
30 547 1
204 547 1
239 547 1
739 548 1
1221 548 1
1222 548 1
170 549 3
194 550 1
195 550 1
196 550 1
107 551 2
165 551 1
552 551 2
107 552 3
165 552 1
197 552 1
551 552 2
1411 553 1
126 554 1
581 554 1
1046 554 1
269 555 1
459 555 1
433 556 1
78 557 1
752 557 1
753 557 1
754 557 1
755 557 1
756 557 1
831 557 1
1150 557 1
1151 557 1
84 558 1
159 558 1
244 558 1
246 558 1
492 559 1
493 559 1
560 559 1
561 559 1
492 560 1
493 560 1
559 560 1
561 560 2
1132 560 1
492 561 1
493 561 1
559 561 1
560 561 2
1132 561 1
30 562 1
85 562 1
204 562 1
240 562 1
276 563 1
291 563 1
412 563 1
428 563 1
470 563 1
493 563 1
504 563 1
514 563 1
577 563 1
590 563 1
688 563 1
689 563 1
690 563 1
691 563 1
702 563 1
720 563 1
754 563 1
756 563 2
766 563 1
947 563 1
1145 563 1
16 564 1
47 564 2
57 564 1
110 564 1
202 564 1
466 564 2
468 564 1
778 564 1
827 564 1
39 565 2
76 565 2
669 565 1
65 566 2
151 566 1
103 567 1
225 567 2
1007 567 1
1034 567 2
1035 567 1
1490 567 1
131 568 1
221 568 1
263 568 1
225 569 1
1034 569 1
1381 569 1
1382 569 1
27 570 1
111 570 1
164 570 1
184 570 1
571 570 1
27 571 1
111 571 1
164 571 1
184 571 1
570 571 1
142 572 1
143 572 1
256 572 1
380 573 1
381 573 1
1369 573 1
1370 573 1
740 574 1
1181 574 1
27 575 1
97 575 1
1391 575 1
1392 575 1
1393 575 1
267 576 1
278 576 1
563 577 1
688 577 1
689 577 1
690 577 1
691 577 1
2 578 1
94 578 1
218 579 1
340 579 1
704 579 1
1497 579 1
1498 579 1
1499 579 1
708 580 1
554 581 1
1238 582 2
1245 582 1
1246 582 1
1247 582 1
1248 582 1
51 583 1
198 583 1
199 583 2
723 584 2
1234 584 1
1235 584 1
1388 584 1
24 585 3
59 585 1
87 585 1
100 585 2
169 585 1
177 585 3
178 585 1
190 585 1
540 585 1
3 586 2
44 586 1
49 586 2
821 586 1
985 586 2
147 587 1
889 588 1
1400 588 1
1423 588 1
351 589 1
471 589 2
960 589 1
1064 589 2
1371 589 1
388 590 1
471 590 1
563 590 1
592 590 1
697 590 1
712 590 1
824 590 1
916 590 1
999 590 1
1000 590 1
1145 590 1
1118 591 1
1119 591 1
1120 591 1
590 592 1
48 593 1
72 594 1
785 595 1
383 596 1
680 596 1
1014 596 1
371 597 1
598 597 1
945 597 1
1405 597 1
371 598 1
597 598 1
945 598 1
1405 598 1
338 599 1
708 599 1
1448 599 1
324 600 1
709 601 1
792 601 1
1081 601 1
378 602 2
603 602 1
635 602 1
378 603 1
602 603 1
850 604 1
1144 604 1
979 605 1
76 606 1
757 606 2
934 606 1
282 607 1
458 607 1
766 607 1
859 607 1
1272 607 1
126 608 1
794 608 1
74 609 1
535 609 2
642 609 2
144 610 1
611 610 1
950 610 1
144 611 1
610 611 1
950 611 1
1390 612 1
72 613 1
277 613 1
462 614 1
507 614 1
997 614 1
1316 614 1
1317 614 1
1436 614 1
708 615 1
709 615 1
1071 615 1
361 616 1
948 616 1
148 617 1
241 617 1
285 617 1
286 617 1
287 617 1
293 617 1
762 617 1
534 618 1
654 618 1
1438 618 1
10 619 1
185 620 2
726 620 1
1096 620 1
1255 620 1
163 621 1
338 621 1
305 622 1
377 623 1
378 623 1
4 624 1
163 624 1
202 624 1
351 624 1
470 624 1
752 624 2
761 624 1
835 624 1
878 624 1
977 624 1
1414 624 1
1447 624 1
343 625 1
856 625 1
1218 625 1
1219 625 1
202 626 1
782 626 1
783 626 1
163 627 1
267 627 1
392 627 1
730 627 1
743 627 1
838 627 1
56 628 1
292 628 2
30 629 1
41 629 1
949 629 1
1283 630 1
267 631 1
305 631 2
53 632 1
440 632 1
348 633 1
374 633 1
375 633 1
462 633 1
645 634 1
1478 634 1
378 635 1
602 635 1
74 636 1
531 636 1
643 636 1
644 636 1
744 637 1
1079 637 1
725 638 1
733 638 1
775 638 1
941 638 1
1223 638 1
1224 638 1
1225 638 1
1226 638 1
1227 638 1
640 639 1
639 640 1
317 641 1
684 641 1
685 641 1
74 642 1
535 642 2
609 642 2
27 643 1
74 643 1
135 643 1
531 643 2
636 643 1
644 643 2
27 644 1
74 644 1
135 644 1
531 644 2
636 644 1
643 644 2
634 645 1
1478 645 1
349 646 1
417 646 1
647 646 1
349 647 1
417 647 1
646 647 1
107 648 1
170 648 1
649 648 1
107 649 1
170 649 1
648 649 1
651 650 1
652 650 1
650 651 1
652 651 1
650 652 1
651 652 1
204 653 1
269 653 1
431 653 1
534 654 1
618 654 1
1438 654 1
541 655 1
683 655 1
727 655 1
809 655 1
840 655 1
841 655 1
971 655 1
1308 655 1
250 656 1
316 656 1
882 656 1
981 656 1
1380 656 1
1100 657 1
1372 657 1
170 658 1
186 658 1
968 658 1
299 659 1
372 659 1
264 660 1
1462 660 1
367 661 1
391 661 1
1385 661 1
411 662 1
728 662 1
1459 662 1
664 663 1
663 664 1
1031 665 1
1324 665 1
1325 665 1
1326 665 1
721 666 1
869 666 1
1152 666 1
1153 666 1
1154 666 1
830 667 1
1022 667 1
265 668 1
294 668 1
332 668 1
39 669 1
76 669 1
305 669 1
565 669 1
93 670 1
229 670 1
671 670 1
93 671 1
229 671 1
670 671 1
8 672 1
9 672 1
155 672 1
174 672 1
764 673 1
80 674 1
258 674 1
259 674 1
780 675 1
868 675 1
1321 675 1
193 676 1
1464 676 1
1465 676 1
1466 676 1
863 677 1
312 678 1
876 678 1
1141 678 1
1142 678 1
236 679 1
298 679 1
695 679 1
817 679 1
892 679 1
987 679 1
1294 679 1
1295 679 1
1296 679 1
1297 679 1
383 680 1
596 680 1
1014 680 1
239 681 1
491 681 1
532 681 1
970 681 1
995 681 1
1126 681 1
1127 681 1
1128 681 1
1431 681 1
1432 681 1
118 682 1
271 682 1
655 683 1
727 683 1
971 683 1
317 684 1
641 684 1
685 684 1
317 685 2
641 685 1
684 685 1
929 685 1
120 686 1
179 686 1
425 686 1
687 686 1
1188 686 1
120 687 1
179 687 1
425 687 1
686 687 1
1188 687 1
563 688 1
577 688 1
689 688 1
690 688 1
691 688 1
563 689 1
577 689 1
688 689 1
690 689 1
691 689 1
716 689 1
986 689 1
1059 689 1
1060 689 1
563 690 1
577 690 1
688 690 1
689 690 1
691 690 1
563 691 1
577 691 1
688 691 1
689 691 1
690 691 1
1175 692 1
23 693 1
33 693 1
168 693 1
397 694 1
698 694 1
699 694 1
735 694 1
236 695 1
298 695 1
679 695 1
817 695 1
892 695 1
987 695 1
1294 695 1
1295 695 1
1296 695 1
1297 695 1
943 696 1
1055 696 1
1495 696 1
1496 696 1
590 697 1
712 697 1
397 698 1
694 698 1
699 698 1
735 698 1
397 699 1
694 699 1
698 699 1
735 699 1
927 699 1
992 699 1
355 700 1
752 700 1
755 700 1
756 700 1
76 701 1
470 701 1
921 701 1
922 701 1
993 701 1
42 702 1
113 702 1
276 702 1
291 702 1
470 702 1
493 702 1
563 702 1
703 702 1
756 702 1
766 702 1
842 702 1
843 702 1
874 702 1
875 702 1
702 703 1
842 703 1
843 703 1
218 704 1
340 704 1
579 704 1
1497 704 1
1498 704 1
1499 704 1
706 705 1
1161 705 1
1162 705 1
1163 705 1
1164 705 1
1165 705 1
1166 705 1
1167 705 1
705 706 1
1161 706 1
1162 706 1
383 707 1
400 707 1
866 707 1
126 708 1
244 708 1
279 708 1
280 708 1
338 708 2
580 708 1
599 708 1
615 708 1
709 708 1
760 708 1
769 708 1
900 708 1
925 708 1
926 708 1
1003 708 1
1071 708 1
1448 708 1
601 709 1
615 709 1
708 709 1
792 709 1
862 709 1
1071 709 1
1081 709 2
715 710 1
758 710 1
957 710 1
471 711 1
237 712 1
590 712 1
697 712 1
732 712 1
295 713 1
318 713 1
739 713 1
1335 713 1
271 714 1
710 715 1
716 715 1
717 715 1
912 715 1
957 715 1
958 715 1
1189 715 1
1439 715 1
1440 715 1
379 716 1
689 716 1
715 716 1
717 716 2
986 716 1
1059 716 1
1060 716 1
379 717 1
715 717 1
716 717 2
795 717 1
818 717 1
1395 717 1
295 718 3
392 718 1
828 718 1
1434 718 1
34 719 1
228 719 1
334 719 1
494 719 1
508 719 1
725 719 1
732 719 1
757 719 1
761 719 1
773 719 1
774 719 1
775 719 1
810 719 1
954 719 1
978 719 2
1010 719 1
1045 719 1
1208 719 1
1483 719 1
412 720 1
428 720 1
504 720 1
514 720 1
563 720 1
756 720 1
947 720 1
666 721 1
869 721 1
1152 721 1
1153 721 1
1154 721 1
803 722 1
860 722 1
584 723 2
1234 723 1
1235 723 1
1388 723 1
279 724 1
280 724 1
638 725 1
719 725 1
733 725 1
773 725 1
941 725 1
185 726 1
210 726 1
223 726 1
224 726 1
267 726 1
620 726 1
895 726 1
1144 726 1
1444 726 1
655 727 1
683 727 1
971 727 1
410 728 1
411 728 3
662 728 1
768 728 1
881 728 1
1011 728 1
1091 728 1
1143 728 1
1170 728 1
1171 728 1
1172 728 1
1430 728 1
1459 728 1
1475 728 1
1476 728 1
267 729 1
163 730 1
267 730 1
392 730 1
627 730 1
743 730 1
777 730 1
838 730 2
249 731 1
237 732 1
413 732 1
712 732 1
719 732 1
774 732 1
775 732 1
790 732 1
810 732 1
1010 732 1
1208 732 1
638 733 1
725 733 1
941 733 1
470 734 1
930 734 1
931 734 1
932 734 1
1115 734 1
126 735 1
338 735 1
397 735 1
694 735 1
698 735 1
699 735 1
1009 735 1
287 736 1
896 736 1
748 737 1
759 737 1
401 738 1
503 738 1
504 738 2
1122 738 1
1124 738 1
1487 738 1
1488 738 1
295 739 1
318 739 1
548 739 1
713 739 1
1221 739 1
1222 739 1
574 740 1
1181 740 1
868 741 1
57 742 1
251 742 1
163 743 1
267 743 1
392 743 1
627 743 1
730 743 1
838 743 1
637 744 1
1079 744 1
746 745 1
745 746 1
748 747 1
737 748 1
747 748 1
759 748 1
823 748 1
41 749 1
65 749 1
751 750 1
750 751 1
4 752 1
163 752 1
202 752 1
351 752 1
355 752 1
470 752 1
557 752 1
624 752 2
700 752 1
753 752 1
754 752 1
755 752 3
756 752 2
761 752 1
831 752 1
835 752 1
878 752 1
1002 752 1
1150 752 1
1447 752 1
557 753 1
752 753 1
754 753 1
755 753 1
756 753 1
831 753 1
1150 753 1
78 754 1
557 754 1
563 754 1
752 754 1
753 754 1
755 754 1
756 754 2
831 754 1
1150 754 1
1449 754 1
1450 754 1
355 755 1
557 755 1
700 755 1
752 755 3
753 755 1
754 755 1
756 755 2
831 755 1
1002 755 1
1150 755 1
78 756 1
276 756 1
291 756 1
355 756 1
412 756 1
428 756 1
470 756 1
493 756 1
504 756 1
514 756 1
557 756 1
563 756 2
700 756 1
702 756 1
720 756 1
752 756 2
753 756 1
754 756 2
755 756 2
766 756 1
831 756 1
947 756 1
988 756 1
1150 756 1
1449 756 1
1450 756 1
76 757 1
494 757 1
606 757 2
719 757 1
934 757 1
954 757 1
171 758 1
710 758 1
737 759 1
748 759 1
708 760 1
769 760 1
925 760 1
926 760 1
4 761 1
163 761 1
334 761 1
351 761 1
470 761 1
624 761 1
719 761 1
752 761 1
858 761 1
878 761 1
1088 761 1
1089 761 1
1273 761 1
1346 761 1
1347 761 1
1348 761 1
1349 761 1
1447 761 1
148 762 1
241 762 1
285 762 1
286 762 1
287 762 1
293 762 1
617 762 1
302 763 1
303 763 1
673 764 1
213 765 1
214 765 1
983 765 1
1085 765 1
276 766 1
282 766 1
291 766 1
470 766 1
493 766 1
563 766 1
607 766 1
702 766 1
756 766 1
771 766 1
1383 766 1
1384 766 1
868 767 1
1194 767 1
1195 767 1
411 768 1
728 768 1
1011 768 1
1143 768 1
1430 768 1
1475 768 1
708 769 1
760 769 1
925 769 1
926 769 1
160 770 1
268 770 1
956 770 1
1041 770 1
766 771 1
1383 771 1
1384 771 1
101 772 1
533 772 1
719 773 1
725 773 1
893 773 1
719 774 1
732 774 1
775 774 1
810 774 1
1010 774 1
1208 774 1
638 775 1
719 775 1
732 775 1
774 775 1
810 775 1
1010 775 1
1208 775 1
1223 775 1
1224 775 1
1225 775 1
1226 775 1
1227 775 1
1425 775 1
1426 775 1
70 776 1
730 777 1
838 777 1
202 778 1
466 778 1
564 778 1
225 779 1
1269 779 1
675 780 1
868 780 1
1321 780 1
313 781 1
626 782 1
783 782 1
626 783 1
782 783 1
153 784 1
283 784 1
71 785 1
595 785 1
1213 785 1
1214 785 1
1215 785 1
214 786 1
476 786 1
864 786 1
289 787 1
291 787 1
163 788 1
266 788 1
267 788 1
796 788 1
1013 788 1
1024 788 1
442 789 1
443 789 1
413 790 1
732 790 1
846 790 1
989 790 1
1061 790 1
1105 790 1
1106 790 1
1314 790 1
331 791 1
601 792 1
709 792 1
1081 792 1
918 793 1
1099 793 1
1217 793 1
126 794 1
608 794 1
717 795 1
818 795 1
1395 795 1
163 796 1
266 796 1
267 796 1
300 796 1
788 796 1
1013 796 1
1024 796 1
411 797 1
1271 797 1
30 798 1
420 798 1
273 799 1
1229 799 1
72 800 1
1039 801 1
270 802 1
969 802 1
722 803 1
860 803 1
1137 804 1
30 805 1
393 805 1
470 806 1
96 807 1
1097 807 1
1098 807 1
110 808 1
984 808 1
541 809 1
655 809 1
840 809 1
841 809 1
1308 809 1
719 810 1
732 810 1
774 810 1
775 810 1
1010 810 1
1208 810 1
134 811 1
283 811 1
310 812 1
311 812 1
542 812 1
928 812 1
1073 812 2
1125 812 1
264 813 1
1139 814 1
1270 814 1
825 815 1
1205 816 1
1206 816 1
236 817 1
298 817 1
679 817 1
695 817 1
892 817 1
987 817 1
1294 817 1
1295 817 1
1296 817 1
1297 817 1
717 818 1
795 818 1
1395 818 1
867 819 1
255 820 1
407 820 1
3 821 1
49 821 1
586 821 1
985 821 1
323 822 1
414 822 1
748 823 1
590 824 1
30 825 1
339 825 1
815 825 1
1063 826 1
468 827 1
564 827 1
295 828 1
718 828 1
857 829 1
869 829 1
667 830 1
1022 830 1
557 831 1
752 831 1
753 831 1
754 831 1
755 831 1
756 831 1
1150 831 1
322 832 2
348 832 1
833 832 2
322 833 2
348 833 1
832 833 2
449 834 1
521 834 1
1412 834 1
202 835 1
624 835 1
752 835 1
82 836 1
1026 836 1
78 837 1
872 837 1
163 838 1
267 838 1
392 838 1
627 838 1
730 838 2
743 838 1
777 838 1
125 839 1
973 839 1
1190 839 1
541 840 1
655 840 1
809 840 1
841 840 1
1308 840 1
541 841 1
655 841 1
809 841 1
840 841 1
1308 841 1
702 842 1
703 842 1
843 842 1
702 843 1
703 843 1
842 843 1
419 844 1
914 845 1
1342 845 1
790 846 1
989 846 1
1061 846 1
1105 846 1
439 847 1
1263 847 1
470 848 1
470 849 1
1352 849 1
604 850 1
1144 850 1
126 851 3
886 851 1
952 851 1
1021 851 1
1038 851 1
1275 851 1
214 852 1
1078 852 1
57 853 1
854 853 2
951 853 1
964 853 1
1435 853 1
57 854 1
853 854 2
951 854 1
964 854 1
1435 854 1
406 855 1
343 856 1
625 856 1
1218 856 1
1219 856 1
829 857 1
869 857 1
761 858 1
1088 858 1
1089 858 1
607 859 1
722 860 1
803 860 1
23 861 1
47 861 1
37 862 1
709 862 1
864 862 1
966 862 1
677 863 1
37 864 1
214 864 1
476 864 1
786 864 1
862 864 1
966 864 1
30 865 1
1033 865 1
383 866 1
400 866 1
707 866 1
819 867 1
388 868 1
675 868 1
741 868 1
767 868 1
780 868 1
975 868 1
1084 868 2
1130 868 1
1134 868 2
1321 868 1
666 869 1
721 869 1
829 869 1
857 869 1
1152 869 1
1153 869 1
1154 869 1
1336 870 1
527 871 1
78 872 1
837 872 1
352 873 1
1463 873 1
42 874 1
113 874 1
702 874 1
875 874 1
42 875 1
113 875 1
702 875 1
874 875 1
303 876 2
312 876 3
678 876 1
877 876 1
1141 876 1
1142 876 1
303 877 1
312 877 1
876 877 1
4 878 1
163 878 1
351 878 1
470 878 1
624 878 1
752 878 1
761 878 1
1273 878 1
1447 878 1
1443 879 1
279 880 1
280 880 1
411 881 1
728 881 1
1475 881 1
1476 881 1
250 882 1
316 882 2
656 882 1
981 882 1
1380 882 1
1399 882 1
151 883 1
387 883 1
437 883 1
438 883 1
439 883 1
455 883 1
511 883 1
998 883 1
1049 883 1
315 884 1
1274 884 1
226 885 1
1276 885 1
126 886 1
851 886 1
311 887 1
426 887 1
482 888 1
588 889 1
1423 889 1
386 890 1
891 890 1
1305 890 1
386 891 1
890 891 1
1305 891 1
236 892 1
298 892 1
679 892 1
695 892 1
817 892 1
987 892 1
1294 892 1
1295 892 1
1296 892 1
1297 892 1
773 893 1
1315 894 1
726 895 1
287 896 1
736 896 1
300 897 1
998 897 1
1366 897 1
305 898 1
309 898 1
1050 898 1
403 899 1
404 899 1
1249 899 1
1250 899 1
126 900 1
244 900 1
279 900 1
280 900 1
338 900 1
708 900 1
1005 900 1
1006 900 1
385 901 1
1467 901 1
1320 902 1
325 903 1
904 903 1
1333 903 1
325 904 1
903 904 1
1333 904 1
976 905 1
1470 905 1
1471 905 1
1472 905 1
1473 905 1
1474 905 1
907 906 1
908 906 1
909 906 1
906 907 1
908 907 1
909 907 1
906 908 1
907 908 1
909 908 1
906 909 1
907 909 1
908 909 1
281 910 2
282 910 1
911 910 1
281 911 1
910 911 1
1289 911 1
715 912 1
1069 912 1
1216 913 1
845 914 1
1342 914 1
1267 915 1
1268 915 1
388 916 1
471 916 1
590 916 1
279 917 1
280 917 1
793 918 1
1099 918 1
1217 918 1
89 919 1
219 919 1
267 919 1
111 920 1
127 920 1
76 921 1
470 921 1
701 921 1
922 921 1
993 921 1
69 922 1
76 922 2
470 922 1
701 922 1
921 922 1
993 922 2
1353 922 1
1354 922 1
1355 922 1
1356 922 1
68 923 1
953 923 1
408 924 1
990 924 1
708 925 1
760 925 1
769 925 1
926 925 1
545 926 1
708 926 1
760 926 1
769 926 1
925 926 1
1454 926 1
699 927 1
992 927 1
542 928 2
546 928 1
812 928 1
1489 928 1
317 929 1
685 929 1
470 930 1
734 930 1
931 930 1
932 930 1
1115 930 1
470 931 1
734 931 1
930 931 1
932 931 1
1115 931 1
470 932 1
734 932 1
930 932 1
931 932 1
1115 932 1
35 933 1
46 933 1
76 934 3
606 934 1
757 934 1
960 934 2
993 934 2
161 935 1
162 935 1
163 935 1
143 936 1
537 936 1
514 937 1
938 937 1
939 937 1
940 937 1
514 938 1
937 938 1
939 938 1
940 938 1
514 939 1
937 939 1
938 939 1
940 939 1
514 940 1
937 940 1
938 940 1
939 940 1
638 941 1
725 941 1
733 941 1
133 942 1
137 942 1
487 942 1
696 943 1
1055 943 1
370 944 1
945 944 1
946 944 1
1341 944 1
1357 944 1
43 945 1
370 945 1
371 945 2
597 945 1
598 945 1
944 945 1
946 945 3
961 945 1
1047 945 1
1298 945 1
1340 945 1
1341 945 2
1357 945 1
1405 945 1
1446 945 1
43 946 3
370 946 1
944 946 1
945 946 3
961 946 1
965 946 1
1047 946 1
1337 946 1
1338 946 1
1339 946 1
1340 946 1
1341 946 2
1357 946 1
1424 946 1
412 947 1
428 947 1
504 947 1
514 947 1
563 947 1
720 947 1
756 947 1
361 948 1
616 948 1
30 949 1
41 949 1
629 949 1
144 950 1
610 950 1
611 950 1
57 951 1
853 951 1
854 951 1
1435 951 1
126 952 1
851 952 1
1021 952 1
68 953 1
923 953 1
494 954 1
719 954 1
757 954 1
1284 955 1
268 956 1
770 956 1
710 957 1
715 957 1
715 958 1
1439 958 1
1440 958 1
335 959 1
76 960 2
151 960 1
351 960 1
439 960 1
589 960 1
934 960 2
993 960 2
998 960 1
1371 960 1
1437 960 1
43 961 1
371 961 1
945 961 1
946 961 1
965 961 1
1424 961 1
1446 961 1
314 962 1
260 963 2
546 963 1
853 964 1
854 964 1
43 965 1
946 965 1
961 965 1
1424 965 1
37 966 1
373 966 1
862 966 1
864 966 1
222 967 1
529 967 1
1094 967 1
170 968 1
186 968 1
658 968 1
270 969 1
802 969 1
239 970 1
491 970 1
532 970 1
681 970 1
995 970 1
1126 970 1
1127 970 1
1128 970 1
1431 970 1
1432 970 1
655 971 1
683 971 1
727 971 1
267 972 1
125 973 1
839 973 1
1190 973 1
1023 974 1
1373 974 1
388 975 1
868 975 1
905 976 1
1470 976 1
1471 976 1
1472 976 1
1473 976 1
1474 976 1
624 977 1
1414 977 1
508 978 1
719 978 2
1045 978 1
1483 978 1
605 979 1
30 980 1
250 981 2
316 981 1
656 981 1
882 981 1
1070 981 1
1380 981 2
67 982 1
301 982 1
545 982 1
213 983 2
214 983 1
765 983 1
1085 983 1
1121 983 1
110 984 1
808 984 1
3 985 2
44 985 1
49 985 2
586 985 2
821 985 1
689 986 1
716 986 1
1059 986 1
1060 986 1
236 987 1
298 987 1
679 987 1
695 987 1
817 987 1
892 987 1
1294 987 1
1295 987 1
1296 987 1
1297 987 1
756 988 1
790 989 1
846 989 1
1061 989 1
1105 989 1
408 990 1
924 990 1
126 991 1
457 991 1
515 991 1
1455 991 1
699 992 1
927 992 1
76 993 4
470 993 1
701 993 1
921 993 1
922 993 2
934 993 2
960 993 2
1353 993 1
1354 993 1
1355 993 1
1356 993 1
279 994 1
280 994 1
239 995 1
491 995 1
532 995 1
681 995 1
970 995 1
1126 995 1
1127 995 1
1128 995 1
1431 995 1
1432 995 1
213 996 1
425 996 1
477 996 1
1085 996 1
462 997 1
507 997 1
614 997 1
1436 997 1
151 998 2
300 998 1
437 998 1
438 998 1
439 998 3
455 998 1
883 998 1
897 998 1
960 998 1
1366 998 1
1427 998 1
1437 998 1
590 999 1
1000 999 1
590 1000 1
999 1000 1
72 1001 1
752 1002 1
755 1002 1
708 1003 1
1176 1004 1
1177 1004 1
1178 1004 1
1179 1004 1
900 1005 1
1006 1005 1
900 1006 1
1005 1006 1
103 1007 1
225 1007 1
567 1007 1
1034 1007 1
1035 1007 1
1156 1008 1
1158 1008 1
1159 1008 1
1160 1008 1
735 1009 1
719 1010 1
732 1010 1
774 1010 1
775 1010 1
810 1010 1
1208 1010 1
728 1011 1
768 1011 1
1066 1011 1
1067 1011 1
1143 1011 3
1290 1011 1
1291 1011 1
1430 1011 1
305 1012 1
163 1013 1
266 1013 1
267 1013 1
788 1013 1
796 1013 1
1024 1013 1
383 1014 1
596 1014 1
680 1014 1
1261 1015 1
1262 1015 1
73 1016 1
447 1016 1
68 1017 1
1018 1017 1
1019 1017 1
1180 1017 1
68 1018 1
1017 1018 1
1019 1018 1
1180 1018 1
68 1019 1
1017 1019 1
1018 1019 1
1180 1019 1
1196 1020 1
1197 1020 1
1198 1020 1
1199 1020 1
1200 1020 1
1201 1020 1
1202 1020 1
1203 1020 1
1204 1020 1
126 1021 1
851 1021 1
952 1021 1
667 1022 1
830 1022 1
974 1023 1
1024 1023 2
1025 1023 1
1373 1023 2
163 1024 1
266 1024 1
267 1024 1
439 1024 1
456 1024 1
788 1024 1
796 1024 1
1013 1024 1
1023 1024 2
1025 1024 1
1109 1024 1
1332 1024 1
1373 1024 1
1023 1025 1
1024 1025 1
82 1026 1
836 1026 1
420 1027 1
1322 1027 1
264 1028 1
1286 1029 1
1287 1029 1
1288 1029 1
257 1030 1
1323 1030 1
665 1031 1
1324 1031 1
1325 1031 1
1326 1031 1
225 1032 1
1080 1032 1
30 1033 1
865 1033 1
103 1034 1
225 1034 3
567 1034 2
569 1034 1
1007 1034 1
1035 1034 1
1381 1034 1
1382 1034 1
1490 1034 1
103 1035 1
225 1035 1
567 1035 1
1007 1035 1
1034 1035 1
300 1036 1
1037 1036 1
1211 1036 1
300 1037 1
1036 1037 1
1211 1037 1
126 1038 1
851 1038 1
1275 1038 1
801 1039 1
1330 1040 1
1331 1040 1
770 1041 1
439 1042 1
117 1043 1
1300 1043 1
305 1044 1
369 1044 1
719 1045 1
978 1045 1
1483 1045 1
126 1046 2
554 1046 1
945 1047 1
946 1047 1
1341 1047 1
189 1048 1
401 1048 1
424 1048 1
1415 1048 1
1416 1048 1
387 1049 1
511 1049 1
883 1049 1
305 1050 1
309 1050 1
898 1050 1
242 1051 1
315 1051 2
1052 1051 1
1053 1051 2
242 1052 1
315 1052 1
1051 1052 1
1053 1052 1
242 1053 1
315 1053 2
1051 1053 2
1052 1053 1
122 1054 1
123 1054 1
346 1054 1
696 1055 1
943 1055 1
389 1056 2
1062 1056 1
45 1057 1
145 1057 1
513 1058 1
514 1058 1
1068 1058 1
1453 1058 1
689 1059 1
716 1059 1
986 1059 1
1060 1059 1
689 1060 1
716 1060 1
986 1060 1
1059 1060 1
790 1061 1
846 1061 1
989 1061 1
1105 1061 1
389 1062 1
1056 1062 1
826 1063 1
471 1064 2
589 1064 2
45 1065 1
70 1065 1
72 1065 1
1011 1066 1
1067 1066 1
1143 1066 1
1011 1067 1
1066 1067 1
1143 1067 1
513 1068 1
514 1068 1
1058 1068 1
1453 1068 1
912 1069 1
250 1070 1
981 1070 1
1380 1070 1
615 1071 1
708 1071 1
709 1071 1
62 1072 1
134 1072 1
153 1072 1
295 1072 2
1155 1072 1
812 1073 2
288 1074 1
1075 1074 1
1256 1074 1
288 1075 1
1074 1075 1
1256 1075 1
160 1076 1
1077 1076 1
160 1077 1
1076 1077 1
214 1078 1
852 1078 1
482 1079 1
483 1079 1
637 1079 1
744 1079 1
225 1080 1
1032 1080 1
601 1081 1
709 1081 2
792 1081 1
444 1082 1
23 1083 1
868 1084 2
1130 1084 1
1134 1084 2
213 1085 2
214 1085 1
425 1085 1
477 1085 1
765 1085 1
983 1085 1
996 1085 1
201 1086 1
1087 1086 1
201 1087 1
1086 1087 1
761 1088 1
858 1088 1
1089 1088 1
761 1089 1
858 1089 1
1088 1089 1
216 1090 1
546 1090 1
410 1091 1
411 1091 1
728 1091 1
1170 1091 1
1171 1091 1
1172 1091 1
345 1092 1
502 1093 1
1230 1093 1
1231 1093 1
1232 1093 1
222 1094 1
529 1094 1
967 1094 1
2 1095 1
143 1095 1
206 1095 1
185 1096 1
620 1096 1
1255 1096 1
96 1097 1
807 1097 1
1098 1097 1
96 1098 1
807 1098 1
1097 1098 1
793 1099 1
918 1099 1
1217 1099 1
657 1100 1
1372 1100 1
296 1101 1
1327 1101 1
24 1102 1
1212 1102 1
367 1103 1
538 1103 1
191 1104 3
1108 1104 1
1285 1104 1
790 1105 1
846 1105 1
989 1105 1
1061 1105 1
790 1106 1
444 1107 1
1299 1107 1
191 1108 1
1104 1108 1
439 1109 1
456 1109 1
1024 1109 1
1332 1109 1
270 1110 1
363 1111 2
1477 1111 1
2 1112 1
66 1112 1
211 1112 1
275 1113 1
461 1113 1
351 1114 1
470 1115 1
734 1115 1
930 1115 1
931 1115 1
932 1115 1
245 1116 1
349 1116 1
417 1116 1
1484 1117 1
1485 1117 1
591 1118 1
1119 1118 1
1120 1118 1
591 1119 1
1118 1119 1
1120 1119 1
591 1120 1
1118 1120 1
1119 1120 1
213 1121 1
983 1121 1
401 1122 1
504 1122 1
738 1122 1
1124 1122 1
1482 1123 1
401 1124 1
504 1124 1
738 1124 1
1122 1124 1
812 1125 1
239 1126 1
491 1126 1
532 1126 1
681 1126 1
970 1126 1
995 1126 1
1127 1126 1
1128 1126 1
1431 1126 1
1432 1126 1
239 1127 1
491 1127 1
532 1127 1
681 1127 1
970 1127 1
995 1127 1
1126 1127 1
1128 1127 1
1431 1127 1
1432 1127 1
239 1128 1
491 1128 1
532 1128 1
681 1128 1
970 1128 1
995 1128 1
1126 1128 1
1127 1128 1
1431 1128 1
1432 1128 1
107 1129 1
111 1129 1
139 1129 1
1413 1129 1
868 1130 1
1084 1130 1
1134 1130 1
373 1131 1
432 1131 1
512 1131 1
560 1132 1
561 1132 1
441 1133 1
1441 1133 1
1442 1133 1
868 1134 2
1084 1134 2
1130 1134 1
19 1135 2
327 1135 1
328 1135 1
479 1135 2
1149 1135 2
1406 1136 1
1407 1136 1
804 1137 1
326 1138 1
379 1138 1
545 1138 1
814 1139 1
1270 1139 1
415 1140 1
312 1141 1
678 1141 1
876 1141 1
1142 1141 1
312 1142 1
678 1142 1
876 1142 1
1141 1142 1
266 1143 1
267 1143 1
728 1143 1
768 1143 1
1011 1143 3
1066 1143 1
1067 1143 1
1290 1143 1
1291 1143 1
1430 1143 1
267 1144 1
604 1144 1
726 1144 1
850 1144 1
563 1145 1
590 1145 1
1147 1146 1
1146 1147 1
12 1148 1
19 1149 3
277 1149 1
327 1149 1
328 1149 1
479 1149 2
1135 1149 2
557 1150 1
752 1150 1
753 1150 1
754 1150 1
755 1150 1
756 1150 1
831 1150 1
78 1151 1
557 1151 1
666 1152 1
721 1152 1
869 1152 1
1153 1152 1
1154 1152 1
666 1153 1
721 1153 1
869 1153 1
1152 1153 1
1154 1153 1
666 1154 1
721 1154 1
869 1154 1
1152 1154 1
1153 1154 1
295 1155 1
1072 1155 1
1008 1156 1
323 1157 1
1008 1158 1
1159 1158 1
1160 1158 1
1008 1159 1
1158 1159 1
1160 1159 1
1008 1160 1
1158 1160 1
1159 1160 1
705 1161 1
706 1161 1
1162 1161 1
705 1162 1
706 1162 1
1161 1162 1
705 1163 1
1164 1163 1
1165 1163 1
1166 1163 1
1167 1163 1
705 1164 1
1163 1164 1
1165 1164 1
1166 1164 1
1167 1164 1
705 1165 1
1163 1165 1
1164 1165 1
1166 1165 1
1167 1165 1
705 1166 1
1163 1166 1
1164 1166 1
1165 1166 1
1167 1166 1
705 1167 1
1163 1167 1
1164 1167 1
1165 1167 1
1166 1167 1
14 1168 1
36 1168 1
471 1168 1
14 1169 1
471 1169 1
410 1170 1
411 1170 1
728 1170 1
1091 1170 1
1171 1170 1
1172 1170 1
410 1171 1
411 1171 1
728 1171 1
1091 1171 1
1170 1171 1
1172 1171 1
410 1172 1
411 1172 1
728 1172 1
1091 1172 1
1170 1172 1
1171 1172 1
2 1173 1
211 1173 1
220 1173 1
472 1173 1
63 1174 1
217 1174 1
692 1175 1
1004 1176 1
1177 1176 1
1178 1176 1
1179 1176 1
1004 1177 1
1176 1177 1
1178 1177 1
1179 1177 1
1004 1178 1
1176 1178 1
1177 1178 1
1179 1178 1
1004 1179 1
1176 1179 1
1177 1179 1
1178 1179 1
68 1180 1
1017 1180 1
1018 1180 1
1019 1180 1
574 1181 1
740 1181 1
1183 1182 1
1184 1182 1
1185 1182 1
1186 1182 1
1182 1183 1
1184 1183 1
1185 1183 1
1186 1183 1
1182 1184 1
1183 1184 1
1185 1184 1
1186 1184 1
1182 1185 1
1183 1185 1
1184 1185 1
1186 1185 1
1182 1186 1
1183 1186 1
1184 1186 1
1185 1186 1
78 1187 1
282 1187 1
120 1188 1
179 1188 1
425 1188 1
686 1188 1
687 1188 1
715 1189 1
125 1190 1
839 1190 1
973 1190 1
14 1191 1
409 1191 1
235 1192 1
1193 1192 1
235 1193 1
1192 1193 1
767 1194 1
1195 1194 1
767 1195 1
1194 1195 1
1020 1196 1
1197 1196 1
1198 1196 1
1199 1196 1
1200 1196 1
1201 1196 1
1202 1196 1
1203 1196 1
1204 1196 1
1020 1197 1
1196 1197 1
1198 1197 1
1199 1197 1
1200 1197 1
1201 1197 1
1202 1197 1
1203 1197 1
1204 1197 1
1020 1198 1
1196 1198 1
1197 1198 1
1199 1198 1
1200 1198 1
1201 1198 1
1202 1198 1
1203 1198 1
1204 1198 1
1020 1199 1
1196 1199 1
1197 1199 1
1198 1199 1
1200 1199 1
1201 1199 1
1202 1199 1
1203 1199 1
1204 1199 1
1020 1200 1
1196 1200 1
1197 1200 1
1198 1200 1
1199 1200 1
1201 1200 1
1202 1200 1
1203 1200 1
1204 1200 1
1020 1201 1
1196 1201 1
1197 1201 1
1198 1201 1
1199 1201 1
1200 1201 1
1202 1201 1
1203 1201 1
1204 1201 1
1020 1202 1
1196 1202 1
1197 1202 1
1198 1202 1
1199 1202 1
1200 1202 1
1201 1202 1
1203 1202 1
1204 1202 1
1020 1203 1
1196 1203 1
1197 1203 1
1198 1203 1
1199 1203 1
1200 1203 1
1201 1203 1
1202 1203 1
1204 1203 1
1020 1204 1
1196 1204 1
1197 1204 1
1198 1204 1
1199 1204 1
1200 1204 1
1201 1204 1
1202 1204 1
1203 1204 1
816 1205 1
1206 1205 1
816 1206 1
1205 1206 1
201 1207 1
719 1208 1
732 1208 1
774 1208 1
775 1208 1
810 1208 1
1010 1208 1
234 1209 1
1210 1209 1
1375 1209 1
1376 1209 1
234 1210 1
1209 1210 1
300 1211 1
1036 1211 1
1037 1211 1
24 1212 1
1102 1212 1
71 1213 1
785 1213 1
1214 1213 1
1215 1213 1
71 1214 1
785 1214 1
1213 1214 1
1215 1214 1
71 1215 1
785 1215 1
1213 1215 1
1214 1215 1
913 1216 1
793 1217 1
918 1217 1
1099 1217 1
343 1218 1
625 1218 1
856 1218 1
1219 1218 1
343 1219 1
625 1219 1
856 1219 1
1218 1219 1
332 1220 1
548 1221 1
739 1221 1
1222 1221 1
548 1222 1
739 1222 1
1221 1222 1
638 1223 1
775 1223 1
1224 1223 1
1225 1223 1
1226 1223 1
1227 1223 1
638 1224 1
775 1224 1
1223 1224 1
1225 1224 1
1226 1224 1
1227 1224 1
638 1225 1
775 1225 1
1223 1225 1
1224 1225 1
1226 1225 1
1227 1225 1
638 1226 1
775 1226 1
1223 1226 1
1224 1226 1
1225 1226 1
1227 1226 1
638 1227 1
775 1227 1
1223 1227 1
1224 1227 1
1225 1227 1
1226 1227 1
403 1228 1
463 1228 1
509 1228 1
273 1229 1
799 1229 1
502 1230 1
1093 1230 1
1231 1230 1
1232 1230 1
502 1231 1
1093 1231 1
1230 1231 1
1232 1231 1
502 1232 1
1093 1232 1
1230 1232 1
1231 1232 1
405 1233 1
584 1234 1
723 1234 1
1235 1234 1
584 1235 1
723 1235 1
1234 1235 1
225 1236 1
347 1236 1
399 1236 1
1237 1236 1
225 1237 1
347 1237 1
399 1237 1
1236 1237 1
582 1238 2
1245 1238 1
1246 1238 1
1247 1238 1
1248 1238 1
1240 1239 1
1241 1239 1
1242 1239 1
1243 1239 1
1244 1239 1
1239 1240 1
1241 1240 1
1242 1240 1
1243 1240 1
1244 1240 1
1239 1241 1
1240 1241 1
1242 1241 1
1243 1241 1
1244 1241 1
1239 1242 1
1240 1242 1
1241 1242 1
1243 1242 1
1244 1242 1
331 1243 1
1239 1243 1
1240 1243 1
1241 1243 1
1242 1243 1
1244 1243 1
1260 1243 1
1239 1244 1
1240 1244 1
1241 1244 1
1242 1244 1
1243 1244 1
582 1245 1
1238 1245 1
1246 1245 1
1247 1245 1
1248 1245 1
582 1246 1
1238 1246 1
1245 1246 1
1247 1246 1
1248 1246 1
582 1247 1
1238 1247 1
1245 1247 1
1246 1247 1
1248 1247 1
582 1248 1
1238 1248 1
1245 1248 1
1246 1248 1
1247 1248 1
403 1249 1
404 1249 1
899 1249 1
1250 1249 1
403 1250 1
404 1250 1
899 1250 1
1249 1250 1
1252 1251 1
1253 1251 1
1254 1251 1
1251 1252 1
1253 1252 1
1254 1252 1
1251 1253 1
1252 1253 1
1254 1253 1
1251 1254 1
1252 1254 1
1253 1254 1
185 1255 1
620 1255 1
1096 1255 1
288 1256 1
1074 1256 1
1075 1256 1
1 1257 1
306 1258 1
1259 1258 1
306 1259 1
1258 1259 1
331 1260 1
1243 1260 1
1015 1261 1
1262 1261 1
1015 1262 1
1261 1262 1
439 1263 1
847 1263 1
227 1264 1
444 1264 1
1266 1265 1
1265 1266 1
915 1267 1
1268 1267 1
915 1268 1
1267 1268 1
225 1269 1
779 1269 1
814 1270 1
1139 1270 1
411 1271 1
797 1271 1
458 1272 1
607 1272 1
761 1273 1
878 1273 1
1346 1273 1
1347 1273 1
1348 1273 1
1349 1273 1
315 1274 1
884 1274 1
126 1275 1
851 1275 1
1038 1275 1
226 1276 1
885 1276 1
134 1277 1
359 1278 1
295 1279 1
315 1279 1
1280 1279 1
295 1280 1
315 1280 1
1279 1280 1
538 1281 1
1282 1281 1
538 1282 1
1281 1282 1
630 1283 1
955 1284 1
1364 1284 1
1365 1284 1
191 1285 1
1104 1285 1
1029 1286 1
1287 1286 1
1288 1286 1
1029 1287 1
1286 1287 1
1288 1287 1
1029 1288 1
1286 1288 1
1287 1288 1
911 1289 1
1011 1290 1
1143 1290 1
1291 1290 1
1011 1291 1
1143 1291 1
1290 1291 1
1293 1292 1
1292 1293 1
236 1294 1
298 1294 1
679 1294 1
695 1294 1
817 1294 1
892 1294 1
987 1294 1
1295 1294 1
1296 1294 1
1297 1294 1
236 1295 1
298 1295 1
679 1295 1
695 1295 1
817 1295 1
892 1295 1
987 1295 1
1294 1295 1
1296 1295 1
1297 1295 1
236 1296 1
298 1296 1
679 1296 1
695 1296 1
817 1296 1
892 1296 1
987 1296 1
1294 1296 1
1295 1296 1
1297 1296 1
236 1297 1
298 1297 1
679 1297 1
695 1297 1
817 1297 1
892 1297 1
987 1297 1
1294 1297 1
1295 1297 1
1296 1297 1
945 1298 1
444 1299 1
1107 1299 1
117 1300 1
1043 1300 1
1302 1301 1
1303 1301 1
1304 1301 1
1301 1302 1
1303 1302 1
1304 1302 1
1301 1303 1
1302 1303 1
1304 1303 1
1301 1304 1
1302 1304 1
1303 1304 1
386 1305 1
890 1305 1
891 1305 1
5 1306 1
387 1307 1
541 1308 1
655 1308 1
809 1308 1
840 1308 1
841 1308 1
1310 1309 1
1311 1309 1
1309 1310 1
1311 1310 1
1309 1311 1
1310 1311 1
124 1312 1
252 1312 1
1313 1312 1
124 1313 1
252 1313 1
1312 1313 1
790 1314 1
894 1315 1
614 1316 1
1317 1316 1
614 1317 1
1316 1317 1
231 1318 1
498 1319 1
504 1319 1
902 1320 1
675 1321 1
780 1321 1
868 1321 1
420 1322 1
1027 1322 1
257 1323 1
1030 1323 1
665 1324 1
1031 1324 1
1325 1324 1
1326 1324 1
665 1325 1
1031 1325 1
1324 1325 1
1326 1325 1
665 1326 1
1031 1326 1
1324 1326 1
1325 1326 1
296 1327 1
1101 1327 1
1329 1328 1
1328 1329 1
1040 1330 1
1331 1330 1
1040 1331 1
1330 1331 1
439 1332 1
456 1332 1
1024 1332 1
1109 1332 1
325 1333 1
903 1333 1
904 1333 1
421 1334 1
713 1335 1
870 1336 1
43 1337 1
946 1337 1
1338 1337 1
1339 1337 1
43 1338 1
946 1338 1
1337 1338 1
1339 1338 1
43 1339 1
946 1339 1
1337 1339 1
1338 1339 1
43 1340 1
945 1340 1
946 1340 1
370 1341 1
944 1341 1
945 1341 2
946 1341 2
1047 1341 1
1357 1341 1
845 1342 1
914 1342 1
1344 1343 1
1343 1344 1
107 1345 1
454 1345 1
761 1346 1
1273 1346 1
1347 1346 1
1348 1346 1
1349 1346 1
761 1347 1
1273 1347 1
1346 1347 1
1348 1347 1
1349 1347 1
761 1348 1
1273 1348 1
1346 1348 1
1347 1348 1
1349 1348 1
761 1349 1
1273 1349 1
1346 1349 1
1347 1349 1
1348 1349 1
1351 1350 1
1350 1351 1
470 1352 1
849 1352 1
76 1353 1
922 1353 1
993 1353 1
1354 1353 1
1355 1353 1
1356 1353 1
76 1354 1
922 1354 1
993 1354 1
1353 1354 1
1355 1354 1
1356 1354 1
76 1355 1
922 1355 1
993 1355 1
1353 1355 1
1354 1355 1
1356 1355 1
76 1356 1
922 1356 1
993 1356 1
1353 1356 1
1354 1356 1
1355 1356 1
370 1357 1
944 1357 1
945 1357 1
946 1357 1
1341 1357 1
117 1358 1
192 1359 1
297 1359 1
308 1359 1
398 1359 1
416 1359 1
452 1359 1
453 1359 1
1360 1359 1
1386 1359 1
192 1360 1
297 1360 1
1359 1360 1
279 1361 1
280 1361 1
329 1361 1
423 1361 1
1362 1361 1
279 1362 1
280 1362 1
329 1362 1
423 1362 1
1361 1362 1
253 1363 1
402 1363 1
1284 1364 1
1365 1364 1
1284 1365 1
1364 1365 1
300 1366 1
897 1366 1
998 1366 1
77 1367 1
142 1368 1
143 1368 1
158 1368 1
380 1369 2
381 1369 2
573 1369 1
1370 1369 1
1419 1369 1
380 1370 1
381 1370 1
573 1370 1
1369 1370 1
351 1371 1
589 1371 1
960 1371 1
657 1372 1
1100 1372 1
974 1373 1
1023 1373 2
1024 1373 1
479 1374 1
516 1374 1
517 1374 1
1209 1375 1
1376 1375 1
1209 1376 1
1375 1376 1
1378 1377 1
1379 1377 1
1377 1378 1
1379 1378 1
1377 1379 1
1378 1379 1
250 1380 2
316 1380 1
656 1380 1
882 1380 1
981 1380 2
1070 1380 1
225 1381 1
569 1381 1
1034 1381 1
1382 1381 1
225 1382 1
569 1382 1
1034 1382 1
1381 1382 1
766 1383 1
771 1383 1
1384 1383 1
766 1384 1
771 1384 1
1383 1384 1
367 1385 1
391 1385 1
661 1385 1
308 1386 1
398 1386 1
416 1386 1
452 1386 1
453 1386 1
1359 1386 1
170 1387 1
272 1387 1
450 1387 1
451 1387 1
584 1388 1
723 1388 1
291 1389 1
492 1389 1
493 1389 1
612 1390 1
27 1391 1
97 1391 1
575 1391 1
1392 1391 1
1393 1391 1
27 1392 1
97 1392 1
575 1392 1
1391 1392 1
1393 1392 1
27 1393 1
97 1393 1
575 1393 1
1391 1393 1
1392 1393 1
157 1394 1
200 1394 1
717 1395 1
795 1395 1
818 1395 1
84 1396 1
159 1396 1
1398 1397 1
1397 1398 1
316 1399 1
882 1399 1
588 1400 1
1402 1401 1
1401 1402 1
488 1403 1
499 1403 1
500 1403 1
501 1403 1
1404 1403 1
488 1404 1
499 1404 1
500 1404 1
501 1404 1
1403 1404 1
371 1405 1
597 1405 1
598 1405 1
945 1405 1
1136 1406 1
1407 1406 1
1136 1407 1
1406 1407 1
27 1408 1
184 1408 1
1409 1408 1
27 1409 1
184 1409 1
1408 1409 1
7 1410 1
134 1410 1
544 1410 1
553 1411 1
449 1412 1
521 1412 1
834 1412 1
107 1413 1
111 1413 1
139 1413 1
1129 1413 1
624 1414 1
977 1414 1
189 1415 1
401 1415 1
424 1415 1
1048 1415 1
1416 1415 1
189 1416 1
401 1416 1
424 1416 1
1048 1416 1
1415 1416 1
1418 1417 1
1417 1418 1
380 1419 1
381 1419 1
1369 1419 1
142 1420 1
143 1420 1
158 1420 1
254 1420 1
40 1421 1
1422 1421 1
40 1422 1
1421 1422 1
588 1423 1
889 1423 1
43 1424 1
946 1424 1
961 1424 1
965 1424 1
775 1425 1
1426 1425 1
775 1426 1
1425 1426 1
439 1427 1
998 1427 1
1429 1428 1
1428 1429 1
728 1430 1
768 1430 1
1011 1430 1
1143 1430 1
239 1431 1
491 1431 1
532 1431 1
681 1431 1
970 1431 1
995 1431 1
1126 1431 1
1127 1431 1
1128 1431 1
1432 1431 1
239 1432 1
491 1432 1
532 1432 1
681 1432 1
970 1432 1
995 1432 1
1126 1432 1
1127 1432 1
1128 1432 1
1431 1432 1
16 1433 1
21 1433 1
143 1433 1
153 1433 1
295 1434 1
718 1434 1
57 1435 1
853 1435 1
854 1435 1
951 1435 1
462 1436 1
507 1436 1
614 1436 1
997 1436 1
151 1437 1
439 1437 1
960 1437 1
998 1437 1
534 1438 1
618 1438 1
654 1438 1
715 1439 1
958 1439 1
1440 1439 1
715 1440 1
958 1440 1
1439 1440 1
441 1441 1
1133 1441 1
1442 1441 1
441 1442 1
1133 1442 1
1441 1442 1
879 1443 1
210 1444 1
223 1444 1
224 1444 1
726 1444 1
449 1445 1
521 1445 1
371 1446 1
945 1446 1
961 1446 1
4 1447 1
163 1447 1
351 1447 1
470 1447 1
624 1447 1
752 1447 1
761 1447 1
878 1447 1
338 1448 1
599 1448 1
708 1448 1
78 1449 1
754 1449 1
756 1449 1
1450 1449 1
78 1450 1
754 1450 1
756 1450 1
1449 1450 1
199 1451 1
1452 1451 1
199 1452 1
1451 1452 1
513 1453 1
514 1453 1
1058 1453 1
1068 1453 1
545 1454 1
926 1454 1
126 1455 1
457 1455 1
515 1455 1
991 1455 1
116 1456 1
383 1456 1
1457 1456 1
1458 1456 1
116 1457 1
383 1457 1
1456 1457 1
1458 1457 1
116 1458 1
383 1458 1
1456 1458 1
1457 1458 1
411 1459 1
662 1459 1
728 1459 1
1461 1460 1
1460 1461 1
264 1462 1
660 1462 1
352 1463 1
873 1463 1
193 1464 1
676 1464 1
1465 1464 1
1466 1464 1
193 1465 1
676 1465 1
1464 1465 1
1466 1465 1
193 1466 1
676 1466 1
1464 1466 1
1465 1466 1
385 1467 1
901 1467 1
316 1468 1
28 1469 1
336 1469 1
526 1469 1
905 1470 1
976 1470 1
1471 1470 1
1472 1470 1
1473 1470 1
1474 1470 1
905 1471 1
976 1471 1
1470 1471 1
1472 1471 1
1473 1471 1
1474 1471 1
905 1472 1
976 1472 1
1470 1472 1
1471 1472 1
1473 1472 1
1474 1472 1
905 1473 1
976 1473 1
1470 1473 1
1471 1473 1
1472 1473 1
1474 1473 1
905 1474 1
976 1474 1
1470 1474 1
1471 1474 1
1472 1474 1
1473 1474 1
411 1475 2
728 1475 1
768 1475 1
881 1475 1
1476 1475 1
411 1476 1
728 1476 1
881 1476 1
1475 1476 1
363 1477 1
1111 1477 1
634 1478 1
645 1478 1
469 1479 1
495 1479 1
166 1480 1
167 1480 1
15 1481 1
136 1481 1
1123 1482 1
719 1483 1
978 1483 1
1045 1483 1
1117 1484 1
1485 1484 1
1117 1485 1
1484 1485 1
391 1486 1
503 1487 1
504 1487 1
738 1487 1
1488 1487 1
503 1488 1
504 1488 1
738 1488 1
1487 1488 1
542 1489 1
546 1489 1
928 1489 1
225 1490 1
567 1490 1
1034 1490 1
52 1491 1
1492 1491 1
52 1492 1
1491 1492 1
207 1493 1
209 1493 1
98 1494 1
696 1495 1
1496 1495 1
696 1496 1
1495 1496 1
218 1497 1
340 1497 1
579 1497 1
704 1497 1
1498 1497 1
1499 1497 1
218 1498 1
340 1498 1
579 1498 1
704 1498 1
1497 1498 1
1499 1498 1
218 1499 1
340 1499 1
579 1499 1
704 1499 1
1497 1499 1
1498 1499 1
