452 1 1
3 2 1
42 2 1
126 2 2
128 2 1
129 2 1
194 2 1
288 2 1
325 2 1
326 2 1
384 2 1
668 2 1
669 2 1
737 2 1
785 2 1
926 2 1
1087 2 1
1088 2 1
2 3 1
10 3 1
21 3 1
22 3 4
23 3 1
27 3 1
39 3 1
42 3 1
109 3 1
110 3 1
130 3 3
185 3 1
325 3 1
435 3 1
436 3 1
498 3 1
506 3 1
507 3 1
530 3 1
926 3 1
1067 3 1
1068 3 1
1069 3 1
1070 3 1
5 4 2
560 4 2
4 5 2
455 5 1
477 5 1
560 5 2
618 5 1
862 5 1
863 5 1
864 5 1
15 6 1
20 6 1
8 7 1
30 7 1
228 7 1
283 7 1
518 7 1
527 7 1
829 7 1
7 8 1
9 8 1
30 8 2
39 8 1
64 8 1
127 8 1
139 8 1
149 8 1
171 8 1
228 8 2
323 8 1
340 8 1
353 8 1
392 8 1
427 8 2
428 8 1
518 8 2
527 8 1
786 8 1
1014 8 1
1015 8 1
1022 8 1
8 9 1
786 9 1
3 10 1
21 10 2
22 10 2
23 10 2
941 10 1
27 11 1
78 11 1
79 11 1
89 11 2
91 11 2
125 11 1
136 11 1
137 11 1
199 11 3
222 11 1
244 11 1
276 11 1
284 11 1
334 11 1
336 11 1
391 11 1
393 11 1
415 11 1
416 11 1
464 11 1
570 11 1
795 11 1
942 11 1
991 11 1
1064 11 2
13 12 1
352 12 1
12 13 1
352 13 1
377 13 1
378 13 1
159 14 1
343 14 1
387 14 1
6 15 1
16 15 1
17 15 2
18 15 2
20 15 3
605 15 2
1124 15 1
15 16 1
17 16 1
18 16 1
19 16 2
98 16 1
869 16 1
951 16 1
952 16 1
980 16 1
15 17 2
16 17 1
18 17 1
102 17 1
124 17 1
338 17 1
1103 17 1
1104 17 1
1135 17 1
15 18 2
16 18 1
17 18 1
20 18 1
16 19 2
98 19 1
869 19 1
980 19 1
6 20 1
15 20 3
18 20 1
3 21 1
10 21 2
22 21 2
23 21 2
941 21 1
3 22 4
10 22 2
21 22 2
23 22 2
130 22 1
185 22 1
498 22 1
507 22 1
530 22 1
941 22 1
3 23 1
10 23 2
21 23 2
22 23 2
941 23 1
28 24 1
75 24 1
497 24 1
27 25 3
463 25 1
674 25 1
690 25 1
1106 25 1
35 26 1
43 26 1
76 26 1
108 26 1
178 26 1
179 26 3
293 26 2
333 26 2
407 26 2
414 26 1
432 26 1
433 26 2
467 26 1
520 26 1
525 26 1
572 26 2
586 26 2
858 26 1
965 26 1
966 26 1
998 26 1
1109 26 1
1110 26 1
1156 26 1
3 27 1
11 27 1
25 27 3
32 27 9
39 27 3
43 27 1
44 27 1
51 27 1
62 27 5
90 27 1
91 27 1
94 27 1
97 27 2
100 27 1
109 27 1
110 27 2
115 27 1
156 27 2
158 27 2
194 27 2
207 27 1
213 27 1
221 27 1
222 27 1
259 27 2
260 27 2
284 27 1
289 27 4
299 27 1
309 27 1
321 27 1
346 27 1
379 27 1
398 27 2
431 27 1
463 27 1
506 27 1
509 27 1
565 27 1
674 27 1
690 27 1
873 27 1
915 27 1
944 27 1
1017 27 2
1067 27 1
1068 27 1
1069 27 1
1070 27 1
1106 27 1
1191 27 1
1211 27 1
24 28 1
52 28 1
80 28 2
497 28 1
729 28 1
730 28 1
741 28 1
261 29 1
587 29 1
1181 29 1
7 30 1
8 30 2
228 30 2
392 30 1
427 30 1
518 30 1
527 30 1
339 31 1
569 31 1
912 31 1
963 31 4
1142 31 1
27 32 9
40 32 1
119 32 1
300 32 1
448 32 1
1191 32 1
89 33 1
327 33 1
438 33 1
948 34 1
949 34 1
950 34 1
26 35 1
178 35 1
525 35 1
733 36 1
734 36 1
38 37 1
37 38 1
3 39 1
8 39 1
27 39 3
62 39 1
109 39 3
110 39 5
127 39 1
139 39 1
169 39 2
171 39 1
213 39 2
223 39 1
224 39 1
318 39 1
321 39 1
379 39 1
394 39 1
413 39 1
466 39 1
506 39 1
581 39 1
681 39 1
888 39 1
920 39 1
982 39 3
999 39 1
1005 39 1
1006 39 1
1007 39 1
1008 39 1
1009 39 1
1038 39 1
1067 39 1
1068 39 1
1069 39 1
1070 39 1
32 40 1
119 40 3
300 40 1
448 40 1
865 40 1
68 41 1
198 41 1
243 41 2
311 41 1
312 41 2
541 41 1
542 41 1
548 41 1
596 41 2
662 41 1
811 41 1
812 41 2
813 41 2
814 41 1
815 41 1
816 41 1
817 41 2
818 41 1
889 41 1
890 41 1
891 41 1
895 41 1
918 41 1
2 42 1
3 42 1
325 42 1
926 42 1
26 43 1
27 43 1
108 43 1
113 43 1
115 43 1
156 43 1
280 43 1
414 43 1
451 43 3
552 43 1
844 43 1
845 43 1
944 43 1
965 43 1
966 43 1
1127 43 1
1128 43 1
27 44 1
873 44 1
46 45 1
45 46 1
60 47 1
381 47 1
456 47 1
1136 47 1
475 48 1
476 48 1
743 48 1
1053 48 1
557 49 1
962 49 1
52 50 1
252 50 1
761 50 1
27 51 1
289 51 1
28 52 1
50 52 1
80 52 1
96 52 1
203 52 1
249 52 1
252 52 1
729 52 1
761 52 1
54 53 1
502 53 1
700 53 2
1196 53 1
53 54 1
56 55 1
55 56 1
682 56 1
762 56 1
988 56 1
1076 56 1
58 57 1
57 58 1
60 59 1
61 59 2
118 59 1
683 59 1
684 59 1
736 59 1
47 60 1
59 60 1
61 60 2
117 60 1
118 60 1
381 60 1
456 60 1
736 60 1
1136 60 1
59 61 2
60 61 2
118 61 2
229 61 1
255 61 1
683 61 1
684 61 1
736 61 1
27 62 5
39 62 1
87 62 1
94 62 2
289 62 2
309 62 2
332 62 1
379 62 1
405 62 1
406 62 1
429 62 1
430 62 1
431 62 2
457 62 1
458 62 1
459 62 1
509 62 1
738 62 1
739 62 1
1017 62 2
1178 62 1
1179 62 1
1211 62 1
82 63 1
981 63 1
8 64 1
72 64 1
95 64 1
364 64 1
758 64 1
1014 64 1
1082 64 1
225 65 1
294 65 1
846 66 1
740 67 1
41 68 1
243 68 1
313 69 1
679 69 1
698 69 1
71 70 1
480 70 1
70 71 1
480 71 1
64 72 1
979 73 1
75 74 1
725 74 1
24 75 1
74 75 1
146 75 1
493 75 1
725 75 1
923 75 1
1135 75 1
26 76 1
179 76 1
520 76 1
858 76 1
574 77 1
578 77 1
775 77 1
11 78 1
79 78 1
89 78 1
199 78 1
1064 78 1
11 79 1
78 79 1
89 79 1
199 79 1
1064 79 1
28 80 2
52 80 1
729 80 1
186 81 1
1073 81 1
1074 81 1
63 82 1
84 83 1
85 83 1
83 84 1
85 84 1
83 85 1
84 85 1
92 86 1
776 86 1
777 86 1
778 86 1
779 86 1
62 87 1
350 87 2
1180 87 1
319 88 1
441 88 2
442 88 1
667 88 1
11 89 2
33 89 1
78 89 1
79 89 1
199 89 1
327 89 1
438 89 1
795 89 1
1064 89 1
27 90 1
100 90 1
194 90 1
200 90 1
299 90 1
317 90 1
616 90 1
11 91 2
27 91 1
125 91 1
265 91 1
276 91 1
284 91 1
460 91 1
462 91 1
464 91 1
685 91 1
86 92 1
776 92 1
777 92 1
778 92 1
779 92 1
337 93 1
27 94 1
62 94 2
289 94 1
64 95 1
758 95 1
52 96 1
103 96 3
389 96 2
390 96 1
625 96 1
1143 96 1
27 97 2
204 97 2
205 97 1
207 97 1
496 97 1
510 97 1
565 97 1
671 97 1
699 97 1
16 98 1
19 98 1
869 98 1
116 99 1
214 99 1
357 99 1
27 100 1
90 100 1
299 100 1
240 101 1
937 101 1
17 102 1
124 102 1
1135 102 1
96 103 3
104 103 3
105 103 1
254 103 1
341 103 1
389 103 1
408 103 1
409 103 1
625 103 1
787 103 1
1143 103 1
103 104 3
105 104 1
341 104 1
787 104 1
103 105 1
104 105 1
106 105 1
142 105 1
341 105 1
403 105 1
600 105 1
697 105 1
787 105 1
842 105 1
996 105 1
997 105 1
105 106 1
471 106 1
788 106 1
842 106 2
1059 106 2
1060 106 1
1165 106 1
804 107 1
26 108 1
43 108 1
194 108 2
216 108 1
291 108 1
295 108 2
398 108 1
414 108 1
965 108 1
966 108 1
3 109 1
27 109 1
39 109 3
110 109 2
506 109 1
999 109 1
1005 109 1
1006 109 1
1007 109 1
1008 109 1
1009 109 1
1067 109 1
1068 109 1
1069 109 1
1070 109 1
3 110 1
27 110 2
39 110 5
109 110 2
213 110 2
321 110 1
506 110 1
575 110 1
644 110 1
920 110 1
1067 110 1
1068 110 1
1069 110 1
1070 110 1
112 111 1
857 111 1
111 112 1
857 112 1
43 113 1
552 113 1
233 114 2
425 114 1
960 114 1
961 114 1
27 115 1
43 115 1
944 115 1
99 116 1
214 116 2
357 116 2
359 116 1
360 116 1
590 116 1
60 117 1
59 118 1
60 118 1
61 118 2
736 118 1
32 119 1
40 119 3
253 119 1
300 119 1
448 119 1
503 119 1
652 119 1
900 119 1
1098 119 1
970 120 1
971 120 1
718 121 1
1058 121 1
1117 122 1
1118 122 1
421 123 1
849 123 1
17 124 1
102 124 1
171 124 1
196 124 1
735 124 1
866 124 1
1135 124 1
11 125 1
91 125 1
464 125 1
2 126 2
128 126 1
129 126 1
737 126 1
8 127 1
39 127 1
139 127 1
171 127 1
2 128 1
126 128 1
129 128 1
737 128 1
2 129 1
126 129 1
128 129 1
737 129 1
3 130 3
22 130 1
435 130 1
436 130 1
530 130 1
132 131 1
756 131 1
757 131 1
131 132 1
174 132 1
636 132 1
756 132 1
757 132 1
181 133 1
270 133 1
617 133 1
228 134 1
392 135 1
426 135 1
11 136 1
137 136 1
199 136 1
391 136 1
11 137 1
136 137 1
199 137 1
391 137 1
765 138 1
766 138 1
8 139 1
39 139 1
127 139 1
171 139 1
774 139 1
141 140 1
601 140 1
140 141 1
601 141 1
105 142 1
255 142 1
403 142 1
600 142 1
606 142 1
673 142 1
697 142 1
701 142 1
1112 143 1
231 144 1
425 145 1
75 146 1
923 146 1
1135 146 1
148 147 1
893 147 1
147 148 1
893 148 1
8 149 1
323 149 2
324 149 1
353 149 1
423 149 1
603 150 1
1151 150 1
297 151 1
298 151 1
571 151 1
687 151 1
154 152 1
619 152 1
619 153 1
620 153 1
152 154 1
619 154 1
156 155 1
384 155 1
711 155 1
27 156 2
43 156 1
155 156 1
157 156 2
158 156 2
217 156 2
218 156 1
219 156 1
260 156 1
384 156 1
546 156 1
547 156 1
844 156 1
845 156 1
894 156 1
915 156 1
156 157 2
217 157 2
218 157 1
219 157 1
546 157 1
547 157 1
894 157 1
27 158 2
156 158 2
260 158 1
915 158 1
14 159 1
343 159 1
369 159 1
387 159 1
810 159 1
1105 159 1
369 160 1
504 160 1
526 160 2
621 160 1
622 160 3
1012 160 2
1061 160 1
162 161 1
819 161 1
161 162 1
296 162 1
315 162 1
819 162 1
676 163 1
871 163 1
872 163 1
165 164 1
166 164 2
367 164 1
385 164 1
936 164 1
1149 164 1
1150 164 1
164 165 1
166 165 1
367 165 1
385 165 1
936 165 1
164 166 2
165 166 1
367 166 1
385 166 1
936 166 1
1149 166 1
1150 166 1
168 167 2
167 168 2
39 169 2
413 169 1
982 169 2
1038 169 1
171 170 1
8 171 1
39 171 1
124 171 1
127 171 1
139 171 1
170 171 1
196 171 1
261 171 1
271 171 2
272 171 2
275 171 3
370 171 2
371 171 1
374 171 2
508 171 2
579 171 1
735 171 2
805 171 1
859 171 1
866 171 2
916 171 1
234 172 1
287 173 1
589 173 1
1107 173 1
132 174 1
447 174 1
472 174 1
513 174 3
517 174 1
519 174 1
636 174 3
834 174 1
835 174 1
836 174 1
837 174 1
838 174 1
839 174 1
840 174 1
841 174 1
969 174 2
1119 174 1
1120 174 1
1121 174 1
553 175 1
554 175 3
555 175 1
556 175 1
649 175 1
899 175 1
957 175 2
177 176 1
216 176 1
176 177 1
216 177 1
26 178 1
35 178 1
525 178 1
26 179 3
76 179 1
520 179 1
858 179 1
999 180 1
133 181 1
270 181 1
617 181 1
183 182 1
809 182 1
182 183 1
809 183 1
239 184 1
582 184 1
3 185 1
22 185 1
507 185 1
81 186 1
1073 186 1
1074 186 1
759 187 1
760 187 1
453 188 1
847 188 1
848 188 1
349 189 1
638 189 1
708 189 1
939 190 1
1083 190 1
1084 190 1
1085 190 1
1086 190 1
899 191 1
1108 191 1
193 192 1
194 192 1
192 193 1
194 193 1
365 193 1
380 193 1
562 193 1
603 193 1
633 193 1
703 193 1
1152 193 1
2 194 1
27 194 2
90 194 1
108 194 2
192 194 1
193 194 1
200 194 1
216 194 1
259 194 3
288 194 1
291 194 1
295 194 1
317 194 1
398 194 3
1157 194 1
1158 194 1
226 195 1
124 196 1
171 196 1
735 196 1
866 196 1
228 197 1
41 198 1
450 198 1
541 198 2
542 198 2
656 198 1
662 198 1
895 198 1
935 198 1
11 199 3
78 199 1
79 199 1
89 199 1
136 199 1
137 199 1
391 199 1
415 199 1
416 199 1
1064 199 2
90 200 1
194 200 1
317 200 1
529 201 1
389 202 1
52 203 1
249 203 1
97 204 2
496 204 1
97 205 1
671 205 1
1030 206 1
1031 206 1
27 207 1
97 207 1
209 208 1
210 208 1
211 208 1
212 208 1
208 209 1
210 209 1
211 209 1
212 209 1
208 210 1
209 210 1
211 210 1
212 210 1
208 211 1
209 211 1
210 211 1
212 211 1
208 212 1
209 212 1
210 212 1
211 212 1
27 213 1
39 213 2
110 213 2
321 213 1
99 214 1
116 214 2
357 214 2
590 214 1
322 215 1
874 215 1
108 216 1
176 216 1
177 216 1
194 216 1
291 216 1
394 216 1
395 216 1
396 216 1
1195 216 1
156 217 2
157 217 2
218 217 1
219 217 1
546 217 1
547 217 1
703 217 1
894 217 1
1113 217 1
1114 217 1
156 218 1
157 218 1
217 218 1
219 218 1
156 219 1
157 219 1
217 219 1
218 219 1
306 220 1
468 220 1
879 220 1
1003 220 2
1004 220 2
1037 220 1
27 221 1
222 221 1
11 222 1
27 222 1
221 222 1
244 222 1
334 222 1
39 223 1
394 223 1
888 223 1
39 224 1
466 224 1
65 225 1
195 226 1
227 226 1
226 227 1
7 228 1
8 228 2
30 228 2
134 228 1
197 228 1
428 228 1
447 228 1
518 228 1
527 228 1
1080 228 1
1081 228 1
1116 228 1
61 229 1
255 229 1
347 230 1
348 230 1
400 230 1
144 231 1
486 232 1
487 232 1
488 232 1
489 232 1
755 232 1
1077 232 1
114 233 2
425 233 1
960 233 1
961 233 1
172 234 1
235 234 2
561 234 1
693 234 1
763 234 1
764 234 1
911 234 1
234 235 2
561 235 1
693 235 1
237 236 1
236 237 1
397 238 1
1016 238 1
184 239 1
101 240 1
937 240 1
664 241 1
573 242 1
41 243 2
68 243 1
918 243 1
11 244 1
222 244 1
334 244 1
343 244 1
404 244 1
696 244 1
995 244 1
953 245 1
533 246 1
927 247 1
928 247 1
929 247 1
932 247 1
933 247 1
934 247 1
946 248 1
947 248 1
52 249 1
203 249 1
469 250 1
470 250 1
278 251 2
346 251 2
419 251 2
635 251 2
50 252 1
52 252 1
761 252 1
119 253 1
900 253 1
103 254 1
316 254 1
683 254 1
61 255 1
142 255 1
229 255 1
606 255 1
673 255 1
701 255 1
257 256 1
782 256 1
256 257 1
782 257 1
576 258 1
577 258 1
597 258 1
27 259 2
194 259 3
398 259 2
1157 259 1
1158 259 1
27 260 2
156 260 1
158 260 1
289 260 1
346 260 1
915 260 1
29 261 1
171 261 1
275 261 1
579 261 2
580 261 1
587 261 1
805 261 1
916 261 1
925 261 1
1181 261 1
550 262 1
551 262 1
805 263 1
806 263 1
265 264 1
266 264 1
267 264 1
91 265 1
264 265 1
266 265 1
267 265 1
276 265 1
460 265 1
462 265 1
473 265 1
685 265 1
264 266 1
265 266 1
267 266 1
264 267 1
265 267 1
266 267 1
269 268 1
514 268 1
268 269 1
514 269 1
133 270 1
181 270 1
617 270 1
171 271 2
272 271 1
275 271 1
735 271 1
171 272 2
271 272 1
273 272 1
274 272 1
275 272 1
278 272 1
379 272 2
386 272 4
424 272 1
866 272 1
992 272 1
1174 272 1
272 273 1
274 273 1
386 273 1
272 274 1
273 274 1
386 274 1
171 275 3
261 275 1
271 275 1
272 275 1
328 275 1
329 275 1
370 275 1
422 275 1
579 275 1
678 275 1
704 275 1
705 275 1
805 275 1
859 275 1
916 275 1
975 275 1
11 276 1
91 276 1
265 276 1
434 276 1
460 276 2
462 276 1
570 276 1
685 276 2
991 276 1
344 277 2
372 277 1
373 277 1
650 277 1
906 277 1
1155 277 1
251 278 2
272 278 1
346 278 2
386 278 1
419 278 2
635 278 2
670 278 1
366 279 1
1044 279 1
43 280 1
451 280 1
282 281 1
281 282 1
7 283 1
723 283 1
724 283 1
829 283 1
11 284 1
27 284 1
91 284 1
443 285 1
444 285 1
445 285 1
388 286 1
390 286 1
1147 286 1
1148 286 1
173 287 1
2 288 1
194 288 1
27 289 4
51 289 1
62 289 2
94 289 1
260 289 1
346 289 1
482 289 2
509 289 1
692 289 1
938 290 1
108 291 1
194 291 1
216 291 1
803 292 1
26 293 2
333 293 1
572 293 1
586 293 2
998 293 1
65 294 1
108 295 2
194 295 1
398 295 1
162 296 1
315 296 1
151 297 1
571 297 1
151 298 1
27 299 1
90 299 1
100 299 1
32 300 1
40 300 1
119 300 1
342 300 1
448 300 1
449 300 1
994 300 1
302 301 1
375 301 1
376 301 1
643 301 1
301 302 1
375 302 1
376 302 1
643 302 2
1137 302 1
304 303 2
305 303 2
940 303 1
303 304 2
305 304 2
940 304 1
303 305 2
304 305 2
940 305 1
220 306 1
481 306 1
1003 306 1
1004 306 1
1037 306 1
308 307 1
310 307 1
549 307 1
307 308 1
310 308 1
549 308 1
1091 308 1
27 309 1
62 309 2
332 309 1
405 309 1
406 309 1
429 309 1
430 309 1
431 309 1
1017 309 1
1211 309 1
307 310 1
308 310 1
549 310 1
41 311 1
312 311 1
596 311 1
812 311 1
813 311 1
817 311 1
41 312 2
311 312 1
548 312 1
596 312 2
811 312 1
812 312 2
813 312 2
814 312 1
815 312 1
816 312 1
817 312 2
818 312 1
1093 312 1
1094 312 1
1095 312 1
1096 312 1
1097 312 1
69 313 1
679 313 1
698 313 3
1115 313 1
411 314 1
412 314 2
607 314 1
628 314 2
632 314 1
1197 314 1
162 315 1
296 315 1
351 315 1
595 315 1
967 315 1
968 315 1
254 316 1
683 316 1
90 317 1
194 317 1
200 317 1
39 318 1
88 319 1
441 319 1
667 319 1
536 320 1
1010 320 1
1011 320 1
27 321 1
39 321 1
110 321 1
213 321 1
215 322 1
874 322 1
8 323 1
149 323 2
324 323 1
353 323 1
149 324 1
323 324 1
2 325 1
3 325 1
42 325 1
926 325 1
2 326 1
1087 326 1
1088 326 1
33 327 1
89 327 1
438 327 1
275 328 1
329 328 1
422 328 1
704 328 1
705 328 1
275 329 1
328 329 1
422 329 1
704 329 1
705 329 1
331 330 1
330 331 1
62 332 1
309 332 1
405 332 1
406 332 1
429 332 1
430 332 1
431 332 1
26 333 2
293 333 1
407 333 1
433 333 1
586 333 1
998 333 1
11 334 1
222 334 1
244 334 1
1184 335 1
1185 335 1
1186 335 1
1187 335 1
11 336 1
393 336 1
942 336 1
93 337 1
17 338 1
31 339 1
569 339 1
912 339 1
8 340 1
1022 340 1
103 341 1
104 341 1
105 341 1
787 341 1
300 342 1
449 342 1
994 342 1
14 343 1
159 343 1
244 343 1
387 343 1
696 343 1
995 343 1
277 344 2
372 344 1
373 344 1
650 344 1
1155 344 1
1085 345 1
1212 345 1
1213 345 1
27 346 1
251 346 2
260 346 1
278 346 2
289 346 1
419 346 2
588 346 1
635 346 3
642 346 1
985 346 1
230 347 1
348 347 1
400 347 1
230 348 1
347 348 1
400 348 1
189 349 1
638 349 1
708 349 1
87 350 2
1180 350 1
315 351 1
595 351 1
967 351 1
968 351 1
12 352 1
13 352 1
8 353 1
149 353 1
323 353 1
355 354 1
356 354 1
1099 354 1
1100 354 1
1101 354 1
354 355 1
356 355 1
1099 355 1
1100 355 1
1101 355 1
354 356 1
355 356 1
1099 356 1
1100 356 1
1101 356 1
99 357 1
116 357 2
214 357 2
590 357 1
566 358 2
567 358 1
568 358 2
861 358 1
116 359 1
360 359 1
116 360 1
359 360 1
363 361 1
364 361 1
1138 362 1
1139 362 1
361 363 1
364 363 1
64 364 1
361 364 1
363 364 1
612 364 1
709 364 1
710 364 1
1082 364 1
193 365 1
603 365 1
703 365 1
279 366 1
1044 366 1
164 367 1
165 367 1
166 367 1
385 367 1
936 367 1
369 368 1
1066 368 1
159 369 1
160 369 1
368 369 1
622 369 1
907 369 1
1012 369 1
1061 369 1
1066 369 1
171 370 2
275 370 1
371 370 1
859 370 1
171 371 1
370 371 1
277 372 1
344 372 1
373 372 1
650 372 1
1155 372 1
277 373 1
344 373 1
372 373 1
650 373 1
1155 373 1
171 374 2
508 374 2
301 375 1
302 375 1
376 375 1
643 375 1
301 376 1
302 376 1
375 376 1
643 376 1
13 377 1
378 377 1
13 378 1
377 378 1
27 379 1
39 379 1
62 379 1
272 379 2
386 379 2
193 380 1
562 380 1
633 380 1
1152 380 1
47 381 1
60 381 1
456 381 1
1136 381 1
383 382 1
1175 382 1
1176 382 1
1177 382 1
382 383 1
1175 383 1
1176 383 1
1177 383 1
2 384 1
155 384 1
156 384 1
164 385 1
165 385 1
166 385 1
367 385 1
936 385 1
272 386 4
273 386 1
274 386 1
278 386 1
379 386 2
14 387 1
159 387 1
343 387 1
286 388 1
389 388 1
390 388 2
96 389 2
103 389 1
202 389 1
388 389 1
390 389 5
461 389 1
624 389 1
634 389 1
1018 389 1
96 390 1
286 390 1
388 390 2
389 390 5
461 390 1
624 390 1
634 390 1
694 390 1
919 390 1
1018 390 1
11 391 1
136 391 1
137 391 1
199 391 1
8 392 1
30 392 1
135 392 1
426 392 1
427 392 1
11 393 1
336 393 1
942 393 1
39 394 1
216 394 1
223 394 1
395 394 1
396 394 1
888 394 1
1195 394 1
216 395 1
394 395 1
396 395 1
1195 395 1
216 396 1
394 396 1
395 396 1
1195 396 1
238 397 1
907 397 1
1016 397 1
27 398 2
108 398 1
194 398 3
259 398 2
295 398 1
691 399 1
230 400 1
347 400 1
348 400 1
402 401 1
401 402 1
105 403 1
142 403 1
600 403 1
697 403 1
244 404 1
62 405 1
309 405 1
332 405 1
406 405 1
429 405 1
430 405 1
431 405 1
62 406 1
309 406 1
332 406 1
405 406 1
429 406 1
430 406 1
431 406 1
26 407 2
333 407 1
433 407 2
572 407 1
103 408 1
409 408 2
103 409 1
408 409 2
1153 410 1
1154 410 1
314 411 1
412 411 1
314 412 2
411 412 1
607 412 1
632 412 1
1140 412 1
1141 412 1
1197 412 1
39 413 1
169 413 1
982 413 1
1038 413 1
26 414 1
43 414 1
108 414 1
965 414 1
966 414 1
11 415 1
199 415 1
416 415 1
1064 415 1
11 416 1
199 416 1
415 416 1
1064 416 1
593 417 1
594 417 1
716 418 1
251 419 2
278 419 2
346 419 2
635 419 2
512 420 2
686 420 1
123 421 1
849 421 1
275 422 1
328 422 1
329 422 1
704 422 1
705 422 1
149 423 1
272 424 1
114 425 1
145 425 1
233 425 1
135 426 1
392 426 1
8 427 2
30 427 1
392 427 1
428 427 1
518 427 1
1015 427 1
8 428 1
228 428 1
427 428 1
518 428 1
1015 428 1
62 429 1
309 429 1
332 429 1
405 429 1
406 429 1
430 429 1
431 429 1
62 430 1
309 430 1
332 430 1
405 430 1
406 430 1
429 430 1
431 430 1
27 431 1
62 431 2
309 431 1
332 431 1
405 431 1
406 431 1
429 431 1
430 431 1
1017 431 1
26 432 1
467 432 1
1109 432 1
1110 432 1
26 433 2
333 433 1
407 433 2
572 433 1
276 434 1
460 434 1
685 434 1
3 435 1
130 435 1
436 435 1
3 436 1
130 436 1
435 436 1
943 437 1
33 438 1
89 438 1
327 438 1
440 439 2
590 439 1
439 440 2
590 440 1
88 441 2
319 441 1
442 441 1
667 441 1
88 442 1
441 442 1
285 443 1
444 443 1
445 443 1
285 444 1
443 444 1
445 444 4
465 444 1
524 444 3
609 444 1
978 444 1
285 445 1
443 445 1
444 445 4
609 445 1
651 446 1
1065 446 1
174 447 1
228 447 1
472 447 1
834 447 1
835 447 1
836 447 1
837 447 1
838 447 1
839 447 1
840 447 1
841 447 1
1116 447 1
32 448 1
40 448 1
119 448 1
300 448 1
300 449 1
342 449 1
994 449 1
198 450 1
43 451 3
280 451 1
1127 451 1
1128 451 1
1 452 1
1043 452 1
1056 452 1
1057 452 1
188 453 1
847 453 1
848 453 1
1102 454 1
5 455 1
477 455 1
618 455 1
47 456 1
60 456 1
381 456 1
1136 456 1
62 457 1
458 457 1
459 457 1
1178 457 1
1179 457 1
62 458 1
457 458 1
459 458 1
1178 458 1
1179 458 1
62 459 1
457 459 1
458 459 1
1178 459 1
1179 459 1
91 460 1
265 460 1
276 460 2
434 460 1
462 460 1
685 460 2
389 461 1
390 461 1
634 461 1
1062 461 1
1063 461 1
91 462 1
265 462 1
276 462 1
460 462 1
685 462 1
25 463 1
27 463 1
690 463 1
11 464 1
91 464 1
125 464 1
444 465 1
978 465 1
39 466 1
224 466 1
26 467 1
432 467 1
1109 467 1
1110 467 1
220 468 1
250 469 1
470 469 1
250 470 1
469 470 1
106 471 1
1059 471 1
1111 471 1
1165 471 1
174 472 1
447 472 1
834 472 1
835 472 1
836 472 1
837 472 1
838 472 1
839 472 1
840 472 1
841 472 1
265 473 1
843 474 1
48 475 1
1053 475 1
48 476 1
743 476 1
5 477 1
455 477 1
618 477 1
479 478 1
802 478 1
478 479 1
802 479 1
70 480 1
71 480 1
306 481 1
289 482 2
692 482 1
993 483 1
485 484 1
753 484 1
754 484 1
484 485 1
753 485 1
754 485 1
232 486 1
487 486 1
488 486 1
489 486 1
755 486 1
232 487 1
486 487 1
488 487 1
489 487 1
755 487 1
232 488 1
486 488 1
487 488 1
489 488 1
755 488 1
232 489 1
486 489 1
487 489 1
488 489 1
755 489 1
491 490 1
492 490 1
490 491 1
492 491 1
490 492 1
491 492 1
75 493 1
495 494 1
494 495 1
97 496 1
204 496 1
24 497 1
28 497 1
3 498 1
22 498 1
500 499 1
501 499 1
499 500 1
501 500 2
910 500 1
499 501 1
500 501 2
910 501 3
945 501 3
1000 501 1
1162 501 1
1163 501 1
1164 501 1
53 502 1
119 503 1
160 504 1
526 504 1
621 504 1
622 504 1
538 505 2
539 505 2
3 506 1
27 506 1
39 506 1
109 506 1
110 506 1
1067 506 1
1068 506 1
1069 506 1
1070 506 1
3 507 1
22 507 1
185 507 1
171 508 2
374 508 2
27 509 1
62 509 1
289 509 1
97 510 1
1078 511 1
1079 511 1
420 512 2
686 512 1
174 513 3
517 513 1
519 513 1
636 513 1
969 513 2
1119 513 1
1120 513 1
1121 513 1
268 514 1
269 514 1
515 514 1
516 514 1
514 515 1
516 515 1
514 516 1
515 516 1
174 517 1
513 517 1
969 517 1
7 518 1
8 518 2
30 518 1
228 518 1
427 518 1
428 518 1
527 518 1
1015 518 1
174 519 1
513 519 1
26 520 1
76 520 1
179 520 1
858 520 1
543 521 1
544 521 1
545 521 1
523 522 2
522 523 2
444 524 3
26 525 1
35 525 1
178 525 1
160 526 2
504 526 1
621 526 1
622 526 1
7 527 1
8 527 1
30 527 1
228 527 1
518 527 1
529 528 1
201 529 1
528 529 1
990 529 1
3 530 1
22 530 1
130 530 1
532 531 1
1075 531 1
531 532 1
1075 532 1
246 533 1
535 534 1
749 534 1
750 534 1
751 534 1
752 534 1
534 535 1
749 535 1
750 535 1
751 535 1
752 535 1
320 536 1
870 537 1
505 538 2
539 538 2
505 539 2
538 539 2
666 540 1
830 540 1
831 540 1
974 540 1
41 541 1
198 541 2
542 541 2
656 541 1
662 541 1
895 541 1
41 542 1
198 542 2
541 542 2
656 542 1
662 542 1
895 542 1
521 543 1
544 543 1
545 543 1
521 544 1
543 544 1
545 544 1
521 545 1
543 545 1
544 545 1
156 546 1
157 546 1
217 546 1
547 546 1
894 546 1
156 547 1
157 547 1
217 547 1
546 547 1
894 547 1
41 548 1
312 548 1
596 548 1
811 548 1
812 548 1
813 548 1
814 548 1
815 548 1
816 548 1
817 548 1
818 548 1
307 549 1
308 549 1
310 549 1
262 550 1
551 550 1
262 551 1
550 551 1
43 552 1
113 552 1
175 553 1
554 553 1
175 554 3
553 554 1
556 554 1
649 554 1
899 554 1
957 554 1
175 555 1
649 555 1
957 555 1
175 556 1
554 556 1
899 556 1
49 557 1
1013 558 1
717 559 1
4 560 2
5 560 2
234 561 1
235 561 1
693 561 1
193 562 1
380 562 1
633 562 1
1152 562 1
695 563 1
1198 563 1
1199 563 1
706 564 1
707 564 1
1193 564 1
1194 564 1
27 565 1
97 565 1
358 566 2
567 566 1
568 566 1
358 567 1
566 567 1
358 568 2
566 568 1
861 568 1
31 569 1
339 569 1
912 569 1
11 570 1
276 570 1
991 570 1
151 571 1
297 571 1
26 572 2
293 572 1
407 572 1
433 572 1
586 572 1
242 573 1
77 574 1
110 575 1
644 575 1
258 576 1
577 576 1
258 577 1
576 577 1
77 578 1
775 578 2
1029 578 1
171 579 1
261 579 2
275 579 1
580 579 1
805 579 1
916 579 1
925 579 1
261 580 1
579 580 1
925 580 1
39 581 1
681 581 1
982 581 1
184 582 1
584 583 1
583 584 1
892 585 1
26 586 2
293 586 2
333 586 1
572 586 1
998 586 1
29 587 1
261 587 1
1181 587 1
346 588 1
635 588 1
642 588 1
985 588 1
173 589 1
116 590 1
214 590 1
357 590 1
439 590 1
440 590 1
592 591 1
591 592 1
417 593 1
594 593 1
417 594 1
593 594 1
315 595 1
351 595 1
967 595 1
968 595 1
41 596 2
311 596 1
312 596 2
548 596 1
811 596 1
812 596 2
813 596 2
814 596 1
815 596 1
816 596 1
817 596 2
818 596 1
258 597 1
599 598 1
598 599 1
105 600 1
142 600 1
403 600 1
697 600 1
140 601 1
141 601 1
622 602 1
150 603 1
193 603 1
365 603 1
703 603 1
1151 603 1
1021 604 1
15 605 2
1124 605 1
142 606 1
255 606 1
673 606 1
701 606 1
314 607 1
412 607 1
632 607 1
1197 607 1
878 608 1
444 609 1
445 609 1
611 610 1
610 611 1
364 612 1
709 612 1
710 612 1
964 613 1
615 614 1
1092 614 1
614 615 1
1092 615 1
90 616 1
133 617 1
181 617 1
270 617 1
5 618 1
455 618 1
477 618 1
152 619 1
153 619 1
154 619 1
620 619 1
153 620 1
619 620 1
160 621 1
504 621 1
526 621 1
622 621 1
160 622 3
369 622 1
504 622 1
526 622 1
602 622 1
621 622 1
623 622 1
1012 622 2
1026 622 1
1061 622 1
1205 622 1
1206 622 1
1207 622 1
1208 622 1
622 623 1
1205 623 1
1206 623 1
1207 623 1
1208 623 1
389 624 1
390 624 1
1018 624 1
96 625 1
103 625 1
1143 625 1
627 626 1
626 627 1
639 627 1
640 627 1
641 627 1
314 628 2
630 629 1
631 629 1
629 630 1
631 630 2
629 631 1
630 631 2
314 632 1
412 632 1
607 632 1
1197 632 1
193 633 1
380 633 1
562 633 1
1152 633 1
389 634 1
390 634 1
461 634 1
251 635 2
278 635 2
346 635 3
419 635 2
588 635 1
642 635 1
985 635 1
132 636 1
174 636 3
513 636 1
969 636 1
1119 636 1
1120 636 1
1121 636 1
1129 637 1
1130 637 1
1131 637 1
1132 637 1
1133 637 1
1134 637 1
189 638 1
349 638 1
708 638 1
627 639 1
640 639 1
641 639 1
627 640 1
639 640 1
641 640 1
772 640 1
627 641 1
639 641 1
640 641 1
346 642 1
588 642 1
635 642 1
985 642 1
301 643 1
302 643 2
375 643 1
376 643 1
1137 643 1
110 644 1
575 644 1
646 645 1
663 645 1
771 645 1
645 646 1
663 646 1
771 646 1
648 647 1
647 648 1
175 649 1
554 649 1
555 649 1
957 649 1
277 650 1
344 650 1
372 650 1
373 650 1
1155 650 1
446 651 1
1065 651 1
119 652 1
654 653 1
726 653 1
727 653 1
728 653 1
653 654 1
726 654 1
727 654 1
728 654 1
1071 655 1
1072 655 1
198 656 1
541 656 1
542 656 1
677 657 1
850 657 1
851 657 1
792 658 1
793 658 2
880 658 1
881 658 1
1045 659 1
1046 659 1
1047 659 1
1048 659 1
1049 659 1
661 660 1
660 661 1
41 662 1
198 662 1
541 662 1
542 662 1
895 662 1
645 663 1
646 663 1
771 663 1
241 664 1
905 665 1
540 666 1
974 666 1
88 667 1
319 667 1
441 667 1
2 668 1
669 668 1
785 668 1
2 669 1
668 669 1
785 669 1
278 670 1
97 671 1
205 671 1
917 672 1
142 673 1
255 673 1
606 673 1
701 673 1
25 674 1
27 674 1
688 675 1
689 675 1
163 676 1
871 676 1
872 676 2
1035 676 1
1036 676 1
657 677 1
850 677 1
851 677 1
275 678 1
975 678 1
69 679 1
313 679 1
698 679 1
1019 680 1
1020 680 1
39 681 1
581 681 1
982 681 1
56 682 1
762 682 1
59 683 1
61 683 1
254 683 1
316 683 1
684 683 1
59 684 1
61 684 1
683 684 1
91 685 1
265 685 1
276 685 2
434 685 1
460 685 2
462 685 1
420 686 1
512 686 1
151 687 1
675 688 1
689 688 1
675 689 1
688 689 1
25 690 1
27 690 1
463 690 1
399 691 1
289 692 1
482 692 1
234 693 1
235 693 1
561 693 1
390 694 1
919 694 1
563 695 1
1198 695 1
1199 695 1
244 696 1
343 696 1
995 696 1
105 697 1
142 697 1
403 697 1
600 697 1
69 698 1
313 698 3
679 698 1
1115 698 1
97 699 1
53 700 2
1196 700 1
142 701 1
255 701 1
606 701 1
673 701 1
1123 702 1
193 703 1
217 703 1
365 703 1
603 703 1
773 703 1
1113 703 1
1114 703 1
275 704 1
328 704 1
329 704 1
422 704 1
705 704 1
275 705 1
328 705 1
329 705 1
422 705 1
704 705 1
564 706 1
707 706 1
1193 706 1
1194 706 1
564 707 1
706 707 1
1193 707 1
1194 707 1
189 708 1
349 708 1
638 708 1
364 709 1
612 709 1
710 709 1
364 710 1
612 710 1
709 710 1
742 710 1
954 710 1
155 711 1
947 712 1
1122 712 2
714 713 1
713 714 1
860 715 1
418 716 1
559 717 1
121 718 1
1058 718 1
800 719 1
801 719 1
721 720 1
722 720 1
720 721 1
722 721 1
720 722 1
721 722 1
283 723 1
724 723 1
283 724 1
723 724 1
74 725 1
75 725 1
769 725 1
653 726 1
654 726 1
727 726 1
728 726 1
653 727 1
654 727 1
726 727 1
728 727 1
653 728 1
654 728 1
726 728 1
727 728 1
28 729 1
52 729 1
80 729 1
28 730 1
732 731 1
731 732 1
36 733 1
734 733 1
36 734 1
733 734 1
124 735 1
171 735 2
196 735 1
271 735 1
866 735 1
59 736 1
60 736 1
61 736 1
118 736 1
2 737 1
126 737 1
128 737 1
129 737 1
62 738 1
739 738 1
62 739 1
738 739 1
67 740 1
28 741 1
710 742 1
48 743 1
476 743 1
745 744 1
744 745 1
747 746 1
748 746 1
746 747 1
748 747 1
746 748 1
747 748 1
534 749 1
535 749 1
750 749 1
751 749 1
752 749 1
534 750 1
535 750 1
749 750 1
751 750 1
752 750 1
534 751 1
535 751 1
749 751 1
750 751 1
752 751 1
534 752 1
535 752 1
749 752 1
750 752 1
751 752 1
484 753 1
485 753 1
754 753 1
484 754 1
485 754 1
753 754 1
232 755 1
486 755 1
487 755 1
488 755 1
489 755 1
131 756 1
132 756 1
757 756 1
131 757 1
132 757 1
756 757 1
64 758 1
95 758 1
187 759 1
760 759 1
187 760 1
759 760 1
50 761 1
52 761 1
252 761 1
56 762 1
682 762 1
234 763 1
764 763 1
234 764 1
763 764 1
138 765 1
766 765 1
138 766 1
765 766 1
768 767 1
767 768 1
725 769 1
770 769 3
852 769 1
853 769 1
854 769 1
769 770 3
645 771 1
646 771 1
663 771 1
640 772 1
703 773 1
139 774 1
77 775 1
578 775 2
1029 775 1
86 776 1
92 776 1
777 776 1
778 776 1
779 776 1
86 777 1
92 777 1
776 777 1
778 777 1
779 777 1
86 778 1
92 778 1
776 778 1
777 778 1
779 778 1
86 779 1
92 779 1
776 779 1
777 779 1
778 779 1
781 780 1
780 781 1
256 782 1
257 782 1
784 783 1
783 784 1
2 785 1
668 785 1
669 785 1
8 786 1
9 786 1
103 787 1
104 787 1
105 787 1
341 787 1
106 788 1
790 789 1
791 789 1
794 789 1
789 790 1
791 790 1
789 791 1
790 791 1
658 792 1
793 792 1
658 793 2
792 793 1
880 793 1
881 793 1
789 794 1
11 795 1
89 795 1
797 796 1
798 796 1
799 796 1
796 797 1
798 797 1
799 797 1
796 798 1
797 798 1
799 798 1
796 799 1
797 799 1
798 799 1
719 800 1
801 800 1
719 801 1
800 801 1
478 802 1
479 802 1
292 803 1
107 804 1
171 805 1
261 805 1
263 805 1
275 805 1
579 805 1
806 805 1
916 805 1
263 806 1
805 806 1
808 807 1
807 808 1
182 809 1
183 809 1
159 810 1
41 811 1
312 811 1
548 811 1
596 811 1
812 811 1
813 811 1
814 811 1
815 811 1
816 811 1
817 811 1
818 811 1
41 812 2
311 812 1
312 812 2
548 812 1
596 812 2
811 812 1
813 812 2
814 812 1
815 812 1
816 812 1
817 812 2
818 812 1
41 813 2
311 813 1
312 813 2
548 813 1
596 813 2
811 813 1
812 813 2
814 813 1
815 813 1
816 813 1
817 813 2
818 813 1
41 814 1
312 814 1
548 814 1
596 814 1
811 814 1
812 814 1
813 814 1
815 814 1
816 814 1
817 814 1
818 814 1
41 815 1
312 815 1
548 815 1
596 815 1
811 815 1
812 815 1
813 815 1
814 815 1
816 815 1
817 815 1
818 815 1
41 816 1
312 816 1
548 816 1
596 816 1
811 816 1
812 816 1
813 816 1
814 816 1
815 816 1
817 816 1
818 816 1
41 817 2
311 817 1
312 817 2
548 817 1
596 817 2
811 817 1
812 817 2
813 817 2
814 817 1
815 817 1
816 817 1
818 817 1
41 818 1
312 818 1
548 818 1
596 818 1
811 818 1
812 818 1
813 818 1
814 818 1
815 818 1
816 818 1
817 818 1
161 819 1
162 819 1
821 820 1
1125 820 1
1126 820 1
820 821 1
823 822 1
824 822 1
822 823 1
824 823 1
822 824 1
823 824 1
826 825 1
827 825 1
828 825 1
825 826 1
827 826 1
828 826 1
825 827 1
826 827 1
828 827 1
825 828 1
826 828 1
827 828 1
7 829 1
283 829 1
540 830 1
831 830 1
540 831 1
830 831 1
833 832 1
832 833 1
174 834 1
447 834 1
472 834 1
835 834 1
836 834 1
837 834 1
838 834 1
839 834 1
840 834 1
841 834 1
174 835 1
447 835 1
472 835 1
834 835 1
836 835 1
837 835 1
838 835 1
839 835 1
840 835 1
841 835 1
174 836 1
447 836 1
472 836 1
834 836 1
835 836 1
837 836 1
838 836 1
839 836 1
840 836 1
841 836 1
174 837 1
447 837 1
472 837 1
834 837 1
835 837 1
836 837 1
838 837 1
839 837 1
840 837 1
841 837 1
174 838 1
447 838 1
472 838 1
834 838 1
835 838 1
836 838 1
837 838 1
839 838 1
840 838 1
841 838 1
174 839 1
447 839 1
472 839 1
834 839 1
835 839 1
836 839 1
837 839 1
838 839 1
840 839 1
841 839 1
174 840 1
447 840 1
472 840 1
834 840 1
835 840 1
836 840 1
837 840 1
838 840 1
839 840 1
841 840 1
174 841 1
447 841 1
472 841 1
834 841 1
835 841 1
836 841 1
837 841 1
838 841 1
839 841 1
840 841 1
105 842 1
106 842 2
474 843 1
43 844 1
156 844 1
845 844 1
43 845 1
156 845 1
844 845 1
66 846 1
188 847 1
453 847 1
848 847 1
188 848 1
453 848 1
847 848 1
123 849 1
421 849 1
657 850 1
677 850 1
851 850 1
657 851 1
677 851 1
850 851 1
769 852 1
853 852 2
854 852 1
855 852 1
856 852 1
769 853 1
852 853 2
854 853 1
855 853 1
856 853 1
769 854 1
852 854 1
853 854 1
852 855 1
853 855 1
856 855 1
852 856 1
853 856 1
855 856 1
111 857 1
112 857 1
26 858 1
76 858 1
179 858 1
520 858 1
171 859 1
275 859 1
370 859 1
715 860 1
358 861 1
568 861 1
5 862 1
863 862 1
864 862 1
5 863 1
862 863 1
864 863 1
5 864 1
862 864 1
863 864 1
40 865 1
124 866 1
171 866 2
196 866 1
272 866 1
735 866 1
868 867 1
867 868 1
16 869 1
19 869 1
98 869 1
537 870 1
163 871 1
676 871 1
872 871 1
163 872 1
676 872 2
871 872 1
1035 872 1
1036 872 1
27 873 1
44 873 1
215 874 1
322 874 1
876 875 1
877 875 1
875 876 1
877 876 1
875 877 1
876 877 1
608 878 1
220 879 1
658 880 1
793 880 1
881 880 1
658 881 1
793 881 1
880 881 1
883 882 1
884 882 1
885 882 1
882 883 1
884 883 1
885 883 1
882 884 1
883 884 1
885 884 1
882 885 1
883 885 1
884 885 1
887 886 1
886 887 1
39 888 1
223 888 1
394 888 1
41 889 1
890 889 1
891 889 1
41 890 1
889 890 1
891 890 1
41 891 1
889 891 1
890 891 1
585 892 1
147 893 1
148 893 1
156 894 1
157 894 1
217 894 1
546 894 1
547 894 1
41 895 1
198 895 1
541 895 1
542 895 1
662 895 1
897 896 1
898 896 1
896 897 1
898 897 1
896 898 1
897 898 1
175 899 1
191 899 1
554 899 1
556 899 1
1108 899 1
119 900 1
253 900 1
902 901 1
903 901 1
904 901 1
901 902 1
903 902 1
904 902 1
901 903 1
902 903 1
904 903 1
901 904 1
902 904 1
903 904 1
665 905 1
277 906 1
369 907 1
397 907 1
909 908 1
908 909 1
500 910 1
501 910 3
945 910 2
1000 910 1
234 911 1
31 912 1
339 912 1
569 912 1
914 913 1
913 914 1
27 915 1
156 915 1
158 915 1
260 915 1
171 916 1
261 916 1
275 916 1
579 916 1
805 916 1
672 917 1
41 918 1
243 918 1
390 919 1
694 919 1
39 920 1
110 920 1
922 921 1
923 921 1
924 921 1
921 922 1
923 922 1
924 922 1
75 923 1
146 923 1
921 923 1
922 923 1
924 923 1
1135 923 1
921 924 1
922 924 1
923 924 1
261 925 1
579 925 1
580 925 1
2 926 1
3 926 1
42 926 1
325 926 1
247 927 1
928 927 1
929 927 1
247 928 1
927 928 1
929 928 1
247 929 1
927 929 1
928 929 1
931 930 2
930 931 2
247 932 1
933 932 1
934 932 1
247 933 1
932 933 1
934 933 1
247 934 1
932 934 1
933 934 1
198 935 1
164 936 1
165 936 1
166 936 1
367 936 1
385 936 1
101 937 1
240 937 1
290 938 1
190 939 1
303 940 1
304 940 1
305 940 1
10 941 1
21 941 1
22 941 1
23 941 1
11 942 1
336 942 1
393 942 1
437 943 1
1089 943 1
1090 943 1
27 944 1
43 944 1
115 944 1
501 945 3
910 945 2
1000 945 1
1162 945 1
1163 945 1
1164 945 1
248 946 1
947 946 1
248 947 1
712 947 1
946 947 1
1122 947 1
34 948 1
949 948 1
950 948 1
34 949 1
948 949 1
950 949 1
34 950 1
948 950 1
949 950 1
16 951 1
952 951 1
16 952 1
951 952 1
245 953 1
710 954 1
956 955 1
1001 955 1
1002 955 2
1159 955 1
1160 955 1
1161 955 1
955 956 1
175 957 2
554 957 1
555 957 1
649 957 1
959 958 1
958 959 1
114 960 1
233 960 1
961 960 1
114 961 1
233 961 1
960 961 1
49 962 1
31 963 4
1142 963 1
613 964 1
26 965 1
43 965 1
108 965 1
414 965 1
966 965 1
26 966 1
43 966 1
108 966 1
414 966 1
965 966 1
315 967 1
351 967 1
595 967 1
968 967 1
315 968 1
351 968 1
595 968 1
967 968 1
174 969 2
513 969 2
517 969 1
636 969 1
1119 969 1
1120 969 1
1121 969 1
120 970 1
120 971 1
973 972 1
972 973 1
540 974 1
666 974 1
275 975 1
678 975 1
977 976 1
976 977 1
444 978 1
465 978 1
73 979 1
16 980 1
19 980 1
63 981 1
39 982 3
169 982 2
413 982 1
581 982 1
681 982 1
1038 982 1
984 983 1
983 984 1
346 985 1
588 985 1
635 985 1
642 985 1
987 986 1
986 987 1
56 988 1
989 988 1
988 989 1
529 990 1
11 991 1
276 991 1
570 991 1
272 992 1
483 993 1
300 994 1
342 994 1
449 994 1
244 995 1
343 995 1
696 995 1
105 996 1
997 996 1
105 997 1
996 997 1
26 998 1
293 998 1
333 998 1
586 998 1
39 999 1
109 999 1
180 999 1
1005 999 1
1006 999 1
1007 999 1
1008 999 1
1009 999 1
501 1000 1
910 1000 1
945 1000 1
955 1001 1
1002 1001 1
955 1002 2
1001 1002 1
1159 1002 1
1160 1002 1
1161 1002 1
220 1003 2
306 1003 1
1004 1003 2
1037 1003 1
220 1004 2
306 1004 1
1003 1004 2
1037 1004 1
39 1005 1
109 1005 1
999 1005 1
1006 1005 1
1007 1005 1
1008 1005 1
1009 1005 1
39 1006 1
109 1006 1
999 1006 1
1005 1006 1
1007 1006 1
1008 1006 1
1009 1006 1
39 1007 1
109 1007 1
999 1007 1
1005 1007 1
1006 1007 1
1008 1007 1
1009 1007 1
39 1008 1
109 1008 1
999 1008 1
1005 1008 1
1006 1008 1
1007 1008 1
1009 1008 1
39 1009 1
109 1009 1
999 1009 1
1005 1009 1
1006 1009 1
1007 1009 1
1008 1009 1
320 1010 1
1011 1010 1
320 1011 1
1010 1011 1
160 1012 2
369 1012 1
622 1012 2
1061 1012 1
558 1013 1
8 1014 1
64 1014 1
8 1015 1
427 1015 1
428 1015 1
518 1015 1
238 1016 1
397 1016 1
27 1017 2
62 1017 2
309 1017 1
431 1017 1
1211 1017 1
389 1018 1
390 1018 1
624 1018 1
680 1019 1
1020 1019 1
680 1020 1
1019 1020 1
604 1021 1
8 1022 1
340 1022 1
1024 1023 1
1025 1023 1
1023 1024 1
1025 1024 1
1192 1024 1
1023 1025 1
1024 1025 1
622 1026 1
1028 1027 2
1027 1028 2
578 1029 1
775 1029 1
206 1030 1
1031 1030 1
206 1031 1
1030 1031 1
1033 1032 1
1034 1032 1
1032 1033 1
1034 1033 1
1032 1034 1
1033 1034 1
676 1035 1
872 1035 1
1036 1035 1
676 1036 1
872 1036 1
1035 1036 1
220 1037 1
306 1037 1
1003 1037 1
1004 1037 1
39 1038 1
169 1038 1
413 1038 1
982 1038 1
1040 1039 1
1041 1039 1
1042 1039 1
1039 1040 1
1041 1040 1
1042 1040 1
1039 1041 1
1040 1041 1
1042 1041 1
1039 1042 1
1040 1042 1
1041 1042 1
452 1043 1
279 1044 1
366 1044 1
659 1045 1
1046 1045 1
1047 1045 1
1048 1045 1
1049 1045 1
659 1046 1
1045 1046 1
1047 1046 1
1048 1046 1
1049 1046 1
659 1047 1
1045 1047 1
1046 1047 1
1048 1047 1
1049 1047 1
659 1048 1
1045 1048 1
1046 1048 1
1047 1048 1
1049 1048 1
659 1049 1
1045 1049 1
1046 1049 1
1047 1049 1
1048 1049 1
1051 1050 1
1052 1050 1
1050 1051 1
1052 1051 1
1050 1052 1
1051 1052 1
48 1053 1
475 1053 1
1055 1054 1
1054 1055 1
452 1056 1
1057 1056 1
452 1057 1
1056 1057 1
121 1058 1
718 1058 1
106 1059 2
471 1059 1
1060 1059 1
1165 1059 1
106 1060 1
1059 1060 1
160 1061 1
369 1061 1
622 1061 1
1012 1061 1
461 1062 1
1063 1062 1
461 1063 1
1062 1063 1
11 1064 2
78 1064 1
79 1064 1
89 1064 1
199 1064 2
415 1064 1
416 1064 1
446 1065 1
651 1065 1
368 1066 1
369 1066 1
3 1067 1
27 1067 1
39 1067 1
109 1067 1
110 1067 1
506 1067 1
1068 1067 1
1069 1067 1
1070 1067 1
3 1068 1
27 1068 1
39 1068 1
109 1068 1
110 1068 1
506 1068 1
1067 1068 1
1069 1068 1
1070 1068 1
3 1069 1
27 1069 1
39 1069 1
109 1069 1
110 1069 1
506 1069 1
1067 1069 1
1068 1069 1
1070 1069 1
3 1070 1
27 1070 1
39 1070 1
109 1070 1
110 1070 1
506 1070 1
1067 1070 1
1068 1070 1
1069 1070 1
655 1071 1
1072 1071 1
655 1072 1
1071 1072 1
81 1073 1
186 1073 1
1074 1073 1
81 1074 1
186 1074 1
1073 1074 1
531 1075 1
532 1075 1
56 1076 1
232 1077 1
1188 1077 1
511 1078 1
1079 1078 1
511 1079 1
1078 1079 1
228 1080 1
1081 1080 1
228 1081 1
1080 1081 1
64 1082 1
364 1082 1
190 1083 1
1084 1083 1
1085 1083 1
1086 1083 1
190 1084 1
1083 1084 1
1085 1084 1
1086 1084 1
190 1085 1
345 1085 1
1083 1085 1
1084 1085 1
1086 1085 1
1212 1085 1
1213 1085 1
190 1086 1
1083 1086 1
1084 1086 1
1085 1086 1
2 1087 1
326 1087 1
1088 1087 1
2 1088 1
326 1088 1
1087 1088 1
943 1089 1
1090 1089 1
943 1090 1
1089 1090 1
308 1091 1
614 1092 1
615 1092 1
312 1093 1
1094 1093 1
1095 1093 1
1096 1093 1
1097 1093 1
312 1094 1
1093 1094 1
1095 1094 1
1096 1094 1
1097 1094 1
312 1095 1
1093 1095 1
1094 1095 1
1096 1095 1
1097 1095 1
312 1096 1
1093 1096 1
1094 1096 1
1095 1096 1
1097 1096 1
312 1097 1
1093 1097 1
1094 1097 1
1095 1097 1
1096 1097 1
119 1098 1
354 1099 1
355 1099 1
356 1099 1
1100 1099 1
1101 1099 1
354 1100 1
355 1100 1
356 1100 1
1099 1100 1
1101 1100 1
354 1101 1
355 1101 1
356 1101 1
1099 1101 1
1100 1101 1
454 1102 1
17 1103 1
1104 1103 1
17 1104 1
1103 1104 1
159 1105 1
25 1106 1
27 1106 1
173 1107 1
191 1108 1
899 1108 1
26 1109 1
432 1109 1
467 1109 1
1110 1109 1
26 1110 1
432 1110 1
467 1110 1
1109 1110 1
471 1111 1
143 1112 1
217 1113 1
703 1113 1
1114 1113 1
217 1114 1
703 1114 1
1113 1114 1
313 1115 1
698 1115 1
228 1116 1
447 1116 1
122 1117 1
1118 1117 1
122 1118 1
1117 1118 1
174 1119 1
513 1119 1
636 1119 1
969 1119 1
1120 1119 1
1121 1119 1
174 1120 1
513 1120 1
636 1120 1
969 1120 1
1119 1120 1
1121 1120 1
174 1121 1
513 1121 1
636 1121 1
969 1121 1
1119 1121 1
1120 1121 1
712 1122 2
947 1122 1
702 1123 1
15 1124 1
605 1124 1
820 1125 1
1126 1125 1
820 1126 1
1125 1126 1
43 1127 1
451 1127 1
1128 1127 1
43 1128 1
451 1128 1
1127 1128 1
637 1129 1
1130 1129 1
1131 1129 1
1132 1129 1
1133 1129 1
1134 1129 1
637 1130 1
1129 1130 1
1131 1130 1
1132 1130 1
1133 1130 1
1134 1130 1
637 1131 1
1129 1131 1
1130 1131 1
1132 1131 1
1133 1131 1
1134 1131 1
637 1132 1
1129 1132 1
1130 1132 1
1131 1132 1
1133 1132 1
1134 1132 1
637 1133 1
1129 1133 1
1130 1133 1
1131 1133 1
1132 1133 1
1134 1133 1
637 1134 1
1129 1134 1
1130 1134 1
1131 1134 1
1132 1134 1
1133 1134 1
17 1135 1
75 1135 1
102 1135 1
124 1135 1
146 1135 1
923 1135 1
47 1136 1
60 1136 1
381 1136 1
456 1136 1
302 1137 1
643 1137 1
362 1138 1
1139 1138 1
362 1139 1
1138 1139 1
412 1140 1
1141 1140 1
412 1141 1
1140 1141 1
31 1142 1
963 1142 1
96 1143 1
103 1143 1
625 1143 1
1145 1144 1
1146 1144 1
1144 1145 1
1146 1145 1
1144 1146 1
1145 1146 1
286 1147 1
1148 1147 1
286 1148 1
1147 1148 1
164 1149 1
166 1149 1
1150 1149 1
164 1150 1
166 1150 1
1149 1150 1
150 1151 1
603 1151 1
193 1152 1
380 1152 1
562 1152 1
633 1152 1
410 1153 1
1154 1153 1
410 1154 1
1153 1154 1
277 1155 1
344 1155 1
372 1155 1
373 1155 1
650 1155 1
26 1156 1
194 1157 1
259 1157 1
1158 1157 1
194 1158 1
259 1158 1
1157 1158 1
955 1159 1
1002 1159 1
1160 1159 1
1161 1159 1
955 1160 1
1002 1160 1
1159 1160 1
1161 1160 1
955 1161 1
1002 1161 1
1159 1161 1
1160 1161 1
501 1162 1
945 1162 1
1163 1162 1
1164 1162 1
501 1163 1
945 1163 1
1162 1163 1
1164 1163 1
501 1164 1
945 1164 1
1162 1164 1
1163 1164 1
106 1165 1
471 1165 1
1059 1165 1
1167 1166 1
1166 1167 1
1169 1168 1
1170 1168 1
1171 1168 1
1172 1168 1
1173 1168 1
1168 1169 1
1170 1169 1
1171 1169 1
1172 1169 1
1173 1169 1
1168 1170 1
1169 1170 1
1171 1170 1
1172 1170 1
1173 1170 1
1168 1171 1
1169 1171 1
1170 1171 1
1172 1171 1
1173 1171 1
1168 1172 1
1169 1172 1
1170 1172 1
1171 1172 1
1173 1172 1
1168 1173 1
1169 1173 1
1170 1173 1
1171 1173 1
1172 1173 1
272 1174 1
382 1175 1
383 1175 1
1176 1175 1
1177 1175 1
382 1176 1
383 1176 1
1175 1176 1
1177 1176 1
382 1177 1
383 1177 1
1175 1177 1
1176 1177 1
62 1178 1
457 1178 1
458 1178 1
459 1178 1
1179 1178 1
62 1179 1
457 1179 1
458 1179 1
459 1179 1
1178 1179 1
87 1180 1
350 1180 1
29 1181 1
261 1181 1
587 1181 1
1183 1182 1
1182 1183 1
335 1184 1
1185 1184 1
1186 1184 1
1187 1184 1
335 1185 1
1184 1185 1
1186 1185 1
1187 1185 1
335 1186 1
1184 1186 1
1185 1186 1
1187 1186 1
335 1187 1
1184 1187 1
1185 1187 1
1186 1187 1
1077 1188 1
1190 1189 1
1189 1190 1
27 1191 1
32 1191 1
1024 1192 1
564 1193 1
706 1193 1
707 1193 1
1194 1193 1
564 1194 1
706 1194 1
707 1194 1
1193 1194 1
216 1195 1
394 1195 1
395 1195 1
396 1195 1
53 1196 1
700 1196 1
314 1197 1
412 1197 1
607 1197 1
632 1197 1
563 1198 1
695 1198 1
1199 1198 1
563 1199 1
695 1199 1
1198 1199 1
1201 1200 1
1200 1201 1
1203 1202 1
1204 1202 1
1202 1203 1
1204 1203 1
1202 1204 1
1203 1204 1
622 1205 1
623 1205 1
1206 1205 1
1207 1205 1
1208 1205 1
622 1206 1
623 1206 1
1205 1206 1
1207 1206 1
1208 1206 1
622 1207 1
623 1207 1
1205 1207 1
1206 1207 1
1208 1207 1
622 1208 1
623 1208 1
1205 1208 1
1206 1208 1
1207 1208 1
1210 1209 1
1209 1210 1
27 1211 1
62 1211 1
309 1211 1
1017 1211 1
345 1212 1
1085 1212 1
1213 1212 1
345 1213 1
1085 1213 1
1212 1213 1
