16 1 1
36 1 1
77 1 1
1376 1 1
1843 1 1
731 2 1
59 3 2
60 3 2
75 3 2
1890 3 2
1891 3 1
2072 3 1
22 4 1
61 4 1
117 4 2
234 4 1
265 4 1
324 4 1
325 4 2
326 4 1
327 4 1
496 4 1
615 4 1
633 4 2
646 4 1
766 4 1
782 4 2
840 4 1
905 4 1
1007 4 2
1021 4 2
1063 4 1
1064 4 2
1190 4 2
1229 4 1
1584 4 2
1763 4 1
1829 4 1
1830 4 1
1831 4 1
1832 4 1
1888 4 2
1889 4 1
1931 4 2
1944 4 2
1945 4 2
2181 4 1
2206 4 2
2329 4 1
2330 4 1
6 5 1
52 5 1
124 5 1
2110 5 1
5 6 1
52 6 1
123 6 1
124 6 1
2110 6 1
23 7 1
61 7 2
62 7 1
226 7 1
861 7 1
1007 7 1
1064 7 1
1659 7 2
1744 7 1
1848 7 3
1885 7 2
2276 7 1
2277 7 1
444 8 1
1690 8 1
1691 8 1
1692 8 1
10 9 1
51 9 1
1981 9 1
1982 9 1
1983 9 1
9 10 1
51 10 1
1981 10 1
1982 10 1
1983 10 1
1379 11 1
447 12 1
2114 12 1
1813 13 1
2133 13 1
2134 13 1
2135 13 1
18 14 2
54 14 1
55 14 1
205 14 1
236 14 1
1675 14 1
2209 14 1
2208 15 1
1 16 1
36 16 1
77 16 2
78 16 1
2182 16 1
2183 16 1
125 17 1
14 18 2
54 18 1
55 18 1
205 18 2
236 18 1
237 18 1
1675 18 1
2209 18 1
2230 18 1
671 19 1
2179 20 1
2082 21 1
2192 21 1
2193 21 1
2194 21 1
4 22 1
61 22 1
117 22 1
172 22 1
234 22 1
265 22 1
633 22 1
782 22 1
840 22 1
1007 22 1
1021 22 1
1064 22 1
1190 22 1
1584 22 1
1763 22 1
1931 22 1
1944 22 1
1945 22 1
1997 22 1
2172 22 1
2206 22 1
7 23 1
861 23 1
1659 23 1
25 24 1
216 24 1
24 25 1
216 25 1
66 26 1
2124 26 1
2125 26 1
111 27 1
268 27 1
440 27 1
2214 27 1
670 28 1
671 28 1
291 29 1
411 29 1
985 29 1
986 29 2
1029 29 1
1760 29 1
1761 29 1
1762 29 1
254 30 1
1619 30 1
41 31 1
891 31 1
221 32 1
658 32 2
660 32 1
1892 32 1
1893 32 1
1894 32 1
1993 32 1
2215 32 1
34 33 1
1250 33 1
1251 33 1
33 34 1
1250 34 1
1251 34 1
211 35 1
861 35 1
1533 35 1
1 36 1
16 36 1
77 36 1
38 37 1
37 38 1
432 39 1
799 39 1
415 40 1
416 40 1
417 40 1
422 40 1
31 41 1
891 41 1
1908 42 1
51 43 1
342 43 1
727 43 1
763 43 1
1376 43 1
2121 44 1
2148 44 1
203 45 1
772 46 1
73 47 1
544 47 1
2151 47 1
82 48 1
1679 48 1
234 49 1
228 50 1
9 51 1
10 51 1
43 51 1
727 51 1
1981 51 1
1982 51 1
1983 51 1
5 52 1
6 52 1
124 52 1
2110 52 1
1461 53 1
1462 53 1
1463 53 1
14 54 1
18 54 1
55 54 1
236 54 1
2209 54 1
14 55 1
18 55 1
54 55 1
236 55 1
2209 55 1
418 56 1
2099 56 1
2100 56 1
318 57 1
957 58 1
958 58 1
959 58 1
960 58 1
961 58 1
3 59 2
60 59 2
75 59 2
1890 59 2
1891 59 1
3 60 2
59 60 2
75 60 2
1890 60 2
1891 60 1
4 61 1
7 61 2
22 61 1
62 61 5
63 61 2
117 61 1
234 61 1
265 61 1
407 61 1
633 61 1
782 61 1
840 61 1
1007 61 3
1021 61 1
1064 61 2
1190 61 1
1584 61 1
1677 61 1
1744 61 1
1763 61 1
1896 61 1
1897 61 1
1931 61 1
1944 61 1
1945 61 1
2206 61 1
2276 61 1
2277 61 1
2321 61 1
2322 61 1
7 62 1
61 62 5
63 62 2
407 62 1
2276 62 1
2277 62 1
2321 62 1
2322 62 1
61 63 2
62 63 2
1426 64 1
1427 64 1
2096 65 1
26 66 1
2124 66 1
2125 66 1
182 67 1
413 68 1
1909 68 1
70 69 1
371 69 1
1743 69 1
69 70 1
371 70 1
1743 70 1
206 71 1
220 71 1
741 72 1
47 73 1
250 73 2
544 73 3
1943 73 1
2151 73 1
1298 74 1
1626 74 1
1627 74 1
1730 74 1
3 75 2
59 75 2
60 75 2
1890 75 2
1891 75 1
91 76 1
718 76 1
719 76 1
720 76 1
1 77 1
16 77 2
36 77 1
78 77 1
2182 77 1
2183 77 1
16 78 1
77 78 1
2182 78 1
2183 78 1
147 79 1
150 79 1
268 79 1
340 79 1
429 79 1
595 79 1
715 79 1
716 79 1
717 79 1
782 79 1
854 79 1
1064 79 1
2205 79 1
2206 79 1
2207 79 1
295 80 1
390 80 1
1475 80 1
1476 80 1
1477 80 1
186 81 1
785 81 1
786 81 1
787 81 1
788 81 1
789 81 1
48 82 1
1031 82 1
1387 82 1
1679 82 1
450 83 1
478 83 1
1912 83 1
209 84 1
1584 85 1
210 86 1
315 86 1
336 86 1
1123 86 1
2184 86 1
2185 86 1
1058 87 3
1059 87 3
1628 87 1
1629 87 1
1630 87 1
159 88 1
1420 88 1
1421 88 1
220 89 3
975 89 1
1711 89 2
1954 89 1
1578 90 1
1579 90 1
1960 90 1
76 91 1
718 91 1
719 91 1
720 91 1
354 92 1
372 92 1
632 92 1
1066 93 2
1067 93 1
1906 93 1
1907 93 1
2102 93 1
384 94 1
473 94 1
1489 94 1
119 95 1
268 95 1
440 95 1
1566 95 1
2214 95 1
2220 95 1
2221 95 1
954 96 2
955 96 2
287 97 1
750 97 1
2113 98 1
141 99 1
740 99 1
117 100 1
1561 100 1
1482 101 1
2086 102 1
2087 102 1
2082 103 1
1517 104 1
1620 104 1
387 105 1
784 105 1
1255 105 1
679 106 1
680 106 1
681 106 1
682 106 1
156 107 1
162 107 1
1354 107 1
1355 107 1
158 108 1
1529 108 1
1530 108 1
110 109 2
522 109 1
109 110 2
518 110 1
522 110 1
548 110 2
1501 110 1
27 111 1
268 111 1
440 111 1
2214 111 1
1339 112 2
1340 112 2
1941 113 1
1942 113 1
2210 114 1
2211 114 1
116 115 1
115 116 1
4 117 2
22 117 1
61 117 1
100 117 1
234 117 1
265 117 1
496 117 1
505 117 2
615 117 1
633 117 2
646 117 1
766 117 1
782 117 2
840 117 1
905 117 1
1007 117 2
1021 117 2
1063 117 1
1064 117 2
1190 117 2
1229 117 1
1561 117 1
1584 117 2
1665 117 1
1763 117 1
1931 117 2
1944 117 2
1945 117 2
2206 117 2
800 118 1
95 119 1
268 119 1
440 119 1
2214 119 1
2220 119 1
2221 119 1
1537 120 1
1538 120 1
173 121 2
1495 121 1
136 122 1
6 123 1
5 124 1
6 124 1
52 124 1
2110 124 1
17 125 1
954 125 1
955 125 1
130 126 1
131 126 1
163 126 1
1038 127 1
1039 127 1
129 128 1
191 128 1
128 129 1
191 129 1
126 130 1
131 130 1
163 130 1
126 131 1
130 131 1
163 131 1
811 132 1
886 133 1
2297 133 1
2298 133 1
1565 134 1
280 135 1
463 135 1
464 135 1
122 136 1
145 137 2
170 137 2
175 137 1
1599 137 1
1013 138 1
1014 138 1
151 139 1
385 139 1
347 140 1
1807 140 1
2157 140 1
99 141 1
740 141 1
683 142 1
367 143 1
1589 143 1
1590 143 1
332 144 1
953 144 1
137 145 2
170 145 2
175 145 1
176 145 1
177 145 1
1599 145 1
1284 146 1
1285 146 1
79 147 1
150 147 1
179 148 4
1587 148 2
414 149 2
1268 149 1
1278 149 1
1517 149 1
1518 149 1
79 150 1
147 150 1
139 151 1
385 151 1
412 152 1
1456 153 2
1457 153 1
1458 153 1
1459 153 1
1460 153 1
1199 154 1
1613 154 1
1614 154 1
1615 154 1
1616 154 1
1617 154 1
1363 155 1
1364 155 1
107 156 1
162 156 1
1354 156 1
1355 156 1
1751 157 1
1752 157 1
108 158 1
1529 158 1
1530 158 1
88 159 1
1420 159 1
1421 159 1
268 160 1
440 160 1
442 160 1
2214 160 1
2228 160 1
595 161 1
895 161 1
1243 161 1
1244 161 1
1245 161 1
107 162 1
156 162 1
1354 162 1
1355 162 1
126 163 1
130 163 1
131 163 1
591 164 1
1996 164 1
1519 165 1
1603 166 1
1604 166 1
283 167 1
284 167 1
1687 167 1
1437 168 1
708 169 1
709 169 1
710 169 1
137 170 2
145 170 2
175 170 1
1599 170 1
275 171 1
276 171 1
383 171 1
1556 171 1
1557 171 1
1558 171 1
22 172 1
2172 172 1
121 173 2
544 173 1
1495 173 1
1895 173 1
1693 174 1
137 175 1
145 175 1
170 175 1
145 176 1
177 176 1
145 177 1
176 177 1
470 178 1
148 179 4
1587 179 2
2069 179 1
362 180 1
1726 181 1
67 182 1
392 183 1
1994 183 1
1995 183 1
1319 184 1
1320 184 1
1490 184 1
1043 185 1
1044 185 1
1045 185 1
1046 185 1
1269 185 1
1270 185 1
1271 185 1
1272 185 1
1273 185 1
1274 185 1
1275 185 1
1276 185 1
1277 185 1
81 186 1
785 186 1
786 186 1
787 186 1
788 186 1
789 186 1
188 187 1
189 187 1
190 187 1
187 188 1
189 188 1
190 188 1
187 189 1
188 189 1
190 189 1
187 190 1
188 190 1
189 190 1
128 191 1
129 191 1
278 192 1
292 192 1
888 192 1
889 192 1
890 192 1
194 193 5
334 193 2
368 193 1
962 193 1
2078 193 1
2079 193 1
193 194 5
334 194 1
368 194 1
207 195 1
544 195 1
547 195 1
2197 195 1
2198 195 1
565 196 1
619 196 1
1991 197 1
1992 197 1
2028 197 1
2029 197 1
2030 197 1
2031 197 1
935 198 2
1378 198 2
2073 198 1
2074 198 1
2127 198 1
2293 198 1
2294 198 1
2295 198 1
2296 198 1
1035 199 1
1479 200 1
481 201 1
482 201 1
240 202 1
2033 202 1
2034 202 1
2035 202 1
45 203 1
736 204 1
737 204 1
14 205 1
18 205 2
237 205 1
1675 205 1
2230 205 1
71 206 1
220 206 1
195 207 1
544 207 1
547 207 3
1679 207 3
1771 207 1
1702 208 1
1980 208 1
84 209 1
489 209 2
86 210 1
336 210 1
2184 210 1
2185 210 1
35 211 1
861 211 1
1533 211 1
224 212 1
452 212 1
1040 212 1
1367 213 1
1368 213 1
1753 214 1
1754 214 1
1755 214 1
1543 215 1
24 216 1
25 216 1
1878 217 2
1879 217 2
1880 217 2
1976 217 1
1861 218 1
227 219 1
268 219 2
440 219 2
441 219 2
71 220 1
89 220 3
206 220 1
340 220 1
975 220 1
1711 220 2
1813 220 1
1954 220 1
32 221 1
658 221 1
229 222 1
1430 223 1
212 224 1
452 224 1
1040 224 1
2105 225 1
2106 225 1
7 226 1
1659 226 1
1848 226 1
219 227 1
268 227 3
440 227 2
441 227 3
999 227 1
1000 227 1
1099 227 1
1100 227 1
50 228 1
222 229 1
1041 229 1
1042 229 1
233 230 3
744 230 1
745 230 1
1864 231 1
1865 231 1
621 232 1
622 232 1
230 233 3
4 234 1
22 234 1
49 234 1
61 234 1
117 234 1
265 234 1
591 234 1
633 234 1
782 234 1
840 234 1
1007 234 1
1021 234 1
1064 234 1
1190 234 1
1584 234 1
1763 234 1
1931 234 1
1944 234 1
1945 234 1
2206 234 1
293 235 1
451 235 1
909 235 1
910 235 1
1141 235 1
14 236 1
18 236 1
54 236 1
55 236 1
2209 236 1
18 237 1
205 237 1
2230 237 1
381 238 1
382 238 1
1325 238 1
298 239 2
804 239 1
1680 239 1
1681 239 1
202 240 1
2033 240 2
2034 240 1
2035 240 1
2107 240 1
2108 240 1
2109 240 1
1836 241 1
1837 241 1
852 242 1
2267 243 1
2268 243 1
2017 244 1
2018 244 1
2019 244 1
538 245 1
963 245 1
850 246 1
923 246 1
924 246 1
925 246 1
926 246 1
927 246 1
535 247 2
2328 248 1
1840 249 1
1841 249 1
73 250 2
544 250 2
1943 250 1
353 251 3
2093 251 1
2094 251 1
1159 252 1
1160 252 1
1161 252 1
286 253 2
1195 253 2
1196 253 1
30 254 1
1619 254 1
1502 255 1
1503 255 1
749 256 1
1151 256 1
1152 256 1
1153 256 1
1154 256 1
1138 257 1
989 258 2
990 258 7
2327 258 1
460 259 1
1375 259 1
882 260 1
1389 261 1
1390 261 1
1391 261 1
1260 262 1
1261 262 1
1575 263 2
1749 263 1
849 264 1
4 265 1
22 265 1
61 265 1
117 265 1
234 265 1
633 265 1
782 265 1
840 265 1
1007 265 1
1021 265 1
1064 265 1
1190 265 1
1584 265 1
1763 265 1
1931 265 1
1944 265 1
1945 265 1
2206 265 1
290 266 1
268 267 1
711 267 1
27 268 1
79 268 1
95 268 1
111 268 1
119 268 1
160 268 1
219 268 2
227 268 3
267 268 1
340 268 1
408 268 2
440 268 7
441 268 5
442 268 1
595 268 1
711 268 2
782 268 1
783 268 1
854 268 1
999 268 2
1000 268 2
1064 268 1
1099 268 2
1100 268 1
1237 268 1
1286 268 2
1338 268 1
2205 268 1
2206 268 1
2207 268 1
2214 268 3
2220 268 1
2221 268 1
2228 268 1
728 269 1
729 269 1
730 269 1
506 270 1
712 270 1
713 270 1
507 271 1
448 272 2
454 272 1
455 272 2
2068 272 1
586 273 1
587 273 1
1535 274 1
171 275 1
276 275 1
383 275 1
1556 275 1
1557 275 1
1558 275 1
171 276 1
275 276 1
383 276 1
1556 276 1
1557 276 1
1558 276 1
483 277 1
192 278 1
292 278 1
888 278 1
889 278 1
890 278 1
885 279 2
886 279 4
887 279 2
1061 279 1
135 280 1
463 280 1
464 280 1
1218 281 2
1705 282 1
1706 282 1
167 283 1
284 283 1
1687 283 1
167 284 1
283 284 1
1687 284 1
466 285 1
1434 285 1
253 286 2
1195 286 1
97 287 1
750 287 1
289 288 1
1169 288 1
288 289 1
1169 289 1
266 290 1
405 290 1
1645 290 1
29 291 1
192 292 1
278 292 1
888 292 1
889 292 1
890 292 1
235 293 1
1141 293 1
2097 294 1
80 295 1
390 295 1
1475 295 1
1476 295 1
1477 295 1
377 296 2
655 296 1
656 296 1
1656 296 2
1510 297 1
1511 297 1
239 298 2
801 298 1
802 298 1
803 298 1
804 298 2
1680 298 1
1681 298 1
1248 299 1
1249 299 1
301 300 1
1114 300 1
1731 300 1
1732 300 1
1733 300 1
1734 300 1
300 301 1
531 301 4
532 301 1
533 301 1
1113 301 2
1114 301 3
1731 301 1
1732 301 1
1733 301 1
1734 301 1
1817 301 1
1818 301 1
1910 301 1
1911 301 3
1977 301 2
1978 301 1
1979 301 2
2142 301 1
2143 301 1
812 302 1
813 302 1
305 303 1
1940 304 5
2149 304 1
303 305 1
2092 306 1
380 307 1
1213 307 1
2115 308 1
2116 308 1
677 309 1
678 309 1
1409 309 1
319 310 1
623 310 1
321 311 1
379 311 1
2336 311 1
2337 311 1
2338 311 1
1411 312 2
1412 312 2
1413 312 2
1414 312 2
1419 312 1
863 313 1
1175 313 1
1176 313 1
1177 313 1
1178 313 1
1361 314 1
1362 314 1
86 315 1
335 315 1
959 315 1
1123 315 1
400 316 1
539 316 1
732 317 1
1135 317 3
2178 317 1
57 318 1
310 319 1
623 319 1
658 320 1
659 320 1
311 321 1
379 321 1
2336 321 1
2337 321 1
2338 321 1
363 322 1
1190 323 1
1192 323 1
4 324 1
325 324 1
326 324 1
327 324 1
1888 324 1
1889 324 1
4 325 2
324 325 1
326 325 1
327 325 1
1888 325 1
1889 325 1
4 326 1
324 326 1
325 326 1
327 326 1
1888 326 1
1889 326 1
4 327 1
324 327 1
325 327 1
326 327 1
1888 327 1
1889 327 1
859 328 1
2255 329 1
2256 329 1
2257 329 1
1641 330 2
1642 330 1
1643 330 2
1644 330 2
1789 330 2
1987 330 1
1641 331 1
1642 331 2
1643 331 2
1644 331 2
1847 331 1
144 332 1
953 332 1
658 333 1
660 333 1
1693 333 1
193 334 2
194 334 1
315 335 1
86 336 1
210 336 1
2184 336 1
2185 336 1
751 337 1
2136 338 1
2137 338 1
2140 338 1
2141 338 1
2304 338 1
2212 339 1
2213 339 1
79 340 1
220 340 1
268 340 1
542 340 1
543 340 1
545 340 1
546 340 1
558 340 1
561 340 1
595 340 1
602 340 1
603 340 1
782 340 1
854 340 1
958 340 1
1064 340 1
1698 340 2
1813 340 1
1819 340 2
1820 340 2
1963 340 1
2020 340 1
2021 340 1
2205 340 1
2206 340 1
2207 340 1
475 341 1
1724 341 1
1725 341 1
43 342 1
763 342 1
1007 343 1
1021 343 2
1136 343 1
1756 343 1
1757 343 1
345 344 1
968 344 1
2075 344 1
344 345 1
968 345 1
1919 346 1
1920 346 1
1921 346 1
1922 346 1
1923 346 1
1924 346 1
140 347 1
350 347 3
1807 347 3
1876 347 1
2010 347 1
2011 347 2
2126 347 1
2157 347 1
2307 347 1
2308 347 1
2309 347 1
2310 347 1
2311 347 1
349 348 1
348 349 1
347 350 3
1807 350 1
2011 350 1
2126 350 1
393 351 3
695 352 1
2163 352 1
251 353 3
2093 353 1
2094 353 1
92 354 1
372 354 1
632 354 1
922 355 1
357 356 1
358 356 4
359 356 1
360 356 1
361 356 2
1487 356 1
1867 356 1
1868 356 2
1937 356 1
356 357 1
358 357 1
1867 357 1
1868 357 1
356 358 4
357 358 1
359 358 1
360 358 1
361 358 2
1487 358 1
1867 358 1
1868 358 2
1937 358 1
356 359 1
358 359 1
360 359 1
361 359 1
356 360 1
358 360 1
359 360 1
361 360 1
356 361 2
358 361 2
359 361 1
360 361 1
1487 361 1
180 362 1
322 363 1
364 363 1
366 363 3
1341 363 1
1344 363 1
363 364 1
366 364 1
1344 364 1
428 365 1
479 365 1
1468 365 1
1469 365 1
1470 365 1
363 366 3
364 366 1
1341 366 1
1344 366 1
143 367 1
1589 367 1
1590 367 1
193 368 1
194 368 1
370 369 1
1667 369 1
1668 369 1
369 370 1
1667 370 1
1668 370 1
69 371 1
70 371 1
1743 371 1
92 372 1
354 372 1
632 372 1
1088 373 1
1089 373 1
376 374 1
376 375 1
374 376 1
375 376 1
1750 376 1
2167 376 1
2168 376 1
296 377 2
656 377 2
1656 377 2
631 378 1
311 379 1
321 379 1
2336 379 1
2337 379 1
2338 379 1
307 380 1
1213 380 1
238 381 1
382 381 1
1325 381 1
1404 381 1
1405 381 1
1406 381 1
238 382 1
381 382 1
1325 382 1
171 383 1
275 383 1
276 383 1
1556 383 1
1557 383 1
1558 383 1
94 384 1
473 384 1
1489 384 1
139 385 1
151 385 1
1101 386 1
105 387 1
389 387 1
714 387 1
784 387 2
994 387 1
995 387 1
996 387 1
997 387 1
998 387 1
1255 387 1
2032 387 2
1104 388 1
387 389 1
994 389 1
995 389 1
996 389 1
80 390 1
295 390 1
1475 390 1
1476 390 1
1477 390 1
907 391 1
908 391 1
183 392 1
1994 392 1
1995 392 1
351 393 3
2036 394 1
2037 394 1
1560 395 1
406 396 1
1360 396 1
1079 397 1
1080 397 1
1081 397 1
1082 397 1
1124 398 1
1125 398 1
1126 398 1
929 399 1
316 400 1
616 401 2
617 401 4
618 401 4
1172 401 1
1173 401 1
1174 401 1
1796 401 1
1797 401 1
1898 401 1
1899 401 1
625 402 1
903 402 1
404 403 2
1611 403 2
403 404 2
1611 404 2
290 405 1
1645 405 1
396 406 1
1360 406 1
61 407 1
62 407 1
2321 407 1
2322 407 1
268 408 2
1001 409 1
551 410 1
29 411 1
1029 411 1
152 412 1
68 413 1
1909 413 1
149 414 2
1268 414 1
1278 414 1
40 415 1
416 415 1
417 415 1
422 415 1
40 416 1
415 416 1
417 416 1
422 416 1
40 417 1
415 417 1
416 417 1
422 417 1
56 418 1
2099 418 1
2100 418 1
500 419 1
501 419 1
1933 420 1
1783 421 1
1784 421 1
1785 421 1
1786 421 1
1787 421 1
1788 421 1
40 422 1
415 422 1
416 422 1
417 422 1
426 423 1
614 424 1
615 424 3
1373 424 1
928 425 1
423 426 1
439 427 1
1636 427 1
1812 427 1
365 428 1
479 428 1
1402 428 1
1403 428 2
1468 428 1
1469 428 1
1470 428 1
2095 428 1
79 429 1
461 430 1
1429 430 1
1585 430 1
1869 430 1
2065 431 1
2066 431 1
2067 431 1
39 432 1
799 432 1
1504 432 1
434 433 3
624 433 1
2070 433 1
2071 433 1
433 434 3
476 434 1
624 434 1
780 434 1
1683 434 1
2070 434 2
2071 434 1
471 435 1
1093 435 1
1094 435 1
1861 436 1
1777 437 1
1778 437 1
1779 437 1
1727 438 3
1728 438 1
1729 438 1
427 439 1
1634 439 3
1635 439 1
1636 439 2
1637 439 1
1638 439 1
1794 439 2
1812 439 1
27 440 1
95 440 1
111 440 1
119 440 1
160 440 1
219 440 2
227 440 2
268 440 7
441 440 4
442 440 1
783 440 1
2214 440 3
2220 440 1
2221 440 1
2228 440 1
219 441 2
227 441 3
268 441 5
440 441 4
783 441 1
999 441 1
1000 441 1
1099 441 1
1100 441 1
160 442 1
268 442 1
440 442 1
2214 442 1
2228 442 1
1256 443 1
2199 443 1
2200 443 1
2201 443 1
2202 443 1
2203 443 1
2204 443 1
8 444 1
1690 444 1
1691 444 1
1692 444 1
1334 445 1
1326 446 1
12 447 1
2114 447 1
272 448 2
454 448 1
455 448 2
2052 448 1
2053 448 1
2068 448 1
458 449 1
1183 449 1
1184 449 1
83 450 1
478 450 2
1912 450 1
2054 450 1
2055 450 1
2083 450 1
2278 450 1
2283 450 1
235 451 1
909 451 1
910 451 1
212 452 1
224 452 1
1040 452 1
861 453 1
2056 453 1
2057 453 1
272 454 1
448 454 1
455 454 1
272 455 2
448 455 2
454 455 1
2068 455 1
461 456 1
1431 456 1
1675 456 1
1798 456 1
1007 457 1
1327 457 1
1328 457 1
1329 457 1
1330 457 1
1928 457 1
1929 457 1
449 458 1
1183 458 1
1184 458 1
1023 459 1
1024 459 1
1025 459 1
259 460 1
881 460 1
1105 460 2
1375 460 1
1410 460 1
430 461 1
456 461 1
1393 461 1
1394 461 1
1429 461 1
1431 461 1
1516 461 1
1585 461 6
1586 461 1
1675 461 4
1869 461 2
1870 461 2
1902 461 2
2015 461 1
2131 462 1
2132 462 1
135 463 1
280 463 1
464 463 1
135 464 1
280 464 1
463 464 1
1609 465 1
1610 465 1
285 466 1
1434 466 1
517 467 1
800 468 1
1438 468 1
592 469 1
641 469 1
642 469 1
643 469 1
644 469 1
178 470 1
435 471 1
726 471 1
860 471 1
861 471 1
911 471 1
912 471 1
987 471 1
988 471 2
1093 471 1
1094 471 1
1823 471 1
1824 471 1
1825 471 1
1238 472 1
94 473 1
384 473 1
1489 473 1
1214 474 1
341 475 1
1724 475 1
1725 475 1
434 476 1
1683 476 1
1052 477 1
83 478 1
450 478 2
1912 478 1
365 479 1
428 479 1
1468 479 1
1469 479 1
1470 479 1
1142 480 1
201 481 1
482 481 1
201 482 1
481 482 1
277 483 1
485 484 1
484 485 1
487 486 1
488 486 1
486 487 1
488 487 1
486 488 1
487 488 1
209 489 2
491 490 1
490 491 1
692 491 1
1415 491 1
1416 491 2
1417 491 1
1418 491 1
493 492 1
494 492 1
495 492 1
492 493 1
494 493 1
495 493 1
991 493 1
992 493 1
993 493 1
492 494 1
493 494 1
495 494 1
492 495 1
493 495 1
494 495 1
4 496 1
117 496 1
497 496 1
615 496 1
633 496 1
646 496 1
766 496 1
782 496 1
905 496 1
1007 496 1
1021 496 1
1063 496 1
1064 496 1
1190 496 1
1229 496 1
1584 496 1
1931 496 1
1944 496 1
1945 496 1
2206 496 1
496 497 1
499 498 1
498 499 1
419 500 1
501 500 1
419 501 1
500 501 1
503 502 1
504 502 1
502 503 1
504 503 1
502 504 1
503 504 1
117 505 2
1665 505 1
270 506 1
271 507 1
512 507 1
513 507 1
1811 507 1
509 508 1
510 508 1
511 508 1
508 509 1
510 509 1
511 509 1
508 510 1
509 510 1
511 510 1
508 511 1
509 511 1
510 511 1
543 511 1
1440 511 1
1441 511 1
1442 511 1
1443 511 1
1444 511 1
1445 511 1
507 512 1
513 512 1
507 513 1
512 513 1
515 514 1
516 514 1
514 515 1
516 515 1
1582 515 2
1583 515 1
514 516 1
515 516 1
467 517 1
110 518 1
520 519 1
521 519 1
519 520 1
521 520 1
519 521 1
520 521 1
109 522 1
110 522 1
524 523 1
525 523 1
526 523 1
527 523 1
528 523 1
529 523 1
530 523 1
523 524 1
525 524 1
526 524 1
527 524 1
528 524 1
529 524 1
530 524 1
523 525 1
524 525 1
526 525 1
527 525 1
528 525 1
529 525 1
530 525 1
523 526 1
524 526 1
525 526 1
527 526 1
528 526 1
529 526 1
530 526 1
523 527 1
524 527 1
525 527 1
526 527 1
528 527 1
529 527 1
530 527 1
523 528 1
524 528 1
525 528 1
526 528 1
527 528 1
529 528 1
530 528 1
523 529 1
524 529 1
525 529 1
526 529 1
527 529 1
528 529 1
530 529 1
523 530 1
524 530 1
525 530 1
526 530 1
527 530 1
528 530 1
529 530 1
301 531 4
532 531 1
533 531 1
1910 531 1
1911 531 3
1977 531 2
1978 531 1
1979 531 2
2142 531 1
2143 531 1
301 532 1
531 532 1
533 532 1
301 533 1
531 533 1
532 533 1
536 534 1
537 534 1
539 534 1
540 534 1
541 534 1
2269 534 1
2270 534 1
247 535 2
534 536 1
537 536 1
534 537 1
536 537 1
245 538 1
316 539 1
534 539 1
540 539 1
541 539 1
534 540 1
539 540 1
541 540 1
534 541 1
539 541 1
540 541 1
340 542 1
543 542 1
340 543 1
511 543 1
542 543 1
1440 543 1
1441 543 1
1442 543 1
1443 543 1
1444 543 1
1445 543 1
47 544 1
73 544 3
173 544 1
195 544 1
207 544 1
250 544 2
547 544 1
1943 544 1
2151 544 1
340 545 1
546 545 1
1986 545 1
340 546 1
545 546 1
195 547 1
207 547 3
544 547 1
1679 547 2
1771 547 1
110 548 2
550 549 1
549 550 1
410 551 1
553 552 1
552 553 1
555 554 1
556 554 1
557 554 1
554 555 1
556 555 1
557 555 1
554 556 1
555 556 1
557 556 1
554 557 1
555 557 1
556 557 1
340 558 1
560 559 1
559 560 1
340 561 1
563 562 1
562 563 1
565 564 1
566 564 1
567 564 1
196 565 1
564 565 1
566 565 1
567 565 1
619 565 1
564 566 1
565 566 1
567 566 1
564 567 1
565 567 1
566 567 1
569 568 2
574 568 1
568 569 2
574 569 1
571 570 1
572 570 1
573 570 1
1739 570 1
2155 570 2
2156 570 1
2243 570 1
570 571 1
572 571 1
573 571 1
570 572 1
571 572 1
573 572 3
649 572 1
650 572 1
651 572 1
652 572 1
1738 572 2
1739 572 2
1866 572 1
570 573 1
571 573 1
572 573 3
1738 573 2
1739 573 2
1866 573 1
568 574 1
569 574 1
576 575 1
577 575 1
869 575 1
870 575 1
575 576 1
577 576 1
575 577 1
576 577 1
579 578 1
578 579 1
1559 579 1
581 580 1
582 580 1
583 580 1
580 581 1
582 581 2
583 581 1
580 582 1
581 582 2
583 582 1
580 583 1
581 583 1
582 583 1
585 584 2
584 585 2
934 585 1
2122 585 1
2123 585 1
273 586 1
587 586 1
273 587 1
586 587 1
589 588 1
590 588 1
591 588 1
588 589 1
590 589 1
591 589 1
588 590 1
589 590 1
591 590 1
164 591 1
234 591 1
588 591 1
589 591 1
590 591 1
1684 591 1
1996 591 1
469 592 1
594 593 1
595 593 1
593 594 1
595 594 1
79 595 1
161 595 1
268 595 1
340 595 1
593 595 1
594 595 1
782 595 1
854 595 1
893 595 2
894 595 2
895 595 4
896 595 1
897 595 1
1027 595 1
1064 595 1
1179 595 1
1243 595 1
1244 595 2
1245 595 2
1488 595 1
2205 595 1
2206 595 1
2207 595 1
600 596 1
601 596 1
598 597 1
599 597 2
597 598 1
599 598 1
597 599 2
598 599 1
698 599 2
699 599 2
700 599 2
701 599 2
596 600 1
601 600 2
633 600 1
636 600 1
637 600 1
848 600 2
849 600 3
1472 600 2
1515 600 1
1934 600 1
2038 600 1
2039 600 2
2169 600 1
596 601 1
600 601 2
340 602 1
603 602 1
340 603 1
602 603 1
605 604 1
604 605 1
607 606 1
608 606 1
606 607 1
608 607 1
606 608 1
607 608 1
610 609 1
611 609 1
1806 609 1
609 610 1
611 610 1
609 611 1
610 611 1
613 612 1
612 613 1
424 614 1
615 614 5
694 614 1
4 615 1
117 615 1
424 615 3
496 615 1
614 615 5
633 615 1
634 615 1
635 615 1
646 615 1
694 615 1
766 615 1
782 615 1
905 615 1
1007 615 1
1021 615 1
1063 615 1
1064 615 1
1190 615 1
1229 615 1
1373 615 2
1374 615 1
1584 615 1
1804 615 1
1931 615 1
1944 615 1
1945 615 1
2206 615 1
401 616 2
617 616 2
618 616 2
1796 616 1
1797 616 1
401 617 4
616 617 2
618 617 4
1796 617 1
1797 617 1
1898 617 1
1899 617 1
1934 617 1
401 618 4
616 618 2
617 618 4
1796 618 1
1797 618 1
1898 618 1
1899 618 1
196 619 1
565 619 1
1855 620 1
1886 620 1
1887 620 1
2084 620 1
2085 620 1
2316 620 1
232 621 1
622 621 1
232 622 1
621 622 1
310 623 1
319 623 1
433 624 1
434 624 1
402 625 1
903 625 1
627 626 4
1846 626 1
626 627 4
1846 627 1
629 628 1
630 628 1
628 629 1
630 629 1
628 630 1
629 630 1
378 631 1
92 632 1
354 632 1
372 632 1
4 633 2
22 633 1
61 633 1
117 633 2
234 633 1
265 633 1
496 633 1
600 633 1
615 633 1
636 633 3
637 633 2
638 633 1
639 633 1
646 633 1
766 633 1
782 633 2
840 633 1
905 633 1
1007 633 2
1021 633 2
1063 633 1
1064 633 2
1190 633 2
1229 633 1
1472 633 1
1584 633 2
1763 633 1
1931 633 2
1944 633 2
1945 633 2
2101 633 1
2206 633 2
615 634 1
635 634 2
1373 634 1
1374 634 1
615 635 1
634 635 2
1373 635 1
1374 635 1
600 636 1
633 636 3
637 636 2
638 636 1
639 636 1
1472 636 1
2101 636 1
600 637 1
633 637 2
636 637 2
638 637 1
639 637 1
1472 637 1
633 638 1
636 638 1
637 638 1
639 638 1
633 639 1
636 639 1
637 639 1
638 639 1
647 640 1
648 640 1
469 641 1
642 641 1
643 641 1
644 641 1
469 642 1
641 642 1
643 642 1
644 642 1
469 643 1
641 643 1
642 643 1
644 643 1
469 644 1
641 644 1
642 644 1
643 644 1
646 645 1
4 646 1
117 646 1
496 646 1
615 646 1
633 646 1
645 646 1
764 646 1
766 646 1
782 646 1
905 646 1
1007 646 1
1021 646 1
1063 646 1
1064 646 1
1190 646 1
1229 646 1
1584 646 1
1931 646 1
1944 646 1
1945 646 1
2206 646 1
2335 646 1
640 647 1
648 647 1
640 648 1
647 648 1
572 649 1
650 649 1
651 649 1
652 649 1
572 650 1
649 650 1
651 650 1
652 650 1
572 651 1
649 651 1
650 651 1
652 651 1
572 652 1
649 652 1
650 652 1
651 652 1
654 653 3
657 653 2
653 654 3
657 654 2
296 655 1
656 655 1
296 656 1
377 656 2
655 656 1
653 657 2
654 657 2
32 658 2
221 658 1
320 658 1
333 658 1
659 658 1
660 658 2
1693 658 4
1802 658 1
1803 658 1
1833 658 1
2016 658 2
2215 658 2
2237 658 1
320 659 1
658 659 1
32 660 1
333 660 1
658 660 2
1693 660 2
662 661 1
663 661 1
664 661 1
665 661 1
666 661 1
667 661 1
661 662 1
663 662 1
664 662 1
665 662 1
666 662 1
667 662 1
661 663 1
662 663 1
664 663 1
665 663 1
666 663 1
667 663 1
661 664 1
662 664 1
663 664 1
665 664 1
666 664 1
667 664 1
661 665 1
662 665 1
663 665 1
664 665 1
666 665 1
667 665 1
661 666 1
662 666 1
663 666 1
664 666 1
665 666 1
667 666 1
661 667 1
662 667 1
663 667 1
664 667 1
665 667 1
666 667 1
669 668 2
1694 668 1
668 669 2
876 669 1
877 669 1
1092 669 1
1621 669 1
1972 669 1
1973 669 1
1974 669 1
28 670 1
671 670 1
19 671 1
28 671 1
670 671 1
964 671 1
965 671 1
673 672 1
674 672 1
672 673 1
674 673 1
672 674 1
673 674 1
676 675 1
675 676 1
309 677 1
678 677 1
309 678 1
677 678 1
106 679 1
680 679 1
681 679 1
682 679 2
684 679 1
685 679 1
106 680 1
679 680 1
681 680 1
682 680 1
106 681 1
679 681 1
680 681 1
682 681 1
106 682 1
679 682 2
680 682 1
681 682 1
684 682 1
685 682 1
142 683 1
679 684 1
682 684 1
685 684 1
679 685 1
682 685 1
684 685 1
687 686 1
686 687 1
689 688 1
688 689 1
691 690 1
690 691 1
491 692 1
693 692 1
1416 692 1
692 693 1
614 694 1
615 694 1
352 695 1
696 695 1
697 695 1
2163 695 1
695 696 1
697 696 1
695 697 1
696 697 1
599 698 2
699 698 2
700 698 2
701 698 2
599 699 2
698 699 2
700 699 2
701 699 2
599 700 2
698 700 2
699 700 2
701 700 2
599 701 2
698 701 2
699 701 2
700 701 2
703 702 1
704 702 1
702 703 1
704 703 1
702 704 1
703 704 1
706 705 1
707 705 1
705 706 1
707 706 1
705 707 1
706 707 1
169 708 1
709 708 1
710 708 1
169 709 1
708 709 1
710 709 1
169 710 1
708 710 1
709 710 1
267 711 1
268 711 2
270 712 1
713 712 1
270 713 1
712 713 1
387 714 1
79 715 1
716 715 1
79 716 1
715 716 1
79 717 1
76 718 1
91 718 1
719 718 1
720 718 1
76 719 1
91 719 1
718 719 1
720 719 1
76 720 1
91 720 1
718 720 1
719 720 1
722 721 1
723 721 1
721 722 1
723 722 1
1707 722 1
1708 722 1
1709 722 1
1710 722 1
721 723 1
722 723 1
725 724 1
1704 724 3
724 725 1
471 726 1
43 727 1
51 727 1
269 728 1
729 728 1
730 728 1
269 729 1
728 729 1
730 729 1
269 730 1
728 730 1
729 730 1
2 731 1
317 732 1
734 733 1
735 733 1
1852 733 1
1853 733 1
1854 733 1
733 734 1
735 734 1
733 735 1
734 735 1
204 736 1
737 736 1
204 737 1
736 737 1
739 738 1
738 739 1
980 739 1
99 740 1
141 740 1
72 741 1
743 742 4
742 743 4
969 743 2
970 743 1
1006 743 1
1331 743 1
230 744 1
745 744 1
230 745 1
744 745 1
747 746 1
748 746 1
749 746 1
746 747 1
748 747 1
749 747 1
746 748 1
747 748 1
749 748 1
256 749 1
746 749 1
747 749 1
748 749 1
1143 749 2
1144 749 1
1145 749 1
1146 749 1
1147 749 1
1148 749 1
1149 749 1
1150 749 1
1151 749 1
1152 749 1
1153 749 1
1154 749 1
1500 749 1
97 750 1
287 750 1
337 751 1
753 752 1
754 752 1
752 753 1
754 753 1
1527 753 1
1528 753 1
752 754 1
753 754 1
756 755 1
757 755 1
755 756 1
757 756 2
996 756 1
1230 756 1
1231 756 1
1232 756 1
755 757 1
756 757 2
996 757 1
1230 757 1
1231 757 1
1232 757 1
759 758 1
760 758 1
761 758 1
762 758 1
758 759 1
760 759 1
761 759 1
762 759 1
758 760 1
759 760 1
761 760 1
762 760 1
871 760 1
872 760 1
758 761 1
759 761 1
760 761 1
762 761 1
758 762 1
759 762 1
760 762 1
761 762 1
43 763 1
342 763 1
646 764 1
766 765 2
767 765 2
4 766 1
117 766 1
496 766 1
615 766 1
633 766 1
646 766 1
765 766 2
767 766 3
782 766 1
905 766 1
1007 766 1
1021 766 1
1063 766 1
1064 766 1
1190 766 1
1229 766 1
1584 766 1
1858 766 1
1859 766 1
1860 766 1
1931 766 1
1944 766 1
1945 766 1
2206 766 1
2229 766 1
765 767 2
766 767 3
1858 767 1
1859 767 1
1860 767 1
769 768 1
768 769 1
771 770 1
770 771 1
46 772 1
774 773 1
775 773 1
773 774 1
775 774 1
773 775 1
774 775 1
777 776 1
776 777 1
779 778 2
778 779 2
434 780 1
782 781 3
4 782 2
22 782 1
61 782 1
79 782 1
117 782 2
234 782 1
265 782 1
268 782 1
340 782 1
496 782 1
595 782 1
615 782 1
633 782 2
646 782 1
766 782 1
781 782 3
840 782 1
854 782 1
905 782 1
913 782 2
914 782 1
1007 782 2
1018 782 1
1021 782 2
1063 782 1
1064 782 3
1180 782 2
1181 782 1
1182 782 1
1185 782 1
1186 782 1
1187 782 1
1188 782 1
1189 782 2
1190 782 2
1229 782 1
1584 782 2
1649 782 1
1650 782 1
1763 782 1
1877 782 1
1931 782 2
1944 782 2
1945 782 2
2205 782 1
2206 782 3
2207 782 1
2279 782 1
268 783 1
440 783 1
441 783 1
1063 783 1
1298 783 1
2324 783 1
2325 783 1
2326 783 1
105 784 1
387 784 2
1255 784 1
81 785 1
186 785 1
786 785 2
787 785 2
788 785 1
789 785 1
956 785 1
81 786 1
186 786 1
785 786 2
787 786 2
788 786 1
789 786 1
956 786 1
81 787 1
186 787 1
785 787 2
786 787 2
788 787 1
789 787 1
956 787 1
81 788 1
186 788 1
785 788 1
786 788 1
787 788 1
789 788 1
81 789 1
186 789 1
785 789 1
786 789 1
787 789 1
788 789 1
791 790 1
792 790 2
1666 790 1
790 791 1
790 792 2
794 793 1
795 793 1
796 793 1
797 793 1
798 793 1
793 794 1
795 794 1
796 794 1
797 794 1
798 794 1
793 795 1
794 795 1
796 795 1
797 795 1
798 795 1
793 796 1
794 796 1
795 796 1
797 796 1
798 796 1
793 797 1
794 797 1
795 797 1
796 797 1
798 797 1
793 798 1
794 798 1
795 798 1
796 798 1
797 798 1
39 799 1
432 799 1
118 800 1
468 800 1
974 800 1
1438 800 2
1439 800 1
1606 800 3
1640 800 1
298 801 1
802 801 1
803 801 1
804 801 1
298 802 1
801 802 1
803 802 1
804 802 1
298 803 1
801 803 1
802 803 1
804 803 1
239 804 1
298 804 2
801 804 1
802 804 1
803 804 1
806 805 1
807 805 1
808 805 1
805 806 1
807 806 1
808 806 1
805 807 1
806 807 1
808 807 1
805 808 1
806 808 1
807 808 1
810 809 2
809 810 2
132 811 1
302 812 1
813 812 1
302 813 1
812 813 1
815 814 2
814 815 2
817 816 1
818 816 1
816 817 1
818 817 1
816 818 1
817 818 1
820 819 1
819 820 1
822 821 1
823 821 1
824 821 1
825 821 1
826 821 1
821 822 1
823 822 1
824 822 1
825 822 1
826 822 1
821 823 1
822 823 1
824 823 1
825 823 1
826 823 1
821 824 1
822 824 1
823 824 1
825 824 1
826 824 1
821 825 1
822 825 1
823 825 1
824 825 1
826 825 1
821 826 1
822 826 1
823 826 1
824 826 1
825 826 1
828 827 1
829 827 1
827 828 1
829 828 2
830 828 1
827 829 1
828 829 2
830 829 1
828 830 1
829 830 1
832 831 1
831 832 1
834 833 1
833 834 1
836 835 1
835 836 1
838 837 4
1953 837 1
837 838 4
1953 838 1
2317 838 1
2318 838 1
840 839 1
841 839 1
4 840 1
22 840 1
61 840 1
117 840 1
234 840 1
265 840 1
633 840 1
782 840 1
839 840 1
841 840 1
1007 840 1
1021 840 1
1064 840 1
1190 840 1
1584 840 1
1669 840 2
1763 840 1
1805 840 1
1862 840 1
1931 840 1
1944 840 1
1945 840 1
2012 840 1
2013 840 1
2014 840 1
2206 840 1
839 841 1
840 841 1
843 842 4
1215 842 1
1216 842 1
1217 842 1
1400 842 1
2252 842 1
2253 842 1
2254 842 2
2282 842 1
842 843 4
1215 843 2
1216 843 2
1217 843 2
1400 843 4
1401 843 3
2252 843 1
2253 843 1
2254 843 3
2282 843 1
2284 843 1
2285 843 1
2323 843 1
845 844 1
844 845 1
847 846 1
846 847 1
600 848 2
849 848 1
2039 848 1
2169 848 1
264 849 1
600 849 3
848 849 1
246 850 1
851 850 1
923 850 1
924 850 1
925 850 1
926 850 1
927 850 1
850 851 1
242 852 1
854 853 2
79 854 1
268 854 1
340 854 1
595 854 1
782 854 1
853 854 2
1064 854 1
1377 854 3
1598 854 1
2205 854 1
2206 854 1
2207 854 1
856 855 1
857 855 1
858 855 1
855 856 1
857 856 1
858 856 1
855 857 1
856 857 1
858 857 1
855 858 1
856 858 1
857 858 1
328 859 1
471 860 1
861 860 3
1533 860 1
1823 860 1
1824 860 1
1825 860 1
7 861 1
23 861 1
35 861 1
211 861 1
453 861 1
471 861 1
860 861 3
912 861 1
1293 861 1
1533 861 6
1534 861 1
1612 861 1
1659 861 1
1823 861 2
1824 861 1
1825 861 1
2056 861 2
2057 861 1
2080 861 1
2081 861 1
2180 861 1
2291 861 1
863 862 1
313 863 1
862 863 1
1175 863 1
1176 863 1
1177 863 1
1178 863 1
865 864 1
866 864 1
867 864 1
868 864 1
864 865 1
866 865 1
867 865 1
868 865 1
864 866 1
865 866 1
867 866 2
868 866 1
1314 866 1
864 867 1
865 867 1
866 867 2
868 867 1
1314 867 1
864 868 1
865 868 1
866 868 1
867 868 1
575 869 1
870 869 1
575 870 1
869 870 1
760 871 1
872 871 1
760 872 1
871 872 1
874 873 1
875 873 1
873 874 1
875 874 1
1115 874 1
1116 874 1
1197 874 1
873 875 1
874 875 1
669 876 1
877 876 1
669 877 1
876 877 1
879 878 2
880 878 1
878 879 2
878 880 1
460 881 1
1105 881 1
260 882 1
884 883 1
883 884 1
279 885 2
886 885 3
887 885 2
133 886 1
279 886 4
885 886 3
887 886 2
2297 886 1
2298 886 1
279 887 2
885 887 2
886 887 2
192 888 1
278 888 1
292 888 1
889 888 1
890 888 1
192 889 1
278 889 1
292 889 1
888 889 1
890 889 1
192 890 1
278 890 1
292 890 1
888 890 1
889 890 1
31 891 1
41 891 1
1952 892 1
595 893 2
894 893 2
895 893 2
896 893 1
897 893 1
595 894 2
893 894 2
895 894 2
896 894 1
897 894 1
161 895 1
595 895 4
893 895 2
894 895 2
896 895 1
897 895 1
1243 895 1
1244 895 1
1245 895 1
1488 895 1
595 896 1
893 896 1
894 896 1
895 896 1
897 896 1
595 897 1
893 897 1
894 897 1
895 897 1
896 897 1
899 898 1
900 898 1
901 898 1
902 898 1
898 899 1
900 899 1
901 899 1
902 899 1
898 900 1
899 900 1
901 900 1
902 900 1
898 901 1
899 901 1
900 901 1
902 901 1
898 902 1
899 902 1
900 902 1
901 902 1
402 903 1
625 903 1
905 904 3
906 904 1
1478 904 1
4 905 1
117 905 1
496 905 1
615 905 1
633 905 1
646 905 1
766 905 1
782 905 1
904 905 3
1007 905 1
1021 905 1
1063 905 1
1064 905 1
1190 905 1
1200 905 2
1201 905 1
1229 905 1
1471 905 1
1473 905 2
1474 905 1
1478 905 1
1480 905 1
1481 905 1
1483 905 2
1484 905 1
1584 905 1
1646 905 1
1647 905 1
1648 905 1
1931 905 1
1944 905 1
1945 905 1
2206 905 1
2313 905 1
904 906 1
391 907 1
908 907 1
391 908 1
907 908 1
235 909 1
451 909 1
910 909 1
235 910 1
451 910 1
909 910 1
471 911 1
912 911 1
471 912 1
861 912 1
911 912 1
1293 912 1
782 913 2
914 913 1
782 914 1
913 914 1
916 915 1
917 915 1
918 915 1
919 915 1
920 915 1
921 915 1
915 916 1
917 916 1
918 916 1
919 916 1
920 916 1
921 916 1
915 917 1
916 917 1
918 917 1
919 917 1
920 917 1
921 917 1
915 918 1
916 918 1
917 918 1
919 918 1
920 918 1
921 918 1
915 919 1
916 919 1
917 919 1
918 919 1
920 919 1
921 919 1
915 920 1
916 920 1
917 920 1
918 920 1
919 920 1
921 920 1
915 921 1
916 921 1
917 921 1
918 921 1
919 921 1
920 921 1
355 922 1
246 923 1
850 923 1
924 923 1
925 923 1
926 923 1
927 923 1
246 924 1
850 924 1
923 924 1
925 924 1
926 924 1
927 924 1
246 925 1
850 925 1
923 925 1
924 925 1
926 925 1
927 925 1
246 926 1
850 926 1
923 926 1
924 926 1
925 926 1
927 926 1
246 927 1
850 927 1
923 927 1
924 927 1
925 927 1
926 927 1
425 928 1
399 929 1
930 929 1
931 929 1
1602 929 1
1703 929 1
1795 929 1
929 930 1
929 931 1
933 932 1
932 933 1
585 934 1
198 935 2
936 935 1
1378 935 2
2127 935 1
2293 935 1
2294 935 1
2295 935 1
2296 935 1
935 936 1
938 937 1
939 937 1
937 938 1
939 938 1
937 939 1
938 939 1
941 940 1
942 940 1
943 940 1
940 941 1
942 941 1
943 941 1
940 942 1
941 942 1
943 942 1
940 943 1
941 943 1
942 943 1
945 944 1
946 944 1
944 945 1
946 945 1
944 946 1
945 946 1
948 947 1
947 948 1
950 949 1
949 950 1
952 951 1
951 952 1
144 953 1
332 953 1
96 954 2
125 954 1
955 954 4
1485 954 1
1486 954 1
96 955 2
125 955 1
954 955 4
1485 955 1
1486 955 1
785 956 1
786 956 1
787 956 1
58 957 1
958 957 1
959 957 1
960 957 1
961 957 1
58 958 1
340 958 1
957 958 1
959 958 1
960 958 1
961 958 1
1698 958 1
58 959 1
315 959 1
957 959 1
958 959 1
960 959 1
961 959 1
58 960 1
957 960 1
958 960 1
959 960 1
961 960 1
58 961 1
957 961 1
958 961 1
959 961 1
960 961 1
193 962 1
245 963 1
671 964 1
965 964 1
671 965 1
964 965 1
967 966 1
966 967 1
1102 967 1
1103 967 1
344 968 1
345 968 1
743 969 2
970 969 1
1112 969 1
743 970 1
969 970 1
972 971 3
973 971 3
971 972 3
973 972 3
971 973 3
972 973 3
800 974 1
89 975 1
220 975 1
977 976 1
976 977 1
979 978 1
980 978 1
978 979 1
980 979 2
1540 979 1
739 980 1
978 980 1
979 980 2
1540 980 1
982 981 1
983 981 1
984 981 1
981 982 1
983 982 1
984 982 1
981 983 1
982 983 1
984 983 1
981 984 1
982 984 1
983 984 1
29 985 1
986 985 1
29 986 2
985 986 1
471 987 1
988 987 1
471 988 2
987 988 1
258 989 2
990 989 2
258 990 7
989 990 2
2327 990 1
493 991 1
992 991 2
993 991 1
1949 991 1
493 992 1
991 992 2
993 992 1
1949 992 1
493 993 1
991 993 1
992 993 1
387 994 1
389 994 1
995 994 1
996 994 1
387 995 1
389 995 1
994 995 1
996 995 1
387 996 1
389 996 1
756 996 1
757 996 1
994 996 1
995 996 1
1230 996 1
1231 996 1
1232 996 1
387 997 1
387 998 1
227 999 1
268 999 2
441 999 1
1000 999 2
1099 999 1
1100 999 1
227 1000 1
268 1000 2
441 1000 1
999 1000 2
1099 1000 1
1100 1000 1
1548 1000 1
1549 1000 1
1550 1000 1
1551 1000 1
1552 1000 1
1553 1000 1
1554 1000 1
1555 1000 1
409 1001 1
1003 1002 1
1004 1002 1
1005 1002 1
1002 1003 1
1004 1003 1
1005 1003 1
1002 1004 1
1003 1004 1
1005 1004 1
1002 1005 1
1003 1005 1
1004 1005 1
743 1006 1
4 1007 2
7 1007 1
22 1007 1
61 1007 3
117 1007 2
234 1007 1
265 1007 1
343 1007 1
457 1007 1
496 1007 1
615 1007 1
633 1007 2
646 1007 1
766 1007 1
782 1007 2
840 1007 1
905 1007 1
1008 1007 1
1009 1007 1
1010 1007 1
1011 1007 1
1012 1007 4
1021 1007 7
1022 1007 1
1063 1007 1
1064 1007 3
1190 1007 2
1229 1007 1
1584 1007 2
1677 1007 1
1744 1007 1
1763 1007 1
1842 1007 2
1896 1007 1
1897 1007 1
1928 1007 2
1929 1007 3
1930 1007 2
1931 1007 3
1944 1007 2
1945 1007 2
2006 1007 3
2103 1007 1
2104 1007 1
2206 1007 2
2280 1007 1
1007 1008 1
1009 1008 1
1007 1009 1
1008 1009 1
1007 1010 1
1011 1010 1
1012 1010 1
1007 1011 1
1010 1011 1
1012 1011 1
1007 1012 4
1010 1012 1
1011 1012 1
1021 1012 2
1022 1012 1
138 1013 1
1014 1013 1
138 1014 1
1013 1014 1
1016 1015 1
1017 1015 1
1015 1016 1
1017 1016 1
1015 1017 1
1016 1017 1
782 1018 1
1020 1019 1
1019 1020 1
1539 1020 1
4 1021 2
22 1021 1
61 1021 1
117 1021 2
234 1021 1
265 1021 1
343 1021 2
496 1021 1
615 1021 1
633 1021 2
646 1021 1
766 1021 1
782 1021 2
840 1021 1
905 1021 1
1007 1021 7
1012 1021 2
1022 1021 1
1063 1021 1
1064 1021 2
1136 1021 1
1190 1021 2
1229 1021 1
1584 1021 2
1763 1021 1
1931 1021 2
1944 1021 2
1945 1021 2
2006 1021 2
2103 1021 1
2104 1021 1
2206 1021 2
2241 1021 1
2242 1021 1
1007 1022 1
1012 1022 1
1021 1022 1
459 1023 1
1024 1023 1
1025 1023 1
459 1024 1
1023 1024 1
1025 1024 1
459 1025 1
1023 1025 1
1024 1025 1
1027 1026 1
1028 1026 1
595 1027 1
1026 1027 1
1028 1027 1
1244 1027 1
1245 1027 1
1026 1028 1
1027 1028 1
29 1029 1
411 1029 1
1031 1030 1
1032 1030 1
82 1031 1
1030 1031 1
1032 1031 3
1324 1031 1
1387 1031 1
2076 1031 1
2077 1031 1
1030 1032 1
1031 1032 3
1324 1032 1
2076 1032 1
2077 1032 1
2299 1032 1
2300 1032 1
1034 1033 1
1033 1034 1
1202 1034 1
199 1035 1
1037 1036 1
1036 1037 1
127 1038 1
1039 1038 1
127 1039 1
1038 1039 1
1287 1039 1
212 1040 1
224 1040 1
452 1040 1
229 1041 1
1042 1041 1
229 1042 1
1041 1042 1
185 1043 1
1044 1043 1
1045 1043 1
1046 1043 1
185 1044 1
1043 1044 1
1045 1044 1
1046 1044 1
185 1045 1
1043 1045 1
1044 1045 1
1046 1045 1
185 1046 1
1043 1046 1
1044 1046 1
1045 1046 1
1048 1047 1
1049 1047 1
1050 1047 1
1051 1047 1
1047 1048 1
1049 1048 1
1050 1048 1
1051 1048 1
1047 1049 1
1048 1049 1
1050 1049 1
1051 1049 1
1047 1050 1
1048 1050 1
1049 1050 1
1051 1050 1
1047 1051 1
1048 1051 1
1049 1051 1
1050 1051 1
477 1052 1
1054 1053 1
1055 1053 1
1053 1054 1
1055 1054 1
1229 1054 1
1053 1055 1
1054 1055 1
1057 1056 1
1056 1057 1
87 1058 3
1059 1058 3
87 1059 3
1058 1059 3
1061 1060 1
1062 1060 1
279 1061 1
1060 1061 1
1062 1061 1
2022 1061 1
2023 1061 1
1060 1062 1
1061 1062 1
4 1063 1
117 1063 1
496 1063 1
615 1063 1
633 1063 1
646 1063 1
766 1063 1
782 1063 1
783 1063 1
905 1063 1
1007 1063 1
1021 1063 1
1064 1063 2
1065 1063 1
1190 1063 1
1229 1063 1
1298 1063 1
1584 1063 1
1931 1063 1
1944 1063 1
1945 1063 1
2206 1063 1
2324 1063 1
2325 1063 1
2326 1063 1
4 1064 2
7 1064 1
22 1064 1
61 1064 2
79 1064 1
117 1064 2
234 1064 1
265 1064 1
268 1064 1
340 1064 1
496 1064 1
595 1064 1
615 1064 1
633 1064 2
646 1064 1
766 1064 1
782 1064 3
840 1064 1
854 1064 1
905 1064 1
1007 1064 3
1021 1064 2
1063 1064 2
1190 1064 2
1229 1064 1
1584 1064 2
1744 1064 1
1763 1064 1
1931 1064 2
1944 1064 2
1945 1064 2
2205 1064 1
2206 1064 3
2207 1064 1
1063 1065 1
93 1066 2
1067 1066 5
1682 1066 1
1719 1066 1
1720 1066 3
1906 1066 1
1907 1066 1
2128 1066 1
2129 1066 1
93 1067 1
1066 1067 5
1682 1067 1
1720 1067 2
1906 1067 1
1907 1067 1
2128 1067 1
2129 1067 1
1069 1068 1
1070 1068 1
1071 1068 1
1072 1068 1
1068 1069 1
1070 1069 1
1071 1069 1
1072 1069 1
1068 1070 1
1069 1070 1
1071 1070 1
1072 1070 1
1068 1071 1
1069 1071 1
1070 1071 1
1072 1071 1
1068 1072 1
1069 1072 1
1070 1072 1
1071 1072 1
1074 1073 1
1075 1073 1
1073 1074 1
1075 1074 1
1073 1075 1
1074 1075 1
1077 1076 1
1078 1076 1
1076 1077 1
1078 1077 1
1076 1078 1
1077 1078 1
397 1079 1
1080 1079 1
1081 1079 1
1082 1079 1
397 1080 1
1079 1080 1
1081 1080 1
1082 1080 1
397 1081 1
1079 1081 1
1080 1081 1
1082 1081 1
397 1082 1
1079 1082 1
1080 1082 1
1081 1082 1
1084 1083 2
1085 1083 2
1086 1083 1
1087 1083 1
1083 1084 2
1085 1084 2
1086 1084 1
1087 1084 1
1083 1085 2
1084 1085 2
1086 1085 1
1087 1085 1
1758 1085 1
1759 1085 1
1083 1086 1
1084 1086 1
1085 1086 1
1083 1087 1
1084 1087 1
1085 1087 1
373 1088 1
1089 1088 1
373 1089 1
1088 1089 1
1091 1090 1
1090 1091 1
669 1092 1
435 1093 1
471 1093 1
1094 1093 1
435 1094 1
471 1094 1
1093 1094 1
1096 1095 1
1095 1096 1
1098 1097 1
1097 1098 1
227 1099 1
268 1099 2
441 1099 1
999 1099 1
1000 1099 1
1100 1099 1
227 1100 1
268 1100 1
441 1100 1
999 1100 1
1000 1100 1
1099 1100 1
386 1101 1
967 1102 1
1103 1102 2
967 1103 1
1102 1103 2
388 1104 1
1661 1104 1
460 1105 2
881 1105 1
1410 1105 1
1107 1106 1
1108 1106 1
1106 1107 1
1108 1107 1
1106 1108 1
1107 1108 1
1110 1109 1
1111 1109 1
1109 1110 1
1111 1110 1
1109 1111 1
1110 1111 1
969 1112 1
301 1113 2
1114 1113 2
1605 1113 1
300 1114 1
301 1114 3
1113 1114 2
1731 1114 1
1732 1114 1
1733 1114 1
1734 1114 1
874 1115 1
1116 1115 1
874 1116 1
1115 1116 1
1118 1117 1
1117 1118 1
1120 1119 2
2177 1119 1
1119 1120 2
2177 1120 1
1122 1121 1
1121 1122 1
86 1123 1
315 1123 1
398 1124 1
1125 1124 1
1126 1124 1
398 1125 1
1124 1125 1
1126 1125 1
398 1126 1
1124 1126 1
1125 1126 1
1128 1127 1
1129 1127 1
1130 1127 1
1131 1127 1
1132 1127 1
1133 1127 1
1134 1127 1
2044 1127 1
2045 1127 1
2046 1127 1
1127 1128 1
1129 1128 1
1130 1128 1
1131 1128 1
1132 1128 1
1127 1129 1
1128 1129 1
1130 1129 1
1131 1129 1
1132 1129 1
1127 1130 1
1128 1130 1
1129 1130 1
1131 1130 1
1132 1130 1
1127 1131 1
1128 1131 1
1129 1131 1
1130 1131 1
1132 1131 1
1925 1131 1
1926 1131 1
1927 1131 1
1127 1132 1
1128 1132 1
1129 1132 1
1130 1132 1
1131 1132 1
1127 1133 1
1134 1133 1
1127 1134 1
1133 1134 1
317 1135 3
2178 1135 1
343 1136 1
1021 1136 1
1137 1136 1
1321 1136 1
1322 1136 1
1323 1136 1
1136 1137 1
257 1138 1
1140 1139 2
1863 1139 1
1139 1140 2
1863 1140 1
235 1141 1
293 1141 1
480 1142 1
749 1143 2
1144 1143 1
1145 1143 1
1146 1143 1
1147 1143 1
1148 1143 1
1149 1143 1
1150 1143 1
749 1144 1
1143 1144 1
1145 1144 1
749 1145 1
1143 1145 1
1144 1145 1
749 1146 1
1143 1146 1
1147 1146 1
1148 1146 1
1149 1146 1
1150 1146 1
749 1147 1
1143 1147 1
1146 1147 1
1148 1147 1
1149 1147 1
1150 1147 1
749 1148 1
1143 1148 1
1146 1148 1
1147 1148 1
1149 1148 1
1150 1148 1
749 1149 1
1143 1149 1
1146 1149 1
1147 1149 1
1148 1149 1
1150 1149 1
749 1150 1
1143 1150 1
1146 1150 1
1147 1150 1
1148 1150 1
1149 1150 1
256 1151 1
749 1151 1
1152 1151 1
1153 1151 1
1154 1151 1
256 1152 1
749 1152 1
1151 1152 1
1153 1152 1
1154 1152 1
256 1153 1
749 1153 1
1151 1153 1
1152 1153 1
1154 1153 1
256 1154 1
749 1154 1
1151 1154 1
1152 1154 1
1153 1154 1
1156 1155 2
1157 1155 1
1158 1155 1
1155 1156 2
1157 1156 1
1158 1156 2
1254 1156 1
1155 1157 1
1156 1157 1
1155 1158 1
1156 1158 2
1254 1158 1
252 1159 1
1160 1159 1
1161 1159 1
252 1160 1
1159 1160 1
1161 1160 1
252 1161 1
1159 1161 1
1160 1161 1
1163 1162 1
1162 1163 1
1165 1164 1
1164 1165 1
1167 1166 1
1168 1166 1
1166 1167 1
1168 1167 1
1166 1168 1
1167 1168 1
288 1169 1
289 1169 1
1171 1170 1
1170 1171 1
401 1172 1
1173 1172 1
1174 1172 1
401 1173 1
1172 1173 1
1174 1173 1
401 1174 1
1172 1174 1
1173 1174 1
313 1175 1
863 1175 1
1176 1175 1
1177 1175 1
1178 1175 1
313 1176 1
863 1176 1
1175 1176 1
1177 1176 1
1178 1176 1
313 1177 1
863 1177 1
1175 1177 1
1176 1177 1
1178 1177 1
313 1178 1
863 1178 1
1175 1178 1
1176 1178 1
1177 1178 1
595 1179 1
782 1180 2
1181 1180 1
1182 1180 1
1188 1180 1
782 1181 1
1180 1181 1
1182 1181 1
782 1182 1
1180 1182 1
1181 1182 1
449 1183 1
458 1183 1
1184 1183 1
449 1184 1
458 1184 1
1183 1184 1
782 1185 1
1186 1185 2
1810 1185 1
782 1186 1
1185 1186 2
1810 1186 1
782 1187 1
782 1188 1
1180 1188 1
782 1189 2
4 1190 2
22 1190 1
61 1190 1
117 1190 2
234 1190 1
265 1190 1
323 1190 1
496 1190 1
615 1190 1
633 1190 2
646 1190 1
766 1190 1
782 1190 2
840 1190 1
905 1190 1
1007 1190 2
1021 1190 2
1063 1190 1
1064 1190 2
1191 1190 2
1192 1190 1
1229 1190 1
1584 1190 2
1763 1190 1
1790 1190 1
1931 1190 2
1944 1190 2
1945 1190 2
1961 1190 1
1962 1190 1
1984 1190 2
1985 1190 1
2206 1190 2
2258 1190 1
1190 1191 2
323 1192 1
1190 1192 1
1194 1193 1
1193 1194 1
253 1195 2
286 1195 1
1196 1195 1
253 1196 1
1195 1196 1
874 1197 1
1199 1198 2
154 1199 1
1198 1199 2
1613 1199 1
1614 1199 1
1615 1199 1
1616 1199 1
1617 1199 1
905 1200 2
1201 1200 1
1471 1200 1
905 1201 1
1200 1201 1
1034 1202 1
1204 1203 1
1203 1204 1
1206 1205 1
1205 1206 1
1208 1207 1
1209 1207 1
1207 1208 1
1209 1208 1
1207 1209 1
1208 1209 1
1211 1210 1
1212 1210 1
1210 1211 1
1212 1211 1
1210 1212 1
1211 1212 1
307 1213 1
380 1213 1
474 1214 1
842 1215 1
843 1215 2
1216 1215 2
1217 1215 2
2217 1215 2
2218 1215 2
2219 1215 1
2259 1215 1
2260 1215 1
2281 1215 1
842 1216 1
843 1216 2
1215 1216 2
1217 1216 2
842 1217 1
843 1217 2
1215 1217 2
1216 1217 2
281 1218 2
1220 1219 1
1219 1220 1
1222 1221 1
1223 1221 5
1224 1221 3
1745 1221 4
1746 1221 2
1747 1221 1
1748 1221 4
1903 1221 1
1904 1221 3
1905 1221 5
1935 1221 2
1936 1221 4
1989 1221 2
1990 1221 1
2111 1221 1
2112 1221 1
1221 1222 1
1223 1222 1
1224 1222 1
1221 1223 5
1222 1223 1
1224 1223 2
1745 1223 3
1748 1223 2
1904 1223 1
1905 1223 2
1935 1223 1
1936 1223 1
1989 1223 2
1990 1223 1
1221 1224 3
1222 1224 1
1223 1224 2
1745 1224 2
1746 1224 1
1747 1224 1
1748 1224 2
1226 1225 1
1227 1225 1
1225 1226 1
1227 1226 1
1225 1227 1
1226 1227 1
1229 1228 2
1932 1228 1
4 1229 1
117 1229 1
496 1229 1
615 1229 1
633 1229 1
646 1229 1
766 1229 1
782 1229 1
905 1229 1
1007 1229 1
1021 1229 1
1054 1229 1
1063 1229 1
1064 1229 1
1190 1229 1
1228 1229 2
1584 1229 1
1931 1229 1
1932 1229 3
1944 1229 1
1945 1229 1
2206 1229 1
2306 1229 1
2312 1229 1
756 1230 1
757 1230 1
996 1230 1
1231 1230 1
1232 1230 1
756 1231 1
757 1231 1
996 1231 1
1230 1231 1
1232 1231 1
756 1232 1
757 1232 1
996 1232 1
1230 1232 1
1231 1232 1
1234 1233 1
1233 1234 1
1236 1235 1
1235 1236 1
268 1237 1
472 1238 1
1388 1238 1
1395 1238 1
1396 1238 1
1397 1238 1
1240 1239 1
1239 1240 1
1242 1241 1
1241 1242 1
161 1243 1
595 1243 1
895 1243 1
1244 1243 1
1245 1243 1
161 1244 1
595 1244 2
895 1244 1
1027 1244 1
1243 1244 1
1245 1244 2
161 1245 1
595 1245 2
895 1245 1
1027 1245 1
1243 1245 1
1244 1245 2
1247 1246 1
1246 1247 1
299 1248 1
1249 1248 1
299 1249 1
1248 1249 1
33 1250 1
34 1250 1
1251 1250 1
33 1251 1
34 1251 1
1250 1251 1
1253 1252 1
1252 1253 1
1156 1254 1
1158 1254 1
105 1255 1
387 1255 1
784 1255 1
443 1256 1
1257 1256 1
2199 1256 1
2200 1256 2
2201 1256 2
2202 1256 1
2203 1256 1
2204 1256 1
2292 1256 1
1256 1257 1
1259 1258 1
1258 1259 1
262 1260 1
1261 1260 1
262 1261 1
1260 1261 1
1263 1262 1
1262 1263 1
1265 1264 1
1264 1265 1
1267 1266 1
1266 1267 1
149 1268 1
414 1268 1
185 1269 1
1270 1269 1
1271 1269 1
1272 1269 1
1273 1269 1
1274 1269 1
1275 1269 1
1276 1269 1
1277 1269 1
185 1270 1
1269 1270 1
1271 1270 1
1272 1270 1
1273 1270 1
1274 1270 1
1275 1270 1
1276 1270 1
1277 1270 1
185 1271 1
1269 1271 1
1270 1271 1
1272 1271 1
1273 1271 1
1274 1271 1
1275 1271 1
1276 1271 1
1277 1271 1
185 1272 1
1269 1272 1
1270 1272 1
1271 1272 1
1273 1272 1
1274 1272 1
1275 1272 1
1276 1272 1
1277 1272 1
185 1273 1
1269 1273 1
1270 1273 1
1271 1273 1
1272 1273 1
1274 1273 1
1275 1273 1
1276 1273 1
1277 1273 1
185 1274 1
1269 1274 1
1270 1274 1
1271 1274 1
1272 1274 1
1273 1274 1
1275 1274 1
1276 1274 1
1277 1274 1
185 1275 1
1269 1275 1
1270 1275 1
1271 1275 1
1272 1275 1
1273 1275 1
1274 1275 1
1276 1275 1
1277 1275 1
185 1276 1
1269 1276 1
1270 1276 1
1271 1276 1
1272 1276 1
1273 1276 1
1274 1276 1
1275 1276 1
1277 1276 1
185 1277 1
1269 1277 1
1270 1277 1
1271 1277 1
1272 1277 1
1273 1277 1
1274 1277 1
1275 1277 1
1276 1277 1
149 1278 1
414 1278 1
1280 1279 1
1281 1279 1
1279 1280 1
1281 1280 1
1279 1281 1
1280 1281 1
1283 1282 1
1282 1283 1
146 1284 1
1285 1284 1
146 1285 1
1284 1285 1
268 1286 2
1290 1286 1
1039 1287 1
1289 1288 1
1288 1289 1
1286 1290 1
1292 1291 1
1291 1292 1
861 1293 1
912 1293 1
1295 1294 1
1294 1295 1
1297 1296 1
1298 1296 1
1296 1297 1
1298 1297 1
74 1298 1
783 1298 1
1063 1298 1
1296 1298 1
1297 1298 1
1446 1298 1
1447 1298 2
1626 1298 1
1627 1298 1
2324 1298 1
2325 1298 1
2326 1298 1
1300 1299 1
1301 1299 1
1302 1299 1
1299 1300 1
1301 1300 1
1302 1300 1
1299 1301 1
1300 1301 1
1302 1301 1
1299 1302 1
1300 1302 1
1301 1302 1
1304 1303 1
1305 1303 1
1303 1304 1
1305 1304 1
1303 1305 1
1304 1305 1
1307 1306 1
1308 1306 1
1306 1307 1
1308 1307 1
1306 1308 1
1307 1308 1
1310 1309 1
1311 1309 1
1309 1310 1
1311 1310 1
1309 1311 1
1310 1311 1
1313 1312 1
1312 1313 1
866 1314 1
867 1314 1
1316 1315 2
1317 1315 2
1318 1315 2
1315 1316 2
1317 1316 2
1318 1316 2
1580 1316 2
1581 1316 2
1315 1317 2
1316 1317 2
1318 1317 2
1315 1318 2
1316 1318 2
1317 1318 2
184 1319 1
1320 1319 1
184 1320 1
1319 1320 1
1136 1321 1
1322 1321 1
1323 1321 1
1136 1322 1
1321 1322 1
1323 1322 1
1136 1323 1
1321 1323 1
1322 1323 1
1031 1324 1
1032 1324 1
238 1325 1
381 1325 1
382 1325 1
446 1326 1
457 1327 1
1328 1327 1
1329 1327 1
1330 1327 1
457 1328 1
1327 1328 1
1329 1328 1
1330 1328 1
457 1329 1
1327 1329 1
1328 1329 1
1330 1329 1
457 1330 1
1327 1330 1
1328 1330 1
1329 1330 1
743 1331 1
1333 1332 5
1335 1332 1
1332 1333 5
1335 1333 1
445 1334 1
1332 1335 1
1333 1335 1
1337 1336 1
1336 1337 1
268 1338 1
112 1339 2
1340 1339 2
112 1340 2
1339 1340 2
363 1341 1
366 1341 1
1343 1342 1
1348 1342 1
1349 1342 1
1350 1342 1
1351 1342 1
1342 1343 1
363 1344 1
364 1344 1
366 1344 1
1346 1345 1
1347 1345 1
1345 1346 1
1347 1346 1
1345 1347 1
1346 1347 1
1342 1348 1
1342 1349 1
1350 1349 1
1351 1349 1
1342 1350 1
1349 1350 1
1351 1350 1
1342 1351 1
1349 1351 1
1350 1351 1
1353 1352 3
1740 1352 1
1741 1352 1
1742 1352 1
2164 1352 1
1352 1353 3
1740 1353 1
1741 1353 1
1742 1353 1
2164 1353 1
107 1354 1
156 1354 1
162 1354 1
1355 1354 1
107 1355 1
156 1355 1
162 1355 1
1354 1355 1
1357 1356 1
1356 1357 1
1359 1358 1
1358 1359 1
396 1360 1
406 1360 1
314 1361 1
1362 1361 1
2216 1361 1
314 1362 1
1361 1362 1
155 1363 1
1364 1363 1
155 1364 1
1363 1364 1
1366 1365 1
1365 1366 1
213 1367 1
213 1368 1
1370 1369 1
1371 1369 1
1372 1369 1
1369 1370 1
1371 1370 1
1372 1370 1
1369 1371 1
1370 1371 1
1372 1371 1
1369 1372 1
1370 1372 1
1371 1372 1
424 1373 1
615 1373 2
634 1373 1
635 1373 1
1374 1373 1
615 1374 1
634 1374 1
635 1374 1
1373 1374 1
259 1375 1
460 1375 1
1 1376 1
43 1376 1
1843 1376 1
854 1377 3
198 1378 2
935 1378 2
2073 1378 1
2074 1378 1
2127 1378 1
2271 1378 1
2272 1378 1
11 1379 1
1381 1380 1
1382 1380 1
1380 1381 1
1382 1381 1
1380 1382 1
1381 1382 1
1384 1383 1
1385 1383 1
1386 1383 1
1383 1384 1
1385 1384 1
1386 1384 1
1383 1385 1
1384 1385 1
1386 1385 1
1383 1386 1
1384 1386 1
1385 1386 1
82 1387 1
1031 1387 1
1238 1388 1
1392 1388 1
1395 1388 1
1396 1388 1
1397 1388 1
261 1389 1
1390 1389 1
1391 1389 1
1881 1389 1
261 1390 1
1389 1390 1
1391 1390 1
261 1391 1
1389 1391 1
1390 1391 1
1388 1392 1
461 1393 1
1394 1393 1
461 1394 1
1393 1394 1
1238 1395 1
1388 1395 1
1396 1395 1
1397 1395 1
1238 1396 1
1388 1396 1
1395 1396 1
1397 1396 1
1238 1397 1
1388 1397 1
1395 1397 1
1396 1397 1
1399 1398 1
1398 1399 1
842 1400 1
843 1400 4
1401 1400 3
2252 1400 1
2253 1400 1
2254 1400 1
2323 1400 1
843 1401 3
1400 1401 3
2323 1401 1
428 1402 1
1403 1402 1
428 1403 2
1402 1403 1
2095 1403 1
381 1404 1
1405 1404 1
1406 1404 1
381 1405 1
1404 1405 1
1406 1405 1
381 1406 1
1404 1406 1
1405 1406 1
1408 1407 1
1407 1408 1
309 1409 1
460 1410 1
1105 1410 1
312 1411 2
1412 1411 2
1413 1411 2
1414 1411 2
1419 1411 1
312 1412 2
1411 1412 2
1413 1412 2
1414 1412 2
1419 1412 1
312 1413 2
1411 1413 2
1412 1413 2
1414 1413 2
1419 1413 1
312 1414 2
1411 1414 2
1412 1414 2
1413 1414 2
1419 1414 1
491 1415 1
1416 1415 1
1417 1415 1
1418 1415 1
491 1416 2
692 1416 1
1415 1416 1
1417 1416 1
1418 1416 1
491 1417 1
1415 1417 1
1416 1417 1
1418 1417 1
491 1418 1
1415 1418 1
1416 1418 1
1417 1418 1
312 1419 1
1411 1419 1
1412 1419 1
1413 1419 1
1414 1419 1
88 1420 1
159 1420 1
1421 1420 1
88 1421 1
159 1421 1
1420 1421 1
1423 1422 1
1424 1422 1
1425 1422 1
1422 1423 1
1424 1423 1
1425 1423 1
1422 1424 1
1423 1424 1
1425 1424 1
1422 1425 1
1423 1425 1
1424 1425 1
64 1426 1
1427 1426 1
64 1427 1
1426 1427 1
1429 1428 1
430 1429 1
461 1429 1
1428 1429 1
1585 1429 1
1869 1429 1
223 1430 1
456 1431 1
461 1431 1
1433 1432 1
1435 1432 1
1436 1432 1
1432 1433 1
285 1434 1
466 1434 1
1432 1435 1
1436 1435 1
1432 1436 1
1435 1436 1
168 1437 1
468 1438 1
800 1438 2
1439 1438 1
800 1439 1
1438 1439 1
511 1440 1
543 1440 1
1441 1440 1
1442 1440 1
1443 1440 1
1444 1440 1
1445 1440 1
511 1441 1
543 1441 1
1440 1441 1
1442 1441 1
1443 1441 1
1444 1441 1
1445 1441 1
511 1442 1
543 1442 1
1440 1442 1
1441 1442 1
1443 1442 1
1444 1442 1
1445 1442 1
511 1443 1
543 1443 1
1440 1443 1
1441 1443 1
1442 1443 1
1444 1443 1
1445 1443 1
511 1444 1
543 1444 1
1440 1444 1
1441 1444 1
1442 1444 1
1443 1444 1
1445 1444 1
511 1445 1
543 1445 1
1440 1445 1
1441 1445 1
1442 1445 1
1443 1445 1
1444 1445 1
1298 1446 1
1447 1446 1
1298 1447 2
1446 1447 1
1449 1448 1
1450 1448 1
1448 1449 1
1450 1449 1
1448 1450 1
1449 1450 1
1452 1451 1
1453 1451 1
1451 1452 1
1453 1452 1
1451 1453 1
1452 1453 1
1455 1454 1
1454 1455 1
153 1456 2
1457 1456 1
1458 1456 1
1459 1456 1
1460 1456 1
153 1457 1
1456 1457 1
1458 1457 1
1459 1457 1
1460 1457 1
153 1458 1
1456 1458 1
1457 1458 1
1459 1458 1
1460 1458 1
153 1459 1
1456 1459 1
1457 1459 1
1458 1459 1
1460 1459 1
153 1460 1
1456 1460 1
1457 1460 1
1458 1460 1
1459 1460 1
53 1461 1
1462 1461 1
1463 1461 1
53 1462 1
1461 1462 1
1463 1462 1
53 1463 1
1461 1463 1
1462 1463 1
1465 1464 1
1466 1464 1
1467 1464 1
1464 1465 1
1466 1465 1
1467 1465 1
1464 1466 1
1465 1466 1
1467 1466 1
1464 1467 1
1465 1467 1
1466 1467 1
365 1468 1
428 1468 1
479 1468 1
1469 1468 1
1470 1468 1
365 1469 1
428 1469 1
479 1469 1
1468 1469 1
1470 1469 1
365 1470 1
428 1470 1
479 1470 1
1468 1470 1
1469 1470 1
905 1471 1
1200 1471 1
600 1472 2
633 1472 1
636 1472 1
637 1472 1
905 1473 2
1474 1473 1
2313 1473 1
905 1474 1
1473 1474 1
80 1475 1
295 1475 1
390 1475 1
1476 1475 1
1477 1475 1
80 1476 1
295 1476 1
390 1476 1
1475 1476 1
1477 1476 1
80 1477 1
295 1477 1
390 1477 1
1475 1477 1
1476 1477 1
904 1478 1
905 1478 1
200 1479 1
905 1480 1
905 1481 1
101 1482 1
905 1483 2
1484 1483 1
905 1484 1
1483 1484 1
954 1485 1
955 1485 1
1486 1485 1
954 1486 1
955 1486 1
1485 1486 1
356 1487 1
358 1487 1
361 1487 1
595 1488 1
895 1488 1
94 1489 1
384 1489 1
473 1489 1
184 1490 1
1492 1491 1
1491 1492 1
1576 1492 2
1577 1492 2
1494 1493 1
1493 1494 1
121 1495 1
173 1495 1
1497 1496 1
1496 1497 1
1499 1498 1
1498 1499 1
749 1500 1
110 1501 1
255 1502 1
1503 1502 1
255 1503 1
1502 1503 1
432 1504 1
1506 1505 1
1507 1505 1
1505 1506 1
1507 1506 1
1505 1507 1
1506 1507 1
1509 1508 1
1508 1509 1
297 1510 1
1511 1510 1
297 1511 1
1510 1511 1
1513 1512 1
1514 1512 1
1512 1513 1
1514 1513 1
1512 1514 1
1513 1514 1
600 1515 1
461 1516 1
104 1517 1
149 1517 1
1518 1517 1
1620 1517 2
1988 1517 1
149 1518 1
1517 1518 1
165 1519 1
1521 1520 1
1520 1521 1
1523 1522 2
1524 1522 2
1522 1523 2
1524 1523 2
1522 1524 2
1523 1524 2
1526 1525 1
1525 1526 1
753 1527 1
1528 1527 1
753 1528 1
1527 1528 1
108 1529 1
158 1529 1
1530 1529 1
108 1530 1
158 1530 1
1529 1530 1
1532 1531 1
1531 1532 1
35 1533 1
211 1533 1
860 1533 1
861 1533 6
1534 1533 1
2180 1533 1
861 1534 1
1533 1534 1
274 1535 1
1536 1535 1
1535 1536 1
120 1537 1
1538 1537 1
120 1538 1
1537 1538 1
1020 1539 1
979 1540 1
980 1540 1
1542 1541 1
1541 1542 1
215 1543 1
1545 1544 1
1546 1544 1
1547 1544 1
1544 1545 1
1546 1545 1
1547 1545 1
1544 1546 1
1545 1546 1
1547 1546 1
1544 1547 1
1545 1547 1
1546 1547 1
1000 1548 1
1549 1548 1
1550 1548 1
1551 1548 1
1552 1548 1
1553 1548 1
1554 1548 1
1555 1548 1
1000 1549 1
1548 1549 1
1550 1549 1
1551 1549 1
1552 1549 1
1553 1549 1
1554 1549 1
1555 1549 1
1000 1550 1
1548 1550 1
1549 1550 1
1551 1550 1
1552 1550 1
1553 1550 1
1554 1550 1
1555 1550 1
1000 1551 1
1548 1551 1
1549 1551 1
1550 1551 1
1552 1551 1
1553 1551 1
1554 1551 1
1555 1551 1
1000 1552 1
1548 1552 1
1549 1552 1
1550 1552 1
1551 1552 1
1553 1552 1
1554 1552 1
1555 1552 1
1000 1553 1
1548 1553 1
1549 1553 1
1550 1553 1
1551 1553 1
1552 1553 1
1554 1553 1
1555 1553 1
1000 1554 1
1548 1554 1
1549 1554 1
1550 1554 1
1551 1554 1
1552 1554 1
1553 1554 1
1555 1554 1
1000 1555 1
1548 1555 1
1549 1555 1
1550 1555 1
1551 1555 1
1552 1555 1
1553 1555 1
1554 1555 1
171 1556 1
275 1556 1
276 1556 1
383 1556 1
1557 1556 1
1558 1556 1
171 1557 1
275 1557 1
276 1557 1
383 1557 1
1556 1557 1
1558 1557 1
171 1558 1
275 1558 1
276 1558 1
383 1558 1
1556 1558 1
1557 1558 1
579 1559 1
395 1560 1
100 1561 1
117 1561 1
1563 1562 1
1564 1562 1
1562 1563 1
1564 1563 1
1562 1564 1
1563 1564 1
134 1565 1
95 1566 1
1660 1566 1
1568 1567 1
1567 1568 1
1570 1569 1
1571 1569 1
1569 1570 1
1571 1570 1
1569 1571 1
1570 1571 1
1573 1572 1
1574 1572 1
1572 1573 1
1574 1573 1
1572 1574 1
1573 1574 1
263 1575 2
1576 1575 1
1577 1575 1
1749 1575 1
1492 1576 2
1575 1576 1
1577 1576 3
1492 1577 2
1575 1577 1
1576 1577 3
90 1578 1
1579 1578 1
90 1579 1
1578 1579 1
1316 1580 2
1581 1580 2
1588 1580 1
1316 1581 2
1580 1581 2
515 1582 2
1583 1582 1
515 1583 1
1582 1583 1
4 1584 2
22 1584 1
61 1584 1
85 1584 1
117 1584 2
234 1584 1
265 1584 1
496 1584 1
615 1584 1
633 1584 2
646 1584 1
766 1584 1
782 1584 2
840 1584 1
905 1584 1
1007 1584 2
1021 1584 2
1063 1584 1
1064 1584 2
1190 1584 2
1229 1584 1
1639 1584 2
1655 1584 2
1763 1584 1
1931 1584 2
1944 1584 2
1945 1584 2
2098 1584 2
2139 1584 2
2206 1584 2
2305 1584 1
430 1585 1
461 1585 6
1429 1585 1
1586 1585 1
1675 1585 3
1869 1585 1
1870 1585 1
1902 1585 2
2015 1585 1
461 1586 1
1585 1586 1
148 1587 2
179 1587 2
1580 1588 1
143 1589 1
367 1589 1
1590 1589 1
143 1590 1
367 1590 1
1589 1590 1
1592 1591 1
1593 1591 1
1591 1592 1
1593 1592 2
1618 1592 1
1591 1593 1
1592 1593 2
1618 1593 1
1595 1594 1
1596 1594 1
1597 1594 1
1594 1595 1
1596 1595 1
1597 1595 1
1594 1596 1
1595 1596 1
1597 1596 1
1594 1597 1
1595 1597 1
1596 1597 1
854 1598 1
137 1599 1
145 1599 1
170 1599 1
1601 1600 1
1600 1601 1
929 1602 1
166 1603 1
1604 1603 1
166 1604 1
1603 1604 1
1113 1605 1
800 1606 3
1608 1607 1
1607 1608 1
465 1609 1
1610 1609 1
465 1610 1
1609 1610 1
403 1611 2
404 1611 2
861 1612 1
154 1613 1
1199 1613 1
1614 1613 1
1615 1613 1
1616 1613 1
1617 1613 1
154 1614 1
1199 1614 1
1613 1614 1
1615 1614 1
1616 1614 1
1617 1614 1
154 1615 1
1199 1615 1
1613 1615 1
1614 1615 1
1616 1615 1
1617 1615 1
154 1616 1
1199 1616 1
1613 1616 1
1614 1616 1
1615 1616 1
1617 1616 1
154 1617 1
1199 1617 1
1613 1617 1
1614 1617 1
1615 1617 1
1616 1617 1
1592 1618 1
1593 1618 1
30 1619 1
254 1619 1
104 1620 1
1517 1620 2
1988 1620 1
669 1621 1
1623 1622 1
1624 1622 1
1625 1622 1
1622 1623 1
1624 1623 1
1625 1623 1
1622 1624 1
1623 1624 1
1625 1624 1
1622 1625 1
1623 1625 1
1624 1625 1
74 1626 1
1298 1626 1
1627 1626 1
74 1627 1
1298 1627 1
1626 1627 1
87 1628 1
1629 1628 1
1630 1628 1
87 1629 1
1628 1629 1
1630 1629 1
87 1630 1
1628 1630 1
1629 1630 1
1632 1631 1
1633 1631 1
1631 1632 1
1633 1632 1
1631 1633 1
1632 1633 1
439 1634 3
1635 1634 1
1636 1634 1
1637 1634 1
1638 1634 1
1794 1634 2
439 1635 1
1634 1635 1
1636 1635 1
1637 1635 1
1638 1635 1
427 1636 1
439 1636 2
1634 1636 1
1635 1636 1
1637 1636 1
1638 1636 1
1812 1636 1
439 1637 1
1634 1637 1
1635 1637 1
1636 1637 1
1638 1637 1
439 1638 1
1634 1638 1
1635 1638 1
1636 1638 1
1637 1638 1
1584 1639 2
800 1640 1
330 1641 2
331 1641 1
1642 1641 2
1643 1641 3
1644 1641 3
1789 1641 2
1987 1641 1
330 1642 1
331 1642 2
1641 1642 2
1643 1642 4
1644 1642 4
1789 1642 1
1847 1642 2
1987 1642 1
330 1643 2
331 1643 2
1641 1643 3
1642 1643 4
1644 1643 5
1789 1643 2
1847 1643 2
1987 1643 1
330 1644 2
331 1644 2
1641 1644 3
1642 1644 4
1643 1644 5
1789 1644 2
1847 1644 2
1987 1644 1
290 1645 1
405 1645 1
905 1646 1
1647 1646 1
1648 1646 1
905 1647 1
1646 1647 1
1648 1647 1
905 1648 1
1646 1648 1
1647 1648 1
782 1649 1
1650 1649 1
782 1650 1
1649 1650 1
1652 1651 1
1653 1651 1
1654 1651 1
1651 1652 1
1653 1652 1
1654 1652 1
1651 1653 1
1652 1653 1
1654 1653 1
1651 1654 1
1652 1654 1
1653 1654 1
1584 1655 2
296 1656 2
377 1656 2
1658 1657 1
1657 1658 1
7 1659 2
23 1659 1
226 1659 1
861 1659 1
1848 1659 1
1566 1660 1
2117 1660 1
2118 1660 1
2138 1660 1
1104 1661 1
1663 1662 1
1664 1662 1
1662 1663 1
1664 1663 1
1662 1664 1
1663 1664 1
117 1665 1
505 1665 1
790 1666 1
369 1667 1
370 1667 1
1668 1667 1
369 1668 1
370 1668 1
1667 1668 1
840 1669 2
1671 1670 1
1672 1670 1
1673 1670 1
1674 1670 1
1670 1671 1
1672 1671 1
1673 1671 1
1674 1671 1
1670 1672 1
1671 1672 1
1673 1672 1
1674 1672 1
1670 1673 1
1671 1673 1
1672 1673 1
1674 1673 1
1670 1674 1
1671 1674 1
1672 1674 1
1673 1674 1
14 1675 1
18 1675 1
205 1675 1
456 1675 1
461 1675 4
1585 1675 3
1798 1675 1
1869 1675 2
1870 1675 2
1902 1675 2
2015 1675 1
1677 1676 1
1678 1676 1
61 1677 1
1007 1677 1
1676 1677 1
1678 1677 1
1826 1677 1
1827 1677 1
1828 1677 1
1896 1677 1
1897 1677 1
1676 1678 1
1677 1678 1
48 1679 1
82 1679 1
207 1679 3
547 1679 2
1771 1679 1
239 1680 1
298 1680 1
1681 1680 1
239 1681 1
298 1681 1
1680 1681 1
1066 1682 1
1067 1682 1
434 1683 1
476 1683 1
591 1684 1
1686 1685 1
1685 1686 1
167 1687 1
283 1687 1
284 1687 1
1689 1688 1
1688 1689 1
8 1690 1
444 1690 1
1691 1690 1
1692 1690 1
8 1691 1
444 1691 1
1690 1691 1
1692 1691 1
8 1692 1
444 1692 1
1690 1692 1
1691 1692 1
174 1693 1
333 1693 1
658 1693 4
660 1693 2
1833 1693 1
2215 1693 1
668 1694 1
1883 1695 1
1884 1695 1
1970 1695 1
1697 1696 1
1696 1697 1
340 1698 2
958 1698 1
1819 1698 1
1820 1698 1
1882 1698 1
1700 1699 1
1701 1699 1
1699 1700 1
1701 1700 1
1699 1701 1
1700 1701 1
208 1702 1
929 1703 1
724 1704 3
282 1705 1
1706 1705 1
282 1706 1
1705 1706 1
722 1707 1
1708 1707 1
1709 1707 1
1710 1707 1
722 1708 1
1707 1708 1
1709 1708 1
1710 1708 1
722 1709 1
1707 1709 1
1708 1709 1
1710 1709 1
722 1710 1
1707 1710 1
1708 1710 1
1709 1710 1
89 1711 2
220 1711 2
1954 1711 1
1713 1712 1
1714 1712 1
1715 1712 1
1716 1712 1
1712 1713 1
1714 1713 1
1715 1713 1
1716 1713 1
1712 1714 1
1713 1714 1
1715 1714 1
1716 1714 1
1712 1715 1
1713 1715 1
1714 1715 1
1716 1715 1
1712 1716 1
1713 1716 1
1714 1716 1
1715 1716 1
1718 1717 1
1717 1718 1
1066 1719 1
1720 1719 1
1066 1720 3
1067 1720 2
1719 1720 1
2128 1720 1
2129 1720 1
1722 1721 1
1723 1721 1
1721 1722 1
1723 1722 2
1975 1722 1
1721 1723 1
1722 1723 2
1975 1723 1
341 1724 1
475 1724 1
1725 1724 1
341 1725 1
475 1725 1
1724 1725 1
181 1726 1
438 1727 3
1728 1727 1
1729 1727 1
438 1728 1
1727 1728 1
1729 1728 1
438 1729 1
1727 1729 1
1728 1729 1
74 1730 1
300 1731 1
301 1731 1
1114 1731 1
1732 1731 1
1733 1731 1
1734 1731 1
300 1732 1
301 1732 1
1114 1732 1
1731 1732 1
1733 1732 1
1734 1732 1
300 1733 1
301 1733 1
1114 1733 1
1731 1733 1
1732 1733 1
1734 1733 1
300 1734 1
301 1734 1
1114 1734 1
1731 1734 1
1732 1734 1
1733 1734 1
1736 1735 1
1737 1735 1
1735 1736 1
1737 1736 1
1735 1737 1
1736 1737 1
572 1738 2
573 1738 2
1739 1738 2
1866 1738 1
570 1739 1
572 1739 2
573 1739 2
1738 1739 2
1866 1739 1
2155 1739 1
2156 1739 1
1352 1740 1
1353 1740 1
1741 1740 1
1742 1740 1
1352 1741 1
1353 1741 1
1740 1741 1
1742 1741 1
1352 1742 1
1353 1742 1
1740 1742 1
1741 1742 1
69 1743 1
70 1743 1
371 1743 1
7 1744 1
61 1744 1
1007 1744 1
1064 1744 1
1221 1745 4
1223 1745 3
1224 1745 2
1746 1745 1
1747 1745 1
1748 1745 3
1904 1745 1
1905 1745 2
1936 1745 1
1989 1745 1
1221 1746 2
1224 1746 1
1745 1746 1
1747 1746 1
1748 1746 1
1935 1746 1
1936 1746 1
1221 1747 1
1224 1747 1
1745 1747 1
1746 1747 1
1748 1747 1
1221 1748 4
1223 1748 2
1224 1748 2
1745 1748 3
1746 1748 1
1747 1748 1
1903 1748 1
1904 1748 2
1905 1748 2
1936 1748 1
263 1749 1
1575 1749 1
376 1750 1
157 1751 1
1752 1751 1
157 1752 1
1751 1752 1
214 1753 1
1754 1753 1
1755 1753 1
214 1754 1
1753 1754 1
1755 1754 1
214 1755 1
1753 1755 1
1754 1755 1
343 1756 1
1757 1756 1
343 1757 1
1756 1757 1
1085 1758 1
1759 1758 1
1085 1759 1
1758 1759 1
29 1760 1
1761 1760 1
1762 1760 1
29 1761 1
1760 1761 1
1762 1761 1
29 1762 1
1760 1762 1
1761 1762 1
4 1763 1
22 1763 1
61 1763 1
117 1763 1
234 1763 1
265 1763 1
633 1763 1
782 1763 1
840 1763 1
1007 1763 1
1021 1763 1
1064 1763 1
1190 1763 1
1584 1763 1
1764 1763 2
1765 1763 1
1931 1763 1
1944 1763 1
1945 1763 1
2009 1763 1
2186 1763 1
2187 1763 1
2188 1763 1
2206 1763 1
1763 1764 2
1765 1764 1
2009 1764 2
2058 1764 1
1763 1765 1
1764 1765 1
1767 1766 1
1768 1766 1
1766 1767 1
1768 1767 1
1766 1768 1
1767 1768 1
1770 1769 1
1769 1770 1
207 1771 1
547 1771 1
1679 1771 1
1773 1772 1
1774 1772 1
1775 1772 1
1776 1772 1
1772 1773 1
1774 1773 1
1775 1773 1
1776 1773 1
1772 1774 1
1773 1774 1
1775 1774 1
1776 1774 1
1772 1775 1
1773 1775 1
1774 1775 1
1776 1775 1
1772 1776 1
1773 1776 1
1774 1776 1
1775 1776 1
437 1777 1
1778 1777 1
1779 1777 1
437 1778 1
1777 1778 1
1779 1778 1
437 1779 1
1777 1779 1
1778 1779 1
1781 1780 1
1782 1780 1
1780 1781 1
1782 1781 1
1780 1782 1
1781 1782 1
421 1783 1
1784 1783 1
1785 1783 1
1786 1783 1
1787 1783 1
1788 1783 1
421 1784 1
1783 1784 1
1785 1784 1
1786 1784 1
1787 1784 1
1788 1784 1
421 1785 1
1783 1785 1
1784 1785 1
1786 1785 1
1787 1785 1
1788 1785 1
421 1786 1
1783 1786 1
1784 1786 1
1785 1786 1
1787 1786 1
1788 1786 1
421 1787 1
1783 1787 1
1784 1787 1
1785 1787 1
1786 1787 1
1788 1787 1
421 1788 1
1783 1788 1
1784 1788 1
1785 1788 1
1786 1788 1
1787 1788 1
330 1789 2
1641 1789 2
1642 1789 1
1643 1789 2
1644 1789 2
1987 1789 1
1190 1790 1
1792 1791 1
1793 1791 1
1791 1792 1
1793 1792 1
1791 1793 1
1792 1793 1
439 1794 2
1634 1794 2
929 1795 1
401 1796 1
616 1796 1
617 1796 1
618 1796 1
1797 1796 1
401 1797 1
616 1797 1
617 1797 1
618 1797 1
1796 1797 1
456 1798 1
1675 1798 1
1800 1799 1
1801 1799 1
1799 1800 1
1801 1800 1
1799 1801 1
1800 1801 1
658 1802 1
1803 1802 1
658 1803 1
1802 1803 1
615 1804 1
840 1805 1
609 1806 1
140 1807 1
347 1807 3
350 1807 1
1876 1807 1
2157 1807 1
1809 1808 1
2248 1808 1
1808 1809 1
1185 1810 1
1186 1810 1
507 1811 1
427 1812 1
439 1812 1
1636 1812 1
13 1813 1
220 1813 1
340 1813 1
2133 1813 1
2134 1813 1
2135 1813 1
1815 1814 1
1816 1814 1
1814 1815 1
1816 1815 1
1814 1816 1
1815 1816 1
301 1817 1
1818 1817 1
301 1818 1
1817 1818 1
340 1819 2
1698 1819 1
1820 1819 2
2020 1819 1
2021 1819 1
340 1820 2
1698 1820 1
1819 1820 2
2020 1820 1
2021 1820 1
1822 1821 1
1821 1822 1
471 1823 1
860 1823 1
861 1823 2
1824 1823 1
1825 1823 1
471 1824 1
860 1824 1
861 1824 1
1823 1824 1
1825 1824 1
471 1825 1
860 1825 1
861 1825 1
1823 1825 1
1824 1825 1
1677 1826 1
1827 1826 1
1828 1826 1
1677 1827 1
1826 1827 1
1828 1827 1
1677 1828 1
1826 1828 1
1827 1828 1
4 1829 1
1830 1829 1
1831 1829 1
1832 1829 1
4 1830 1
1829 1830 1
1831 1830 1
1832 1830 1
4 1831 1
1829 1831 1
1830 1831 1
1832 1831 1
4 1832 1
1829 1832 1
1830 1832 1
1831 1832 1
658 1833 1
1693 1833 1
1835 1834 1
1834 1835 1
241 1836 1
1837 1836 1
241 1837 1
1836 1837 1
1839 1838 1
1838 1839 1
249 1840 1
1841 1840 1
249 1841 1
1840 1841 1
1007 1842 2
1 1843 1
1376 1843 1
1845 1844 1
1844 1845 1
626 1846 1
627 1846 1
331 1847 1
1642 1847 2
1643 1847 2
1644 1847 2
7 1848 3
226 1848 1
1659 1848 1
1885 1848 2
1850 1849 1
1851 1849 1
1849 1850 1
1851 1850 1
1849 1851 1
1850 1851 1
733 1852 1
1853 1852 1
1854 1852 1
733 1853 1
1852 1853 1
1854 1853 1
733 1854 1
1852 1854 1
1853 1854 1
620 1855 1
1857 1856 1
1856 1857 1
766 1858 1
767 1858 1
1859 1858 1
1860 1858 1
766 1859 1
767 1859 1
1858 1859 1
1860 1859 1
766 1860 1
767 1860 1
1858 1860 1
1859 1860 1
218 1861 1
436 1861 1
840 1862 1
1139 1863 1
1140 1863 1
231 1864 1
1865 1864 1
231 1865 1
1864 1865 1
572 1866 1
573 1866 1
1738 1866 1
1739 1866 1
356 1867 1
357 1867 1
358 1867 1
1868 1867 1
356 1868 2
357 1868 1
358 1868 2
1867 1868 1
1937 1868 1
430 1869 1
461 1869 2
1429 1869 1
1585 1869 1
1675 1869 2
1870 1869 1
461 1870 2
1585 1870 1
1675 1870 2
1869 1870 1
2015 1870 1
1872 1871 1
1871 1872 1
1874 1873 1
1875 1873 1
1873 1874 1
1875 1874 1
1873 1875 1
1874 1875 1
347 1876 1
1807 1876 1
782 1877 1
217 1878 2
1879 1878 2
1880 1878 2
1976 1878 1
217 1879 2
1878 1879 2
1880 1879 2
1976 1879 1
217 1880 2
1878 1880 2
1879 1880 2
1976 1880 1
1389 1881 1
1698 1882 1
1695 1883 1
1884 1883 1
1695 1884 1
1883 1884 1
7 1885 2
1848 1885 2
620 1886 1
1887 1886 1
620 1887 1
1886 1887 1
4 1888 2
324 1888 1
325 1888 1
326 1888 1
327 1888 1
1889 1888 1
2181 1888 1
4 1889 1
324 1889 1
325 1889 1
326 1889 1
327 1889 1
1888 1889 1
3 1890 2
59 1890 2
60 1890 2
75 1890 2
1891 1890 1
3 1891 1
59 1891 1
60 1891 1
75 1891 1
1890 1891 1
32 1892 1
1893 1892 1
1894 1892 1
32 1893 1
1892 1893 1
1894 1893 1
32 1894 1
1892 1894 1
1893 1894 1
173 1895 1
61 1896 1
1007 1896 1
1677 1896 1
1897 1896 1
61 1897 1
1007 1897 1
1677 1897 1
1896 1897 1
401 1898 1
617 1898 1
618 1898 1
1899 1898 1
401 1899 1
617 1899 1
618 1899 1
1898 1899 1
1901 1900 2
1900 1901 2
461 1902 2
1585 1902 2
1675 1902 2
1221 1903 1
1748 1903 1
1904 1903 1
1905 1903 1
1221 1904 3
1223 1904 1
1745 1904 1
1748 1904 2
1903 1904 1
1905 1904 3
1936 1904 2
1221 1905 5
1223 1905 2
1745 1905 2
1748 1905 2
1903 1905 1
1904 1905 3
1936 1905 3
1989 1905 1
2111 1905 1
2112 1905 1
93 1906 1
1066 1906 1
1067 1906 1
1907 1906 1
93 1907 1
1066 1907 1
1067 1907 1
1906 1907 1
42 1908 1
68 1909 1
413 1909 1
301 1910 1
531 1910 1
1911 1910 1
301 1911 3
531 1911 3
1910 1911 1
1977 1911 2
1978 1911 1
1979 1911 2
2142 1911 1
2143 1911 1
83 1912 1
450 1912 1
478 1912 1
1914 1913 1
1915 1913 1
1916 1913 1
1917 1913 1
1918 1913 1
1913 1914 1
1915 1914 1
1916 1914 1
1917 1914 1
1918 1914 1
1913 1915 1
1914 1915 1
1916 1915 1
1917 1915 1
1918 1915 1
1913 1916 1
1914 1916 1
1915 1916 1
1917 1916 1
1918 1916 1
1913 1917 1
1914 1917 1
1915 1917 1
1916 1917 1
1918 1917 1
1913 1918 1
1914 1918 1
1915 1918 1
1916 1918 1
1917 1918 1
346 1919 1
1920 1919 1
1921 1919 1
1922 1919 1
1923 1919 1
1924 1919 1
346 1920 1
1919 1920 1
1921 1920 1
1922 1920 1
1923 1920 1
1924 1920 1
346 1921 1
1919 1921 1
1920 1921 1
1922 1921 1
1923 1921 1
1924 1921 1
346 1922 1
1919 1922 1
1920 1922 1
1921 1922 1
1923 1922 1
1924 1922 1
346 1923 1
1919 1923 1
1920 1923 1
1921 1923 1
1922 1923 1
1924 1923 1
346 1924 1
1919 1924 1
1920 1924 1
1921 1924 1
1922 1924 1
1923 1924 1
1131 1925 1
1926 1925 1
1927 1925 1
2273 1925 1
2274 1925 1
2275 1925 1
1131 1926 1
1925 1926 1
1927 1926 1
1131 1927 1
1925 1927 1
1926 1927 1
457 1928 1
1007 1928 2
1929 1928 2
457 1929 1
1007 1929 3
1928 1929 2
2006 1929 1
1007 1930 2
1931 1930 1
2165 1930 1
2166 1930 1
2280 1930 1
4 1931 2
22 1931 1
61 1931 1
117 1931 2
234 1931 1
265 1931 1
496 1931 1
615 1931 1
633 1931 2
646 1931 1
766 1931 1
782 1931 2
840 1931 1
905 1931 1
1007 1931 3
1021 1931 2
1063 1931 1
1064 1931 2
1190 1931 2
1229 1931 1
1584 1931 2
1763 1931 1
1930 1931 1
1944 1931 2
1945 1931 2
2206 1931 2
1228 1932 1
1229 1932 3
420 1933 1
600 1934 1
617 1934 1
2038 1934 1
2039 1934 1
1221 1935 2
1223 1935 1
1746 1935 1
1936 1935 1
1989 1935 1
1990 1935 1
1221 1936 4
1223 1936 1
1745 1936 1
1746 1936 1
1748 1936 1
1904 1936 2
1905 1936 3
1935 1936 1
2111 1936 1
2112 1936 1
356 1937 1
358 1937 1
1868 1937 1
1939 1938 1
1938 1939 1
304 1940 5
2149 1940 1
113 1941 1
1942 1941 2
113 1942 1
1941 1942 2
73 1943 1
250 1943 1
544 1943 1
4 1944 2
22 1944 1
61 1944 1
117 1944 2
234 1944 1
265 1944 1
496 1944 1
615 1944 1
633 1944 2
646 1944 1
766 1944 1
782 1944 2
840 1944 1
905 1944 1
1007 1944 2
1021 1944 2
1063 1944 1
1064 1944 2
1190 1944 2
1229 1944 1
1584 1944 2
1763 1944 1
1931 1944 2
1945 1944 5
1946 1944 1
1947 1944 1
1948 1944 1
2170 1944 1
2171 1944 1
2206 1944 2
2261 1944 1
2262 1944 1
2263 1944 1
2264 1944 1
2265 1944 1
2266 1944 1
4 1945 2
22 1945 1
61 1945 1
117 1945 2
234 1945 1
265 1945 1
496 1945 1
615 1945 1
633 1945 2
646 1945 1
766 1945 1
782 1945 2
840 1945 1
905 1945 1
1007 1945 2
1021 1945 2
1063 1945 1
1064 1945 2
1190 1945 2
1229 1945 1
1584 1945 2
1763 1945 1
1931 1945 2
1944 1945 5
1946 1945 1
1947 1945 1
1948 1945 1
2170 1945 1
2171 1945 1
2206 1945 2
2261 1945 1
2262 1945 1
2263 1945 1
2264 1945 1
2265 1945 1
2266 1945 1
1944 1946 1
1945 1946 1
1947 1946 1
1948 1946 1
1944 1947 1
1945 1947 1
1946 1947 1
1948 1947 1
1944 1948 1
1945 1948 1
1946 1948 1
1947 1948 1
991 1949 1
992 1949 1
1951 1950 1
1950 1951 1
892 1952 1
837 1953 1
838 1953 1
89 1954 1
220 1954 1
1711 1954 1
1956 1955 1
1955 1956 1
1958 1957 1
1959 1957 1
1957 1958 1
1959 1958 1
1957 1959 1
1958 1959 1
90 1960 1
1190 1961 1
1962 1961 1
1190 1962 1
1961 1962 1
340 1963 1
1965 1964 1
1964 1965 1
1967 1966 1
1966 1967 1
1969 1968 1
1968 1969 1
1695 1970 1
2238 1971 1
2239 1971 1
2240 1971 1
669 1972 1
1973 1972 1
1974 1972 1
669 1973 1
1972 1973 1
1974 1973 1
669 1974 1
1972 1974 1
1973 1974 1
1722 1975 1
1723 1975 1
217 1976 1
1878 1976 1
1879 1976 1
1880 1976 1
301 1977 2
531 1977 2
1911 1977 2
1978 1977 1
1979 1977 2
2142 1977 1
2143 1977 1
301 1978 1
531 1978 1
1911 1978 1
1977 1978 1
1979 1978 1
301 1979 2
531 1979 2
1911 1979 2
1977 1979 2
1978 1979 1
2142 1979 1
2143 1979 1
208 1980 1
9 1981 1
10 1981 1
51 1981 1
1982 1981 1
1983 1981 1
9 1982 1
10 1982 1
51 1982 1
1981 1982 1
1983 1982 1
9 1983 1
10 1983 1
51 1983 1
1981 1983 1
1982 1983 1
1190 1984 2
1985 1984 1
1190 1985 1
1984 1985 1
545 1986 1
330 1987 1
1641 1987 1
1642 1987 1
1643 1987 1
1644 1987 1
1789 1987 1
1517 1988 1
1620 1988 1
1221 1989 2
1223 1989 2
1745 1989 1
1905 1989 1
1935 1989 1
1990 1989 1
1221 1990 1
1223 1990 1
1935 1990 1
1989 1990 1
197 1991 1
1992 1991 1
197 1992 1
1991 1992 1
32 1993 1
183 1994 1
392 1994 1
1995 1994 1
183 1995 1
392 1995 1
1994 1995 1
164 1996 1
591 1996 1
22 1997 1
1999 1998 1
2000 1998 1
1998 1999 1
2000 1999 1
1998 2000 1
1999 2000 1
2002 2001 1
2003 2001 1
2004 2001 1
2005 2001 1
2001 2002 1
2003 2002 1
2004 2002 1
2005 2002 1
2001 2003 1
2002 2003 1
2004 2003 1
2005 2003 1
2001 2004 1
2002 2004 1
2003 2004 1
2005 2004 1
2001 2005 1
2002 2005 1
2003 2005 1
2004 2005 1
1007 2006 3
1021 2006 2
1929 2006 1
2103 2006 1
2104 2006 1
2008 2007 1
2007 2008 1
1763 2009 1
1764 2009 2
2058 2009 1
347 2010 1
2011 2010 1
347 2011 2
350 2011 1
2010 2011 1
2126 2011 1
840 2012 1
2013 2012 1
2014 2012 1
840 2013 1
2012 2013 1
2014 2013 1
840 2014 1
2012 2014 1
2013 2014 1
461 2015 1
1585 2015 1
1675 2015 1
1870 2015 1
658 2016 2
244 2017 1
2018 2017 1
2019 2017 1
244 2018 1
2017 2018 1
2019 2018 1
244 2019 1
2017 2019 1
2018 2019 1
340 2020 1
1819 2020 1
1820 2020 1
2021 2020 1
340 2021 1
1819 2021 1
1820 2021 1
2020 2021 1
1061 2022 1
2023 2022 1
1061 2023 1
2022 2023 1
2025 2024 1
2024 2025 1
2027 2026 1
2150 2026 1
2026 2027 1
197 2028 1
2029 2028 1
2030 2028 1
2031 2028 1
197 2029 1
2028 2029 1
2030 2029 1
2031 2029 1
197 2030 1
2028 2030 1
2029 2030 1
2031 2030 1
197 2031 1
2028 2031 1
2029 2031 1
2030 2031 1
387 2032 2
202 2033 1
240 2033 2
2034 2033 1
2035 2033 1
2107 2033 1
2108 2033 1
2109 2033 1
202 2034 1
240 2034 1
2033 2034 1
2035 2034 1
202 2035 1
240 2035 1
2033 2035 1
2034 2035 1
394 2036 1
2037 2036 1
394 2037 1
2036 2037 1
600 2038 1
1934 2038 1
2039 2038 1
600 2039 2
848 2039 1
1934 2039 1
2038 2039 1
2169 2039 1
2041 2040 1
2042 2040 1
2043 2040 1
2040 2041 1
2042 2041 1
2043 2041 1
2040 2042 1
2041 2042 1
2043 2042 1
2040 2043 1
2041 2043 1
2042 2043 1
1127 2044 1
2045 2044 1
2046 2044 1
1127 2045 1
2044 2045 1
2046 2045 1
1127 2046 1
2044 2046 1
2045 2046 1
2048 2047 1
2049 2047 1
2047 2048 1
2049 2048 1
2047 2049 1
2048 2049 1
2051 2050 1
2050 2051 1
448 2052 1
2053 2052 2
448 2053 1
2052 2053 2
450 2054 1
2055 2054 1
450 2055 1
2054 2055 1
453 2056 1
861 2056 2
2057 2056 1
2080 2056 1
2081 2056 1
453 2057 1
861 2057 1
2056 2057 1
1764 2058 1
2009 2058 1
2059 2058 1
2060 2058 1
2058 2059 1
2060 2059 1
2058 2060 1
2059 2060 1
2062 2061 1
2063 2061 1
2064 2061 1
2061 2062 1
2063 2062 1
2064 2062 1
2061 2063 1
2062 2063 1
2064 2063 1
2061 2064 1
2062 2064 1
2063 2064 1
431 2065 1
2066 2065 1
2067 2065 1
431 2066 1
2065 2066 1
2067 2066 1
431 2067 1
2065 2067 1
2066 2067 1
272 2068 1
448 2068 1
455 2068 1
179 2069 1
433 2070 1
434 2070 2
2071 2070 1
433 2071 1
434 2071 1
2070 2071 1
3 2072 1
198 2073 1
1378 2073 1
2074 2073 1
198 2074 1
1378 2074 1
2073 2074 1
344 2075 1
1031 2076 1
1032 2076 1
2077 2076 1
1031 2077 1
1032 2077 1
2076 2077 1
193 2078 1
2079 2078 1
193 2079 1
2078 2079 1
861 2080 1
2056 2080 1
2081 2080 1
861 2081 1
2056 2081 1
2080 2081 1
21 2082 1
103 2082 1
2192 2082 1
2193 2082 1
2194 2082 1
2226 2082 1
2227 2082 1
450 2083 1
620 2084 1
2085 2084 1
620 2085 1
2084 2085 1
102 2086 1
2087 2086 1
102 2087 1
2086 2087 1
2089 2088 1
2090 2088 1
2091 2088 1
2088 2089 1
2090 2089 1
2091 2089 1
2088 2090 1
2089 2090 1
2091 2090 1
2088 2091 1
2089 2091 1
2090 2091 1
306 2092 1
251 2093 1
353 2093 1
2094 2093 1
251 2094 1
353 2094 1
2093 2094 1
428 2095 1
1403 2095 1
65 2096 1
294 2097 1
1584 2098 2
56 2099 1
418 2099 1
2100 2099 1
56 2100 1
418 2100 1
2099 2100 1
633 2101 1
636 2101 1
2130 2101 1
93 2102 1
1007 2103 1
1021 2103 1
2006 2103 1
2104 2103 1
1007 2104 1
1021 2104 1
2006 2104 1
2103 2104 1
225 2105 1
2106 2105 1
225 2106 1
2105 2106 1
240 2107 1
2033 2107 1
2108 2107 1
2109 2107 1
240 2108 1
2033 2108 1
2107 2108 1
2109 2108 1
240 2109 1
2033 2109 1
2107 2109 1
2108 2109 1
5 2110 1
6 2110 1
52 2110 1
124 2110 1
1221 2111 1
1905 2111 1
1936 2111 1
2112 2111 1
1221 2112 1
1905 2112 1
1936 2112 1
2111 2112 1
98 2113 1
12 2114 1
447 2114 1
308 2115 1
2116 2115 1
308 2116 1
2115 2116 1
1660 2117 1
2118 2117 1
1660 2118 1
2117 2118 1
2120 2119 1
2121 2119 1
2119 2120 1
2121 2120 1
44 2121 1
2119 2121 1
2120 2121 1
2148 2121 1
585 2122 1
2123 2122 1
585 2123 1
2122 2123 1
26 2124 1
66 2124 1
2125 2124 1
26 2125 1
66 2125 1
2124 2125 1
347 2126 1
350 2126 1
2011 2126 1
198 2127 1
935 2127 1
1378 2127 1
1066 2128 1
1067 2128 1
1720 2128 1
2129 2128 1
1066 2129 1
1067 2129 1
1720 2129 1
2128 2129 1
2101 2130 1
462 2131 1
2132 2131 1
462 2132 1
2131 2132 1
13 2133 1
1813 2133 1
2134 2133 1
2135 2133 1
13 2134 1
1813 2134 1
2133 2134 1
2135 2134 1
13 2135 1
1813 2135 1
2133 2135 1
2134 2135 1
338 2136 1
2137 2136 1
338 2137 1
2136 2137 1
1660 2138 1
1584 2139 2
2305 2139 1
338 2140 1
2141 2140 1
338 2141 1
2140 2141 1
301 2142 1
531 2142 1
1911 2142 1
1977 2142 1
1979 2142 1
2143 2142 1
301 2143 1
531 2143 1
1911 2143 1
1977 2143 1
1979 2143 1
2142 2143 1
2145 2144 1
2146 2144 1
2147 2144 1
2144 2145 1
2146 2145 1
2147 2145 1
2144 2146 1
2145 2146 1
2147 2146 1
2144 2147 1
2145 2147 1
2146 2147 1
44 2148 1
2121 2148 1
304 2149 1
1940 2149 1
2026 2150 1
47 2151 1
73 2151 1
544 2151 1
2153 2152 1
2154 2152 1
2152 2153 1
2154 2153 1
2152 2154 1
2153 2154 1
570 2155 2
1739 2155 1
2156 2155 1
2243 2155 1
570 2156 1
1739 2156 1
2155 2156 1
140 2157 1
347 2157 1
1807 2157 1
2159 2158 1
2158 2159 1
2161 2160 1
2162 2160 1
2160 2161 1
2162 2161 1
2160 2162 1
2161 2162 1
352 2163 1
695 2163 1
1352 2164 1
1353 2164 1
1930 2165 1
2166 2165 1
1930 2166 1
2165 2166 1
376 2167 1
2168 2167 1
376 2168 1
2167 2168 1
600 2169 1
848 2169 1
2039 2169 1
1944 2170 1
1945 2170 1
2171 2170 1
1944 2171 1
1945 2171 1
2170 2171 1
22 2172 1
172 2172 1
2174 2173 1
2175 2173 1
2176 2173 1
2173 2174 1
2175 2174 1
2176 2174 1
2173 2175 1
2174 2175 1
2176 2175 1
2173 2176 1
2174 2176 1
2175 2176 1
1119 2177 1
1120 2177 1
317 2178 1
1135 2178 1
20 2179 1
861 2180 1
1533 2180 1
4 2181 1
1888 2181 1
16 2182 1
77 2182 1
78 2182 1
2183 2182 1
16 2183 1
77 2183 1
78 2183 1
2182 2183 1
86 2184 1
210 2184 1
336 2184 1
2185 2184 1
86 2185 1
210 2185 1
336 2185 1
2184 2185 1
1763 2186 1
2187 2186 1
2188 2186 1
1763 2187 1
2186 2187 1
2188 2187 1
1763 2188 1
2186 2188 1
2187 2188 1
2190 2189 1
2191 2189 1
2189 2190 1
2191 2190 1
2189 2191 1
2190 2191 1
21 2192 1
2082 2192 1
2193 2192 1
2194 2192 1
21 2193 1
2082 2193 1
2192 2193 1
2194 2193 1
21 2194 1
2082 2194 1
2192 2194 1
2193 2194 1
2196 2195 1
2195 2196 1
195 2197 1
2198 2197 1
195 2198 1
2197 2198 1
443 2199 1
1256 2199 1
2200 2199 1
2201 2199 1
2202 2199 1
2203 2199 1
2204 2199 1
443 2200 1
1256 2200 2
2199 2200 1
2201 2200 2
2202 2200 1
2203 2200 1
2204 2200 1
2292 2200 1
443 2201 1
1256 2201 2
2199 2201 1
2200 2201 2
2202 2201 1
2203 2201 1
2204 2201 1
2292 2201 1
443 2202 1
1256 2202 1
2199 2202 1
2200 2202 1
2201 2202 1
2203 2202 1
2204 2202 1
443 2203 1
1256 2203 1
2199 2203 1
2200 2203 1
2201 2203 1
2202 2203 1
2204 2203 1
443 2204 1
1256 2204 1
2199 2204 1
2200 2204 1
2201 2204 1
2202 2204 1
2203 2204 1
79 2205 1
268 2205 1
340 2205 1
595 2205 1
782 2205 1
854 2205 1
1064 2205 1
2206 2205 1
2207 2205 1
4 2206 2
22 2206 1
61 2206 1
79 2206 1
117 2206 2
234 2206 1
265 2206 1
268 2206 1
340 2206 1
496 2206 1
595 2206 1
615 2206 1
633 2206 2
646 2206 1
766 2206 1
782 2206 3
840 2206 1
854 2206 1
905 2206 1
1007 2206 2
1021 2206 2
1063 2206 1
1064 2206 3
1190 2206 2
1229 2206 1
1584 2206 2
1763 2206 1
1931 2206 2
1944 2206 2
1945 2206 2
2205 2206 1
2207 2206 1
79 2207 1
268 2207 1
340 2207 1
595 2207 1
782 2207 1
854 2207 1
1064 2207 1
2205 2207 1
2206 2207 1
15 2208 1
14 2209 1
18 2209 1
54 2209 1
55 2209 1
236 2209 1
114 2210 1
2211 2210 1
114 2211 1
2210 2211 1
339 2212 1
2213 2212 1
339 2213 1
2212 2213 1
27 2214 1
95 2214 1
111 2214 1
119 2214 1
160 2214 1
268 2214 3
440 2214 3
442 2214 1
2220 2214 1
2221 2214 1
2228 2214 1
32 2215 1
658 2215 2
1693 2215 1
1361 2216 1
1215 2217 2
2218 2217 2
2219 2217 1
2281 2217 1
1215 2218 2
2217 2218 2
2219 2218 1
2281 2218 1
1215 2219 1
2217 2219 1
2218 2219 1
95 2220 1
119 2220 1
268 2220 1
440 2220 1
2214 2220 1
2221 2220 1
95 2221 1
119 2221 1
268 2221 1
440 2221 1
2214 2221 1
2220 2221 1
2223 2222 1
2224 2222 1
2225 2222 1
2222 2223 1
2224 2223 1
2225 2223 1
2231 2223 1
2232 2223 1
2233 2223 1
2301 2223 1
2302 2223 1
2303 2223 1
2222 2224 1
2223 2224 1
2225 2224 1
2222 2225 1
2223 2225 1
2224 2225 1
2082 2226 1
2227 2226 1
2082 2227 1
2226 2227 1
160 2228 1
268 2228 1
440 2228 1
442 2228 1
2214 2228 1
766 2229 1
18 2230 1
205 2230 1
237 2230 1
2223 2231 1
2232 2231 1
2233 2231 1
2223 2232 1
2231 2232 1
2233 2232 1
2223 2233 1
2231 2233 1
2232 2233 1
2235 2234 1
2236 2234 1
2234 2235 1
2236 2235 1
2234 2236 1
2235 2236 1
658 2237 1
1971 2238 1
2239 2238 1
2240 2238 1
1971 2239 1
2238 2239 1
2240 2239 1
1971 2240 1
2238 2240 1
2239 2240 1
1021 2241 1
2242 2241 1
1021 2242 1
2241 2242 1
570 2243 1
2155 2243 1
2245 2244 1
2246 2244 1
2247 2244 1
2244 2245 1
2246 2245 1
2247 2245 1
2244 2246 1
2245 2246 1
2247 2246 1
2244 2247 1
2245 2247 1
2246 2247 1
1808 2248 1
2250 2249 1
2251 2249 1
2249 2250 1
2251 2250 1
2249 2251 1
2250 2251 1
842 2252 1
843 2252 1
1400 2252 1
2253 2252 1
2254 2252 1
842 2253 1
843 2253 1
1400 2253 1
2252 2253 1
2254 2253 1
842 2254 2
843 2254 3
1400 2254 1
2252 2254 1
2253 2254 1
2282 2254 1
2284 2254 1
2285 2254 1
329 2255 1
2256 2255 1
2257 2255 1
329 2256 1
2255 2256 1
2257 2256 1
329 2257 1
2255 2257 1
2256 2257 1
1190 2258 1
1215 2259 1
2260 2259 1
1215 2260 1
2259 2260 1
1944 2261 1
1945 2261 1
2262 2261 1
2263 2261 1
2264 2261 1
2265 2261 1
2266 2261 1
1944 2262 1
1945 2262 1
2261 2262 1
2263 2262 1
2264 2262 1
2265 2262 1
2266 2262 1
1944 2263 1
1945 2263 1
2261 2263 1
2262 2263 1
2264 2263 1
2265 2263 1
2266 2263 1
1944 2264 1
1945 2264 1
2261 2264 1
2262 2264 1
2263 2264 1
2265 2264 1
2266 2264 1
1944 2265 1
1945 2265 1
2261 2265 1
2262 2265 1
2263 2265 1
2264 2265 1
2266 2265 1
1944 2266 1
1945 2266 1
2261 2266 1
2262 2266 1
2263 2266 1
2264 2266 1
2265 2266 1
243 2267 1
2268 2267 1
243 2268 1
2267 2268 1
534 2269 1
2270 2269 1
534 2270 1
2269 2270 1
1378 2271 1
2272 2271 1
1378 2272 1
2271 2272 1
1925 2273 1
2274 2273 1
2275 2273 1
1925 2274 1
2273 2274 1
2275 2274 1
1925 2275 1
2273 2275 1
2274 2275 1
7 2276 1
61 2276 1
62 2276 1
2277 2276 1
7 2277 1
61 2277 1
62 2277 1
2276 2277 1
450 2278 1
782 2279 1
1007 2280 1
1930 2280 1
1215 2281 1
2217 2281 1
2218 2281 1
842 2282 1
843 2282 1
2254 2282 1
450 2283 1
843 2284 1
2254 2284 1
2285 2284 1
843 2285 1
2254 2285 1
2284 2285 1
2287 2286 1
2288 2286 1
2289 2286 1
2290 2286 1
2286 2287 1
2288 2287 1
2289 2287 1
2290 2287 1
2286 2288 1
2287 2288 1
2289 2288 1
2290 2288 1
2286 2289 1
2287 2289 1
2288 2289 1
2290 2289 1
2286 2290 1
2287 2290 1
2288 2290 1
2289 2290 1
861 2291 1
1256 2292 1
2200 2292 1
2201 2292 1
198 2293 1
935 2293 1
2294 2293 1
2295 2293 1
2296 2293 1
198 2294 1
935 2294 1
2293 2294 1
2295 2294 1
2296 2294 1
198 2295 1
935 2295 1
2293 2295 1
2294 2295 1
2296 2295 1
198 2296 1
935 2296 1
2293 2296 1
2294 2296 1
2295 2296 1
133 2297 1
886 2297 1
2298 2297 1
133 2298 1
886 2298 1
2297 2298 1
1032 2299 1
2300 2299 1
1032 2300 1
2299 2300 1
2223 2301 1
2302 2301 1
2303 2301 1
2223 2302 1
2301 2302 1
2303 2302 1
2223 2303 1
2301 2303 1
2302 2303 1
338 2304 1
1584 2305 1
2139 2305 1
1229 2306 1
347 2307 1
2308 2307 1
2309 2307 1
2310 2307 1
2311 2307 1
347 2308 1
2307 2308 1
2309 2308 1
2310 2308 1
2311 2308 1
347 2309 1
2307 2309 1
2308 2309 1
2310 2309 1
2311 2309 1
347 2310 1
2307 2310 1
2308 2310 1
2309 2310 1
2311 2310 1
347 2311 1
2307 2311 1
2308 2311 1
2309 2311 1
2310 2311 1
1229 2312 1
905 2313 1
1473 2313 1
2315 2314 1
2314 2315 1
620 2316 1
838 2317 1
2318 2317 1
838 2318 1
2317 2318 1
2320 2319 1
2319 2320 1
61 2321 1
62 2321 1
407 2321 1
2322 2321 1
61 2322 1
62 2322 1
407 2322 1
2321 2322 1
843 2323 1
1400 2323 1
1401 2323 1
783 2324 1
1063 2324 1
1298 2324 1
2325 2324 1
2326 2324 1
783 2325 1
1063 2325 1
1298 2325 1
2324 2325 1
2326 2325 1
783 2326 1
1063 2326 1
1298 2326 1
2324 2326 1
2325 2326 1
258 2327 1
990 2327 1
248 2328 1
4 2329 1
2330 2329 1
4 2330 1
2329 2330 1
2332 2331 1
2333 2331 1
2334 2331 1
2331 2332 1
2333 2332 1
2334 2332 1
2331 2333 1
2332 2333 1
2334 2333 1
2331 2334 1
2332 2334 1
2333 2334 1
646 2335 1
311 2336 1
321 2336 1
379 2336 1
2337 2336 1
2338 2336 1
311 2337 1
321 2337 1
379 2337 1
2336 2337 1
2338 2337 1
311 2338 1
321 2338 1
379 2338 1
2336 2338 1
2337 2338 1
