11 1 1
358 1 1
247 2 1
14 3 2
37 3 1
52 3 1
71 3 1
263 3 1
406 3 1
420 3 1
465 3 1
487 3 1
517 3 1
532 3 1
584 3 1
585 3 1
600 3 2
991 3 1
1177 3 1
1178 3 1
1181 3 1
119 4 1
833 4 1
263 5 1
61 6 1
72 6 1
73 6 1
74 6 1
75 6 1
315 6 1
414 6 1
96 7 1
630 7 1
503 8 1
601 8 1
16 9 1
98 9 1
431 9 1
519 10 1
1 11 1
358 11 1
471 12 1
522 12 1
539 12 1
987 12 1
1080 12 1
1146 13 1
1147 13 1
1148 13 1
1149 13 1
1150 13 1
3 14 2
37 14 1
52 14 1
240 14 1
263 14 1
420 14 1
532 14 1
576 14 1
585 14 1
600 14 2
1181 14 1
361 15 1
9 16 1
98 16 1
431 16 1
185 17 1
457 17 1
536 17 1
1025 17 1
804 18 1
950 18 1
544 19 1
754 19 1
850 19 1
58 20 2
59 20 2
60 20 1
69 20 2
559 21 1
570 21 1
604 21 1
721 21 1
1028 21 1
1029 21 1
57 22 1
125 22 1
467 22 1
522 22 1
1007 22 1
802 23 1
863 23 1
874 24 1
888 24 1
60 25 1
174 25 1
968 25 2
969 25 2
986 25 1
244 26 1
518 26 1
529 26 1
530 26 1
564 26 1
926 26 1
104 27 1
162 27 1
643 27 1
441 28 1
225 29 1
497 29 2
619 29 1
631 29 1
730 29 2
1200 29 1
1201 29 1
1202 29 1
456 30 1
1089 30 1
92 31 1
112 31 1
126 31 1
249 31 1
712 31 1
93 32 2
509 32 1
556 32 2
578 32 1
595 32 2
942 32 1
1278 32 1
1279 32 1
1078 33 1
1079 33 1
137 34 1
418 34 2
506 34 1
560 34 1
907 34 1
1073 34 1
1186 34 1
53 35 1
183 35 1
218 35 1
219 35 1
446 35 1
1024 35 1
263 36 1
1102 36 1
3 37 1
14 37 1
52 37 1
263 37 1
420 37 1
532 37 1
585 37 1
600 37 1
1181 37 1
81 38 1
694 38 1
702 38 1
847 38 1
1184 38 1
1185 38 1
97 39 2
110 39 1
252 39 2
69 40 1
737 40 1
825 40 1
852 40 1
51 41 1
925 41 1
1227 41 1
130 42 1
297 42 1
890 42 1
1130 42 1
1131 42 1
695 43 1
783 43 1
827 44 3
828 44 3
207 45 1
666 45 1
676 45 1
677 45 1
70 46 1
1228 46 1
262 47 1
734 47 1
781 47 1
782 47 1
90 48 1
149 48 1
380 48 1
678 48 1
1195 48 1
474 49 1
483 49 1
557 49 1
66 50 1
534 50 1
562 50 1
959 50 1
41 51 1
925 51 1
1227 51 1
3 52 1
14 52 1
37 52 1
263 52 1
420 52 1
532 52 1
585 52 1
600 52 1
1181 52 1
35 53 1
183 53 1
218 53 1
219 53 1
446 53 1
1024 53 1
333 54 1
682 54 1
168 55 1
273 55 1
271 56 1
358 56 1
407 56 1
671 56 1
735 56 2
871 56 3
878 56 1
879 56 1
902 56 1
1220 56 1
1221 56 1
22 57 1
125 57 1
467 57 1
522 57 1
1007 57 1
20 58 2
59 58 2
60 58 1
69 58 2
20 59 2
58 59 2
60 59 1
69 59 2
121 59 1
122 59 1
161 59 1
1216 59 1
1217 59 1
1218 59 1
1229 59 1
20 60 1
25 60 1
58 60 1
59 60 1
69 60 1
174 60 1
186 60 1
580 60 1
679 60 1
1244 60 1
1245 60 1
6 61 1
72 61 1
73 61 1
74 61 1
75 61 1
315 61 1
414 61 1
302 62 1
410 62 1
1113 62 1
1114 62 1
1115 62 1
64 63 1
574 63 1
63 64 1
574 64 1
127 65 1
740 65 1
917 65 1
918 65 1
1184 65 1
50 66 1
205 66 2
309 66 2
374 66 1
376 66 1
390 66 1
419 66 1
704 66 1
385 67 1
428 67 1
429 67 1
432 67 1
535 67 1
1017 67 1
1250 68 1
1251 68 1
20 69 2
40 69 1
58 69 2
59 69 2
60 69 1
125 69 1
186 69 2
274 69 2
399 69 1
761 69 1
825 69 3
852 69 4
986 69 2
46 70 1
143 70 1
180 70 2
435 70 2
842 70 1
1228 70 1
1267 70 1
3 71 1
6 72 1
61 72 1
73 72 1
74 72 1
75 72 1
315 72 1
414 72 1
6 73 1
61 73 1
72 73 1
74 73 1
75 73 1
315 73 1
414 73 1
6 74 1
61 74 1
72 74 1
73 74 1
75 74 1
315 74 1
414 74 1
6 75 1
61 75 1
72 75 1
73 75 1
74 75 1
205 75 1
315 75 2
414 75 2
439 75 1
525 75 1
741 75 1
1009 75 1
1011 75 1
1014 75 1
472 76 1
663 76 1
1022 76 1
1023 76 1
335 77 1
373 77 1
510 77 1
555 77 1
577 77 1
607 77 1
1136 77 1
1223 77 1
1224 77 1
404 78 1
405 78 1
858 78 1
1207 78 1
466 79 1
563 79 1
599 79 1
1263 79 1
1264 79 1
1265 79 1
880 80 1
38 81 1
146 81 1
197 81 1
249 81 1
694 81 1
702 81 2
847 81 1
856 81 1
970 81 1
1030 81 1
1184 81 1
1185 81 1
203 82 1
573 82 3
870 82 2
876 82 2
877 82 2
94 83 1
735 83 1
366 84 1
561 85 1
1247 85 1
1248 85 1
400 86 1
401 86 1
502 86 1
560 86 1
566 86 1
567 86 1
568 86 1
1193 86 1
655 87 1
284 88 1
190 89 1
237 89 2
267 89 2
288 89 1
329 89 1
391 89 2
513 89 1
625 89 1
748 89 1
791 89 1
1034 89 1
1035 89 1
1036 89 1
1112 89 1
1171 89 1
48 90 1
149 90 1
380 90 1
678 90 1
1195 90 1
486 91 1
31 92 1
112 92 1
126 92 1
32 93 2
509 93 1
556 93 1
578 93 1
595 93 1
1278 93 1
1279 93 1
83 94 1
457 94 1
458 94 2
728 94 1
735 94 1
113 95 1
444 95 1
697 95 1
710 95 1
1005 95 1
7 96 1
630 96 1
39 97 2
110 97 1
252 97 2
9 98 1
16 98 1
431 98 1
115 99 2
342 99 1
695 99 2
718 99 1
719 99 1
980 99 1
1006 99 1
1071 99 1
1072 99 1
1100 99 1
499 100 1
1090 100 1
1064 101 1
372 102 1
608 102 1
884 102 1
886 102 1
1249 102 1
113 103 1
221 103 1
27 104 1
162 104 1
643 104 1
263 105 1
422 105 1
423 105 1
424 105 1
425 105 1
163 106 1
242 106 1
334 106 1
1038 106 1
1039 106 1
1040 106 1
228 107 1
235 107 1
587 107 1
760 107 1
874 107 1
210 108 3
605 108 1
618 108 2
1191 108 1
1192 108 1
123 109 1
138 109 1
155 109 1
186 109 2
674 109 1
679 109 1
693 109 1
39 110 1
97 110 1
252 110 1
340 111 1
31 112 1
92 112 1
126 112 1
95 113 1
103 113 1
221 113 1
444 113 1
697 113 1
710 113 1
1005 113 1
139 114 1
147 114 1
150 114 1
288 114 1
759 114 1
99 115 2
342 115 1
695 115 2
1006 115 1
1071 115 1
1072 115 1
144 116 1
1087 116 1
205 117 2
355 117 1
457 117 1
703 117 1
839 117 1
882 117 1
910 117 1
1273 117 1
552 118 1
4 119 1
133 120 1
59 121 1
122 121 1
161 121 1
1229 121 1
59 122 1
121 122 1
161 122 1
1229 122 1
109 123 1
155 123 1
186 123 1
674 123 1
693 123 1
501 124 1
546 124 1
547 124 1
548 124 1
549 124 1
550 124 1
615 124 1
1119 124 1
22 125 1
57 125 1
69 125 1
205 125 1
467 125 2
522 125 1
682 125 4
738 125 2
988 125 2
1007 125 1
1075 125 1
31 126 1
92 126 1
112 126 1
65 127 1
658 127 1
740 127 1
917 127 2
918 127 1
1184 127 1
1246 127 1
461 128 1
636 128 1
955 128 1
157 129 1
543 129 1
1045 129 1
42 130 1
230 130 1
272 130 1
297 130 1
890 130 1
949 130 1
1049 130 1
1130 130 1
1131 130 1
392 131 1
639 131 1
698 132 1
120 133 1
170 134 1
171 134 1
270 135 1
358 135 1
367 135 1
306 136 1
368 136 1
34 137 1
109 138 1
186 138 1
679 138 1
114 139 1
147 139 1
150 139 1
288 139 1
759 139 1
141 140 1
142 140 1
472 140 1
663 140 1
829 140 1
843 140 1
892 140 1
893 140 1
946 140 1
140 141 1
142 141 1
472 141 1
663 141 1
829 141 1
843 141 1
892 141 1
893 141 1
946 141 1
140 142 1
141 142 1
472 142 1
663 142 1
829 142 1
843 142 1
892 142 1
893 142 1
946 142 1
70 143 1
180 143 1
435 143 1
1267 143 1
116 144 1
1087 144 1
263 145 2
452 145 1
493 145 1
670 145 1
81 146 1
970 146 1
114 147 1
139 147 1
150 147 1
205 147 1
288 147 1
300 147 1
326 147 1
665 147 1
759 147 1
770 147 2
832 147 1
852 147 1
853 147 1
1222 147 1
365 148 1
48 149 1
90 149 1
380 149 1
678 149 1
1195 149 1
114 150 1
139 150 1
147 150 1
288 150 1
373 150 1
415 150 1
416 150 1
417 150 1
418 150 1
419 150 1
695 150 1
759 150 1
851 150 1
1204 150 1
1205 150 1
263 151 2
272 152 1
746 152 1
795 152 1
1137 152 1
154 153 1
172 153 1
687 153 1
153 154 1
172 154 1
687 154 1
109 155 1
123 155 1
186 155 1
674 155 1
693 155 1
469 156 1
129 157 1
543 157 1
1045 157 1
553 158 1
1266 158 1
160 159 1
280 159 1
159 160 1
280 160 1
59 161 1
121 161 1
122 161 1
1229 161 1
27 162 1
104 162 1
643 162 1
762 162 1
1152 162 2
1159 162 1
106 163 1
164 163 1
220 163 1
242 163 1
290 163 1
334 163 1
345 163 1
346 163 1
1038 163 1
1039 163 1
1040 163 1
1136 163 1
163 164 1
290 164 1
166 165 1
165 166 1
232 166 1
245 166 1
1092 166 1
1093 166 1
289 167 1
55 168 1
300 168 1
206 169 1
295 169 1
383 169 1
384 169 1
426 169 1
134 170 1
171 170 1
134 171 1
170 171 1
153 172 1
154 172 1
208 172 1
245 172 1
598 172 1
675 172 1
687 172 1
695 172 1
745 172 1
810 172 1
883 172 1
887 172 1
891 172 1
1255 172 1
174 173 1
213 173 1
460 173 1
462 173 1
463 173 1
691 173 1
729 173 1
814 173 1
25 174 1
60 174 1
173 174 1
246 175 1
745 175 1
838 175 1
603 176 1
750 176 1
522 177 1
598 177 1
1208 177 1
1209 177 1
323 178 1
668 178 1
672 178 1
1057 178 1
255 179 1
793 179 1
1085 179 1
70 180 2
143 180 1
244 180 1
312 180 1
391 180 2
435 180 2
842 180 1
1267 180 1
998 181 1
999 181 1
1000 181 1
1153 181 1
875 182 1
35 183 1
53 183 1
218 183 1
219 183 1
446 183 1
1024 183 1
503 184 1
798 184 1
17 185 1
457 185 1
536 185 1
1025 185 1
60 186 1
69 186 2
109 186 2
123 186 1
138 186 1
155 186 1
674 186 1
679 186 2
693 186 1
458 187 1
277 188 1
649 188 1
735 188 1
744 188 1
1211 188 1
444 189 1
89 190 1
279 190 1
650 190 1
1066 190 1
1171 190 1
836 191 1
201 192 1
352 193 1
689 193 1
690 193 1
764 193 1
837 193 1
648 194 1
735 194 1
997 194 1
215 195 1
653 195 1
1067 195 1
478 196 1
481 196 1
614 196 1
735 196 1
744 196 1
1054 196 1
1055 196 1
81 197 1
249 197 1
1030 197 1
232 198 1
580 198 1
659 198 1
791 198 1
873 198 1
915 198 1
1103 199 1
371 200 1
490 200 1
868 200 1
912 200 1
997 200 1
1232 200 1
1233 200 1
1234 200 1
1235 200 1
1236 200 1
1237 200 1
1238 200 1
1239 200 1
1240 200 1
1241 200 1
192 201 1
456 202 1
515 202 1
889 202 1
82 203 1
573 203 1
870 203 1
876 203 1
877 203 1
205 204 1
741 204 1
66 205 2
75 205 1
117 205 2
125 205 1
147 205 1
204 205 1
309 205 1
315 205 1
355 205 1
374 205 1
398 205 1
414 205 1
682 205 1
703 205 2
704 205 1
741 205 2
839 205 1
882 205 2
896 205 1
910 205 1
1037 205 1
1222 205 1
1273 205 1
169 206 1
207 206 1
208 206 2
268 206 1
295 206 1
384 206 1
1086 206 1
1197 206 1
45 207 1
206 207 1
208 207 2
666 207 1
676 207 1
677 207 1
810 207 2
866 207 2
867 207 2
970 207 2
1190 207 1
1243 207 1
172 208 1
206 208 2
207 208 2
245 208 1
268 208 1
745 208 1
847 208 1
1197 208 1
1277 208 1
808 209 1
108 210 3
407 210 1
460 210 1
464 210 5
508 210 1
512 210 1
605 210 1
618 210 2
669 210 1
716 210 1
735 210 5
1076 210 1
361 211 1
919 211 1
962 211 1
1101 211 1
460 212 1
667 212 1
1154 212 1
173 213 1
344 214 1
430 214 1
589 214 1
1125 214 1
195 215 1
653 215 1
1067 215 1
911 216 1
921 216 1
398 217 1
498 217 1
35 218 1
53 218 1
183 218 1
219 218 1
446 218 1
1024 218 1
35 219 1
53 219 1
183 219 1
218 219 1
446 219 1
1024 219 1
163 220 1
241 220 1
359 220 1
780 220 2
1061 220 1
103 221 1
113 221 1
381 221 1
1111 221 1
227 222 1
392 222 1
239 223 1
784 223 1
1062 224 1
29 225 1
303 225 1
351 225 1
411 225 1
412 225 1
448 225 1
533 225 1
592 225 3
593 225 1
610 225 1
626 225 1
720 225 1
743 225 2
1002 225 1
1003 225 1
1068 225 1
272 226 1
446 226 1
1050 226 1
222 227 1
392 227 1
107 228 1
235 228 1
587 228 1
760 228 1
874 228 1
231 229 1
1167 229 1
1168 229 1
130 230 1
675 230 1
699 230 2
886 230 1
1049 230 1
1099 230 1
229 231 1
341 231 1
359 231 2
638 231 1
971 231 1
982 231 1
1167 231 2
1168 231 1
166 232 1
198 232 1
580 232 1
1092 232 1
1093 232 1
293 233 1
339 233 1
686 233 1
754 233 1
239 234 1
787 234 1
107 235 1
228 235 1
378 235 1
392 235 1
587 235 1
760 235 1
874 235 1
305 236 1
89 237 2
276 237 1
288 237 1
329 237 1
391 237 2
748 237 1
749 237 1
309 238 1
611 238 1
612 238 1
796 238 1
223 239 1
234 239 1
784 239 1
787 239 1
14 240 1
243 240 2
576 240 1
220 241 1
292 241 2
359 241 1
758 241 1
780 241 2
1061 241 1
106 242 1
163 242 1
334 242 1
1038 242 1
1039 242 1
1040 242 1
240 243 2
26 244 1
180 244 1
312 244 1
316 244 1
518 244 1
529 244 1
530 244 1
564 244 1
926 244 1
948 244 1
1026 244 1
166 245 1
172 245 1
208 245 1
458 245 2
745 245 1
776 245 1
175 246 1
745 246 1
838 246 1
2 247 1
958 247 2
833 248 1
31 249 1
81 249 1
197 249 1
258 249 1
468 249 1
712 249 1
790 249 1
1030 249 1
281 250 1
282 250 1
283 251 1
286 251 1
287 251 1
818 251 1
826 251 1
964 251 1
965 251 1
39 252 2
97 252 2
110 252 1
256 253 1
1018 253 1
268 254 2
841 254 2
179 255 1
793 255 1
253 256 1
257 256 1
278 256 1
321 256 2
587 256 3
777 256 2
797 256 1
256 257 1
587 257 1
777 257 1
249 258 1
259 258 1
260 258 1
348 258 2
373 258 1
673 258 1
688 258 1
815 258 1
1045 258 1
1063 258 2
1196 258 1
1198 258 1
1206 258 1
258 259 1
373 259 1
258 260 1
348 260 1
673 260 1
1063 260 1
825 261 1
979 261 1
47 262 1
734 262 1
781 262 1
782 262 1
3 263 1
5 263 1
14 263 1
36 263 1
37 263 1
52 263 1
105 263 1
145 263 2
151 263 2
420 263 1
422 263 1
423 263 1
424 263 1
425 263 1
532 263 1
585 263 1
600 263 1
670 263 1
1102 263 1
1181 263 1
652 264 1
266 265 2
620 265 2
864 265 1
1275 265 1
1276 265 1
265 266 2
301 266 1
402 266 1
579 266 2
620 266 2
624 266 2
778 266 1
799 266 1
803 266 1
845 266 1
898 266 1
89 267 2
684 267 1
694 267 1
768 267 1
791 267 1
820 267 1
1034 267 1
1035 267 1
1036 267 1
206 268 1
208 268 1
254 268 2
841 268 2
1197 268 1
813 269 1
903 269 1
1117 269 1
1118 269 1
135 270 1
308 270 1
330 270 3
331 270 1
367 270 1
1180 270 1
56 271 1
358 271 1
407 271 1
879 271 1
902 271 1
130 272 1
152 272 1
226 272 1
746 272 1
795 272 1
949 272 1
1050 272 1
1137 272 1
55 273 1
69 274 2
852 274 2
986 274 1
802 275 1
237 276 1
749 276 1
188 277 1
649 277 1
735 277 1
744 277 1
1211 277 1
256 278 1
321 278 1
587 278 1
797 278 1
190 279 1
159 280 1
160 280 1
250 281 1
282 281 1
250 282 1
281 282 1
251 283 1
286 283 1
287 283 1
818 283 1
826 283 1
964 283 1
965 283 1
88 284 1
603 284 1
751 284 1
865 284 1
319 285 1
1268 285 1
1269 285 1
1270 285 1
1271 285 1
251 286 1
283 286 1
287 286 1
818 286 1
826 286 1
964 286 1
965 286 1
251 287 1
283 287 1
286 287 1
818 287 1
826 287 1
964 287 1
965 287 1
89 288 1
114 288 1
139 288 1
147 288 1
150 288 1
237 288 1
329 288 1
391 288 1
748 288 1
759 288 1
167 289 1
163 290 1
164 290 1
1110 291 1
241 292 2
805 292 1
233 293 1
608 294 1
909 294 1
1253 294 1
169 295 1
206 295 1
384 295 1
821 296 2
42 297 1
130 297 1
890 297 1
1130 297 1
1131 297 1
989 298 1
990 298 1
945 299 1
1166 299 1
147 300 1
168 300 1
665 300 1
266 301 1
778 301 1
799 301 1
62 302 1
1113 302 1
1114 302 1
1115 302 1
225 303 1
448 303 1
327 304 1
236 305 1
136 306 1
368 306 1
1056 307 1
270 308 1
330 308 1
66 309 2
205 309 1
238 309 1
419 309 1
611 309 1
612 309 2
636 309 1
637 309 1
897 309 1
320 310 1
552 311 1
180 312 1
244 312 1
569 312 1
587 313 4
1212 313 1
399 314 2
472 314 2
6 315 1
61 315 1
72 315 1
73 315 1
74 315 1
75 315 2
205 315 1
414 315 2
741 315 1
244 316 1
948 316 1
1026 316 1
1097 317 1
1098 317 1
458 318 1
671 318 1
285 319 1
1268 319 1
1269 319 1
1270 319 1
1271 319 1
310 320 1
256 321 2
278 321 1
587 321 1
797 321 1
816 321 1
350 322 1
178 323 1
668 323 1
672 323 1
1057 323 1
464 324 1
1151 325 1
147 326 1
770 326 1
832 326 1
304 327 1
504 327 1
590 327 1
711 327 1
940 327 1
1047 327 1
1106 327 1
1107 327 1
1108 327 1
395 328 1
89 329 1
237 329 1
288 329 1
391 329 1
748 329 1
270 330 3
308 330 1
331 330 1
1081 330 1
1180 330 1
270 331 1
330 331 1
774 332 2
870 332 1
1109 332 1
54 333 1
682 333 1
106 334 1
163 334 1
242 334 1
1038 334 1
1039 334 1
1040 334 1
77 335 1
373 335 1
510 335 1
555 335 1
577 335 1
607 335 1
1136 335 1
1223 335 1
1224 335 1
503 336 1
503 337 1
881 337 1
565 338 1
602 338 2
609 338 1
899 338 1
233 339 1
391 339 1
434 339 1
686 339 1
754 339 2
783 339 1
111 340 1
231 341 1
359 341 2
418 341 1
983 341 1
99 342 1
115 342 1
695 342 1
1006 342 1
1194 343 1
214 344 1
430 344 1
1125 344 1
163 345 1
346 345 1
1136 345 1
163 346 1
345 346 1
1136 346 1
454 347 1
507 347 1
511 347 1
558 347 1
935 347 1
1116 347 1
258 348 2
260 348 1
673 348 1
688 348 1
1063 348 1
1196 348 1
504 349 2
322 350 1
225 351 1
527 351 1
588 351 1
596 351 2
610 351 1
700 351 1
1048 351 1
193 352 1
764 352 1
375 353 1
1064 353 1
449 354 1
475 354 3
476 354 1
500 354 1
524 354 1
537 354 1
538 354 1
571 354 1
572 354 2
573 354 1
575 354 1
581 354 1
117 355 1
205 355 1
839 355 1
910 355 1
794 356 1
971 356 1
443 357 1
591 357 1
1 358 1
11 358 1
56 358 1
135 358 1
271 358 1
370 358 1
393 358 1
407 358 1
528 358 1
544 358 1
831 358 1
879 358 1
902 358 1
220 359 1
231 359 2
241 359 1
341 359 2
418 359 1
638 359 1
780 359 1
983 359 1
1061 359 1
361 360 1
1120 360 1
15 361 1
211 361 1
360 361 1
1101 361 1
1120 361 1
1124 362 1
662 363 1
872 363 1
1129 363 1
629 364 1
976 364 1
148 365 1
817 365 1
920 365 1
84 366 1
455 366 1
135 367 1
270 367 1
136 368 1
306 368 1
849 368 1
370 369 2
491 369 1
358 370 1
369 370 2
393 370 1
544 370 1
200 371 1
490 371 1
868 371 1
912 371 1
997 371 1
1232 371 1
1233 371 1
1234 371 1
1235 371 1
1236 371 1
1237 371 1
1238 371 1
1239 371 1
1240 371 1
1241 371 1
102 372 1
608 372 1
884 372 1
886 372 1
1249 372 1
77 373 1
150 373 1
258 373 1
259 373 1
335 373 1
415 373 2
416 373 1
417 373 2
418 373 2
419 373 1
510 373 1
555 373 1
577 373 1
607 373 1
632 373 1
851 373 1
984 373 1
1136 373 1
1223 373 1
1224 373 1
66 374 1
205 374 1
704 374 1
353 375 1
1064 375 1
66 376 1
390 376 1
807 377 1
235 378 1
392 378 1
1123 379 1
48 380 1
90 380 1
149 380 1
678 380 1
1195 380 1
221 381 1
802 382 1
1231 382 1
169 383 1
426 383 1
169 384 1
206 384 1
295 384 1
67 385 1
428 385 1
429 385 1
432 385 1
535 385 1
1017 385 1
387 386 1
388 386 1
754 386 1
386 387 1
388 387 4
754 387 2
1219 387 1
386 388 1
387 388 4
746 388 1
754 388 2
1219 388 1
498 389 1
616 389 1
617 389 1
66 390 1
376 390 1
89 391 2
180 391 2
237 391 2
288 391 1
329 391 1
339 391 1
434 391 1
748 391 1
754 391 1
783 391 1
131 392 1
222 392 1
227 392 1
235 392 1
378 392 1
445 392 1
639 392 1
358 393 1
370 393 1
544 393 1
905 394 1
1143 394 1
328 395 1
551 396 1
1187 396 1
1188 396 1
1189 396 1
1069 397 1
205 398 1
217 398 1
407 398 1
461 398 1
498 398 1
69 399 1
314 399 2
472 399 2
86 400 1
401 400 1
502 400 1
560 400 1
566 400 1
567 400 1
568 400 1
1193 400 1
86 401 1
400 401 1
502 401 1
560 401 1
566 401 1
567 401 1
568 401 1
1193 401 1
266 402 1
460 402 1
714 402 1
1158 402 1
540 403 1
1176 403 1
78 404 1
405 404 1
858 404 1
1207 404 1
78 405 1
404 405 1
858 405 1
1207 405 1
3 406 1
56 407 1
210 407 1
271 407 1
358 407 1
398 407 1
461 407 1
526 407 1
733 407 1
735 407 1
879 407 1
902 407 1
421 408 1
1259 408 1
442 409 1
485 409 1
606 409 1
62 410 1
225 411 1
640 411 1
1068 411 1
225 412 1
592 412 1
720 412 1
1002 412 1
1003 412 1
541 413 1
542 413 1
545 413 1
554 413 1
822 413 1
831 413 1
951 413 1
953 413 1
1138 413 1
1140 413 1
1141 413 1
6 414 1
61 414 1
72 414 1
73 414 1
74 414 1
75 414 2
205 414 1
315 414 2
741 414 1
150 415 1
373 415 2
416 415 1
417 415 2
418 415 2
419 415 1
632 415 1
851 415 1
984 415 1
150 416 1
373 416 1
415 416 1
417 416 1
418 416 1
419 416 1
851 416 1
150 417 1
373 417 2
415 417 2
416 417 1
418 417 2
419 417 1
632 417 1
851 417 1
984 417 1
34 418 2
150 418 1
341 418 1
359 418 1
373 418 2
415 418 2
416 418 1
417 418 2
419 418 2
519 418 1
544 418 1
560 418 1
632 418 1
851 418 1
977 418 1
978 418 1
981 418 1
983 418 1
984 418 1
66 419 1
150 419 1
309 419 1
373 419 1
415 419 1
416 419 1
417 419 1
418 419 2
544 419 1
851 419 1
981 419 1
3 420 1
14 420 1
37 420 1
52 420 1
263 420 1
532 420 1
585 420 1
600 420 1
1181 420 1
408 421 1
471 421 1
495 421 1
597 421 1
1134 421 1
1135 421 1
1259 421 1
105 422 1
263 422 1
423 422 1
424 422 1
425 422 1
105 423 1
263 423 1
422 423 1
424 423 1
425 423 1
105 424 1
263 424 1
422 424 1
423 424 1
425 424 1
105 425 1
263 425 1
422 425 1
423 425 1
424 425 1
169 426 1
383 426 1
457 427 1
67 428 1
385 428 1
429 428 1
432 428 1
535 428 1
1017 428 1
67 429 1
385 429 1
428 429 1
432 429 1
535 429 1
1017 429 1
214 430 1
344 430 1
1125 430 1
9 431 1
16 431 1
98 431 1
67 432 1
385 432 1
428 432 1
429 432 1
535 432 1
1017 432 1
460 433 1
623 433 1
627 433 1
644 433 1
645 433 1
957 433 1
339 434 1
391 434 1
754 434 1
783 434 1
70 435 2
143 435 1
180 435 2
842 435 1
1267 435 1
661 436 1
450 437 1
452 437 1
480 437 1
492 437 1
548 437 1
713 437 1
961 437 1
1174 437 1
1175 437 1
551 438 1
628 438 2
75 439 1
525 439 1
1009 439 1
1011 439 1
1014 439 1
470 440 1
1105 440 1
28 441 1
409 442 1
485 442 1
606 442 1
357 443 1
591 443 1
95 444 1
113 444 1
189 444 1
697 444 1
710 444 1
1005 444 1
392 445 1
35 446 1
53 446 1
183 446 1
218 446 1
219 446 1
226 446 1
1024 446 1
1104 447 1
225 448 1
303 448 1
531 448 1
354 449 1
475 449 1
476 449 1
524 449 1
537 449 1
538 449 1
581 449 1
437 450 1
1027 451 1
145 452 1
437 452 1
480 452 1
492 452 1
493 452 1
752 452 1
1032 452 1
1033 452 1
1213 452 1
1214 452 1
1215 452 1
523 453 1
685 453 1
691 453 1
707 453 1
814 453 1
347 454 1
507 454 1
511 454 1
558 454 1
935 454 1
1116 454 1
366 455 1
30 456 1
202 456 1
1089 456 1
17 457 1
94 457 1
117 457 1
185 457 1
427 457 1
458 457 2
536 457 1
802 457 1
949 457 1
956 457 1
1025 457 1
1031 457 1
94 458 2
187 458 1
245 458 2
318 458 1
457 458 2
671 458 1
728 458 2
735 458 1
776 458 3
997 458 1
1031 458 1
992 459 1
173 460 1
210 460 1
212 460 1
402 460 1
433 460 1
623 460 1
627 460 1
644 460 1
645 460 1
667 460 1
701 460 1
714 460 2
715 460 1
731 460 1
957 460 1
1154 460 2
1158 460 1
128 461 1
398 461 1
407 461 1
636 461 1
651 461 1
824 461 1
1015 461 1
173 462 1
814 462 1
1114 462 1
173 463 1
210 464 5
324 464 1
716 464 1
735 464 3
1076 464 1
3 465 1
487 465 1
79 466 1
563 466 1
599 466 1
1263 466 1
1264 466 1
1265 466 1
22 467 1
57 467 1
125 467 2
522 467 1
1007 467 1
1075 467 1
249 468 1
842 468 1
960 468 1
156 469 1
440 470 1
1105 470 1
12 471 1
421 471 1
495 471 1
539 471 1
597 471 1
987 471 1
1134 471 1
1135 471 1
76 472 1
140 472 1
141 472 1
142 472 1
314 472 2
399 472 2
663 472 3
800 472 1
829 472 1
843 472 1
892 472 1
893 472 1
928 472 1
946 472 1
1022 472 1
1023 472 1
1058 472 1
966 473 1
49 474 1
483 474 2
557 474 2
1123 474 1
354 475 3
449 475 1
476 475 1
500 475 1
524 475 1
537 475 1
538 475 1
571 475 1
572 475 2
573 475 1
575 475 1
581 475 1
354 476 1
449 476 1
475 476 1
524 476 1
537 476 1
538 476 1
581 476 1
636 477 1
196 478 1
481 478 1
1054 478 1
1055 478 1
484 479 1
494 479 1
502 479 1
566 479 1
633 479 1
708 479 1
800 479 1
437 480 1
452 480 1
492 480 1
196 481 1
478 481 1
1054 481 1
1055 481 1
483 482 1
557 482 1
49 483 1
474 483 2
482 483 1
557 483 5
726 483 1
742 483 1
1123 483 1
479 484 1
502 484 1
566 484 1
633 484 1
708 484 1
409 485 1
442 485 1
606 485 1
91 486 1
3 487 1
465 487 1
944 488 1
1020 488 1
1021 488 1
722 489 1
1008 489 1
200 490 1
371 490 1
868 490 1
912 490 1
997 490 1
1232 490 1
1233 490 1
1234 490 1
1235 490 1
1236 490 1
1237 490 1
1238 490 1
1239 490 1
1240 490 1
1241 490 1
369 491 1
437 492 1
452 492 1
480 492 1
493 492 1
641 492 1
642 492 1
145 493 1
452 493 1
492 493 1
641 493 1
642 493 1
479 494 1
800 494 1
421 495 1
471 495 1
597 495 1
1134 495 1
1135 495 1
1116 496 1
29 497 2
619 497 1
631 497 1
730 497 1
1200 497 1
1201 497 1
1202 497 1
217 498 1
389 498 1
398 498 1
616 498 1
617 498 1
100 499 1
1090 499 1
354 500 1
475 500 1
571 500 1
572 500 1
573 500 1
124 501 1
546 501 1
547 501 1
548 501 1
549 501 1
550 501 1
615 501 1
1119 501 1
86 502 1
400 502 1
401 502 1
479 502 1
484 502 1
560 502 1
566 502 2
567 502 1
568 502 1
633 502 1
708 502 1
1193 502 1
8 503 1
184 503 1
336 503 1
337 503 1
601 503 1
798 503 1
804 503 1
881 503 1
327 504 1
349 504 2
590 504 1
954 504 1
993 504 1
1106 504 1
1107 504 1
1108 504 1
1179 504 1
508 505 1
586 505 1
621 505 1
34 506 1
1073 506 1
347 507 1
454 507 1
511 507 1
558 507 1
935 507 1
1116 507 1
210 508 1
505 508 1
586 508 1
621 508 1
32 509 1
93 509 1
578 509 1
1278 509 1
1279 509 1
77 510 1
335 510 1
373 510 1
555 510 1
577 510 1
607 510 1
1136 510 1
1223 510 1
1224 510 1
347 511 1
454 511 1
507 511 1
558 511 1
604 511 1
660 511 1
930 511 1
935 511 1
1051 511 1
1052 511 1
1116 511 1
210 512 1
669 512 1
89 513 1
1139 514 1
202 515 1
889 515 1
947 516 1
1172 516 1
3 517 1
26 518 1
244 518 1
529 518 1
530 518 1
564 518 1
926 518 1
10 519 1
418 519 1
560 519 3
977 519 1
978 519 3
613 520 1
522 521 1
736 521 1
12 522 1
22 522 1
57 522 1
125 522 1
177 522 1
467 522 1
521 522 1
598 522 1
636 522 1
755 522 1
870 522 1
1007 522 1
1080 522 1
1208 522 1
1209 522 1
453 523 1
685 523 1
691 523 1
707 523 1
814 523 1
354 524 1
449 524 1
475 524 1
476 524 1
537 524 1
538 524 1
581 524 1
75 525 1
439 525 1
1009 525 1
1011 525 1
1014 525 1
407 526 1
579 526 1
927 526 1
351 527 1
646 527 1
647 527 1
358 528 1
831 528 1
26 529 1
244 529 1
518 529 1
530 529 1
564 529 1
926 529 1
26 530 1
244 530 1
518 530 1
529 530 1
564 530 1
926 530 1
448 531 1
3 532 1
14 532 1
37 532 1
52 532 1
263 532 1
420 532 1
585 532 1
600 532 1
1181 532 1
225 533 1
50 534 1
562 534 1
959 534 1
67 535 1
385 535 1
428 535 1
429 535 1
432 535 1
1017 535 1
17 536 1
185 536 1
457 536 1
1025 536 1
354 537 1
449 537 1
475 537 1
476 537 1
524 537 1
538 537 1
581 537 1
354 538 1
449 538 1
475 538 1
476 538 1
524 538 1
537 538 1
581 538 1
12 539 1
471 539 1
987 539 1
403 540 1
1176 540 1
413 541 1
822 541 1
413 542 1
554 542 1
129 543 1
157 543 1
1045 543 1
19 544 1
358 544 1
370 544 1
393 544 1
418 544 1
419 544 1
754 544 1
850 544 1
981 544 1
413 545 1
831 545 1
124 546 1
501 546 1
547 546 1
548 546 1
549 546 1
550 546 1
615 546 1
1119 546 1
124 547 1
501 547 1
546 547 1
548 547 1
549 547 1
550 547 1
615 547 1
1119 547 1
124 548 1
437 548 1
501 548 1
546 548 1
547 548 1
549 548 1
550 548 1
615 548 1
961 548 1
1119 548 1
1174 548 1
1175 548 1
124 549 1
501 549 1
546 549 1
547 549 1
548 549 1
550 549 1
615 549 1
1119 549 1
124 550 1
501 550 1
546 550 1
547 550 1
548 550 1
549 550 1
615 550 1
1119 550 1
396 551 1
438 551 1
628 551 1
1187 551 1
1188 551 1
1189 551 1
118 552 1
311 552 1
695 552 1
158 553 1
1266 553 1
413 554 1
542 554 1
77 555 1
335 555 1
373 555 1
510 555 1
577 555 1
607 555 1
1136 555 1
1223 555 1
1224 555 1
32 556 2
93 556 1
595 556 2
942 556 1
49 557 1
474 557 2
482 557 1
483 557 5
726 557 1
742 557 1
900 557 1
901 557 1
1123 557 1
347 558 1
454 558 1
507 558 1
511 558 1
725 558 1
935 558 1
936 558 1
937 558 1
943 558 1
991 558 1
1116 558 1
21 559 1
570 559 1
604 559 1
721 559 1
1028 559 1
1029 559 1
34 560 1
86 560 1
400 560 1
401 560 1
418 560 1
502 560 1
519 560 3
566 560 1
567 560 1
568 560 1
977 560 1
978 560 3
1193 560 1
85 561 1
1247 561 1
1248 561 1
50 562 1
534 562 1
959 562 1
79 563 1
466 563 1
599 563 1
1263 563 1
1264 563 1
1265 563 1
26 564 1
244 564 1
518 564 1
529 564 1
530 564 1
926 564 1
338 565 1
602 565 1
609 565 1
899 565 1
86 566 1
400 566 1
401 566 1
479 566 1
484 566 1
502 566 2
560 566 1
567 566 1
568 566 1
633 566 1
708 566 1
1193 566 1
86 567 1
400 567 1
401 567 1
502 567 1
560 567 1
566 567 1
568 567 1
1193 567 1
86 568 1
400 568 1
401 568 1
502 568 1
560 568 1
566 568 1
567 568 1
1193 568 1
312 569 1
21 570 1
559 570 1
604 570 1
721 570 1
1028 570 1
1029 570 1
354 571 1
475 571 1
500 571 1
572 571 1
573 571 1
354 572 2
475 572 2
500 572 1
571 572 1
573 572 1
575 572 1
82 573 3
203 573 1
354 573 1
475 573 1
500 573 1
571 573 1
572 573 1
671 573 1
870 573 2
876 573 2
877 573 2
63 574 1
64 574 1
354 575 1
475 575 1
572 575 1
14 576 1
240 576 1
77 577 1
335 577 1
373 577 1
510 577 1
555 577 1
607 577 1
1136 577 1
1223 577 1
1224 577 1
32 578 1
93 578 1
509 578 1
1278 578 1
1279 578 1
266 579 2
526 579 1
927 579 1
60 580 1
198 580 1
232 580 1
1244 580 1
1245 580 1
354 581 1
449 581 1
475 581 1
476 581 1
524 581 1
537 581 1
538 581 1
753 582 2
934 582 1
834 583 1
835 583 3
1053 583 1
1088 583 1
3 584 1
1177 584 1
1178 584 1
3 585 1
14 585 1
37 585 1
52 585 1
263 585 1
420 585 1
532 585 1
600 585 1
1181 585 1
505 586 1
508 586 1
621 586 1
107 587 1
228 587 1
235 587 1
256 587 3
257 587 1
278 587 1
313 587 4
321 587 1
760 587 1
769 587 1
777 587 1
797 587 1
874 587 1
1212 587 1
351 588 1
596 588 1
214 589 1
327 590 1
504 590 1
1106 590 1
1107 590 1
1108 590 1
357 591 1
443 591 1
225 592 3
412 592 1
593 592 2
626 592 3
720 592 1
1002 592 1
1003 592 1
1041 592 1
1042 592 1
225 593 1
592 593 2
626 593 2
1074 593 1
746 594 1
32 595 2
93 595 1
556 595 2
942 595 1
351 596 2
588 596 1
421 597 1
471 597 1
495 597 1
1134 597 1
1135 597 1
172 598 1
177 598 1
522 598 1
675 598 2
887 598 2
1208 598 1
1209 598 1
1255 598 1
79 599 1
466 599 1
563 599 1
1263 599 1
1264 599 1
1265 599 1
3 600 2
14 600 2
37 600 1
52 600 1
263 600 1
420 600 1
532 600 1
585 600 1
1181 600 1
8 601 1
503 601 1
338 602 2
565 602 1
609 602 1
899 602 1
176 603 1
284 603 1
750 603 1
751 603 1
865 603 1
21 604 1
511 604 1
559 604 1
570 604 1
660 604 1
721 604 1
930 604 1
1028 604 1
1029 604 1
1051 604 1
1052 604 1
108 605 1
210 605 1
618 605 1
409 606 1
442 606 1
485 606 1
77 607 1
335 607 1
373 607 1
510 607 1
555 607 1
577 607 1
1136 607 1
1223 607 1
1224 607 1
102 608 1
294 608 1
372 608 1
884 608 1
886 608 1
909 608 1
1249 608 1
1253 608 1
338 609 1
565 609 1
602 609 1
899 609 1
225 610 1
351 610 1
238 611 1
309 611 1
612 611 1
238 612 1
309 612 2
611 612 1
637 612 1
520 613 1
196 614 1
735 614 1
744 614 1
124 615 1
501 615 1
546 615 1
547 615 1
548 615 1
549 615 1
550 615 1
1119 615 1
389 616 1
498 616 1
617 616 1
389 617 1
498 617 1
616 617 1
108 618 2
210 618 2
605 618 1
29 619 1
497 619 1
1200 619 1
1201 619 1
1202 619 1
265 620 2
266 620 2
505 621 1
508 621 1
586 621 1
740 622 1
933 622 1
433 623 1
460 623 1
627 623 1
644 623 1
645 623 1
957 623 1
266 624 2
956 624 1
1199 624 1
89 625 1
225 626 1
592 626 3
593 626 2
433 627 1
460 627 1
623 627 1
644 627 1
645 627 1
957 627 1
438 628 2
551 628 1
364 629 1
976 629 1
7 630 1
96 630 1
29 631 1
497 631 1
730 631 1
373 632 1
415 632 1
417 632 1
418 632 1
984 632 1
479 633 1
484 633 1
502 633 1
566 633 1
708 633 1
635 634 1
767 634 1
634 635 1
767 635 1
128 636 1
309 636 1
461 636 1
477 636 1
522 636 1
755 636 1
870 636 1
309 637 1
612 637 1
231 638 1
359 638 1
131 639 1
392 639 1
411 640 1
492 641 1
493 641 1
642 641 1
492 642 1
493 642 1
641 642 1
27 643 1
104 643 1
162 643 1
433 644 1
460 644 1
623 644 1
627 644 1
645 644 1
957 644 1
433 645 1
460 645 1
623 645 1
627 645 1
644 645 1
957 645 1
527 646 1
647 646 1
527 647 1
646 647 1
194 648 1
735 648 1
997 648 1
188 649 1
277 649 1
735 649 1
744 649 1
1211 649 1
190 650 1
461 651 1
264 652 1
195 653 1
215 653 1
1067 653 1
1104 654 1
87 655 1
706 656 2
1173 656 1
825 657 2
127 658 1
917 658 1
198 659 1
791 659 1
511 660 1
604 660 1
930 660 1
1051 660 1
1052 660 1
436 661 1
363 662 1
872 662 1
1129 662 1
76 663 1
140 663 1
141 663 1
142 663 1
472 663 3
829 663 1
843 663 1
892 663 1
893 663 1
946 663 1
1022 663 1
1023 663 1
695 664 1
719 664 1
1184 664 1
1256 664 1
1257 664 1
1258 664 1
147 665 1
300 665 1
45 666 1
207 666 1
676 666 1
677 666 1
212 667 1
460 667 1
1154 667 1
178 668 1
323 668 1
672 668 1
1057 668 1
210 669 1
512 669 1
145 670 1
263 670 1
56 671 1
318 671 1
458 671 1
573 671 1
871 671 1
178 672 1
323 672 1
668 672 1
1057 672 1
258 673 1
260 673 1
348 673 1
1063 673 1
109 674 1
123 674 1
155 674 1
186 674 1
693 674 1
172 675 1
230 675 1
598 675 2
699 675 1
750 675 1
769 675 2
887 675 2
1255 675 1
1260 675 1
1261 675 1
45 676 1
207 676 1
666 676 1
677 676 1
45 677 1
207 677 1
666 677 1
676 677 1
48 678 1
90 678 1
149 678 1
380 678 1
1195 678 1
60 679 1
109 679 1
138 679 1
186 679 2
681 680 1
680 681 1
54 682 1
125 682 4
205 682 1
333 682 1
738 682 2
684 683 1
267 684 1
683 684 1
694 684 1
768 684 1
820 684 1
453 685 1
523 685 1
691 685 1
707 685 1
814 685 1
233 686 1
339 686 1
754 686 1
153 687 1
154 687 1
172 687 1
258 688 1
348 688 1
1196 688 1
193 689 1
690 689 1
837 689 1
193 690 1
689 690 1
837 690 1
173 691 1
453 691 1
523 691 1
685 691 1
707 691 1
814 691 1
748 692 1
861 692 1
1035 692 1
109 693 1
123 693 1
155 693 1
186 693 1
674 693 1
38 694 1
81 694 1
267 694 1
684 694 1
702 694 1
768 694 1
820 694 1
847 694 1
1184 694 1
1185 694 1
43 695 1
99 695 2
115 695 2
150 695 1
172 695 1
342 695 1
552 695 1
664 695 1
705 695 1
719 695 1
723 695 3
783 695 1
810 695 2
1006 695 1
1071 695 1
1072 695 1
1184 695 1
1204 695 1
1205 695 1
1210 695 1
1256 695 1
1257 695 1
1258 695 1
817 696 1
95 697 1
113 697 1
444 697 1
710 697 1
1005 697 1
132 698 1
230 699 2
675 699 1
886 699 1
351 700 1
1048 700 1
460 701 1
38 702 1
81 702 2
694 702 1
847 702 1
856 702 1
1184 702 1
1185 702 1
1254 702 1
117 703 1
205 703 2
882 703 1
1273 703 1
66 704 1
205 704 1
374 704 1
695 705 1
723 705 2
656 706 2
1173 706 1
453 707 1
523 707 1
685 707 1
691 707 1
814 707 1
479 708 1
484 708 1
502 708 1
566 708 1
633 708 1
719 709 1
1001 709 1
95 710 1
113 710 1
444 710 1
697 710 1
1005 710 1
327 711 1
31 712 1
249 712 1
437 713 1
402 714 1
460 714 2
715 714 1
1158 714 1
460 715 1
714 715 1
210 716 1
464 716 1
717 716 1
1019 716 1
716 717 1
1019 717 1
99 718 1
719 718 1
99 719 1
664 719 1
695 719 1
709 719 1
718 719 1
1001 719 1
1083 719 1
1084 719 1
1184 719 1
1256 719 1
1257 719 1
1258 719 1
225 720 1
412 720 1
592 720 1
1002 720 1
1003 720 1
21 721 1
559 721 1
570 721 1
604 721 1
1028 721 1
1029 721 1
489 722 1
1008 722 1
695 723 3
705 723 2
1132 723 1
757 724 1
558 725 1
936 725 2
937 725 2
943 725 2
991 725 2
483 726 1
557 726 1
754 727 1
771 727 1
894 727 1
895 727 1
94 728 1
458 728 2
173 729 1
29 730 2
497 730 1
631 730 1
460 731 1
1154 731 1
1133 732 1
407 733 1
47 734 1
262 734 1
781 734 1
782 734 1
56 735 2
83 735 1
94 735 1
188 735 1
194 735 1
196 735 1
210 735 5
277 735 1
407 735 1
458 735 1
464 735 3
614 735 1
648 735 1
649 735 1
744 735 3
776 735 1
871 735 1
904 735 1
997 735 2
1203 735 1
1211 735 1
521 736 1
40 737 1
125 738 2
682 738 2
740 739 2
932 739 2
933 739 1
1160 739 1
1161 739 1
65 740 1
127 740 1
622 740 1
739 740 2
917 740 1
918 740 1
931 740 1
932 740 2
933 740 3
1160 740 1
1161 740 1
1184 740 1
75 741 1
204 741 1
205 741 2
315 741 1
414 741 1
896 741 1
1262 741 1
483 742 1
557 742 1
225 743 2
188 744 1
196 744 1
277 744 1
614 744 1
649 744 1
735 744 3
775 744 1
1203 744 1
1211 744 1
172 745 1
175 745 1
208 745 1
245 745 1
246 745 1
838 745 1
152 746 1
272 746 1
388 746 1
594 746 1
795 746 1
1137 746 1
967 747 1
1272 747 1
89 748 1
237 748 1
288 748 1
329 748 1
391 748 1
692 748 1
861 748 1
1035 748 1
237 749 1
276 749 1
176 750 1
603 750 1
675 750 1
1260 750 1
1261 750 1
284 751 1
603 751 1
865 751 1
452 752 1
582 753 2
934 753 1
19 754 1
233 754 1
339 754 2
386 754 1
387 754 2
388 754 2
391 754 1
434 754 1
544 754 1
686 754 1
727 754 1
771 754 1
783 754 1
850 754 1
894 754 1
895 754 1
522 755 1
636 755 1
870 755 1
757 756 1
724 757 1
756 757 1
241 758 1
762 758 1
114 759 1
139 759 1
147 759 1
150 759 1
288 759 1
107 760 1
228 760 1
235 760 1
587 760 1
874 760 1
69 761 1
825 761 1
162 762 1
758 762 1
781 762 1
1152 762 1
1142 763 1
193 764 1
352 764 1
766 765 1
765 766 1
634 767 1
635 767 1
267 768 1
684 768 1
694 768 1
820 768 1
587 769 1
675 769 2
854 769 2
855 769 2
1030 769 1
147 770 2
326 770 1
832 770 1
727 771 1
754 771 1
894 771 1
895 771 1
985 772 1
913 773 1
1077 773 1
332 774 2
1109 774 1
744 775 1
245 776 1
458 776 3
735 776 1
997 776 1
256 777 2
257 777 1
587 777 1
266 778 1
301 778 1
799 778 1
1128 779 1
220 780 2
241 780 2
359 780 1
1061 780 1
1065 780 1
47 781 1
262 781 1
734 781 1
762 781 1
782 781 2
809 781 1
819 781 1
833 781 1
862 781 1
914 781 1
1162 781 1
1163 781 1
47 782 1
262 782 1
734 782 1
781 782 2
819 782 1
833 782 1
43 783 1
339 783 1
391 783 1
434 783 1
695 783 1
754 783 1
223 784 1
239 784 1
1043 785 1
1044 785 1
1157 786 1
234 787 1
239 787 1
916 788 1
848 789 1
249 790 1
89 791 1
198 791 1
267 791 1
659 791 1
1034 791 1
1035 791 1
1036 791 1
1225 792 1
1226 792 1
179 793 1
255 793 1
356 794 1
971 794 1
152 795 1
272 795 1
746 795 1
1137 795 1
238 796 1
256 797 1
278 797 1
321 797 1
587 797 1
184 798 1
503 798 1
266 799 1
301 799 1
778 799 1
472 800 1
479 800 1
494 800 1
1058 800 1
811 801 1
23 802 1
275 802 1
382 802 1
457 802 1
863 802 2
956 802 1
1231 802 1
1274 802 1
266 803 1
845 803 1
898 803 1
18 804 1
503 804 1
292 805 1
885 806 1
377 807 1
209 808 1
781 809 1
172 810 1
207 810 2
695 810 2
857 810 2
970 810 2
979 810 1
1046 810 1
1190 810 1
1210 810 1
1230 810 1
1243 810 1
801 811 1
929 812 1
1082 812 1
269 813 1
903 813 1
1117 813 1
1118 813 1
173 814 1
453 814 1
462 814 1
523 814 1
685 814 1
691 814 1
707 814 1
258 815 1
1045 815 1
1206 815 1
321 816 1
365 817 1
696 817 1
920 817 1
251 818 1
283 818 1
286 818 1
287 818 1
826 818 1
964 818 1
965 818 1
781 819 1
782 819 1
833 819 1
267 820 1
684 820 1
694 820 1
768 820 1
296 821 2
413 822 1
541 822 1
922 823 1
461 824 1
1015 824 1
40 825 1
69 825 3
261 825 1
657 825 2
761 825 1
852 825 2
979 825 1
251 826 1
283 826 1
286 826 1
287 826 1
818 826 1
964 826 1
965 826 1
44 827 3
828 827 3
44 828 3
827 828 3
140 829 1
141 829 1
142 829 1
472 829 1
663 829 1
843 829 1
892 829 1
893 829 1
946 829 1
963 830 1
1016 830 1
358 831 1
413 831 1
528 831 1
545 831 1
147 832 1
326 832 1
770 832 1
4 833 1
248 833 1
781 833 1
782 833 1
819 833 1
583 834 1
835 834 2
1004 834 1
583 835 3
834 835 2
1004 835 2
1053 835 1
1088 835 1
191 836 1
193 837 1
689 837 1
690 837 1
175 838 1
246 838 1
745 838 1
117 839 1
205 839 1
355 839 1
910 839 1
841 840 1
846 840 1
859 840 1
254 841 2
268 841 2
840 841 1
846 841 1
859 841 1
70 842 1
180 842 1
435 842 1
468 842 1
140 843 1
141 843 1
142 843 1
472 843 1
663 843 1
829 843 1
892 843 1
893 843 1
946 843 1
852 844 1
1252 844 1
266 845 1
803 845 1
898 845 1
840 846 1
841 846 1
859 846 1
38 847 1
81 847 1
208 847 1
694 847 1
702 847 1
1184 847 1
1185 847 1
1277 847 1
789 848 1
368 849 1
19 850 1
544 850 1
754 850 1
150 851 1
373 851 1
415 851 1
416 851 1
417 851 1
418 851 1
419 851 1
40 852 1
69 852 4
147 852 1
274 852 2
825 852 2
844 852 1
853 852 1
908 852 1
986 852 1
1252 852 1
147 853 1
852 853 1
769 854 2
855 854 2
769 855 2
854 855 2
81 856 1
702 856 1
810 857 2
1230 857 1
78 858 1
404 858 1
405 858 1
1207 858 1
840 859 1
841 859 1
846 859 1
869 860 1
692 861 1
748 861 1
1035 861 1
781 862 1
914 862 1
1162 862 1
1163 862 1
23 863 1
802 863 2
265 864 1
1275 864 1
1276 864 1
284 865 1
603 865 1
751 865 1
207 866 2
867 866 2
207 867 2
866 867 2
200 868 1
371 868 1
490 868 1
912 868 1
994 868 1
995 868 1
996 868 1
997 868 1
1232 868 1
1233 868 1
1234 868 1
1235 868 1
1236 868 1
1237 868 1
1238 868 1
1239 868 1
1240 868 1
1241 868 1
860 869 1
82 870 2
203 870 1
332 870 1
522 870 1
573 870 2
636 870 1
755 870 1
876 870 2
877 870 2
56 871 3
671 871 1
735 871 1
878 871 1
1220 871 1
1221 871 1
363 872 1
662 872 1
1129 872 1
198 873 1
915 873 1
24 874 1
107 874 1
228 874 1
235 874 1
587 874 1
760 874 1
888 874 1
182 875 1
82 876 2
203 876 1
573 876 2
870 876 2
877 876 2
82 877 2
203 877 1
573 877 2
870 877 2
876 877 2
56 878 1
871 878 1
1220 878 1
1221 878 1
56 879 1
271 879 1
358 879 1
407 879 1
902 879 1
80 880 1
337 881 1
503 881 1
117 882 1
205 882 2
703 882 1
896 882 1
1273 882 1
172 883 1
891 883 1
102 884 1
372 884 1
608 884 1
886 884 1
1249 884 1
806 885 1
102 886 1
230 886 1
372 886 1
608 886 1
699 886 1
884 886 1
1249 886 1
172 887 1
598 887 2
675 887 2
1255 887 1
24 888 1
874 888 1
202 889 1
515 889 1
42 890 1
130 890 1
297 890 1
1130 890 1
1131 890 1
172 891 1
883 891 1
140 892 1
141 892 1
142 892 1
472 892 1
663 892 1
829 892 1
843 892 1
893 892 1
946 892 1
140 893 1
141 893 1
142 893 1
472 893 1
663 893 1
829 893 1
843 893 1
892 893 1
946 893 1
727 894 1
754 894 1
771 894 1
895 894 1
727 895 1
754 895 1
771 895 1
894 895 1
205 896 1
741 896 1
882 896 1
1242 896 1
1262 896 1
309 897 1
266 898 1
803 898 1
845 898 1
338 899 1
565 899 1
602 899 1
609 899 1
557 900 1
901 900 1
557 901 1
900 901 1
56 902 1
271 902 1
358 902 1
407 902 1
879 902 1
269 903 1
813 903 1
1117 903 1
1118 903 1
735 904 1
394 905 1
1143 905 1
1126 906 1
1127 906 1
34 907 1
1186 907 1
852 908 1
294 909 1
608 909 1
1253 909 1
117 910 1
205 910 1
355 910 1
839 910 1
216 911 1
921 911 1
200 912 1
371 912 1
490 912 1
868 912 1
997 912 1
1232 912 1
1233 912 1
1234 912 1
1235 912 1
1236 912 1
1237 912 1
1238 912 1
1239 912 1
1240 912 1
1241 912 1
773 913 1
1077 913 1
781 914 1
862 914 1
1162 914 1
1163 914 1
198 915 1
873 915 1
788 916 1
65 917 1
127 917 2
658 917 1
740 917 1
918 917 1
1184 917 1
65 918 1
127 918 1
740 918 1
917 918 1
1184 918 1
211 919 1
365 920 1
817 920 1
216 921 1
911 921 1
823 922 1
1059 923 1
1060 923 1
941 924 1
1094 924 1
1095 924 1
1096 924 1
41 925 1
51 925 1
1227 925 1
26 926 1
244 926 1
518 926 1
529 926 1
530 926 1
564 926 1
526 927 1
579 927 1
472 928 1
812 929 1
1082 929 1
511 930 1
604 930 1
660 930 1
1051 930 1
1052 930 1
740 931 1
933 931 1
739 932 2
740 932 2
933 932 1
1160 932 1
1161 932 1
622 933 1
739 933 1
740 933 3
931 933 1
932 933 1
582 934 1
753 934 1
347 935 1
454 935 1
507 935 1
511 935 1
558 935 1
1116 935 1
558 936 1
725 936 2
937 936 2
943 936 2
991 936 2
558 937 1
725 937 2
936 937 2
943 937 2
991 937 2
939 938 1
938 939 1
327 940 1
924 941 1
1094 941 1
1095 941 1
1096 941 1
32 942 1
556 942 1
595 942 1
558 943 1
725 943 2
936 943 2
937 943 2
991 943 2
488 944 1
1020 944 1
1021 944 1
299 945 1
1166 945 1
140 946 1
141 946 1
142 946 1
472 946 1
663 946 1
829 946 1
843 946 1
892 946 1
893 946 1
516 947 1
1172 947 1
244 948 1
316 948 1
1026 948 1
130 949 1
272 949 1
457 949 1
18 950 1
413 951 1
1140 951 1
1141 951 1
1091 952 1
413 953 1
1138 953 1
504 954 1
1179 954 1
128 955 1
457 956 1
624 956 1
802 956 1
1199 956 1
433 957 1
460 957 1
623 957 1
627 957 1
644 957 1
645 957 1
247 958 2
50 959 1
534 959 1
562 959 1
468 960 1
437 961 1
548 961 1
1174 961 1
1175 961 1
211 962 1
830 963 1
1016 963 1
251 964 1
283 964 1
286 964 1
287 964 1
818 964 1
826 964 1
965 964 1
251 965 1
283 965 1
286 965 1
287 965 1
818 965 1
826 965 1
964 965 1
473 966 1
747 967 1
1272 967 1
25 968 2
969 968 2
25 969 2
968 969 2
81 970 1
146 970 1
207 970 2
810 970 2
1190 970 1
1243 970 1
231 971 1
356 971 1
794 971 1
982 971 1
973 972 1
972 973 1
975 974 1
974 975 1
364 976 1
629 976 1
418 977 1
519 977 1
560 977 1
978 977 1
418 978 1
519 978 3
560 978 3
977 978 1
261 979 1
810 979 1
825 979 1
1046 979 1
99 980 1
418 981 1
419 981 1
544 981 1
231 982 1
971 982 1
341 983 1
359 983 1
418 983 1
373 984 1
415 984 1
417 984 1
418 984 1
632 984 1
772 985 1
25 986 1
69 986 2
274 986 1
852 986 1
12 987 1
471 987 1
539 987 1
125 988 2
298 989 1
990 989 1
298 990 1
989 990 1
3 991 1
558 991 1
725 991 2
936 991 2
937 991 2
943 991 2
459 992 1
504 993 1
868 994 1
995 994 1
996 994 1
868 995 1
994 995 1
996 995 1
868 996 1
994 996 1
995 996 1
194 997 1
200 997 1
371 997 1
458 997 1
490 997 1
648 997 1
735 997 2
776 997 1
868 997 1
912 997 1
1232 997 1
1233 997 1
1234 997 1
1235 997 1
1236 997 1
1237 997 1
1238 997 1
1239 997 1
1240 997 1
1241 997 1
181 998 1
999 998 1
1000 998 1
181 999 1
998 999 1
1000 999 1
181 1000 1
998 1000 1
999 1000 1
709 1001 1
719 1001 1
225 1002 1
412 1002 1
592 1002 1
720 1002 1
1003 1002 1
225 1003 1
412 1003 1
592 1003 1
720 1003 1
1002 1003 1
834 1004 1
835 1004 2
95 1005 1
113 1005 1
444 1005 1
697 1005 1
710 1005 1
99 1006 1
115 1006 1
342 1006 1
695 1006 1
22 1007 1
57 1007 1
125 1007 1
467 1007 1
522 1007 1
489 1008 1
722 1008 1
75 1009 1
439 1009 1
525 1009 1
1010 1009 1
1011 1009 3
1012 1009 1
1013 1009 1
1014 1009 1
1009 1010 1
1011 1010 1
75 1011 1
439 1011 1
525 1011 1
1009 1011 3
1010 1011 1
1012 1011 1
1013 1011 1
1014 1011 1
1009 1012 1
1011 1012 1
1013 1012 1
1009 1013 1
1011 1013 1
1012 1013 1
75 1014 1
439 1014 1
525 1014 1
1009 1014 1
1011 1014 1
461 1015 1
824 1015 1
830 1016 1
963 1016 1
67 1017 1
385 1017 1
428 1017 1
429 1017 1
432 1017 1
535 1017 1
253 1018 1
716 1019 1
717 1019 1
488 1020 1
944 1020 1
1021 1020 1
488 1021 1
944 1021 1
1020 1021 1
76 1022 1
472 1022 1
663 1022 1
1023 1022 1
76 1023 1
472 1023 1
663 1023 1
1022 1023 1
35 1024 1
53 1024 1
183 1024 1
218 1024 1
219 1024 1
446 1024 1
17 1025 1
185 1025 1
457 1025 1
536 1025 1
244 1026 1
316 1026 1
948 1026 1
451 1027 1
21 1028 1
559 1028 1
570 1028 1
604 1028 1
721 1028 1
1029 1028 1
21 1029 1
559 1029 1
570 1029 1
604 1029 1
721 1029 1
1028 1029 1
81 1030 1
197 1030 1
249 1030 1
769 1030 1
457 1031 1
458 1031 1
452 1032 1
1033 1032 1
452 1033 1
1032 1033 1
89 1034 1
267 1034 1
791 1034 1
1035 1034 1
1036 1034 1
89 1035 1
267 1035 1
692 1035 1
748 1035 1
791 1035 1
861 1035 1
1034 1035 1
1036 1035 1
89 1036 1
267 1036 1
791 1036 1
1034 1036 1
1035 1036 1
205 1037 1
106 1038 1
163 1038 1
242 1038 1
334 1038 1
1039 1038 1
1040 1038 1
106 1039 1
163 1039 1
242 1039 1
334 1039 1
1038 1039 1
1040 1039 1
106 1040 1
163 1040 1
242 1040 1
334 1040 1
1038 1040 1
1039 1040 1
592 1041 1
592 1042 1
785 1043 1
1044 1043 1
785 1044 1
1043 1044 1
129 1045 1
157 1045 1
258 1045 1
543 1045 1
815 1045 1
1206 1045 1
810 1046 1
979 1046 1
327 1047 1
351 1048 1
700 1048 1
130 1049 1
230 1049 1
226 1050 1
272 1050 1
511 1051 1
604 1051 1
660 1051 1
930 1051 1
1052 1051 1
511 1052 1
604 1052 1
660 1052 1
930 1052 1
1051 1052 1
583 1053 1
835 1053 1
196 1054 1
478 1054 1
481 1054 1
1055 1054 1
196 1055 1
478 1055 1
481 1055 1
1054 1055 1
307 1056 1
178 1057 1
323 1057 1
668 1057 1
672 1057 1
472 1058 1
800 1058 1
923 1059 1
1060 1059 1
923 1060 1
1059 1060 1
1144 1060 1
1145 1060 1
220 1061 1
241 1061 1
359 1061 1
780 1061 1
224 1062 1
258 1063 2
260 1063 1
348 1063 1
673 1063 1
1198 1063 1
101 1064 1
353 1064 1
375 1064 1
780 1065 1
190 1066 1
195 1067 1
215 1067 1
653 1067 1
225 1068 1
411 1068 1
397 1069 1
1070 1069 1
1069 1070 1
99 1071 1
115 1071 1
695 1071 1
1072 1071 1
99 1072 1
115 1072 1
695 1072 1
1071 1072 1
34 1073 1
506 1073 1
593 1074 1
125 1075 1
467 1075 1
210 1076 1
464 1076 1
773 1077 1
913 1077 1
33 1078 1
1079 1078 1
33 1079 1
1078 1079 1
12 1080 1
522 1080 1
330 1081 1
812 1082 1
929 1082 1
719 1083 1
1084 1083 1
719 1084 1
1083 1084 1
179 1085 1
206 1086 1
116 1087 1
144 1087 1
583 1088 1
835 1088 1
30 1089 1
456 1089 1
100 1090 1
499 1090 1
952 1091 1
166 1092 1
232 1092 1
1093 1092 1
166 1093 1
232 1093 1
1092 1093 1
924 1094 1
941 1094 1
1095 1094 1
1096 1094 1
924 1095 1
941 1095 1
1094 1095 1
1096 1095 1
924 1096 1
941 1096 1
1094 1096 1
1095 1096 1
317 1097 1
1098 1097 1
317 1098 1
1097 1098 1
230 1099 1
99 1100 1
211 1101 1
361 1101 1
36 1102 1
263 1102 1
199 1103 1
447 1104 1
654 1104 1
440 1105 1
470 1105 1
327 1106 1
504 1106 1
590 1106 1
1107 1106 1
1108 1106 1
327 1107 1
504 1107 1
590 1107 1
1106 1107 1
1108 1107 1
327 1108 1
504 1108 1
590 1108 1
1106 1108 1
1107 1108 1
332 1109 1
774 1109 1
291 1110 1
221 1111 1
89 1112 1
62 1113 1
302 1113 1
1114 1113 1
1115 1113 1
62 1114 1
302 1114 1
462 1114 1
1113 1114 1
1115 1114 1
62 1115 1
302 1115 1
1113 1115 1
1114 1115 1
347 1116 1
454 1116 1
496 1116 1
507 1116 1
511 1116 1
558 1116 1
935 1116 1
269 1117 1
813 1117 1
903 1117 1
1118 1117 1
269 1118 1
813 1118 1
903 1118 1
1117 1118 1
124 1119 1
501 1119 1
546 1119 1
547 1119 1
548 1119 1
549 1119 1
550 1119 1
615 1119 1
360 1120 1
361 1120 1
1122 1121 1
1121 1122 1
379 1123 1
474 1123 1
483 1123 1
557 1123 1
362 1124 1
214 1125 1
344 1125 1
430 1125 1
906 1126 1
1127 1126 1
906 1127 1
1126 1127 1
779 1128 1
363 1129 1
662 1129 1
872 1129 1
42 1130 1
130 1130 1
297 1130 1
890 1130 1
1131 1130 1
42 1131 1
130 1131 1
297 1131 1
890 1131 1
1130 1131 1
723 1132 1
732 1133 1
421 1134 1
471 1134 1
495 1134 1
597 1134 1
1135 1134 1
421 1135 1
471 1135 1
495 1135 1
597 1135 1
1134 1135 1
77 1136 1
163 1136 1
335 1136 1
345 1136 1
346 1136 1
373 1136 1
510 1136 1
555 1136 1
577 1136 1
607 1136 1
1223 1136 1
1224 1136 1
152 1137 1
272 1137 1
746 1137 1
795 1137 1
413 1138 1
953 1138 1
514 1139 1
413 1140 1
951 1140 1
1141 1140 1
413 1141 1
951 1141 1
1140 1141 1
763 1142 1
394 1143 1
905 1143 1
1060 1144 1
1145 1144 1
1060 1145 1
1144 1145 1
13 1146 1
1147 1146 2
1148 1146 1
1149 1146 1
1150 1146 1
13 1147 1
1146 1147 2
1148 1147 1
1149 1147 1
1150 1147 1
13 1148 1
1146 1148 1
1147 1148 1
1149 1148 1
1150 1148 1
13 1149 1
1146 1149 1
1147 1149 1
1148 1149 1
1150 1149 1
13 1150 1
1146 1150 1
1147 1150 1
1148 1150 1
1149 1150 1
325 1151 1
162 1152 2
762 1152 1
1159 1152 1
181 1153 1
212 1154 1
460 1154 2
667 1154 1
731 1154 1
1156 1155 1
1155 1156 1
786 1157 1
402 1158 1
460 1158 1
714 1158 1
162 1159 1
1152 1159 1
739 1160 1
740 1160 1
932 1160 1
1161 1160 1
739 1161 1
740 1161 1
932 1161 1
1160 1161 1
781 1162 1
862 1162 1
914 1162 1
1163 1162 1
781 1163 1
862 1163 1
914 1163 1
1162 1163 1
1165 1164 1
1164 1165 1
299 1166 1
945 1166 1
229 1167 1
231 1167 2
1168 1167 1
229 1168 1
231 1168 1
1167 1168 1
1170 1169 1
1169 1170 1
89 1171 1
190 1171 1
516 1172 1
947 1172 1
656 1173 1
706 1173 1
437 1174 1
548 1174 1
961 1174 1
1175 1174 1
437 1175 1
548 1175 1
961 1175 1
1174 1175 1
403 1176 1
540 1176 1
3 1177 1
584 1177 1
1178 1177 1
3 1178 1
584 1178 1
1177 1178 1
504 1179 1
954 1179 1
270 1180 1
330 1180 1
3 1181 1
14 1181 1
37 1181 1
52 1181 1
263 1181 1
420 1181 1
532 1181 1
585 1181 1
600 1181 1
1183 1182 1
1182 1183 1
38 1184 1
65 1184 1
81 1184 1
127 1184 1
664 1184 1
694 1184 1
695 1184 1
702 1184 1
719 1184 1
740 1184 1
847 1184 1
917 1184 1
918 1184 1
1185 1184 1
1256 1184 1
1257 1184 1
1258 1184 1
38 1185 1
81 1185 1
694 1185 1
702 1185 1
847 1185 1
1184 1185 1
34 1186 1
907 1186 1
396 1187 1
551 1187 1
1188 1187 1
1189 1187 1
396 1188 1
551 1188 1
1187 1188 1
1189 1188 1
396 1189 1
551 1189 1
1187 1189 1
1188 1189 1
207 1190 1
810 1190 1
970 1190 1
108 1191 1
1192 1191 1
108 1192 1
1191 1192 1
86 1193 1
400 1193 1
401 1193 1
502 1193 1
560 1193 1
566 1193 1
567 1193 1
568 1193 1
343 1194 1
48 1195 1
90 1195 1
149 1195 1
380 1195 1
678 1195 1
258 1196 1
348 1196 1
688 1196 1
206 1197 1
208 1197 1
268 1197 1
258 1198 1
1063 1198 1
624 1199 1
956 1199 1
29 1200 1
497 1200 1
619 1200 1
1201 1200 1
1202 1200 1
29 1201 1
497 1201 1
619 1201 1
1200 1201 1
1202 1201 1
29 1202 1
497 1202 1
619 1202 1
1200 1202 1
1201 1202 1
735 1203 1
744 1203 1
150 1204 1
695 1204 1
1205 1204 1
150 1205 1
695 1205 1
1204 1205 1
258 1206 1
815 1206 1
1045 1206 1
78 1207 1
404 1207 1
405 1207 1
858 1207 1
177 1208 1
522 1208 1
598 1208 1
1209 1208 1
177 1209 1
522 1209 1
598 1209 1
1208 1209 1
695 1210 1
810 1210 1
188 1211 1
277 1211 1
649 1211 1
735 1211 1
744 1211 1
313 1212 1
587 1212 1
452 1213 1
1214 1213 1
1215 1213 1
452 1214 1
1213 1214 1
1215 1214 1
452 1215 1
1213 1215 1
1214 1215 1
59 1216 1
1217 1216 1
1218 1216 1
59 1217 1
1216 1217 1
1218 1217 1
59 1218 1
1216 1218 1
1217 1218 1
387 1219 1
388 1219 1
56 1220 1
871 1220 1
878 1220 1
1221 1220 1
56 1221 1
871 1221 1
878 1221 1
1220 1221 1
147 1222 1
205 1222 1
77 1223 1
335 1223 1
373 1223 1
510 1223 1
555 1223 1
577 1223 1
607 1223 1
1136 1223 1
1224 1223 1
77 1224 1
335 1224 1
373 1224 1
510 1224 1
555 1224 1
577 1224 1
607 1224 1
1136 1224 1
1223 1224 1
792 1225 1
1226 1225 1
792 1226 1
1225 1226 1
41 1227 1
51 1227 1
925 1227 1
46 1228 1
70 1228 1
59 1229 1
121 1229 1
122 1229 1
161 1229 1
810 1230 1
857 1230 1
382 1231 1
802 1231 1
200 1232 1
371 1232 1
490 1232 1
868 1232 1
912 1232 1
997 1232 1
1233 1232 1
1234 1232 1
1235 1232 1
1236 1232 1
1237 1232 1
1238 1232 1
1239 1232 1
1240 1232 1
1241 1232 1
200 1233 1
371 1233 1
490 1233 1
868 1233 1
912 1233 1
997 1233 1
1232 1233 1
1234 1233 1
1235 1233 1
1236 1233 1
1237 1233 1
1238 1233 1
1239 1233 1
1240 1233 1
1241 1233 1
200 1234 1
371 1234 1
490 1234 1
868 1234 1
912 1234 1
997 1234 1
1232 1234 1
1233 1234 1
1235 1234 1
1236 1234 1
1237 1234 1
1238 1234 1
1239 1234 1
1240 1234 1
1241 1234 1
200 1235 1
371 1235 1
490 1235 1
868 1235 1
912 1235 1
997 1235 1
1232 1235 1
1233 1235 1
1234 1235 1
1236 1235 1
1237 1235 1
1238 1235 1
1239 1235 1
1240 1235 1
1241 1235 1
200 1236 1
371 1236 1
490 1236 1
868 1236 1
912 1236 1
997 1236 1
1232 1236 1
1233 1236 1
1234 1236 1
1235 1236 1
1237 1236 1
1238 1236 1
1239 1236 1
1240 1236 1
1241 1236 1
200 1237 1
371 1237 1
490 1237 1
868 1237 1
912 1237 1
997 1237 1
1232 1237 1
1233 1237 1
1234 1237 1
1235 1237 1
1236 1237 1
1238 1237 1
1239 1237 1
1240 1237 1
1241 1237 1
200 1238 1
371 1238 1
490 1238 1
868 1238 1
912 1238 1
997 1238 1
1232 1238 1
1233 1238 1
1234 1238 1
1235 1238 1
1236 1238 1
1237 1238 1
1239 1238 1
1240 1238 1
1241 1238 1
200 1239 1
371 1239 1
490 1239 1
868 1239 1
912 1239 1
997 1239 1
1232 1239 1
1233 1239 1
1234 1239 1
1235 1239 1
1236 1239 1
1237 1239 1
1238 1239 1
1240 1239 1
1241 1239 1
200 1240 1
371 1240 1
490 1240 1
868 1240 1
912 1240 1
997 1240 1
1232 1240 1
1233 1240 1
1234 1240 1
1235 1240 1
1236 1240 1
1237 1240 1
1238 1240 1
1239 1240 1
1241 1240 1
200 1241 1
371 1241 1
490 1241 1
868 1241 1
912 1241 1
997 1241 1
1232 1241 1
1233 1241 1
1234 1241 1
1235 1241 1
1236 1241 1
1237 1241 1
1238 1241 1
1239 1241 1
1240 1241 1
896 1242 1
207 1243 1
810 1243 1
970 1243 1
60 1244 1
580 1244 1
1245 1244 1
60 1245 1
580 1245 1
1244 1245 1
127 1246 1
85 1247 1
561 1247 1
1248 1247 1
85 1248 1
561 1248 1
1247 1248 1
102 1249 1
372 1249 1
608 1249 1
884 1249 1
886 1249 1
68 1250 1
1251 1250 1
68 1251 1
1250 1251 1
844 1252 1
852 1252 1
294 1253 1
608 1253 1
909 1253 1
702 1254 1
172 1255 1
598 1255 1
675 1255 1
887 1255 1
664 1256 1
695 1256 1
719 1256 1
1184 1256 1
1257 1256 1
1258 1256 1
664 1257 1
695 1257 1
719 1257 1
1184 1257 1
1256 1257 1
1258 1257 1
664 1258 1
695 1258 1
719 1258 1
1184 1258 1
1256 1258 1
1257 1258 1
408 1259 1
421 1259 1
675 1260 1
750 1260 1
1261 1260 1
675 1261 1
750 1261 1
1260 1261 1
741 1262 1
896 1262 1
79 1263 1
466 1263 1
563 1263 1
599 1263 1
1264 1263 1
1265 1263 1
79 1264 1
466 1264 1
563 1264 1
599 1264 1
1263 1264 1
1265 1264 1
79 1265 1
466 1265 1
563 1265 1
599 1265 1
1263 1265 1
1264 1265 1
158 1266 1
553 1266 1
70 1267 1
143 1267 1
180 1267 1
435 1267 1
285 1268 1
319 1268 1
1269 1268 1
1270 1268 1
1271 1268 1
285 1269 1
319 1269 1
1268 1269 1
1270 1269 1
1271 1269 1
285 1270 1
319 1270 1
1268 1270 1
1269 1270 1
1271 1270 1
285 1271 1
319 1271 1
1268 1271 1
1269 1271 1
1270 1271 1
747 1272 1
967 1272 1
117 1273 1
205 1273 1
703 1273 1
882 1273 1
802 1274 1
265 1275 1
864 1275 1
1276 1275 1
265 1276 1
864 1276 1
1275 1276 1
208 1277 1
847 1277 1
32 1278 1
93 1278 1
509 1278 1
578 1278 1
1279 1278 1
32 1279 1
93 1279 1
509 1279 1
578 1279 1
1278 1279 1
