2 1 1
210 1 1
413 1 1
1 2 1
23 2 1
26 2 1
210 2 2
211 2 1
269 2 1
336 2 1
355 2 1
412 2 1
413 2 1
585 3 1
92 4 1
198 4 1
23 5 1
137 5 1
7 6 1
8 6 1
9 6 1
6 7 1
8 7 1
9 7 1
1117 7 1
6 8 1
7 8 1
9 8 1
6 9 1
7 9 1
8 9 1
139 9 1
334 9 1
1041 9 1
118 10 1
119 10 1
140 10 1
209 10 1
256 10 1
368 10 1
40 11 1
79 11 1
80 11 1
515 11 2
771 11 1
13 12 1
17 12 1
35 12 1
59 12 1
61 12 1
101 12 1
345 12 2
668 12 1
961 12 1
962 12 1
1540 12 1
12 13 1
961 13 1
227 14 1
367 14 1
371 14 1
1370 14 1
1371 14 1
1192 15 1
17 16 2
12 17 1
16 17 2
99 17 1
101 17 2
339 17 1
345 17 1
383 17 1
598 17 1
681 17 1
22 18 1
99 18 1
339 18 1
358 18 1
389 18 1
859 18 1
1363 18 1
1364 18 1
31 19 1
600 19 1
684 20 1
1066 20 1
1067 20 1
1068 20 1
1069 20 1
1070 20 1
1304 21 1
18 22 1
1363 22 1
1364 22 1
2 23 1
5 23 1
26 23 1
137 23 1
25 24 4
490 24 2
24 25 4
39 25 1
296 25 1
466 25 1
490 25 2
1151 25 1
2 26 1
23 26 1
90 27 1
465 27 1
68 28 4
75 28 1
127 28 3
160 28 4
459 28 2
460 28 1
480 28 2
481 28 1
482 28 1
827 28 1
1080 28 1
1404 28 1
1405 28 1
1445 28 1
1516 28 1
1517 28 1
1518 28 1
1519 28 1
1520 28 1
31 29 2
207 29 2
159 30 1
1637 30 1
1638 30 1
19 31 1
29 31 2
207 31 2
600 31 1
519 32 1
528 32 1
367 33 2
397 33 1
454 33 1
467 33 1
493 33 1
1063 33 1
1064 33 1
102 34 1
12 35 1
962 35 1
48 36 2
116 36 2
120 36 2
158 36 1
310 36 1
311 36 1
322 36 2
328 36 1
457 36 1
520 36 2
752 36 2
753 36 2
757 36 1
758 36 1
816 36 1
860 36 1
864 36 2
1510 36 2
148 37 1
1051 37 1
100 38 1
981 38 1
982 38 1
25 39 1
296 39 1
466 39 1
1151 39 1
11 40 1
79 40 1
515 40 1
771 40 1
61 41 1
397 41 1
571 41 1
297 42 1
307 42 1
490 42 1
680 42 1
748 42 1
1214 42 1
163 43 1
164 43 1
1615 43 1
224 44 1
445 44 3
1104 44 1
335 45 1
1536 45 1
211 46 1
773 46 1
1241 46 1
229 47 1
1522 47 1
1523 47 1
1524 47 1
36 48 2
116 48 1
120 48 1
158 48 1
457 48 1
520 48 1
752 48 1
753 48 1
859 48 1
55 49 1
56 49 1
58 49 1
1487 49 1
1488 49 1
75 50 2
459 50 2
813 50 1
1405 50 1
1445 50 1
1446 50 2
1554 50 1
1555 50 1
1556 50 1
108 51 1
893 51 1
1626 51 1
1627 51 1
178 52 1
704 52 1
979 52 1
54 53 1
1521 53 1
53 54 1
1521 54 1
49 55 1
56 55 1
58 55 1
1487 55 1
1488 55 1
49 56 1
55 56 1
58 56 1
1487 56 1
1488 56 1
61 57 1
74 57 1
445 57 2
49 58 1
55 58 1
56 58 1
1487 58 1
1488 58 1
12 59 1
61 59 1
668 59 1
61 60 2
62 60 1
424 60 1
487 60 2
488 60 1
1185 60 1
1254 60 1
12 61 1
41 61 1
57 61 1
59 61 1
60 61 2
62 61 4
74 61 1
100 61 1
108 61 1
210 61 1
274 61 1
349 61 1
387 61 1
397 61 1
419 61 1
424 61 1
473 61 1
487 61 3
488 61 3
571 61 1
668 61 1
1254 61 1
60 62 1
61 62 4
424 62 1
487 62 1
488 62 3
670 62 1
64 63 1
814 63 1
1113 63 1
63 64 1
814 64 1
1113 64 1
328 65 1
67 66 1
1177 66 1
1178 66 1
1179 66 1
1180 66 1
1181 66 1
66 67 1
159 67 2
161 67 2
1177 67 1
1178 67 1
1179 67 1
1180 67 1
1181 67 1
1484 67 1
28 68 4
75 68 1
127 68 3
160 68 1
459 68 1
480 68 1
481 68 2
482 68 1
827 68 1
1080 68 1
1404 68 1
1405 68 1
383 69 1
483 69 1
1082 70 1
188 71 1
258 72 1
654 72 1
802 72 1
976 72 1
1327 73 1
57 74 1
61 74 1
153 74 1
780 74 1
28 75 1
50 75 2
68 75 1
127 75 1
459 75 3
813 75 1
827 75 1
1404 75 1
1405 75 2
1445 75 1
1446 75 2
1554 75 1
1555 75 1
1556 75 1
538 76 1
1231 76 1
1350 76 1
436 77 1
436 78 1
439 78 1
491 78 1
11 79 1
40 79 1
515 79 1
771 79 1
11 80 1
515 80 1
82 81 2
658 81 1
743 81 1
823 81 1
1118 81 1
81 82 2
658 82 1
743 82 1
823 82 1
1118 82 1
84 83 1
83 84 1
110 84 1
111 84 1
146 84 1
191 84 1
334 84 1
339 84 1
1215 84 1
104 85 1
105 85 1
305 85 1
1138 85 1
1139 85 2
91 86 1
1130 86 1
1131 86 1
367 87 1
745 88 1
764 88 1
799 88 1
767 89 1
1635 89 1
1636 89 1
27 90 1
465 90 1
86 91 1
1130 91 1
1131 91 1
4 92 1
198 92 1
397 93 2
473 93 4
883 93 1
283 94 1
852 94 1
853 94 1
943 94 1
96 95 1
1119 95 1
95 96 1
1119 96 1
423 97 3
490 97 3
1427 97 3
929 98 1
930 98 1
931 98 1
932 98 1
1544 98 1
17 99 1
18 99 1
339 99 2
358 99 1
383 99 1
389 99 1
598 99 1
681 99 1
38 100 1
61 100 1
274 100 1
318 100 1
981 100 1
982 100 1
1307 100 1
12 101 1
17 101 2
345 101 1
34 102 1
210 102 2
223 102 1
1400 103 1
85 104 1
105 104 1
1139 104 1
85 105 1
104 105 1
1139 105 1
309 106 1
1186 106 1
1187 106 1
1188 106 1
441 107 1
1231 107 1
1232 107 1
1233 107 1
1234 107 1
51 108 1
61 108 1
893 108 1
1626 108 1
1627 108 1
210 109 1
219 109 2
256 109 3
84 110 1
111 110 1
84 111 1
110 111 1
1631 112 1
445 113 1
234 114 1
592 114 1
1288 114 1
116 115 1
1085 115 1
36 116 2
48 116 1
115 116 1
158 116 1
457 116 2
520 116 2
753 116 2
860 116 1
1085 116 1
1356 116 1
828 117 1
10 118 1
119 118 1
140 118 1
209 118 1
256 118 1
368 118 1
10 119 1
118 119 1
140 119 1
209 119 1
256 119 1
368 119 1
36 120 2
48 120 1
310 120 1
311 120 1
752 120 2
757 120 1
758 120 1
816 120 1
422 121 1
655 121 1
1584 121 1
1585 121 1
157 122 1
790 122 1
124 123 1
125 123 1
123 124 1
125 124 1
123 125 1
124 125 1
503 125 1
504 125 1
505 125 1
513 125 1
514 125 1
644 125 1
649 125 1
744 125 1
316 126 1
657 126 1
662 126 1
707 126 1
708 126 1
709 126 1
713 126 1
1450 126 1
28 127 3
68 127 3
75 127 1
160 127 1
459 127 1
481 127 1
482 127 1
827 127 1
1080 127 1
1404 127 1
1405 127 1
129 128 1
130 128 1
131 128 1
132 128 1
160 128 1
128 129 1
130 129 1
131 129 1
132 129 1
160 129 1
128 130 1
129 130 1
131 130 1
132 130 1
160 130 1
128 131 1
129 131 1
130 131 1
132 131 1
160 131 1
128 132 1
129 132 1
130 132 1
131 132 1
160 132 1
134 133 1
133 134 1
172 134 1
173 134 2
174 134 4
352 134 3
356 134 3
394 134 2
406 134 2
407 134 1
445 134 1
463 134 2
468 134 1
617 134 1
820 134 1
918 134 1
1033 134 1
1034 134 1
1285 134 1
1423 134 1
1596 134 1
220 135 1
223 135 2
228 135 1
506 135 1
507 135 1
508 135 1
509 135 1
996 136 1
5 137 1
23 137 1
139 138 1
363 138 1
760 138 1
811 138 1
1349 138 1
1614 138 1
9 139 1
138 139 1
223 139 2
334 139 6
363 139 1
494 139 3
992 139 1
993 139 1
1041 139 1
1047 139 1
1048 139 1
1049 139 1
1050 139 1
1326 139 1
1349 139 1
1616 139 1
10 140 1
118 140 1
119 140 1
209 140 1
256 140 1
368 140 1
766 141 1
143 142 2
144 142 1
826 142 1
1472 142 1
1473 142 1
1474 142 1
1475 142 1
1476 142 1
1560 142 1
142 143 2
144 143 1
826 143 1
1472 143 1
1473 143 1
1474 143 1
1475 143 1
1476 143 1
1560 143 1
142 144 1
143 144 1
826 144 1
1560 144 1
419 145 1
84 146 1
191 146 1
334 146 1
339 146 1
189 147 1
527 147 1
566 147 1
1159 147 1
1607 147 1
37 148 1
1051 148 1
171 149 1
1198 149 1
151 150 1
1325 150 1
150 151 1
1325 151 1
484 152 1
624 152 1
658 152 1
675 152 1
74 153 1
780 153 1
539 154 1
171 155 1
736 155 1
569 156 1
768 156 1
122 157 1
790 157 1
36 158 1
48 158 1
116 158 1
457 158 1
520 158 1
753 158 1
30 159 1
67 159 2
161 159 2
1484 159 1
1608 159 1
1637 159 1
1638 159 1
28 160 4
68 160 1
127 160 1
128 160 1
129 160 1
130 160 1
131 160 1
132 160 1
459 160 1
460 160 1
480 160 1
1445 160 1
1516 160 1
1517 160 1
1518 160 1
1519 160 1
1520 160 1
67 161 2
159 161 2
1484 161 1
936 162 1
1563 162 1
43 163 1
164 163 1
1615 163 1
43 164 1
163 164 1
1615 164 1
166 165 1
1460 165 1
165 166 1
1460 166 1
1278 167 1
710 168 1
1391 168 1
420 169 1
421 169 1
1281 169 1
558 170 1
576 170 1
727 170 1
728 170 1
909 170 1
149 171 1
155 171 1
249 171 1
250 171 1
500 171 1
536 171 1
544 171 1
545 171 1
546 171 1
736 171 1
846 171 1
924 171 1
925 171 2
1198 171 1
1420 171 1
134 172 1
174 172 1
463 172 1
918 172 1
1285 172 1
134 173 2
174 173 2
445 173 1
463 173 1
1423 173 1
134 174 4
172 174 1
173 174 2
445 174 1
463 174 2
918 174 1
1033 174 1
1034 174 1
1285 174 1
1423 174 1
646 175 1
1609 175 1
884 176 1
1347 176 1
306 177 1
1379 177 1
52 178 1
704 178 1
979 178 1
402 179 1
433 179 1
434 179 1
435 179 1
1503 179 1
690 180 1
875 180 2
1097 180 1
1098 180 1
905 181 1
906 181 1
1477 182 1
432 183 1
190 184 1
255 184 2
612 184 2
935 184 2
1483 184 1
1595 184 1
1597 185 1
1598 185 1
1599 185 1
1600 185 1
443 186 1
451 186 1
455 186 2
622 186 1
623 186 1
878 187 2
1108 187 1
1109 187 1
1490 187 1
71 188 1
147 189 1
527 189 1
566 189 1
1159 189 1
1607 189 1
184 190 1
255 190 1
612 190 1
935 190 1
1595 190 1
84 191 1
146 191 1
334 191 1
339 191 1
279 192 1
485 192 1
581 193 3
239 194 1
1015 194 1
1016 194 1
258 195 2
299 195 2
653 195 2
654 195 2
1461 195 2
522 196 2
1551 196 1
324 197 1
4 198 1
92 198 1
751 198 1
902 198 1
1038 198 2
1039 198 1
1351 198 1
1464 199 1
209 200 3
340 200 1
383 200 1
446 200 1
479 200 1
499 200 2
651 200 1
658 200 1
1057 200 1
1168 200 1
202 201 1
201 202 1
215 203 1
476 203 1
1318 203 1
205 204 1
206 204 1
204 205 1
206 205 1
1478 205 1
1479 205 1
204 206 1
205 206 1
1073 206 1
29 207 2
31 207 2
208 207 1
214 207 1
340 207 1
384 207 1
385 207 1
489 207 1
1173 207 1
1511 207 1
1548 207 1
207 208 1
10 209 1
118 209 1
119 209 1
140 209 1
200 209 3
256 209 1
301 209 1
340 209 2
368 209 1
450 209 1
451 209 1
479 209 1
1057 209 1
1 210 1
2 210 2
61 210 1
102 210 2
109 210 1
219 210 1
223 210 1
256 210 4
349 210 1
413 210 1
440 210 3
473 210 1
580 210 1
605 210 1
774 210 1
815 210 1
1026 210 2
2 211 1
46 211 1
336 211 1
352 211 1
355 211 1
430 211 1
732 211 1
773 211 2
812 211 1
1241 211 1
1419 211 1
275 212 1
276 212 1
358 213 1
882 213 1
991 213 1
1095 213 1
207 214 1
384 214 1
385 214 1
1173 214 1
1399 214 1
203 215 1
476 215 1
1318 215 1
1220 216 1
273 217 1
524 217 1
526 217 1
636 217 1
1225 217 1
1226 217 1
355 218 1
109 219 2
210 219 1
256 219 2
135 220 1
223 220 1
506 220 1
236 221 1
284 222 1
631 222 2
102 223 1
135 223 2
139 223 2
210 223 1
220 223 1
228 223 1
334 223 2
494 223 2
506 223 1
507 223 1
508 223 1
509 223 1
44 224 1
445 224 1
1104 224 1
606 225 1
737 225 1
1646 225 1
594 226 1
747 226 1
836 226 1
14 227 1
367 227 1
371 227 1
1370 227 1
1371 227 1
135 228 1
223 228 1
507 228 1
508 228 1
509 228 1
47 229 1
393 229 1
510 229 1
1522 229 1
1523 229 1
1524 229 1
1562 229 1
396 230 1
410 230 1
627 230 1
1604 230 1
1605 230 1
1606 230 1
267 231 1
1189 231 1
1166 232 1
1110 233 1
1111 233 1
1174 233 1
1175 233 2
1176 233 1
1266 233 1
114 234 1
592 234 1
1288 234 1
377 235 1
1387 235 1
221 236 1
328 237 1
344 237 1
963 237 1
998 237 1
1000 237 1
288 238 1
682 238 1
1417 238 1
194 239 1
1015 239 1
1016 239 1
428 240 1
928 240 1
1027 240 1
642 241 1
1071 241 1
583 242 1
1654 242 1
1655 242 1
244 243 1
243 244 1
272 245 1
1634 245 1
1502 246 1
1611 246 1
1612 246 1
1071 247 1
1515 247 1
405 248 1
530 248 1
171 249 1
250 249 1
536 249 1
544 249 1
545 249 1
546 249 1
846 249 1
1420 249 1
171 250 1
249 250 1
536 250 1
544 250 1
545 250 1
546 250 1
846 250 1
1420 250 1
263 251 1
1504 251 1
1505 251 1
318 252 1
551 252 1
565 252 1
625 252 1
525 253 3
540 253 1
549 253 2
550 253 1
1470 253 1
1415 254 1
184 255 2
190 255 1
612 255 2
935 255 2
1483 255 1
1595 255 1
10 256 1
109 256 3
118 256 1
119 256 1
140 256 1
209 256 1
210 256 4
219 256 2
368 256 1
1026 256 2
286 257 1
641 257 1
72 258 1
195 258 2
299 258 4
653 258 4
654 258 6
802 258 4
976 258 2
1461 258 3
564 259 1
586 259 1
587 259 1
1506 259 1
1507 259 1
445 260 1
534 261 1
632 261 1
907 262 1
251 263 1
1504 263 1
1505 263 1
287 264 1
1501 264 1
1502 264 1
787 265 1
829 265 1
404 266 1
417 266 1
951 266 1
231 267 1
554 267 1
1189 267 1
640 268 1
831 268 1
1549 268 1
1550 268 1
2 269 1
1406 270 1
602 271 1
844 271 1
868 271 1
245 272 1
1634 272 1
217 273 1
524 273 1
526 273 1
636 273 1
1225 273 1
1226 273 1
61 274 1
100 274 1
212 275 1
276 275 1
212 276 1
275 276 1
477 277 1
634 277 1
295 278 1
543 278 1
192 279 1
485 279 1
281 280 1
280 281 1
291 282 1
1291 282 1
94 283 1
852 283 1
853 283 1
943 283 1
222 284 1
723 285 1
1239 285 1
1240 285 1
257 286 1
641 286 1
264 287 1
1501 287 1
1502 287 1
238 288 1
682 288 2
705 288 1
922 288 1
1006 288 1
1007 288 1
1417 288 1
341 289 1
441 289 1
910 289 1
911 289 1
912 289 1
980 289 1
1564 289 1
1565 289 1
330 290 1
282 291 1
1291 291 1
1471 292 1
1211 293 1
1647 294 1
278 295 1
543 295 1
25 296 1
39 296 1
466 296 1
1151 296 1
42 297 1
307 297 1
490 297 1
680 297 1
740 297 2
748 297 1
750 297 2
1214 297 1
1416 297 1
738 298 1
841 298 1
195 299 2
258 299 4
653 299 4
654 299 4
802 299 2
1461 299 3
1107 300 1
209 301 1
450 301 1
451 301 1
1132 301 2
676 302 1
677 302 1
411 303 1
618 303 1
619 303 1
656 303 1
1310 303 1
1311 303 1
1312 303 1
1313 303 1
1314 303 1
379 304 1
85 305 1
1138 305 1
1139 305 1
177 306 1
1379 306 1
42 307 1
297 307 1
490 307 1
680 307 1
748 307 1
1214 307 1
672 308 1
106 309 1
1186 309 1
1187 309 1
1188 309 1
36 310 1
120 310 1
311 310 1
752 310 1
757 310 1
758 310 1
816 310 1
36 311 1
120 311 1
310 311 1
752 311 1
757 311 1
758 311 1
816 311 1
490 312 3
552 312 1
445 313 1
464 314 1
995 314 1
1196 314 1
1197 314 1
697 315 1
1468 315 1
1469 315 1
126 316 1
657 316 1
662 316 1
707 316 1
708 316 1
709 316 1
713 316 1
1450 316 1
561 317 1
100 318 1
252 318 1
319 318 5
565 318 1
625 318 1
866 318 2
933 318 1
1005 318 1
1011 318 2
1190 318 1
1389 318 1
1390 318 1
1526 318 1
318 319 5
866 319 2
1011 319 2
558 320 1
728 320 1
322 321 1
381 321 3
558 321 7
577 321 1
664 321 1
719 321 1
720 321 2
727 321 1
728 321 1
788 321 1
807 321 2
904 321 1
925 321 1
1058 321 1
1059 321 1
1204 321 1
1205 321 1
1206 321 1
1542 321 1
36 322 2
321 322 1
328 322 1
374 322 1
375 322 1
427 322 1
558 322 1
782 322 1
1059 322 2
1153 322 1
1154 322 1
1155 322 1
1157 322 1
1158 322 1
1485 322 1
1486 322 1
1552 322 1
563 323 1
197 324 1
498 325 1
960 325 1
1149 326 1
366 327 1
442 327 1
1357 327 1
36 328 1
65 328 1
237 328 1
322 328 1
329 328 1
398 328 2
447 328 1
963 328 2
966 328 1
967 328 1
972 328 1
973 328 1
974 328 1
1061 328 1
1360 328 1
328 329 1
398 329 1
972 329 1
973 329 1
974 329 1
290 330 1
332 331 1
333 331 1
331 332 1
333 332 1
331 333 1
332 333 1
854 333 1
9 334 1
84 334 1
139 334 6
146 334 1
191 334 1
223 334 2
339 334 3
494 334 2
669 334 3
733 334 1
803 334 1
992 334 1
993 334 1
1040 334 2
1041 334 6
1052 334 1
1065 334 1
1090 334 1
1091 334 1
1092 334 1
1093 334 1
1094 334 1
1128 334 1
1129 334 3
1156 334 1
1326 334 2
1339 334 1
1616 334 1
45 335 1
1536 335 1
2 336 1
211 336 1
337 336 4
338 336 1
355 336 1
1011 336 1
1296 336 2
336 337 4
338 337 1
1296 337 2
336 338 1
337 338 1
17 339 1
18 339 1
84 339 1
99 339 2
146 339 1
191 339 1
334 339 3
358 339 1
383 339 1
389 339 1
471 339 2
598 339 1
601 339 2
681 339 1
1040 339 1
1041 339 1
1042 339 2
1052 339 1
1090 339 1
1091 339 1
1092 339 1
1093 339 1
1094 339 1
200 340 1
207 340 1
209 340 2
382 340 1
489 340 1
1057 340 1
1511 340 1
289 341 1
441 341 1
980 341 1
685 342 1
344 343 1
404 343 1
417 343 1
556 343 1
842 343 1
955 343 1
1345 343 1
1346 343 1
237 344 1
343 344 1
775 344 1
998 344 2
1000 344 1
1230 344 1
1345 344 1
1346 344 1
12 345 2
17 345 1
101 345 1
1491 345 1
347 346 1
346 347 1
1452 348 1
1453 348 1
61 349 1
210 349 1
473 349 1
351 350 1
350 351 1
134 352 3
211 352 1
430 352 1
812 352 1
1414 353 1
779 354 1
2 355 1
211 355 1
218 355 1
336 355 1
391 355 1
461 355 1
495 355 1
496 355 1
589 355 1
763 355 2
808 355 2
1388 355 1
134 356 3
406 356 1
407 356 1
468 356 1
617 356 1
820 356 1
1596 356 1
373 357 1
1060 357 1
18 358 1
99 358 1
213 358 1
339 358 1
389 358 1
882 358 1
991 358 1
1095 358 1
1267 358 1
1268 358 1
1269 358 1
360 359 1
560 359 1
1224 359 1
359 360 1
742 360 1
1224 360 1
1354 360 1
452 361 2
1126 361 2
370 362 1
894 362 1
138 363 1
139 363 1
453 363 5
1120 363 1
1148 363 2
1349 363 1
417 364 1
825 364 1
1028 364 1
1029 364 1
1172 364 1
1079 365 1
327 366 1
511 366 1
14 367 1
33 367 2
87 367 1
227 367 1
371 367 1
397 367 2
454 367 1
467 367 1
493 367 1
629 367 1
1063 367 1
1064 367 1
1370 367 1
1371 367 1
1372 367 1
10 368 1
118 368 1
119 368 1
140 368 1
209 368 1
256 368 1
1245 369 1
362 370 1
1340 370 1
14 371 1
227 371 1
367 371 1
1370 371 1
1371 371 1
837 372 1
1559 372 1
357 373 1
1060 373 1
322 374 1
375 374 1
1157 374 1
1158 374 1
322 375 1
374 375 1
1157 375 1
1158 375 1
1401 376 1
1402 376 2
1403 376 2
1545 376 1
1546 376 1
1547 376 1
235 377 1
1387 377 1
535 378 1
1167 378 1
1168 378 1
304 379 1
1624 380 1
1625 380 1
321 381 3
558 381 4
694 381 1
788 381 1
807 381 2
925 381 1
1110 381 1
1199 381 2
1200 381 1
340 382 1
17 383 1
69 383 1
99 383 1
200 383 1
339 383 1
386 383 1
390 383 1
483 383 1
501 383 2
502 383 4
598 383 1
658 383 4
681 383 1
703 383 1
741 383 1
761 383 1
798 383 1
830 383 1
1096 383 2
1168 383 1
1217 383 1
1218 383 3
1242 383 1
1243 383 3
1244 383 2
1349 383 1
1355 383 1
1366 383 1
1512 383 1
1513 383 1
1514 383 1
1591 383 1
1623 383 1
1648 383 1
207 384 1
214 384 1
385 384 1
1173 384 1
207 385 1
214 385 1
384 385 1
1173 385 1
383 386 1
462 386 1
937 386 1
1096 386 1
1244 386 1
61 387 1
754 387 1
769 387 1
1553 387 1
1201 388 1
1202 388 2
1203 388 1
1352 388 1
1353 388 1
1376 388 1
18 389 1
99 389 1
339 389 1
358 389 1
383 390 1
502 390 1
355 391 1
455 391 1
461 391 1
529 391 1
1428 392 1
1429 392 1
1430 392 1
1431 392 1
229 393 1
510 393 1
134 394 2
867 395 2
230 396 1
410 396 2
518 396 1
627 396 1
1171 396 1
1604 396 1
1605 396 1
1606 396 1
33 397 1
41 397 1
61 397 1
93 397 2
367 397 2
454 397 1
571 397 1
881 397 1
883 397 1
888 397 1
1063 397 1
1064 397 1
1265 397 1
1330 397 1
328 398 2
329 398 1
399 398 1
972 398 1
973 398 1
974 398 1
398 399 1
1286 399 1
494 400 1
756 400 1
1236 400 1
919 401 1
1083 401 1
1084 401 1
179 402 1
433 402 1
434 402 1
435 402 1
1503 402 1
1141 403 1
1142 403 1
1143 403 1
1144 403 1
1145 403 1
266 404 1
343 404 1
408 404 1
417 404 4
556 404 2
558 404 1
824 404 1
825 404 1
842 404 1
951 404 1
955 404 1
1315 404 1
1480 404 1
1481 404 1
1482 404 1
248 405 1
530 405 1
134 406 2
356 406 1
468 406 1
1596 406 1
134 407 1
356 407 1
555 407 4
615 407 1
617 407 1
773 407 1
820 407 1
849 407 1
850 407 3
916 407 1
1592 407 1
1593 407 1
1594 407 1
404 408 1
724 409 1
230 410 1
396 410 2
627 410 1
1604 410 1
1605 410 1
1606 410 1
303 411 1
618 411 1
619 411 1
656 411 1
1310 411 1
1311 411 1
1312 411 1
1313 411 1
1314 411 1
2 412 1
1 413 1
2 413 1
210 413 1
1216 414 1
1644 414 1
1645 414 1
879 415 1
1386 416 1
266 417 1
343 417 1
364 417 1
404 417 4
556 417 2
558 417 1
824 417 1
825 417 2
842 417 1
951 417 1
952 417 1
953 417 1
954 417 1
955 417 1
1172 417 1
1315 417 1
1480 417 1
1481 417 1
1482 417 1
628 418 1
1210 418 1
61 419 1
145 419 1
726 419 1
1250 419 2
1252 419 1
169 420 1
421 420 1
1281 420 1
169 421 1
420 421 1
1281 421 1
121 422 1
655 422 1
1584 422 1
1585 422 1
97 423 3
490 423 3
1427 423 3
60 424 1
61 424 1
62 424 1
487 424 1
488 424 1
547 425 1
771 426 1
1105 426 1
1106 426 1
322 427 1
1485 427 1
1486 427 1
240 428 1
928 428 1
1027 428 1
475 429 1
211 430 1
352 430 1
812 430 1
946 431 1
183 432 1
179 433 1
402 433 1
434 433 1
435 433 1
1503 433 1
179 434 1
402 434 1
433 434 1
435 434 1
1503 434 1
179 435 1
402 435 1
433 435 1
434 435 1
1503 435 1
77 436 1
78 436 1
437 436 1
438 436 1
439 436 1
491 436 1
938 436 1
1630 436 1
436 437 1
438 437 1
938 437 1
1630 437 1
436 438 1
437 438 1
938 438 1
1630 438 1
78 439 1
436 439 1
491 439 1
210 440 3
504 440 1
580 440 1
605 440 1
774 440 1
815 440 1
1219 440 1
107 441 1
289 441 1
341 441 1
980 441 1
1107 441 1
1164 441 1
1231 441 1
1232 441 1
1233 441 1
1234 441 1
327 442 1
186 443 1
455 443 1
486 444 1
531 444 1
532 444 2
542 444 1
44 445 3
57 445 2
113 445 1
134 445 1
173 445 1
174 445 1
224 445 1
260 445 1
313 445 1
1104 445 1
1423 445 2
200 446 1
499 446 1
328 447 1
794 448 1
478 449 1
1257 449 3
1258 449 1
209 450 1
301 450 1
451 450 1
186 451 1
209 451 1
301 451 1
450 451 1
455 451 2
622 451 1
623 451 1
1169 451 1
1170 451 1
361 452 2
1126 452 2
363 453 5
1120 453 1
1148 453 2
33 454 1
367 454 1
397 454 1
1063 454 1
1064 454 1
186 455 2
391 455 1
443 455 1
451 455 2
529 455 1
622 455 1
623 455 1
1169 455 1
1170 455 1
610 456 1
611 456 1
1116 456 1
36 457 1
48 457 1
116 457 2
158 457 1
520 457 1
753 457 1
1356 457 1
856 458 1
1247 458 1
28 459 2
50 459 2
68 459 1
75 459 3
127 459 1
160 459 1
460 459 1
480 459 1
813 459 1
827 459 1
1404 459 1
1405 459 2
1445 459 1
1446 459 2
1516 459 1
1517 459 1
1518 459 1
1519 459 1
1520 459 1
1554 459 1
1555 459 1
1556 459 1
28 460 1
160 460 1
459 460 1
480 460 1
1516 460 1
1517 460 1
1518 460 1
1519 460 1
1520 460 1
355 461 1
391 461 1
572 461 1
1253 461 1
386 462 1
134 463 2
172 463 1
173 463 1
174 463 2
918 463 1
1285 463 1
314 464 1
995 464 2
1196 464 1
1197 464 1
27 465 1
90 465 1
25 466 1
39 466 1
296 466 1
1151 466 1
33 467 1
367 467 1
493 467 1
134 468 1
356 468 1
406 468 1
469 468 1
470 468 1
1596 468 1
468 469 1
470 469 1
468 470 1
469 470 1
339 471 2
601 471 2
1042 471 2
1246 472 1
61 473 1
93 473 4
210 473 1
349 473 1
683 473 2
883 473 1
1289 473 1
1290 473 1
1323 473 1
1561 473 1
735 474 1
1300 474 1
1301 474 1
1302 474 1
1303 474 1
429 475 1
203 476 1
215 476 1
1318 476 1
277 477 1
634 477 1
449 478 1
512 478 1
793 478 1
1257 478 1
1258 478 1
200 479 1
209 479 1
28 480 2
68 480 1
160 480 1
459 480 1
460 480 1
1516 480 1
1517 480 1
1518 480 1
1519 480 1
1520 480 1
28 481 1
68 481 2
127 481 1
482 481 1
1080 481 1
28 482 1
68 482 1
127 482 1
481 482 1
1080 482 1
69 483 1
383 483 1
152 484 1
624 484 1
675 484 1
192 485 1
279 485 1
444 486 1
532 486 1
542 486 1
60 487 2
61 487 3
62 487 1
424 487 1
488 487 1
1254 487 1
60 488 1
61 488 3
62 488 3
424 488 1
487 488 1
207 489 1
340 489 1
1511 489 1
24 490 2
25 490 2
42 490 1
97 490 3
297 490 1
307 490 1
312 490 3
423 490 3
552 490 1
680 490 1
696 490 1
748 490 1
975 490 1
1214 490 1
1427 490 3
78 491 1
436 491 1
439 491 1
1308 492 1
33 493 1
367 493 1
467 493 1
139 494 3
223 494 2
334 494 2
400 494 1
1047 494 1
1048 494 1
1049 494 1
1050 494 1
355 495 1
355 496 1
1434 497 1
1435 497 1
1436 497 1
325 498 1
960 498 1
200 499 2
446 499 1
171 500 1
925 500 1
383 501 2
502 501 2
1512 501 1
1513 501 1
1514 501 1
1623 501 1
383 502 4
390 502 1
501 502 2
711 502 1
1107 502 1
1512 502 1
1513 502 1
1514 502 1
1525 502 1
1623 502 1
125 503 1
504 503 1
505 503 1
513 503 1
514 503 1
644 503 1
649 503 1
744 503 1
125 504 1
440 504 1
503 504 1
505 504 1
513 504 1
514 504 1
578 504 1
644 504 1
649 504 1
744 504 1
765 504 1
777 504 1
1219 504 1
1382 504 1
125 505 1
503 505 1
504 505 1
513 505 1
514 505 1
644 505 1
649 505 1
744 505 1
135 506 1
220 506 1
223 506 1
135 507 1
223 507 1
228 507 1
508 507 1
509 507 1
135 508 1
223 508 1
228 508 1
507 508 1
509 508 1
135 509 1
223 509 1
228 509 1
507 509 1
508 509 1
229 510 1
393 510 1
366 511 1
478 512 1
793 512 1
125 513 1
503 513 1
504 513 1
505 513 1
514 513 1
644 513 1
649 513 1
744 513 1
125 514 1
503 514 1
504 514 1
505 514 1
513 514 1
644 514 1
649 514 1
744 514 1
11 515 2
40 515 1
79 515 1
80 515 1
771 515 1
517 516 2
516 517 2
739 517 2
396 518 1
1171 518 1
32 519 1
528 519 1
1191 519 1
36 520 2
48 520 1
116 520 2
158 520 1
457 520 1
753 520 2
860 520 1
1292 521 1
196 522 2
1551 522 1
722 523 1
1140 523 1
217 524 1
273 524 1
526 524 1
636 524 1
1225 524 1
1226 524 1
253 525 3
540 525 1
549 525 2
550 525 1
1470 525 1
217 526 1
273 526 1
524 526 1
636 526 1
1225 526 1
1226 526 1
147 527 1
189 527 1
566 527 1
920 527 1
1159 527 2
1160 527 1
1161 527 1
1607 527 1
32 528 1
519 528 1
391 529 1
455 529 1
248 530 1
405 530 1
444 531 1
532 531 1
444 532 2
486 532 1
531 532 1
542 532 1
762 533 1
261 534 1
632 534 1
378 535 1
1167 535 1
1168 535 1
171 536 1
249 536 1
250 536 1
544 536 1
545 536 1
546 536 1
846 536 1
1420 536 1
889 537 1
1333 537 1
76 538 1
1231 538 1
1350 538 1
154 539 1
253 540 1
525 540 1
1470 540 1
1411 541 1
1412 541 1
1413 541 1
444 542 1
486 542 1
532 542 1
278 543 1
295 543 1
171 544 1
249 544 1
250 544 1
536 544 1
545 544 1
546 544 1
846 544 1
1420 544 1
171 545 1
249 545 1
250 545 1
536 545 1
544 545 1
546 545 1
846 545 1
1420 545 1
171 546 1
249 546 1
250 546 1
536 546 1
544 546 1
545 546 1
846 546 1
1420 546 1
425 547 1
838 548 1
253 549 2
525 549 2
550 549 1
253 550 1
525 550 1
549 550 1
252 551 1
312 552 1
490 552 1
734 553 2
958 553 1
959 553 1
1182 553 1
267 554 1
407 555 4
556 555 1
558 555 1
615 555 1
773 555 1
849 555 2
850 555 3
916 555 1
1459 555 1
1592 555 1
1593 555 1
1594 555 1
1613 555 1
343 556 1
404 556 2
417 556 2
555 556 1
558 556 1
825 556 3
842 556 1
955 556 1
1127 556 1
1459 556 1
1480 556 1
1481 556 1
1482 556 1
1642 556 1
567 557 1
1260 557 1
170 558 1
320 558 1
321 558 7
322 558 1
381 558 4
404 558 1
417 558 1
555 558 1
556 558 1
576 558 1
577 558 1
664 558 1
727 558 3
728 558 3
788 558 1
807 558 2
818 558 1
824 558 1
848 558 1
909 558 1
913 558 1
925 558 1
1058 558 1
1059 558 1
1200 558 1
1204 558 1
1205 558 1
1206 558 1
1315 558 1
1432 558 1
1433 558 1
1459 558 1
1532 558 1
1533 558 1
1534 558 1
570 559 1
1537 559 1
359 560 1
317 561 1
1123 562 1
1124 562 1
323 563 1
259 564 1
586 564 1
587 564 1
1506 564 1
1507 564 1
252 565 1
318 565 1
625 565 1
1643 565 1
147 566 1
189 566 1
527 566 1
1159 566 1
1607 566 1
557 567 1
1260 567 1
620 568 1
621 568 1
626 568 1
945 568 1
1448 568 1
156 569 1
768 569 1
770 569 1
1361 569 1
1362 569 1
559 570 1
1537 570 1
41 571 1
61 571 1
397 571 1
691 571 1
692 571 1
701 571 1
731 571 2
977 571 1
978 571 1
461 572 1
1253 572 1
574 573 1
575 573 1
577 573 1
1204 573 1
1649 573 1
573 574 1
575 574 2
577 574 1
583 574 1
1204 574 1
1649 574 1
573 575 1
574 575 2
577 575 1
583 575 1
1204 575 1
1649 575 1
170 576 1
558 576 1
577 576 1
727 576 1
728 576 1
909 576 1
1567 576 1
321 577 1
558 577 1
573 577 1
574 577 1
575 577 1
576 577 1
727 577 1
1204 577 2
1205 577 1
1206 577 1
1567 577 1
1649 577 1
504 578 1
1382 578 1
1457 579 1
1458 579 1
210 580 1
440 580 1
774 580 1
815 580 1
193 581 3
648 582 1
1081 582 1
242 583 1
574 583 1
575 583 1
1654 583 1
1655 583 1
903 584 1
915 584 1
940 584 1
941 584 1
942 584 1
1558 584 1
3 585 1
259 586 1
564 586 1
587 586 1
1506 586 1
1507 586 1
259 587 1
564 587 1
586 587 1
1506 587 1
1507 587 1
650 588 1
652 588 1
997 588 1
355 589 1
1133 590 1
1134 590 1
1298 591 1
114 592 1
234 592 1
1288 592 1
688 593 1
226 594 1
747 594 1
836 594 1
1101 595 1
1102 595 1
811 596 1
857 596 1
1492 596 1
1493 596 1
1494 596 1
1495 596 1
616 597 1
1410 597 2
17 598 1
99 598 1
339 598 1
383 598 1
681 598 1
1261 599 2
19 600 1
31 600 1
339 601 2
471 601 2
1042 601 2
271 602 1
844 602 1
868 602 1
1541 602 1
639 603 1
745 603 1
764 603 1
799 603 1
605 604 1
607 604 1
1439 604 1
1440 604 1
210 605 1
440 605 1
604 605 1
607 605 1
1439 605 1
1440 605 1
225 606 1
737 606 1
604 607 1
605 607 1
1439 607 1
1440 607 1
1377 608 1
1378 608 1
1380 608 1
1381 608 1
715 609 1
716 609 1
1441 609 1
1442 609 1
1443 609 1
1444 609 1
1489 609 1
1617 609 1
1618 609 1
456 610 1
611 610 1
1116 610 1
456 611 1
610 611 1
1116 611 1
184 612 2
190 612 1
255 612 2
935 612 2
1483 612 1
1595 612 1
944 613 1
1385 614 1
407 615 1
555 615 1
773 615 1
850 615 1
916 615 1
597 616 1
134 617 1
356 617 1
407 617 1
820 617 1
1078 617 1
303 618 1
411 618 1
619 618 1
656 618 1
1310 618 1
1311 618 1
1312 618 1
1313 618 1
1314 618 1
303 619 1
411 619 1
618 619 1
656 619 1
1310 619 1
1311 619 1
1312 619 1
1313 619 1
1314 619 1
568 620 1
621 620 1
626 620 1
945 620 1
1448 620 1
568 621 1
620 621 1
626 621 1
945 621 1
1448 621 1
186 622 1
451 622 1
455 622 1
623 622 1
186 623 1
451 623 1
455 623 1
622 623 1
152 624 1
484 624 1
675 624 1
784 624 1
1297 624 1
252 625 1
318 625 1
565 625 1
568 626 1
620 626 1
621 626 1
945 626 1
1448 626 1
230 627 1
396 627 1
410 627 1
1604 627 1
1605 627 1
1606 627 1
418 628 1
1210 628 1
367 629 1
679 630 1
689 630 1
833 630 1
1535 630 1
222 631 2
261 632 1
534 632 1
674 633 1
687 633 1
277 634 1
477 634 1
1112 635 1
217 636 1
273 636 1
524 636 1
526 636 1
1225 636 1
1226 636 1
1589 637 1
1590 637 1
799 638 1
801 638 1
851 638 1
1566 638 1
603 639 1
745 639 1
764 639 1
799 639 1
268 640 1
831 640 1
1549 640 1
1550 640 1
257 641 1
286 641 1
241 642 1
1071 642 1
1334 643 1
1335 643 1
1336 643 1
1337 643 1
1338 643 1
125 644 1
503 644 1
504 644 1
505 644 1
513 644 1
514 644 1
649 644 1
744 644 1
1227 645 1
1228 645 1
1229 645 1
175 646 1
1609 646 1
1369 647 2
582 648 1
1081 648 2
125 649 1
503 649 1
504 649 1
505 649 1
513 649 1
514 649 1
644 649 1
744 649 1
588 650 1
652 650 1
997 650 1
200 651 1
588 652 1
650 652 1
997 652 1
195 653 2
258 653 4
299 653 4
654 653 4
802 653 2
1461 653 3
72 654 1
195 654 2
258 654 6
299 654 4
653 654 4
802 654 5
976 654 3
1235 654 2
1438 654 1
1461 654 3
121 655 1
422 655 1
1584 655 1
1585 655 1
303 656 1
411 656 1
618 656 1
619 656 1
1310 656 1
1311 656 1
1312 656 1
1313 656 1
1314 656 1
126 657 1
316 657 1
662 657 1
707 657 1
708 657 1
709 657 1
713 657 1
1450 657 1
81 658 1
82 658 1
152 658 1
200 658 1
383 658 4
721 658 1
741 658 2
743 658 1
1062 658 1
1168 658 1
1217 658 2
1218 658 1
1244 658 1
1355 658 1
1407 658 1
1408 658 1
1409 658 1
660 659 1
661 659 1
861 659 1
659 660 1
661 660 1
861 660 1
659 661 1
660 661 1
861 661 1
126 662 1
316 662 1
657 662 1
707 662 1
708 662 1
709 662 1
713 662 1
1450 662 1
730 663 1
1628 663 1
1629 663 1
321 664 1
558 664 1
667 665 1
892 665 1
1365 665 1
725 666 1
832 666 1
665 667 1
892 667 1
1365 667 1
12 668 1
59 668 1
61 668 1
334 669 3
1065 669 1
1129 669 1
62 670 1
1543 670 1
821 671 1
308 672 1
1538 673 1
1539 673 1
633 674 1
687 674 1
152 675 1
484 675 1
624 675 1
302 676 1
677 676 1
302 677 1
676 677 1
714 678 1
1305 678 1
1306 678 1
630 679 1
689 679 1
833 679 1
1535 679 1
42 680 1
297 680 1
307 680 1
490 680 1
748 680 2
1214 680 1
17 681 1
99 681 1
339 681 1
383 681 1
598 681 1
238 682 1
288 682 2
1006 682 1
1007 682 1
1417 682 1
473 683 2
1323 683 1
20 684 1
1066 684 1
1067 684 1
1068 684 1
1069 684 1
1070 684 1
342 685 1
819 686 1
1076 686 1
1077 686 1
1152 686 1
633 687 1
674 687 1
593 688 1
630 689 1
679 689 1
833 689 1
1535 689 1
180 690 1
571 691 1
692 691 1
571 692 1
691 692 1
710 693 1
1632 693 1
1633 693 1
381 694 1
1110 694 1
1199 694 1
696 695 1
490 696 1
695 696 1
975 696 1
315 697 1
1468 697 1
1469 697 1
699 698 1
901 698 1
1451 698 1
1527 698 1
1528 698 1
698 699 1
1527 699 1
1528 699 1
1344 700 1
571 701 1
1025 702 1
383 703 1
830 703 1
52 704 1
178 704 1
979 704 1
288 705 1
922 705 1
1358 706 1
1359 706 1
126 707 1
316 707 1
657 707 1
662 707 1
708 707 1
709 707 1
713 707 1
1450 707 1
126 708 1
316 708 1
657 708 1
662 708 1
707 708 1
709 708 1
713 708 1
1450 708 1
126 709 1
316 709 1
657 709 1
662 709 1
707 709 1
708 709 1
713 709 1
1450 709 1
168 710 1
693 710 1
1391 710 1
1601 710 1
1602 710 1
1603 710 1
1632 710 1
1633 710 1
502 711 1
1107 711 1
1525 711 1
1465 712 1
1466 712 1
126 713 1
316 713 1
657 713 1
662 713 1
707 713 1
708 713 1
709 713 1
1450 713 1
678 714 1
1305 714 1
1306 714 1
609 715 1
716 715 3
1489 715 2
1617 715 1
1618 715 1
609 716 1
715 716 3
1489 716 2
1617 716 1
1618 716 1
718 717 1
1259 717 1
717 718 1
1259 718 1
321 719 1
720 719 1
321 720 2
719 720 1
658 721 1
523 722 1
1140 722 1
285 723 1
1239 723 1
1240 723 1
409 724 1
666 725 1
832 725 1
419 726 1
170 727 1
321 727 1
558 727 3
576 727 1
577 727 1
728 727 1
909 727 1
1204 727 1
1205 727 1
1206 727 1
170 728 1
320 728 1
321 728 1
558 728 3
576 728 1
727 728 1
909 728 1
1058 728 1
781 729 1
883 729 1
1089 729 1
663 730 1
1628 730 1
1629 730 1
571 731 2
977 731 1
978 731 1
211 732 1
773 732 1
1419 732 1
334 733 1
803 733 1
1326 733 1
553 734 2
958 734 1
959 734 1
1182 734 1
474 735 1
1300 735 1
1301 735 1
1302 735 1
1303 735 1
155 736 1
171 736 1
1086 736 1
225 737 1
606 737 1
298 738 1
841 738 1
517 739 2
297 740 2
750 740 2
1416 740 1
383 741 1
658 741 2
1062 741 1
1217 741 1
1218 741 1
360 742 1
1354 742 1
81 743 1
82 743 1
658 743 1
125 744 1
503 744 1
504 744 1
505 744 1
513 744 1
514 744 1
644 744 1
649 744 1
88 745 1
603 745 1
639 745 1
764 745 2
799 745 2
1447 746 1
226 747 1
594 747 1
836 747 1
42 748 1
297 748 1
307 748 1
490 748 1
680 748 2
1214 748 1
785 749 1
990 749 1
297 750 2
740 750 2
1416 750 1
198 751 1
902 751 1
1038 751 1
1351 751 1
36 752 2
48 752 1
120 752 2
310 752 1
311 752 1
757 752 1
758 752 1
816 752 1
36 753 2
48 753 1
116 753 2
158 753 1
457 753 1
520 753 2
860 753 1
387 754 1
769 754 1
800 754 1
1553 754 1
1037 755 1
400 756 1
36 757 1
120 757 1
310 757 1
311 757 1
752 757 1
758 757 1
816 757 1
36 758 1
120 758 1
310 758 1
311 758 1
752 758 1
757 758 1
816 758 1
809 759 1
138 760 1
778 760 1
847 760 1
1582 760 1
1583 760 1
1614 760 1
383 761 1
1218 761 1
1242 761 1
533 762 1
355 763 2
808 763 2
88 764 1
603 764 1
639 764 1
745 764 2
776 764 2
799 764 2
855 764 1
983 764 1
984 764 1
985 764 1
986 764 1
987 764 1
988 764 2
1150 764 1
504 765 1
141 766 1
835 766 1
845 766 2
89 767 1
1635 767 1
1636 767 1
156 768 1
569 768 1
770 768 1
791 768 2
792 768 1
387 769 1
754 769 1
1553 769 1
569 770 1
768 770 1
791 770 1
792 770 1
1361 770 1
1362 770 1
11 771 1
40 771 1
79 771 1
426 771 1
515 771 1
1105 771 1
1106 771 1
1639 772 1
1640 772 1
1641 772 1
46 773 1
211 773 2
407 773 1
555 773 1
615 773 1
732 773 1
850 773 1
916 773 1
1241 773 1
1419 773 1
210 774 1
440 774 1
580 774 1
815 774 1
344 775 1
1230 775 1
764 776 2
855 776 1
983 776 1
984 776 1
985 776 1
986 776 1
987 776 1
988 776 1
504 777 1
760 778 1
354 779 1
74 780 1
153 780 1
729 781 1
883 781 1
1089 781 1
322 782 1
1552 782 1
1568 783 1
1569 783 1
1570 783 1
1571 783 1
1572 783 1
624 784 1
749 785 1
990 785 1
1294 786 1
1295 786 1
265 787 1
829 787 1
321 788 1
381 788 1
558 788 1
1293 789 1
122 790 1
157 790 1
768 791 2
770 791 1
792 791 1
768 792 1
770 792 1
791 792 1
478 793 1
512 793 1
448 794 1
796 795 1
795 796 1
810 796 1
1500 796 1
1529 797 1
1530 797 1
383 798 1
1096 798 1
88 799 1
603 799 1
638 799 1
639 799 1
745 799 2
764 799 2
801 799 1
851 799 1
1566 799 1
754 800 1
638 801 1
799 801 1
851 801 1
1566 801 1
72 802 1
258 802 4
299 802 2
653 802 2
654 802 5
976 802 3
1235 802 1
1461 802 1
334 803 1
733 803 1
1326 803 1
805 804 1
804 805 1
934 806 1
1581 806 1
321 807 2
381 807 2
558 807 2
925 807 1
355 808 2
763 808 2
759 809 1
796 810 1
1500 810 1
138 811 1
596 811 1
857 811 1
1492 811 1
1493 811 1
1494 811 1
1495 811 1
211 812 1
352 812 1
430 812 1
50 813 1
75 813 1
459 813 1
1446 813 1
1554 813 1
1555 813 1
1556 813 1
63 814 1
64 814 1
1113 814 1
210 815 1
440 815 1
580 815 1
774 815 1
36 816 1
120 816 1
310 816 1
311 816 1
752 816 1
757 816 1
758 816 1
1331 817 1
558 818 1
834 818 2
848 818 1
1532 818 1
1533 818 1
1534 818 1
686 819 1
1152 819 1
134 820 1
356 820 1
407 820 1
617 820 1
671 821 1
858 822 2
1319 822 2
81 823 1
82 823 1
1118 823 1
404 824 1
417 824 1
558 824 1
1315 824 1
364 825 1
404 825 1
417 825 2
556 825 3
1127 825 1
1172 825 1
1480 825 1
1481 825 1
1482 825 1
142 826 1
143 826 1
144 826 1
1560 826 1
28 827 1
68 827 1
75 827 1
127 827 1
459 827 1
1404 827 1
1405 827 1
117 828 1
265 829 1
787 829 1
383 830 1
703 830 1
268 831 1
640 831 1
1549 831 1
1550 831 1
666 832 1
725 832 1
630 833 1
679 833 1
689 833 1
1535 833 1
818 834 2
766 835 1
845 835 1
226 836 1
594 836 1
747 836 1
372 837 1
548 838 1
840 839 1
1656 839 1
839 840 1
1656 840 1
298 841 1
738 841 1
343 842 1
404 842 1
417 842 1
556 842 1
955 842 1
1467 843 1
271 844 1
602 844 1
868 844 1
766 845 2
835 845 1
171 846 1
249 846 1
250 846 1
536 846 1
544 846 1
545 846 1
546 846 1
1420 846 1
760 847 1
1437 847 1
1582 847 1
1583 847 1
558 848 1
818 848 1
1532 848 1
1533 848 1
1534 848 1
407 849 1
555 849 2
850 849 1
1613 849 1
407 850 3
555 850 3
615 850 1
773 850 1
849 850 1
916 850 1
1592 850 1
1593 850 1
1594 850 1
638 851 1
799 851 1
801 851 1
1566 851 1
94 852 1
283 852 1
853 852 1
943 852 1
94 853 1
283 853 1
852 853 1
943 853 1
333 854 1
764 855 1
776 855 1
458 856 1
1247 856 1
596 857 1
811 857 1
1492 857 1
1493 857 1
1494 857 1
1495 857 1
822 858 2
1319 858 2
18 859 1
48 859 1
36 860 1
116 860 1
520 860 1
753 860 1
659 861 1
660 861 1
661 861 1
1038 862 2
1125 862 2
1074 863 1
1287 863 1
36 864 2
1510 864 2
1165 865 1
318 866 2
319 866 2
395 867 2
271 868 1
602 868 1
844 868 1
870 869 1
1309 869 1
869 870 1
1309 870 1
899 871 1
1017 871 1
1018 871 1
1012 872 1
1013 872 1
1014 872 1
1449 873 1
989 874 1
180 875 2
1097 875 1
1098 875 1
877 876 1
1100 876 1
876 877 1
1100 877 1
187 878 2
1108 878 1
1109 878 1
1490 878 1
415 879 1
914 880 1
1531 880 1
397 881 1
888 881 1
1072 881 1
1330 881 1
213 882 1
358 882 1
991 882 1
1095 882 1
93 883 1
397 883 1
473 883 1
729 883 1
781 883 1
949 883 1
950 883 1
1089 883 1
1135 883 2
1136 883 1
1137 883 1
1265 883 1
1271 883 1
1272 883 1
1299 883 1
176 884 1
1347 884 1
886 885 1
927 885 2
994 885 1
1035 885 1
1036 885 2
1251 885 1
885 886 1
1317 887 1
397 888 1
881 888 1
1330 888 1
537 889 1
1333 889 1
1004 890 1
900 891 2
665 892 1
667 892 1
1365 892 1
51 893 1
108 893 1
1626 893 1
1627 893 1
362 894 1
896 895 1
895 896 1
898 897 1
1557 897 1
897 898 1
1557 898 1
871 899 1
1017 899 1
1018 899 1
891 900 2
698 901 1
1451 901 1
198 902 1
751 902 1
1038 902 1
1351 902 1
584 903 1
915 903 1
940 903 1
941 903 1
942 903 1
1558 903 1
321 904 1
181 905 1
906 905 1
181 906 1
905 906 1
262 907 1
1275 908 1
170 909 1
558 909 1
576 909 1
727 909 1
728 909 1
289 910 1
911 910 1
912 910 1
289 911 1
910 911 1
912 911 1
289 912 1
910 912 1
911 912 1
558 913 1
880 914 1
1531 914 1
584 915 1
903 915 1
940 915 1
941 915 1
942 915 1
1558 915 1
407 916 1
555 916 1
615 916 1
773 916 1
850 916 1
1426 917 1
134 918 1
172 918 1
174 918 1
463 918 1
1285 918 1
401 919 1
527 920 1
1159 920 1
1160 920 1
1161 920 1
1074 921 1
1075 921 1
288 922 1
705 922 1
926 923 1
1270 923 1
171 924 1
925 924 1
171 925 2
321 925 1
381 925 1
500 925 1
558 925 1
807 925 1
924 925 1
923 926 1
1270 926 1
885 927 2
1035 927 1
1036 927 2
240 928 1
428 928 1
1027 928 1
98 929 1
930 929 1
931 929 1
932 929 1
1544 929 1
98 930 1
929 930 1
931 930 1
932 930 1
1544 930 1
98 931 1
929 931 1
930 931 1
932 931 1
1544 931 1
98 932 1
929 932 1
930 932 1
931 932 1
1544 932 1
318 933 1
1526 933 1
806 934 1
1581 934 1
184 935 2
190 935 1
255 935 2
612 935 2
1483 935 1
1595 935 1
162 936 1
1563 936 1
386 937 1
436 938 1
437 938 1
438 938 1
1630 938 1
1418 939 1
584 940 1
903 940 1
915 940 1
941 940 1
942 940 1
1558 940 1
584 941 1
903 941 1
915 941 1
940 941 1
942 941 1
1558 941 1
584 942 1
903 942 1
915 942 1
940 942 1
941 942 1
1558 942 1
94 943 1
283 943 1
852 943 1
853 943 1
613 944 1
1332 944 1
568 945 1
620 945 1
621 945 1
626 945 1
1448 945 1
431 946 1
948 947 1
947 948 1
883 949 1
950 949 1
883 950 1
949 950 1
266 951 1
404 951 1
417 951 1
417 952 1
953 952 1
954 952 1
417 953 1
952 953 1
954 953 1
417 954 1
952 954 1
953 954 1
343 955 1
404 955 1
417 955 1
556 955 1
842 955 1
957 956 1
956 957 1
553 958 1
734 958 1
959 958 1
553 959 1
734 959 1
958 959 1
325 960 1
498 960 1
12 961 1
13 961 1
12 962 1
35 962 1
237 963 1
328 963 2
965 964 1
964 965 1
328 966 1
967 966 1
328 967 1
966 967 1
969 968 1
970 968 1
971 968 1
968 969 1
970 969 1
971 969 1
968 970 1
969 970 1
971 970 1
968 971 1
969 971 1
970 971 1
328 972 1
329 972 1
398 972 1
973 972 1
974 972 1
328 973 1
329 973 1
398 973 1
972 973 1
974 973 1
328 974 1
329 974 1
398 974 1
972 974 1
973 974 1
490 975 1
696 975 1
72 976 1
258 976 2
654 976 3
802 976 3
1235 976 1
571 977 1
731 977 1
978 977 1
571 978 1
731 978 1
977 978 1
52 979 1
178 979 1
704 979 1
289 980 1
341 980 1
441 980 1
38 981 1
100 981 1
982 981 1
1056 981 1
38 982 1
100 982 1
981 982 1
764 983 1
776 983 1
984 983 1
985 983 1
986 983 1
987 983 1
988 983 1
764 984 1
776 984 1
983 984 1
985 984 1
986 984 1
987 984 1
988 984 1
764 985 1
776 985 1
983 985 1
984 985 1
986 985 1
987 985 1
988 985 1
764 986 1
776 986 1
983 986 1
984 986 1
985 986 1
987 986 1
988 986 1
764 987 1
776 987 1
983 987 1
984 987 1
985 987 1
986 987 1
988 987 1
764 988 2
776 988 1
983 988 1
984 988 1
985 988 1
986 988 1
987 988 1
874 989 1
749 990 1
785 990 1
213 991 1
358 991 1
882 991 1
1095 991 1
139 992 1
334 992 1
993 992 1
139 993 1
334 993 1
992 993 1
885 994 1
314 995 1
464 995 2
1196 995 1
1197 995 1
136 996 1
588 997 1
650 997 1
652 997 1
237 998 1
344 998 2
999 998 1
1000 998 1
1237 998 1
1238 998 1
998 999 1
237 1000 1
344 1000 1
998 1000 1
1002 1001 1
1003 1001 1
1001 1002 1
1003 1002 1
1001 1003 1
1002 1003 1
890 1004 1
318 1005 1
288 1006 1
682 1006 1
1007 1006 1
288 1007 1
682 1007 1
1006 1007 1
1009 1008 1
1010 1008 1
1008 1009 1
1010 1009 1
1008 1010 1
1009 1010 1
318 1011 2
319 1011 2
336 1011 1
872 1012 1
1013 1012 1
1014 1012 1
872 1013 1
1012 1013 1
1014 1013 1
872 1014 1
1012 1014 1
1013 1014 1
194 1015 1
239 1015 1
1016 1015 1
194 1016 1
239 1016 1
1015 1016 1
871 1017 1
899 1017 1
1018 1017 1
871 1018 1
899 1018 1
1017 1018 1
1020 1019 1
1021 1019 1
1019 1020 1
1021 1020 1
1019 1021 1
1020 1021 1
1023 1022 1
1024 1022 1
1022 1023 1
1024 1023 1
1022 1024 1
1023 1024 1
702 1025 1
1099 1025 1
210 1026 2
256 1026 2
240 1027 1
428 1027 1
928 1027 1
364 1028 1
1029 1028 1
364 1029 1
1028 1029 1
1031 1030 1
1032 1030 1
1030 1031 1
1032 1031 1
1030 1032 1
1031 1032 1
134 1033 1
174 1033 1
1034 1033 1
134 1034 1
174 1034 1
1033 1034 1
885 1035 1
927 1035 1
1036 1035 1
885 1036 2
927 1036 2
1035 1036 1
755 1037 1
198 1038 2
751 1038 1
862 1038 2
902 1038 1
1039 1038 1
1125 1038 2
1351 1038 1
198 1039 1
1038 1039 1
334 1040 2
339 1040 1
1041 1040 2
1052 1040 1
9 1041 1
139 1041 1
334 1041 6
339 1041 1
1040 1041 2
1052 1041 1
1129 1041 1
1156 1041 1
339 1042 2
471 1042 2
601 1042 2
1044 1043 1
1045 1043 1
1046 1043 1
1043 1044 1
1045 1044 1
1046 1044 1
1043 1045 1
1044 1045 1
1046 1045 2
1193 1045 1
1194 1045 1
1043 1046 1
1044 1046 1
1045 1046 2
1193 1046 1
1194 1046 1
139 1047 1
494 1047 1
1048 1047 1
1049 1047 1
1050 1047 1
139 1048 1
494 1048 1
1047 1048 1
1049 1048 1
1050 1048 1
139 1049 1
494 1049 1
1047 1049 1
1048 1049 1
1050 1049 1
139 1050 1
494 1050 1
1047 1050 1
1048 1050 1
1049 1050 1
37 1051 1
148 1051 1
334 1052 1
339 1052 1
1040 1052 1
1041 1052 1
1054 1053 1
1053 1054 1
1056 1055 1
981 1056 1
1055 1056 1
200 1057 1
209 1057 1
340 1057 1
321 1058 1
558 1058 1
728 1058 1
321 1059 1
322 1059 2
558 1059 1
357 1060 1
373 1060 1
328 1061 1
658 1062 1
741 1062 1
33 1063 1
367 1063 1
397 1063 1
454 1063 1
1064 1063 1
33 1064 1
367 1064 1
397 1064 1
454 1064 1
1063 1064 1
1087 1064 1
1088 1064 1
334 1065 1
669 1065 1
20 1066 1
684 1066 1
1067 1066 1
1068 1066 1
1069 1066 1
1070 1066 1
20 1067 1
684 1067 1
1066 1067 1
1068 1067 1
1069 1067 1
1070 1067 1
20 1068 1
684 1068 1
1066 1068 1
1067 1068 1
1069 1068 1
1070 1068 1
20 1069 1
684 1069 1
1066 1069 1
1067 1069 1
1068 1069 1
1070 1069 1
20 1070 1
684 1070 1
1066 1070 1
1067 1070 1
1068 1070 1
1069 1070 1
241 1071 1
247 1071 1
642 1071 1
1515 1071 1
881 1072 1
206 1073 1
863 1074 1
921 1074 1
1075 1074 1
1287 1074 1
921 1075 1
1074 1075 1
686 1076 1
1077 1076 1
686 1077 1
1076 1077 1
617 1078 1
365 1079 1
28 1080 1
68 1080 1
127 1080 1
481 1080 1
482 1080 1
582 1081 1
648 1081 2
70 1082 1
401 1083 1
1084 1083 1
401 1084 1
1083 1084 1
115 1085 1
116 1085 1
736 1086 1
1064 1087 1
1088 1087 1
1064 1088 1
1087 1088 1
729 1089 1
781 1089 1
883 1089 1
334 1090 1
339 1090 1
1091 1090 1
1092 1090 1
1093 1090 1
1094 1090 1
334 1091 1
339 1091 1
1090 1091 1
1092 1091 1
1093 1091 1
1094 1091 1
334 1092 1
339 1092 1
1090 1092 1
1091 1092 1
1093 1092 1
1094 1092 1
334 1093 1
339 1093 1
1090 1093 1
1091 1093 1
1092 1093 1
1094 1093 1
334 1094 1
339 1094 1
1090 1094 1
1091 1094 1
1092 1094 1
1093 1094 1
213 1095 1
358 1095 1
882 1095 1
991 1095 1
383 1096 2
386 1096 1
798 1096 1
180 1097 1
875 1097 1
1098 1097 1
180 1098 1
875 1098 1
1097 1098 1
1025 1099 1
876 1100 1
877 1100 1
595 1101 1
1102 1101 1
595 1102 1
1101 1102 1
1104 1103 1
44 1104 1
224 1104 1
445 1104 1
1103 1104 1
426 1105 1
771 1105 1
1106 1105 1
426 1106 1
771 1106 1
1105 1106 1
300 1107 1
441 1107 1
502 1107 1
711 1107 1
1164 1107 1
1525 1107 1
187 1108 1
878 1108 1
1109 1108 1
187 1109 1
878 1109 1
1108 1109 1
233 1110 1
381 1110 1
694 1110 1
1111 1110 1
1199 1110 1
233 1111 1
1110 1111 1
635 1112 1
63 1113 1
64 1113 1
814 1113 1
1115 1114 1
1114 1115 1
456 1116 1
610 1116 1
611 1116 1
7 1117 1
81 1118 1
82 1118 1
823 1118 1
95 1119 1
96 1119 1
363 1120 1
453 1120 1
1121 1120 1
1122 1120 1
1120 1121 1
1122 1121 1
1120 1122 1
1121 1122 1
562 1123 1
1124 1123 1
562 1124 1
1123 1124 1
862 1125 2
1038 1125 2
361 1126 2
452 1126 2
556 1127 1
825 1127 1
334 1128 1
1129 1128 1
334 1129 3
669 1129 1
1041 1129 1
1128 1129 1
86 1130 1
91 1130 1
1131 1130 1
86 1131 1
91 1131 1
1130 1131 1
301 1132 2
590 1133 1
1134 1133 1
590 1134 1
1133 1134 1
883 1135 2
1136 1135 1
1137 1135 1
883 1136 1
1135 1136 1
1137 1136 1
883 1137 1
1135 1137 1
1136 1137 1
85 1138 1
305 1138 1
1139 1138 1
85 1139 2
104 1139 1
105 1139 1
305 1139 1
1138 1139 1
523 1140 1
722 1140 1
403 1141 1
1142 1141 1
1143 1141 1
1144 1141 1
1145 1141 1
403 1142 1
1141 1142 1
1143 1142 1
1144 1142 1
1145 1142 1
403 1143 1
1141 1143 1
1142 1143 1
1144 1143 1
1145 1143 1
403 1144 1
1141 1144 1
1142 1144 1
1143 1144 1
1145 1144 1
403 1145 1
1141 1145 1
1142 1145 1
1143 1145 1
1144 1145 1
1147 1146 1
1146 1147 1
363 1148 2
453 1148 2
326 1149 1
764 1150 1
25 1151 1
39 1151 1
296 1151 1
466 1151 1
686 1152 1
819 1152 1
322 1153 1
1154 1153 1
1155 1153 1
322 1154 1
1153 1154 1
1155 1154 1
322 1155 1
1153 1155 1
1154 1155 1
334 1156 1
1041 1156 1
322 1157 1
374 1157 1
375 1157 1
1158 1157 1
322 1158 1
374 1158 1
375 1158 1
1157 1158 1
147 1159 1
189 1159 1
527 1159 2
566 1159 1
920 1159 1
1160 1159 1
1161 1159 1
1607 1159 1
527 1160 1
920 1160 1
1159 1160 1
1161 1160 1
527 1161 1
920 1161 1
1159 1161 1
1160 1161 1
1163 1162 1
1162 1163 1
441 1164 1
1107 1164 1
865 1165 1
232 1166 1
378 1167 1
535 1167 1
1168 1167 1
200 1168 1
378 1168 1
383 1168 1
535 1168 1
658 1168 1
1167 1168 1
451 1169 1
455 1169 1
1170 1169 1
451 1170 1
455 1170 1
1169 1170 1
396 1171 1
518 1171 1
364 1172 1
417 1172 1
825 1172 1
207 1173 1
214 1173 1
384 1173 1
385 1173 1
233 1174 1
1175 1174 1
1176 1174 1
233 1175 2
1174 1175 1
1176 1175 1
1266 1175 1
233 1176 1
1174 1176 1
1175 1176 1
66 1177 1
67 1177 1
1178 1177 1
1179 1177 1
1180 1177 1
1181 1177 1
66 1178 1
67 1178 1
1177 1178 1
1179 1178 1
1180 1178 1
1181 1178 1
66 1179 1
67 1179 1
1177 1179 1
1178 1179 1
1180 1179 1
1181 1179 1
66 1180 1
67 1180 1
1177 1180 1
1178 1180 1
1179 1180 1
1181 1180 1
66 1181 1
67 1181 1
1177 1181 1
1178 1181 1
1179 1181 1
1180 1181 1
553 1182 1
734 1182 1
1184 1183 1
1185 1183 1
1183 1184 1
1185 1184 1
60 1185 1
1183 1185 1
1184 1185 1
106 1186 1
309 1186 1
1187 1186 1
1188 1186 1
106 1187 1
309 1187 1
1186 1187 1
1188 1187 1
106 1188 1
309 1188 1
1186 1188 1
1187 1188 1
231 1189 1
267 1189 1
318 1190 1
519 1191 1
15 1192 1
1045 1193 1
1046 1193 1
1194 1193 1
1045 1194 1
1046 1194 1
1193 1194 1
1265 1195 1
1348 1195 1
314 1196 1
464 1196 1
995 1196 1
1197 1196 1
314 1197 1
464 1197 1
995 1197 1
1196 1197 1
149 1198 1
171 1198 1
381 1199 2
694 1199 1
1110 1199 1
381 1200 1
558 1200 1
388 1201 1
1202 1201 1
1203 1201 1
388 1202 2
1201 1202 1
1203 1202 1
1352 1202 1
1353 1202 1
388 1203 1
1201 1203 1
1202 1203 1
321 1204 1
558 1204 1
573 1204 1
574 1204 1
575 1204 1
577 1204 2
727 1204 1
1205 1204 1
1206 1204 1
1649 1204 1
321 1205 1
558 1205 1
577 1205 1
727 1205 1
1204 1205 1
1206 1205 1
321 1206 1
558 1206 1
577 1206 1
727 1206 1
1204 1206 1
1205 1206 1
1208 1207 1
1209 1207 1
1207 1208 1
1209 1208 1
1207 1209 1
1208 1209 1
418 1210 1
628 1210 1
293 1211 1
1213 1212 1
1212 1213 1
42 1214 1
297 1214 1
307 1214 1
490 1214 1
680 1214 1
748 1214 1
84 1215 1
414 1216 1
383 1217 1
658 1217 2
741 1217 1
1218 1217 1
1407 1217 1
1408 1217 1
1409 1217 1
383 1218 3
658 1218 1
741 1218 1
761 1218 1
1217 1218 1
1242 1218 1
440 1219 1
504 1219 1
216 1220 1
1222 1221 1
1223 1221 1
1221 1222 1
1223 1222 1
1221 1223 1
1222 1223 1
359 1224 1
360 1224 1
217 1225 1
273 1225 1
524 1225 1
526 1225 1
636 1225 1
1226 1225 1
217 1226 1
273 1226 1
524 1226 1
526 1226 1
636 1226 1
1225 1226 1
645 1227 1
1228 1227 1
1229 1227 1
645 1228 1
1227 1228 1
1229 1228 1
645 1229 1
1227 1229 1
1228 1229 1
344 1230 1
775 1230 1
76 1231 1
107 1231 1
441 1231 1
538 1231 1
1232 1231 1
1233 1231 1
1234 1231 1
1350 1231 1
107 1232 1
441 1232 1
1231 1232 1
1233 1232 1
1234 1232 1
107 1233 1
441 1233 1
1231 1233 1
1232 1233 1
1234 1233 1
107 1234 1
441 1234 1
1231 1234 1
1232 1234 1
1233 1234 1
654 1235 2
802 1235 1
976 1235 1
1438 1235 1
400 1236 1
998 1237 1
1238 1237 1
998 1238 1
1237 1238 1
285 1239 1
723 1239 1
1240 1239 1
285 1240 1
723 1240 1
1239 1240 1
46 1241 1
211 1241 1
773 1241 1
383 1242 1
761 1242 1
1218 1242 1
383 1243 3
383 1244 2
386 1244 1
658 1244 1
369 1245 1
472 1246 1
458 1247 1
856 1247 1
1249 1248 1
1248 1249 1
419 1250 2
1252 1250 1
885 1251 1
419 1252 1
1250 1252 1
461 1253 1
572 1253 1
60 1254 1
61 1254 1
487 1254 1
1256 1255 1
1255 1256 1
449 1257 3
478 1257 1
1258 1257 1
449 1258 1
478 1258 1
1257 1258 1
717 1259 1
718 1259 1
557 1260 1
567 1260 1
599 1261 2
1263 1262 1
1264 1262 1
1265 1262 1
1262 1263 1
1264 1263 1
1265 1263 1
1262 1264 1
1263 1264 1
1265 1264 1
397 1265 1
883 1265 1
1195 1265 1
1262 1265 1
1263 1265 1
1264 1265 1
1348 1265 1
233 1266 1
1175 1266 1
358 1267 1
1268 1267 1
1269 1267 1
358 1268 1
1267 1268 1
1269 1268 1
358 1269 1
1267 1269 1
1268 1269 1
923 1270 1
926 1270 1
883 1271 1
1272 1271 1
883 1272 1
1271 1272 1
1274 1273 1
1273 1274 1
908 1275 1
1277 1276 1
1276 1277 1
167 1278 1
1280 1279 1
1279 1280 1
169 1281 1
420 1281 1
421 1281 1
1283 1282 1
1284 1282 1
1282 1283 1
1284 1283 1
1282 1284 1
1283 1284 1
134 1285 1
172 1285 1
174 1285 1
463 1285 1
918 1285 1
399 1286 1
863 1287 1
1074 1287 1
114 1288 1
234 1288 1
592 1288 1
473 1289 1
1290 1289 1
473 1290 1
1289 1290 1
282 1291 1
291 1291 1
521 1292 1
789 1293 1
786 1294 1
1295 1294 1
786 1295 1
1294 1295 1
336 1296 2
337 1296 2
624 1297 1
591 1298 1
1316 1298 1
883 1299 1
474 1300 1
735 1300 1
1301 1300 1
1302 1300 1
1303 1300 1
474 1301 1
735 1301 1
1300 1301 1
1302 1301 1
1303 1301 1
474 1302 1
735 1302 1
1300 1302 1
1301 1302 1
1303 1302 1
474 1303 1
735 1303 1
1300 1303 1
1301 1303 1
1302 1303 1
21 1304 1
678 1305 1
714 1305 1
1306 1305 1
678 1306 1
714 1306 1
1305 1306 1
100 1307 1
492 1308 1
869 1309 1
870 1309 1
303 1310 1
411 1310 1
618 1310 1
619 1310 1
656 1310 1
1311 1310 1
1312 1310 1
1313 1310 1
1314 1310 1
303 1311 1
411 1311 1
618 1311 1
619 1311 1
656 1311 1
1310 1311 1
1312 1311 1
1313 1311 1
1314 1311 1
303 1312 1
411 1312 1
618 1312 1
619 1312 1
656 1312 1
1310 1312 1
1311 1312 1
1313 1312 1
1314 1312 1
303 1313 1
411 1313 1
618 1313 1
619 1313 1
656 1313 1
1310 1313 1
1311 1313 1
1312 1313 1
1314 1313 1
303 1314 1
411 1314 1
618 1314 1
619 1314 1
656 1314 1
1310 1314 1
1311 1314 1
1312 1314 1
1313 1314 1
404 1315 1
417 1315 1
558 1315 1
824 1315 1
1298 1316 1
887 1317 1
203 1318 1
215 1318 1
476 1318 1
822 1319 2
858 1319 2
1321 1320 1
1322 1320 1
1320 1321 1
1322 1321 1
1320 1322 1
1321 1322 1
473 1323 1
683 1323 1
1328 1324 1
1329 1324 1
150 1325 1
151 1325 1
139 1326 1
334 1326 2
733 1326 1
803 1326 1
73 1327 1
1324 1328 1
1324 1329 1
397 1330 1
881 1330 1
888 1330 1
817 1331 1
944 1332 1
537 1333 1
889 1333 1
643 1334 1
1335 1334 1
1336 1334 1
1337 1334 1
1338 1334 1
643 1335 1
1334 1335 1
1336 1335 1
1337 1335 1
1338 1335 1
643 1336 1
1334 1336 1
1335 1336 1
1337 1336 1
1338 1336 1
643 1337 1
1334 1337 1
1335 1337 1
1336 1337 1
1338 1337 1
643 1338 1
1334 1338 1
1335 1338 1
1336 1338 1
1337 1338 1
334 1339 1
370 1340 1
1342 1341 1
1343 1341 1
1341 1342 1
1343 1342 1
1341 1343 1
1342 1343 1
700 1344 1
343 1345 1
344 1345 1
1346 1345 1
343 1346 1
344 1346 1
1345 1346 1
176 1347 1
884 1347 1
1195 1348 1
1265 1348 1
138 1349 1
139 1349 1
363 1349 1
383 1349 1
76 1350 1
538 1350 1
1231 1350 1
198 1351 1
751 1351 1
902 1351 1
1038 1351 1
388 1352 1
1202 1352 1
1353 1352 1
388 1353 1
1202 1353 1
1352 1353 1
360 1354 1
742 1354 1
383 1355 1
658 1355 1
116 1356 1
457 1356 1
327 1357 1
706 1358 1
1359 1358 1
706 1359 1
1358 1359 1
328 1360 1
569 1361 1
770 1361 1
1362 1361 1
569 1362 1
770 1362 1
1361 1362 1
18 1363 1
22 1363 1
1364 1363 1
18 1364 1
22 1364 1
1363 1364 1
665 1365 1
667 1365 1
892 1365 1
383 1366 1
1368 1367 1
1367 1368 1
647 1369 2
14 1370 1
227 1370 1
367 1370 1
371 1370 1
1371 1370 1
14 1371 1
227 1371 1
367 1371 1
371 1371 1
1370 1371 1
367 1372 1
1374 1373 1
1375 1373 1
1373 1374 1
1375 1374 1
1373 1375 1
1374 1375 1
388 1376 1
608 1377 1
1378 1377 1
608 1378 1
1377 1378 1
177 1379 1
306 1379 1
608 1380 1
1381 1380 1
608 1381 1
1380 1381 1
504 1382 1
578 1382 1
1384 1383 1
1383 1384 1
614 1385 1
416 1386 1
235 1387 1
377 1387 1
355 1388 1
318 1389 1
1390 1389 1
318 1390 1
1389 1390 1
168 1391 1
710 1391 1
1393 1392 1
1392 1393 1
1395 1394 1
1396 1394 1
1397 1394 1
1398 1394 1
1394 1395 1
1396 1395 1
1397 1395 1
1398 1395 1
1394 1396 1
1395 1396 1
1397 1396 1
1398 1396 1
1394 1397 1
1395 1397 1
1396 1397 1
1398 1397 1
1394 1398 1
1395 1398 1
1396 1398 1
1397 1398 1
214 1399 1
103 1400 1
376 1401 1
1402 1401 1
1403 1401 1
376 1402 2
1401 1402 1
1403 1402 2
1545 1402 1
1546 1402 1
1547 1402 1
376 1403 2
1401 1403 1
1402 1403 2
1545 1403 1
1546 1403 1
1547 1403 1
28 1404 1
68 1404 1
75 1404 1
127 1404 1
459 1404 1
827 1404 1
1405 1404 1
28 1405 1
50 1405 1
68 1405 1
75 1405 2
127 1405 1
459 1405 2
827 1405 1
1404 1405 1
1445 1405 1
1446 1405 1
270 1406 1
658 1407 1
1217 1407 1
1408 1407 1
1409 1407 1
658 1408 1
1217 1408 1
1407 1408 1
1409 1408 1
658 1409 1
1217 1409 1
1407 1409 1
1408 1409 1
597 1410 2
541 1411 1
1412 1411 1
1413 1411 1
541 1412 1
1411 1412 1
1413 1412 1
541 1413 1
1411 1413 1
1412 1413 1
353 1414 1
254 1415 1
297 1416 1
740 1416 1
750 1416 1
238 1417 1
288 1417 1
682 1417 1
939 1418 1
211 1419 1
732 1419 1
773 1419 1
171 1420 1
249 1420 1
250 1420 1
536 1420 1
544 1420 1
545 1420 1
546 1420 1
846 1420 1
1422 1421 1
1421 1422 1
134 1423 1
173 1423 1
174 1423 1
445 1423 2
1425 1424 1
1424 1425 1
917 1426 1
97 1427 3
423 1427 3
490 1427 3
392 1428 1
1429 1428 1
1430 1428 1
1431 1428 1
392 1429 1
1428 1429 1
1430 1429 1
1431 1429 1
392 1430 1
1428 1430 1
1429 1430 1
1431 1430 1
392 1431 1
1428 1431 1
1429 1431 1
1430 1431 1
558 1432 1
1433 1432 1
558 1433 1
1432 1433 1
497 1434 1
1435 1434 1
1436 1434 1
497 1435 1
1434 1435 1
1436 1435 1
497 1436 1
1434 1436 1
1435 1436 1
847 1437 1
654 1438 1
1235 1438 1
604 1439 1
605 1439 1
607 1439 1
1440 1439 1
604 1440 1
605 1440 1
607 1440 1
1439 1440 1
609 1441 1
1442 1441 1
1443 1441 1
1444 1441 1
609 1442 1
1441 1442 1
1443 1442 1
1444 1442 1
609 1443 1
1441 1443 1
1442 1443 1
1444 1443 1
609 1444 1
1441 1444 1
1442 1444 1
1443 1444 1
28 1445 1
50 1445 1
75 1445 1
160 1445 1
459 1445 1
1405 1445 1
1446 1445 1
50 1446 2
75 1446 2
459 1446 2
813 1446 1
1405 1446 1
1445 1446 1
1554 1446 1
1555 1446 1
1556 1446 1
746 1447 1
568 1448 1
620 1448 1
621 1448 1
626 1448 1
945 1448 1
873 1449 1
126 1450 1
316 1450 1
657 1450 1
662 1450 1
707 1450 1
708 1450 1
709 1450 1
713 1450 1
698 1451 1
901 1451 1
348 1452 1
1453 1452 1
348 1453 1
1452 1453 1
1455 1454 1
1456 1454 1
1454 1455 1
1456 1455 2
1508 1455 1
1509 1455 1
1454 1456 1
1455 1456 2
1508 1456 1
1509 1456 1
579 1457 1
1458 1457 1
579 1458 1
1457 1458 1
555 1459 1
556 1459 1
558 1459 1
165 1460 1
166 1460 1
195 1461 2
258 1461 3
299 1461 3
653 1461 3
654 1461 3
802 1461 1
1463 1462 1
1462 1463 1
199 1464 1
712 1465 1
1466 1465 1
712 1466 1
1465 1466 1
843 1467 1
315 1468 1
697 1468 1
1469 1468 1
315 1469 1
697 1469 1
1468 1469 1
253 1470 1
525 1470 1
540 1470 1
292 1471 1
142 1472 1
143 1472 1
1473 1472 1
1474 1472 1
1475 1472 1
1476 1472 1
142 1473 1
143 1473 1
1472 1473 1
1474 1473 1
1475 1473 1
1476 1473 1
142 1474 1
143 1474 1
1472 1474 1
1473 1474 1
1475 1474 1
1476 1474 1
142 1475 1
143 1475 1
1472 1475 1
1473 1475 1
1474 1475 1
1476 1475 1
142 1476 1
143 1476 1
1472 1476 1
1473 1476 1
1474 1476 1
1475 1476 1
182 1477 1
205 1478 1
1479 1478 1
205 1479 1
1478 1479 1
404 1480 1
417 1480 1
556 1480 1
825 1480 1
1481 1480 1
1482 1480 1
404 1481 1
417 1481 1
556 1481 1
825 1481 1
1480 1481 1
1482 1481 1
404 1482 1
417 1482 1
556 1482 1
825 1482 1
1480 1482 1
1481 1482 1
184 1483 1
255 1483 1
612 1483 1
935 1483 1
67 1484 1
159 1484 1
161 1484 1
322 1485 1
427 1485 1
1486 1485 1
322 1486 1
427 1486 1
1485 1486 1
49 1487 1
55 1487 1
56 1487 1
58 1487 1
1488 1487 1
49 1488 1
55 1488 1
56 1488 1
58 1488 1
1487 1488 1
609 1489 1
715 1489 2
716 1489 2
1617 1489 1
1618 1489 1
187 1490 1
878 1490 1
345 1491 1
596 1492 1
811 1492 1
857 1492 1
1493 1492 1
1494 1492 1
1495 1492 1
596 1493 1
811 1493 1
857 1493 1
1492 1493 1
1494 1493 1
1495 1493 1
596 1494 1
811 1494 1
857 1494 1
1492 1494 1
1493 1494 1
1495 1494 1
596 1495 1
811 1495 1
857 1495 1
1492 1495 1
1493 1495 1
1494 1495 1
1497 1496 1
1496 1497 1
1499 1498 1
1498 1499 1
796 1500 1
810 1500 1
264 1501 1
287 1501 1
1502 1501 1
246 1502 1
264 1502 1
287 1502 1
1501 1502 1
1611 1502 1
1612 1502 1
179 1503 1
402 1503 1
433 1503 1
434 1503 1
435 1503 1
251 1504 1
263 1504 1
1505 1504 1
251 1505 1
263 1505 1
1504 1505 1
259 1506 1
564 1506 1
586 1506 1
587 1506 1
1507 1506 1
259 1507 1
564 1507 1
586 1507 1
587 1507 1
1506 1507 1
1455 1508 1
1456 1508 1
1509 1508 1
1455 1509 1
1456 1509 1
1508 1509 1
36 1510 2
864 1510 2
207 1511 1
340 1511 1
489 1511 1
383 1512 1
501 1512 1
502 1512 1
1513 1512 1
1514 1512 1
383 1513 1
501 1513 1
502 1513 1
1512 1513 1
1514 1513 1
383 1514 1
501 1514 1
502 1514 1
1512 1514 1
1513 1514 1
247 1515 1
1071 1515 1
28 1516 1
160 1516 1
459 1516 1
460 1516 1
480 1516 1
1517 1516 1
1518 1516 1
1519 1516 1
1520 1516 1
28 1517 1
160 1517 1
459 1517 1
460 1517 1
480 1517 1
1516 1517 1
1518 1517 1
1519 1517 1
1520 1517 1
28 1518 1
160 1518 1
459 1518 1
460 1518 1
480 1518 1
1516 1518 1
1517 1518 1
1519 1518 1
1520 1518 1
28 1519 1
160 1519 1
459 1519 1
460 1519 1
480 1519 1
1516 1519 1
1517 1519 1
1518 1519 1
1520 1519 1
28 1520 1
160 1520 1
459 1520 1
460 1520 1
480 1520 1
1516 1520 1
1517 1520 1
1518 1520 1
1519 1520 1
53 1521 1
54 1521 1
47 1522 1
229 1522 1
1523 1522 1
1524 1522 1
47 1523 1
229 1523 1
1522 1523 1
1524 1523 1
47 1524 1
229 1524 1
1522 1524 1
1523 1524 1
502 1525 1
711 1525 1
1107 1525 1
318 1526 1
933 1526 1
698 1527 1
699 1527 1
1528 1527 1
698 1528 1
699 1528 1
1527 1528 1
797 1529 1
1530 1529 1
797 1530 1
1529 1530 1
880 1531 1
914 1531 1
558 1532 1
818 1532 1
848 1532 1
1533 1532 1
1534 1532 1
558 1533 1
818 1533 1
848 1533 1
1532 1533 1
1534 1533 1
558 1534 1
818 1534 1
848 1534 1
1532 1534 1
1533 1534 1
630 1535 1
679 1535 1
689 1535 1
833 1535 1
45 1536 1
335 1536 1
559 1537 1
570 1537 1
673 1538 1
1539 1538 1
673 1539 1
1538 1539 1
12 1540 1
602 1541 1
321 1542 1
670 1543 1
98 1544 1
929 1544 1
930 1544 1
931 1544 1
932 1544 1
376 1545 1
1402 1545 1
1403 1545 1
1546 1545 1
1547 1545 1
376 1546 1
1402 1546 1
1403 1546 1
1545 1546 1
1547 1546 1
376 1547 1
1402 1547 1
1403 1547 1
1545 1547 1
1546 1547 1
207 1548 1
268 1549 1
640 1549 1
831 1549 1
1550 1549 1
268 1550 1
640 1550 1
831 1550 1
1549 1550 1
196 1551 1
522 1551 1
322 1552 1
782 1552 1
387 1553 1
754 1553 1
769 1553 1
50 1554 1
75 1554 1
459 1554 1
813 1554 1
1446 1554 1
1555 1554 1
1556 1554 1
50 1555 1
75 1555 1
459 1555 1
813 1555 1
1446 1555 1
1554 1555 1
1556 1555 1
50 1556 1
75 1556 1
459 1556 1
813 1556 1
1446 1556 1
1554 1556 1
1555 1556 1
897 1557 1
898 1557 1
584 1558 1
903 1558 1
915 1558 1
940 1558 1
941 1558 1
942 1558 1
372 1559 1
142 1560 1
143 1560 1
144 1560 1
826 1560 1
473 1561 1
229 1562 1
162 1563 1
936 1563 1
289 1564 1
1565 1564 1
289 1565 1
1564 1565 1
638 1566 1
799 1566 1
801 1566 1
851 1566 1
576 1567 1
577 1567 1
783 1568 1
1569 1568 1
1570 1568 1
1571 1568 1
1572 1568 1
783 1569 1
1568 1569 1
1570 1569 1
1571 1569 1
1572 1569 1
783 1570 1
1568 1570 1
1569 1570 1
1571 1570 1
1572 1570 1
783 1571 1
1568 1571 1
1569 1571 1
1570 1571 1
1572 1571 1
783 1572 1
1568 1572 1
1569 1572 1
1570 1572 1
1571 1572 1
1574 1573 1
1575 1573 1
1576 1573 1
1577 1573 1
1578 1573 1
1579 1573 1
1580 1573 1
1573 1574 1
1575 1574 1
1576 1574 1
1577 1574 1
1578 1574 1
1579 1574 1
1580 1574 1
1573 1575 1
1574 1575 1
1576 1575 1
1577 1575 1
1578 1575 1
1579 1575 1
1580 1575 1
1573 1576 1
1574 1576 1
1575 1576 1
1577 1576 1
1578 1576 1
1579 1576 1
1580 1576 1
1573 1577 1
1574 1577 1
1575 1577 1
1576 1577 1
1578 1577 1
1579 1577 1
1580 1577 1
1573 1578 1
1574 1578 1
1575 1578 1
1576 1578 1
1577 1578 1
1579 1578 1
1580 1578 1
1573 1579 1
1574 1579 1
1575 1579 1
1576 1579 1
1577 1579 1
1578 1579 1
1580 1579 1
1573 1580 1
1574 1580 1
1575 1580 1
1576 1580 1
1577 1580 1
1578 1580 1
1579 1580 1
806 1581 1
934 1581 1
760 1582 1
847 1582 1
1583 1582 1
760 1583 1
847 1583 1
1582 1583 1
121 1584 1
422 1584 1
655 1584 1
1585 1584 1
121 1585 1
422 1585 1
655 1585 1
1584 1585 1
1587 1586 2
1588 1586 1
1610 1586 1
1586 1587 2
1588 1587 1
1586 1588 1
1587 1588 1
637 1589 1
1590 1589 1
637 1590 1
1589 1590 1
383 1591 1
407 1592 1
555 1592 1
850 1592 1
1593 1592 1
1594 1592 1
407 1593 1
555 1593 1
850 1593 1
1592 1593 1
1594 1593 1
407 1594 1
555 1594 1
850 1594 1
1592 1594 1
1593 1594 1
184 1595 1
190 1595 1
255 1595 1
612 1595 1
935 1595 1
134 1596 1
356 1596 1
406 1596 1
468 1596 1
185 1597 1
1598 1597 1
1599 1597 1
1600 1597 1
185 1598 1
1597 1598 1
1599 1598 1
1600 1598 1
185 1599 1
1597 1599 1
1598 1599 1
1600 1599 1
185 1600 1
1597 1600 1
1598 1600 1
1599 1600 1
710 1601 1
1602 1601 1
1603 1601 1
710 1602 1
1601 1602 1
1603 1602 1
710 1603 1
1601 1603 1
1602 1603 1
230 1604 1
396 1604 1
410 1604 1
627 1604 1
1605 1604 1
1606 1604 1
230 1605 1
396 1605 1
410 1605 1
627 1605 1
1604 1605 1
1606 1605 1
230 1606 1
396 1606 1
410 1606 1
627 1606 1
1604 1606 1
1605 1606 1
147 1607 1
189 1607 1
527 1607 1
566 1607 1
1159 1607 1
159 1608 1
175 1609 1
646 1609 1
1586 1610 1
246 1611 1
1502 1611 1
1612 1611 1
246 1612 1
1502 1612 1
1611 1612 1
555 1613 1
849 1613 1
138 1614 1
760 1614 1
43 1615 1
163 1615 1
164 1615 1
139 1616 1
334 1616 1
609 1617 1
715 1617 1
716 1617 1
1489 1617 1
1618 1617 1
609 1618 1
715 1618 1
716 1618 1
1489 1618 1
1617 1618 1
1620 1619 1
1621 1619 1
1622 1619 1
1619 1620 1
1621 1620 1
1622 1620 1
1619 1621 1
1620 1621 1
1622 1621 1
1619 1622 1
1620 1622 1
1621 1622 1
383 1623 1
501 1623 1
502 1623 1
380 1624 1
1625 1624 1
380 1625 1
1624 1625 1
51 1626 1
108 1626 1
893 1626 1
1627 1626 1
51 1627 1
108 1627 1
893 1627 1
1626 1627 1
663 1628 1
730 1628 1
1629 1628 1
663 1629 1
730 1629 1
1628 1629 1
436 1630 1
437 1630 1
438 1630 1
938 1630 1
112 1631 1
693 1632 1
710 1632 1
1633 1632 1
693 1633 1
710 1633 1
1632 1633 1
245 1634 1
272 1634 1
89 1635 1
767 1635 1
1636 1635 1
89 1636 1
767 1636 1
1635 1636 1
30 1637 1
159 1637 1
1638 1637 1
30 1638 1
159 1638 1
1637 1638 1
772 1639 1
1640 1639 1
1641 1639 1
772 1640 1
1639 1640 1
1641 1640 1
772 1641 1
1639 1641 1
1640 1641 1
556 1642 1
565 1643 1
414 1644 1
1645 1644 1
414 1645 1
1644 1645 1
225 1646 1
294 1647 1
383 1648 1
573 1649 1
574 1649 1
575 1649 1
577 1649 1
1204 1649 1
1651 1650 1
1650 1651 1
1653 1652 1
1652 1653 1
242 1654 1
583 1654 1
1655 1654 1
242 1655 1
583 1655 1
1654 1655 1
839 1656 1
840 1656 1
