5 1 1
8 1 1
35 1 1
36 1 1
56 1 1
293 1 1
130 2 1
395 2 1
369 3 1
495 3 1
665 4 1
666 4 1
1 5 1
8 5 1
35 5 1
36 5 1
56 5 1
293 5 1
31 6 1
55 7 1
1 8 1
5 8 1
35 8 1
36 8 1
56 8 1
293 8 1
290 9 1
16 10 1
62 10 1
394 10 1
70 11 1
71 11 1
44 12 1
72 12 1
537 12 1
597 12 1
598 12 1
622 12 1
623 12 1
54 13 2
118 13 1
387 13 2
388 13 2
411 14 1
481 14 1
569 14 1
114 15 1
10 16 1
302 16 1
404 17 1
613 17 1
500 18 1
535 19 1
303 20 2
309 20 1
469 20 1
677 20 1
48 21 1
676 21 1
189 22 1
295 22 1
398 22 1
547 22 1
155 23 1
592 23 1
197 24 1
199 24 1
253 25 1
393 25 1
97 26 1
271 26 1
39 27 1
304 28 1
308 28 1
323 28 1
348 29 1
111 30 1
6 31 1
168 32 1
229 32 1
254 32 1
352 33 1
366 33 1
380 33 1
418 33 1
669 33 1
104 34 1
170 34 1
352 34 1
459 34 1
497 34 1
525 34 1
1 35 1
5 35 1
8 35 1
36 35 1
56 35 1
293 35 1
1 36 1
5 36 1
8 36 1
35 36 1
56 36 1
293 36 1
284 37 1
136 38 2
234 38 1
600 38 1
678 38 1
27 39 1
220 40 1
544 41 1
247 42 1
197 43 1
297 43 1
12 44 1
537 44 1
562 44 1
75 45 1
236 45 1
252 45 1
422 46 1
430 46 1
180 47 1
21 48 1
676 48 1
105 49 1
114 49 1
55 50 1
124 50 1
142 50 1
172 50 1
316 50 1
237 51 1
299 51 1
53 52 1
524 52 1
52 53 1
524 53 1
13 54 2
118 54 3
251 54 2
258 54 1
274 54 1
382 54 1
484 54 1
532 54 1
637 54 1
7 55 1
50 55 1
1 56 1
5 56 1
8 56 1
35 56 1
36 56 1
293 56 1
219 57 1
73 58 1
294 59 1
114 60 1
439 60 1
450 60 1
194 61 1
650 61 1
10 62 1
394 62 1
108 63 1
172 63 1
316 64 1
526 65 1
118 66 1
89 67 1
95 68 1
99 69 1
158 69 1
11 70 1
71 70 1
81 70 1
123 70 1
245 70 1
606 70 2
11 71 1
70 71 1
12 72 1
597 72 1
598 72 1
58 73 1
599 74 1
45 75 1
189 75 1
331 75 1
335 75 1
340 75 1
489 76 2
534 76 1
572 76 1
188 77 1
370 77 1
480 78 1
631 78 1
581 79 1
550 80 1
70 81 1
245 81 1
141 82 1
593 83 1
137 84 1
204 85 1
249 86 1
182 87 1
608 87 1
485 88 1
67 89 1
490 89 1
384 90 1
663 91 1
317 92 1
320 92 1
376 93 1
96 94 1
478 94 1
496 94 1
68 95 1
94 96 1
478 96 1
496 96 1
26 97 1
248 97 1
264 97 2
265 97 1
271 97 1
664 98 1
69 99 1
158 99 1
318 100 1
428 100 1
223 101 1
372 102 1
151 103 1
266 103 1
267 103 1
513 103 1
514 103 1
515 103 1
34 104 1
170 104 1
497 104 1
49 105 1
114 105 1
585 106 1
203 107 1
326 107 1
679 107 1
680 107 1
681 107 1
63 108 1
155 108 1
172 108 1
190 108 1
260 109 1
360 109 1
146 110 1
30 111 1
199 112 1
306 112 1
183 113 1
184 113 1
344 113 1
540 113 1
541 113 1
15 114 1
49 114 1
60 114 1
105 114 1
439 114 1
450 114 1
230 115 1
555 115 1
558 116 1
441 117 1
13 118 1
54 118 3
66 118 1
387 118 1
233 119 1
336 120 1
377 120 1
383 120 1
461 120 1
618 120 1
362 121 1
582 121 1
148 122 1
173 122 1
70 123 1
50 124 1
142 124 1
172 124 1
250 124 1
543 124 1
630 124 1
268 125 1
521 125 1
215 126 1
408 126 1
147 127 1
179 128 3
402 128 1
419 128 2
436 128 1
578 128 1
191 129 1
305 129 1
344 129 1
367 129 1
433 129 1
2 130 1
206 130 1
395 130 1
171 131 1
239 131 2
246 131 2
334 131 1
624 131 1
133 132 1
499 132 1
132 133 1
499 133 1
332 134 1
412 134 1
250 135 1
417 135 1
670 135 1
671 135 1
38 136 2
84 137 1
368 137 1
682 137 1
589 138 1
140 139 1
217 139 1
332 139 2
420 139 2
523 139 1
626 139 1
139 140 1
523 140 1
82 141 1
206 141 1
300 141 1
365 141 1
375 141 1
399 141 1
400 141 1
415 141 1
571 141 1
655 141 1
50 142 1
124 142 1
160 143 1
357 143 1
207 144 1
208 144 1
209 144 1
591 145 1
110 146 1
127 147 1
542 147 1
122 148 1
173 148 1
262 149 1
350 149 1
261 150 1
607 150 1
103 151 1
266 151 2
267 151 1
513 151 1
514 151 1
515 151 1
586 152 1
328 153 1
329 153 1
620 153 1
576 154 1
23 155 1
108 155 1
190 155 1
592 155 1
219 156 1
210 157 1
333 157 1
435 157 1
69 158 1
99 158 1
653 159 1
143 160 1
357 160 1
162 161 1
423 161 1
425 161 1
427 161 1
440 161 1
161 162 1
179 162 1
425 162 1
590 162 1
456 163 2
457 163 1
493 163 1
494 163 1
647 164 1
282 165 1
283 165 2
362 165 3
380 165 1
401 165 1
458 165 1
559 165 2
560 165 1
651 165 1
373 166 1
588 166 1
181 167 1
32 168 1
194 168 1
229 168 2
254 168 1
486 169 1
34 170 1
104 170 1
488 170 1
497 170 1
131 171 1
334 171 1
50 172 1
63 172 1
108 172 1
124 172 1
543 172 1
122 173 1
148 173 1
175 174 1
397 174 1
174 175 1
176 175 1
292 175 2
397 175 1
639 175 2
175 176 1
359 177 1
321 178 1
570 178 1
128 179 3
162 179 1
402 179 1
419 179 1
436 179 1
590 179 1
47 180 1
167 181 1
315 181 1
437 181 1
438 181 1
482 181 1
491 181 1
492 181 1
516 181 1
87 182 1
608 182 1
113 183 1
344 183 1
113 184 1
354 184 1
444 184 2
463 184 1
540 184 1
541 184 1
575 184 1
627 184 1
638 185 1
642 185 1
658 185 1
213 186 1
596 187 1
77 188 1
347 188 1
352 188 1
363 188 1
22 189 1
75 189 1
295 189 1
331 189 1
335 189 1
340 189 1
398 189 1
547 189 1
108 190 1
155 190 1
129 191 1
628 192 1
292 193 1
413 193 1
449 193 2
660 193 1
61 194 1
168 194 1
229 194 1
650 194 1
263 195 1
378 196 1
24 197 1
43 197 1
198 197 1
199 197 3
284 197 1
297 197 1
301 197 1
385 197 1
197 198 1
199 198 1
24 199 1
112 199 1
197 199 3
198 199 1
251 199 1
301 199 1
306 199 1
382 199 1
385 199 1
594 199 1
259 200 1
629 201 1
365 202 2
107 203 1
326 203 1
679 203 1
680 203 1
681 203 1
85 204 1
667 205 1
668 205 1
130 206 1
141 206 1
300 206 1
655 206 1
144 207 1
208 207 1
209 207 1
144 208 1
207 208 1
209 208 1
144 209 1
207 209 1
208 209 1
157 210 1
333 210 1
466 210 1
212 211 1
238 211 1
211 212 1
186 213 1
648 214 1
126 215 1
408 215 1
404 216 1
139 217 1
332 217 1
410 217 1
420 217 1
231 218 1
232 218 1
381 218 1
386 218 1
507 218 1
508 218 1
57 219 1
156 219 1
40 220 1
468 220 1
361 221 1
476 221 1
512 221 1
349 222 1
407 222 1
491 222 1
503 222 1
504 222 1
505 222 1
506 222 1
621 222 1
101 223 1
374 224 1
416 225 1
227 226 2
226 227 2
583 228 1
584 228 1
32 229 1
168 229 2
194 229 1
254 229 1
319 229 1
409 229 1
115 230 1
555 230 1
218 231 1
232 231 1
381 231 1
386 231 1
507 231 1
508 231 1
218 232 1
231 232 1
381 232 1
386 232 1
507 232 1
508 232 1
119 233 1
38 234 1
600 234 1
296 235 1
327 235 1
462 235 1
45 236 1
252 236 1
352 236 1
595 236 1
51 237 1
299 237 1
211 238 1
311 238 1
364 238 1
131 239 2
246 239 2
624 239 1
241 240 1
242 240 1
509 240 1
240 241 1
242 241 1
488 241 1
509 241 1
632 241 1
633 241 1
634 241 1
240 242 1
241 242 1
509 242 1
244 243 1
548 243 1
549 243 1
243 244 1
310 244 1
473 244 1
548 244 1
549 244 1
561 244 1
70 245 1
81 245 1
131 246 2
239 246 2
624 246 1
42 247 1
97 248 1
264 248 1
86 249 1
124 250 1
135 250 1
417 250 1
630 250 1
54 251 2
199 251 1
382 251 8
484 251 1
619 251 1
45 252 1
236 252 1
25 253 1
393 253 1
32 254 1
168 254 1
229 254 1
635 255 1
452 256 1
573 256 1
574 256 1
464 257 1
54 258 1
200 259 1
109 260 1
360 260 1
150 261 1
607 261 1
149 262 1
350 262 1
195 263 1
434 263 3
641 263 2
97 264 2
248 264 1
265 264 1
97 265 1
264 265 1
103 266 1
151 266 2
267 266 1
513 266 1
514 266 1
515 266 1
103 267 1
151 267 1
266 267 1
513 267 1
514 267 1
515 267 1
125 268 1
521 268 1
275 269 2
601 269 1
602 269 1
662 269 1
510 270 1
511 270 1
26 271 1
97 271 1
475 272 1
287 273 1
54 274 1
637 274 1
269 275 2
556 275 1
557 275 1
601 275 1
602 275 1
662 275 1
431 276 4
446 276 1
448 276 1
278 277 1
277 278 1
552 278 1
280 279 1
279 280 1
316 281 2
341 281 1
640 281 1
165 282 1
283 282 1
165 283 2
282 283 1
37 284 1
197 284 1
343 285 1
353 285 1
426 286 1
453 286 1
656 286 1
273 287 1
351 287 1
553 288 1
330 289 1
9 290 1
478 291 1
175 292 2
193 292 1
413 292 1
449 292 1
639 292 2
1 293 1
5 293 1
8 293 1
35 293 1
36 293 1
56 293 1
59 294 1
22 295 1
189 295 1
397 295 1
398 295 1
547 295 1
235 296 1
43 297 1
197 297 1
483 298 1
51 299 1
237 299 1
141 300 1
206 300 1
301 300 1
415 300 1
448 300 1
636 300 1
655 300 1
197 301 1
199 301 1
300 301 1
385 301 1
415 301 1
448 301 1
636 301 1
16 302 1
20 303 2
309 303 1
469 303 1
677 303 1
28 304 1
308 304 1
323 304 1
129 305 1
337 305 1
338 305 1
344 305 1
367 305 1
433 305 1
683 305 1
112 306 1
199 306 1
554 307 1
28 308 1
304 308 1
323 308 1
371 308 1
545 308 1
20 309 1
303 309 1
244 310 1
473 310 1
561 310 1
238 311 1
313 312 1
314 312 1
312 313 1
314 313 1
312 314 1
313 314 1
181 315 1
491 315 1
492 315 1
50 316 1
64 316 1
281 316 2
341 316 1
640 316 1
92 317 1
320 317 1
100 318 1
428 318 1
229 319 1
409 319 1
92 320 1
317 320 1
178 321 1
570 321 1
487 322 1
28 323 1
304 323 1
308 323 1
603 324 1
536 325 1
107 326 1
203 326 1
679 326 1
680 326 1
681 326 1
235 327 1
153 328 1
329 328 1
620 328 1
657 328 1
153 329 1
328 329 1
620 329 1
289 330 1
75 331 1
189 331 1
335 331 1
340 331 1
134 332 1
139 332 2
217 332 1
412 332 1
420 332 2
626 332 1
157 333 1
210 333 1
131 334 1
171 334 1
522 334 1
529 334 1
75 335 1
189 335 1
331 335 1
340 335 1
120 336 1
672 336 1
305 337 1
338 337 1
683 337 1
305 338 1
337 338 1
683 338 1
345 339 1
533 339 1
534 339 1
75 340 1
189 340 1
331 340 1
335 340 1
281 341 1
316 341 1
355 342 1
285 343 1
353 343 1
113 344 1
129 344 1
183 344 1
305 344 1
367 344 2
432 344 1
433 344 1
460 344 1
339 345 1
530 345 1
531 345 1
533 345 1
534 345 1
606 346 1
188 347 1
352 347 1
29 348 1
222 349 1
503 349 1
504 349 1
505 349 1
149 350 1
262 350 1
287 351 1
403 351 1
661 351 1
33 352 1
34 352 1
188 352 1
236 352 1
347 352 1
366 352 1
418 352 1
459 352 1
525 352 1
595 352 1
285 353 1
343 353 1
184 354 1
575 354 2
342 355 1
470 356 1
143 357 1
160 357 1
363 358 1
546 358 1
177 359 1
109 360 1
260 360 1
221 361 1
476 361 1
512 361 1
121 362 1
165 362 3
380 362 1
455 362 1
458 362 1
559 362 2
560 362 1
582 362 1
188 363 1
358 363 1
546 363 1
238 364 1
141 365 1
202 365 2
399 365 1
400 365 1
415 365 1
649 365 1
33 366 1
352 366 1
418 366 1
129 367 1
305 367 1
344 367 2
432 367 1
433 367 1
137 368 1
3 369 1
406 369 1
451 369 1
495 369 1
654 369 1
77 370 1
421 370 1
467 370 1
652 370 1
308 371 1
545 371 1
102 372 1
465 372 1
166 373 1
588 373 1
224 374 1
141 375 1
571 375 1
93 376 1
120 377 1
196 378 1
625 379 1
33 380 1
165 380 1
362 380 1
559 380 1
604 380 1
605 380 1
218 381 1
231 381 1
232 381 1
386 381 1
507 381 1
508 381 1
54 382 1
199 382 1
251 382 8
484 382 1
619 382 1
120 383 1
90 384 1
197 385 1
199 385 1
301 385 1
659 385 1
218 386 1
231 386 1
232 386 1
381 386 1
405 386 1
507 386 2
508 386 1
675 386 1
13 387 2
118 387 1
388 387 2
13 388 2
387 388 2
444 389 1
445 389 1
447 389 1
391 390 1
390 391 1
498 392 1
25 393 1
253 393 1
10 394 1
62 394 1
2 395 1
130 395 1
586 396 1
174 397 1
175 397 1
295 397 1
22 398 1
189 398 1
295 398 1
547 398 1
141 399 1
365 399 1
400 399 1
415 399 1
141 400 1
365 400 1
399 400 1
415 400 1
165 401 1
651 401 1
128 402 1
179 402 1
351 403 1
661 403 1
17 404 1
216 404 1
613 404 1
386 405 1
675 405 1
369 406 1
451 406 1
654 406 1
222 407 1
491 407 1
126 408 1
215 408 1
229 409 1
319 409 1
217 410 1
14 411 1
481 411 1
569 411 1
134 412 1
332 412 1
193 413 1
292 413 1
449 413 1
454 414 1
141 415 1
300 415 1
301 415 1
365 415 1
399 415 1
400 415 1
448 415 1
636 415 1
225 416 1
135 417 1
250 417 1
33 418 1
352 418 1
366 418 1
128 419 2
179 419 1
578 419 1
139 420 2
217 420 1
332 420 2
626 420 1
370 421 1
46 422 1
430 422 1
161 423 1
427 423 1
443 424 1
161 425 1
162 425 1
286 426 1
453 426 1
656 426 1
161 427 1
423 427 1
100 428 1
318 428 1
431 429 1
46 430 1
422 430 1
276 431 4
429 431 1
446 431 1
344 432 1
367 432 1
129 433 1
305 433 1
344 433 1
367 433 1
263 434 3
641 434 1
157 435 1
128 436 1
179 436 1
181 437 1
438 437 1
181 438 1
437 438 1
60 439 1
114 439 1
450 439 1
161 440 1
117 441 1
499 442 1
424 443 1
184 444 2
389 444 1
445 444 1
447 444 1
389 445 1
444 445 1
447 445 1
276 446 1
431 446 1
389 447 1
444 447 1
445 447 1
276 448 1
300 448 1
301 448 1
415 448 1
636 448 1
193 449 2
292 449 1
413 449 1
660 449 1
60 450 1
114 450 1
439 450 1
369 451 1
406 451 1
654 451 1
256 452 1
573 452 1
574 452 1
286 453 1
426 453 1
656 453 1
414 454 1
362 455 1
163 456 2
457 456 1
493 456 1
494 456 1
163 457 1
456 457 1
537 457 1
165 458 1
362 458 1
34 459 1
352 459 1
525 459 1
344 460 1
579 460 1
120 461 1
235 462 1
184 463 1
257 464 1
372 465 1
210 466 1
538 466 1
370 467 1
220 468 1
20 469 1
303 469 1
677 469 1
356 470 1
616 471 1
617 471 1
473 472 1
577 472 1
244 473 1
310 473 1
472 473 1
561 473 1
577 473 1
477 474 1
272 475 1
221 476 1
361 476 1
512 476 1
474 477 1
94 478 1
96 478 1
291 478 1
479 478 1
496 478 1
478 479 1
78 480 1
631 480 1
14 481 1
411 481 1
569 481 1
181 482 1
298 483 1
54 484 1
251 484 1
382 484 1
88 485 1
169 486 1
322 487 1
170 488 1
241 488 1
489 488 1
632 488 1
633 488 1
634 488 1
76 489 2
488 489 1
534 489 1
551 489 1
572 489 1
580 489 1
89 490 1
181 491 1
222 491 1
315 491 1
407 491 1
492 491 1
181 492 1
315 492 1
491 492 1
163 493 1
456 493 1
494 493 1
163 494 1
456 494 1
493 494 1
3 495 1
369 495 1
94 496 1
96 496 1
478 496 1
34 497 1
104 497 1
170 497 1
392 498 1
132 499 1
133 499 1
442 499 1
18 500 1
502 501 1
501 502 1
222 503 1
349 503 1
504 503 1
505 503 1
222 504 1
349 504 1
503 504 1
505 504 1
222 505 1
349 505 1
503 505 1
504 505 1
222 506 1
218 507 1
231 507 1
232 507 1
381 507 1
386 507 2
508 507 1
218 508 1
231 508 1
232 508 1
381 508 1
386 508 1
507 508 1
240 509 1
241 509 1
242 509 1
270 510 1
511 510 1
270 511 1
510 511 1
221 512 1
361 512 1
476 512 1
103 513 1
151 513 1
266 513 1
267 513 1
514 513 1
515 513 1
103 514 1
151 514 1
266 514 1
267 514 1
513 514 1
515 514 1
103 515 1
151 515 1
266 515 1
267 515 1
513 515 1
514 515 1
181 516 1
518 517 1
517 518 1
520 519 1
519 520 1
125 521 1
268 521 1
334 522 1
139 523 1
140 523 1
52 524 1
53 524 1
34 525 1
352 525 1
459 525 1
65 526 1
528 527 1
527 528 1
334 529 1
345 530 1
531 530 1
345 531 1
530 531 1
54 532 1
339 533 1
345 533 1
534 533 1
76 534 1
339 534 1
345 534 1
489 534 1
533 534 1
19 535 1
325 536 1
12 537 1
44 537 1
457 537 1
466 538 1
539 538 1
538 539 1
113 540 1
184 540 1
541 540 1
113 541 1
184 541 1
540 541 1
147 542 1
124 543 1
172 543 1
41 544 1
308 545 1
371 545 1
358 546 1
363 546 1
22 547 1
189 547 1
295 547 1
398 547 1
243 548 1
244 548 1
549 548 1
243 549 1
244 549 1
548 549 1
80 550 1
489 551 1
278 552 1
288 553 1
307 554 1
115 555 1
230 555 1
275 556 1
557 556 1
646 556 1
275 557 1
556 557 1
116 558 1
165 559 2
362 559 2
380 559 1
560 559 1
165 560 1
362 560 1
559 560 1
244 561 1
310 561 1
473 561 1
44 562 1
564 563 1
565 563 1
566 563 1
567 563 1
568 563 1
563 564 1
565 564 1
566 564 1
567 564 1
568 564 1
563 565 1
564 565 1
566 565 1
567 565 1
568 565 1
563 566 1
564 566 1
565 566 1
567 566 1
568 566 1
563 567 1
564 567 1
565 567 1
566 567 1
568 567 1
563 568 1
564 568 1
565 568 1
566 568 1
567 568 1
14 569 1
411 569 1
481 569 1
178 570 1
321 570 1
141 571 1
375 571 1
76 572 1
489 572 1
256 573 1
452 573 1
574 573 1
256 574 1
452 574 1
573 574 1
184 575 1
354 575 2
154 576 1
472 577 1
473 577 1
128 578 1
419 578 1
460 579 1
489 580 1
79 581 1
121 582 1
362 582 1
228 583 1
584 583 1
228 584 1
583 584 1
106 585 1
152 586 1
396 586 1
587 586 1
586 587 1
166 588 1
373 588 1
138 589 1
162 590 1
179 590 1
145 591 1
23 592 1
155 592 1
83 593 1
199 594 1
236 595 1
352 595 1
187 596 1
12 597 1
72 597 1
598 597 1
12 598 1
72 598 1
597 598 1
74 599 1
38 600 1
234 600 1
269 601 1
275 601 1
602 601 1
269 602 1
275 602 1
601 602 1
324 603 1
380 604 1
605 604 1
380 605 1
604 605 1
70 606 2
346 606 1
150 607 1
261 607 1
87 608 1
182 608 1
610 609 1
609 610 1
612 611 1
611 612 1
17 613 1
404 613 1
615 614 1
614 615 1
471 616 1
617 616 1
471 617 1
616 617 1
120 618 1
251 619 1
382 619 1
153 620 1
328 620 1
329 620 1
222 621 1
12 622 1
623 622 1
12 623 1
622 623 1
131 624 1
239 624 1
246 624 1
379 625 1
139 626 1
332 626 1
420 626 1
184 627 1
192 628 1
201 629 1
124 630 1
250 630 1
78 631 1
480 631 1
241 632 1
488 632 1
633 632 1
634 632 1
241 633 1
488 633 1
632 633 1
634 633 1
241 634 1
488 634 1
632 634 1
633 634 1
255 635 1
300 636 1
301 636 1
415 636 1
448 636 1
54 637 1
274 637 1
185 638 1
175 639 2
292 639 2
281 640 1
316 640 1
263 641 2
434 641 1
185 642 1
644 643 1
645 643 1
643 644 1
645 644 1
643 645 1
644 645 1
556 646 1
164 647 1
214 648 1
365 649 1
61 650 1
194 650 1
165 651 1
401 651 1
370 652 1
159 653 1
369 654 1
406 654 1
451 654 1
141 655 1
206 655 1
300 655 1
286 656 1
426 656 1
453 656 1
328 657 1
185 658 1
385 659 1
193 660 1
449 660 1
351 661 1
403 661 1
269 662 1
275 662 1
91 663 1
98 664 1
4 665 1
666 665 1
4 666 1
665 666 1
205 667 1
668 667 1
205 668 1
667 668 1
33 669 1
135 670 1
671 670 1
135 671 1
670 671 1
336 672 1
674 673 1
673 674 1
386 675 1
405 675 1
21 676 1
48 676 1
20 677 1
303 677 1
469 677 1
38 678 1
107 679 1
203 679 1
326 679 1
680 679 1
681 679 1
107 680 1
203 680 1
326 680 1
679 680 1
681 680 1
107 681 1
203 681 1
326 681 1
679 681 1
680 681 1
137 682 1
305 683 1
337 683 1
338 683 1
