30 1 1
99 2 1
108 2 1
4 3 1
38 3 1
39 3 1
3 4 1
38 4 1
39 4 1
6 5 1
63 5 1
107 5 1
5 6 1
63 6 1
107 6 1
21 7 1
22 7 1
52 7 2
72 7 1
20 8 1
26 8 1
15 9 1
23 9 1
94 9 1
51 10 1
12 11 1
13 11 2
14 11 1
24 11 1
25 11 1
31 11 1
45 11 1
60 11 1
110 11 1
121 11 1
11 12 1
13 12 1
31 12 1
60 12 1
110 12 1
11 13 2
12 13 1
31 13 1
45 13 1
60 13 1
110 13 1
11 14 1
121 14 1
9 15 1
23 15 1
94 15 1
17 16 1
16 17 1
36 18 1
32 19 1
47 19 1
85 19 1
8 20 1
26 20 1
7 21 1
22 21 1
52 21 1
7 22 1
21 22 1
52 22 1
9 23 1
15 23 1
94 23 1
11 24 1
25 24 1
11 25 1
24 25 1
8 26 1
20 26 1
56 26 1
118 26 1
119 26 1
55 27 1
82 27 1
115 27 1
73 28 1
113 29 1
1 30 1
11 31 1
12 31 1
13 31 1
60 31 1
110 31 1
19 32 1
47 32 1
85 32 1
34 33 1
33 34 1
66 34 1
54 35 1
18 36 1
59 37 1
67 37 1
68 37 1
3 38 1
4 38 1
39 38 1
3 39 1
4 39 1
38 39 1
84 40 1
88 41 1
96 41 1
43 42 1
44 42 1
42 43 1
44 43 1
42 44 1
43 44 1
11 45 1
13 45 1
116 46 1
19 47 1
32 47 1
85 47 1
49 48 3
57 48 1
68 48 1
80 48 1
87 48 1
112 48 1
48 49 3
57 49 1
68 49 1
80 49 1
87 49 1
112 49 1
64 50 1
71 50 1
97 50 1
106 50 1
10 51 1
122 51 1
123 51 1
7 52 2
21 52 1
22 52 1
72 52 1
75 53 1
120 53 1
35 54 1
27 55 1
82 55 1
115 55 1
26 56 1
118 56 1
119 56 1
48 57 1
49 57 1
68 57 1
80 57 1
87 57 1
112 57 1
109 58 1
37 59 1
67 59 1
68 59 1
11 60 1
12 60 1
13 60 1
31 60 1
110 60 1
65 61 1
95 61 1
89 62 1
117 62 1
5 63 1
6 63 1
107 63 1
50 64 1
97 64 1
61 65 1
95 65 1
34 66 1
37 67 1
59 67 1
68 67 1
37 68 1
48 68 1
49 68 1
57 68 1
59 68 1
67 68 1
80 68 1
87 68 1
112 68 1
70 69 2
83 69 1
91 69 1
69 70 2
83 70 1
91 70 1
50 71 1
7 72 1
52 72 1
28 73 1
79 74 1
81 74 1
93 74 1
53 75 1
120 75 1
77 76 1
78 76 1
98 76 1
102 76 1
105 76 1
76 77 1
78 77 1
98 77 1
102 77 1
105 77 1
76 78 1
77 78 1
98 78 1
101 78 1
102 78 2
105 78 1
114 78 1
74 79 1
81 79 1
93 79 1
48 80 1
49 80 1
57 80 1
68 80 1
87 80 1
112 80 1
74 81 1
79 81 1
93 81 1
27 82 1
55 82 1
115 82 1
69 83 1
70 83 1
91 83 1
40 84 1
19 85 1
32 85 1
47 85 1
91 86 1
48 87 1
49 87 1
57 87 1
68 87 1
80 87 1
112 87 1
41 88 1
96 88 1
62 89 1
117 89 1
111 90 1
69 91 1
70 91 1
83 91 1
86 91 1
104 92 1
74 93 1
79 93 1
81 93 1
9 94 1
15 94 1
23 94 1
61 95 1
65 95 1
41 96 1
88 96 1
50 97 1
64 97 1
76 98 1
77 98 1
78 98 1
102 98 1
105 98 1
2 99 1
108 99 1
103 100 1
78 101 1
102 101 1
114 101 1
76 102 1
77 102 1
78 102 2
98 102 1
101 102 1
105 102 1
114 102 1
100 103 1
92 104 1
76 105 1
77 105 1
78 105 1
98 105 1
102 105 1
50 106 1
5 107 1
6 107 1
63 107 1
2 108 1
99 108 1
58 109 1
11 110 1
12 110 1
13 110 1
31 110 1
60 110 1
90 111 1
48 112 1
49 112 1
57 112 1
68 112 1
80 112 1
87 112 1
29 113 1
78 114 1
101 114 1
102 114 1
27 115 1
55 115 1
82 115 1
46 116 1
62 117 1
89 117 1
26 118 1
56 118 1
119 118 1
26 119 1
56 119 1
118 119 1
53 120 1
75 120 1
11 121 1
14 121 1
51 122 1
123 122 1
51 123 1
122 123 1
