4 1 1
183 1 1
409 1 1
36 2 2
46 2 1
78 2 2
90 2 1
130 2 1
131 2 2
133 2 1
171 2 1
172 2 1
199 2 1
298 2 1
418 2 1
441 2 1
442 2 1
570 2 1
571 2 1
572 2 1
573 2 1
11 3 1
144 3 1
157 3 1
256 3 1
286 3 1
407 3 1
408 3 1
1 4 1
183 4 1
409 4 1
16 5 1
78 5 1
173 5 1
305 5 1
57 6 1
96 7 1
115 7 1
187 7 1
214 7 1
353 7 1
528 7 1
84 8 1
152 8 1
174 8 1
184 8 1
187 8 1
276 8 1
287 8 2
339 8 2
344 8 1
347 8 1
348 8 1
349 8 1
350 8 1
351 8 1
352 8 1
353 8 1
566 8 1
567 8 1
568 8 1
569 8 1
19 9 1
20 9 1
73 10 1
145 10 1
3 11 1
144 11 1
157 11 1
256 11 1
286 11 1
407 11 1
408 11 1
15 12 1
26 12 1
43 13 1
57 13 1
61 13 1
66 13 1
67 13 1
79 13 1
39 14 1
198 14 1
515 14 1
516 14 1
12 15 1
26 15 1
5 16 1
78 16 1
173 16 1
305 16 1
163 17 1
261 17 1
284 17 1
64 18 1
255 18 2
398 18 2
399 18 2
9 19 1
20 19 1
9 20 1
19 20 1
27 21 1
274 21 1
294 21 1
140 22 1
178 22 1
201 22 1
244 22 1
258 22 1
577 22 1
578 22 1
47 23 1
48 23 1
113 23 1
278 23 1
36 24 1
129 24 1
132 24 1
134 24 1
391 24 1
36 25 1
37 25 1
517 25 1
518 25 1
12 26 1
15 26 1
21 27 1
124 27 1
147 27 1
274 27 1
294 27 1
332 27 1
484 27 1
485 27 1
29 28 1
194 28 1
307 28 1
366 28 1
367 28 1
368 28 1
369 28 1
370 28 1
28 29 1
194 29 1
307 29 1
366 29 1
367 29 1
368 29 1
369 29 1
370 29 1
31 30 1
34 30 1
107 30 1
108 30 1
30 31 1
34 31 1
107 31 1
108 31 1
33 32 1
72 32 1
32 33 1
72 33 1
327 33 1
30 34 1
31 34 1
40 34 1
107 34 1
108 34 2
472 34 1
581 34 1
582 34 1
385 35 1
2 36 2
24 36 1
25 36 1
37 36 1
78 36 1
90 36 1
129 36 1
130 36 1
131 36 1
132 36 1
133 36 1
134 36 1
172 36 1
199 36 1
388 36 1
389 36 1
390 36 1
391 36 1
418 36 2
441 36 1
442 36 1
517 36 1
518 36 1
545 36 1
546 36 1
547 36 1
25 37 1
36 37 1
517 37 1
518 37 1
91 38 1
120 38 1
583 38 1
14 39 1
198 39 1
515 39 1
516 39 1
34 40 1
108 40 1
472 40 1
581 40 1
582 40 1
163 41 1
285 41 1
405 41 1
146 42 1
151 42 1
162 42 1
13 43 1
57 43 1
61 43 1
66 43 1
67 43 1
79 43 1
358 44 1
359 44 1
360 44 1
56 45 1
71 45 1
88 45 1
89 45 1
257 45 1
2 46 1
78 46 1
131 46 1
23 47 1
48 47 1
113 47 1
278 47 1
23 48 1
47 48 1
113 48 1
169 48 1
278 48 1
395 48 1
63 49 1
141 49 2
217 49 1
293 49 1
320 49 1
323 49 2
533 49 1
150 50 1
166 51 2
167 51 1
223 51 1
224 51 1
322 51 2
476 51 2
192 52 1
297 52 1
489 52 1
490 52 1
579 52 1
580 52 1
255 53 1
462 53 1
122 54 1
459 54 1
460 54 1
461 54 1
69 55 1
171 55 1
381 55 1
45 56 1
70 56 1
71 56 1
88 56 1
89 56 1
243 56 1
257 56 1
269 56 1
273 56 1
334 56 1
501 56 1
6 57 1
13 57 1
43 57 1
61 57 2
62 57 1
66 57 1
67 57 1
79 57 2
128 57 1
325 58 1
137 59 2
158 59 2
283 59 1
290 59 1
374 59 1
375 59 1
376 59 1
377 59 1
378 59 1
379 59 1
380 59 1
371 60 1
372 60 1
373 60 1
13 61 1
43 61 1
57 61 2
62 61 1
66 61 1
67 61 1
79 61 2
128 61 1
57 62 1
61 62 1
79 62 1
128 62 1
49 63 1
141 63 1
217 63 1
293 63 1
323 63 1
18 64 1
255 64 1
308 64 1
398 64 1
399 64 1
551 64 1
552 64 1
584 64 1
585 64 1
200 65 1
205 65 1
373 65 1
13 66 1
43 66 1
57 66 1
61 66 1
67 66 1
79 66 1
13 67 1
43 67 1
57 67 1
61 67 1
66 67 1
79 67 1
493 68 1
55 69 1
171 69 1
381 69 1
56 70 1
269 70 1
501 70 1
45 71 1
56 71 1
88 71 1
89 71 1
257 71 1
32 72 1
33 72 1
10 73 1
145 73 1
140 74 1
178 74 1
247 74 2
324 74 1
523 74 1
548 74 1
549 74 1
111 75 1
443 75 1
444 75 1
77 76 1
87 76 1
76 77 1
87 77 1
2 78 2
5 78 1
16 78 1
36 78 1
46 78 1
90 78 1
130 78 1
131 78 2
133 78 1
173 78 1
199 78 1
305 78 1
441 78 1
442 78 1
13 79 1
43 79 1
57 79 2
61 79 2
62 79 1
66 79 1
67 79 1
117 79 1
128 79 1
143 79 1
218 79 1
248 79 1
392 79 1
393 79 1
242 80 1
247 80 1
103 81 1
110 81 1
120 81 1
234 81 1
267 81 1
317 81 1
319 81 1
550 81 1
574 81 1
575 81 2
576 81 1
95 82 1
109 82 1
586 82 1
587 82 1
588 82 1
589 82 1
590 82 1
556 83 1
557 83 1
8 84 1
174 84 1
287 84 1
339 84 1
184 85 1
231 85 1
373 85 1
189 86 1
292 86 1
304 86 1
361 86 1
76 87 1
77 87 1
45 88 1
56 88 1
71 88 1
89 88 1
257 88 1
45 89 1
56 89 1
71 89 1
88 89 1
257 89 1
2 90 1
36 90 1
78 90 1
130 90 1
131 90 1
133 90 1
199 90 1
441 90 1
442 90 1
38 91 1
110 91 1
112 91 1
120 91 1
450 91 1
451 91 1
583 91 1
242 92 1
439 92 1
440 92 1
150 93 1
207 93 1
245 93 1
110 94 1
229 94 1
230 94 1
237 94 1
507 94 1
508 94 1
509 94 1
510 94 1
511 94 1
82 95 1
109 95 1
586 95 1
587 95 1
588 95 1
589 95 1
590 95 1
7 96 1
115 96 1
187 96 1
214 96 1
353 96 1
528 96 1
233 97 1
236 97 1
436 97 1
437 97 1
438 97 1
123 98 1
135 98 1
275 98 1
386 98 1
104 99 1
105 99 1
211 99 1
219 99 1
486 100 1
487 100 1
488 100 1
102 101 1
148 101 1
164 101 1
251 101 1
262 101 1
291 101 1
315 101 1
373 101 1
554 101 1
555 101 1
101 102 1
251 102 1
315 102 1
81 103 1
267 103 1
574 103 1
575 103 1
576 103 1
99 104 1
105 104 1
211 104 1
214 104 1
219 104 1
99 105 1
104 105 1
211 105 1
219 105 1
118 106 1
124 106 1
138 106 1
264 106 1
472 106 1
30 107 1
31 107 1
34 107 1
108 107 1
30 108 1
31 108 1
34 108 2
40 108 1
107 108 1
472 108 1
581 108 1
582 108 1
82 109 1
95 109 1
586 109 1
587 109 1
588 109 1
589 109 1
590 109 1
81 110 1
91 110 1
94 110 1
112 110 1
120 110 1
229 110 1
230 110 1
237 110 1
317 110 1
319 110 1
450 110 1
451 110 1
507 110 1
508 110 1
509 110 1
510 110 1
511 110 1
550 110 1
75 111 1
443 111 1
444 111 1
91 112 1
110 112 1
318 112 1
335 112 2
394 112 1
423 112 1
424 112 1
450 112 1
451 112 1
23 113 1
47 113 1
48 113 1
278 113 1
125 114 1
190 114 1
7 115 1
96 115 1
187 115 1
214 115 1
353 115 1
528 115 1
140 116 1
178 116 1
212 116 1
247 116 1
480 116 1
481 116 2
506 116 1
79 117 1
212 117 1
218 117 1
392 117 1
393 117 1
480 117 1
499 117 1
106 118 1
124 118 1
138 118 1
264 118 1
472 118 1
175 119 1
270 119 1
342 119 1
343 119 1
540 119 1
541 119 1
542 119 1
543 119 1
544 119 1
38 120 1
81 120 1
91 120 1
110 120 1
295 120 1
317 120 1
319 120 1
537 120 1
550 120 1
583 120 1
193 121 1
215 121 1
309 121 1
430 121 1
431 121 1
492 121 1
54 122 1
459 122 1
460 122 1
461 122 1
98 123 1
135 123 1
275 123 1
386 123 1
27 124 1
106 124 1
118 124 1
138 124 1
147 124 1
264 124 1
472 124 1
114 125 1
190 125 1
254 125 1
341 125 1
220 126 1
221 126 1
455 126 1
465 126 1
231 127 1
432 127 1
433 127 1
57 128 1
61 128 1
62 128 1
79 128 1
24 129 1
36 129 1
132 129 1
134 129 1
391 129 1
2 130 1
36 130 1
78 130 1
90 130 1
131 130 1
133 130 1
199 130 1
441 130 1
442 130 1
2 131 2
36 131 1
46 131 1
78 131 2
90 131 1
130 131 1
133 131 1
199 131 1
441 131 1
442 131 1
24 132 1
36 132 1
129 132 1
134 132 1
391 132 1
2 133 1
36 133 1
78 133 1
90 133 1
130 133 1
131 133 1
199 133 1
441 133 1
442 133 1
24 134 1
36 134 1
129 134 1
132 134 1
391 134 1
98 135 1
123 135 1
275 135 2
386 135 1
445 136 1
446 136 1
447 136 1
59 137 2
158 137 2
283 137 1
290 137 1
374 137 1
375 137 1
376 137 1
377 137 1
378 137 1
379 137 1
380 137 1
106 138 1
118 138 1
124 138 1
264 138 1
472 138 1
362 139 1
363 139 1
364 139 1
365 139 1
22 140 1
74 140 1
116 140 1
178 140 3
204 140 1
244 140 1
247 140 3
316 140 1
324 140 1
382 140 1
383 140 1
481 140 1
506 140 1
548 140 1
549 140 1
49 141 2
63 141 1
217 141 1
293 141 1
320 141 1
323 141 2
533 141 1
150 142 1
373 142 1
402 142 1
534 142 1
535 142 1
79 143 1
182 143 1
185 143 1
240 143 1
248 143 1
331 143 1
336 143 1
396 143 1
473 143 1
474 143 1
475 143 1
495 143 1
496 143 1
497 143 1
498 143 1
3 144 1
11 144 1
157 144 1
256 144 1
286 144 1
407 144 1
408 144 1
10 145 1
73 145 1
42 146 1
151 146 1
162 146 1
27 147 1
124 147 1
176 147 1
197 147 1
219 147 1
224 147 1
251 147 1
277 147 1
345 147 1
101 148 1
164 148 1
262 148 1
313 148 1
329 148 1
400 148 1
150 149 1
245 149 1
384 149 1
50 150 1
93 150 1
142 150 1
149 150 1
207 150 1
208 150 1
245 150 2
272 150 1
314 150 1
373 150 1
384 150 1
402 150 1
456 150 1
457 150 1
534 150 1
535 150 1
42 151 1
146 151 1
162 151 1
8 152 1
344 152 1
566 152 1
567 152 1
568 152 1
569 152 1
329 153 1
333 154 1
529 154 1
530 154 1
531 154 1
532 154 1
332 155 1
340 155 1
225 156 1
226 156 1
227 156 1
502 156 1
503 156 1
504 156 1
505 156 1
3 157 1
11 157 1
144 157 1
256 157 1
286 157 1
407 157 1
408 157 1
59 158 2
137 158 2
283 158 1
290 158 1
374 158 1
375 158 1
376 158 1
377 158 1
378 158 1
379 158 1
380 158 1
160 159 1
232 159 1
387 159 1
159 160 1
232 160 1
387 160 1
170 161 1
338 161 1
42 162 1
146 162 1
151 162 1
17 163 1
41 163 1
261 163 1
284 163 1
285 163 1
405 163 1
101 164 1
148 164 1
262 164 1
328 165 1
331 165 1
51 166 2
167 166 1
223 166 1
224 166 1
322 166 2
476 166 2
51 167 1
166 167 1
322 167 1
476 167 1
191 168 1
202 168 1
48 169 1
161 170 1
338 170 1
2 171 1
55 171 1
69 171 1
298 171 1
381 171 1
570 171 1
571 171 1
572 171 1
573 171 1
2 172 1
36 172 1
418 172 1
5 173 1
16 173 1
78 173 1
305 173 1
8 174 1
84 174 1
287 174 1
339 174 1
119 175 1
270 175 1
342 175 1
343 175 1
540 175 1
541 175 1
542 175 1
543 175 1
544 175 1
147 176 1
197 176 1
277 176 1
266 177 1
22 178 1
74 178 1
116 178 1
140 178 3
201 178 1
204 178 1
247 178 3
257 178 1
258 178 1
271 178 1
316 178 2
324 178 1
382 178 1
383 178 1
481 178 1
506 178 1
548 178 1
549 178 1
577 178 1
578 178 1
319 179 1
324 179 1
196 180 1
244 180 1
382 180 1
395 180 2
404 180 1
519 180 1
248 181 1
458 181 1
143 182 1
240 182 1
473 182 1
474 182 1
475 182 1
1 183 1
4 183 1
409 183 2
8 184 1
85 184 1
231 184 2
291 184 1
311 184 1
373 184 1
494 184 1
143 185 1
331 185 1
396 185 1
306 186 1
7 187 1
8 187 1
96 187 1
115 187 1
214 187 1
347 187 1
348 187 1
349 187 1
350 187 1
351 187 1
352 187 1
353 187 2
528 187 1
244 188 1
281 188 1
288 188 1
326 188 1
563 188 1
564 188 1
565 188 1
86 189 1
292 189 1
304 189 1
361 189 1
114 190 1
125 190 1
168 191 1
202 191 1
52 192 1
297 192 1
489 192 1
490 192 1
121 193 1
215 193 1
309 193 1
492 193 1
553 193 1
28 194 1
29 194 1
307 194 1
366 194 1
367 194 1
368 194 1
369 194 1
370 194 1
197 195 1
255 195 1
277 195 1
180 196 1
395 196 1
404 196 1
519 196 1
147 197 1
176 197 1
195 197 1
277 197 2
14 198 1
39 198 1
515 198 1
516 198 1
2 199 1
36 199 1
78 199 1
90 199 1
130 199 1
131 199 1
133 199 1
441 199 1
442 199 1
65 200 1
205 200 1
373 200 1
22 201 1
178 201 1
258 201 1
577 201 1
578 201 1
168 202 1
191 202 1
312 203 1
321 203 1
140 204 1
178 204 1
247 204 1
316 204 1
382 204 1
383 204 1
65 205 1
200 205 1
373 205 1
216 206 1
238 206 1
491 206 1
93 207 1
150 207 1
245 207 1
150 208 1
209 208 1
210 208 1
236 208 1
268 208 1
272 208 1
314 208 1
346 208 1
434 208 1
435 208 1
538 208 1
539 208 1
208 209 1
268 209 1
538 209 1
539 209 1
208 210 1
236 210 1
346 210 1
434 210 1
435 210 1
99 211 1
104 211 1
105 211 1
219 211 1
116 212 1
117 212 1
480 212 2
481 212 1
499 212 1
373 213 1
402 213 1
403 213 1
404 213 1
7 214 1
96 214 1
104 214 1
115 214 1
187 214 1
353 214 1
528 214 1
121 215 1
193 215 1
309 215 1
492 215 1
206 216 1
238 216 1
491 216 1
49 217 1
63 217 1
141 217 1
293 217 1
323 217 1
79 218 1
117 218 1
392 218 1
393 218 1
99 219 1
104 219 1
105 219 1
147 219 1
211 219 1
224 219 1
251 219 1
345 219 1
126 220 1
221 220 1
455 220 1
126 221 1
220 221 1
455 221 1
245 222 1
512 222 1
513 222 1
514 222 1
51 223 1
166 223 1
224 223 1
322 223 1
476 223 1
51 224 1
147 224 1
166 224 1
219 224 1
223 224 1
251 224 1
322 224 1
345 224 1
476 224 1
156 225 1
226 225 1
227 225 1
502 225 1
503 225 1
504 225 1
505 225 1
156 226 1
225 226 1
227 226 1
502 226 1
503 226 1
504 226 1
505 226 1
156 227 1
225 227 1
226 227 1
502 227 1
503 227 1
504 227 1
505 227 1
241 228 1
301 228 1
94 229 1
110 229 1
230 229 1
237 229 1
507 229 1
508 229 1
509 229 1
510 229 1
511 229 1
94 230 1
110 230 1
229 230 1
237 230 1
507 230 1
508 230 1
509 230 1
510 230 1
511 230 1
85 231 1
127 231 1
184 231 2
291 231 1
311 231 1
373 231 1
432 231 1
433 231 1
448 231 1
449 231 1
494 231 1
159 232 1
160 232 1
387 232 1
97 233 1
236 233 1
436 233 1
437 233 1
438 233 1
81 234 1
575 234 1
249 235 1
250 235 1
252 235 1
253 235 1
97 236 1
208 236 1
210 236 1
233 236 1
346 236 1
434 236 1
435 236 1
436 236 1
437 236 1
438 236 1
94 237 1
110 237 1
229 237 1
230 237 1
507 237 1
508 237 1
509 237 1
510 237 1
511 237 1
206 238 1
216 238 1
491 238 1
330 239 1
428 239 2
143 240 1
182 240 1
473 240 1
474 240 1
475 240 1
228 241 1
301 241 1
80 242 1
92 242 1
247 242 1
439 242 1
440 242 1
56 243 1
273 243 1
334 243 1
22 244 1
140 244 1
180 244 1
188 244 1
382 244 2
395 244 1
466 244 1
563 244 1
564 244 1
565 244 1
93 245 1
149 245 1
150 245 2
207 245 1
222 245 1
384 245 1
512 245 1
513 245 1
514 245 1
337 246 1
524 246 1
525 246 1
74 247 2
80 247 1
116 247 1
140 247 3
178 247 3
204 247 1
242 247 1
316 247 1
324 247 1
382 247 1
383 247 1
481 247 1
506 247 1
523 247 1
548 247 1
549 247 1
79 248 1
143 248 1
181 248 1
289 248 1
296 248 1
397 248 1
458 248 1
235 249 1
250 249 2
252 249 1
253 249 1
401 249 1
235 250 1
249 250 2
252 250 1
253 250 1
401 250 1
101 251 1
102 251 1
147 251 1
219 251 1
224 251 1
315 251 1
345 251 1
235 252 1
249 252 1
250 252 1
253 252 2
235 253 1
249 253 1
250 253 1
252 253 2
125 254 1
282 254 1
341 254 1
18 255 2
53 255 1
64 255 1
195 255 1
398 255 2
399 255 2
462 255 1
3 256 1
11 256 1
144 256 1
157 256 1
286 256 1
407 256 1
408 256 1
45 257 1
56 257 1
71 257 1
88 257 1
89 257 1
178 257 1
271 257 1
316 257 1
22 258 1
178 258 1
201 258 1
577 258 1
578 258 1
285 259 1
454 259 1
558 260 1
559 260 1
560 260 1
561 260 1
562 260 1
17 261 1
163 261 1
284 261 1
101 262 1
148 262 1
164 262 1
264 263 1
265 263 1
106 264 1
118 264 1
124 264 1
138 264 1
263 264 1
265 264 1
472 264 1
263 265 1
264 265 1
177 266 1
81 267 1
103 267 1
574 267 1
575 267 1
576 267 1
208 268 1
209 268 1
538 268 1
539 268 1
56 269 1
70 269 1
501 269 1
119 270 1
175 270 1
342 270 1
343 270 1
540 270 1
541 270 1
542 270 1
543 270 1
544 270 1
178 271 1
257 271 1
316 271 1
150 272 1
208 272 1
314 272 1
56 273 1
243 273 1
334 273 1
21 274 1
27 274 1
294 274 1
98 275 1
123 275 1
135 275 2
386 275 1
8 276 1
287 276 1
339 276 1
147 277 1
176 277 1
195 277 1
197 277 2
23 278 1
47 278 1
48 278 1
113 278 1
280 279 1
281 279 1
299 279 1
300 279 1
452 279 1
453 279 1
536 279 1
279 280 1
300 280 1
536 280 1
188 281 1
279 281 1
288 281 1
299 281 1
326 281 1
452 281 1
453 281 1
254 282 1
59 283 1
137 283 1
158 283 1
290 283 1
374 283 1
375 283 1
376 283 1
377 283 1
378 283 1
379 283 1
380 283 1
17 284 1
163 284 1
261 284 1
41 285 1
163 285 1
259 285 1
306 285 1
310 285 1
405 285 2
406 285 1
429 285 1
454 285 1
502 285 1
526 285 1
527 285 1
3 286 1
11 286 1
144 286 1
157 286 1
256 286 1
407 286 1
408 286 1
8 287 2
84 287 1
174 287 1
276 287 1
339 287 2
188 288 1
281 288 1
326 288 1
248 289 1
296 289 1
397 289 1
59 290 1
137 290 1
158 290 1
283 290 1
374 290 1
375 290 1
376 290 1
377 290 1
378 290 1
379 290 1
380 290 1
101 291 1
184 291 1
231 291 1
311 291 1
373 291 1
494 291 1
554 291 1
555 291 1
86 292 1
189 292 1
304 292 1
361 292 1
49 293 1
63 293 1
141 293 1
217 293 1
323 293 1
21 294 1
27 294 1
274 294 1
120 295 1
537 295 1
248 296 1
289 296 1
397 296 1
52 297 1
192 297 1
489 297 1
490 297 1
2 298 1
171 298 1
570 298 1
571 298 1
572 298 1
573 298 1
279 299 1
281 299 1
452 299 1
453 299 1
279 300 1
280 300 1
536 300 1
228 301 1
241 301 1
303 302 1
302 303 1
86 304 1
189 304 1
292 304 1
361 304 1
5 305 1
16 305 1
78 305 1
173 305 1
186 306 1
285 306 1
310 306 1
429 306 2
500 306 1
502 306 1
526 306 1
527 306 1
28 307 1
29 307 1
194 307 1
366 307 1
367 307 1
368 307 1
369 307 1
370 307 1
64 308 1
584 308 1
585 308 1
121 309 1
193 309 1
215 309 1
492 309 1
285 310 1
306 310 1
429 310 1
502 310 1
526 310 1
527 310 1
184 311 1
231 311 1
291 311 1
494 311 1
203 312 1
321 312 1
148 313 1
329 313 1
150 314 1
208 314 1
272 314 1
101 315 1
102 315 1
251 315 1
140 316 1
178 316 2
204 316 1
247 316 1
257 316 1
271 316 1
382 316 1
383 316 1
81 317 1
110 317 1
120 317 1
319 317 1
550 317 1
112 318 1
335 318 1
423 318 1
424 318 1
81 319 1
110 319 1
120 319 1
179 319 1
317 319 1
324 319 1
550 319 1
49 320 1
141 320 1
323 320 1
533 320 1
203 321 1
312 321 1
51 322 2
166 322 2
167 322 1
223 322 1
224 322 1
476 322 2
49 323 2
63 323 1
141 323 2
217 323 1
293 323 1
320 323 1
533 323 1
74 324 1
140 324 1
178 324 1
179 324 1
247 324 1
319 324 1
548 324 1
549 324 1
58 325 1
188 326 1
281 326 1
288 326 1
33 327 1
165 328 1
331 328 1
148 329 1
153 329 1
313 329 1
239 330 1
428 330 1
143 331 1
165 331 1
185 331 1
328 331 1
396 331 1
27 332 1
155 332 1
340 332 1
154 333 1
529 333 1
530 333 1
531 333 1
532 333 1
56 334 1
243 334 1
273 334 1
112 335 2
318 335 1
394 335 1
423 335 1
424 335 1
143 336 1
495 336 1
496 336 1
497 336 1
498 336 1
246 337 1
524 337 1
525 337 1
161 338 1
170 338 1
8 339 2
84 339 1
174 339 1
276 339 1
287 339 2
155 340 1
332 340 1
125 341 1
254 341 1
119 342 1
175 342 1
270 342 1
343 342 1
540 342 1
541 342 1
542 342 1
543 342 1
544 342 1
119 343 1
175 343 1
270 343 1
342 343 1
540 343 1
541 343 1
542 343 1
543 343 1
544 343 1
8 344 1
152 344 1
566 344 1
567 344 1
568 344 1
569 344 1
147 345 1
219 345 1
224 345 1
251 345 1
208 346 1
210 346 1
236 346 1
434 346 1
435 346 1
8 347 1
187 347 1
348 347 1
349 347 1
350 347 1
351 347 1
352 347 1
353 347 1
8 348 1
187 348 1
347 348 1
349 348 1
350 348 1
351 348 1
352 348 1
353 348 1
8 349 1
187 349 1
347 349 1
348 349 1
350 349 1
351 349 1
352 349 1
353 349 1
8 350 1
187 350 1
347 350 1
348 350 1
349 350 1
351 350 1
352 350 1
353 350 1
8 351 1
187 351 1
347 351 1
348 351 1
349 351 1
350 351 1
352 351 1
353 351 1
8 352 1
187 352 1
347 352 1
348 352 1
349 352 1
350 352 1
351 352 1
353 352 1
7 353 1
8 353 1
96 353 1
115 353 1
187 353 2
214 353 1
347 353 1
348 353 1
349 353 1
350 353 1
351 353 1
352 353 1
528 353 1
355 354 1
356 354 1
357 354 1
354 355 1
356 355 1
357 355 1
354 356 1
355 356 1
357 356 1
354 357 1
355 357 1
356 357 1
44 358 1
359 358 1
360 358 1
44 359 1
358 359 1
360 359 1
44 360 1
358 360 1
359 360 1
86 361 1
189 361 1
292 361 1
304 361 1
139 362 1
363 362 1
364 362 1
365 362 1
139 363 1
362 363 1
364 363 1
365 363 1
139 364 1
362 364 1
363 364 1
365 364 1
139 365 1
362 365 1
363 365 1
364 365 1
28 366 1
29 366 1
194 366 1
307 366 1
367 366 1
368 366 1
369 366 1
370 366 1
28 367 1
29 367 1
194 367 1
307 367 1
366 367 1
368 367 1
369 367 1
370 367 1
28 368 1
29 368 1
194 368 1
307 368 1
366 368 1
367 368 1
369 368 1
370 368 1
28 369 1
29 369 1
194 369 1
307 369 1
366 369 1
367 369 1
368 369 1
370 369 1
28 370 1
29 370 1
194 370 1
307 370 1
366 370 1
367 370 1
368 370 1
369 370 1
60 371 1
372 371 1
373 371 1
60 372 1
371 372 1
373 372 1
60 373 1
65 373 1
85 373 1
101 373 1
142 373 1
150 373 1
184 373 1
200 373 1
205 373 1
213 373 1
231 373 1
291 373 1
371 373 1
372 373 1
402 373 2
403 373 1
404 373 2
467 373 1
468 373 1
534 373 1
535 373 1
554 373 1
555 373 1
59 374 1
137 374 1
158 374 1
283 374 1
290 374 1
375 374 1
376 374 1
377 374 1
378 374 1
379 374 1
380 374 1
59 375 1
137 375 1
158 375 1
283 375 1
290 375 1
374 375 1
376 375 1
377 375 1
378 375 1
379 375 1
380 375 1
59 376 1
137 376 1
158 376 1
283 376 1
290 376 1
374 376 1
375 376 1
377 376 1
378 376 1
379 376 1
380 376 1
59 377 1
137 377 1
158 377 1
283 377 1
290 377 1
374 377 1
375 377 1
376 377 1
378 377 1
379 377 1
380 377 1
59 378 1
137 378 1
158 378 1
283 378 1
290 378 1
374 378 1
375 378 1
376 378 1
377 378 1
379 378 1
380 378 1
59 379 1
137 379 1
158 379 1
283 379 1
290 379 1
374 379 1
375 379 1
376 379 1
377 379 1
378 379 1
380 379 1
59 380 1
137 380 1
158 380 1
283 380 1
290 380 1
374 380 1
375 380 1
376 380 1
377 380 1
378 380 1
379 380 1
55 381 1
69 381 1
171 381 1
140 382 1
178 382 1
180 382 1
204 382 1
244 382 2
247 382 1
316 382 1
383 382 1
395 382 1
466 382 1
140 383 1
178 383 1
204 383 1
247 383 1
316 383 1
382 383 1
149 384 1
150 384 1
245 384 1
35 385 1
98 386 1
123 386 1
135 386 1
275 386 1
159 387 1
160 387 1
232 387 1
36 388 1
389 388 1
390 388 1
36 389 1
388 389 1
390 389 1
36 390 1
388 390 1
389 390 1
24 391 1
36 391 1
129 391 1
132 391 1
134 391 1
79 392 1
117 392 1
218 392 1
393 392 1
79 393 1
117 393 1
218 393 1
392 393 1
112 394 1
335 394 1
48 395 1
180 395 2
196 395 1
244 395 1
382 395 1
404 395 1
519 395 1
143 396 1
185 396 1
331 396 1
248 397 1
289 397 1
296 397 1
18 398 2
64 398 1
255 398 2
399 398 2
18 399 2
64 399 1
255 399 2
398 399 2
148 400 1
249 401 1
250 401 1
142 402 1
150 402 1
213 402 1
373 402 2
403 402 1
404 402 1
534 402 1
535 402 1
213 403 1
373 403 1
402 403 1
404 403 1
180 404 1
196 404 1
213 404 1
373 404 2
395 404 1
402 404 1
403 404 1
467 404 1
468 404 1
519 404 1
41 405 1
163 405 1
285 405 2
406 405 1
285 406 1
405 406 1
3 407 1
11 407 1
144 407 1
157 407 1
256 407 1
286 407 1
408 407 1
3 408 1
11 408 1
144 408 1
157 408 1
256 408 1
286 408 1
407 408 1
1 409 1
4 409 1
183 409 2
411 410 1
412 410 1
413 410 1
414 410 1
415 410 1
416 410 1
417 410 1
410 411 1
412 411 1
413 411 1
414 411 1
415 411 1
416 411 1
417 411 1
410 412 1
411 412 1
413 412 2
414 412 1
415 412 1
416 412 1
417 412 1
425 412 1
426 412 1
427 412 1
410 413 1
411 413 1
412 413 2
414 413 1
415 413 1
416 413 1
417 413 1
425 413 1
426 413 1
427 413 1
410 414 1
411 414 1
412 414 1
413 414 1
415 414 1
416 414 1
417 414 1
410 415 1
411 415 1
412 415 1
413 415 1
414 415 1
416 415 1
417 415 1
410 416 1
411 416 1
412 416 1
413 416 1
414 416 1
415 416 1
417 416 1
410 417 1
411 417 1
412 417 1
413 417 1
414 417 1
415 417 1
416 417 1
2 418 1
36 418 2
172 418 1
545 418 1
546 418 1
547 418 1
420 419 1
421 419 1
422 419 1
419 420 1
421 420 1
422 420 1
419 421 1
420 421 1
422 421 1
419 422 1
420 422 1
421 422 1
112 423 1
318 423 1
335 423 1
424 423 1
112 424 1
318 424 1
335 424 1
423 424 1
412 425 1
413 425 1
426 425 1
427 425 1
412 426 1
413 426 1
425 426 1
427 426 1
412 427 1
413 427 1
425 427 1
426 427 1
239 428 2
330 428 1
285 429 1
306 429 2
310 429 1
502 429 1
526 429 1
527 429 1
121 430 1
431 430 1
121 431 1
430 431 1
127 432 1
231 432 1
433 432 1
127 433 1
231 433 1
432 433 1
208 434 1
210 434 1
236 434 1
346 434 1
435 434 1
208 435 1
210 435 1
236 435 1
346 435 1
434 435 1
97 436 1
233 436 1
236 436 1
437 436 1
438 436 1
97 437 1
233 437 1
236 437 1
436 437 1
438 437 1
97 438 1
233 438 1
236 438 1
436 438 1
437 438 1
92 439 1
242 439 1
440 439 1
92 440 1
242 440 1
439 440 1
2 441 1
36 441 1
78 441 1
90 441 1
130 441 1
131 441 1
133 441 1
199 441 1
442 441 1
2 442 1
36 442 1
78 442 1
90 442 1
130 442 1
131 442 1
133 442 1
199 442 1
441 442 1
75 443 1
111 443 1
444 443 1
75 444 1
111 444 1
443 444 1
136 445 1
446 445 1
447 445 1
136 446 1
445 446 1
447 446 1
136 447 1
445 447 1
446 447 1
231 448 1
449 448 1
231 449 1
448 449 1
91 450 1
110 450 1
112 450 1
451 450 1
91 451 1
110 451 1
112 451 1
450 451 1
279 452 1
281 452 1
299 452 1
453 452 1
279 453 1
281 453 1
299 453 1
452 453 1
259 454 1
285 454 1
126 455 1
220 455 1
221 455 1
150 456 1
457 456 1
150 457 1
456 457 1
181 458 1
248 458 1
54 459 1
122 459 1
460 459 1
461 459 1
54 460 1
122 460 1
459 460 1
461 460 1
54 461 1
122 461 1
459 461 1
460 461 1
53 462 1
255 462 1
464 463 1
463 464 1
520 464 1
521 464 1
522 464 1
126 465 1
244 466 1
382 466 1
373 467 1
404 467 1
468 467 1
373 468 1
404 468 1
467 468 1
470 469 1
471 469 1
469 470 1
471 470 1
469 471 1
470 471 1
34 472 1
40 472 1
106 472 1
108 472 1
118 472 1
124 472 1
138 472 1
264 472 1
581 472 1
582 472 1
143 473 1
182 473 1
240 473 1
474 473 1
475 473 1
143 474 1
182 474 1
240 474 1
473 474 1
475 474 1
143 475 1
182 475 1
240 475 1
473 475 1
474 475 1
51 476 2
166 476 2
167 476 1
223 476 1
224 476 1
322 476 2
478 477 1
479 477 1
477 478 1
479 478 1
477 479 1
478 479 1
116 480 1
117 480 1
212 480 2
481 480 1
499 480 1
116 481 2
140 481 1
178 481 1
212 481 1
247 481 1
480 481 1
506 481 1
483 482 1
482 483 1
27 484 1
485 484 1
27 485 1
484 485 1
100 486 1
487 486 1
488 486 1
100 487 1
486 487 1
488 487 1
100 488 1
486 488 1
487 488 1
52 489 1
192 489 1
297 489 1
490 489 1
52 490 1
192 490 1
297 490 1
489 490 1
206 491 1
216 491 1
238 491 1
121 492 1
193 492 1
215 492 1
309 492 1
68 493 1
184 494 1
231 494 1
291 494 1
311 494 1
143 495 1
336 495 1
496 495 1
497 495 1
498 495 1
143 496 1
336 496 1
495 496 1
497 496 1
498 496 1
143 497 1
336 497 1
495 497 1
496 497 1
498 497 1
143 498 1
336 498 1
495 498 1
496 498 1
497 498 1
117 499 1
212 499 1
480 499 1
306 500 1
56 501 1
70 501 1
269 501 1
156 502 1
225 502 1
226 502 1
227 502 1
285 502 1
306 502 1
310 502 1
429 502 1
503 502 1
504 502 1
505 502 1
526 502 1
527 502 1
156 503 1
225 503 1
226 503 1
227 503 1
502 503 1
504 503 1
505 503 1
156 504 1
225 504 1
226 504 1
227 504 1
502 504 1
503 504 1
505 504 1
156 505 1
225 505 1
226 505 1
227 505 1
502 505 1
503 505 1
504 505 1
116 506 1
140 506 1
178 506 1
247 506 1
481 506 1
94 507 1
110 507 1
229 507 1
230 507 1
237 507 1
508 507 1
509 507 1
510 507 1
511 507 1
94 508 1
110 508 1
229 508 1
230 508 1
237 508 1
507 508 1
509 508 1
510 508 1
511 508 1
94 509 1
110 509 1
229 509 1
230 509 1
237 509 1
507 509 1
508 509 1
510 509 1
511 509 1
94 510 1
110 510 1
229 510 1
230 510 1
237 510 1
507 510 1
508 510 1
509 510 1
511 510 1
94 511 1
110 511 1
229 511 1
230 511 1
237 511 1
507 511 1
508 511 1
509 511 1
510 511 1
222 512 1
245 512 1
513 512 1
514 512 1
222 513 1
245 513 1
512 513 1
514 513 1
222 514 1
245 514 1
512 514 1
513 514 1
14 515 1
39 515 1
198 515 1
516 515 1
14 516 1
39 516 1
198 516 1
515 516 1
25 517 1
36 517 1
37 517 1
518 517 1
25 518 1
36 518 1
37 518 1
517 518 1
180 519 1
196 519 1
395 519 1
404 519 1
464 520 1
521 520 1
522 520 1
464 521 1
520 521 1
522 521 1
464 522 1
520 522 1
521 522 1
74 523 1
247 523 1
246 524 1
337 524 1
525 524 1
246 525 1
337 525 1
524 525 1
285 526 1
306 526 1
310 526 1
429 526 1
502 526 1
527 526 1
285 527 1
306 527 1
310 527 1
429 527 1
502 527 1
526 527 1
7 528 1
96 528 1
115 528 1
187 528 1
214 528 1
353 528 1
154 529 1
333 529 1
530 529 1
531 529 1
532 529 1
154 530 1
333 530 1
529 530 1
531 530 1
532 530 1
154 531 1
333 531 1
529 531 1
530 531 1
532 531 1
154 532 1
333 532 1
529 532 1
530 532 1
531 532 1
49 533 1
141 533 1
320 533 1
323 533 1
142 534 1
150 534 1
373 534 1
402 534 1
535 534 1
142 535 1
150 535 1
373 535 1
402 535 1
534 535 1
279 536 1
280 536 1
300 536 1
120 537 1
295 537 1
208 538 1
209 538 1
268 538 1
539 538 1
208 539 1
209 539 1
268 539 1
538 539 1
119 540 1
175 540 1
270 540 1
342 540 1
343 540 1
541 540 1
542 540 1
543 540 1
544 540 1
119 541 1
175 541 1
270 541 1
342 541 1
343 541 1
540 541 1
542 541 1
543 541 1
544 541 1
119 542 1
175 542 1
270 542 1
342 542 1
343 542 1
540 542 1
541 542 1
543 542 1
544 542 1
119 543 1
175 543 1
270 543 1
342 543 1
343 543 1
540 543 1
541 543 1
542 543 1
544 543 1
119 544 1
175 544 1
270 544 1
342 544 1
343 544 1
540 544 1
541 544 1
542 544 1
543 544 1
36 545 1
418 545 1
546 545 1
547 545 1
36 546 1
418 546 1
545 546 1
547 546 1
36 547 1
418 547 1
545 547 1
546 547 1
74 548 1
140 548 1
178 548 1
247 548 1
324 548 1
549 548 1
74 549 1
140 549 1
178 549 1
247 549 1
324 549 1
548 549 1
81 550 1
110 550 1
120 550 1
317 550 1
319 550 1
64 551 1
552 551 1
64 552 1
551 552 1
193 553 1
101 554 1
291 554 1
373 554 1
555 554 1
101 555 1
291 555 1
373 555 1
554 555 1
83 556 1
557 556 1
83 557 1
556 557 1
260 558 1
559 558 1
560 558 1
561 558 1
562 558 1
260 559 1
558 559 1
560 559 1
561 559 1
562 559 1
260 560 1
558 560 1
559 560 1
561 560 1
562 560 1
260 561 1
558 561 1
559 561 1
560 561 1
562 561 1
260 562 1
558 562 1
559 562 1
560 562 1
561 562 1
188 563 1
244 563 1
564 563 1
565 563 1
188 564 1
244 564 1
563 564 1
565 564 1
188 565 1
244 565 1
563 565 1
564 565 1
8 566 1
152 566 1
344 566 1
567 566 1
568 566 1
569 566 1
8 567 1
152 567 1
344 567 1
566 567 1
568 567 1
569 567 1
8 568 1
152 568 1
344 568 1
566 568 1
567 568 1
569 568 1
8 569 1
152 569 1
344 569 1
566 569 1
567 569 1
568 569 1
2 570 1
171 570 1
298 570 1
571 570 1
572 570 1
573 570 1
2 571 1
171 571 1
298 571 1
570 571 1
572 571 1
573 571 1
2 572 1
171 572 1
298 572 1
570 572 1
571 572 1
573 572 1
2 573 1
171 573 1
298 573 1
570 573 1
571 573 1
572 573 1
81 574 1
103 574 1
267 574 1
575 574 1
576 574 1
81 575 2
103 575 1
234 575 1
267 575 1
574 575 1
576 575 1
81 576 1
103 576 1
267 576 1
574 576 1
575 576 1
22 577 1
178 577 1
201 577 1
258 577 1
578 577 1
22 578 1
178 578 1
201 578 1
258 578 1
577 578 1
52 579 1
580 579 1
52 580 1
579 580 1
34 581 1
40 581 1
108 581 1
472 581 1
582 581 1
34 582 1
40 582 1
108 582 1
472 582 1
581 582 1
38 583 1
91 583 1
120 583 1
64 584 1
308 584 1
585 584 1
64 585 1
308 585 1
584 585 1
82 586 1
95 586 1
109 586 1
587 586 1
588 586 1
589 586 1
590 586 1
82 587 1
95 587 1
109 587 1
586 587 1
588 587 1
589 587 1
590 587 1
82 588 1
95 588 1
109 588 1
586 588 1
587 588 1
589 588 1
590 588 1
82 589 1
95 589 1
109 589 1
586 589 1
587 589 1
588 589 1
590 589 1
82 590 1
95 590 1
109 590 1
586 590 1
587 590 1
588 590 1
589 590 1
