3 1 1
267 1 1
60 2 1
267 2 1
1 3 1
267 3 1
31 4 1
332 4 1
333 4 1
15 5 1
398 5 1
37 6 1
103 6 1
26 7 1
284 7 1
296 7 1
319 7 1
10 8 1
11 8 1
140 8 1
206 9 1
287 9 1
8 10 1
11 10 1
140 10 1
8 11 1
10 11 1
140 11 1
39 12 1
178 12 1
47 13 1
91 13 1
276 13 1
330 13 1
184 14 1
185 14 1
430 14 1
5 15 1
398 15 1
104 16 1
202 16 1
312 16 1
344 16 1
374 16 1
323 17 1
45 18 1
66 18 1
435 18 1
71 19 1
210 19 1
195 20 1
65 21 1
131 21 1
138 21 1
106 22 1
243 22 1
271 22 1
221 23 1
270 23 2
37 24 1
103 24 1
395 25 1
7 26 1
296 26 1
319 26 1
31 27 1
75 27 1
204 27 1
288 27 1
33 28 1
34 28 1
180 28 1
60 29 1
278 29 1
352 29 1
353 29 1
148 30 1
179 30 1
462 30 1
4 31 1
27 31 1
56 31 1
75 31 1
80 31 1
81 31 1
204 31 1
238 31 1
245 31 1
248 31 1
249 31 1
288 31 1
292 31 1
332 31 1
333 31 1
401 31 1
436 31 1
46 32 1
103 32 1
150 32 1
260 32 1
28 33 1
34 33 1
180 33 1
28 34 1
33 34 1
50 34 2
76 34 1
143 34 1
144 34 1
153 34 2
154 34 2
157 34 1
171 34 1
175 34 1
180 34 1
188 34 2
285 34 2
298 34 1
340 34 1
397 34 1
78 35 1
37 36 1
451 36 1
6 37 1
24 37 1
36 37 1
103 37 2
451 37 1
39 38 1
444 38 1
12 39 1
38 39 1
178 39 1
444 39 1
205 40 1
103 41 1
197 41 1
94 42 1
88 43 1
90 43 1
156 44 1
447 44 1
18 45 1
66 45 1
435 45 1
32 46 1
103 46 1
150 46 1
192 46 1
260 46 1
388 46 1
13 47 1
91 47 1
262 47 1
276 47 2
330 47 1
387 47 1
440 47 1
441 47 1
442 47 1
443 47 1
89 48 2
437 48 1
338 49 1
34 50 2
153 50 1
154 50 1
285 50 1
298 50 1
54 51 1
414 51 1
146 52 1
181 52 1
211 52 1
253 52 1
305 52 1
115 53 1
165 53 1
51 54 1
414 54 1
147 55 1
415 55 1
31 56 1
81 56 1
238 56 1
245 56 1
248 56 1
249 56 1
445 57 1
393 58 1
212 59 1
275 59 1
369 59 1
2 60 1
29 60 1
71 60 1
210 60 1
267 60 1
278 60 2
352 60 1
353 60 1
102 61 1
207 61 1
208 61 1
406 61 1
64 62 1
112 62 1
113 62 1
136 62 1
427 62 1
64 63 1
110 63 1
399 63 1
62 64 1
63 64 1
110 64 1
112 64 1
113 64 1
399 64 1
21 65 1
131 65 1
138 65 1
359 65 2
389 65 1
416 65 1
453 65 1
454 65 1
18 66 1
45 66 1
435 66 1
236 67 1
265 67 1
217 68 1
346 68 1
377 68 1
104 69 2
385 70 1
19 71 1
60 71 1
210 71 2
278 71 1
77 72 1
174 72 1
190 72 1
143 73 1
176 73 1
199 73 1
75 74 1
289 74 1
27 75 1
31 75 1
74 75 1
137 75 1
204 75 1
213 75 1
272 75 2
288 75 1
289 75 1
381 75 1
428 75 1
34 76 1
143 76 1
144 76 1
72 77 1
174 77 1
190 77 1
35 78 1
103 79 1
31 80 1
31 81 1
56 81 1
238 81 1
245 81 1
248 81 1
249 81 1
83 82 1
84 82 1
93 82 1
82 83 1
84 83 1
93 83 1
82 84 1
83 84 1
93 84 1
294 84 1
295 84 1
116 85 1
133 86 1
417 86 1
173 87 1
227 87 1
268 87 1
370 87 1
371 87 1
43 88 1
90 88 1
158 88 1
250 88 1
48 89 2
437 89 1
43 90 1
88 90 1
13 91 1
47 91 1
276 91 1
330 91 1
126 92 2
161 92 1
341 92 2
82 93 1
83 93 1
84 93 1
42 94 1
96 95 1
95 96 1
98 97 1
100 97 1
309 97 1
367 97 1
420 97 1
97 98 1
100 98 1
309 98 1
367 98 1
420 98 1
100 99 2
97 100 1
98 100 1
99 100 2
186 100 1
209 100 1
217 100 1
237 100 1
264 100 1
274 100 1
309 100 1
367 100 1
376 100 1
420 100 2
421 100 1
150 101 1
224 101 1
61 102 1
207 102 1
208 102 1
406 102 1
6 103 1
24 103 1
32 103 1
37 103 2
41 103 1
46 103 1
79 103 1
150 103 1
197 103 1
260 103 1
263 103 1
464 103 1
16 104 1
69 104 2
202 104 2
238 104 1
249 104 1
259 104 1
267 104 1
303 104 1
312 104 1
329 104 1
343 104 1
400 104 1
107 105 1
108 105 1
109 105 1
22 106 1
243 106 1
271 106 1
105 107 1
108 107 1
109 107 1
105 108 1
107 108 1
109 108 1
467 108 1
105 109 1
107 109 1
108 109 1
63 110 1
64 110 1
399 110 1
390 111 1
62 112 1
64 112 1
113 112 1
62 113 1
64 113 1
112 113 1
134 114 1
228 114 1
229 114 1
234 114 1
280 114 1
326 114 1
53 115 1
165 115 1
85 116 1
317 116 1
159 117 1
291 117 1
304 117 1
324 117 1
325 117 1
438 117 1
141 118 1
258 118 2
277 118 1
310 118 1
313 118 1
338 118 1
339 118 1
347 118 1
402 118 1
128 119 2
151 119 2
251 119 1
275 119 2
290 119 1
302 119 1
351 119 1
372 119 1
135 120 1
172 120 1
450 120 1
465 120 1
215 121 1
218 121 1
219 121 1
237 121 1
123 122 1
124 122 1
125 122 1
122 123 1
124 123 1
125 123 1
122 124 1
123 124 1
125 124 1
122 125 1
123 125 1
124 125 1
92 126 2
161 126 1
341 126 3
378 126 1
145 127 1
164 127 1
201 127 1
297 127 1
119 128 2
151 128 1
251 128 1
275 128 2
290 128 1
225 129 1
226 129 1
220 130 1
21 131 1
65 131 1
138 131 1
181 132 3
283 132 2
86 133 1
417 133 1
114 134 1
234 134 1
326 134 1
120 135 1
172 135 1
450 135 1
62 136 1
427 136 1
75 137 1
272 137 1
381 137 1
428 137 1
21 138 1
65 138 1
131 138 1
161 139 1
360 139 1
456 139 1
457 139 1
8 140 1
10 140 1
11 140 1
118 141 1
258 141 1
310 141 1
339 141 1
347 141 1
402 141 1
391 142 1
392 142 1
34 143 1
73 143 1
76 143 1
144 143 1
176 143 1
199 143 1
273 143 1
34 144 1
76 144 1
143 144 1
127 145 1
164 145 1
297 145 1
52 146 1
211 146 1
305 146 1
55 147 1
30 148 1
179 148 1
462 148 1
152 149 2
279 149 1
308 149 1
331 149 1
466 149 1
32 150 1
46 150 1
101 150 1
103 150 1
224 150 1
260 150 2
350 150 1
119 151 2
128 151 1
275 151 1
302 151 1
351 151 1
372 151 1
149 152 2
34 153 2
50 153 1
154 153 2
171 153 1
34 154 2
50 154 1
153 154 2
171 154 1
177 155 1
44 156 1
447 156 1
34 157 1
88 158 1
250 158 1
117 159 1
291 159 1
304 159 1
324 159 1
438 159 1
204 160 2
356 160 1
92 161 1
126 161 1
139 161 1
299 161 1
341 161 1
360 161 1
456 161 1
457 161 1
163 162 1
162 163 1
127 164 1
145 164 1
297 164 1
53 165 1
115 165 1
167 166 2
168 166 2
223 166 1
379 166 1
396 166 2
166 167 2
168 167 2
223 167 1
379 167 1
396 167 2
166 168 2
167 168 2
223 168 1
379 168 1
396 168 2
247 169 1
258 169 1
316 170 1
321 170 1
362 170 1
368 170 1
459 170 1
460 170 1
461 170 1
34 171 1
153 171 1
154 171 1
120 172 1
135 172 1
450 172 1
87 173 1
227 173 1
268 173 1
370 173 1
371 173 1
72 174 1
77 174 1
190 174 1
34 175 1
188 175 1
73 176 1
143 176 1
199 176 1
155 177 1
12 178 1
39 178 1
301 178 2
30 179 1
148 179 1
462 179 1
28 180 1
33 180 1
34 180 1
52 181 1
132 181 3
253 181 1
283 181 2
429 181 1
452 181 1
458 181 1
191 182 1
214 182 1
236 182 1
266 182 1
334 183 1
358 183 1
364 183 1
433 183 1
14 184 1
185 184 1
430 184 1
14 185 1
184 185 1
430 185 1
100 186 1
209 186 1
217 186 1
237 186 1
264 186 1
274 186 1
376 186 1
420 186 1
421 186 1
202 187 1
255 187 1
307 187 1
312 187 1
34 188 2
175 188 1
397 188 1
448 189 1
449 189 1
72 190 1
77 190 1
174 190 1
182 191 1
214 191 1
236 191 1
266 191 1
46 192 1
388 192 1
202 193 1
261 193 1
282 194 1
20 195 1
202 196 1
203 196 1
299 196 1
307 196 1
41 197 1
103 197 1
320 198 1
373 198 1
455 198 1
73 199 1
143 199 1
176 199 1
394 200 1
423 200 1
127 201 1
16 202 1
104 202 2
187 202 1
193 202 1
196 202 1
203 202 1
238 202 1
255 202 1
261 202 2
299 202 1
307 202 2
312 202 1
329 202 1
343 202 1
344 202 1
374 202 1
400 202 1
196 203 1
202 203 1
299 203 1
307 203 1
27 204 1
31 204 1
75 204 1
160 204 2
288 204 1
315 204 1
356 204 1
40 205 1
9 206 1
287 206 1
61 207 1
102 207 1
208 207 1
406 207 1
61 208 1
102 208 1
207 208 1
406 208 1
100 209 1
186 209 1
217 209 1
237 209 1
264 209 1
274 209 1
376 209 1
420 209 1
421 209 1
19 210 1
60 210 1
71 210 2
278 210 1
52 211 1
146 211 1
305 211 1
59 212 1
275 212 2
369 212 1
75 213 1
272 213 1
182 214 1
191 214 1
236 214 1
266 214 1
121 215 1
218 215 1
219 215 1
237 215 1
244 216 1
68 217 1
100 217 1
186 217 1
209 217 1
237 217 1
264 217 1
274 217 1
342 217 1
346 217 1
376 217 1
377 217 1
420 217 1
421 217 1
463 217 1
121 218 1
215 218 1
219 218 1
237 218 1
121 219 1
215 219 1
218 219 1
237 219 1
130 220 1
286 220 1
23 221 1
270 221 1
322 222 1
166 223 1
167 223 1
168 223 1
379 223 1
396 223 1
101 224 1
150 224 1
129 225 1
226 225 1
129 226 1
225 226 1
87 227 1
173 227 1
268 227 1
318 227 1
370 227 1
371 227 1
114 228 1
229 228 2
230 228 1
256 228 1
114 229 1
228 229 2
230 229 2
256 229 2
418 229 1
228 230 1
229 230 2
256 230 3
269 230 1
365 230 1
412 230 1
418 230 1
233 231 1
252 231 2
327 231 1
413 231 2
311 232 1
231 233 1
252 233 1
413 233 1
114 234 1
134 234 1
326 234 1
240 235 1
241 235 1
337 235 1
67 236 1
182 236 1
191 236 1
214 236 1
265 236 1
266 236 1
100 237 1
121 237 1
186 237 1
209 237 1
215 237 1
217 237 1
218 237 1
219 237 1
264 237 1
274 237 1
376 237 1
420 237 1
421 237 1
422 237 1
31 238 1
56 238 1
81 238 1
104 238 1
202 238 1
245 238 1
248 238 1
249 238 1
293 238 1
343 238 1
400 238 1
419 239 1
235 240 1
241 240 1
337 240 1
235 241 1
240 241 1
337 241 1
306 242 1
354 242 1
355 242 1
22 243 1
106 243 1
271 243 1
216 244 1
31 245 1
56 245 1
81 245 1
238 245 1
248 245 1
249 245 1
249 246 1
409 246 1
169 247 1
258 247 1
31 248 1
56 248 1
81 248 1
238 248 1
245 248 1
249 248 1
31 249 1
56 249 1
81 249 1
104 249 1
238 249 1
245 249 1
246 249 1
248 249 1
259 249 1
267 249 1
409 249 1
88 250 1
158 250 1
119 251 1
128 251 1
275 251 3
290 251 1
386 251 1
231 252 2
233 252 1
327 252 1
413 252 2
52 253 1
181 253 1
300 254 1
187 255 1
202 255 1
307 255 1
312 255 1
228 256 1
229 256 2
230 256 3
269 256 1
365 256 1
412 256 1
418 256 1
331 257 1
345 257 1
410 257 1
118 258 2
141 258 1
169 258 1
247 258 1
310 258 1
338 258 1
339 258 1
347 258 1
402 258 1
104 259 1
249 259 1
267 259 1
32 260 1
46 260 1
103 260 1
150 260 2
193 261 1
202 261 2
47 262 1
276 262 1
387 262 1
440 262 1
441 262 1
442 262 1
443 262 1
103 263 1
464 263 1
100 264 1
186 264 1
209 264 1
217 264 1
237 264 1
274 264 2
361 264 1
376 264 1
420 264 1
421 264 1
67 265 1
236 265 1
182 266 1
191 266 1
214 266 1
236 266 1
1 267 1
2 267 1
3 267 1
60 267 1
104 267 1
249 267 1
259 267 1
87 268 1
173 268 1
227 268 1
370 268 1
371 268 1
230 269 1
256 269 1
365 269 1
412 269 1
23 270 2
221 270 1
22 271 1
106 271 1
243 271 1
75 272 2
137 272 1
213 272 1
381 272 1
428 272 1
143 273 1
100 274 1
186 274 1
209 274 1
217 274 1
237 274 1
264 274 2
376 274 1
420 274 1
421 274 1
59 275 1
119 275 2
128 275 2
151 275 1
212 275 2
251 275 3
290 275 1
369 275 1
13 276 1
47 276 2
91 276 1
262 276 1
330 276 1
387 276 1
440 276 1
441 276 1
442 276 1
443 276 1
118 277 1
313 277 1
29 278 1
60 278 2
71 278 1
210 278 1
352 278 1
353 278 1
149 279 1
308 279 1
466 279 1
114 280 1
348 281 1
411 281 1
194 282 1
132 283 2
181 283 2
7 284 1
34 285 2
50 285 1
298 285 1
220 286 1
9 287 1
206 287 1
27 288 1
31 288 1
75 288 1
204 288 1
74 289 1
75 289 1
119 290 1
128 290 1
251 290 1
275 290 1
117 291 1
159 291 1
304 291 1
324 291 1
438 291 1
31 292 1
401 292 1
436 292 1
238 293 1
84 294 1
295 294 1
84 295 1
294 295 1
7 296 1
26 296 1
319 296 1
127 297 1
145 297 1
164 297 1
34 298 1
50 298 1
285 298 1
161 299 1
196 299 1
202 299 1
203 299 1
307 299 1
254 300 1
178 301 2
119 302 1
151 302 1
351 302 1
372 302 1
104 303 1
117 304 1
159 304 1
291 304 1
324 304 1
438 304 1
52 305 1
146 305 1
211 305 1
242 306 1
354 306 1
355 306 1
187 307 1
196 307 1
202 307 2
203 307 1
255 307 1
299 307 1
312 307 1
149 308 1
279 308 1
466 308 1
97 309 1
98 309 1
100 309 1
367 309 1
420 309 1
118 310 1
141 310 1
258 310 1
339 310 1
347 310 1
402 310 1
232 311 1
16 312 1
104 312 1
187 312 1
202 312 1
255 312 1
307 312 1
314 312 1
118 313 1
277 313 1
312 314 1
204 315 1
170 316 1
321 316 1
362 316 1
368 316 1
459 316 1
460 316 1
461 316 1
116 317 1
227 318 1
7 319 1
26 319 1
296 319 1
198 320 1
170 321 1
316 321 1
362 321 1
368 321 1
459 321 1
460 321 1
461 321 1
222 322 1
17 323 1
117 324 1
159 324 1
291 324 1
304 324 1
438 324 1
117 325 1
114 326 1
134 326 1
234 326 1
231 327 1
252 327 1
413 327 1
408 328 1
104 329 1
202 329 1
13 330 1
47 330 1
91 330 1
276 330 1
149 331 1
257 331 1
345 331 1
410 331 1
4 332 1
31 332 1
333 332 1
4 333 1
31 333 1
332 333 1
183 334 1
358 334 1
364 334 1
433 334 1
336 335 2
375 335 1
335 336 2
375 336 1
235 337 1
240 337 1
241 337 1
49 338 1
118 338 1
258 338 1
118 339 1
141 339 1
258 339 1
310 339 1
347 339 1
402 339 1
34 340 1
92 341 2
126 341 3
161 341 1
378 341 1
217 342 1
463 342 1
104 343 1
202 343 1
238 343 1
400 343 1
16 344 1
202 344 1
374 344 1
257 345 1
331 345 1
410 345 1
68 346 1
217 346 1
377 346 1
118 347 1
141 347 1
258 347 1
310 347 1
339 347 1
402 347 1
281 348 1
411 348 1
396 349 1
404 349 1
434 349 1
439 349 1
150 350 1
119 351 1
151 351 1
302 351 1
372 351 1
29 352 1
60 352 1
278 352 1
353 352 1
29 353 1
60 353 1
278 353 1
352 353 1
242 354 1
306 354 1
355 354 1
242 355 1
306 355 1
354 355 1
160 356 1
204 356 1
382 357 1
183 358 1
334 358 1
364 358 1
433 358 1
65 359 2
389 359 1
416 359 1
453 359 1
454 359 1
139 360 1
161 360 1
456 360 1
457 360 1
264 361 1
170 362 1
316 362 1
321 362 1
368 362 1
459 362 1
460 362 1
461 362 1
424 363 1
183 364 1
334 364 1
358 364 1
433 364 1
230 365 1
256 365 1
269 365 1
412 365 1
403 366 1
97 367 1
98 367 1
100 367 1
309 367 1
420 367 1
170 368 1
316 368 1
321 368 1
362 368 1
459 368 1
460 368 1
461 368 1
59 369 1
212 369 1
275 369 1
87 370 1
173 370 1
227 370 1
268 370 1
371 370 1
87 371 1
173 371 1
227 371 1
268 371 1
370 371 1
119 372 1
151 372 1
302 372 1
351 372 1
198 373 1
455 373 1
16 374 1
202 374 1
344 374 1
335 375 1
336 375 1
100 376 1
186 376 1
209 376 1
217 376 1
237 376 1
264 376 1
274 376 1
420 376 1
421 376 1
68 377 1
217 377 1
346 377 1
126 378 1
341 378 1
166 379 1
167 379 1
168 379 1
223 379 1
396 379 1
383 380 1
384 380 1
446 380 1
75 381 1
137 381 1
272 381 1
428 381 1
357 382 1
380 383 1
384 383 1
446 383 1
380 384 1
383 384 1
446 384 1
70 385 1
251 386 1
47 387 1
262 387 1
276 387 1
440 387 1
441 387 1
442 387 1
443 387 1
46 388 1
192 388 1
65 389 1
359 389 1
416 389 1
453 389 1
454 389 1
111 390 1
142 391 1
392 391 1
142 392 1
391 392 1
58 393 1
200 394 1
423 394 1
25 395 1
166 396 2
167 396 2
168 396 2
223 396 1
349 396 1
379 396 1
434 396 1
34 397 1
188 397 1
5 398 1
15 398 1
63 399 1
64 399 1
110 399 1
104 400 1
202 400 1
238 400 1
343 400 1
31 401 1
292 401 1
436 401 1
118 402 1
141 402 1
258 402 1
310 402 1
339 402 1
347 402 1
366 403 1
349 404 1
439 404 1
425 405 1
426 405 1
61 406 1
102 406 1
207 406 1
208 406 1
468 407 1
469 407 1
328 408 1
246 409 1
249 409 1
257 410 1
331 410 1
345 410 1
281 411 1
348 411 1
230 412 1
256 412 1
269 412 1
365 412 1
231 413 2
233 413 1
252 413 2
327 413 1
51 414 1
54 414 1
55 415 1
65 416 1
359 416 1
389 416 1
453 416 1
454 416 1
86 417 1
133 417 1
229 418 1
230 418 1
256 418 1
239 419 1
97 420 1
98 420 1
100 420 2
186 420 1
209 420 1
217 420 1
237 420 1
264 420 1
274 420 1
309 420 1
367 420 1
376 420 1
421 420 1
100 421 1
186 421 1
209 421 1
217 421 1
237 421 1
264 421 1
274 421 1
376 421 1
420 421 1
237 422 1
200 423 1
394 423 1
363 424 1
405 425 1
426 425 1
405 426 1
425 426 1
62 427 1
136 427 1
75 428 1
137 428 1
272 428 1
381 428 1
181 429 1
14 430 1
184 430 1
185 430 1
432 431 1
431 432 1
183 433 1
334 433 1
358 433 1
364 433 1
349 434 1
396 434 1
18 435 1
45 435 1
66 435 1
31 436 1
292 436 1
401 436 1
48 437 1
89 437 1
117 438 1
159 438 1
291 438 1
304 438 1
324 438 1
349 439 1
404 439 1
47 440 1
262 440 1
276 440 1
387 440 1
441 440 1
442 440 1
443 440 1
47 441 1
262 441 1
276 441 1
387 441 1
440 441 1
442 441 1
443 441 1
47 442 1
262 442 1
276 442 1
387 442 1
440 442 1
441 442 1
443 442 1
47 443 1
262 443 1
276 443 1
387 443 1
440 443 1
441 443 1
442 443 1
38 444 1
39 444 1
57 445 1
380 446 1
383 446 1
384 446 1
44 447 1
156 447 1
189 448 1
449 448 1
189 449 1
448 449 1
120 450 1
135 450 1
172 450 1
36 451 1
37 451 1
181 452 1
65 453 1
359 453 1
389 453 1
416 453 1
454 453 1
65 454 1
359 454 1
389 454 1
416 454 1
453 454 1
198 455 1
373 455 1
139 456 1
161 456 1
360 456 1
457 456 1
139 457 1
161 457 1
360 457 1
456 457 1
181 458 1
170 459 1
316 459 1
321 459 1
362 459 1
368 459 1
460 459 1
461 459 1
170 460 1
316 460 1
321 460 1
362 460 1
368 460 1
459 460 1
461 460 1
170 461 1
316 461 1
321 461 1
362 461 1
368 461 1
459 461 1
460 461 1
30 462 1
148 462 1
179 462 1
217 463 1
342 463 1
103 464 1
263 464 1
120 465 1
149 466 1
279 466 1
308 466 1
108 467 1
407 468 1
469 468 1
407 469 1
468 469 1
