6 1 1
8 1 1
189 1 1
222 1 1
173 2 1
12 3 1
13 3 1
137 4 1
422 4 1
462 5 1
1 6 1
8 6 1
189 6 1
222 6 1
67 7 1
104 7 1
105 7 1
1 8 1
6 8 1
75 8 1
98 8 1
142 8 1
164 8 2
189 8 2
195 8 1
204 8 2
205 8 1
208 8 2
222 8 1
224 8 1
230 8 2
232 8 1
247 8 1
346 8 1
451 8 1
480 8 1
505 8 1
507 8 1
18 9 1
93 9 1
94 9 1
122 9 1
132 9 1
303 9 1
23 10 1
39 11 1
275 11 1
474 11 1
3 12 1
13 12 1
14 12 2
359 12 1
3 13 1
12 13 1
12 14 2
51 14 3
54 14 1
55 14 3
56 14 1
89 14 1
90 14 1
92 14 1
106 14 1
110 14 1
111 14 1
116 14 1
124 14 1
149 14 1
238 14 1
252 14 1
280 14 1
285 14 1
307 14 1
350 14 1
351 14 1
357 14 1
359 14 2
492 14 1
513 14 1
183 15 1
189 15 1
100 16 2
24 17 1
164 17 1
424 17 1
430 17 1
441 17 1
9 18 1
122 18 1
132 18 1
303 18 1
41 19 1
81 19 1
99 19 1
288 19 1
300 19 1
336 19 1
136 20 1
148 20 6
157 20 6
161 20 1
263 20 2
402 20 1
408 20 2
440 20 2
450 20 1
468 20 1
31 21 1
34 21 1
51 21 1
58 21 1
139 21 1
55 22 2
56 22 1
71 22 2
10 23 1
17 24 1
430 24 1
39 25 1
57 25 1
147 25 1
162 25 1
391 25 1
392 25 1
393 25 1
394 25 1
225 26 1
399 26 1
415 27 1
29 28 1
30 28 1
28 29 1
30 29 1
28 30 1
29 30 1
21 31 1
32 31 1
51 31 4
139 31 1
179 31 1
322 31 1
31 32 1
51 32 1
179 32 1
400 33 1
401 33 1
21 34 1
58 34 1
87 34 1
102 34 1
110 34 1
111 34 1
131 34 1
155 34 1
191 34 1
192 34 1
63 35 1
37 36 1
133 36 1
331 36 1
36 37 1
133 37 1
331 37 1
115 38 1
11 39 1
25 39 1
57 39 1
147 39 1
162 39 1
275 39 1
391 39 1
392 39 1
393 39 1
394 39 1
474 39 1
41 40 2
299 40 1
19 41 1
40 41 2
45 41 1
165 41 1
288 41 1
299 41 1
43 42 1
44 42 1
42 43 1
44 43 1
42 44 1
43 44 1
41 45 1
98 46 1
300 46 1
419 46 1
478 46 1
72 47 1
113 47 2
166 47 2
319 47 1
521 47 1
88 48 1
184 48 1
352 48 1
460 48 1
469 48 1
50 49 1
49 50 1
304 50 1
14 51 3
21 51 1
31 51 4
32 51 1
54 51 1
55 51 1
89 51 1
110 51 2
111 51 1
114 51 1
139 51 1
149 51 2
174 51 1
177 51 1
178 51 3
179 51 1
182 51 1
207 51 1
225 51 1
237 51 2
255 51 3
261 51 1
269 51 2
271 51 1
284 51 2
292 51 5
309 51 2
313 51 1
322 51 1
337 51 2
341 51 1
342 51 2
376 51 1
378 51 1
423 51 1
449 51 1
452 51 1
459 51 2
485 51 1
53 52 1
54 52 1
55 52 1
56 52 1
52 53 1
54 53 1
55 53 1
56 53 1
14 54 1
51 54 1
52 54 1
53 54 1
55 54 2
56 54 1
68 54 1
149 54 1
453 54 1
14 55 3
22 55 2
51 55 1
52 55 1
53 55 1
54 55 2
56 55 3
71 55 2
92 55 1
14 56 1
22 56 1
52 56 1
53 56 1
54 56 1
55 56 3
59 56 1
60 56 1
61 56 1
71 56 1
74 56 1
92 56 1
318 56 1
458 56 1
471 56 1
25 57 1
39 57 1
59 57 1
60 57 1
147 57 1
162 57 1
391 57 1
392 57 1
393 57 1
394 57 1
481 57 1
528 57 1
529 57 1
21 58 1
34 58 1
56 59 1
57 59 1
60 59 2
61 59 1
439 59 1
458 59 1
481 59 1
56 60 1
57 60 1
59 60 2
74 60 1
149 60 1
318 60 1
439 60 1
471 60 1
481 60 1
56 61 1
59 61 1
458 61 1
135 62 1
526 62 1
527 62 1
35 63 1
246 64 1
66 65 2
360 65 2
65 66 2
153 66 1
218 66 1
266 66 1
360 66 2
7 67 1
104 67 1
105 67 1
54 68 1
149 68 1
448 68 1
70 69 1
368 69 1
69 70 1
368 70 1
22 71 2
55 71 2
56 71 1
47 72 1
521 72 1
296 73 1
297 73 1
298 73 1
420 73 1
56 74 1
60 74 1
318 74 1
471 74 1
8 75 1
83 75 2
98 75 1
302 75 2
311 75 3
77 76 1
123 76 1
225 76 1
414 76 1
76 77 1
123 77 1
215 77 1
225 77 1
414 77 2
484 77 1
170 78 1
126 79 1
138 79 3
173 79 1
276 79 1
277 79 1
278 79 1
316 80 1
317 80 1
19 81 1
95 82 1
168 82 1
518 82 1
75 83 2
302 83 1
85 84 1
86 84 1
84 85 1
86 85 1
84 86 1
85 86 1
34 87 1
102 87 1
48 88 1
460 88 1
14 89 1
51 89 1
90 89 1
125 89 1
126 89 1
238 89 1
513 89 1
14 90 1
89 90 1
238 90 1
513 90 1
107 91 1
108 91 1
109 91 1
14 92 1
55 92 1
56 92 1
9 93 1
94 93 1
9 94 1
93 94 1
82 95 1
168 95 2
501 95 1
518 95 1
97 96 1
217 96 1
96 97 1
217 97 1
8 98 1
46 98 1
75 98 1
146 98 2
229 98 1
419 98 1
506 98 1
19 99 1
300 99 1
16 100 2
112 101 2
121 101 1
34 102 1
87 102 1
190 103 1
7 104 1
67 104 1
105 104 1
7 105 1
67 105 1
104 105 1
14 106 1
116 106 1
307 106 1
91 107 1
108 107 1
109 107 1
91 108 1
107 108 1
109 108 1
91 109 1
107 109 1
108 109 1
14 110 1
34 110 1
51 110 2
111 110 2
256 110 1
313 110 3
14 111 1
34 111 1
51 111 1
110 111 2
101 112 2
47 113 2
166 113 2
51 114 1
38 115 1
14 116 1
106 116 1
307 116 1
118 117 1
117 118 1
120 119 1
227 119 2
228 119 2
119 120 1
227 120 1
228 120 1
101 121 1
9 122 1
18 122 1
132 122 1
303 122 1
76 123 1
77 123 1
225 123 1
414 123 1
14 124 1
89 125 1
126 125 1
79 126 1
89 126 1
125 126 1
138 126 2
173 126 1
510 126 1
128 127 1
127 128 1
261 128 1
271 128 1
148 129 1
245 129 1
440 129 1
494 129 1
495 129 1
141 130 1
34 131 1
191 131 1
192 131 1
9 132 1
18 132 1
122 132 1
303 132 1
36 133 1
37 133 1
331 133 1
150 134 1
364 134 1
62 135 1
526 135 1
527 135 1
20 136 1
148 136 1
157 136 1
185 136 1
440 136 1
450 136 2
468 136 1
4 137 1
422 137 1
79 138 3
126 138 2
173 138 1
276 138 1
277 138 1
278 138 1
21 139 1
31 139 1
51 139 1
502 140 1
503 140 1
130 141 1
8 142 1
164 142 1
208 142 1
239 142 1
346 142 1
421 142 1
505 142 1
144 143 1
145 143 1
160 143 1
143 144 1
145 144 1
160 144 1
143 145 1
144 145 1
160 145 1
98 146 2
229 146 1
506 146 1
25 147 1
39 147 1
57 147 1
162 147 1
391 147 1
392 147 1
393 147 1
394 147 1
20 148 6
129 148 1
136 148 1
157 148 8
161 148 1
175 148 1
263 148 4
402 148 2
408 148 2
416 148 1
417 148 1
418 148 2
440 148 2
450 148 1
468 148 1
470 148 1
494 148 1
495 148 1
14 149 1
51 149 2
54 149 1
60 149 1
68 149 1
188 149 1
202 149 1
250 149 1
272 149 1
332 149 1
390 149 1
459 149 4
492 149 1
134 150 1
364 150 1
186 151 1
187 151 1
196 152 1
382 152 1
383 152 1
66 153 1
218 153 1
266 153 1
240 154 1
358 154 1
34 155 1
370 156 1
20 157 6
136 157 1
148 157 8
161 157 1
175 157 1
263 157 3
338 157 1
402 157 2
408 157 2
416 157 1
417 157 1
418 157 1
440 157 2
450 157 1
468 157 1
257 158 1
258 158 1
509 158 1
325 159 1
143 160 1
144 160 1
145 160 1
20 161 1
148 161 1
157 161 1
440 161 1
25 162 1
39 162 1
57 162 1
147 162 1
391 162 1
392 162 1
393 162 1
394 162 1
180 163 1
455 163 1
8 164 2
17 164 1
142 164 1
195 164 1
198 164 1
208 164 2
222 164 1
224 164 1
230 164 1
233 164 1
234 164 2
264 164 1
346 164 1
424 164 1
480 164 1
490 164 1
505 164 1
41 165 1
47 166 2
113 166 2
427 167 1
82 168 1
95 168 2
501 168 1
518 168 1
247 169 1
78 170 1
251 171 1
489 172 1
2 173 1
79 173 1
126 173 1
138 173 1
51 174 1
148 175 1
157 175 1
402 175 1
417 175 1
418 175 1
488 176 1
51 177 1
341 177 1
342 177 1
51 178 3
269 178 1
271 178 1
452 178 1
31 179 1
32 179 1
51 179 1
163 180 1
243 181 1
51 182 1
255 182 1
292 182 1
15 183 1
189 183 1
48 184 1
352 184 1
136 185 1
450 185 1
151 186 1
187 186 1
151 187 1
186 187 1
149 188 1
1 189 1
6 189 1
8 189 2
15 189 1
183 189 1
204 189 1
205 189 1
213 189 4
220 189 1
222 189 1
223 189 4
224 189 2
230 189 1
235 189 2
236 189 1
482 189 1
483 189 1
493 189 1
517 189 1
519 189 1
520 189 1
103 190 1
34 191 1
131 191 1
192 191 1
34 192 1
131 192 1
191 192 1
250 193 1
267 193 1
454 193 1
292 194 1
376 194 1
379 194 1
8 195 1
164 195 1
208 195 1
152 196 1
382 196 1
383 196 1
426 197 1
164 198 1
233 198 1
234 198 1
345 198 1
203 199 2
314 199 1
372 199 2
373 199 1
287 200 1
326 200 1
327 200 1
456 201 1
457 201 1
149 202 1
250 202 1
272 202 1
199 203 2
314 203 1
372 203 2
373 203 1
8 204 2
189 204 1
205 204 1
224 204 1
230 204 1
232 204 1
477 204 2
8 205 1
189 205 1
204 205 1
213 205 1
224 205 1
232 205 1
444 206 1
51 207 1
209 207 1
225 207 2
250 207 1
337 207 2
338 207 1
8 208 2
142 208 1
164 208 2
195 208 1
225 208 1
346 208 3
425 208 1
504 208 1
505 208 1
207 209 1
250 209 1
262 210 1
212 211 1
211 212 1
189 213 4
205 213 1
220 213 1
223 213 1
224 213 1
235 213 1
236 213 1
482 213 1
483 213 1
493 213 1
273 214 1
77 215 1
414 215 1
484 215 1
403 216 1
96 217 1
97 217 1
66 218 1
153 218 1
266 218 1
463 219 1
189 220 1
213 220 1
235 220 1
236 220 1
263 221 1
1 222 1
6 222 1
8 222 1
164 222 1
189 222 1
480 222 1
490 222 1
189 223 4
213 223 1
482 223 1
483 223 1
8 224 1
164 224 1
189 224 2
204 224 1
205 224 1
213 224 1
230 224 1
264 224 1
26 225 1
51 225 1
76 225 1
77 225 1
123 225 1
207 225 2
208 225 1
259 225 1
310 225 1
337 225 2
399 225 1
414 225 1
425 225 1
479 225 1
265 226 1
279 226 1
119 227 2
120 227 1
228 227 2
442 227 1
443 227 1
119 228 2
120 228 1
227 228 2
98 229 1
146 229 1
254 229 1
8 230 2
164 230 1
189 230 1
204 230 1
224 230 1
234 230 1
247 230 1
451 230 1
480 230 1
235 231 1
511 231 1
512 231 1
8 232 1
204 232 1
205 232 1
164 233 1
198 233 1
234 233 1
164 234 2
198 234 1
230 234 1
233 234 1
189 235 2
213 235 1
220 235 1
231 235 1
236 235 1
339 235 1
340 235 1
511 235 1
512 235 1
189 236 1
213 236 1
220 236 1
235 236 1
51 237 2
337 237 1
14 238 1
89 238 1
90 238 1
513 238 1
142 239 1
421 239 1
154 240 1
358 240 1
333 241 1
516 242 1
181 243 1
500 244 1
129 245 1
440 245 1
64 246 1
8 247 1
169 247 1
230 247 1
451 247 1
480 247 1
461 248 1
496 249 1
149 250 1
193 250 1
202 250 1
207 250 1
209 250 1
259 250 1
267 250 1
272 250 1
454 250 1
171 251 1
14 252 1
323 253 1
324 253 1
229 254 1
51 255 3
182 255 1
292 255 3
376 255 1
378 255 1
485 255 1
110 256 1
292 256 1
313 256 2
508 256 1
158 257 1
258 257 1
158 258 1
257 258 1
225 259 1
250 259 1
310 259 1
479 259 1
514 260 1
51 261 1
128 261 1
271 261 1
210 262 1
20 263 2
148 263 4
157 263 3
221 263 1
408 263 1
416 263 1
164 264 1
224 264 1
226 265 1
279 265 1
66 266 1
153 266 1
218 266 1
193 267 1
250 267 1
454 267 1
283 268 2
343 268 4
51 269 2
178 269 1
270 269 1
271 269 3
452 269 1
269 270 1
271 270 1
51 271 1
128 271 1
178 271 1
261 271 1
269 271 3
270 271 1
370 271 1
452 271 2
149 272 1
202 272 1
250 272 1
214 273 1
370 274 1
445 274 1
446 274 1
447 274 1
11 275 1
39 275 1
474 275 1
79 276 1
138 276 1
277 276 1
278 276 1
79 277 1
138 277 1
276 277 1
278 277 1
79 278 1
138 278 1
276 278 1
277 278 1
226 279 1
265 279 1
14 280 1
349 281 1
344 282 1
268 283 2
343 283 2
51 284 2
449 284 2
14 285 1
357 285 1
428 286 1
429 286 1
200 287 1
326 287 1
327 287 1
19 288 1
41 288 1
451 289 1
367 290 2
369 290 2
386 291 1
387 291 1
388 291 1
389 291 1
51 292 5
182 292 1
194 292 1
255 292 3
256 292 1
309 292 2
313 292 1
374 292 1
375 292 1
376 292 3
377 292 1
378 292 1
379 292 1
485 292 1
508 292 1
312 293 2
515 293 1
295 294 1
294 295 1
73 296 1
297 296 1
298 296 1
420 296 1
73 297 1
296 297 1
298 297 1
420 297 1
73 298 1
296 298 1
297 298 1
420 298 1
40 299 1
41 299 1
19 300 1
46 300 1
99 300 1
478 300 1
466 301 1
467 301 1
75 302 2
83 302 1
9 303 1
18 303 1
122 303 1
132 303 1
50 304 1
306 305 1
305 306 1
14 307 1
106 307 1
116 307 1
522 308 1
523 308 1
51 309 2
292 309 2
225 310 1
259 310 1
479 310 1
75 311 3
293 312 2
515 312 1
51 313 1
110 313 3
256 313 2
292 313 1
508 313 1
199 314 1
203 314 1
372 314 1
373 314 1
415 315 1
80 316 1
317 316 1
80 317 1
316 317 1
56 318 1
60 318 1
74 318 1
471 318 1
47 319 1
321 320 1
320 321 1
31 322 1
51 322 1
370 322 2
253 323 1
324 323 1
253 324 1
323 324 1
159 325 1
200 326 1
287 326 1
327 326 1
200 327 1
287 327 1
326 327 1
329 328 1
330 328 1
328 329 1
330 329 1
328 330 1
329 330 1
36 331 1
37 331 1
133 331 1
149 332 1
241 333 1
335 334 1
334 335 1
19 336 1
51 337 2
207 337 2
225 337 2
237 337 1
425 337 1
499 337 1
157 338 1
207 338 1
235 339 1
340 339 1
425 339 1
235 340 1
339 340 1
51 341 1
177 341 1
342 341 1
51 342 2
177 342 1
341 342 1
268 343 4
283 343 2
282 344 1
198 345 1
8 346 1
142 346 1
164 346 1
208 346 3
504 346 1
505 346 1
348 347 1
347 348 1
281 349 1
14 350 1
351 350 1
14 351 1
350 351 1
395 351 1
396 351 1
397 351 1
398 351 1
48 352 1
184 352 1
354 353 1
355 353 1
356 353 1
353 354 1
355 354 1
356 354 1
353 355 1
354 355 1
356 355 1
353 356 1
354 356 1
355 356 1
14 357 1
285 357 1
154 358 1
240 358 1
12 359 1
14 359 2
65 360 2
66 360 2
362 361 1
363 361 1
361 362 1
363 362 1
361 363 1
362 363 1
134 364 1
150 364 1
366 365 1
365 366 1
290 367 2
369 367 3
371 367 1
69 368 1
70 368 1
290 369 2
367 369 3
371 369 1
156 370 1
271 370 1
274 370 1
322 370 2
445 370 1
446 370 1
447 370 1
367 371 1
369 371 1
199 372 2
203 372 2
314 372 1
373 372 1
199 373 1
203 373 1
314 373 1
372 373 1
292 374 1
375 374 1
376 374 1
377 374 1
292 375 1
374 375 1
376 375 1
377 375 1
51 376 1
194 376 1
255 376 1
292 376 3
374 376 1
375 376 1
377 376 1
379 376 1
485 376 1
292 377 1
374 377 1
375 377 1
376 377 1
51 378 1
255 378 1
292 378 1
194 379 1
292 379 1
376 379 1
381 380 1
380 381 1
152 382 1
196 382 1
383 382 1
152 383 1
196 383 1
382 383 1
385 384 1
384 385 1
291 386 1
387 386 1
388 386 1
389 386 1
291 387 1
386 387 1
388 387 1
389 387 1
291 388 1
386 388 1
387 388 1
389 388 1
291 389 1
386 389 1
387 389 1
388 389 1
149 390 1
25 391 1
39 391 1
57 391 1
147 391 1
162 391 1
392 391 1
393 391 1
394 391 1
25 392 1
39 392 1
57 392 1
147 392 1
162 392 1
391 392 1
393 392 1
394 392 1
25 393 1
39 393 1
57 393 1
147 393 1
162 393 1
391 393 1
392 393 1
394 393 1
25 394 1
39 394 1
57 394 1
147 394 1
162 394 1
391 394 1
392 394 1
393 394 1
351 395 1
396 395 1
397 395 1
398 395 1
351 396 1
395 396 1
397 396 1
398 396 1
351 397 1
395 397 1
396 397 1
398 397 1
351 398 1
395 398 1
396 398 1
397 398 1
26 399 1
225 399 1
33 400 1
401 400 1
33 401 1
400 401 1
20 402 1
148 402 2
157 402 2
175 402 1
417 402 1
418 402 1
216 403 1
405 404 1
406 404 1
407 404 1
404 405 1
406 405 1
407 405 1
404 406 1
405 406 1
407 406 1
404 407 1
405 407 1
406 407 1
20 408 2
148 408 2
157 408 2
263 408 1
410 409 1
411 409 1
412 409 1
413 409 1
409 410 1
411 410 1
412 410 1
413 410 1
409 411 1
410 411 1
412 411 1
413 411 1
409 412 1
410 412 1
411 412 1
413 412 1
409 413 1
410 413 1
411 413 1
412 413 1
76 414 1
77 414 2
123 414 1
215 414 1
225 414 1
484 414 1
27 415 1
315 415 1
148 416 1
157 416 1
263 416 1
148 417 1
157 417 1
175 417 1
402 417 1
418 417 1
148 418 2
157 418 1
175 418 1
402 418 1
417 418 1
470 418 1
46 419 1
98 419 1
73 420 1
296 420 1
297 420 1
298 420 1
142 421 1
239 421 1
4 422 1
137 422 1
51 423 1
17 424 1
164 424 1
208 425 1
225 425 1
337 425 1
339 425 1
499 425 1
197 426 1
167 427 1
286 428 1
429 428 1
286 429 1
428 429 1
17 430 1
24 430 1
432 431 1
431 432 1
434 433 1
435 433 1
433 434 1
435 434 1
433 435 1
434 435 1
437 436 1
438 436 1
436 437 1
438 437 1
436 438 1
437 438 1
59 439 1
60 439 1
20 440 2
129 440 1
136 440 1
148 440 2
157 440 2
161 440 1
245 440 1
450 440 1
468 440 1
17 441 1
227 442 1
443 442 1
227 443 1
442 443 1
206 444 1
274 445 1
370 445 1
446 445 1
447 445 1
274 446 1
370 446 1
445 446 1
447 446 1
274 447 1
370 447 1
445 447 1
446 447 1
68 448 1
51 449 1
284 449 2
20 450 1
136 450 2
148 450 1
157 450 1
185 450 1
440 450 1
468 450 1
8 451 1
230 451 1
247 451 1
289 451 1
480 451 1
51 452 1
178 452 1
269 452 1
271 452 2
54 453 1
193 454 1
250 454 1
267 454 1
163 455 1
201 456 1
457 456 1
201 457 1
456 457 1
56 458 1
59 458 1
61 458 1
51 459 2
149 459 4
48 460 1
88 460 1
248 461 1
5 462 1
219 463 1
491 463 1
465 464 1
464 465 1
301 466 1
467 466 1
301 467 1
466 467 1
20 468 1
136 468 1
148 468 1
157 468 1
440 468 1
450 468 1
48 469 1
148 470 1
418 470 1
56 471 1
60 471 1
74 471 1
318 471 1
473 472 1
472 473 1
11 474 1
39 474 1
275 474 1
476 475 1
475 476 1
204 477 2
46 478 1
300 478 1
225 479 1
259 479 1
310 479 1
8 480 1
164 480 1
222 480 1
230 480 1
247 480 1
451 480 1
490 480 1
57 481 1
59 481 1
60 481 1
189 482 1
213 482 1
223 482 1
483 482 1
189 483 1
213 483 1
223 483 1
482 483 1
77 484 1
215 484 1
414 484 1
51 485 1
255 485 1
292 485 1
376 485 1
487 486 1
486 487 1
176 488 1
172 489 1
164 490 1
222 490 1
480 490 1
463 491 1
14 492 1
149 492 1
189 493 1
213 493 1
129 494 1
148 494 1
495 494 1
129 495 1
148 495 1
494 495 1
249 496 1
498 497 1
497 498 1
337 499 1
425 499 1
244 500 1
95 501 1
168 501 1
140 502 1
503 502 1
140 503 1
502 503 1
208 504 1
346 504 1
8 505 1
142 505 1
164 505 1
208 505 1
346 505 1
98 506 1
146 506 1
8 507 1
256 508 1
292 508 1
313 508 1
158 509 1
126 510 1
231 511 1
235 511 1
512 511 1
231 512 1
235 512 1
511 512 1
14 513 1
89 513 1
90 513 1
238 513 1
260 514 1
293 515 1
312 515 1
242 516 1
189 517 1
82 518 1
95 518 1
168 518 1
189 519 1
520 519 1
189 520 1
519 520 1
47 521 1
72 521 1
308 522 1
523 522 1
308 523 1
522 523 1
525 524 1
524 525 1
62 526 1
135 526 1
527 526 1
62 527 1
135 527 1
526 527 1
57 528 1
529 528 1
57 529 1
528 529 1
