2 1 1
52 1 1
287 1 1
361 1 1
365 1 1
706 1 2
851 1 1
1104 1 1
1122 1 1
1145 1 2
1 2 1
287 2 1
365 2 1
1071 3 1
948 4 1
1069 4 1
1310 4 1
1500 4 1
167 5 1
193 5 1
231 5 1
240 5 1
948 5 1
1302 5 1
1382 6 1
2033 6 1
8 7 1
1523 7 1
1524 7 1
7 8 1
1523 8 1
1524 8 1
585 9 1
132 10 1
472 10 1
1593 11 1
32 12 1
33 12 1
77 12 1
999 12 1
228 13 1
917 13 1
191 14 1
1994 14 1
1202 15 1
1895 15 1
201 16 1
256 16 1
261 16 1
558 16 1
701 16 1
1581 16 1
1883 16 1
1884 16 1
1885 16 1
18 17 2
57 17 1
58 17 1
80 17 1
156 17 2
17 18 2
80 18 1
156 18 2
384 19 1
117 20 1
405 20 1
1307 20 1
450 21 1
463 21 1
948 21 1
1362 21 1
1391 21 1
1461 21 1
1488 21 1
34 22 1
35 23 1
51 23 1
87 23 1
88 23 1
197 24 1
246 24 1
1226 24 1
1240 25 1
1631 25 1
107 26 1
1012 26 1
2049 27 1
2050 27 1
46 28 1
974 28 1
1391 28 1
908 29 1
134 30 1
912 30 1
670 31 1
12 32 1
33 32 1
77 32 1
999 32 1
12 33 1
32 33 1
77 33 1
152 33 1
999 33 1
22 34 1
23 35 1
51 35 1
87 35 1
88 35 1
71 36 1
175 36 1
452 36 1
1296 37 2
2078 37 1
1384 38 1
177 39 1
285 39 1
94 40 1
628 40 2
790 40 1
1003 40 1
1652 41 1
1848 41 1
142 42 2
216 42 1
276 42 1
309 42 2
338 42 2
341 42 1
380 42 1
559 42 1
1068 42 1
1088 42 1
1191 42 1
1262 42 2
1809 42 1
1810 42 1
1863 42 1
1868 42 2
2034 42 1
165 43 1
1324 43 1
1073 44 1
2089 44 1
1038 45 1
1124 45 1
28 46 1
974 46 1
1391 46 1
291 47 1
821 47 1
909 47 1
2051 47 1
2052 47 1
311 48 1
379 48 1
195 49 1
1130 49 1
387 50 1
443 50 2
598 50 1
948 50 2
1014 50 1
23 51 1
35 51 1
87 51 1
88 51 1
1 52 1
65 53 1
314 53 1
1448 53 1
1073 54 1
1345 54 1
726 55 1
151 56 1
203 56 1
779 56 2
1425 56 2
2140 56 2
17 57 1
58 57 1
152 57 1
1526 57 1
17 58 1
57 58 1
116 58 1
152 58 2
857 58 1
858 58 1
1397 58 1
152 59 1
241 59 1
1568 59 1
76 60 1
158 60 1
1591 60 1
1225 61 2
1280 61 1
1281 61 1
537 62 1
97 63 1
152 63 1
106 64 1
1011 64 1
53 65 1
101 65 2
135 65 2
314 65 1
1448 65 1
1567 65 2
1630 65 1
122 66 1
663 66 1
1872 66 1
647 67 1
648 67 1
1001 67 1
1714 67 1
1733 67 1
1734 67 1
2081 67 1
586 68 1
587 68 1
1203 69 1
1847 69 1
2037 70 1
36 71 1
175 71 1
452 71 1
824 72 1
1156 72 1
1184 72 1
1564 72 1
1651 72 1
400 73 1
2164 73 1
1514 74 1
1687 74 1
87 75 1
88 75 1
114 75 1
1963 75 1
60 76 1
158 76 1
1591 76 1
12 77 1
32 77 1
33 77 1
125 77 1
254 77 1
310 77 1
368 77 1
950 77 1
999 77 1
195 78 1
345 78 1
1379 78 1
1135 79 1
1230 79 1
1502 79 1
17 80 1
18 80 1
156 80 1
788 81 1
580 82 1
940 82 1
1241 82 1
1708 82 1
124 83 1
2165 83 1
2166 83 1
442 84 3
833 84 1
1337 84 1
1338 84 1
1350 84 1
1772 84 1
1997 84 1
140 85 1
314 85 2
367 85 2
387 86 1
1399 86 1
23 87 1
35 87 1
51 87 1
75 87 1
88 87 2
114 87 1
23 88 1
35 88 1
51 88 1
75 88 1
87 88 2
114 88 1
125 89 1
363 89 1
402 89 1
469 89 2
482 89 1
483 89 1
590 89 2
599 89 1
750 89 1
883 89 1
279 90 1
936 90 2
477 91 1
503 92 1
621 92 1
1646 92 1
884 93 1
40 94 1
628 94 1
1003 94 1
1071 95 1
113 96 1
640 96 1
1252 96 1
63 97 1
152 97 1
1110 97 1
1044 98 1
1268 98 1
765 99 1
1622 99 1
2075 99 1
254 100 1
65 101 2
135 101 2
1567 101 2
1630 101 1
118 102 1
187 102 1
453 102 1
825 102 2
881 102 1
882 102 1
898 102 1
953 102 1
1655 102 1
1658 102 1
2133 102 1
1065 103 1
160 104 1
1742 104 1
293 105 1
64 106 1
26 107 1
1012 107 1
546 108 1
142 109 1
328 110 1
1881 110 1
263 111 1
264 111 1
1032 111 1
1090 111 1
1161 111 1
1729 111 1
195 112 1
1130 112 1
96 113 1
366 113 2
637 113 1
640 113 1
1252 113 1
1398 113 1
1841 113 1
75 114 1
87 114 1
88 114 1
916 115 1
58 116 1
152 116 1
20 117 1
405 117 1
1307 117 1
102 118 1
453 118 1
121 119 1
145 119 1
720 120 1
721 120 1
119 121 1
145 121 1
66 122 1
663 122 1
1872 122 1
857 123 1
858 123 1
1986 123 1
83 124 1
2165 124 1
2166 124 1
77 125 1
89 125 1
254 125 1
310 125 1
368 125 1
469 125 1
561 125 1
562 125 1
659 125 1
749 125 1
950 125 1
951 125 1
997 125 1
1579 125 1
361 126 1
1062 126 1
1237 126 1
1310 126 1
1334 126 1
2159 126 1
2160 126 1
2161 126 1
2162 126 1
2163 126 1
575 127 1
878 127 1
1317 127 1
1426 127 1
1427 127 1
349 128 1
388 128 1
293 129 1
1670 130 2
1937 130 2
1746 131 1
10 132 1
472 132 1
996 133 1
1004 133 1
1015 133 1
30 134 1
912 134 1
65 135 2
101 135 2
1567 135 2
1630 135 1
471 136 1
1005 137 1
231 138 1
948 138 1
1307 138 1
850 139 1
85 140 1
142 141 2
344 141 1
1074 141 2
1419 141 1
1536 141 1
42 142 2
109 142 1
141 142 2
309 142 1
344 142 1
1074 142 2
1191 142 1
1325 142 1
1419 142 1
1536 142 1
144 143 2
143 144 2
181 144 2
374 144 1
906 144 1
929 144 1
936 144 2
1500 144 1
1578 144 1
119 145 1
121 145 1
470 146 1
671 146 1
672 146 1
148 147 1
149 147 1
343 147 1
147 148 1
149 148 1
343 148 1
147 149 1
148 149 1
155 149 1
185 149 1
288 149 2
289 149 4
325 149 1
343 149 1
382 149 1
547 149 1
1227 149 1
1265 149 1
1381 149 1
2053 149 1
2064 149 1
362 150 1
56 151 1
203 151 1
33 152 1
57 152 1
58 152 2
59 152 1
63 152 1
97 152 1
116 152 1
241 152 1
311 152 1
455 152 2
729 152 1
857 152 1
858 152 1
963 152 2
975 152 1
976 152 1
1242 152 1
1309 152 2
1397 152 1
1526 152 1
1568 152 1
1682 152 1
2124 152 1
299 153 1
556 153 1
391 154 1
1235 154 2
1491 154 2
1616 154 1
1617 154 1
1679 154 1
1952 154 1
2116 154 1
149 155 1
289 155 1
17 156 2
18 156 2
80 156 1
169 157 1
1541 157 1
60 158 1
76 158 1
1591 158 1
235 159 1
809 159 1
104 160 1
172 160 1
188 160 1
1194 160 1
1742 160 1
460 161 1
458 162 1
597 162 1
705 162 1
805 162 1
2068 162 1
383 163 2
782 163 2
1049 163 1
1083 163 1
1226 163 1
1743 163 1
1977 163 1
1978 163 1
165 164 1
207 164 1
224 164 1
225 164 1
275 164 1
1070 164 1
1206 164 1
43 165 1
164 165 1
207 165 1
224 165 1
225 165 2
336 165 1
936 165 2
1074 165 1
1176 165 1
1186 165 1
1324 165 1
1814 165 1
179 166 1
375 166 1
396 166 1
399 166 1
5 167 1
193 167 1
231 167 1
240 167 1
948 167 1
1302 167 1
326 168 1
387 168 2
447 168 2
748 168 1
850 168 1
1431 168 1
1566 168 1
2044 168 1
157 169 1
1541 169 1
295 170 1
306 170 3
307 170 1
970 170 1
185 171 3
244 171 1
325 171 1
1039 171 1
1235 171 1
160 172 1
1194 172 1
174 173 1
173 174 1
389 174 3
542 174 2
543 174 1
677 174 1
937 174 1
1071 174 1
1102 174 1
1565 174 1
1782 174 1
36 175 1
71 175 1
452 175 1
782 176 1
39 177 1
285 177 1
294 178 1
166 179 1
312 179 1
314 179 1
375 179 1
977 180 1
1045 180 1
1251 180 1
1360 180 1
1483 180 1
1584 180 1
144 181 2
210 182 2
287 182 3
359 182 1
569 182 1
815 182 1
1112 182 1
1575 182 1
299 183 2
881 183 1
209 184 1
281 184 1
149 185 1
171 185 3
186 185 1
289 185 1
306 185 2
376 185 1
946 185 3
1299 185 1
1376 185 1
2015 185 1
2017 185 1
185 186 1
376 186 1
102 187 1
287 187 1
825 187 1
160 188 1
838 188 1
1106 188 1
1217 188 1
1386 188 1
1493 188 1
1635 188 1
1990 188 1
190 189 1
1474 189 1
189 190 1
1474 190 1
14 191 1
340 191 1
421 191 1
1115 191 1
1994 191 1
2008 191 1
269 192 1
1144 192 1
5 193 1
167 193 1
231 193 1
240 193 1
948 193 1
1302 193 1
220 194 1
1174 194 1
49 195 1
78 195 1
112 195 1
204 195 1
205 195 1
274 195 1
278 195 1
279 195 1
282 195 1
321 195 2
345 195 1
371 195 1
868 195 1
1087 195 1
1130 195 2
1142 195 1
1199 195 1
1207 195 1
1307 195 1
1372 195 2
1471 195 1
1492 195 1
2062 195 1
1509 196 1
24 197 1
219 197 4
246 197 1
257 197 1
279 197 7
703 197 3
1028 197 1
1037 197 1
1226 197 1
1269 197 1
1358 197 2
1476 197 1
1894 197 1
626 198 1
627 198 1
736 198 1
1152 198 1
1906 198 1
682 199 1
1171 199 1
549 200 1
696 200 1
1271 200 1
16 201 1
322 202 1
323 202 1
353 202 1
569 202 1
56 203 1
151 203 1
195 204 1
205 204 1
1307 204 1
1471 204 1
195 205 1
204 205 1
335 205 1
1307 205 1
1411 205 1
1471 205 2
487 206 1
2097 206 1
164 207 1
165 207 1
224 207 1
225 207 1
772 208 2
1834 208 1
184 209 1
281 209 2
337 209 1
836 209 1
1497 209 1
1551 209 1
182 210 2
287 210 2
327 210 1
574 210 1
1112 210 1
233 211 1
270 211 1
2039 211 1
232 212 1
236 212 1
1204 212 1
279 213 1
502 213 1
660 213 2
1266 213 1
270 214 1
1701 214 1
216 215 1
42 216 1
215 216 1
824 217 1
219 218 1
197 219 4
218 219 1
220 219 2
221 219 1
254 219 1
279 219 7
363 219 3
548 219 1
611 219 1
698 219 1
781 219 1
1101 219 1
1181 219 1
1236 219 1
1256 219 2
1373 219 1
1377 219 1
1444 219 1
1458 219 1
194 220 1
219 220 2
548 220 1
1174 220 1
219 221 1
222 221 3
233 221 1
253 221 1
254 221 2
350 221 1
611 221 1
617 221 1
655 221 1
1055 221 1
1076 221 1
1091 221 1
1181 221 1
1218 221 1
1247 221 1
1434 221 1
1487 221 1
221 222 3
233 222 1
350 222 1
1055 222 3
1076 222 1
1091 222 1
1216 222 1
1218 222 1
1246 222 1
1487 222 1
1596 222 1
439 223 1
464 223 1
946 223 1
1051 223 1
1205 223 1
1457 223 1
1571 223 1
1878 223 1
164 224 1
165 224 1
207 224 1
225 224 1
164 225 1
165 225 2
207 225 1
224 225 1
336 225 1
764 225 1
936 225 1
1072 225 1
1074 225 5
1122 225 1
1201 225 1
1389 225 1
1590 225 2
1814 225 2
2000 225 1
757 226 1
893 226 1
1214 226 2
1221 226 1
1238 226 1
1239 226 1
228 227 1
917 227 1
13 228 1
227 228 1
917 228 2
279 229 1
398 230 1
1797 230 1
5 231 1
138 231 1
167 231 1
193 231 1
240 231 1
948 231 2
1302 231 1
1307 231 1
212 232 1
236 232 1
1204 232 1
211 233 1
221 233 1
222 233 1
257 233 1
272 234 2
298 234 1
302 234 1
303 234 1
368 234 1
373 234 1
386 234 1
541 234 1
1307 234 1
1819 234 1
1907 234 1
1908 234 1
1909 234 1
1910 234 1
1911 234 1
2108 234 1
159 235 1
809 235 1
212 236 1
232 236 1
456 236 2
466 236 1
1204 236 1
1220 236 1
1462 236 1
2130 236 1
292 237 1
1837 237 1
382 238 1
442 239 3
678 239 1
1127 239 2
2065 239 1
2066 239 1
5 240 1
167 240 1
193 240 1
231 240 1
948 240 1
1302 240 1
59 241 1
152 241 1
1568 241 1
293 242 1
357 242 1
358 242 1
1464 242 1
1629 242 1
250 243 1
285 243 1
286 243 1
300 243 1
171 244 1
248 245 1
24 246 1
197 246 1
1226 246 1
253 247 1
245 248 1
1368 249 1
1369 249 1
1527 249 1
243 250 1
285 250 1
441 251 2
470 251 4
502 251 5
739 251 1
902 251 1
1246 251 2
1403 251 1
1428 251 1
1438 251 2
1574 251 1
1611 251 1
2127 251 1
2149 251 1
2170 251 1
298 252 1
221 253 1
247 253 1
304 253 1
617 253 1
1247 253 1
77 254 1
100 254 1
125 254 1
219 254 1
221 254 2
255 254 3
279 254 2
310 254 1
332 254 1
355 254 1
363 254 3
368 254 1
611 254 2
617 254 1
702 254 1
878 254 2
879 254 1
889 254 1
899 254 1
950 254 1
1008 254 1
1181 254 1
1250 254 1
1340 254 1
1341 254 1
1434 254 1
1600 254 1
1666 254 1
1875 254 1
2001 254 1
2003 254 1
2011 254 1
254 255 3
332 255 2
1766 255 1
16 256 1
261 256 1
1883 256 1
1884 256 1
1885 256 1
197 257 1
233 257 1
1037 257 1
1222 258 1
1224 258 1
1315 258 1
563 259 1
605 259 1
646 259 1
828 259 1
1753 259 1
1771 259 1
407 260 1
666 260 1
676 260 1
1583 260 1
1626 260 1
1627 260 1
1938 260 1
16 261 1
256 261 1
1883 261 1
1884 261 1
1885 261 1
936 262 1
111 263 1
264 263 1
1032 263 1
1729 263 1
111 264 1
263 264 1
1032 264 1
1729 264 1
1739 265 1
267 266 2
280 266 1
266 267 2
280 267 2
567 267 1
568 267 1
669 267 1
869 267 2
870 267 1
876 267 1
920 267 2
1957 267 1
1053 268 1
1054 268 1
1273 268 1
192 269 1
1064 269 1
1144 269 1
1869 269 1
211 270 1
214 270 1
1080 270 1
1701 270 1
2039 270 1
272 271 1
234 272 2
271 272 1
290 272 1
302 272 1
394 272 1
1046 272 1
1209 272 2
1503 272 1
1515 272 1
1819 272 1
339 273 1
1554 273 1
195 274 1
321 274 1
164 275 1
1070 275 1
1147 275 1
1206 275 1
1345 275 1
42 276 1
377 276 2
403 276 1
444 276 1
445 276 2
692 277 1
765 277 1
1078 277 1
195 278 1
279 278 1
90 279 1
195 279 1
197 279 7
213 279 1
219 279 7
229 279 1
254 279 2
278 279 1
470 279 1
516 279 2
544 279 1
545 279 1
594 279 1
617 279 1
634 279 1
635 279 2
672 279 1
698 279 2
703 279 3
779 279 1
781 279 2
936 279 2
947 279 1
953 279 3
1006 279 1
1008 279 1
1028 279 1
1045 279 1
1236 279 3
1248 279 4
1250 279 1
1251 279 1
1297 279 1
1358 279 2
1371 279 1
1373 279 3
1697 279 1
2016 279 1
266 280 1
267 280 2
986 280 1
184 281 1
209 281 2
195 282 1
284 282 1
306 282 1
379 282 1
1371 282 1
1576 282 1
1613 282 1
772 283 3
1407 283 1
1472 283 1
1592 283 1
1623 283 1
282 284 1
379 284 1
1371 284 1
1613 284 1
39 285 1
177 285 1
243 285 1
250 285 1
243 286 1
300 286 1
1 287 1
2 287 1
182 287 3
187 287 1
210 287 2
327 287 2
342 287 1
365 287 2
392 287 1
565 287 1
1432 287 1
2125 287 1
149 288 2
149 289 4
155 289 1
185 289 1
525 289 1
547 289 1
970 289 1
1219 289 1
1546 289 1
2024 289 1
2142 289 1
272 290 1
47 291 1
821 291 1
2051 291 1
2052 291 1
237 292 1
1837 292 1
105 293 1
129 293 1
242 293 1
357 293 1
358 293 1
361 293 1
450 293 2
938 293 1
1041 293 1
1107 293 1
1165 293 1
1200 293 1
1464 293 1
1629 293 1
1913 293 1
178 294 1
170 295 1
420 296 1
507 296 1
1050 296 1
1793 296 1
1794 296 1
1928 296 1
928 297 1
234 298 1
252 298 1
153 299 1
183 299 2
881 299 1
243 300 1
286 300 1
569 301 1
234 302 1
272 302 1
234 303 1
541 303 1
253 304 1
1048 305 1
1353 305 1
170 306 3
185 306 2
282 306 1
307 306 1
970 306 1
1576 306 1
170 307 1
306 307 1
946 307 1
970 307 1
719 308 1
42 309 2
142 309 1
338 309 1
1191 309 1
77 310 1
125 310 1
254 310 1
368 310 1
950 310 1
48 311 1
152 311 1
379 311 2
444 311 1
455 311 3
641 311 2
729 311 1
783 311 1
784 311 2
840 311 1
918 311 1
963 311 1
976 311 1
1296 311 1
1414 311 1
179 312 1
314 312 3
1074 312 2
1303 312 2
1518 312 1
314 313 1
367 313 1
789 313 1
791 313 1
53 314 1
65 314 1
85 314 2
179 314 1
312 314 3
313 314 1
367 314 3
371 314 1
789 314 1
791 314 1
1063 314 1
1067 314 1
1074 314 2
1303 314 3
1448 314 1
1518 314 1
1595 314 1
1601 314 1
2175 314 1
1342 315 1
2067 315 1
346 316 3
347 316 2
1573 316 1
2025 316 1
367 317 1
724 317 1
2071 318 1
1384 319 1
1517 320 1
195 321 2
274 321 1
202 322 1
323 322 1
202 323 1
322 323 1
359 324 1
149 325 1
171 325 1
382 325 4
760 325 1
1542 325 1
1582 325 1
1698 325 1
168 326 1
387 326 2
748 326 2
210 327 1
287 327 2
342 327 1
110 328 1
361 328 1
1071 328 1
1881 328 1
823 329 1
874 329 1
369 330 1
961 330 1
971 330 2
972 330 1
1246 330 1
1452 330 1
1826 330 1
536 331 1
537 331 1
920 331 1
921 331 1
254 332 1
255 332 2
1766 332 1
451 333 1
505 333 1
1263 334 1
205 335 1
1411 335 1
1471 335 1
165 336 1
225 336 1
936 336 1
1074 336 1
1177 336 1
1437 336 1
1604 336 1
1605 336 1
1814 336 1
209 337 1
1551 337 1
42 338 2
309 338 1
273 339 1
1554 339 1
191 340 1
421 340 1
42 341 1
287 342 1
327 342 1
147 343 1
148 343 1
149 343 1
141 344 1
142 344 1
690 344 1
781 344 1
1074 344 1
1413 344 1
1419 344 1
78 345 1
195 345 1
316 346 3
347 346 2
348 346 1
1573 346 1
1877 346 1
2025 346 1
316 347 2
346 347 2
1573 347 1
346 348 1
128 349 1
388 349 1
221 350 1
222 350 1
1055 350 1
1076 350 1
1091 350 1
1218 350 1
1487 350 1
352 351 1
351 352 1
364 352 1
202 353 1
1189 354 1
254 355 1
611 355 2
1340 355 2
1989 355 1
557 356 1
242 357 1
293 357 1
358 357 1
1464 357 1
1629 357 1
242 358 1
293 358 1
357 358 1
1464 358 1
1629 358 1
182 359 1
324 359 1
815 359 1
795 360 1
1992 360 1
1 361 1
126 361 1
293 361 1
328 361 1
450 361 1
706 361 1
1062 361 1
1071 361 1
1237 361 1
1310 361 1
1334 361 1
2159 361 1
2160 361 1
2161 361 1
2162 361 1
2163 361 1
150 362 1
89 363 1
219 363 3
254 363 3
402 363 1
415 363 1
457 363 1
474 363 1
481 363 1
506 363 1
581 363 1
665 363 1
673 363 2
757 363 1
813 363 1
903 363 1
1042 363 2
1094 363 1
1172 363 1
1182 363 2
1230 363 1
1247 363 1
1256 363 2
1318 363 1
1377 363 1
1390 363 2
1420 363 1
1444 363 1
1458 363 1
1666 363 1
1893 363 2
2045 363 1
2063 363 1
352 364 1
1 365 1
2 365 1
287 365 2
1432 365 1
2125 365 1
113 366 2
406 366 1
468 366 1
637 366 1
640 366 2
694 366 1
695 366 3
721 366 1
1336 366 2
1398 366 1
1402 366 1
1446 366 1
1507 366 1
1841 366 1
1891 366 1
2107 366 1
85 367 2
313 367 1
314 367 3
317 367 1
551 367 1
724 367 1
789 367 1
791 367 1
949 367 1
960 367 1
1562 367 1
1759 367 1
1846 367 1
77 368 1
125 368 1
234 368 1
254 368 1
310 368 1
373 368 1
386 368 1
950 368 1
2108 368 1
330 369 1
1826 369 1
371 370 1
1490 370 1
1558 370 1
195 371 1
314 371 1
370 371 1
372 371 3
575 371 1
848 371 1
1067 371 1
1077 371 1
1087 371 1
1123 371 1
1199 371 1
1255 371 1
1257 371 4
1259 371 1
1260 371 4
1264 371 2
1298 371 1
1490 371 2
1519 371 1
1558 371 1
1601 371 1
1787 371 1
1949 371 1
371 372 3
1077 372 1
234 373 1
368 373 1
386 373 1
2108 373 1
144 374 1
1578 374 1
166 375 1
179 375 1
185 376 1
186 376 1
276 377 2
403 377 1
444 377 1
445 377 2
1030 378 1
1999 378 1
48 379 1
282 379 1
284 379 1
311 379 2
976 379 1
1371 379 1
1414 379 1
1613 379 1
42 380 1
559 380 1
1809 380 1
1810 380 1
382 381 1
2155 381 1
149 382 1
238 382 1
325 382 4
381 382 1
970 382 1
1084 382 1
1210 382 1
1359 382 1
1370 382 1
1582 382 1
2041 382 1
2155 382 1
163 383 2
1083 383 1
1226 383 1
19 384 1
618 385 1
619 385 1
620 385 1
662 385 1
818 385 1
1815 385 1
1956 385 1
234 386 1
368 386 1
373 386 1
2108 386 1
50 387 1
86 387 1
168 387 2
326 387 2
443 387 1
598 387 1
748 387 2
948 387 1
1014 387 2
1399 387 1
1839 387 1
128 388 1
349 388 1
174 389 3
542 389 1
543 389 1
677 389 1
1102 389 1
1565 389 1
1620 390 1
1621 390 1
2154 390 1
154 391 1
1679 391 1
287 392 1
394 393 1
395 393 1
272 394 1
393 394 1
395 394 2
576 394 1
584 394 1
995 394 1
1046 394 1
1503 394 1
393 395 1
394 395 2
584 395 1
166 396 1
399 396 1
398 397 1
230 398 1
397 398 1
509 398 1
521 398 1
1245 398 1
1279 398 1
1418 398 2
1797 398 1
166 399 1
396 399 1
73 400 1
2164 400 1
449 401 1
89 402 1
363 402 1
276 403 1
377 403 1
445 403 1
1828 404 1
20 405 1
117 405 1
1307 405 1
366 406 1
260 407 1
676 407 1
607 408 1
2121 408 1
667 409 1
1454 409 1
1677 409 1
419 410 1
433 410 1
1686 411 1
1873 412 1
484 413 1
485 413 1
486 413 1
806 413 1
1495 414 2
1854 414 2
363 415 1
1094 415 1
1172 415 1
529 416 1
890 416 1
1383 416 2
643 417 2
864 417 2
1034 417 1
2086 417 1
436 418 1
1036 418 1
410 419 1
433 419 1
296 420 1
507 420 1
1793 420 1
1794 420 1
191 421 1
340 421 1
822 422 1
1917 422 1
583 423 1
2038 423 1
943 424 1
1311 424 1
1850 424 1
882 425 1
1465 425 1
606 426 1
607 426 1
1821 426 1
434 427 1
432 428 1
438 428 1
2028 428 1
2087 428 1
2088 428 1
1950 429 1
1951 429 1
1045 430 1
1270 430 1
1619 430 1
1043 431 1
1188 431 1
1838 431 1
428 432 1
2028 432 1
410 433 1
419 433 1
427 434 1
553 435 1
1649 435 1
1738 435 1
418 436 1
863 436 1
944 436 2
1036 436 1
1213 436 2
1248 436 1
1643 436 2
1795 436 1
511 437 1
526 437 2
1226 437 3
1678 437 2
1791 437 1
1813 437 1
428 438 1
1180 438 1
2087 438 2
2088 438 1
223 439 1
464 439 1
780 440 1
979 440 1
251 441 2
1574 441 1
1611 441 1
84 442 3
239 442 3
678 442 1
832 442 1
833 442 4
872 442 4
894 442 1
945 442 1
1127 442 4
1157 442 1
1158 442 1
1338 442 1
1350 442 2
1378 442 1
1396 442 1
1406 442 1
1480 442 1
1499 442 2
1599 442 1
1772 442 1
1829 442 1
1947 442 1
1948 442 1
1997 442 1
2065 442 1
2066 442 1
2110 442 1
2111 442 1
2114 442 1
50 443 2
387 443 1
450 443 1
598 443 2
790 443 1
948 443 3
1014 443 1
276 444 1
311 444 1
377 444 1
445 444 1
455 444 1
276 445 2
377 445 2
403 445 1
444 445 1
1234 446 1
2117 446 1
2118 446 1
2119 446 1
2120 446 1
168 447 2
1866 448 1
1867 448 1
401 449 1
21 450 1
293 450 2
361 450 1
443 450 1
463 450 1
598 450 1
753 450 1
790 450 1
948 450 2
333 451 1
505 451 1
36 452 1
71 452 1
175 452 1
102 453 1
118 453 1
953 454 1
1013 454 1
2048 454 1
152 455 2
311 455 3
444 455 1
840 455 1
963 455 2
975 455 1
976 455 1
1296 455 1
1397 455 1
236 456 2
466 456 1
1220 456 1
1462 456 1
2130 456 1
363 457 1
1318 457 1
2069 457 1
2070 457 1
162 458 1
705 458 1
1702 459 1
1703 459 1
161 460 1
572 461 1
2171 461 1
2172 461 1
2173 461 1
1225 462 1
1307 462 1
21 463 1
450 463 1
948 463 1
223 464 1
439 464 1
582 465 1
588 465 1
796 465 1
1332 465 1
236 466 1
456 466 1
1220 466 1
1462 466 1
2130 466 1
1099 467 1
1637 467 1
366 468 1
89 469 2
125 469 1
570 469 1
577 469 1
578 469 1
590 469 1
1662 469 1
1707 469 1
146 470 1
251 470 4
279 470 1
502 470 4
671 470 1
672 470 2
136 471 1
10 472 1
132 472 1
741 473 1
363 474 1
785 475 1
786 475 1
1239 475 1
1898 475 1
1277 476 1
91 477 1
552 477 1
1789 477 1
1790 477 1
2022 477 1
710 478 1
913 478 1
480 479 1
1168 479 1
479 480 1
1168 480 1
363 481 1
89 482 1
590 482 1
883 482 1
89 483 1
413 484 1
485 484 1
413 485 1
484 485 1
413 486 1
806 486 1
206 487 1
2097 487 1
489 488 1
488 489 1
1211 489 1
1865 490 1
771 491 1
1773 491 1
766 492 1
767 492 1
533 493 1
831 494 1
835 494 1
842 494 1
1175 494 1
1284 494 1
1710 494 1
1856 494 1
2012 494 1
496 495 1
495 496 1
639 496 1
973 496 1
1423 496 1
2054 496 1
610 497 2
1699 497 1
1700 497 1
856 498 1
500 499 1
875 499 1
499 500 1
875 500 1
1050 500 2
512 501 1
518 501 2
519 501 1
579 501 5
1719 501 1
1755 501 1
1760 501 1
1769 501 2
1770 501 1
1827 501 1
1904 501 1
213 502 1
251 502 5
470 502 4
660 502 1
829 502 1
902 502 1
1029 502 1
1075 502 2
1114 502 1
92 503 1
621 503 1
634 503 1
1646 503 1
1825 503 1
725 504 1
333 505 1
451 505 1
363 506 1
690 506 1
757 506 1
1352 506 1
1449 506 1
1450 506 1
296 507 1
420 507 1
1793 507 1
1794 507 1
509 508 1
1211 508 1
1683 508 1
398 509 1
508 509 1
555 509 1
717 509 1
747 509 1
794 509 1
824 509 5
932 509 1
959 509 1
1184 509 1
1186 509 1
1211 509 1
1312 509 1
1313 509 1
1322 509 1
1385 509 1
1417 509 1
1531 509 1
1553 509 1
1683 509 1
1215 510 1
1672 510 1
437 511 1
526 511 2
704 511 1
1792 511 1
1813 511 1
501 512 1
1769 512 1
1904 512 1
801 513 1
515 514 1
708 514 1
1033 514 2
1228 514 1
1229 514 1
514 515 1
516 515 1
696 515 1
698 515 1
708 515 1
1033 515 1
279 516 2
515 516 1
617 516 1
696 516 1
697 516 1
698 516 2
1141 516 1
1196 516 1
1331 516 1
1788 516 1
825 517 1
1602 517 1
501 518 2
519 518 1
579 518 2
1089 518 1
1093 518 1
1146 518 1
1760 518 1
1769 518 1
501 519 1
518 519 1
1934 520 1
1935 520 1
398 521 1
1279 521 1
523 522 1
522 523 1
894 524 1
939 524 2
289 525 1
437 526 2
511 526 2
550 526 1
684 526 1
704 526 1
1226 526 1
1513 526 1
1791 526 1
1792 526 1
1572 527 1
1721 528 1
416 529 1
690 530 1
888 531 1
900 531 1
993 531 1
2090 532 1
493 533 1
1516 533 1
904 534 1
905 534 1
579 535 1
661 535 1
906 535 1
1116 535 1
1680 535 1
331 536 1
537 536 1
1363 536 1
62 537 1
331 537 1
536 537 1
816 537 2
1179 537 2
1292 537 1
1482 537 1
1681 537 1
1722 537 1
1812 537 1
906 538 1
1167 538 1
1079 539 1
757 540 2
895 540 1
1193 540 1
1991 540 1
234 541 1
303 541 1
174 542 2
389 542 1
937 542 1
1102 542 1
174 543 1
389 543 1
936 543 1
2176 543 1
2177 543 1
279 544 1
545 544 1
279 545 1
544 545 1
623 545 1
624 545 2
625 545 2
797 545 1
1808 545 1
108 546 1
1031 546 1
1936 546 1
149 547 1
289 547 1
630 547 1
691 547 1
1045 547 1
1559 547 1
219 548 1
220 548 1
200 549 1
608 549 1
646 549 1
655 549 1
696 549 2
776 549 2
1058 549 1
1271 549 1
1351 549 1
1664 549 2
1720 549 1
1985 549 1
526 550 1
684 550 2
1057 550 1
1099 550 1
1208 550 1
1496 550 2
1639 550 2
1717 550 1
1718 550 3
1747 550 1
1748 550 1
1749 550 2
1750 550 1
1752 550 1
367 551 1
477 552 1
435 553 1
1649 553 1
1738 553 1
1966 554 1
509 555 1
690 555 4
754 555 1
755 555 2
756 555 1
757 555 1
1195 555 5
1322 555 1
1484 555 4
153 556 1
356 557 1
16 558 1
701 558 1
42 559 1
380 559 1
1809 559 1
1810 559 1
561 560 1
958 560 1
125 561 1
560 561 1
562 561 1
951 561 1
958 561 1
1579 561 1
125 562 1
561 562 1
951 562 1
1579 562 1
259 563 1
828 563 1
1542 563 1
565 564 1
1716 564 1
287 565 1
564 565 1
1716 565 1
873 566 1
874 566 1
1597 566 1
2059 566 1
267 567 1
267 568 1
182 569 1
202 569 1
301 569 1
469 570 1
571 570 1
853 570 1
854 570 1
1662 570 1
570 571 1
657 571 1
853 571 1
854 571 1
1650 571 1
1778 571 1
1923 571 1
461 572 1
2171 572 1
2172 572 1
2173 572 1
616 573 1
686 573 1
210 574 1
1112 574 1
127 575 1
371 575 1
878 575 1
1298 575 1
1317 575 1
1426 575 1
1427 575 1
394 576 1
995 576 1
469 577 1
578 577 1
1707 577 1
469 578 1
577 578 1
1707 578 1
501 579 5
518 579 2
535 579 1
1719 579 1
1755 579 1
1760 579 1
1769 579 2
1770 579 1
1827 579 1
82 580 1
363 581 1
465 582 1
588 582 1
796 582 1
1332 582 1
423 583 1
2038 583 1
394 584 1
395 584 1
9 585 1
598 585 1
645 585 1
1164 585 1
1166 585 1
1387 585 1
1876 585 1
68 586 1
587 586 1
68 587 1
586 587 1
465 588 1
582 588 1
796 588 1
1332 588 1
821 589 1
1569 589 1
89 590 2
469 590 1
482 590 1
883 590 1
991 591 1
1892 591 1
593 592 1
629 592 1
2058 592 1
592 593 1
629 593 1
957 593 1
2058 593 1
279 594 1
779 594 1
1297 594 1
761 595 1
762 595 1
763 595 2
1022 595 1
597 596 1
607 596 1
680 596 1
699 596 2
707 596 1
1030 596 2
1726 596 1
162 597 1
596 597 1
50 598 1
387 598 1
443 598 2
450 598 1
585 598 1
790 598 1
948 598 2
1014 598 1
89 599 1
750 599 1
1266 599 4
601 600 1
600 601 1
1374 602 1
1954 602 1
2091 602 1
604 603 1
605 603 1
1528 603 1
1723 603 1
603 604 1
605 604 2
776 604 1
1528 604 1
1723 604 2
2018 604 1
259 605 1
603 605 1
604 605 2
646 605 1
776 605 1
1528 605 1
1723 605 2
1771 605 1
2018 605 1
426 606 1
607 606 2
1821 606 1
408 607 1
426 607 1
596 607 1
606 607 2
877 607 1
931 607 1
1030 607 2
1439 607 1
1469 607 1
1470 607 1
1552 607 2
1821 607 1
2112 607 2
2121 607 1
549 608 1
654 608 1
655 608 1
879 608 1
1040 608 1
610 609 1
611 609 1
497 610 2
609 610 1
611 610 2
643 610 1
1440 610 1
1510 610 1
1699 610 1
1700 610 1
1987 610 1
1988 610 1
219 611 1
221 611 1
254 611 2
355 611 2
609 611 1
610 611 2
725 611 1
775 611 1
1181 611 1
1340 611 2
1989 611 1
2099 611 1
2135 611 1
2136 611 1
1092 612 1
1751 612 1
1653 613 1
1930 613 1
740 614 1
651 615 1
2106 615 1
573 616 1
629 616 1
686 616 1
1516 616 1
221 617 1
253 617 1
254 617 1
279 617 1
516 617 1
641 617 1
1073 617 1
1076 617 1
1143 617 1
1247 617 1
1600 617 1
385 618 1
619 618 1
385 619 1
618 619 1
385 620 1
662 620 1
1815 620 1
92 621 1
503 621 1
1646 621 1
1073 622 1
1278 622 1
545 623 1
624 623 1
625 623 1
1808 623 1
545 624 2
623 624 1
625 624 2
797 624 1
1808 624 1
545 625 2
623 625 1
624 625 2
797 625 1
1808 625 1
198 626 1
627 626 1
1152 626 1
198 627 1
626 627 1
1152 627 1
40 628 2
94 628 1
790 628 1
1003 628 1
592 629 1
593 629 1
616 629 1
1516 629 1
2058 629 1
547 630 1
691 630 1
1045 630 1
1179 630 1
632 631 2
843 631 1
847 631 2
914 631 1
1140 631 1
1754 631 1
1863 631 1
631 632 2
634 633 1
279 634 1
503 634 1
633 634 1
635 634 1
852 634 1
953 634 1
1006 634 1
1825 634 2
1942 634 1
279 635 2
634 635 1
953 635 2
1006 635 1
1007 636 1
1547 636 1
2134 636 1
113 637 1
366 637 1
729 638 1
988 638 1
2141 638 1
496 639 1
1253 639 1
96 640 1
113 640 1
366 640 2
1252 640 1
311 641 2
617 641 1
729 641 1
783 641 1
784 641 2
918 641 1
1073 641 1
1076 641 3
1082 641 1
1133 641 1
1143 641 1
1504 641 1
1696 641 1
936 642 1
1580 642 1
417 643 2
610 643 1
862 643 1
864 643 2
1034 643 1
1086 643 1
1715 643 1
1803 643 1
1933 643 1
1987 643 1
1988 643 1
2029 643 1
2086 643 1
648 644 1
585 645 1
1876 645 1
259 646 1
549 646 1
605 646 1
1720 646 1
1771 646 1
67 647 1
648 647 4
1227 647 2
1485 647 2
67 648 1
644 648 1
647 648 4
742 648 1
1137 648 1
1227 648 2
1475 648 1
1321 649 1
1322 649 1
1410 649 1
651 650 1
987 650 1
615 651 1
650 651 1
987 651 1
2106 651 1
653 652 1
1874 652 1
652 653 1
1874 653 1
608 654 1
655 654 1
879 654 1
221 655 1
549 655 1
608 655 1
654 655 1
879 655 3
885 655 2
2036 655 1
1179 656 1
2115 656 1
571 657 1
1650 657 1
1025 658 1
1731 658 1
1732 658 1
125 659 1
997 659 1
213 660 2
502 660 1
1266 660 2
1453 660 1
535 661 1
1116 661 1
385 662 1
620 662 1
1815 662 1
2073 662 1
66 663 1
122 663 1
1872 663 1
1929 664 1
363 665 1
1230 665 1
1247 665 1
260 666 1
409 667 1
722 667 1
1677 667 1
1030 668 1
1603 668 1
267 669 1
871 669 1
31 670 1
146 671 1
470 671 1
672 671 1
146 672 1
279 672 1
470 672 2
671 672 1
363 673 2
772 673 1
903 673 1
1356 673 1
1361 673 1
2138 673 1
675 674 1
891 674 1
674 675 1
891 675 1
260 676 1
407 676 1
174 677 1
389 677 1
1565 677 1
239 678 1
442 678 1
2065 678 1
2066 678 1
819 679 1
820 679 1
821 679 1
992 679 1
1816 679 1
1817 679 1
596 680 1
699 680 1
707 680 1
1098 681 1
1857 681 1
199 682 1
1171 682 1
1367 683 1
526 684 1
550 684 2
1153 684 1
1271 684 1
1614 684 1
1632 684 1
810 685 1
835 685 1
1535 685 1
573 686 1
616 686 1
688 687 1
689 687 1
811 687 1
812 687 1
687 688 1
689 688 1
811 688 1
812 688 1
687 689 1
688 689 1
811 689 1
812 689 1
344 690 1
506 690 1
530 690 1
555 690 4
814 690 1
961 690 1
989 690 1
990 690 1
1195 690 4
1484 690 4
547 691 1
630 691 1
1045 691 1
1688 691 1
2079 691 1
277 692 1
765 692 1
1078 692 1
1151 693 1
1286 693 1
1288 693 1
1289 693 1
1995 693 1
366 694 1
695 694 1
366 695 3
694 695 1
721 695 1
1507 695 1
200 696 1
515 696 1
516 696 1
549 696 2
698 696 1
1271 696 1
516 697 1
219 698 1
279 698 2
515 698 1
516 698 2
696 698 1
919 698 1
1136 698 1
1138 698 1
1236 698 2
1331 698 1
596 699 2
680 699 1
700 699 1
707 699 1
1030 699 1
1129 699 1
1187 699 1
1836 699 1
2147 699 1
2148 699 1
699 700 1
1129 700 1
1187 700 1
1836 700 1
16 701 1
558 701 1
254 702 1
781 702 1
1875 702 1
197 703 3
279 703 3
737 703 1
1028 703 1
1052 703 1
1121 703 1
1358 703 2
1967 703 1
1968 703 1
1969 703 1
511 704 1
526 704 1
162 705 1
458 705 1
1 706 2
361 706 1
596 707 1
680 707 1
699 707 1
514 708 1
515 708 1
1033 708 1
717 709 1
1636 709 1
1685 709 1
478 710 1
913 710 1
712 711 1
713 711 1
711 712 1
713 712 1
711 713 1
712 713 1
729 714 1
1119 714 1
716 715 1
717 715 1
715 716 1
717 716 1
509 717 1
709 717 1
715 717 1
716 717 1
747 717 1
1636 717 1
1685 717 1
1113 718 1
1959 718 1
308 719 1
120 720 1
721 720 1
120 721 1
366 721 1
695 721 1
720 721 1
667 722 1
1295 723 1
317 724 1
367 724 1
504 725 1
611 725 1
775 725 1
2099 725 1
55 726 1
728 727 1
727 728 1
152 729 1
311 729 1
638 729 1
641 729 1
714 729 1
784 729 1
988 729 1
1119 729 1
1613 729 1
1682 729 1
2141 729 1
907 730 2
1301 730 2
1625 730 1
1922 730 1
732 731 1
2146 731 1
731 732 1
2146 732 1
926 733 1
735 734 1
736 734 1
859 734 1
1899 734 1
1900 734 1
734 735 1
736 735 2
768 735 1
859 735 1
1899 735 1
1900 735 1
2098 735 1
198 736 1
734 736 1
735 736 2
768 736 1
859 736 4
1899 736 1
1900 736 1
1906 736 1
2098 736 1
2109 736 2
2137 736 1
703 737 1
781 737 1
1052 737 1
1121 737 1
1400 737 1
1855 737 1
1967 737 1
1968 737 1
1969 737 1
923 738 2
924 738 1
925 738 9
1154 738 1
1261 738 2
1408 738 1
1644 738 1
1647 738 1
1730 738 1
1756 738 1
251 739 1
1428 739 1
2149 739 1
614 740 1
473 741 1
648 742 1
744 743 1
743 744 1
952 745 1
2094 745 1
1319 746 1
1320 746 1
509 747 1
717 747 1
2169 747 1
168 748 1
326 748 2
387 748 2
125 749 1
89 750 1
599 750 1
1918 751 1
1148 752 1
1150 752 1
1162 752 1
450 753 1
555 754 1
755 754 2
756 754 1
757 754 1
1322 754 2
555 755 2
754 755 2
756 755 1
757 755 1
555 756 1
754 756 1
755 756 1
757 756 1
226 757 1
363 757 1
506 757 1
540 757 2
555 757 1
754 757 1
755 757 1
756 757 1
1133 757 1
1214 757 1
1238 757 1
1243 757 1
1991 757 1
759 758 1
823 758 1
874 758 2
1355 758 1
758 759 1
874 759 1
325 760 1
1542 760 1
1698 760 1
595 761 1
762 761 1
763 761 1
595 762 1
761 762 1
763 762 1
595 763 2
761 763 1
762 763 1
1022 763 1
225 764 1
99 765 1
277 765 1
692 765 1
1078 765 1
1372 765 1
1622 765 1
2075 765 1
492 766 1
767 766 1
845 766 1
1073 766 2
1276 766 1
1487 766 1
1589 766 1
492 767 1
766 767 1
735 768 1
736 768 1
2098 768 1
770 769 1
1876 769 1
769 770 1
491 771 1
208 772 2
283 772 3
673 772 1
837 772 2
985 772 1
1026 772 1
1184 772 2
1343 772 1
1361 772 1
1378 772 1
1407 772 4
1430 772 1
1472 772 1
1530 772 3
1532 772 1
1549 772 1
1592 772 1
1594 772 1
1623 772 1
1704 772 1
1705 772 1
1811 772 1
1812 772 1
1834 772 1
2061 772 1
774 773 1
2085 773 1
2126 773 1
773 774 1
2126 774 1
611 775 1
725 775 1
1924 775 1
1925 775 1
2099 775 1
549 776 2
604 776 1
605 776 1
1273 776 2
1664 776 2
1723 776 2
1786 776 1
2018 776 1
1197 777 1
2178 777 1
779 778 2
966 778 1
967 778 1
56 779 2
279 779 1
594 779 1
778 779 2
784 779 1
824 779 1
906 779 1
966 779 1
967 779 1
1297 779 1
1380 779 1
1425 779 2
2140 779 2
440 780 1
979 780 1
219 781 1
279 781 2
344 781 1
702 781 1
737 781 1
1120 781 1
1373 781 2
1400 781 1
1697 781 1
1853 781 1
1855 781 1
163 782 2
176 782 1
1049 782 1
1743 782 1
1912 782 1
1977 782 1
1978 782 1
311 783 1
641 783 1
784 783 1
918 783 1
311 784 2
641 784 2
729 784 1
779 784 1
783 784 1
918 784 1
1380 784 1
475 785 1
786 785 1
1239 785 1
475 786 1
785 786 1
1239 786 1
1525 787 1
81 788 1
313 789 1
314 789 1
367 789 1
791 789 1
40 790 1
443 790 1
450 790 1
598 790 1
628 790 1
948 790 1
313 791 1
314 791 1
367 791 1
789 791 1
793 792 1
1395 792 1
792 793 1
1082 793 1
1395 793 1
1467 793 1
509 794 1
824 794 2
1132 794 1
1184 794 1
360 795 1
465 796 1
582 796 1
588 796 1
1332 796 1
545 797 1
624 797 1
625 797 1
948 798 1
1245 798 1
800 799 2
865 799 1
799 800 2
865 800 1
513 801 1
803 802 1
804 802 1
802 803 1
804 803 1
802 804 1
803 804 1
162 805 1
413 806 1
486 806 1
981 807 1
1393 808 1
1394 808 1
159 809 1
235 809 1
685 810 1
687 811 1
688 811 1
689 811 1
812 811 1
687 812 1
688 812 1
689 812 1
811 812 1
363 813 1
690 814 1
182 815 1
359 815 1
537 816 2
1482 816 1
1722 816 1
830 817 1
385 818 1
1956 818 1
679 819 1
820 819 1
821 819 1
679 820 1
819 820 1
821 820 1
47 821 1
291 821 1
589 821 1
679 821 1
819 821 1
820 821 1
1327 821 1
1328 821 1
1569 821 2
1570 821 1
1926 821 1
1927 821 1
2051 821 1
2052 821 1
422 822 1
1917 822 1
329 823 1
758 823 1
874 823 3
1355 823 1
2032 823 1
72 824 1
217 824 1
509 824 5
779 824 1
794 824 2
906 824 1
1184 824 3
1186 824 1
1211 824 3
1312 824 1
1313 824 1
1348 824 2
1385 824 1
1388 824 1
1417 824 1
1553 824 1
1828 824 1
1890 824 1
1996 824 1
102 825 2
187 825 1
517 825 1
826 825 1
880 825 1
1602 825 1
1658 825 1
825 826 1
880 826 1
2131 827 1
2132 827 1
259 828 1
563 828 1
502 829 1
1075 829 1
817 830 1
494 831 1
1175 831 1
442 832 1
833 832 1
84 833 1
442 833 4
832 833 1
1772 833 1
1829 833 1
1947 833 1
1948 833 1
2139 834 1
494 835 1
685 835 1
1535 835 1
209 836 1
1497 836 1
772 837 2
1407 837 2
1430 837 1
188 838 1
1493 838 1
840 839 2
311 840 1
455 840 1
839 840 2
1296 840 1
1185 841 2
1824 841 1
2026 841 1
494 842 1
631 843 1
1976 844 1
766 845 1
1073 845 1
1589 845 1
1544 846 1
631 847 2
914 847 1
1183 847 1
1314 847 4
1333 847 1
1344 847 2
1641 847 1
1804 847 1
1863 847 1
1864 847 4
1953 847 1
1958 847 1
371 848 1
982 849 1
1326 849 1
1960 849 1
139 850 1
168 850 1
1431 850 1
1779 850 1
1 851 1
1104 851 1
634 852 1
1942 852 1
570 853 1
571 853 1
854 853 1
570 854 1
571 854 1
853 854 1
1634 855 1
2035 855 1
498 856 1
58 857 1
123 857 1
152 857 1
858 857 2
1397 857 1
1986 857 1
58 858 1
123 858 1
152 858 1
857 858 2
1397 858 1
1986 858 1
734 859 1
735 859 1
736 859 4
1587 859 1
1628 859 1
1899 859 1
1900 859 1
2109 859 2
2137 859 1
2167 859 1
1651 860 1
1023 861 1
643 862 1
436 863 1
417 864 2
643 864 2
1034 864 1
2086 864 1
799 865 1
800 865 1
2060 866 1
983 867 1
2168 867 1
195 868 1
1372 868 1
267 869 2
267 870 1
669 871 1
442 872 4
901 872 1
945 872 1
1177 872 1
1178 872 1
1350 872 1
1499 872 1
1599 872 1
2113 872 1
566 873 1
874 873 1
1597 873 1
2059 873 1
329 874 1
566 874 1
758 874 2
759 874 1
823 874 3
873 874 1
965 874 1
1355 874 1
1597 874 1
2032 874 1
2059 874 1
499 875 1
500 875 1
267 876 1
607 877 1
127 878 1
254 878 2
575 878 1
879 878 1
899 878 1
1317 878 1
1426 878 1
1427 878 1
2003 878 1
254 879 1
608 879 1
654 879 1
655 879 3
878 879 1
825 880 1
826 880 1
102 881 1
183 881 1
299 881 1
882 881 1
102 882 1
425 882 1
881 882 1
1465 882 1
89 883 1
482 883 1
590 883 1
93 884 1
655 885 2
887 886 1
2123 886 1
886 887 1
2123 887 1
531 888 1
900 888 1
993 888 1
254 889 1
1182 889 2
1341 889 1
1375 889 2
1640 889 2
2001 889 1
416 890 1
1383 890 2
674 891 1
675 891 1
1258 892 1
226 893 1
1221 893 1
1239 893 1
442 894 1
524 894 1
939 894 2
1157 894 1
1158 894 1
2013 894 1
2110 894 1
2111 894 1
540 895 1
1193 895 1
1586 896 1
2103 896 1
1009 897 1
1124 897 1
102 898 1
254 899 1
878 899 1
2003 899 1
531 900 1
888 900 1
993 900 1
872 901 1
251 902 1
502 902 1
363 903 1
673 903 1
534 904 1
905 904 2
1061 904 1
1374 904 1
1858 904 1
1859 904 1
534 905 1
904 905 2
1061 905 1
1374 905 1
1674 905 1
1675 905 1
1858 905 1
1859 905 1
144 906 1
535 906 1
538 906 1
779 906 1
824 906 1
1097 906 1
1098 906 1
1163 906 1
1167 906 1
1270 906 1
1392 906 1
1421 906 1
1680 906 1
730 907 2
1625 907 1
29 908 1
47 909 1
911 910 1
1539 910 1
1975 910 1
910 911 1
1539 911 1
1975 911 1
30 912 1
134 912 1
478 913 1
710 913 1
631 914 1
847 914 1
1863 914 1
1160 915 1
115 916 1
13 917 1
227 917 1
228 917 2
311 918 1
641 918 1
783 918 1
784 918 1
698 919 1
267 920 2
331 920 1
921 920 1
331 921 1
920 921 1
1250 922 1
1463 922 1
738 923 2
924 923 1
925 923 2
1647 923 1
1730 923 1
1756 923 1
738 924 1
923 924 1
925 924 1
1730 924 1
738 925 9
923 925 2
924 925 1
1154 925 1
1261 925 2
1408 925 1
1644 925 1
1647 925 1
1730 925 1
1756 925 2
2020 925 1
2021 925 1
733 926 1
1860 927 1
297 928 1
144 929 1
936 929 1
932 930 1
1944 930 1
607 931 1
1030 931 1
509 932 1
930 932 1
959 932 1
1531 932 1
1676 932 1
1944 932 1
934 933 1
933 934 1
1404 935 2
1495 935 1
1543 935 3
1802 935 1
1965 935 1
1970 935 1
1971 935 1
90 936 2
144 936 2
165 936 2
225 936 1
262 936 1
279 936 2
336 936 1
543 936 1
642 936 1
929 936 1
1074 936 1
1176 936 1
1500 936 1
1538 936 1
1580 936 1
1814 936 1
174 937 1
542 937 1
293 938 1
1165 938 1
524 939 2
894 939 2
2013 939 1
82 940 1
1708 940 1
942 941 1
941 942 1
424 943 1
1311 943 1
436 944 2
1213 944 2
1643 944 2
442 945 1
872 945 1
1460 945 1
185 946 3
223 946 1
307 946 1
1457 946 1
1571 946 1
1609 946 1
279 947 1
1248 947 1
4 948 1
5 948 1
21 948 1
50 948 2
138 948 1
167 948 1
193 948 1
231 948 2
240 948 1
387 948 1
443 948 3
450 948 2
463 948 1
598 948 2
790 948 1
798 948 1
968 948 1
969 948 1
1014 948 1
1069 948 1
1245 948 2
1302 948 1
1307 948 1
1500 948 1
367 949 1
960 949 1
77 950 1
125 950 1
254 950 1
310 950 1
368 950 1
125 951 1
561 951 1
562 951 1
1579 951 1
745 952 1
2094 952 1
102 953 1
279 953 3
454 953 1
634 953 1
635 953 2
1006 953 1
1013 953 1
1326 953 3
1905 953 1
2016 953 1
2048 953 1
2057 953 1
955 954 1
954 955 1
1638 956 1
593 957 1
560 958 1
561 958 1
509 959 1
932 959 1
1531 959 1
367 960 1
949 960 1
330 961 1
690 961 1
962 961 2
989 961 1
990 961 1
1231 961 1
1232 961 1
1246 961 2
1274 961 1
1285 961 1
1512 961 1
961 962 2
1231 962 1
1232 962 1
1246 962 1
152 963 2
311 963 1
455 963 2
2104 964 1
2105 964 1
874 965 1
778 966 1
779 966 1
967 966 1
778 967 1
779 967 1
966 967 1
1576 967 1
948 968 1
969 968 1
1245 968 1
948 969 1
968 969 1
1245 969 1
170 970 1
289 970 1
306 970 1
307 970 1
382 970 1
1219 970 1
1233 970 1
1359 970 1
1542 970 1
1690 970 1
1691 970 1
1692 970 1
1698 970 1
330 971 2
972 971 1
1452 971 1
330 972 1
971 972 1
496 973 1
28 974 1
46 974 1
1391 974 1
152 975 1
455 975 1
976 975 2
1242 975 1
1397 975 1
152 976 1
311 976 1
379 976 1
455 976 1
975 976 2
1242 976 1
1397 976 1
1414 976 1
180 977 1
1483 977 1
1584 977 1
1070 978 1
1244 978 1
440 979 1
780 979 1
981 980 1
807 981 1
980 981 1
1364 981 1
1365 981 1
1366 981 1
849 982 1
1960 982 1
867 983 1
2168 983 1
1357 984 1
1577 984 1
2005 984 1
772 985 1
280 986 1
650 987 1
651 987 1
638 988 1
729 988 1
2141 988 1
690 989 1
961 989 1
990 989 1
690 990 1
961 990 1
989 990 1
591 991 1
679 992 1
1412 992 1
531 993 1
888 993 1
900 993 1
1085 994 1
1830 994 1
1831 994 1
394 995 1
576 995 1
133 996 1
1004 996 1
1015 996 1
125 997 1
659 997 1
1329 998 1
12 999 1
32 999 1
33 999 1
77 999 1
1186 1000 1
2004 1000 1
2042 1000 1
67 1001 1
2095 1002 1
2096 1002 1
40 1003 1
94 1003 1
628 1003 1
133 1004 1
996 1004 1
1015 1004 1
137 1005 1
279 1006 1
634 1006 1
635 1006 1
953 1006 1
636 1007 1
1547 1007 1
2134 1007 1
254 1008 1
279 1008 1
897 1009 1
1124 1009 1
1115 1010 1
1275 1010 2
1939 1010 1
1940 1010 1
1982 1010 1
1983 1010 1
1984 1010 1
64 1011 1
26 1012 1
107 1012 1
454 1013 1
953 1013 1
2048 1013 1
50 1014 1
387 1014 2
443 1014 1
598 1014 1
948 1014 1
1839 1014 1
133 1015 1
996 1015 1
1004 1015 1
1055 1016 1
1019 1017 1
1066 1017 1
1190 1017 1
1192 1017 1
1232 1018 1
1736 1018 1
1017 1019 1
1066 1019 1
1190 1019 1
1192 1019 1
1035 1020 1
1560 1020 1
1561 1020 1
2019 1020 1
1336 1021 1
1633 1021 1
595 1022 1
763 1022 1
861 1023 1
1076 1024 1
1139 1024 1
658 1025 1
1731 1025 1
1732 1025 1
772 1026 1
1704 1026 1
1705 1026 1
1832 1026 1
1134 1027 1
1330 1027 1
197 1028 1
279 1028 1
703 1028 1
2002 1028 1
502 1029 1
1124 1029 1
378 1030 1
596 1030 2
607 1030 2
668 1030 1
699 1030 1
931 1030 1
1111 1030 1
1267 1030 1
1339 1030 1
1540 1030 1
1603 1030 1
1726 1030 1
1833 1030 1
1840 1030 1
1964 1030 1
1999 1030 1
2006 1030 1
2007 1030 1
546 1031 1
1187 1031 2
1673 1031 1
1936 1031 1
2043 1031 1
111 1032 1
263 1032 1
264 1032 1
1729 1032 1
514 1033 2
515 1033 1
708 1033 1
1228 1033 1
1229 1033 1
417 1034 1
643 1034 1
864 1034 1
2086 1034 1
1020 1035 1
1560 1035 1
1561 1035 1
2019 1035 1
418 1036 1
436 1036 1
197 1037 1
257 1037 1
45 1038 1
1124 1038 1
171 1039 1
1235 1039 1
608 1040 1
293 1041 1
1107 1041 1
1913 1041 1
363 1042 2
1390 1042 2
2063 1042 1
431 1043 1
98 1044 1
1268 1044 1
1478 1044 1
1537 1044 1
1612 1044 1
1657 1044 1
1796 1044 1
180 1045 1
279 1045 1
430 1045 1
547 1045 1
630 1045 1
691 1045 1
1251 1045 2
1270 1045 1
1291 1045 1
1360 1045 2
1429 1045 2
1619 1045 1
1762 1045 1
1767 1045 2
1768 1045 1
1823 1045 1
1842 1045 1
272 1046 1
394 1046 1
1503 1046 1
1706 1047 1
305 1048 1
1353 1048 1
163 1049 1
782 1049 1
1977 1049 1
1978 1049 1
296 1050 1
500 1050 2
1928 1050 1
1946 1050 1
223 1051 1
1878 1051 1
703 1052 1
737 1052 1
1121 1052 1
1967 1052 1
1968 1052 1
1969 1052 1
268 1053 1
1054 1053 1
1273 1053 1
268 1054 1
1053 1054 1
1273 1054 1
221 1055 1
222 1055 3
350 1055 1
1016 1055 1
1076 1055 1
1091 1055 1
1218 1055 1
1308 1055 1
1487 1055 1
1081 1056 1
2014 1056 1
550 1057 1
549 1058 1
1985 1058 1
1212 1059 1
1245 1060 1
1511 1060 1
904 1061 1
905 1061 1
1374 1061 1
1858 1061 1
1859 1061 1
126 1062 1
361 1062 1
1237 1062 1
1310 1062 1
1334 1062 1
2159 1062 1
2160 1062 1
2161 1062 1
2162 1062 1
2163 1062 1
314 1063 1
269 1064 1
1869 1064 1
103 1065 1
1017 1066 1
1019 1066 1
1190 1066 1
1192 1066 1
314 1067 1
371 1067 1
1601 1067 1
42 1068 1
1863 1068 1
4 1069 1
948 1069 1
1500 1069 1
164 1070 1
275 1070 1
978 1070 1
1206 1070 1
1244 1070 2
1386 1070 1
1534 1070 1
3 1071 1
95 1071 1
174 1071 1
328 1071 1
361 1071 1
1473 1071 1
1668 1071 1
1782 1071 1
225 1072 1
1122 1072 1
44 1073 1
54 1073 1
617 1073 1
622 1073 1
641 1073 1
766 1073 2
845 1073 1
1076 1073 1
1143 1073 1
1237 1073 2
1276 1073 1
1278 1073 2
1334 1073 1
1335 1073 1
1345 1073 2
1347 1073 1
1479 1073 1
1487 1073 1
1589 1073 1
2089 1073 2
2150 1073 1
141 1074 2
142 1074 2
165 1074 1
225 1074 5
312 1074 2
314 1074 2
336 1074 1
344 1074 1
936 1074 1
1103 1074 1
1201 1074 1
1237 1074 4
1303 1074 2
1323 1074 2
1389 1074 1
1419 1074 1
1518 1074 1
1536 1074 2
1590 1074 1
1814 1074 2
2000 1074 1
502 1075 2
829 1075 1
1114 1075 1
221 1076 1
222 1076 1
350 1076 1
617 1076 1
641 1076 3
1024 1076 1
1055 1076 1
1073 1076 1
1082 1076 1
1091 1076 2
1139 1076 1
1143 1076 1
1218 1076 1
1487 1076 1
1504 1076 1
1696 1076 1
371 1077 1
372 1077 1
277 1078 1
692 1078 1
765 1078 1
539 1079 1
270 1080 1
1056 1081 1
2014 1081 1
641 1082 1
793 1082 1
1076 1082 1
1249 1082 1
1391 1082 1
1467 1082 1
1486 1082 1
1504 1082 1
1696 1082 1
163 1083 1
383 1083 1
382 1084 1
1210 1084 1
994 1085 1
1830 1085 1
1831 1085 1
643 1086 1
1105 1086 1
1117 1086 1
1169 1086 1
2029 1086 1
195 1087 1
371 1087 1
42 1088 1
1520 1088 1
2034 1088 1
2179 1088 1
518 1089 1
1093 1089 1
1146 1089 1
111 1090 1
1161 1090 1
221 1091 1
222 1091 1
350 1091 1
1055 1091 1
1076 1091 2
1218 1091 1
1487 1091 1
612 1092 1
1751 1092 1
518 1093 1
1089 1093 1
1146 1093 1
363 1094 1
415 1094 1
1172 1094 1
1494 1095 1
1615 1095 1
2055 1095 1
1896 1096 1
1897 1096 1
906 1097 1
1098 1097 2
1163 1097 1
681 1098 1
906 1098 1
1097 1098 2
1163 1098 1
1857 1098 1
467 1099 1
550 1099 1
1637 1099 1
1118 1100 1
219 1101 1
174 1102 1
389 1102 1
542 1102 1
1074 1103 1
1237 1103 1
1 1104 1
851 1104 1
1086 1105 1
188 1106 1
1217 1106 1
293 1107 1
1041 1107 1
1913 1107 1
2080 1108 1
1481 1109 1
97 1110 1
1030 1111 1
1339 1111 1
1964 1111 1
182 1112 1
210 1112 1
574 1112 1
1283 1112 2
1575 1112 1
718 1113 1
502 1114 1
1075 1114 1
191 1115 1
1010 1115 1
1275 1115 1
1548 1115 1
1939 1115 1
2008 1115 1
535 1116 1
661 1116 1
1086 1117 1
1169 1117 1
1100 1118 1
1659 1118 1
1901 1118 1
1902 1118 1
1903 1118 1
714 1119 1
729 1119 1
781 1120 1
703 1121 1
737 1121 1
1052 1121 1
1967 1121 1
1968 1121 1
1969 1121 1
1 1122 1
225 1122 1
1072 1122 1
371 1123 1
1255 1123 1
45 1124 1
897 1124 1
1009 1124 1
1029 1124 1
1038 1124 1
1861 1124 1
1862 1124 1
1401 1125 1
1149 1126 1
1763 1126 1
1764 1126 1
1765 1126 1
239 1127 2
442 1127 4
1480 1127 1
2114 1127 1
1549 1128 1
1550 1128 1
699 1129 1
700 1129 1
1187 1129 1
1836 1129 1
49 1130 1
112 1130 1
195 1130 2
1941 1131 1
794 1132 1
1254 1132 1
1264 1132 1
1624 1132 1
2092 1132 1
2093 1132 1
641 1133 1
757 1133 1
1027 1134 1
1330 1134 1
79 1135 1
1230 1135 1
1502 1135 1
698 1136 1
1159 1136 1
648 1137 1
698 1138 1
1024 1139 1
1076 1139 1
631 1140 1
516 1141 1
195 1142 1
617 1143 1
641 1143 1
1073 1143 1
1076 1143 1
192 1144 1
269 1144 1
1 1145 2
518 1146 1
1089 1146 1
1093 1146 1
275 1147 1
1345 1147 1
752 1148 1
1150 1148 1
1162 1148 1
1126 1149 1
1763 1149 1
1764 1149 1
1765 1149 1
752 1150 1
1148 1150 1
1162 1150 1
693 1151 1
198 1152 1
626 1152 1
627 1152 1
684 1153 1
738 1154 1
925 1154 1
1661 1155 1
2151 1155 1
2152 1155 1
2153 1155 1
72 1156 1
442 1157 1
894 1157 1
1158 1157 1
2110 1157 1
2111 1157 1
442 1158 1
894 1158 1
1157 1158 1
2110 1158 1
2111 1158 1
1136 1159 1
915 1160 1
111 1161 1
1090 1161 1
752 1162 1
1148 1162 1
1150 1162 1
906 1163 1
1097 1163 1
1098 1163 1
585 1164 1
1166 1164 1
293 1165 1
938 1165 1
585 1166 1
1164 1166 1
538 1167 1
906 1167 1
479 1168 1
480 1168 1
1086 1169 1
1117 1169 1
1352 1170 1
1373 1170 1
199 1171 1
682 1171 1
363 1172 1
415 1172 1
1094 1172 1
1246 1173 1
1403 1173 1
1618 1173 1
2072 1173 1
194 1174 1
220 1174 1
494 1175 1
831 1175 1
165 1176 1
936 1176 1
336 1177 1
872 1177 1
1437 1177 1
1604 1177 1
1605 1177 1
2113 1177 1
872 1178 1
537 1179 2
630 1179 1
656 1179 1
2115 1179 1
438 1180 1
2087 1180 1
219 1181 1
221 1181 1
254 1181 1
611 1181 1
363 1182 2
889 1182 2
1375 1182 2
1640 1182 2
1849 1182 1
847 1183 1
72 1184 1
509 1184 1
772 1184 2
794 1184 1
824 1184 3
1388 1184 1
1530 1184 2
841 1185 2
1824 1185 1
2026 1185 1
165 1186 1
509 1186 1
824 1186 1
1000 1186 1
2004 1186 1
699 1187 1
700 1187 1
1031 1187 2
1129 1187 1
1673 1187 1
1724 1187 1
1725 1187 1
1818 1187 1
1836 1187 1
2043 1187 1
431 1188 1
354 1189 1
1017 1190 1
1019 1190 1
1066 1190 1
1192 1190 1
42 1191 1
142 1191 1
309 1191 1
1017 1192 1
1019 1192 1
1066 1192 1
1190 1192 1
540 1193 1
895 1193 1
160 1194 1
172 1194 1
555 1195 5
690 1195 4
1484 1195 4
516 1196 1
777 1197 1
1358 1198 1
195 1199 1
371 1199 1
1259 1199 1
1260 1199 1
1492 1199 2
293 1200 1
225 1201 1
1074 1201 1
15 1202 1
1895 1202 1
69 1203 1
1847 1203 1
212 1204 1
232 1204 1
236 1204 1
223 1205 1
164 1206 1
275 1206 1
1070 1206 1
195 1207 1
550 1208 1
1747 1208 1
1748 1208 1
272 1209 2
382 1210 1
1084 1210 1
489 1211 1
508 1211 1
509 1211 1
824 1211 3
1683 1211 1
2101 1211 1
1059 1212 1
436 1213 2
944 1213 2
1643 1213 2
226 1214 2
757 1214 1
1238 1214 1
1260 1214 1
1501 1214 1
1606 1214 1
510 1215 1
1672 1215 1
222 1216 1
1246 1216 1
1434 1216 1
1585 1216 1
1596 1216 1
188 1217 1
1106 1217 1
221 1218 1
222 1218 1
350 1218 1
1055 1218 1
1076 1218 1
1091 1218 1
1487 1218 1
289 1219 1
970 1219 1
236 1220 1
456 1220 1
466 1220 1
1462 1220 1
2130 1220 1
226 1221 1
893 1221 1
1239 1221 1
258 1222 1
1223 1222 1
1224 1222 2
1315 1222 1
1654 1222 1
1222 1223 1
1224 1223 1
1654 1223 1
258 1224 1
1222 1224 2
1223 1224 1
1315 1224 1
1654 1224 1
61 1225 2
462 1225 1
1280 1225 2
1281 1225 2
1307 1225 2
24 1226 1
163 1226 1
197 1226 1
246 1226 1
383 1226 1
437 1226 3
526 1226 1
1678 1226 2
149 1227 1
647 1227 2
648 1227 2
1265 1227 1
1381 1227 1
2053 1227 1
514 1228 1
1033 1228 1
1229 1228 1
514 1229 1
1033 1229 1
1228 1229 1
79 1230 1
363 1230 1
665 1230 1
1135 1230 1
1247 1230 1
1502 1230 1
961 1231 1
962 1231 1
1232 1231 3
1557 1231 2
1728 1231 1
961 1232 1
962 1232 1
1018 1232 1
1231 1232 3
1557 1232 3
1728 1232 1
1735 1232 2
1736 1232 2
1737 1232 1
2128 1232 1
2129 1232 1
970 1233 1
1542 1233 1
1698 1233 1
446 1234 1
2117 1234 1
2118 1234 1
2119 1234 1
2120 1234 1
154 1235 2
171 1235 1
1039 1235 1
1952 1235 1
219 1236 1
279 1236 3
698 1236 2
126 1237 1
361 1237 1
1062 1237 1
1073 1237 2
1074 1237 4
1103 1237 1
1310 1237 1
1323 1237 2
1334 1237 3
1479 1237 1
1529 1237 1
1536 1237 1
2089 1237 1
2150 1237 1
2159 1237 1
2160 1237 1
2161 1237 1
2162 1237 1
2163 1237 1
226 1238 1
757 1238 1
1214 1238 1
226 1239 1
475 1239 1
785 1239 1
786 1239 1
893 1239 1
1221 1239 1
1435 1239 2
1436 1239 2
1727 1239 1
25 1240 1
1631 1240 1
82 1241 1
152 1242 1
975 1242 1
976 1242 1
757 1243 1
978 1244 1
1070 1244 2
1386 1244 1
1610 1244 1
398 1245 1
798 1245 1
948 1245 2
968 1245 1
969 1245 1
1060 1245 1
1418 1245 1
1511 1245 1
222 1246 1
251 1246 2
330 1246 1
961 1246 2
962 1246 1
1173 1246 1
1216 1246 1
1316 1246 1
1403 1246 2
1424 1246 1
1438 1246 2
1447 1246 1
1557 1246 2
1583 1246 1
1596 1246 1
1618 1246 2
2072 1246 1
2082 1246 1
2083 1246 1
2084 1246 1
2127 1246 1
2170 1246 1
221 1247 1
253 1247 1
363 1247 1
617 1247 1
665 1247 1
1230 1247 1
279 1248 4
436 1248 1
947 1248 1
1498 1248 1
2056 1248 1
1082 1249 1
1334 1249 1
1391 1249 1
1486 1249 1
1943 1249 1
254 1250 1
279 1250 1
922 1250 1
1463 1250 1
180 1251 1
279 1251 1
1045 1251 2
1360 1251 1
96 1252 1
113 1252 1
640 1252 1
639 1253 1
1132 1254 1
1264 1254 1
371 1255 1
1123 1255 1
219 1256 2
363 1256 2
371 1257 4
1264 1257 2
1422 1257 1
1490 1257 1
1787 1257 1
892 1258 1
371 1259 1
1199 1259 1
1260 1259 1
371 1260 4
1199 1260 1
1214 1260 1
1259 1260 1
1264 1260 1
1443 1260 1
1501 1260 1
1519 1260 1
1606 1260 1
1949 1260 1
738 1261 2
925 1261 2
42 1262 2
334 1263 1
371 1264 2
1132 1264 1
1254 1264 1
1257 1264 2
1260 1264 1
1490 1264 1
149 1265 1
1227 1265 1
1381 1265 1
2053 1265 1
213 1266 1
599 1266 4
660 1266 2
1441 1266 1
1453 1266 1
1466 1266 1
1533 1266 1
1030 1267 1
98 1268 1
1044 1268 1
197 1269 1
430 1270 1
906 1270 1
1045 1270 1
1392 1270 1
1619 1270 1
200 1271 1
549 1271 1
684 1271 1
696 1271 1
1614 1271 1
1588 1272 1
268 1273 1
776 1273 2
1053 1273 1
1054 1273 1
961 1274 1
1512 1274 1
1010 1275 2
1115 1275 1
766 1276 1
1073 1276 1
1487 1276 1
476 1277 1
622 1278 1
1073 1278 2
398 1279 1
521 1279 1
61 1280 1
1225 1280 2
1281 1280 2
61 1281 1
1225 1281 2
1280 1281 2
1416 1282 1
1112 1283 2
494 1284 1
1856 1284 1
961 1285 1
693 1286 1
1287 1286 1
1288 1286 2
1289 1286 1
1290 1286 1
1995 1286 1
1286 1287 1
1288 1287 1
1290 1287 1
693 1288 1
1286 1288 2
1287 1288 1
1289 1288 1
1290 1288 1
1995 1288 1
693 1289 1
1286 1289 1
1288 1289 1
1995 1289 1
1286 1290 1
1287 1290 1
1288 1290 1
1045 1291 1
537 1292 1
1294 1293 1
1293 1294 1
723 1295 1
37 1296 2
311 1296 1
455 1296 1
840 1296 1
2078 1296 1
279 1297 1
594 1297 1
779 1297 1
371 1298 1
575 1298 1
185 1299 1
1300 1299 1
1299 1300 1
730 1301 2
5 1302 1
167 1302 1
193 1302 1
231 1302 1
240 1302 1
948 1302 1
312 1303 2
314 1303 3
1074 1303 2
1518 1303 1
1595 1303 1
2175 1303 1
1305 1304 1
1306 1304 1
1882 1304 1
1304 1305 1
1306 1305 1
1304 1306 1
1305 1306 1
20 1307 1
117 1307 1
138 1307 1
195 1307 1
204 1307 1
205 1307 1
231 1307 1
234 1307 1
405 1307 1
462 1307 1
948 1307 1
1225 1307 2
1471 1307 1
1055 1308 1
152 1309 2
4 1310 1
126 1310 1
361 1310 1
1062 1310 1
1237 1310 1
1334 1310 1
2159 1310 1
2160 1310 1
2161 1310 1
2162 1310 1
2163 1310 1
424 1311 1
943 1311 1
509 1312 1
824 1312 1
1313 1312 1
509 1313 1
824 1313 1
1312 1313 1
847 1314 4
1344 1314 1
1641 1314 1
1804 1314 1
1864 1314 2
258 1315 1
1222 1315 1
1224 1315 1
1246 1316 1
1477 1316 1
127 1317 1
575 1317 1
878 1317 1
1426 1317 1
1427 1317 1
363 1318 1
457 1318 1
1451 1318 1
1931 1318 1
1932 1318 1
746 1319 1
1320 1319 1
746 1320 1
1319 1320 1
649 1321 1
1322 1321 1
1410 1321 1
1870 1321 3
1871 1321 1
1993 1321 1
509 1322 1
555 1322 1
649 1322 1
754 1322 2
1321 1322 1
1409 1322 1
1410 1322 3
1455 1322 1
1456 1322 1
1805 1322 1
1806 1322 1
1074 1323 2
1237 1323 2
1405 1323 1
1536 1323 1
1598 1323 1
43 1324 1
165 1324 1
142 1325 1
849 1326 1
953 1326 3
1905 1326 1
821 1327 1
1328 1327 2
1945 1327 1
821 1328 1
1327 1328 2
998 1329 1
1027 1330 1
1134 1330 1
516 1331 1
698 1331 1
465 1332 1
582 1332 1
588 1332 1
796 1332 1
847 1333 1
1953 1333 1
126 1334 1
361 1334 1
1062 1334 1
1073 1334 1
1237 1334 3
1249 1334 1
1310 1334 1
1479 1334 1
1529 1334 1
1943 1334 1
2150 1334 1
2159 1334 1
2160 1334 1
2161 1334 1
2162 1334 1
2163 1334 1
1073 1335 1
366 1336 2
1021 1336 1
1459 1336 1
1633 1336 1
84 1337 1
84 1338 1
442 1338 1
1030 1339 1
1111 1339 1
1835 1339 1
1964 1339 1
254 1340 1
355 1340 2
611 1340 2
1989 1340 1
254 1341 1
889 1341 1
2001 1341 1
315 1342 1
2067 1342 1
772 1343 1
847 1344 2
1314 1344 1
1804 1344 1
54 1345 1
275 1345 1
1073 1345 2
1147 1345 1
1346 1345 1
1445 1345 1
1345 1346 1
1445 1346 1
1073 1347 1
824 1348 2
1996 1348 1
1832 1349 1
2009 1349 1
2010 1349 1
84 1350 1
442 1350 2
872 1350 1
1997 1350 1
549 1351 1
506 1352 1
1170 1352 1
305 1353 1
1048 1353 1
1563 1354 2
1564 1354 5
1651 1354 1
1709 1354 1
2074 1354 1
758 1355 1
823 1355 1
874 1355 1
673 1356 1
984 1357 1
1577 1357 1
2005 1357 1
197 1358 2
279 1358 2
703 1358 2
1198 1358 1
382 1359 1
970 1359 1
180 1360 1
1045 1360 2
1251 1360 1
673 1361 1
772 1361 1
21 1362 1
536 1363 1
981 1364 1
1365 1364 1
1366 1364 1
981 1365 1
1364 1365 1
1366 1365 1
981 1366 1
1364 1366 1
1365 1366 1
683 1367 1
249 1368 1
1369 1368 1
249 1369 1
1368 1369 1
382 1370 1
279 1371 1
282 1371 1
284 1371 1
379 1371 1
1373 1371 1
1613 1371 1
195 1372 2
765 1372 1
868 1372 1
219 1373 1
279 1373 3
781 1373 2
1170 1373 1
1371 1373 1
602 1374 1
904 1374 1
905 1374 1
1061 1374 1
1858 1374 1
1859 1374 1
2091 1374 1
2156 1374 1
2157 1374 1
2158 1374 1
889 1375 2
1182 1375 2
1640 1375 2
185 1376 1
219 1377 1
363 1377 1
1444 1377 1
1458 1377 1
442 1378 1
772 1378 1
1532 1378 1
78 1379 1
779 1380 1
784 1380 1
149 1381 1
1227 1381 1
1265 1381 1
2053 1381 1
6 1382 1
2033 1382 1
416 1383 2
890 1383 2
38 1384 1
319 1384 1
509 1385 1
824 1385 1
1417 1385 1
188 1386 1
1070 1386 1
1244 1386 1
585 1387 1
824 1388 1
1184 1388 1
1659 1388 1
225 1389 1
1074 1389 1
363 1390 2
1042 1390 2
2063 1390 1
21 1391 1
28 1391 1
46 1391 1
974 1391 1
1082 1391 1
1249 1391 1
1461 1391 1
1486 1391 1
1488 1391 1
906 1392 1
1270 1392 1
808 1393 1
1394 1393 1
808 1394 1
1393 1394 1
792 1395 1
793 1395 1
442 1396 1
58 1397 1
152 1397 1
455 1397 1
857 1397 1
858 1397 1
975 1397 1
976 1397 1
113 1398 1
366 1398 1
1841 1398 1
86 1399 1
387 1399 1
737 1400 1
781 1400 1
1855 1400 1
1125 1401 1
366 1402 1
251 1403 1
1173 1403 1
1246 1403 2
1438 1403 1
1618 1403 1
2072 1403 1
2127 1403 1
935 1404 2
1543 1404 2
1965 1404 1
1323 1405 1
1598 1405 1
442 1406 1
1499 1406 1
283 1407 1
772 1407 4
837 1407 2
1430 1407 1
1592 1407 1
2061 1407 1
738 1408 1
925 1408 1
1648 1408 1
1740 1408 1
1322 1409 1
1410 1409 1
1805 1409 1
1806 1409 1
649 1410 1
1321 1410 1
1322 1410 3
1409 1410 1
1455 1410 1
1456 1410 1
1805 1410 1
1806 1410 1
205 1411 1
335 1411 1
1471 1411 1
992 1412 1
344 1413 1
311 1414 1
379 1414 1
976 1414 1
2031 1415 1
1282 1416 1
509 1417 1
824 1417 1
1385 1417 1
398 1418 2
1245 1418 1
141 1419 1
142 1419 1
344 1419 1
1074 1419 1
363 1420 1
906 1421 1
1257 1422 1
496 1423 1
1246 1424 1
1557 1424 1
2082 1424 1
2083 1424 1
2084 1424 1
56 1425 2
779 1425 2
2140 1425 2
127 1426 1
575 1426 1
878 1426 1
1317 1426 1
1427 1426 1
127 1427 1
575 1427 1
878 1427 1
1317 1427 1
1426 1427 1
251 1428 1
739 1428 1
2149 1428 1
1045 1429 2
1767 1429 2
1768 1429 1
772 1430 1
837 1430 1
1407 1430 1
168 1431 1
850 1431 1
287 1432 1
365 1432 1
2125 1432 1
1468 1433 1
221 1434 1
254 1434 1
1216 1434 1
1585 1434 1
1239 1435 2
1436 1435 3
1727 1435 1
1239 1436 2
1435 1436 3
1727 1436 1
336 1437 1
1177 1437 1
1604 1437 1
1605 1437 1
251 1438 2
1246 1438 2
1403 1438 1
2127 1438 1
2170 1438 1
607 1439 1
1469 1439 1
1470 1439 1
610 1440 1
1510 1440 1
1266 1441 1
1466 1441 1
1684 1442 1
1260 1443 1
219 1444 1
363 1444 1
1377 1444 1
1458 1444 1
1345 1445 1
1346 1445 1
366 1446 1
1246 1447 1
1557 1447 1
1583 1447 1
53 1448 1
65 1448 1
314 1448 1
506 1449 1
1450 1449 1
506 1450 1
1449 1450 1
1318 1451 1
1931 1451 1
1932 1451 1
330 1452 1
971 1452 1
660 1453 1
1266 1453 1
409 1454 1
1322 1455 1
1410 1455 1
1456 1455 1
1322 1456 1
1410 1456 1
1455 1456 1
223 1457 1
946 1457 1
1571 1457 1
219 1458 1
363 1458 1
1377 1458 1
1444 1458 1
1336 1459 1
945 1460 1
21 1461 1
1391 1461 1
1488 1461 1
236 1462 1
456 1462 1
466 1462 1
1220 1462 1
2130 1462 1
922 1463 1
1250 1463 1
242 1464 1
293 1464 1
357 1464 1
358 1464 1
1629 1464 1
425 1465 1
882 1465 1
1266 1466 1
1441 1466 1
793 1467 1
1082 1467 1
1433 1468 1
607 1469 1
1439 1469 1
1470 1469 1
607 1470 1
1439 1470 1
1469 1470 1
195 1471 1
204 1471 1
205 1471 2
335 1471 1
1307 1471 1
1411 1471 1
283 1472 1
772 1472 1
1071 1473 1
189 1474 1
190 1474 1
648 1475 1
197 1476 1
1316 1477 1
1044 1478 1
1073 1479 1
1237 1479 1
1334 1479 1
2150 1479 1
442 1480 1
1127 1480 1
1109 1481 1
537 1482 1
816 1482 1
1722 1482 1
180 1483 1
977 1483 1
1584 1483 1
555 1484 4
690 1484 4
1195 1484 4
2023 1484 1
647 1485 2
1082 1486 1
1249 1486 1
1391 1486 1
221 1487 1
222 1487 1
350 1487 1
766 1487 1
1055 1487 1
1073 1487 1
1076 1487 1
1091 1487 1
1218 1487 1
1276 1487 1
21 1488 1
1391 1488 1
1461 1488 1
1689 1489 1
370 1490 1
371 1490 2
1257 1490 1
1264 1490 1
1558 1490 1
1916 1490 1
154 1491 2
195 1492 1
1199 1492 2
188 1493 1
838 1493 1
2100 1493 1
1095 1494 1
2055 1494 1
414 1495 2
935 1495 1
1802 1495 1
1854 1495 2
550 1496 2
1639 1496 1
1717 1496 1
1718 1496 1
209 1497 1
836 1497 1
1248 1498 1
442 1499 2
872 1499 1
1406 1499 1
4 1500 1
144 1500 1
936 1500 1
948 1500 1
1069 1500 1
1214 1501 1
1260 1501 1
1606 1501 1
79 1502 1
1135 1502 1
1230 1502 1
272 1503 1
394 1503 1
1046 1503 1
641 1504 1
1076 1504 1
1082 1504 1
1696 1504 1
1506 1505 1
1807 1505 1
1505 1506 1
1807 1506 1
366 1507 1
695 1507 1
2122 1508 1
196 1509 1
2102 1509 1
610 1510 1
1440 1510 1
1060 1511 1
1245 1511 1
961 1512 1
1274 1512 1
526 1513 1
74 1514 1
272 1515 1
533 1516 1
616 1516 1
629 1516 1
320 1517 1
312 1518 1
314 1518 1
1074 1518 1
1303 1518 1
371 1519 1
1260 1519 1
1949 1519 1
1088 1520 1
1522 1521 1
1521 1522 1
7 1523 1
8 1523 1
1524 1523 1
7 1524 1
8 1524 1
1523 1524 1
787 1525 1
57 1526 1
152 1526 1
249 1527 1
603 1528 1
604 1528 1
605 1528 1
1723 1528 1
1237 1529 1
1334 1529 1
772 1530 3
1184 1530 2
509 1531 1
932 1531 1
959 1531 1
772 1532 1
1378 1532 1
1266 1533 1
1070 1534 1
685 1535 1
835 1535 1
141 1536 1
142 1536 1
1074 1536 2
1237 1536 1
1323 1536 1
1044 1537 1
936 1538 1
910 1539 1
911 1539 1
1975 1539 1
1030 1540 1
2006 1540 1
2007 1540 1
157 1541 1
169 1541 1
325 1542 1
563 1542 1
760 1542 1
970 1542 1
1233 1542 1
1698 1542 2
935 1543 3
1404 1543 2
1965 1543 1
1970 1543 1
1971 1543 1
846 1544 1
1656 1545 1
289 1546 1
636 1547 1
1007 1547 1
2134 1547 1
1115 1548 1
1939 1548 1
772 1549 1
1128 1549 1
1550 1549 1
1128 1550 1
1549 1550 1
209 1551 1
337 1551 1
607 1552 2
2112 1552 2
509 1553 1
824 1553 1
273 1554 1
339 1554 1
1556 1555 1
1555 1556 1
1231 1557 2
1232 1557 3
1246 1557 2
1424 1557 1
1447 1557 1
1583 1557 1
1728 1557 1
2082 1557 1
2083 1557 1
2084 1557 1
370 1558 1
371 1558 1
1490 1558 1
547 1559 1
1020 1560 1
1035 1560 1
1561 1560 1
2019 1560 1
1020 1561 1
1035 1561 1
1560 1561 1
2019 1561 1
367 1562 1
1354 1563 2
1564 1563 2
72 1564 1
1354 1564 5
1563 1564 2
1651 1564 2
1709 1564 1
2074 1564 1
174 1565 1
389 1565 1
677 1565 1
168 1566 1
65 1567 2
101 1567 2
135 1567 2
1630 1567 1
59 1568 1
152 1568 1
241 1568 1
589 1569 1
821 1569 2
821 1570 1
1926 1570 1
1927 1570 1
223 1571 1
946 1571 1
1457 1571 1
527 1572 1
316 1573 1
346 1573 1
347 1573 1
251 1574 1
441 1574 1
182 1575 1
1112 1575 1
282 1576 1
306 1576 1
967 1576 1
984 1577 1
1357 1577 1
2005 1577 1
144 1578 1
374 1578 1
125 1579 1
561 1579 1
562 1579 1
951 1579 1
642 1580 1
936 1580 1
16 1581 1
325 1582 1
382 1582 1
260 1583 1
1246 1583 1
1447 1583 1
1557 1583 1
180 1584 1
977 1584 1
1483 1584 1
1216 1585 1
1434 1585 1
896 1586 1
2103 1586 1
859 1587 1
2167 1587 1
1272 1588 1
766 1589 1
845 1589 1
1073 1589 1
225 1590 2
1074 1590 1
1814 1590 1
60 1591 1
76 1591 1
158 1591 1
283 1592 1
772 1592 1
1407 1592 1
11 1593 1
1693 1593 1
772 1594 1
314 1595 1
1303 1595 1
2175 1595 1
222 1596 1
1216 1596 1
1246 1596 1
566 1597 1
873 1597 1
874 1597 1
2059 1597 1
1323 1598 1
1405 1598 1
442 1599 1
872 1599 1
254 1600 1
617 1600 1
314 1601 1
371 1601 1
1067 1601 1
517 1602 1
825 1602 1
668 1603 1
1030 1603 1
336 1604 1
1177 1604 1
1437 1604 1
1605 1604 1
336 1605 1
1177 1605 1
1437 1605 1
1604 1605 1
1214 1606 1
1260 1606 1
1501 1606 1
1608 1607 1
1955 1607 1
1607 1608 1
1955 1608 1
946 1609 1
1244 1610 1
251 1611 1
441 1611 1
1044 1612 1
282 1613 1
284 1613 1
379 1613 1
729 1613 1
1371 1613 1
684 1614 1
1271 1614 1
1095 1615 1
154 1616 1
1617 1616 1
2116 1616 1
154 1617 1
1616 1617 1
2116 1617 1
1173 1618 1
1246 1618 2
1403 1618 1
2072 1618 1
430 1619 1
1045 1619 1
1270 1619 1
390 1620 1
1621 1620 1
2154 1620 1
390 1621 1
1620 1621 1
2154 1621 1
99 1622 1
765 1622 1
2075 1622 1
283 1623 1
772 1623 1
1132 1624 1
2092 1624 1
2093 1624 1
730 1625 1
907 1625 1
260 1626 1
1627 1626 1
260 1627 1
1626 1627 1
859 1628 1
242 1629 1
293 1629 1
357 1629 1
358 1629 1
1464 1629 1
65 1630 1
101 1630 1
135 1630 1
1567 1630 1
25 1631 1
1240 1631 1
684 1632 1
1021 1633 1
1336 1633 1
855 1634 1
2035 1634 1
188 1635 1
709 1636 1
717 1636 1
1685 1636 1
467 1637 1
1099 1637 1
956 1638 1
550 1639 2
1496 1639 1
1718 1639 2
889 1640 2
1182 1640 2
1375 1640 2
847 1641 1
1314 1641 1
1864 1641 1
1660 1642 1
436 1643 2
944 1643 2
1213 1643 2
738 1644 1
925 1644 1
1655 1645 1
92 1646 1
503 1646 1
621 1646 1
2027 1646 1
738 1647 1
923 1647 1
925 1647 1
1756 1647 1
1408 1648 1
1740 1648 1
435 1649 1
553 1649 1
1738 1649 1
1744 1649 1
1745 1649 1
571 1650 1
657 1650 1
72 1651 1
860 1651 1
1354 1651 1
1564 1651 2
41 1652 1
1848 1652 1
613 1653 1
1930 1653 1
1222 1654 1
1223 1654 1
1224 1654 1
102 1655 1
1645 1655 1
1545 1656 1
1044 1657 1
1796 1657 1
102 1658 1
825 1658 1
1118 1659 1
1388 1659 1
1901 1659 1
1902 1659 1
1903 1659 1
1642 1660 1
1155 1661 1
2151 1661 1
2152 1661 1
2153 1661 1
469 1662 1
570 1662 1
1741 1663 1
549 1664 2
776 1664 2
2046 1665 1
2047 1665 1
254 1666 1
363 1666 1
2040 1667 1
1071 1668 1
1670 1669 1
1671 1669 1
130 1670 2
1669 1670 1
1671 1670 1
1937 1670 2
1669 1671 1
1670 1671 1
510 1672 1
1215 1672 1
1031 1673 1
1187 1673 1
905 1674 1
1675 1674 1
905 1675 1
1674 1675 1
932 1676 1
409 1677 1
667 1677 1
437 1678 2
1226 1678 2
154 1679 1
391 1679 1
535 1680 1
906 1680 1
537 1681 1
152 1682 1
729 1682 1
508 1683 1
509 1683 1
1211 1683 1
1442 1684 1
709 1685 1
717 1685 1
1636 1685 1
411 1686 1
74 1687 1
691 1688 1
1489 1689 1
970 1690 1
1691 1690 1
1692 1690 1
970 1691 1
1690 1691 1
1692 1691 1
970 1692 1
1690 1692 1
1691 1692 1
1593 1693 1
1695 1694 1
1694 1695 1
641 1696 1
1076 1696 1
1082 1696 1
1504 1696 1
279 1697 1
781 1697 1
325 1698 1
760 1698 1
970 1698 1
1233 1698 1
1542 1698 2
497 1699 1
610 1699 1
1700 1699 1
497 1700 1
610 1700 1
1699 1700 1
214 1701 1
270 1701 1
459 1702 1
1703 1702 1
459 1703 1
1702 1703 1
772 1704 1
1026 1704 1
1705 1704 1
772 1705 1
1026 1705 1
1704 1705 1
1047 1706 1
469 1707 1
577 1707 1
578 1707 1
82 1708 1
940 1708 1
1354 1709 1
1564 1709 1
494 1710 1
1712 1711 1
1713 1711 1
1711 1712 1
1713 1712 1
1711 1713 1
1712 1713 1
67 1714 1
643 1715 1
564 1716 1
565 1716 1
550 1717 1
1496 1717 1
550 1718 3
1496 1718 1
1639 1718 2
501 1719 1
579 1719 1
549 1720 1
646 1720 1
528 1721 1
537 1722 1
816 1722 1
1482 1722 1
603 1723 1
604 1723 2
605 1723 2
776 1723 2
1528 1723 1
2018 1723 1
1187 1724 1
1725 1724 1
1187 1725 1
1724 1725 1
596 1726 1
1030 1726 1
1239 1727 1
1435 1727 1
1436 1727 1
1231 1728 1
1232 1728 1
1557 1728 1
111 1729 1
263 1729 1
264 1729 1
1032 1729 1
738 1730 1
923 1730 1
924 1730 1
925 1730 1
658 1731 1
1025 1731 1
1732 1731 1
658 1732 1
1025 1732 1
1731 1732 1
67 1733 1
1734 1733 2
2081 1733 1
67 1734 1
1733 1734 2
2081 1734 1
1232 1735 2
1736 1735 1
1737 1735 1
2128 1735 1
2129 1735 1
1018 1736 1
1232 1736 2
1735 1736 1
1737 1736 1
1232 1737 1
1735 1737 1
1736 1737 1
435 1738 1
553 1738 1
1649 1738 1
265 1739 1
1408 1740 1
1648 1740 1
1663 1741 1
104 1742 1
160 1742 1
163 1743 1
782 1743 1
1649 1744 1
1745 1744 1
1649 1745 1
1744 1745 1
131 1746 1
550 1747 1
1208 1747 1
1748 1747 1
550 1748 1
1208 1748 1
1747 1748 1
550 1749 2
1750 1749 1
1752 1749 1
550 1750 1
1749 1750 1
612 1751 1
1092 1751 1
550 1752 1
1749 1752 1
259 1753 1
631 1754 1
501 1755 1
579 1755 1
738 1756 1
923 1756 1
925 1756 2
1647 1756 1
2020 1756 1
2021 1756 1
1758 1757 1
1757 1758 1
367 1759 1
501 1760 1
518 1760 1
579 1760 1
1762 1761 1
1045 1762 1
1761 1762 1
1126 1763 1
1149 1763 1
1764 1763 1
1765 1763 1
1126 1764 1
1149 1764 1
1763 1764 1
1765 1764 1
1126 1765 1
1149 1765 1
1763 1765 1
1764 1765 1
255 1766 1
332 1766 1
1045 1767 2
1429 1767 2
1768 1767 1
1045 1768 1
1429 1768 1
1767 1768 1
501 1769 2
512 1769 1
518 1769 1
579 1769 2
1770 1769 1
1904 1769 1
501 1770 1
579 1770 1
1769 1770 1
259 1771 1
605 1771 1
646 1771 1
84 1772 1
442 1772 1
833 1772 1
491 1773 1
1775 1774 1
1776 1774 1
1777 1774 1
1778 1774 1
1774 1775 1
1776 1775 1
1777 1775 1
1778 1775 1
1774 1776 1
1775 1776 1
1777 1776 1
1778 1776 1
1774 1777 1
1775 1777 1
1776 1777 1
1778 1777 1
571 1778 1
1774 1778 1
1775 1778 1
1776 1778 1
1777 1778 1
1923 1778 1
850 1779 1
1781 1780 1
1780 1781 1
174 1782 1
1071 1782 1
1784 1783 1
1785 1783 1
1783 1784 1
1785 1784 1
1783 1785 1
1784 1785 1
776 1786 1
371 1787 1
1257 1787 1
516 1788 1
477 1789 1
1790 1789 1
477 1790 1
1789 1790 1
437 1791 1
526 1791 1
511 1792 1
526 1792 1
296 1793 1
420 1793 1
507 1793 1
1794 1793 1
296 1794 1
420 1794 1
507 1794 1
1793 1794 1
436 1795 1
1044 1796 1
1657 1796 1
230 1797 1
398 1797 1
1799 1798 1
1800 1798 1
1801 1798 1
1798 1799 1
1800 1799 1
1801 1799 1
2174 1799 1
1798 1800 1
1799 1800 1
1801 1800 1
1798 1801 1
1799 1801 1
1800 1801 1
935 1802 1
1495 1802 1
643 1803 1
847 1804 1
1314 1804 1
1344 1804 1
1322 1805 1
1409 1805 1
1410 1805 1
1806 1805 1
1322 1806 1
1409 1806 1
1410 1806 1
1805 1806 1
1505 1807 1
1506 1807 1
545 1808 1
623 1808 1
624 1808 1
625 1808 1
42 1809 1
380 1809 1
559 1809 1
1810 1809 1
42 1810 1
380 1810 1
559 1810 1
1809 1810 1
772 1811 1
537 1812 1
772 1812 1
437 1813 1
511 1813 1
165 1814 1
225 1814 2
336 1814 1
936 1814 1
1074 1814 2
1590 1814 1
385 1815 1
620 1815 1
662 1815 1
679 1816 1
1817 1816 1
679 1817 1
1816 1817 1
1187 1818 1
234 1819 1
272 1819 1
2143 1820 1
2144 1820 1
2145 1820 1
426 1821 1
606 1821 1
607 1821 1
1823 1822 1
1045 1823 1
1822 1823 1
1842 1823 1
1998 1823 1
841 1824 1
1185 1824 1
503 1825 1
634 1825 2
330 1826 1
369 1826 1
501 1827 1
579 1827 1
404 1828 1
824 1828 1
442 1829 1
833 1829 1
994 1830 1
1085 1830 1
1831 1830 1
994 1831 1
1085 1831 1
1830 1831 1
1026 1832 1
1349 1832 1
2009 1832 1
2010 1832 1
1030 1833 1
208 1834 1
772 1834 1
1339 1835 1
699 1836 1
700 1836 1
1129 1836 1
1187 1836 1
237 1837 1
292 1837 1
431 1838 1
387 1839 1
1014 1839 1
2030 1839 1
1030 1840 1
113 1841 1
366 1841 1
1398 1841 1
1045 1842 1
1823 1842 1
1844 1843 1
1845 1843 1
1843 1844 1
1845 1844 1
1843 1845 1
1844 1845 1
367 1846 1
69 1847 1
1203 1847 1
41 1848 1
1652 1848 1
1182 1849 1
424 1850 1
1852 1851 1
1851 1852 1
781 1853 1
414 1854 2
1495 1854 2
737 1855 1
781 1855 1
1400 1855 1
494 1856 1
1284 1856 1
681 1857 1
1098 1857 1
904 1858 1
905 1858 1
1061 1858 1
1374 1858 1
1859 1858 1
904 1859 1
905 1859 1
1061 1859 1
1374 1859 1
1858 1859 1
927 1860 1
1124 1861 1
1862 1861 1
1124 1862 1
1861 1862 1
42 1863 1
631 1863 1
847 1863 1
914 1863 1
1068 1863 1
847 1864 4
1314 1864 2
1641 1864 1
490 1865 1
448 1866 1
1867 1866 1
448 1867 1
1866 1867 1
42 1868 2
269 1869 1
1064 1869 1
1321 1870 3
1871 1870 1
1321 1871 1
1870 1871 1
66 1872 1
122 1872 1
663 1872 1
412 1873 1
652 1874 1
653 1874 1
254 1875 1
702 1875 1
585 1876 1
645 1876 1
769 1876 1
346 1877 1
223 1878 1
1051 1878 1
1880 1879 1
1879 1880 1
110 1881 1
328 1881 1
1304 1882 1
16 1883 1
256 1883 1
261 1883 1
1884 1883 1
1885 1883 1
16 1884 1
256 1884 1
261 1884 1
1883 1884 1
1885 1884 1
16 1885 1
256 1885 1
261 1885 1
1883 1885 1
1884 1885 1
1887 1886 1
1888 1886 1
1889 1886 1
1886 1887 1
1888 1887 1
1889 1887 1
1886 1888 1
1887 1888 1
1889 1888 1
1886 1889 1
1887 1889 1
1888 1889 1
824 1890 1
366 1891 1
591 1892 1
363 1893 2
197 1894 1
15 1895 1
1202 1895 1
1096 1896 1
1897 1896 1
1096 1897 1
1896 1897 1
475 1898 1
734 1899 1
735 1899 1
736 1899 1
859 1899 1
1900 1899 1
734 1900 1
735 1900 1
736 1900 1
859 1900 1
1899 1900 1
1118 1901 1
1659 1901 1
1902 1901 1
1903 1901 1
1118 1902 1
1659 1902 1
1901 1902 1
1903 1902 1
1118 1903 1
1659 1903 1
1901 1903 1
1902 1903 1
501 1904 1
512 1904 1
1769 1904 1
953 1905 1
1326 1905 1
198 1906 1
736 1906 1
234 1907 1
1908 1907 1
1909 1907 1
1910 1907 1
1911 1907 1
234 1908 1
1907 1908 1
1909 1908 1
1910 1908 1
1911 1908 1
234 1909 1
1907 1909 1
1908 1909 1
1910 1909 1
1911 1909 1
234 1910 1
1907 1910 1
1908 1910 1
1909 1910 1
1911 1910 1
234 1911 1
1907 1911 1
1908 1911 1
1909 1911 1
1910 1911 1
782 1912 1
293 1913 1
1041 1913 1
1107 1913 1
1915 1914 1
1914 1915 1
1490 1916 1
422 1917 1
822 1917 1
751 1918 1
1920 1919 1
1921 1919 1
1919 1920 1
1921 1920 1
1919 1921 1
1920 1921 1
730 1922 1
571 1923 1
1778 1923 1
775 1924 1
1925 1924 1
775 1925 1
1924 1925 1
821 1926 1
1570 1926 1
1927 1926 1
821 1927 1
1570 1927 1
1926 1927 1
296 1928 1
1050 1928 1
664 1929 1
613 1930 1
1653 1930 1
1318 1931 1
1451 1931 1
1932 1931 1
1318 1932 1
1451 1932 1
1931 1932 1
643 1933 1
520 1934 1
1935 1934 1
520 1935 1
1934 1935 1
546 1936 1
1031 1936 1
130 1937 2
1670 1937 2
260 1938 1
1010 1939 1
1115 1939 1
1548 1939 1
1940 1939 1
1010 1940 1
1939 1940 1
1131 1941 1
634 1942 1
852 1942 1
1249 1943 1
1334 1943 1
930 1944 1
932 1944 1
1327 1945 1
1050 1946 1
442 1947 1
833 1947 1
1948 1947 1
442 1948 1
833 1948 1
1947 1948 1
371 1949 1
1260 1949 1
1519 1949 1
429 1950 1
1951 1950 1
429 1951 1
1950 1951 1
154 1952 1
1235 1952 1
847 1953 1
1333 1953 1
602 1954 1
1955 1954 1
1607 1955 1
1608 1955 1
1954 1955 1
385 1956 1
818 1956 1
267 1957 1
847 1958 1
718 1959 1
849 1960 1
982 1960 1
1962 1961 1
1961 1962 1
75 1963 1
1030 1964 1
1111 1964 1
1339 1964 1
935 1965 1
1404 1965 1
1543 1965 1
554 1966 1
703 1967 1
737 1967 1
1052 1967 1
1121 1967 1
1968 1967 1
1969 1967 1
703 1968 1
737 1968 1
1052 1968 1
1121 1968 1
1967 1968 1
1969 1968 1
703 1969 1
737 1969 1
1052 1969 1
1121 1969 1
1967 1969 1
1968 1969 1
935 1970 1
1543 1970 1
1971 1970 1
935 1971 1
1543 1971 1
1970 1971 1
1973 1972 1
1974 1972 1
1972 1973 1
1974 1973 1
1972 1974 1
1973 1974 1
910 1975 1
911 1975 1
1539 1975 1
844 1976 1
163 1977 1
782 1977 1
1049 1977 1
1978 1977 1
163 1978 1
782 1978 1
1049 1978 1
1977 1978 1
1980 1979 1
1981 1979 1
1979 1980 1
1981 1980 1
1979 1981 1
1980 1981 1
1010 1982 1
1983 1982 1
1984 1982 1
1010 1983 1
1982 1983 1
1984 1983 1
1010 1984 1
1982 1984 1
1983 1984 1
549 1985 1
1058 1985 1
123 1986 1
857 1986 1
858 1986 1
610 1987 1
643 1987 1
1988 1987 1
610 1988 1
643 1988 1
1987 1988 1
355 1989 1
611 1989 1
1340 1989 1
188 1990 1
540 1991 1
757 1991 1
360 1992 1
1321 1993 1
14 1994 1
191 1994 1
693 1995 1
1286 1995 1
1288 1995 1
1289 1995 1
824 1996 1
1348 1996 1
84 1997 1
442 1997 1
1350 1997 1
1823 1998 1
378 1999 1
1030 1999 1
225 2000 1
1074 2000 1
254 2001 1
889 2001 1
1341 2001 1
1028 2002 1
254 2003 1
878 2003 1
899 2003 1
1000 2004 1
1186 2004 1
984 2005 1
1357 2005 1
1577 2005 1
1030 2006 1
1540 2006 1
2007 2006 1
1030 2007 1
1540 2007 1
2006 2007 1
191 2008 1
1115 2008 1
1349 2009 1
1832 2009 1
2010 2009 1
1349 2010 1
1832 2010 1
2009 2010 1
254 2011 1
494 2012 1
894 2013 1
939 2013 1
1056 2014 1
1081 2014 1
185 2015 1
279 2016 1
953 2016 1
185 2017 1
604 2018 1
605 2018 1
776 2018 1
1723 2018 1
1020 2019 1
1035 2019 1
1560 2019 1
1561 2019 1
925 2020 1
1756 2020 1
2021 2020 1
925 2021 1
1756 2021 1
2020 2021 1
477 2022 1
1484 2023 1
289 2024 1
316 2025 1
346 2025 1
841 2026 1
1185 2026 1
1646 2027 1
428 2028 1
432 2028 1
643 2029 1
1086 2029 1
1839 2030 1
1415 2031 1
823 2032 1
874 2032 1
6 2033 1
1382 2033 1
42 2034 1
1088 2034 1
855 2035 1
1634 2035 1
655 2036 1
70 2037 1
423 2038 1
583 2038 1
211 2039 1
270 2039 1
1667 2040 1
382 2041 1
1000 2042 1
1031 2043 1
1187 2043 1
168 2044 1
363 2045 1
1665 2046 1
2047 2046 1
1665 2047 1
2046 2047 1
454 2048 1
953 2048 1
1013 2048 1
27 2049 1
2050 2049 1
27 2050 1
2049 2050 1
47 2051 1
291 2051 1
821 2051 1
2052 2051 1
47 2052 1
291 2052 1
821 2052 1
2051 2052 1
149 2053 1
1227 2053 1
1265 2053 1
1381 2053 1
496 2054 1
1095 2055 1
1494 2055 1
1248 2056 1
953 2057 1
592 2058 1
593 2058 1
629 2058 1
566 2059 1
873 2059 1
874 2059 1
1597 2059 1
866 2060 1
772 2061 1
1407 2061 1
195 2062 1
363 2063 1
1042 2063 1
1390 2063 1
149 2064 1
239 2065 1
442 2065 1
678 2065 1
2066 2065 1
239 2066 1
442 2066 1
678 2066 1
2065 2066 1
315 2067 1
1342 2067 1
162 2068 1
457 2069 1
2070 2069 1
457 2070 1
2069 2070 1
318 2071 1
1173 2072 1
1246 2072 1
1403 2072 1
1618 2072 1
662 2073 1
1354 2074 1
1564 2074 1
99 2075 1
765 2075 1
1622 2075 1
2077 2076 1
2076 2077 1
37 2078 1
1296 2078 1
691 2079 1
1108 2080 1
67 2081 1
1733 2081 1
1734 2081 1
1246 2082 1
1424 2082 1
1557 2082 1
2083 2082 1
2084 2082 1
1246 2083 1
1424 2083 1
1557 2083 1
2082 2083 1
2084 2083 1
1246 2084 1
1424 2084 1
1557 2084 1
2082 2084 1
2083 2084 1
773 2085 1
417 2086 1
643 2086 1
864 2086 1
1034 2086 1
428 2087 1
438 2087 2
1180 2087 1
2088 2087 1
428 2088 1
438 2088 1
2087 2088 1
44 2089 1
1073 2089 2
1237 2089 1
532 2090 1
602 2091 1
1374 2091 1
1132 2092 1
1624 2092 1
2093 2092 1
1132 2093 1
1624 2093 1
2092 2093 1
745 2094 1
952 2094 1
1002 2095 1
2096 2095 1
1002 2096 1
2095 2096 1
206 2097 1
487 2097 1
735 2098 1
736 2098 1
768 2098 1
611 2099 1
725 2099 1
775 2099 1
1493 2100 1
1211 2101 1
1509 2102 1
896 2103 1
1586 2103 1
964 2104 1
2105 2104 1
964 2105 1
2104 2105 1
615 2106 1
651 2106 1
366 2107 1
234 2108 1
368 2108 1
373 2108 1
386 2108 1
736 2109 2
859 2109 2
442 2110 1
894 2110 1
1157 2110 1
1158 2110 1
2111 2110 1
442 2111 1
894 2111 1
1157 2111 1
1158 2111 1
2110 2111 1
607 2112 2
1552 2112 2
872 2113 1
1177 2113 1
442 2114 1
1127 2114 1
656 2115 1
1179 2115 1
154 2116 1
1616 2116 1
1617 2116 1
446 2117 1
1234 2117 1
2118 2117 1
2119 2117 1
2120 2117 1
446 2118 1
1234 2118 1
2117 2118 1
2119 2118 1
2120 2118 1
446 2119 1
1234 2119 1
2117 2119 1
2118 2119 1
2120 2119 1
446 2120 1
1234 2120 1
2117 2120 1
2118 2120 1
2119 2120 1
408 2121 1
607 2121 1
1508 2122 1
886 2123 1
887 2123 1
152 2124 1
287 2125 1
365 2125 1
1432 2125 1
773 2126 1
774 2126 1
251 2127 1
1246 2127 1
1403 2127 1
1438 2127 1
1232 2128 1
1735 2128 1
2129 2128 1
1232 2129 1
1735 2129 1
2128 2129 1
236 2130 1
456 2130 1
466 2130 1
1220 2130 1
1462 2130 1
827 2131 1
2132 2131 1
827 2132 1
2131 2132 1
102 2133 1
636 2134 1
1007 2134 1
1547 2134 1
611 2135 1
2136 2135 1
611 2136 1
2135 2136 1
736 2137 1
859 2137 1
673 2138 1
834 2139 1
56 2140 2
779 2140 2
1425 2140 2
638 2141 1
729 2141 1
988 2141 1
289 2142 1
1820 2143 1
2144 2143 1
2145 2143 1
1820 2144 1
2143 2144 1
2145 2144 1
1820 2145 1
2143 2145 1
2144 2145 1
731 2146 1
732 2146 1
699 2147 1
2148 2147 1
699 2148 1
2147 2148 1
251 2149 1
739 2149 1
1428 2149 1
1073 2150 1
1237 2150 1
1334 2150 1
1479 2150 1
1155 2151 1
1661 2151 1
2152 2151 1
2153 2151 1
1155 2152 1
1661 2152 1
2151 2152 1
2153 2152 1
1155 2153 1
1661 2153 1
2151 2153 1
2152 2153 1
390 2154 1
1620 2154 1
1621 2154 1
381 2155 1
382 2155 1
1374 2156 1
2157 2156 1
2158 2156 1
1374 2157 1
2156 2157 1
2158 2157 1
1374 2158 1
2156 2158 1
2157 2158 1
126 2159 1
361 2159 1
1062 2159 1
1237 2159 1
1310 2159 1
1334 2159 1
2160 2159 1
2161 2159 1
2162 2159 1
2163 2159 1
126 2160 1
361 2160 1
1062 2160 1
1237 2160 1
1310 2160 1
1334 2160 1
2159 2160 1
2161 2160 1
2162 2160 1
2163 2160 1
126 2161 1
361 2161 1
1062 2161 1
1237 2161 1
1310 2161 1
1334 2161 1
2159 2161 1
2160 2161 1
2162 2161 1
2163 2161 1
126 2162 1
361 2162 1
1062 2162 1
1237 2162 1
1310 2162 1
1334 2162 1
2159 2162 1
2160 2162 1
2161 2162 1
2163 2162 1
126 2163 1
361 2163 1
1062 2163 1
1237 2163 1
1310 2163 1
1334 2163 1
2159 2163 1
2160 2163 1
2161 2163 1
2162 2163 1
73 2164 1
400 2164 1
83 2165 1
124 2165 1
2166 2165 1
83 2166 1
124 2166 1
2165 2166 1
859 2167 1
1587 2167 1
867 2168 1
983 2168 1
747 2169 1
251 2170 1
1246 2170 1
1438 2170 1
461 2171 1
572 2171 1
2172 2171 1
2173 2171 1
461 2172 1
572 2172 1
2171 2172 1
2173 2172 1
461 2173 1
572 2173 1
2171 2173 1
2172 2173 1
1799 2174 1
314 2175 1
1303 2175 1
1595 2175 1
543 2176 1
2177 2176 1
543 2177 1
2176 2177 1
777 2178 1
1088 2179 1
