198 1 1
278 1 1
381 1 1
88 2 1
258 2 2
427 2 2
559 2 1
829 2 2
831 2 1
890 2 1
913 2 1
914 2 1
47 3 1
39 4 2
54 4 2
205 5 1
284 5 1
179 6 1
281 6 1
313 6 1
116 7 2
779 7 1
780 7 1
123 8 1
393 8 1
405 8 1
471 8 1
11 9 1
72 9 1
219 9 1
319 9 1
436 9 1
517 9 1
637 9 1
638 9 1
303 10 1
9 11 1
72 11 1
219 11 1
319 11 1
436 11 1
517 11 1
551 11 2
596 11 2
637 11 1
638 11 1
834 11 1
835 11 1
947 11 1
948 11 1
684 12 1
700 12 1
376 13 1
41 14 1
42 14 1
146 14 1
217 15 1
468 15 1
686 15 1
35 16 1
489 16 1
491 16 1
18 17 2
19 17 2
20 17 2
17 18 2
19 18 2
20 18 2
17 19 2
18 19 2
20 19 2
17 20 2
18 20 2
19 20 2
338 21 3
568 21 2
822 21 1
397 22 1
425 22 1
494 22 1
776 22 1
76 23 1
189 23 1
331 23 1
891 23 1
96 24 1
189 24 1
228 24 1
423 24 1
233 25 1
269 25 3
270 25 1
755 25 1
768 25 1
73 26 1
100 26 1
184 26 1
283 26 1
708 26 1
104 27 2
191 27 2
736 27 1
57 28 1
224 28 1
242 28 1
247 28 1
412 28 1
437 28 1
457 28 1
529 28 1
549 28 1
633 28 1
718 28 1
721 28 1
816 28 1
477 29 1
64 30 1
481 30 1
492 30 1
978 30 1
125 31 1
387 31 1
101 32 1
478 32 1
95 33 1
268 33 2
443 33 1
447 33 1
462 33 1
960 33 1
87 34 1
16 35 1
67 35 1
275 35 1
302 35 1
303 35 4
467 35 1
489 35 1
491 35 1
502 35 1
794 35 3
795 35 3
162 36 1
455 36 1
999 36 1
746 37 1
871 37 1
532 38 2
590 38 2
812 38 2
4 39 2
54 39 2
63 40 1
173 40 1
227 40 1
556 40 1
609 40 1
623 40 1
676 40 1
930 40 1
14 41 1
42 41 1
146 41 1
14 42 1
41 42 1
146 42 1
752 43 1
821 43 1
45 44 1
873 44 1
44 45 1
873 45 2
889 45 1
971 45 1
399 46 1
519 46 1
3 47 1
606 47 1
800 47 1
178 48 1
289 48 1
378 48 1
52 49 1
382 49 1
415 49 1
416 49 1
487 49 1
166 50 1
690 50 1
118 51 1
196 51 1
220 51 1
390 51 1
450 51 1
515 51 1
609 51 1
683 51 1
796 51 1
797 51 1
49 52 1
374 52 1
382 52 1
415 52 1
416 52 1
487 52 1
507 52 1
620 52 1
659 52 1
62 53 1
187 53 1
653 53 2
756 53 1
4 54 2
39 54 2
61 55 1
1000 55 1
1001 55 1
124 56 1
146 56 1
379 56 1
401 56 1
408 56 1
409 56 1
411 56 1
28 57 1
224 57 1
721 57 1
283 58 1
652 58 1
247 59 1
77 60 1
679 60 1
55 61 1
138 61 1
218 61 1
294 61 1
1000 61 1
1001 61 1
53 62 1
653 62 1
40 63 1
30 64 1
206 64 1
481 64 2
492 64 1
577 64 1
978 64 1
615 65 2
843 65 1
152 66 2
232 66 2
361 66 2
646 66 2
952 66 2
35 67 1
467 67 1
69 68 1
78 68 1
102 68 1
107 68 1
255 68 1
295 68 1
329 68 1
381 68 1
394 68 1
504 68 1
778 68 1
918 68 1
959 68 1
984 68 1
68 69 1
134 69 1
322 69 1
381 69 1
504 69 1
518 69 1
778 69 1
786 69 1
830 69 1
130 70 1
724 71 1
725 71 4
763 71 1
849 71 2
850 71 1
856 71 1
9 72 1
11 72 1
89 72 2
98 72 1
126 72 1
143 72 2
165 72 2
211 72 1
219 72 1
319 72 6
436 72 1
508 72 2
517 72 1
545 72 1
547 72 1
577 72 1
578 72 4
579 72 1
580 72 1
631 72 1
637 72 1
638 72 1
642 72 1
689 72 1
696 72 1
711 72 1
766 72 1
808 72 1
998 72 1
26 73 1
100 73 1
184 73 1
283 73 1
708 73 1
181 74 1
312 74 1
818 74 1
819 74 1
77 75 1
23 76 1
189 76 1
331 76 1
891 76 1
60 77 1
75 77 1
103 77 1
225 77 1
273 77 1
274 77 1
292 77 1
509 77 1
563 77 1
597 77 1
679 77 1
813 77 1
68 78 1
136 78 1
323 78 1
394 78 1
959 78 1
241 79 1
886 79 1
81 80 1
727 80 1
80 81 1
727 81 1
798 81 1
799 81 1
260 82 1
500 82 1
433 83 1
488 83 1
534 83 1
184 84 1
460 84 1
161 85 1
524 85 1
624 86 1
691 86 1
793 86 1
842 86 1
962 86 1
34 87 1
2 88 1
829 88 1
72 89 2
98 89 1
143 89 2
319 89 1
578 89 1
696 89 1
197 90 2
225 91 1
957 91 1
150 92 1
140 93 1
951 94 1
33 95 1
268 95 1
447 95 1
960 95 1
24 96 1
189 96 1
228 96 1
423 96 1
163 97 1
599 97 1
612 97 1
72 98 1
89 98 1
143 98 1
696 98 1
569 99 1
726 99 1
26 100 1
73 100 1
184 100 1
283 100 1
708 100 1
32 101 1
196 101 1
215 101 1
478 101 1
592 101 1
879 101 1
880 101 1
68 102 1
107 102 1
185 102 1
255 102 1
288 102 1
329 102 1
694 102 1
695 102 1
77 103 1
597 103 1
27 104 2
191 104 2
204 104 1
736 104 1
986 104 1
987 104 1
988 104 1
106 105 1
105 106 1
68 107 1
102 107 1
255 107 1
329 107 1
186 108 1
342 108 1
173 109 1
136 110 1
323 110 1
130 111 1
740 111 1
181 112 1
453 112 1
330 113 1
215 114 2
196 115 1
7 116 2
118 117 1
236 117 1
390 117 1
51 118 1
117 118 1
196 118 1
236 118 1
390 118 2
450 118 1
144 119 1
361 119 1
541 119 1
122 120 1
436 120 1
505 120 1
565 120 1
940 120 1
953 120 1
359 121 1
395 121 1
396 121 1
454 121 1
975 121 1
120 122 1
436 122 1
940 122 1
8 123 1
393 123 1
405 123 1
471 123 1
56 124 1
401 124 1
411 124 1
31 125 1
387 125 1
72 126 1
577 126 1
203 127 1
512 127 1
1009 128 1
1010 128 1
1011 128 1
134 129 1
420 129 1
720 129 1
70 130 1
111 130 1
702 130 1
740 130 1
851 131 1
169 132 1
170 132 1
698 132 1
1013 132 1
1014 132 1
149 133 1
692 133 1
976 133 1
977 133 1
69 134 1
129 134 1
420 134 1
720 134 1
830 134 1
610 135 1
78 136 1
110 136 1
226 136 1
254 136 1
256 136 1
323 136 5
330 136 3
392 136 1
611 136 1
885 136 1
928 136 1
955 136 1
200 137 1
234 137 1
61 138 1
218 138 1
294 138 1
148 139 1
419 139 1
93 140 1
181 141 1
841 141 1
196 142 1
72 143 2
89 143 2
98 143 1
319 143 1
578 143 1
696 143 1
119 144 1
361 144 1
541 144 1
195 145 1
548 145 1
14 146 1
41 146 1
42 146 1
56 146 1
379 146 1
408 146 1
409 146 1
456 146 1
473 146 1
232 147 1
381 147 2
510 147 1
646 147 1
139 148 1
419 148 1
714 148 1
901 148 1
133 149 1
692 149 1
976 149 1
977 149 1
92 150 1
196 151 1
243 151 1
268 151 1
338 151 1
424 151 1
497 151 1
562 151 1
567 151 1
681 151 1
954 151 1
66 152 2
232 152 2
361 152 2
646 152 2
952 152 2
497 153 1
567 153 1
618 153 1
632 153 1
155 154 2
221 154 2
154 155 2
221 155 2
230 156 2
322 156 2
414 157 1
421 157 1
759 157 2
216 158 1
222 158 2
282 159 1
283 159 2
287 159 1
334 159 1
267 160 1
290 160 2
299 160 1
300 160 1
301 160 1
362 160 1
407 160 1
422 160 1
431 160 1
825 160 1
85 161 1
524 161 1
36 162 1
97 163 1
599 163 1
612 163 1
732 164 1
733 164 1
833 164 1
72 165 2
580 165 1
808 165 1
50 166 1
690 166 1
400 167 1
418 167 1
195 168 1
214 168 1
381 168 1
428 168 1
541 168 1
132 169 1
170 169 1
698 169 1
1013 169 1
1014 169 1
132 170 1
169 170 1
698 170 1
1013 170 1
1014 170 1
347 171 1
342 172 1
374 172 1
507 172 1
569 172 1
40 173 1
109 173 1
250 173 1
351 173 1
531 173 1
532 173 1
556 173 1
608 173 1
669 173 1
676 173 1
903 173 1
367 174 1
368 174 1
970 174 1
263 175 1
264 175 2
466 175 1
202 176 1
817 176 1
303 177 1
461 177 1
649 177 1
743 177 1
991 177 1
48 178 1
289 178 1
378 178 1
6 179 1
472 179 1
516 179 1
458 180 2
840 180 1
869 180 1
870 180 1
74 181 1
112 181 1
141 181 1
312 181 1
359 181 1
453 181 1
818 181 1
819 181 1
841 181 1
267 182 1
469 182 1
662 182 1
293 183 1
970 183 1
972 183 1
26 184 1
73 184 1
84 184 1
100 184 1
283 184 1
410 184 1
460 184 2
708 184 1
102 185 1
108 186 1
342 186 1
53 187 1
653 187 1
756 187 1
866 188 1
23 189 1
24 189 1
76 189 1
96 189 1
228 189 1
331 189 1
423 189 1
891 189 1
259 190 1
777 190 1
27 191 2
104 191 2
435 191 1
672 191 1
736 191 1
223 192 1
750 192 1
934 193 1
935 193 1
936 193 1
883 194 1
145 195 1
168 195 1
428 195 1
541 195 1
548 195 1
51 196 1
101 196 1
115 196 1
118 196 1
142 196 1
151 196 1
215 196 1
243 196 1
390 196 1
424 196 1
450 196 1
592 196 1
879 196 1
880 196 1
90 197 2
1 198 1
278 198 1
381 198 1
496 199 1
536 199 1
586 199 2
629 199 1
643 199 1
815 199 1
137 200 1
234 200 1
685 201 1
687 201 1
176 202 1
817 202 1
127 203 1
512 203 1
104 204 1
986 204 1
987 204 1
988 204 1
5 205 1
284 205 1
64 206 1
481 206 1
577 206 1
595 207 2
760 207 1
761 207 1
762 207 1
370 208 1
918 208 1
919 208 1
544 209 1
230 210 3
322 210 3
693 210 1
72 211 1
319 211 1
503 211 1
578 211 1
666 211 1
766 211 1
767 211 1
528 212 1
588 212 1
688 213 1
168 214 1
381 214 1
522 214 1
101 215 1
114 215 2
196 215 1
344 215 1
592 215 1
641 215 1
879 215 1
880 215 1
946 215 1
158 216 1
222 216 1
15 217 1
468 217 1
475 217 1
625 217 1
640 217 1
686 217 1
693 217 1
926 217 1
61 218 1
138 218 1
294 218 1
494 218 1
713 218 1
9 219 1
11 219 1
72 219 1
319 219 1
436 219 1
517 219 1
637 219 1
638 219 1
51 220 1
515 220 1
609 220 1
683 220 1
796 220 1
797 220 1
154 221 2
155 221 2
158 222 2
216 222 1
192 223 1
750 223 2
875 223 1
28 224 1
57 224 1
721 224 1
77 225 1
91 225 1
509 225 1
957 225 1
136 226 1
254 226 1
325 226 1
523 226 1
927 226 1
40 227 1
609 227 1
623 227 1
24 228 1
96 228 1
189 228 1
423 228 1
278 229 1
459 229 1
657 229 1
709 229 1
745 229 1
1008 229 1
156 230 2
210 230 3
322 230 6
693 230 1
675 231 1
66 232 2
147 232 1
152 232 2
320 232 1
321 232 2
361 232 2
381 232 1
646 232 3
952 232 2
25 233 1
269 233 1
137 234 1
200 234 1
252 235 1
931 235 1
932 235 1
933 235 1
117 236 1
118 236 1
390 236 1
594 237 1
805 238 1
488 239 1
534 239 1
581 239 1
582 239 1
614 239 1
644 239 1
645 239 1
710 239 2
749 239 1
814 239 1
956 239 1
449 240 1
787 240 1
788 240 1
79 241 1
886 241 1
28 242 1
247 242 1
412 242 1
437 242 1
549 242 1
816 242 1
151 243 1
196 243 1
261 243 1
303 243 1
424 243 1
486 243 1
641 243 1
769 243 1
887 243 1
503 244 1
526 244 1
868 244 1
308 245 1
360 245 1
832 246 1
28 247 1
59 247 1
242 247 1
412 247 1
437 247 1
463 247 1
549 247 1
564 247 1
621 247 1
816 247 1
661 248 1
311 249 1
958 249 1
173 250 1
531 250 1
630 251 1
235 252 1
931 252 1
932 252 1
933 252 1
389 253 1
136 254 1
226 254 1
68 255 1
102 255 1
107 255 1
329 255 1
136 256 1
323 256 1
272 257 1
374 257 1
493 257 1
2 258 2
340 258 1
366 258 1
677 258 1
722 258 1
809 258 2
884 258 1
190 259 1
777 259 1
82 260 1
271 260 1
500 260 1
781 260 1
790 260 1
791 260 1
243 261 1
486 261 1
641 261 1
380 262 1
175 263 1
264 263 1
511 263 1
826 263 1
175 264 2
263 264 1
466 264 1
291 265 1
470 265 1
605 265 1
909 265 1
561 266 1
160 267 1
182 267 1
431 267 1
469 267 1
662 267 1
33 268 2
95 268 1
151 268 1
338 268 1
447 268 1
681 268 1
911 268 1
960 268 1
981 268 1
982 268 2
25 269 3
233 269 1
270 269 1
755 269 1
768 269 1
25 270 1
269 270 1
768 270 1
260 271 1
874 271 1
257 272 1
374 272 1
493 272 1
77 273 1
274 273 1
292 273 1
77 274 1
273 274 1
292 274 1
35 275 1
302 275 1
303 275 1
309 275 1
445 276 1
480 276 1
405 277 1
406 277 1
992 277 1
993 277 1
994 277 1
1 278 1
198 278 1
229 278 1
381 278 1
459 278 1
657 278 1
709 278 1
745 278 1
1008 278 1
285 279 1
440 280 1
706 280 1
707 280 1
1007 280 1
6 281 1
313 281 1
159 282 1
283 282 2
287 282 1
26 283 1
58 283 1
73 283 1
100 283 1
159 283 2
184 283 1
282 283 2
287 283 1
334 283 1
335 283 1
364 283 1
474 283 1
652 283 1
708 283 1
5 284 1
205 284 1
279 285 1
565 286 1
917 286 1
159 287 1
282 287 1
283 287 1
489 287 1
530 287 1
552 287 1
603 287 1
658 287 1
973 287 1
102 288 1
694 288 1
695 288 1
48 289 1
178 289 1
378 289 1
160 290 2
825 290 1
265 291 1
909 291 1
77 292 1
273 292 1
274 292 1
183 293 1
61 294 1
138 294 1
218 294 1
68 295 1
918 295 1
984 295 1
576 296 1
298 297 1
560 297 1
739 297 1
802 297 1
803 297 1
804 297 1
937 297 1
297 298 1
937 298 1
160 299 1
300 299 1
301 299 1
160 300 1
299 300 1
301 300 1
160 301 1
299 301 1
300 301 1
35 302 1
275 302 1
303 302 3
10 303 1
35 303 4
177 303 1
243 303 1
275 303 1
302 303 3
461 303 1
502 303 1
794 303 1
795 303 1
1002 303 1
1003 303 1
362 304 1
443 304 1
345 305 1
307 306 4
369 306 2
439 306 3
872 306 1
908 306 1
974 306 1
306 307 4
369 307 2
439 307 3
872 307 1
908 307 1
974 307 1
245 308 1
275 309 1
837 310 1
249 311 1
958 311 1
74 312 1
181 312 1
818 312 1
819 312 1
6 313 1
281 313 1
315 314 1
316 314 1
317 314 1
314 315 1
316 315 1
317 315 1
654 315 2
655 315 2
656 315 2
314 316 1
315 316 1
317 316 1
314 317 1
315 317 1
316 317 1
985 318 1
9 319 1
11 319 1
72 319 6
89 319 1
143 319 1
211 319 1
219 319 1
436 319 1
517 319 1
547 319 1
578 319 4
637 319 1
638 319 1
642 319 1
711 319 1
766 319 1
232 320 1
321 320 1
232 321 2
320 321 1
330 321 1
457 321 2
715 321 1
888 321 1
69 322 1
156 322 2
210 322 3
230 322 6
693 322 1
786 322 1
78 323 1
110 323 1
136 323 5
256 323 1
392 323 1
955 323 1
748 324 1
226 325 1
327 326 1
328 326 1
712 326 1
326 327 1
328 327 1
712 327 1
326 328 1
327 328 1
601 328 1
712 328 1
980 328 1
68 329 1
102 329 1
107 329 1
255 329 1
113 330 1
136 330 3
321 330 1
611 330 1
885 330 1
928 330 1
23 331 1
76 331 1
189 331 1
891 331 1
333 332 2
332 333 2
159 334 1
283 334 1
283 335 1
474 335 1
377 336 1
572 336 1
573 336 1
589 336 1
697 337 1
961 337 1
21 338 3
151 338 1
268 338 1
568 338 2
681 338 1
822 338 1
539 339 1
915 339 1
258 340 1
342 341 1
716 341 1
979 341 1
108 342 1
172 342 1
186 342 1
341 342 1
346 342 1
371 342 1
372 342 1
373 342 1
374 342 2
507 342 1
569 342 1
716 342 2
770 342 1
771 342 1
979 342 2
479 343 1
734 343 1
215 344 1
305 345 1
358 345 1
342 346 1
716 346 1
912 346 1
979 346 1
171 347 1
413 348 1
352 349 1
383 349 1
353 350 1
916 350 1
173 351 1
903 351 1
349 352 1
383 352 1
350 353 1
916 353 1
398 354 1
723 354 1
757 355 1
607 356 1
593 357 1
660 357 1
345 358 1
121 359 1
181 359 1
395 359 1
396 359 1
454 359 1
975 359 1
245 360 1
66 361 2
119 361 1
144 361 1
152 361 2
232 361 2
541 361 1
646 361 2
952 361 2
160 362 1
304 362 1
443 362 1
510 362 1
591 363 1
925 363 1
283 364 1
747 365 1
945 365 1
258 366 1
174 367 1
368 367 1
174 368 1
367 368 1
306 369 2
307 369 2
439 369 2
908 369 1
208 370 1
587 370 1
758 370 2
896 370 1
897 370 2
898 370 1
899 370 1
900 370 1
918 370 1
919 370 1
342 371 1
372 371 1
373 371 1
374 371 1
342 372 1
371 372 1
373 372 1
374 372 1
342 373 1
371 373 1
372 373 1
374 373 1
52 374 1
172 374 1
257 374 1
272 374 1
342 374 2
371 374 1
372 374 1
373 374 1
493 374 1
507 374 2
569 374 2
620 374 1
659 374 1
441 375 2
442 375 1
444 375 1
506 375 1
782 375 1
783 375 1
784 375 1
857 375 1
858 375 1
13 376 1
336 377 1
572 377 1
573 377 1
589 377 1
650 377 1
785 377 1
48 378 1
178 378 1
289 378 1
56 379 1
146 379 1
408 379 1
409 379 1
262 380 1
907 380 1
1 381 1
68 381 1
69 381 1
147 381 2
168 381 1
198 381 1
214 381 1
232 381 1
278 381 1
419 381 1
504 381 1
510 381 1
646 381 1
719 381 1
778 381 1
965 381 1
49 382 1
52 382 1
415 382 1
416 382 1
487 382 1
349 383 1
352 383 1
520 384 1
521 384 1
537 384 1
663 385 1
823 385 1
574 386 1
950 386 1
31 387 1
125 387 1
404 387 1
531 388 1
838 388 1
839 388 1
253 389 1
51 390 1
117 390 1
118 390 2
196 390 1
236 390 1
450 390 1
460 390 1
548 390 1
452 391 1
462 391 1
525 391 1
737 391 1
997 391 1
136 392 1
323 392 1
8 393 1
123 393 1
405 393 1
471 393 1
68 394 1
78 394 1
544 394 1
674 394 1
959 394 1
121 395 1
359 395 1
396 395 1
454 395 1
975 395 1
121 396 1
359 396 1
395 396 1
454 396 1
975 396 1
22 397 1
425 397 1
494 397 1
776 397 1
354 398 1
46 399 1
519 399 1
167 400 1
418 400 1
56 401 1
124 401 1
411 401 1
403 402 2
402 403 2
387 404 1
8 405 1
123 405 1
277 405 1
393 405 1
406 405 1
471 405 1
992 405 1
993 405 1
994 405 1
277 406 1
405 406 1
992 406 1
993 406 1
994 406 1
160 407 1
56 408 1
146 408 1
379 408 1
409 408 1
56 409 1
146 409 1
379 409 1
408 409 1
184 410 1
460 410 1
56 411 1
124 411 1
401 411 1
28 412 1
242 412 1
247 412 1
437 412 1
549 412 1
816 412 1
348 413 1
844 413 2
845 413 2
846 413 2
847 413 2
848 413 2
157 414 1
759 414 1
49 415 1
52 415 1
382 415 1
416 415 1
487 415 1
49 416 1
52 416 1
382 416 1
415 416 1
487 416 1
717 417 1
995 417 1
996 417 1
167 418 1
400 418 1
139 419 1
148 419 1
381 419 1
719 419 1
965 419 1
129 420 1
134 420 1
720 420 1
157 421 1
759 421 1
160 422 1
24 423 1
96 423 1
189 423 1
228 423 1
151 424 1
196 424 1
243 424 1
860 424 1
22 425 1
397 425 1
494 425 1
776 425 1
550 426 1
2 427 2
559 427 1
890 427 1
913 427 1
914 427 1
168 428 1
195 428 1
541 428 1
430 429 1
801 429 1
429 430 1
498 430 2
499 430 1
753 430 2
754 430 2
801 430 1
863 430 1
864 430 1
865 430 1
969 430 1
160 431 1
267 431 1
651 432 1
83 433 1
488 433 1
534 433 1
535 434 1
667 434 1
704 434 1
705 434 1
191 435 1
672 435 1
9 436 1
11 436 1
72 436 1
120 436 1
122 436 1
219 436 1
319 436 1
517 436 1
637 436 1
638 436 1
940 436 2
28 437 1
242 437 1
247 437 1
412 437 1
549 437 1
816 437 1
867 438 1
306 439 3
307 439 3
369 439 2
908 439 1
974 439 1
280 440 1
706 440 1
707 440 1
1007 440 1
375 441 2
442 441 1
444 441 1
857 441 1
858 441 1
375 442 1
441 442 1
33 443 1
304 443 1
362 443 1
462 443 1
375 444 1
441 444 1
857 444 1
858 444 1
276 445 1
480 445 1
881 446 1
33 447 1
95 447 1
268 447 1
960 447 1
542 448 1
617 448 1
647 448 1
648 448 1
892 448 1
893 448 1
240 449 1
787 449 1
788 449 1
51 450 1
118 450 1
196 450 1
390 450 1
476 451 1
949 451 1
391 452 1
525 452 1
112 453 1
181 453 1
121 454 1
359 454 1
395 454 1
396 454 1
975 454 1
36 455 1
146 456 1
28 457 1
321 457 2
718 457 1
180 458 2
840 458 1
869 458 1
870 458 1
229 459 1
278 459 1
460 459 1
600 459 1
610 459 1
657 459 1
709 459 1
745 459 1
902 459 1
1008 459 1
84 460 1
184 460 2
390 460 1
410 460 1
459 460 1
548 460 1
600 460 1
610 460 1
902 460 1
177 461 1
303 461 1
33 462 1
391 462 1
443 462 1
737 462 1
997 462 1
247 463 1
730 464 1
904 465 1
905 465 1
175 466 1
264 466 1
35 467 1
67 467 1
15 468 1
217 468 1
686 468 1
182 469 1
267 469 1
662 469 1
265 470 1
8 471 1
123 471 1
393 471 1
405 471 1
179 472 1
146 473 1
283 474 1
335 474 1
217 475 1
693 475 1
451 476 1
949 476 1
29 477 1
32 478 1
101 478 1
343 479 1
734 479 1
276 480 1
445 480 1
30 481 1
64 481 2
206 481 1
492 481 1
577 481 1
978 481 1
544 482 1
631 482 1
968 482 1
484 483 1
636 483 1
483 484 1
636 484 1
824 485 1
243 486 1
261 486 1
641 486 1
49 487 1
52 487 1
382 487 1
415 487 1
416 487 1
83 488 1
239 488 1
433 488 1
534 488 2
581 488 1
582 488 1
710 488 1
814 488 1
16 489 1
35 489 1
287 489 1
491 489 1
530 489 1
920 490 1
16 491 1
35 491 1
489 491 1
30 492 1
64 492 1
481 492 1
978 492 1
257 493 1
272 493 1
374 493 1
22 494 1
218 494 1
397 494 1
425 494 1
713 494 1
776 494 1
764 495 1
765 495 1
199 496 1
536 496 1
586 496 1
151 497 1
153 497 1
562 497 1
567 497 2
618 497 1
632 497 1
954 497 1
430 498 2
499 498 1
969 498 1
430 499 1
498 499 1
82 500 1
260 500 1
616 501 1
855 501 1
35 502 1
303 502 1
211 503 1
244 503 1
666 503 1
767 503 1
68 504 1
69 504 1
381 504 1
778 504 1
120 505 1
565 505 1
953 505 1
375 506 1
782 506 1
783 506 1
784 506 1
52 507 1
172 507 1
342 507 1
374 507 2
569 507 1
620 507 1
659 507 1
72 508 2
545 508 1
579 508 1
77 509 1
225 509 1
147 510 1
362 510 1
381 510 1
263 511 1
826 511 1
127 512 1
203 512 1
537 513 1
557 513 1
575 513 1
598 514 1
627 514 1
639 514 1
51 515 1
220 515 1
609 515 1
683 515 1
796 515 1
797 515 1
179 516 1
9 517 1
11 517 1
72 517 1
219 517 1
319 517 1
436 517 1
637 517 1
638 517 1
836 517 1
923 517 1
924 517 1
69 518 1
46 519 1
399 519 1
384 520 1
521 520 1
537 520 1
384 521 1
520 521 1
537 521 1
214 522 1
226 523 1
927 523 1
85 524 1
161 524 1
391 525 1
452 525 1
244 526 1
868 526 1
531 527 2
532 527 2
212 528 1
588 528 1
28 529 1
633 529 1
287 530 1
489 530 1
173 531 1
250 531 1
388 531 1
527 531 2
532 531 2
543 531 1
838 531 1
839 531 1
38 532 2
173 532 1
527 532 2
531 532 2
590 532 2
608 532 1
812 532 2
584 533 1
634 533 1
83 534 1
239 534 1
433 534 1
488 534 2
581 534 1
582 534 1
710 534 1
814 534 1
434 535 1
667 535 1
704 535 1
705 535 1
199 536 1
496 536 1
586 536 1
384 537 1
513 537 1
520 537 1
521 537 1
557 537 1
575 537 1
827 538 1
828 538 1
339 539 1
859 539 1
915 539 1
604 540 1
989 540 1
119 541 1
144 541 1
168 541 1
195 541 1
361 541 1
428 541 1
635 541 1
448 542 1
617 542 1
531 543 1
209 544 1
394 544 1
482 544 1
631 544 1
968 544 1
72 545 1
508 545 1
553 546 1
894 546 1
895 546 1
72 547 1
319 547 1
578 547 1
145 548 1
195 548 1
390 548 1
460 548 1
28 549 1
242 549 1
247 549 1
412 549 1
437 549 1
816 549 1
426 550 1
554 550 1
11 551 2
596 551 2
287 552 1
546 553 1
894 553 1
895 553 1
550 554 1
789 555 1
40 556 1
173 556 1
676 556 1
513 557 1
537 557 1
575 557 1
602 558 1
2 559 1
427 559 1
913 559 1
914 559 1
929 559 1
297 560 1
802 560 1
803 560 1
804 560 1
266 561 1
151 562 1
497 562 1
567 562 1
954 562 1
77 563 1
813 563 1
247 564 1
120 565 1
286 565 1
505 565 1
917 565 1
938 565 1
939 565 1
953 565 1
735 566 1
806 566 1
807 566 1
151 567 1
153 567 1
497 567 2
562 567 1
618 567 1
632 567 1
954 567 1
21 568 2
338 568 2
99 569 1
172 569 1
342 569 1
374 569 2
507 569 1
726 569 1
571 570 1
570 571 1
336 572 1
377 572 1
573 572 1
589 572 1
336 573 1
377 573 1
572 573 1
589 573 1
386 574 1
950 574 1
513 575 1
537 575 1
557 575 1
296 576 1
64 577 1
72 577 1
126 577 1
206 577 1
481 577 1
72 578 4
89 578 1
143 578 1
211 578 1
319 578 4
547 578 1
711 578 1
766 578 1
72 579 1
508 579 1
72 580 1
165 580 1
239 581 1
488 581 1
534 581 1
582 581 1
710 581 1
814 581 1
239 582 1
488 582 1
534 582 1
581 582 1
710 582 1
814 582 1
906 583 1
533 584 1
634 584 1
744 585 1
1012 585 1
199 586 2
496 586 1
536 586 1
815 586 1
370 587 1
758 587 1
896 587 1
897 587 1
898 587 1
899 587 1
900 587 1
212 588 1
528 588 1
336 589 1
377 589 1
572 589 1
573 589 1
38 590 2
532 590 2
812 590 2
363 591 1
925 591 1
101 592 1
196 592 1
215 592 1
879 592 1
880 592 1
357 593 1
660 593 1
237 594 1
207 595 2
760 595 1
761 595 1
762 595 1
11 596 2
551 596 2
77 597 1
103 597 1
514 598 1
627 598 1
639 598 1
97 599 1
163 599 1
612 599 1
459 600 1
460 600 1
610 600 1
902 600 1
328 601 1
980 601 1
558 602 1
650 602 1
668 602 1
287 603 1
658 603 1
973 603 1
540 604 1
989 604 1
265 605 1
47 606 1
800 606 1
356 607 1
173 608 1
532 608 1
40 609 1
51 609 1
220 609 1
227 609 1
515 609 1
623 609 1
683 609 1
796 609 1
797 609 1
135 610 1
459 610 1
460 610 1
600 610 1
902 610 1
136 611 1
330 611 1
97 612 1
163 612 1
599 612 1
742 613 1
239 614 1
65 615 2
843 615 1
501 616 1
855 616 1
448 617 1
542 617 1
153 618 1
497 618 1
567 618 1
632 618 1
921 619 1
922 619 1
52 620 1
374 620 1
507 620 1
659 620 1
247 621 1
1006 622 1
40 623 1
227 623 1
609 623 1
86 624 1
217 625 1
944 626 1
514 627 1
598 627 1
639 627 1
703 628 1
199 629 1
643 629 1
251 630 1
72 631 1
482 631 1
544 631 1
689 631 1
968 631 1
998 631 1
153 632 1
497 632 1
567 632 1
618 632 1
28 633 1
529 633 1
533 634 1
584 634 1
541 635 1
483 636 1
484 636 1
9 637 1
11 637 1
72 637 1
219 637 1
319 637 1
436 637 1
517 637 1
638 637 1
9 638 1
11 638 1
72 638 1
219 638 1
319 638 1
436 638 1
517 638 1
637 638 1
514 639 1
598 639 1
627 639 1
217 640 1
926 640 1
215 641 1
243 641 1
261 641 1
486 641 1
946 641 1
72 642 1
319 642 1
199 643 1
629 643 1
239 644 1
645 644 1
956 644 1
239 645 1
644 645 1
956 645 1
66 646 2
147 646 1
152 646 2
232 646 3
361 646 2
381 646 1
952 646 2
448 647 1
648 647 1
892 647 1
893 647 1
448 648 1
647 648 1
892 648 1
893 648 1
177 649 1
743 649 1
991 649 1
377 650 1
602 650 1
668 650 1
432 651 1
58 652 1
283 652 1
53 653 2
62 653 1
187 653 1
756 653 1
315 654 2
655 654 2
656 654 2
315 655 2
654 655 2
656 655 2
315 656 2
654 656 2
655 656 2
229 657 1
278 657 1
459 657 1
709 657 1
745 657 1
1008 657 1
287 658 1
603 658 1
973 658 1
52 659 1
374 659 1
507 659 1
620 659 1
357 660 1
593 660 1
248 661 1
182 662 1
267 662 1
469 662 1
385 663 1
823 663 1
665 664 2
670 664 1
1004 664 1
1005 664 1
664 665 2
670 665 1
1004 665 1
1005 665 1
211 666 1
503 666 1
767 666 1
434 667 1
535 667 1
704 667 1
705 667 1
602 668 1
650 668 1
173 669 1
664 670 1
665 670 1
729 671 1
191 672 1
435 672 1
701 673 1
990 673 1
394 674 1
231 675 1
40 676 1
173 676 1
556 676 1
258 677 1
682 678 1
731 678 1
792 678 1
60 679 1
77 679 1
699 680 1
151 681 1
268 681 1
338 681 1
820 681 1
983 681 1
678 682 1
792 682 1
51 683 1
220 683 1
515 683 1
609 683 1
796 683 1
797 683 1
12 684 1
700 684 1
201 685 1
687 685 1
15 686 1
217 686 1
468 686 1
201 687 1
685 687 1
213 688 1
72 689 1
631 689 1
998 689 1
50 690 1
166 690 1
86 691 1
962 691 1
133 692 1
149 692 1
976 692 1
977 692 1
210 693 1
217 693 1
230 693 1
322 693 1
475 693 1
102 694 1
288 694 1
695 694 1
102 695 1
288 695 1
694 695 1
72 696 1
89 696 1
98 696 1
143 696 1
337 697 1
961 697 1
132 698 1
169 698 1
170 698 1
1013 698 1
1014 698 1
680 699 1
12 700 1
684 700 1
673 701 1
990 701 1
130 702 1
628 703 1
434 704 1
535 704 1
667 704 1
705 704 1
434 705 1
535 705 1
667 705 1
704 705 1
280 706 1
440 706 1
707 706 1
1007 706 1
280 707 1
440 707 1
706 707 1
1007 707 1
26 708 1
73 708 1
100 708 1
184 708 1
283 708 1
229 709 1
278 709 1
459 709 1
657 709 1
745 709 1
1008 709 1
239 710 2
488 710 1
534 710 1
581 710 1
582 710 1
814 710 1
72 711 1
319 711 1
578 711 1
326 712 1
327 712 1
328 712 1
218 713 1
494 713 1
148 714 1
901 714 1
321 715 1
341 716 1
342 716 2
346 716 1
979 716 2
417 717 1
995 717 1
996 717 1
28 718 1
457 718 1
381 719 1
419 719 1
965 719 1
129 720 1
134 720 1
420 720 1
28 721 1
57 721 1
224 721 1
258 722 1
354 723 1
71 724 1
725 724 1
763 724 1
71 725 4
724 725 1
763 725 1
849 725 2
850 725 1
856 725 1
99 726 1
569 726 1
80 727 1
81 727 1
882 728 1
671 729 1
464 730 1
678 731 1
164 732 1
733 732 1
833 732 1
164 733 1
732 733 1
833 733 1
343 734 1
479 734 1
566 735 1
806 735 1
807 735 1
27 736 1
104 736 1
191 736 1
391 737 1
462 737 1
997 737 1
751 738 1
297 739 1
111 740 1
130 740 1
910 741 1
1015 741 1
1016 741 1
613 742 1
177 743 1
649 743 1
991 743 1
585 744 1
229 745 1
278 745 1
459 745 1
657 745 1
709 745 1
1008 745 1
37 746 1
871 746 1
365 747 1
324 748 1
239 749 1
192 750 1
223 750 2
875 750 1
738 751 1
43 752 1
821 752 1
430 753 2
754 753 2
430 754 2
753 754 2
25 755 1
269 755 1
53 756 1
187 756 1
653 756 1
355 757 1
370 758 2
587 758 1
896 758 1
897 758 2
898 758 1
899 758 1
900 758 1
157 759 2
414 759 1
421 759 1
207 760 1
595 760 1
207 761 1
595 761 1
762 761 1
207 762 1
595 762 1
761 762 1
71 763 1
724 763 1
725 763 1
495 764 1
765 764 1
495 765 1
764 765 1
72 766 1
211 766 1
319 766 1
578 766 1
211 767 1
503 767 1
666 767 1
25 768 1
269 768 1
270 768 1
243 769 1
342 770 1
771 770 1
342 771 1
770 771 1
773 772 1
774 772 1
775 772 1
772 773 1
774 773 1
775 773 1
772 774 1
773 774 1
775 774 1
772 775 1
773 775 1
774 775 1
22 776 1
397 776 1
425 776 1
494 776 1
190 777 1
259 777 1
68 778 1
69 778 1
381 778 1
504 778 1
7 779 1
780 779 1
7 780 1
779 780 1
260 781 1
375 782 1
506 782 1
783 782 1
784 782 1
375 783 1
506 783 1
782 783 1
784 783 1
375 784 1
506 784 1
782 784 1
783 784 1
377 785 1
69 786 1
322 786 1
240 787 1
449 787 1
788 787 1
240 788 1
449 788 1
787 788 1
555 789 1
260 790 1
791 790 1
260 791 1
790 791 1
678 792 1
682 792 1
86 793 1
35 794 3
303 794 1
795 794 3
35 795 3
303 795 1
794 795 3
51 796 1
220 796 1
515 796 1
609 796 1
683 796 1
797 796 1
51 797 1
220 797 1
515 797 1
609 797 1
683 797 1
796 797 1
81 798 1
799 798 1
81 799 1
798 799 1
47 800 1
606 800 1
429 801 1
430 801 1
297 802 1
560 802 1
803 802 1
804 802 1
297 803 1
560 803 1
802 803 1
804 803 1
297 804 1
560 804 1
802 804 1
803 804 1
238 805 1
566 806 1
735 806 1
807 806 1
566 807 1
735 807 1
806 807 1
72 808 1
165 808 1
258 809 2
811 810 1
810 811 1
38 812 2
532 812 2
590 812 2
77 813 1
563 813 1
239 814 1
488 814 1
534 814 1
581 814 1
582 814 1
710 814 1
199 815 1
586 815 1
28 816 1
242 816 1
247 816 1
412 816 1
437 816 1
549 816 1
176 817 1
202 817 1
74 818 1
181 818 1
312 818 1
819 818 1
74 819 1
181 819 1
312 819 1
818 819 1
681 820 1
43 821 1
752 821 1
21 822 1
338 822 1
385 823 1
663 823 1
485 824 1
160 825 1
290 825 1
263 826 1
511 826 1
538 827 1
828 827 1
538 828 1
827 828 1
2 829 2
88 829 1
831 829 1
69 830 1
134 830 1
2 831 1
829 831 1
246 832 1
164 833 1
732 833 1
733 833 1
11 834 1
835 834 1
11 835 1
834 835 1
517 836 1
310 837 1
388 838 1
531 838 1
839 838 1
388 839 1
531 839 1
838 839 1
180 840 1
458 840 1
876 840 1
877 840 1
878 840 1
141 841 1
181 841 1
86 842 1
65 843 1
615 843 1
413 844 2
845 844 2
846 844 2
847 844 2
848 844 2
413 845 2
844 845 2
846 845 2
847 845 2
848 845 2
413 846 2
844 846 2
845 846 2
847 846 2
848 846 2
413 847 2
844 847 2
845 847 2
846 847 2
848 847 2
413 848 2
844 848 2
845 848 2
846 848 2
847 848 2
71 849 2
725 849 2
850 849 1
71 850 1
725 850 1
849 850 1
131 851 1
853 852 1
854 852 1
852 853 1
854 853 1
852 854 1
853 854 1
501 855 1
616 855 1
71 856 1
725 856 1
375 857 1
441 857 1
444 857 1
858 857 1
375 858 1
441 858 1
444 858 1
857 858 1
539 859 1
424 860 1
862 861 1
861 862 1
430 863 1
864 863 1
865 863 1
430 864 1
863 864 1
865 864 1
430 865 1
863 865 1
864 865 1
188 866 1
438 867 1
244 868 1
526 868 1
180 869 1
458 869 1
870 869 1
180 870 1
458 870 1
869 870 1
37 871 1
746 871 1
306 872 1
307 872 1
44 873 1
45 873 2
889 873 1
271 874 1
223 875 1
750 875 1
840 876 1
877 876 1
878 876 1
840 877 1
876 877 1
878 877 1
840 878 1
876 878 1
877 878 1
101 879 1
196 879 1
215 879 1
592 879 1
880 879 1
101 880 1
196 880 1
215 880 1
592 880 1
879 880 1
446 881 1
728 882 1
194 883 1
258 884 1
136 885 1
330 885 1
79 886 1
241 886 1
243 887 1
321 888 1
45 889 1
873 889 1
2 890 1
427 890 1
23 891 1
76 891 1
189 891 1
331 891 1
448 892 1
647 892 1
648 892 1
893 892 1
448 893 1
647 893 1
648 893 1
892 893 1
546 894 1
553 894 1
895 894 1
546 895 1
553 895 1
894 895 1
370 896 1
587 896 1
758 896 1
897 896 1
898 896 1
899 896 1
900 896 1
370 897 2
587 897 1
758 897 2
896 897 1
898 897 1
899 897 1
900 897 1
370 898 1
587 898 1
758 898 1
896 898 1
897 898 1
899 898 1
900 898 1
370 899 1
587 899 1
758 899 1
896 899 1
897 899 1
898 899 1
900 899 1
370 900 1
587 900 1
758 900 1
896 900 1
897 900 1
898 900 1
899 900 1
148 901 1
714 901 1
459 902 1
460 902 1
600 902 1
610 902 1
173 903 1
351 903 1
465 904 1
905 904 1
465 905 1
904 905 1
583 906 1
380 907 1
306 908 1
307 908 1
369 908 1
439 908 1
265 909 1
291 909 1
741 910 1
268 911 1
346 912 1
2 913 1
427 913 1
559 913 1
914 913 1
2 914 1
427 914 1
559 914 1
913 914 1
339 915 1
539 915 1
350 916 1
353 916 1
286 917 1
565 917 1
68 918 1
208 918 1
295 918 1
370 918 1
919 918 1
984 918 1
208 919 1
370 919 1
918 919 1
490 920 1
619 921 1
922 921 1
619 922 1
921 922 1
517 923 1
924 923 1
517 924 1
923 924 1
363 925 1
591 925 1
217 926 1
640 926 1
226 927 1
523 927 1
136 928 1
330 928 1
559 929 1
40 930 1
235 931 1
252 931 1
932 931 1
933 931 1
235 932 1
252 932 1
931 932 1
933 932 1
235 933 1
252 933 1
931 933 1
932 933 1
193 934 1
935 934 1
936 934 1
193 935 1
934 935 1
936 935 1
193 936 1
934 936 1
935 936 1
297 937 1
298 937 1
565 938 1
939 938 1
565 939 1
938 939 1
120 940 1
122 940 1
436 940 2
942 941 2
943 941 1
941 942 2
943 942 1
941 943 1
942 943 1
626 944 1
365 945 1
215 946 1
641 946 1
11 947 1
948 947 1
11 948 1
947 948 1
451 949 1
476 949 1
386 950 1
574 950 1
94 951 1
66 952 2
152 952 2
232 952 2
361 952 2
646 952 2
120 953 1
505 953 1
565 953 1
151 954 1
497 954 1
562 954 1
567 954 1
136 955 1
323 955 1
239 956 1
644 956 1
645 956 1
91 957 1
225 957 1
249 958 1
311 958 1
68 959 1
78 959 1
394 959 1
33 960 1
95 960 1
268 960 1
447 960 1
337 961 1
697 961 1
86 962 1
691 962 1
964 963 1
963 964 1
381 965 1
419 965 1
719 965 1
967 966 1
966 967 1
482 968 1
544 968 1
631 968 1
430 969 1
498 969 1
174 970 1
183 970 1
972 970 1
45 971 1
183 972 1
970 972 1
287 973 1
603 973 1
658 973 1
306 974 1
307 974 1
439 974 1
121 975 1
359 975 1
395 975 1
396 975 1
454 975 1
133 976 1
149 976 1
692 976 1
977 976 1
133 977 1
149 977 1
692 977 1
976 977 1
30 978 1
64 978 1
481 978 1
492 978 1
341 979 1
342 979 2
346 979 1
716 979 2
328 980 1
601 980 1
268 981 1
982 981 1
268 982 2
981 982 1
681 983 1
68 984 1
295 984 1
918 984 1
318 985 1
104 986 1
204 986 1
987 986 1
988 986 1
104 987 1
204 987 1
986 987 1
988 987 1
104 988 1
204 988 1
986 988 1
987 988 1
540 989 1
604 989 1
673 990 1
701 990 1
177 991 1
649 991 1
743 991 1
277 992 1
405 992 1
406 992 1
993 992 1
994 992 1
277 993 1
405 993 1
406 993 1
992 993 1
994 993 1
277 994 1
405 994 1
406 994 1
992 994 1
993 994 1
417 995 1
717 995 1
996 995 1
417 996 1
717 996 1
995 996 1
391 997 1
462 997 1
737 997 1
72 998 1
631 998 1
689 998 1
36 999 1
55 1000 1
61 1000 1
1001 1000 1
55 1001 1
61 1001 1
1000 1001 1
303 1002 1
1003 1002 1
303 1003 1
1002 1003 1
664 1004 1
665 1004 1
1005 1004 1
664 1005 1
665 1005 1
1004 1005 1
622 1006 1
280 1007 1
440 1007 1
706 1007 1
707 1007 1
229 1008 1
278 1008 1
459 1008 1
657 1008 1
709 1008 1
745 1008 1
128 1009 1
1010 1009 1
1011 1009 1
128 1010 1
1009 1010 1
1011 1010 1
128 1011 1
1009 1011 1
1010 1011 1
585 1012 1
132 1013 1
169 1013 1
170 1013 1
698 1013 1
1014 1013 1
132 1014 1
169 1014 1
170 1014 1
698 1014 1
1013 1014 1
741 1015 1
1016 1015 1
741 1016 1
1015 1016 1
