14 1 1
15 1 1
16 1 1
95 1 4
137 1 2
337 1 1
338 1 2
339 1 1
401 1 1
406 1 1
422 1 4
632 1 1
633 1 1
654 1 1
803 2 1
804 2 1
4 3 1
881 3 1
3 4 1
881 4 1
1154 4 1
1155 4 1
142 5 1
1081 5 1
14 6 1
15 6 1
8 7 1
61 7 2
186 7 1
209 7 1
487 7 1
488 7 2
1182 7 1
7 8 1
488 8 1
1182 8 1
41 9 1
405 9 1
688 10 1
12 11 1
20 11 1
52 11 1
134 11 1
1040 11 1
11 12 1
1040 12 1
88 13 1
1696 13 1
1 14 1
6 14 1
15 14 1
95 14 1
422 14 1
1 15 1
6 15 1
14 15 1
16 15 1
654 15 1
1 16 1
15 16 1
654 16 1
18 17 1
284 17 1
17 18 1
284 18 1
20 19 1
54 19 1
159 19 1
1113 19 1
1114 19 1
1115 19 1
11 20 1
19 20 1
24 20 1
52 20 1
54 20 1
134 20 1
159 20 1
1113 20 1
1114 20 1
1115 20 1
23 21 1
26 21 1
39 21 1
60 21 1
75 21 1
76 21 1
335 21 1
516 21 1
1738 21 1
1951 21 1
705 22 1
739 22 2
777 22 1
21 23 1
20 24 1
447 25 1
506 25 1
21 26 1
29 26 1
33 26 1
76 26 1
94 26 1
102 26 1
103 26 1
114 26 1
125 26 2
140 26 1
167 26 1
304 26 1
431 26 1
432 26 1
516 26 1
548 26 1
549 26 1
550 26 1
1188 26 1
1317 26 1
1337 26 1
235 27 1
236 27 1
1242 28 1
26 29 1
103 29 1
223 29 1
224 29 1
225 29 1
508 29 1
961 29 1
1188 29 1
228 30 1
361 30 1
855 30 1
241 31 1
395 31 1
88 32 1
589 32 1
1952 32 1
26 33 1
102 33 1
222 34 1
36 35 1
37 35 1
35 36 1
37 36 1
35 37 1
36 37 1
119 38 1
21 39 1
75 39 1
335 39 1
361 39 1
362 39 1
1738 39 1
845 40 1
9 41 1
1043 42 1
1044 42 1
1045 42 1
766 43 1
1344 43 1
96 44 1
91 45 1
48 46 1
203 46 1
204 46 1
211 47 4
267 47 2
269 47 1
812 47 1
832 47 1
1332 47 1
46 48 1
203 48 1
204 48 1
64 49 1
120 50 3
155 51 1
156 51 1
11 52 1
20 52 1
134 52 1
415 53 2
416 53 2
1322 53 1
19 54 1
20 54 1
159 54 1
1113 54 1
1114 54 1
1115 54 1
56 55 1
55 56 1
1365 57 1
72 58 1
264 58 1
265 58 1
580 58 1
593 58 1
602 58 1
628 58 1
675 58 1
99 59 4
105 59 1
197 59 1
385 59 1
723 59 1
734 59 1
876 59 1
1093 59 1
1094 59 1
1523 59 1
21 60 1
67 60 1
140 60 1
163 60 1
1951 60 1
7 61 2
209 61 1
487 61 1
488 61 1
114 62 1
694 62 1
645 63 1
1166 63 2
49 64 1
1302 65 1
1303 65 1
160 66 1
366 66 1
398 66 2
399 66 1
400 66 1
409 66 2
475 66 1
587 66 1
629 66 2
630 66 1
631 66 1
646 66 1
795 66 1
850 66 1
851 66 1
1126 66 1
1127 66 1
1437 66 1
1438 66 1
1734 66 1
1770 66 1
1771 66 1
60 67 1
68 67 1
140 67 1
163 67 1
1435 67 1
1436 67 1
67 68 1
1435 68 1
1436 68 1
70 69 1
1368 69 1
1369 69 1
69 70 1
621 71 1
58 72 1
628 72 1
74 73 1
348 73 1
615 73 1
73 74 1
77 74 1
232 74 1
348 74 1
615 74 2
873 74 2
874 74 1
1228 74 1
21 75 1
39 75 1
335 75 1
1738 75 1
21 76 1
26 76 1
516 76 1
74 77 1
105 77 1
151 77 1
211 77 1
245 77 2
453 77 1
480 77 8
481 77 3
579 77 1
588 77 2
615 77 1
873 77 1
890 77 2
891 77 3
892 77 1
893 77 1
1008 77 1
1009 77 1
1134 77 1
1230 77 1
1370 77 1
79 78 1
80 78 1
78 79 1
80 79 1
940 79 1
1361 79 1
1362 79 1
1363 79 1
78 80 1
79 80 1
82 81 4
242 81 1
243 81 3
293 81 1
844 81 1
1511 81 1
1512 81 1
81 82 4
243 82 3
252 82 1
293 82 1
551 82 1
1458 82 1
1511 82 1
1512 82 1
84 83 1
83 84 1
127 85 1
402 85 1
591 85 1
1839 85 1
1840 85 1
430 86 1
476 86 1
1739 86 1
349 87 1
369 87 2
389 87 1
420 87 1
442 87 1
887 87 1
888 87 1
1234 87 1
1235 87 1
1388 87 1
13 88 1
32 88 1
139 88 1
174 88 1
589 88 1
627 88 1
653 88 1
1278 88 1
1696 88 2
1859 88 1
1952 88 1
90 89 2
512 89 1
889 89 1
1372 89 1
1373 89 1
89 90 2
260 90 1
512 90 1
518 90 1
889 90 1
1372 90 1
1373 90 1
45 91 1
1246 92 1
1247 92 1
1248 92 1
1249 92 1
94 93 1
594 93 1
26 94 1
93 94 1
114 94 1
125 94 1
166 94 1
215 94 4
230 94 1
594 94 3
595 94 5
1295 94 1
1416 94 2
1419 94 1
1420 94 2
1422 94 1
1 95 4
14 95 1
401 95 1
422 95 4
633 95 1
44 96 1
510 97 1
1808 97 1
1809 97 1
249 98 1
326 98 1
59 99 4
1682 100 1
1683 100 1
882 101 1
1053 101 1
1054 101 1
1083 101 1
1084 101 1
1085 101 2
1259 101 1
26 102 1
33 102 1
26 103 1
29 103 1
1188 103 1
1205 104 1
1268 104 1
59 105 1
77 105 1
106 105 2
107 105 1
108 105 2
109 105 1
211 105 1
473 105 1
740 105 1
751 105 1
778 105 1
876 105 1
955 105 1
1056 105 1
1057 105 1
1065 105 1
1200 105 2
1390 105 1
1523 105 1
105 106 2
1200 106 2
105 107 1
109 107 1
751 107 1
105 108 2
1065 108 1
105 109 1
107 109 1
751 109 1
761 110 1
1014 111 1
607 112 1
609 112 1
730 112 1
728 113 1
26 114 1
62 114 1
94 114 1
125 114 1
694 114 1
116 115 1
419 115 1
530 115 1
767 115 1
1178 115 1
1706 115 1
1768 115 1
115 116 1
300 116 1
419 116 1
680 116 1
711 116 1
1178 116 1
1768 116 1
1243 117 1
1244 117 1
743 118 1
1034 118 1
1245 118 1
1898 118 1
1899 118 1
1900 118 1
38 119 1
50 120 3
251 121 1
252 121 1
123 122 2
124 122 2
1432 122 2
122 123 2
124 123 7
463 123 1
835 123 2
836 123 4
978 123 1
979 123 1
122 124 2
123 124 7
463 124 1
835 124 2
836 124 4
978 124 1
979 124 1
26 125 2
94 125 1
114 125 1
1317 125 1
605 126 1
1551 126 1
85 127 1
199 127 1
200 127 1
208 127 1
591 127 1
613 127 1
692 127 1
1353 127 1
220 128 1
1918 128 1
141 129 1
444 129 1
1055 129 1
617 130 1
1224 130 1
1229 130 1
132 131 1
133 131 1
131 132 1
133 132 1
131 133 1
132 133 1
11 134 1
20 134 1
52 134 1
341 135 2
342 135 2
540 135 1
545 135 1
853 135 2
854 135 2
1708 135 1
412 136 1
1 137 2
338 137 1
406 137 1
632 137 1
139 138 1
140 138 1
88 139 1
138 139 1
140 139 1
174 139 2
272 139 2
297 139 1
458 139 1
514 139 1
682 139 1
754 139 1
755 139 1
807 139 1
904 139 1
1015 139 1
1016 139 1
1278 139 1
1281 139 1
1665 139 1
1666 139 1
1667 139 1
26 140 1
60 140 1
67 140 1
138 140 1
139 140 1
163 140 1
167 140 1
227 140 1
1337 140 1
129 141 1
1055 141 1
5 142 1
1081 142 1
380 143 1
381 143 1
382 143 1
145 144 1
317 144 1
1092 144 1
144 145 1
317 145 1
635 145 1
1092 145 1
1181 145 1
153 146 1
154 146 1
1530 146 1
1531 146 1
1532 146 1
148 147 3
149 147 3
150 147 1
151 147 2
152 147 1
185 147 1
474 147 1
1074 147 2
147 148 3
149 148 3
150 148 1
151 148 1
152 148 1
1074 148 2
147 149 3
148 149 3
150 149 1
151 149 1
152 149 1
1074 149 2
1828 149 1
1829 149 1
147 150 1
148 150 1
149 150 1
152 150 1
1074 150 1
77 151 1
147 151 2
148 151 1
149 151 1
185 151 1
215 151 1
295 151 1
527 151 1
577 151 1
578 151 1
579 151 1
793 151 1
927 151 1
928 151 1
1148 151 1
1250 151 1
1351 151 1
1352 151 1
147 152 1
148 152 1
149 152 1
150 152 1
1074 152 1
146 153 1
154 153 1
146 154 1
153 154 1
51 155 1
156 155 1
51 156 1
155 156 1
158 157 1
597 157 1
982 157 1
157 158 1
597 158 1
982 158 1
19 159 1
20 159 1
54 159 1
1113 159 1
1114 159 1
1115 159 1
66 160 1
631 160 1
279 161 1
326 161 1
1120 161 2
285 162 1
826 162 1
1132 162 1
60 163 1
67 163 1
140 163 1
165 164 1
166 164 1
318 164 1
1098 164 1
164 165 1
166 165 3
210 165 1
211 165 3
219 165 1
249 165 1
292 165 1
311 165 1
318 165 1
374 165 1
456 165 1
532 165 1
838 165 1
839 165 1
1013 165 2
1098 165 1
1128 165 1
1129 165 1
94 166 1
164 166 1
165 166 3
230 166 1
240 166 1
241 166 1
292 166 2
311 166 1
318 166 1
346 166 1
532 166 1
594 166 1
595 166 1
619 166 1
620 166 1
928 166 1
930 166 1
1098 166 1
1125 166 1
1129 166 1
1401 166 1
26 167 1
140 167 1
1337 167 1
169 168 1
168 169 1
243 169 1
696 169 1
283 170 1
326 170 1
172 171 1
173 171 1
171 172 1
173 172 1
171 173 1
172 173 1
211 173 1
1008 173 1
1748 173 1
88 174 1
139 174 2
1015 174 1
1016 174 1
1278 174 1
239 175 2
220 176 1
379 176 1
663 176 1
714 176 1
1925 176 1
1911 177 1
390 178 1
712 178 2
720 178 1
779 178 1
1268 178 1
1741 178 1
180 179 1
748 179 1
179 180 1
748 180 2
182 181 1
1814 181 1
1815 181 1
181 182 1
1814 182 1
1815 182 1
407 183 1
185 184 2
846 184 1
849 184 2
147 185 1
151 185 1
184 185 2
846 185 1
849 185 2
7 186 1
729 187 1
1799 187 1
914 188 1
915 188 1
916 188 1
243 189 1
259 189 1
308 189 1
309 189 1
960 189 1
1485 189 1
1491 189 1
1492 189 1
1856 189 1
1857 189 1
334 190 1
513 190 1
391 191 1
410 191 1
698 191 1
713 191 1
727 191 1
1757 191 1
1758 191 1
1888 191 1
745 192 1
194 193 1
195 193 1
193 194 1
195 194 1
193 195 1
194 195 1
271 196 1
1236 196 1
1237 196 1
1238 196 1
1239 196 1
59 197 1
575 197 1
723 197 1
734 197 3
917 197 2
286 198 1
377 198 1
700 198 1
127 199 1
200 199 2
485 199 1
692 199 1
127 200 1
199 200 2
485 200 1
692 200 1
618 201 1
794 201 1
716 202 1
783 202 1
956 202 1
957 202 1
1549 202 1
1550 202 1
46 203 1
48 203 1
204 203 1
1727 203 1
1728 203 1
1729 203 1
46 204 1
48 204 1
203 204 1
218 205 1
760 205 1
336 206 1
806 206 1
304 207 2
310 207 1
332 207 1
365 207 1
784 207 1
127 208 1
327 208 1
379 208 1
613 208 3
706 208 1
993 208 1
1353 208 1
1543 208 1
1544 208 1
1695 208 1
7 209 1
61 209 1
165 210 1
211 210 1
218 210 1
266 210 1
361 210 1
428 210 1
1013 210 1
1282 210 1
47 211 4
77 211 1
105 211 1
165 211 3
173 211 1
210 211 1
216 211 1
219 211 1
267 211 3
269 211 1
418 211 1
529 211 1
586 211 1
699 211 1
1008 211 1
1013 211 2
1128 211 1
1748 211 1
294 212 1
596 212 1
298 213 2
639 213 1
1807 213 1
290 214 1
492 214 1
564 214 1
94 215 4
151 215 1
594 215 1
595 215 5
927 215 1
928 215 2
1293 215 1
1294 215 1
1295 215 2
1351 215 1
1352 215 1
1416 215 2
1419 215 1
1420 215 2
1422 215 1
1423 215 1
1424 215 1
211 216 1
586 216 1
1033 216 1
1034 216 1
1271 216 1
765 217 1
205 218 1
210 218 1
371 218 1
372 218 1
373 218 1
421 218 2
760 218 1
937 218 1
938 218 1
939 218 1
165 219 1
211 219 1
1013 219 1
1286 219 1
1287 219 1
1288 219 1
1289 219 1
128 220 1
176 220 1
268 220 1
379 220 1
663 220 1
714 220 1
1348 220 1
1918 220 1
1925 220 1
556 221 1
582 221 1
805 221 1
34 222 1
29 223 1
224 223 2
225 223 2
244 223 1
508 223 1
773 223 1
961 223 1
29 224 1
223 224 2
225 224 5
244 224 1
471 224 1
472 224 1
508 224 2
773 224 1
789 224 1
790 224 1
961 224 2
29 225 1
223 225 2
224 225 5
244 225 1
471 225 1
472 225 1
508 225 2
773 225 1
789 225 1
790 225 1
961 225 2
464 226 1
140 227 1
30 228 1
229 228 1
258 228 2
470 228 2
568 228 1
691 228 1
1260 228 1
1261 228 1
1301 228 1
1341 228 1
1950 228 1
228 229 1
94 230 1
166 230 1
594 230 1
595 230 1
831 231 1
74 232 1
639 233 1
640 233 1
1654 233 1
1433 234 1
1434 234 1
27 235 1
236 235 1
27 236 1
235 236 1
254 236 1
238 237 1
302 237 1
1792 237 1
1793 237 1
237 238 1
302 238 1
1792 238 1
1793 238 1
175 239 2
166 240 1
241 240 3
494 240 1
495 240 1
1198 240 1
1199 240 1
1366 240 1
1401 240 1
1590 240 1
31 241 1
166 241 1
240 241 3
363 241 3
395 241 1
494 241 1
495 241 1
1366 241 3
1401 241 1
1590 241 1
1761 241 2
1908 241 1
81 242 1
243 242 1
791 242 1
1634 242 1
1635 242 1
1636 242 1
81 243 3
82 243 3
169 243 1
189 243 1
242 243 1
330 243 2
378 243 1
440 243 3
523 243 1
524 243 2
546 243 1
547 243 2
696 243 1
878 243 3
879 243 1
880 243 1
960 243 1
1817 243 1
223 244 1
224 244 1
225 244 1
773 244 1
77 245 2
480 245 2
481 245 2
247 246 1
1402 246 1
246 247 1
1402 247 1
250 248 1
324 248 1
441 248 1
1889 248 1
1890 248 1
98 249 1
165 249 1
314 249 1
326 249 1
374 249 1
456 249 1
928 249 1
930 249 1
998 249 1
1873 249 1
248 250 1
324 250 1
441 250 1
1889 250 1
1890 250 1
121 251 1
252 251 2
458 251 1
82 252 1
121 252 1
251 252 2
458 252 1
551 252 2
832 252 1
353 253 1
521 253 1
1868 253 1
236 254 1
256 254 2
306 254 3
489 254 2
771 254 2
1170 254 1
940 255 1
254 256 2
489 256 1
771 256 1
537 257 1
1093 257 1
1756 257 1
228 258 2
568 258 1
1950 258 1
189 259 1
308 259 1
309 259 1
90 260 1
518 260 1
1099 261 1
1380 261 1
1381 261 1
1398 261 2
1426 262 1
1427 262 1
1784 262 1
1785 262 1
1178 263 1
58 264 1
58 265 1
580 265 1
593 265 1
210 266 1
267 266 9
361 266 1
428 266 2
462 266 2
486 266 1
753 266 2
902 266 1
903 266 2
1027 266 1
1028 266 1
1176 266 2
1217 266 1
1296 266 1
1297 266 1
1298 266 1
1331 266 2
47 267 2
211 267 3
266 267 9
269 267 1
428 267 1
462 267 2
486 267 1
699 267 1
753 267 2
902 267 1
903 267 2
1027 267 1
1028 267 1
1176 267 2
1217 267 1
1296 267 1
1297 267 1
1298 267 1
1331 267 2
220 268 1
351 268 1
1348 268 1
1907 268 1
47 269 1
211 269 1
267 269 1
651 270 1
1745 270 1
196 271 1
1236 271 1
1237 271 1
1238 271 1
1239 271 1
139 272 2
273 272 1
365 272 1
514 272 1
617 272 1
754 272 1
755 272 1
272 273 1
527 274 1
1619 275 1
1620 275 1
277 276 1
461 276 1
276 277 1
461 277 1
1616 278 1
161 279 1
326 279 1
281 280 2
301 280 1
1684 280 1
280 281 2
301 281 1
1684 281 1
544 282 1
170 283 1
326 283 2
374 283 1
455 283 1
543 283 1
1100 283 1
1589 283 1
17 284 1
18 284 1
162 285 1
826 285 1
1132 285 1
198 286 1
377 286 1
700 286 1
288 287 1
289 287 1
287 288 1
289 288 1
287 289 1
288 289 1
214 290 1
325 290 1
492 290 3
564 290 1
565 290 1
670 290 1
1504 290 1
1650 290 1
1697 290 1
671 291 1
1476 291 1
165 292 1
166 292 2
346 292 1
81 293 1
82 293 1
1511 293 1
1512 293 1
212 294 1
151 295 1
527 295 1
792 295 2
793 295 2
1147 295 1
1148 295 1
1149 295 1
1834 295 1
522 296 1
656 296 1
139 297 1
514 297 1
1665 297 1
1666 297 1
1667 297 1
213 298 2
639 298 1
1807 298 1
469 299 1
1425 299 1
116 300 1
680 300 1
711 300 1
280 301 1
281 301 1
1684 301 1
237 302 1
238 302 1
1792 302 1
1793 302 1
313 303 1
922 303 1
923 303 1
924 303 1
26 304 1
207 304 2
310 304 1
332 304 1
365 304 1
548 304 1
549 304 1
550 304 1
784 304 1
533 305 1
1493 305 1
1494 305 1
1495 305 1
254 306 3
482 306 1
489 306 1
1170 306 1
1379 306 1
1339 307 1
1340 307 1
189 308 1
259 308 1
309 308 1
189 309 1
259 309 1
308 309 1
207 310 1
304 310 1
332 310 1
165 311 1
166 311 1
532 311 1
1129 311 1
359 312 1
659 312 1
1552 312 1
1553 312 1
303 313 1
922 313 1
923 313 1
924 313 1
249 314 1
1873 314 1
316 315 1
317 315 1
569 315 1
721 315 1
315 316 1
317 316 1
569 316 1
721 316 1
144 317 1
145 317 1
315 317 1
316 317 1
569 317 1
721 317 1
857 317 1
858 317 1
1092 317 1
164 318 1
165 318 1
166 318 1
1098 318 1
604 319 1
321 320 1
370 320 1
1621 320 1
1622 320 1
320 321 1
370 321 1
1621 321 1
1622 321 1
323 322 2
504 322 1
322 323 2
504 323 1
1316 323 1
248 324 1
250 324 1
441 324 1
1889 324 1
1890 324 1
290 325 1
492 325 1
565 325 1
1650 325 1
98 326 1
161 326 1
170 326 1
249 326 1
279 326 1
283 326 2
395 326 2
397 326 2
507 326 1
517 326 1
534 326 1
930 326 1
1284 326 1
1285 326 1
1389 326 1
1421 326 1
1871 326 1
208 327 1
613 327 1
993 327 1
329 328 1
443 328 1
542 328 1
328 329 1
411 329 1
443 329 2
542 329 1
1159 329 1
1160 329 1
243 330 2
1465 330 1
1466 330 1
1467 330 1
1468 330 1
678 331 1
679 331 1
1655 331 1
207 332 1
304 332 1
310 332 1
1473 333 1
1474 333 1
1475 333 1
190 334 1
513 334 1
21 335 1
39 335 1
75 335 1
1738 335 1
206 336 1
806 336 1
1 337 1
338 337 1
339 337 1
1 338 2
137 338 1
337 338 1
339 338 1
632 338 1
1 339 1
337 339 1
338 339 1
703 340 3
1707 340 2
135 341 2
342 341 2
135 342 2
341 342 2
344 343 1
574 343 1
1446 343 1
1447 343 1
343 344 1
574 344 1
1446 344 1
1447 344 1
768 345 1
1915 345 1
166 346 1
292 346 1
347 346 1
417 346 1
520 346 2
652 346 1
855 346 1
856 346 1
962 346 1
1042 346 1
346 347 1
520 347 1
73 348 1
74 348 1
615 348 1
1924 348 1
87 349 1
369 349 1
1388 349 1
928 350 1
1554 350 1
268 351 1
1907 351 1
807 352 1
808 352 1
253 353 1
521 353 1
1868 353 1
480 354 1
503 354 1
877 354 1
744 355 1
386 356 1
1520 356 1
1688 356 1
1863 356 1
1864 356 1
1364 357 1
1869 358 1
1870 358 1
312 359 1
659 359 1
1552 359 1
1553 359 1
423 360 1
1112 360 1
1312 360 1
1685 360 1
1724 360 1
1725 360 1
1742 360 1
30 361 1
39 361 1
210 361 1
266 361 1
362 361 2
428 361 1
39 362 1
361 362 2
241 363 3
1366 363 2
1761 363 2
1908 363 1
1949 364 1
207 365 1
272 365 1
304 365 1
514 365 1
617 365 1
784 365 1
66 366 1
398 366 1
526 367 1
1740 368 1
87 369 2
349 369 1
887 369 1
888 369 1
1388 369 1
320 370 1
321 370 1
1621 370 1
1622 370 1
218 371 1
372 371 1
373 371 2
218 372 1
371 372 1
373 372 1
218 373 1
371 373 2
372 373 1
165 374 1
249 374 1
283 374 1
455 374 2
456 374 1
543 374 2
1867 374 1
1325 375 1
1326 375 1
817 376 2
818 376 1
852 376 1
198 377 1
286 377 1
700 377 1
243 378 1
176 379 1
208 379 1
220 379 1
663 379 1
714 379 1
1543 379 1
1544 379 1
1925 379 1
143 380 1
381 380 1
382 380 2
143 381 1
380 381 1
382 381 1
143 382 1
380 382 2
381 382 1
780 383 1
781 383 1
782 383 1
625 384 1
1082 384 1
59 385 1
386 385 1
496 385 1
1596 385 1
1597 385 1
356 386 1
385 386 1
496 386 1
1863 386 1
1864 386 1
388 387 1
801 387 1
387 388 1
801 388 1
87 389 1
1234 389 1
1235 389 1
178 390 1
779 390 1
191 391 1
698 391 1
1888 391 1
393 392 1
392 393 1
843 394 1
31 395 1
241 395 1
326 395 2
396 395 1
397 395 4
437 395 1
1421 395 1
395 396 1
326 397 2
395 397 4
437 397 1
1421 397 1
1469 397 1
1470 397 1
1471 397 1
1472 397 1
66 398 2
366 398 1
400 398 1
66 399 1
630 399 1
66 400 1
398 400 1
1 401 1
95 401 1
422 401 1
85 402 1
404 403 1
454 403 1
1091 403 1
403 404 1
9 405 1
1 406 1
137 406 1
183 407 1
490 407 1
1798 408 1
66 409 2
629 409 1
795 409 1
191 410 1
713 410 1
727 410 1
1757 410 1
1758 410 1
329 411 1
443 411 2
1062 411 1
1063 411 1
1064 411 1
1159 411 1
1160 411 1
136 412 1
414 413 3
511 413 2
413 414 3
511 414 2
53 415 2
416 415 2
1322 415 1
53 416 2
415 416 2
1322 416 1
346 417 1
211 418 1
529 418 1
115 419 1
116 419 1
1034 419 1
1178 419 2
1768 419 1
1933 419 1
87 420 1
442 420 1
218 421 2
937 421 1
938 421 1
939 421 1
1 422 4
14 422 1
95 422 4
401 422 1
633 422 1
360 423 1
467 423 1
468 423 1
1101 423 1
1102 423 1
1742 423 1
1039 424 1
1041 424 1
1602 425 1
427 426 1
1371 426 1
426 427 1
1371 427 1
210 428 1
266 428 2
267 428 1
361 428 1
1027 428 1
1028 428 1
733 429 1
736 429 1
1603 429 1
86 430 1
1739 430 1
26 431 1
432 431 1
641 431 3
642 431 3
643 431 3
26 432 1
431 432 1
553 433 1
554 433 1
1732 433 1
1733 433 1
451 434 1
608 434 1
1290 434 1
436 435 1
457 435 1
435 436 1
457 436 2
395 437 1
397 437 1
499 438 1
531 439 1
1107 439 1
1116 439 1
243 440 3
1817 440 1
248 441 1
250 441 1
324 441 1
1889 441 1
1890 441 1
87 442 1
420 442 1
328 443 1
329 443 2
411 443 2
542 443 1
1062 443 1
1063 443 1
1064 443 1
1159 443 1
1160 443 1
129 444 1
446 445 1
1215 445 1
445 446 1
975 446 1
1215 446 1
1318 446 1
1319 446 1
25 447 1
749 448 1
583 449 1
1789 449 1
842 450 1
434 451 1
840 452 2
841 452 1
966 452 1
77 453 1
403 454 1
1091 454 1
283 455 1
374 455 2
543 455 2
1867 455 1
165 456 1
249 456 1
374 456 1
435 457 1
436 457 2
762 457 1
139 458 1
251 458 1
252 458 1
682 458 1
1281 458 1
460 459 5
461 459 3
677 459 1
752 459 1
1571 459 1
459 460 5
461 460 3
677 460 1
752 460 1
905 460 1
1571 460 1
276 461 1
277 461 1
459 461 3
460 461 3
1571 461 1
266 462 2
267 462 2
753 462 2
1217 462 1
123 463 1
124 463 1
470 463 1
644 463 1
1261 463 1
1473 463 1
1790 463 1
1791 463 1
226 464 1
466 465 1
465 466 1
684 466 1
759 466 1
972 466 1
973 466 1
974 466 1
423 467 1
468 467 1
423 468 1
467 468 1
884 468 1
885 468 1
886 468 3
1058 468 1
1108 468 2
1109 468 1
1279 468 1
1280 468 1
299 469 1
600 469 1
623 469 3
655 469 1
837 469 3
1130 469 1
1131 469 1
1409 469 1
1410 469 1
1425 469 1
1548 469 1
1601 469 1
228 470 2
463 470 1
644 470 1
1260 470 1
1261 470 1
1341 470 1
1366 470 1
1406 470 1
1407 470 1
1408 470 1
1473 470 1
224 471 1
225 471 1
472 471 1
224 472 1
225 472 1
471 472 1
105 473 1
1390 473 1
147 474 1
66 475 1
86 476 1
636 477 1
637 477 1
676 477 1
1541 477 1
1542 477 1
479 478 1
528 478 1
478 479 1
528 479 1
77 480 8
245 480 2
354 480 1
481 480 3
502 480 2
503 480 1
588 480 1
877 480 1
890 480 2
891 480 3
1008 480 2
1009 480 1
1134 480 2
1135 480 1
1230 480 1
1370 480 1
77 481 3
245 481 2
480 481 3
1134 481 1
1370 481 1
306 482 1
1379 482 1
484 483 2
1851 483 1
1852 483 1
1853 483 1
483 484 2
1851 484 1
1852 484 1
1853 484 1
199 485 1
200 485 1
1717 485 1
266 486 1
267 486 1
902 486 1
903 486 1
1376 486 1
1377 486 1
7 487 1
61 487 1
488 487 1
7 488 2
8 488 1
61 488 1
487 488 1
1182 488 1
254 489 2
256 489 1
306 489 1
1170 489 1
407 490 1
1121 491 1
1122 491 1
1123 491 1
1124 491 1
214 492 1
290 492 3
325 492 1
564 492 1
565 492 1
1504 492 1
1650 492 1
664 493 1
1882 493 1
240 494 1
241 494 1
495 494 1
1590 494 1
240 495 1
241 495 1
494 495 1
1590 495 1
385 496 1
386 496 1
657 497 1
1024 498 1
438 499 1
501 500 1
1462 500 1
1463 500 1
1464 500 1
500 501 1
1462 501 1
1463 501 1
1464 501 1
480 502 2
1008 502 1
354 503 1
480 503 1
877 503 1
322 504 1
323 504 1
1204 505 1
25 506 1
326 507 1
1284 507 1
1285 507 1
29 508 1
223 508 1
224 508 2
225 508 2
961 508 2
1220 509 1
1221 509 1
1222 509 1
97 510 1
1808 510 1
1809 510 1
413 511 2
414 511 2
89 512 1
90 512 1
889 512 1
190 513 1
334 513 1
139 514 1
272 514 1
297 514 1
365 514 1
617 514 1
1665 514 1
1666 514 1
1667 514 1
809 515 1
21 516 1
26 516 1
76 516 1
326 517 1
90 518 1
260 518 1
1887 519 1
346 520 2
347 520 1
253 521 1
353 521 1
1868 521 1
296 522 1
656 522 1
243 523 1
524 523 1
547 523 1
243 524 2
523 524 1
546 524 1
547 524 2
746 525 1
1843 525 1
1854 525 1
1855 525 1
367 526 1
151 527 1
274 527 1
295 527 1
1274 527 1
478 528 1
479 528 1
211 529 1
418 529 1
115 530 1
767 530 1
1706 530 2
439 531 1
1116 531 1
165 532 1
166 532 1
311 532 1
1129 532 1
305 533 1
1493 533 1
1494 533 1
1495 533 1
326 534 1
930 534 1
1871 534 1
536 535 1
535 536 1
257 537 1
1093 537 1
1756 537 1
539 538 1
540 538 1
541 538 1
538 539 1
540 539 1
541 539 1
135 540 1
538 540 1
539 540 1
541 540 2
638 540 1
731 540 1
732 540 1
1231 540 1
1320 540 1
538 541 1
539 541 1
540 541 2
638 541 1
732 541 1
1320 541 1
328 542 1
329 542 1
443 542 1
283 543 1
374 543 2
455 543 2
1867 543 1
282 544 1
135 545 1
853 545 1
854 545 1
243 546 1
524 546 1
547 546 1
243 547 2
523 547 1
524 547 2
546 547 1
1174 547 1
1175 547 1
26 548 1
304 548 1
549 548 2
550 548 2
26 549 1
304 549 1
548 549 2
550 549 2
26 550 1
304 550 1
548 550 2
549 550 2
82 551 1
252 551 2
832 551 1
599 552 2
433 553 1
554 553 1
433 554 1
553 554 1
1103 555 1
1106 555 1
221 556 1
582 556 2
805 556 1
749 557 1
559 558 1
560 558 1
558 559 1
560 559 1
558 560 1
559 560 1
1513 561 1
1668 561 1
563 562 1
907 562 1
911 562 1
1490 562 1
562 563 1
907 563 2
908 563 1
909 563 1
910 563 1
911 563 2
912 563 1
913 563 1
1490 563 1
214 564 1
290 564 1
492 564 1
290 565 1
325 565 1
492 565 1
1650 565 1
1772 566 2
1773 566 1
1774 566 1
1894 566 1
1689 567 1
228 568 1
258 568 1
1950 568 1
315 569 1
316 569 1
317 569 1
721 569 1
571 570 2
1813 570 1
570 571 2
1813 571 1
573 572 2
590 572 2
688 572 1
906 572 1
572 573 2
590 573 2
688 573 1
906 573 1
343 574 1
344 574 1
1446 574 1
1447 574 1
197 575 1
1699 576 1
1700 576 1
151 577 1
578 577 1
151 578 1
577 578 1
77 579 1
151 579 1
58 580 1
265 580 1
593 580 1
1803 580 1
1804 580 1
598 581 3
990 581 1
991 581 3
992 581 3
1448 581 1
221 582 1
556 582 2
805 582 1
449 583 1
1789 583 1
1086 584 1
1087 584 1
622 585 1
211 586 1
216 586 1
592 586 1
1075 586 1
1310 586 1
1311 586 1
66 587 1
1437 587 1
1438 587 1
1602 587 1
1649 587 1
77 588 2
480 588 1
892 588 1
893 588 1
32 589 1
88 589 1
1952 589 1
572 590 2
573 590 2
688 590 1
906 590 1
85 591 1
127 591 1
586 592 1
1075 592 1
58 593 1
265 593 1
580 593 1
93 594 1
94 594 3
166 594 1
215 594 1
230 594 1
595 594 2
1419 594 1
1420 594 1
94 595 5
166 595 1
215 595 5
230 595 1
594 595 2
1293 595 1
1294 595 1
1295 595 2
1416 595 2
1419 595 1
1420 595 2
1422 595 1
212 596 1
157 597 1
158 597 1
982 597 1
581 598 3
990 598 1
991 598 3
992 598 3
1448 598 1
552 599 2
1037 599 1
1038 599 1
469 600 1
1130 600 1
1131 600 1
1639 601 1
1640 601 1
1641 601 1
58 602 1
675 602 1
928 603 1
929 603 1
930 603 1
319 604 1
126 605 1
1551 605 1
612 606 1
112 607 1
609 607 1
730 607 1
434 608 1
112 609 1
607 609 1
730 609 1
647 610 1
695 610 1
1251 611 1
606 612 1
127 613 1
208 613 3
327 613 1
706 613 1
993 613 1
1232 613 1
1233 613 1
1353 613 1
1695 613 1
1781 614 1
1782 614 1
1783 614 1
73 615 1
74 615 2
77 615 1
348 615 1
873 615 1
1877 616 1
130 617 1
272 617 1
365 617 1
514 617 1
1224 617 3
1226 617 2
1227 617 1
1229 617 1
1746 617 1
1747 617 1
1947 617 1
1948 617 1
201 618 1
794 618 1
166 619 1
620 619 1
1125 619 1
166 620 1
619 620 1
1125 620 1
71 621 1
585 622 1
469 623 3
837 623 3
1601 623 1
1573 624 1
1755 624 1
384 625 1
1082 625 1
1146 626 1
88 627 1
653 627 1
1859 627 1
58 628 1
72 628 1
66 629 2
409 629 1
1734 629 1
66 630 1
399 630 1
66 631 1
160 631 1
1 632 1
137 632 1
338 632 1
1 633 1
95 633 1
422 633 1
1844 634 1
1845 634 1
145 635 1
1181 635 1
477 636 1
637 636 1
676 636 1
477 637 1
636 637 1
676 637 1
540 638 1
541 638 1
732 638 1
1320 638 1
213 639 1
233 639 1
298 639 1
640 639 1
1654 639 1
1807 639 1
233 640 1
639 640 1
1654 640 1
431 641 3
642 641 3
643 641 3
431 642 3
641 642 3
643 642 3
431 643 3
641 643 3
642 643 3
463 644 1
470 644 1
1473 644 1
63 645 1
66 646 1
610 647 1
695 647 1
1345 648 1
1346 648 1
1347 648 1
707 649 1
1391 649 1
1945 650 1
270 651 1
1745 651 1
346 652 1
855 652 2
856 652 1
1136 652 1
1137 652 1
1138 652 1
88 653 1
627 653 1
1859 653 1
1 654 1
15 654 1
16 654 1
469 655 1
1409 655 1
1410 655 1
296 656 1
522 656 1
726 656 1
1796 656 2
1797 656 2
497 657 1
1356 658 1
1357 658 1
1358 658 1
312 659 1
359 659 1
1552 659 1
1553 659 1
661 660 4
1177 660 1
1283 660 2
1769 660 1
660 661 4
1177 661 1
1283 661 2
1523 661 1
1769 661 2
1595 662 1
176 663 1
220 663 1
379 663 1
714 663 1
1925 663 1
493 664 1
1223 664 1
1882 664 1
1711 665 1
1712 665 1
667 666 1
668 666 1
669 666 1
666 667 1
668 667 1
669 667 1
666 668 1
667 668 1
669 668 1
666 669 1
667 669 1
668 669 1
290 670 1
1697 670 1
291 671 1
1476 671 1
1846 672 1
1847 672 1
1848 672 1
828 673 1
681 674 1
747 674 2
1216 674 1
58 675 1
602 675 1
477 676 1
636 676 1
637 676 1
459 677 1
460 677 1
331 678 1
679 678 1
1655 678 1
331 679 1
678 679 1
1655 679 1
116 680 1
300 680 1
711 680 1
674 681 1
1216 681 1
139 682 1
458 682 1
1281 682 1
1428 683 1
1429 683 1
1430 683 1
1431 683 1
466 684 1
690 684 1
865 684 1
866 684 1
867 684 1
868 684 1
869 684 1
872 684 1
1675 685 1
1676 685 1
687 686 1
1816 686 1
686 687 1
1816 687 1
10 688 1
572 688 1
573 688 1
590 688 1
1477 689 1
1478 689 1
1479 689 2
1604 689 1
684 690 1
865 690 1
866 690 1
867 690 1
228 691 1
127 692 1
199 692 1
200 692 1
693 692 1
1005 692 1
1378 692 1
692 693 1
1005 693 1
62 694 1
114 694 1
610 695 1
647 695 1
169 696 1
243 696 1
1312 697 2
191 698 1
391 698 1
1888 698 1
211 699 1
267 699 1
198 700 1
286 700 1
377 700 1
702 701 1
701 702 1
340 703 3
1707 703 2
708 704 1
718 704 1
719 704 1
22 705 1
208 706 1
613 706 1
1695 706 1
649 707 1
1391 707 1
704 708 1
718 708 1
719 708 1
710 709 1
1726 709 1
709 710 1
1726 710 1
116 711 1
300 711 1
680 711 1
178 712 2
720 712 1
191 713 1
410 713 1
727 713 1
1757 713 1
1758 713 1
176 714 1
220 714 1
379 714 1
663 714 1
1925 714 1
1411 715 1
1412 715 1
202 716 1
956 716 1
957 716 1
1568 717 1
1680 717 1
704 718 1
708 718 1
719 718 1
704 719 1
708 719 1
718 719 1
178 720 1
712 720 1
315 721 1
316 721 1
317 721 1
569 721 1
1403 722 1
1404 722 1
1405 722 1
1841 722 1
1842 722 1
59 723 1
197 723 1
734 723 1
725 724 1
802 724 1
724 725 1
802 725 1
656 726 1
191 727 1
410 727 1
713 727 1
1757 727 1
1758 727 1
113 728 1
870 728 1
871 728 2
187 729 1
1799 729 1
112 730 1
607 730 1
609 730 1
540 731 1
540 732 1
541 732 1
638 732 1
1320 732 1
429 733 1
736 733 1
1603 733 1
59 734 1
197 734 3
723 734 1
1690 735 1
1691 735 1
429 736 1
733 736 1
1603 736 1
1036 737 1
763 738 1
1916 738 1
1917 738 1
22 739 2
777 739 1
105 740 1
955 740 1
742 741 1
977 741 1
741 742 1
977 742 1
118 743 1
1034 743 1
1898 743 1
1899 743 1
1900 743 1
355 744 1
192 745 1
525 746 1
1843 746 2
1854 746 1
1855 746 1
674 747 2
179 748 1
180 748 2
448 749 1
557 749 1
958 750 1
105 751 1
107 751 1
109 751 1
459 752 1
460 752 1
266 753 2
267 753 2
462 753 2
1217 753 1
139 754 1
272 754 1
139 755 1
272 755 1
1153 756 1
1701 757 1
1702 757 1
759 758 1
883 758 1
466 759 1
758 759 1
883 759 1
972 759 1
973 759 1
205 760 1
218 760 1
110 761 1
457 762 1
738 763 1
1916 763 1
1917 763 1
1046 764 1
217 765 1
43 766 1
1344 766 1
115 767 1
530 767 1
1706 767 1
345 768 1
1915 768 1
770 769 1
769 770 1
254 771 2
256 771 1
1139 772 2
1140 772 1
1141 772 1
223 773 1
224 773 1
225 773 1
244 773 1
775 774 1
774 775 1
776 775 1
775 776 1
1698 776 1
1944 776 1
22 777 1
739 777 1
105 778 1
178 779 1
390 779 1
383 780 1
781 780 1
782 780 1
383 781 1
780 781 1
782 781 1
383 782 1
780 782 1
781 782 1
202 783 1
207 784 1
304 784 1
365 784 1
786 785 1
787 785 1
788 785 1
785 786 1
787 786 1
788 786 2
1359 786 1
1360 786 1
785 787 1
786 787 1
788 787 1
785 788 1
786 788 2
787 788 1
1360 788 1
224 789 1
225 789 1
790 789 1
224 790 1
225 790 1
789 790 1
242 791 1
295 792 2
793 792 1
151 793 1
295 793 2
792 793 1
930 793 1
985 793 1
1147 793 1
1148 793 2
1149 793 1
1250 793 1
201 794 1
618 794 1
66 795 1
409 795 1
797 796 1
798 796 1
796 797 1
798 797 1
959 797 1
960 797 1
796 798 1
797 798 1
800 799 1
799 800 1
387 801 1
388 801 1
724 802 1
725 802 1
2 803 1
804 803 1
2 804 1
803 804 1
221 805 1
556 805 1
582 805 1
206 806 1
336 806 1
139 807 1
352 807 1
808 807 1
904 807 1
352 808 1
807 808 1
515 809 1
811 810 1
810 811 1
47 812 1
814 813 1
813 814 1
816 815 1
815 816 1
376 817 2
818 817 1
852 817 1
376 818 1
817 818 1
820 819 1
821 819 1
822 819 1
823 819 1
819 820 1
821 820 1
822 820 1
823 820 1
1528 820 1
1529 820 1
819 821 1
820 821 1
822 821 1
823 821 1
819 822 1
820 822 1
821 822 1
823 822 1
819 823 1
820 823 1
821 823 1
822 823 1
825 824 1
826 824 1
827 824 1
824 825 1
826 825 1
827 825 1
162 826 1
285 826 1
824 826 1
825 826 1
827 826 1
1132 826 1
824 827 1
825 827 1
826 827 1
673 828 1
830 829 1
829 830 1
231 831 1
47 832 1
252 832 1
551 832 1
1332 832 1
834 833 1
833 834 1
123 835 2
124 835 2
836 835 2
123 836 4
124 836 4
835 836 2
978 836 1
979 836 1
469 837 3
623 837 3
1601 837 1
165 838 1
839 838 1
165 839 1
838 839 1
452 840 2
841 840 1
966 840 1
452 841 1
840 841 1
450 842 1
394 843 1
81 844 1
40 845 1
184 846 1
185 846 1
847 846 1
848 846 1
849 846 1
864 846 1
846 847 1
848 847 1
1822 847 1
1823 847 1
846 848 1
847 848 1
184 849 2
185 849 2
846 849 1
66 850 1
851 850 1
66 851 1
850 851 1
376 852 1
817 852 1
135 853 2
545 853 1
854 853 2
135 854 2
545 854 1
853 854 2
30 855 1
346 855 1
652 855 2
856 855 1
1136 855 1
1137 855 1
1138 855 1
346 856 1
652 856 1
855 856 1
317 857 1
858 857 1
317 858 1
857 858 1
860 859 1
861 859 1
859 860 1
861 860 1
859 861 1
860 861 1
863 862 1
862 863 1
846 864 1
684 865 1
690 865 1
866 865 1
867 865 1
684 866 1
690 866 1
865 866 1
867 866 1
684 867 1
690 867 1
865 867 1
866 867 1
684 868 1
869 868 1
684 869 1
868 869 1
728 870 1
871 870 1
1080 870 1
728 871 2
870 871 1
684 872 1
74 873 2
77 873 1
615 873 1
874 873 1
74 874 1
873 874 1
876 875 1
59 876 1
105 876 1
875 876 1
1523 876 1
354 877 1
480 877 1
503 877 1
243 878 3
879 878 1
880 878 1
243 879 1
878 879 1
880 879 1
243 880 1
878 880 1
879 880 1
3 881 1
4 881 1
101 882 1
758 883 1
759 883 1
468 884 1
885 884 1
886 884 1
468 885 1
884 885 1
886 885 1
468 886 3
884 886 1
885 886 1
1058 886 1
1279 886 1
1280 886 1
87 887 1
369 887 1
888 887 1
87 888 1
369 888 1
887 888 1
89 889 1
90 889 1
512 889 1
77 890 2
480 890 2
891 890 2
1230 890 1
77 891 3
480 891 3
890 891 2
1230 891 1
77 892 1
588 892 1
893 892 1
77 893 1
588 893 1
892 893 1
895 894 1
894 895 1
897 896 1
898 896 1
899 896 1
900 896 1
901 896 1
896 897 1
898 897 1
899 897 8
900 897 7
901 897 3
1035 897 1
1192 897 3
1193 897 1
1194 897 6
1195 897 6
1205 897 1
1206 897 1
1321 897 1
896 898 1
897 898 1
899 898 1
900 898 1
901 898 1
896 899 1
897 899 8
898 899 1
900 899 7
901 899 2
1035 899 1
1192 899 3
1193 899 1
1194 899 6
1195 899 6
1205 899 1
1206 899 1
896 900 1
897 900 7
898 900 1
899 900 7
901 900 2
1035 900 1
1192 900 3
1193 900 1
1194 900 5
1195 900 5
896 901 1
897 901 3
898 901 1
899 901 2
900 901 2
1035 901 1
1321 901 1
266 902 1
267 902 1
486 902 1
903 902 1
266 903 2
267 903 2
486 903 1
902 903 1
1176 903 1
139 904 1
807 904 1
460 905 1
572 906 1
573 906 1
590 906 1
562 907 1
563 907 2
908 907 1
909 907 1
910 907 1
911 907 2
912 907 1
913 907 1
1490 907 1
563 908 1
907 908 1
909 908 1
910 908 1
911 908 1
912 908 1
913 908 1
563 909 1
907 909 1
908 909 1
910 909 1
911 909 1
912 909 1
913 909 1
563 910 1
907 910 1
908 910 1
909 910 1
911 910 1
912 910 1
913 910 1
562 911 1
563 911 2
907 911 2
908 911 1
909 911 1
910 911 1
912 911 1
913 911 1
1490 911 1
563 912 1
907 912 1
908 912 1
909 912 1
910 912 1
911 912 1
913 912 1
563 913 1
907 913 1
908 913 1
909 913 1
910 913 1
911 913 1
912 913 1
188 914 1
915 914 1
916 914 1
188 915 1
914 915 1
916 915 1
188 916 1
914 916 1
915 916 1
197 917 2
919 918 1
920 918 1
921 918 1
918 919 1
920 919 1
921 919 1
918 920 1
919 920 1
921 920 1
918 921 1
919 921 1
920 921 1
303 922 1
313 922 1
923 922 1
924 922 1
303 923 1
313 923 1
922 923 1
924 923 1
303 924 1
313 924 1
922 924 1
923 924 1
926 925 1
927 925 1
928 925 1
925 926 1
927 926 1
928 926 1
151 927 1
215 927 1
925 927 1
926 927 1
928 927 2
1351 927 1
1352 927 1
151 928 1
166 928 1
215 928 2
249 928 1
350 928 1
603 928 1
925 928 1
926 928 1
927 928 2
929 928 1
930 928 4
998 928 1
1351 928 1
1352 928 1
1423 928 1
1424 928 1
1554 928 1
603 929 1
928 929 1
930 929 1
166 930 1
249 930 1
326 930 1
534 930 1
603 930 1
793 930 1
928 930 4
929 930 1
985 930 1
998 930 1
1203 930 2
1368 930 1
1369 930 1
1871 930 1
932 931 1
931 932 1
934 933 1
933 934 1
936 935 1
935 936 1
1240 936 1
1241 936 1
1659 936 1
1660 936 1
1661 936 1
218 937 1
421 937 1
938 937 1
939 937 1
218 938 1
421 938 1
937 938 1
939 938 1
218 939 1
421 939 1
937 939 1
938 939 1
79 940 1
255 940 1
1361 940 1
1362 940 1
1363 940 1
942 941 1
941 942 1
944 943 1
945 943 1
943 944 1
945 944 1
943 945 1
944 945 1
947 946 1
948 946 1
949 946 1
950 946 1
951 946 2
952 946 1
953 946 1
954 946 1
946 947 1
948 947 1
949 947 1
950 947 1
951 947 1
946 948 1
947 948 1
949 948 1
950 948 1
951 948 1
946 949 1
947 949 1
948 949 1
950 949 1
951 949 1
946 950 1
947 950 1
948 950 1
949 950 1
951 950 1
946 951 2
947 951 1
948 951 1
949 951 1
950 951 1
952 951 1
953 951 1
954 951 1
946 952 1
951 952 1
953 952 1
954 952 1
946 953 1
951 953 1
952 953 1
954 953 1
946 954 1
951 954 1
952 954 1
953 954 1
105 955 1
740 955 1
202 956 1
716 956 1
957 956 1
202 957 1
716 957 1
956 957 1
750 958 1
797 959 1
960 959 1
189 960 1
243 960 1
797 960 1
959 960 1
1225 960 1
29 961 1
223 961 1
224 961 2
225 961 2
508 961 2
346 962 1
964 963 1
965 963 1
963 964 1
965 964 1
963 965 1
964 965 1
452 966 1
840 966 1
968 967 2
967 968 2
1270 968 1
970 969 1
971 969 1
969 970 1
971 970 1
969 971 1
970 971 1
1183 971 1
466 972 1
759 972 1
973 972 1
466 973 1
759 973 1
972 973 1
466 974 1
446 975 1
976 975 1
1318 975 1
1319 975 1
975 976 1
741 977 1
742 977 1
123 978 1
124 978 1
836 978 1
979 978 1
123 979 1
124 979 1
836 979 1
978 979 1
981 980 1
980 981 1
157 982 1
158 982 1
597 982 1
984 983 1
983 984 1
793 985 1
930 985 1
986 985 1
985 986 1
988 987 1
989 987 1
987 988 1
989 988 1
987 989 1
988 989 1
581 990 1
598 990 1
991 990 1
992 990 1
581 991 3
598 991 3
990 991 1
992 991 3
1448 991 1
581 992 3
598 992 3
990 992 1
991 992 3
1448 992 1
208 993 1
327 993 1
613 993 1
995 994 1
996 994 1
997 994 1
994 995 1
996 995 1
997 995 1
994 996 1
995 996 1
997 996 1
994 997 1
995 997 1
996 997 1
249 998 1
928 998 1
930 998 1
1000 999 1
1001 999 1
1002 999 1
1003 999 1
1004 999 1
999 1000 1
1001 1000 1
1002 1000 1
1003 1000 1
1004 1000 1
999 1001 1
1000 1001 1
1002 1001 1
1003 1001 1
1004 1001 1
999 1002 1
1000 1002 1
1001 1002 1
1003 1002 1
1004 1002 1
999 1003 1
1000 1003 1
1001 1003 1
1002 1003 1
1004 1003 1
999 1004 1
1000 1004 1
1001 1004 1
1002 1004 1
1003 1004 1
692 1005 1
693 1005 1
1007 1006 2
1010 1006 1
1737 1006 2
1818 1006 1
1006 1007 2
1010 1007 1
77 1008 1
173 1008 1
211 1008 1
480 1008 2
502 1008 1
1009 1008 1
1748 1008 1
1872 1008 1
77 1009 1
480 1009 1
1008 1009 1
1006 1010 1
1007 1010 1
1012 1011 1
1011 1012 1
165 1013 2
210 1013 1
211 1013 2
219 1013 1
111 1014 1
139 1015 1
174 1015 1
1016 1015 1
139 1016 1
174 1016 1
1015 1016 1
1018 1017 1
1019 1017 1
1017 1018 1
1019 1018 1
1017 1019 1
1018 1019 1
1021 1020 1
1022 1020 1
1023 1020 1
1020 1021 1
1022 1021 1
1023 1021 1
1020 1022 1
1021 1022 1
1023 1022 1
1020 1023 1
1021 1023 1
1022 1023 1
498 1024 1
1026 1025 1
1025 1026 1
266 1027 1
267 1027 1
428 1027 1
1028 1027 1
266 1028 1
267 1028 1
428 1028 1
1027 1028 1
1030 1029 1
1029 1030 1
1032 1031 1
1031 1032 1
216 1033 1
1034 1033 1
118 1034 1
216 1034 1
419 1034 1
743 1034 1
1033 1034 1
1133 1034 1
1178 1034 1
1898 1034 1
1899 1034 1
1900 1034 1
1933 1034 1
897 1035 1
899 1035 1
900 1035 1
901 1035 1
737 1036 1
599 1037 1
1038 1037 1
599 1038 1
1037 1038 1
424 1039 1
11 1040 1
12 1040 1
424 1041 1
346 1042 1
42 1043 1
1044 1043 1
1045 1043 1
42 1044 1
1043 1044 1
1045 1044 1
42 1045 1
1043 1045 1
1044 1045 1
764 1046 1
1048 1047 1
1049 1047 1
1050 1047 1
1051 1047 1
1052 1047 1
1047 1048 1
1049 1048 1
1050 1048 1
1051 1048 1
1052 1048 1
1047 1049 1
1048 1049 1
1050 1049 1
1051 1049 1
1052 1049 1
1047 1050 1
1048 1050 1
1049 1050 1
1051 1050 1
1052 1050 1
1047 1051 1
1048 1051 1
1049 1051 1
1050 1051 1
1052 1051 1
1047 1052 1
1048 1052 1
1049 1052 1
1050 1052 1
1051 1052 1
101 1053 1
1054 1053 1
101 1054 1
1053 1054 1
129 1055 1
141 1055 1
105 1056 1
1057 1056 1
105 1057 1
1056 1057 1
468 1058 1
886 1058 1
1060 1059 1
1061 1059 1
1059 1060 1
1061 1060 1
1059 1061 1
1060 1061 1
411 1062 1
443 1062 1
1063 1062 1
1064 1062 1
411 1063 1
443 1063 1
1062 1063 1
1064 1063 1
411 1064 1
443 1064 1
1062 1064 1
1063 1064 1
105 1065 1
108 1065 1
1067 1066 1
1068 1066 1
1066 1067 1
1068 1067 1
1066 1068 1
1067 1068 1
1070 1069 1
1071 1069 1
1069 1070 1
1071 1070 1
1069 1071 1
1070 1071 1
1073 1072 1
1072 1073 1
147 1074 2
148 1074 2
149 1074 2
150 1074 1
152 1074 1
586 1075 1
592 1075 1
1077 1076 1
1078 1076 1
1079 1076 1
1076 1077 1
1078 1077 1
1079 1077 1
1076 1078 1
1077 1078 1
1079 1078 1
1076 1079 1
1077 1079 1
1078 1079 1
870 1080 1
5 1081 1
142 1081 1
384 1082 1
625 1082 1
101 1083 1
1084 1083 1
1085 1083 1
101 1084 1
1083 1084 1
1085 1084 1
101 1085 2
1083 1085 1
1084 1085 1
1259 1085 1
584 1086 1
1087 1086 1
584 1087 1
1086 1087 1
1089 1088 1
1090 1088 1
1088 1089 1
1090 1089 1
1088 1090 1
1089 1090 1
403 1091 1
454 1091 1
144 1092 1
145 1092 1
317 1092 1
59 1093 1
257 1093 1
537 1093 1
1094 1093 1
1756 1093 1
59 1094 1
1093 1094 1
1096 1095 1
1097 1095 1
1095 1096 1
1095 1097 1
164 1098 1
165 1098 1
166 1098 1
318 1098 1
261 1099 1
283 1100 1
423 1101 1
1102 1101 1
423 1102 1
1101 1102 1
555 1103 1
1104 1103 1
1105 1103 1
1106 1103 1
1103 1104 1
1105 1104 1
1103 1105 1
1104 1105 1
555 1106 1
1103 1106 1
439 1107 1
468 1108 2
1109 1108 1
468 1109 1
1108 1109 1
1111 1110 1
1112 1110 1
1110 1111 1
1112 1111 1
360 1112 1
1110 1112 1
1111 1112 1
1724 1112 1
1725 1112 1
19 1113 1
20 1113 1
54 1113 1
159 1113 1
1114 1113 2
1115 1113 2
19 1114 1
20 1114 1
54 1114 1
159 1114 1
1113 1114 2
1115 1114 2
19 1115 1
20 1115 1
54 1115 1
159 1115 1
1113 1115 2
1114 1115 2
439 1116 1
531 1116 1
1118 1117 1
1119 1117 1
1117 1118 1
1119 1118 1
1545 1118 1
1546 1118 1
1547 1118 1
1117 1119 1
1118 1119 1
161 1120 2
491 1121 1
1122 1121 1
1123 1121 1
1124 1121 1
491 1122 1
1121 1122 1
1123 1122 1
1124 1122 1
491 1123 1
1121 1123 1
1122 1123 1
1124 1123 1
491 1124 1
1121 1124 1
1122 1124 1
1123 1124 1
166 1125 1
619 1125 1
620 1125 1
66 1126 1
1127 1126 1
66 1127 1
1126 1127 1
165 1128 1
211 1128 1
165 1129 1
166 1129 1
311 1129 1
532 1129 1
469 1130 1
600 1130 1
1131 1130 1
469 1131 1
600 1131 1
1130 1131 1
162 1132 1
285 1132 1
826 1132 1
1034 1133 1
77 1134 1
480 1134 2
481 1134 1
1135 1134 1
1370 1134 1
480 1135 1
1134 1135 1
652 1136 1
855 1136 1
1137 1136 1
1138 1136 1
652 1137 1
855 1137 1
1136 1137 1
1138 1137 1
652 1138 1
855 1138 1
1136 1138 1
1137 1138 1
772 1139 2
1140 1139 1
1141 1139 1
772 1140 1
1139 1140 1
772 1141 1
1139 1141 1
1143 1142 1
1142 1143 1
1145 1144 1
1144 1145 1
626 1146 1
295 1147 1
793 1147 1
1148 1147 1
1149 1147 1
151 1148 1
295 1148 1
793 1148 2
1147 1148 1
1149 1148 1
1250 1148 1
295 1149 1
793 1149 1
1147 1149 1
1148 1149 1
1151 1150 1
1152 1150 1
1150 1151 1
1152 1151 1
1150 1152 1
1151 1152 1
756 1153 1
4 1154 1
1155 1154 1
4 1155 1
1154 1155 1
1157 1156 1
1158 1156 1
1156 1157 1
1158 1157 1
1156 1158 1
1157 1158 1
329 1159 1
411 1159 1
443 1159 1
1160 1159 1
329 1160 1
411 1160 1
443 1160 1
1159 1160 1
1162 1161 1
1161 1162 1
1164 1163 1
1165 1163 1
1163 1164 1
1165 1164 1
1163 1165 1
1164 1165 1
63 1166 2
1168 1167 1
1169 1167 1
1167 1168 1
1169 1168 1
1167 1169 1
1168 1169 1
254 1170 1
306 1170 1
489 1170 1
1172 1171 1
1173 1171 1
1171 1172 1
1173 1172 1
1171 1173 1
1172 1173 1
547 1174 1
1175 1174 1
547 1175 1
1174 1175 1
266 1176 2
267 1176 2
903 1176 1
1331 1176 1
660 1177 1
661 1177 1
115 1178 1
116 1178 1
263 1178 1
419 1178 2
1034 1178 1
1768 1178 1
1933 1178 1
1180 1179 1
1179 1180 1
145 1181 1
635 1181 1
7 1182 1
8 1182 1
488 1182 1
971 1183 1
1185 1184 1
1184 1185 1
1187 1186 1
1186 1187 1
26 1188 1
29 1188 1
103 1188 1
1190 1189 1
1191 1189 1
1189 1190 1
1191 1190 1
1189 1191 1
1190 1191 1
897 1192 3
899 1192 3
900 1192 3
1193 1192 1
1194 1192 3
1195 1192 3
897 1193 1
899 1193 1
900 1193 1
1192 1193 1
1194 1193 1
1195 1193 1
897 1194 6
899 1194 6
900 1194 5
1192 1194 3
1193 1194 1
1195 1194 6
1205 1194 1
1206 1194 1
897 1195 6
899 1195 6
900 1195 5
1192 1195 3
1193 1195 1
1194 1195 6
1205 1195 1
1206 1195 1
1197 1196 1
1196 1197 1
240 1198 1
1199 1198 1
240 1199 1
1198 1199 1
105 1200 2
106 1200 2
1202 1201 1
1201 1202 1
930 1203 2
1368 1203 1
1369 1203 1
505 1204 1
104 1205 1
897 1205 1
899 1205 1
1194 1205 1
1195 1205 1
1206 1205 1
1268 1205 1
897 1206 1
899 1206 1
1194 1206 1
1195 1206 1
1205 1206 1
1208 1207 1
1207 1208 1
1210 1209 1
1209 1210 1
1212 1211 1
1213 1211 1
1214 1211 1
1211 1212 1
1213 1212 1
1214 1212 1
1211 1213 1
1212 1213 1
1214 1213 1
1211 1214 1
1212 1214 1
1213 1214 1
445 1215 1
446 1215 1
674 1216 1
681 1216 1
266 1217 1
267 1217 1
462 1217 1
753 1217 1
1219 1218 1
1218 1219 1
1338 1219 1
509 1220 1
1221 1220 1
1222 1220 1
509 1221 1
1220 1221 1
1222 1221 1
509 1222 1
1220 1222 1
1221 1222 1
664 1223 1
130 1224 1
617 1224 3
1226 1224 1
1227 1224 1
1229 1224 1
960 1225 1
617 1226 2
1224 1226 1
1227 1226 1
617 1227 1
1224 1227 1
1226 1227 1
74 1228 1
130 1229 1
617 1229 1
1224 1229 1
77 1230 1
480 1230 1
890 1230 1
891 1230 1
540 1231 1
613 1232 1
1233 1232 1
613 1233 1
1232 1233 1
87 1234 1
389 1234 1
1235 1234 1
87 1235 1
389 1235 1
1234 1235 1
196 1236 1
271 1236 1
1237 1236 1
1238 1236 1
1239 1236 1
196 1237 1
271 1237 1
1236 1237 1
1238 1237 1
1239 1237 1
196 1238 1
271 1238 1
1236 1238 1
1237 1238 1
1239 1238 1
196 1239 1
271 1239 1
1236 1239 1
1237 1239 1
1238 1239 1
936 1240 1
1241 1240 1
936 1241 1
1240 1241 1
28 1242 1
117 1243 1
1244 1243 1
117 1244 1
1243 1244 1
118 1245 1
92 1246 1
1247 1246 1
1248 1246 1
1249 1246 1
92 1247 1
1246 1247 1
1248 1247 1
1249 1247 1
92 1248 1
1246 1248 1
1247 1248 1
1249 1248 1
92 1249 1
1246 1249 1
1247 1249 1
1248 1249 1
151 1250 1
793 1250 1
1148 1250 1
611 1251 1
1253 1252 1
1254 1252 1
1255 1252 1
1252 1253 1
1254 1253 1
1255 1253 1
1252 1254 1
1253 1254 1
1255 1254 1
1252 1255 1
1253 1255 1
1254 1255 1
1257 1256 1
1258 1256 1
1256 1257 1
1258 1257 1
1256 1258 1
1257 1258 1
101 1259 1
1085 1259 1
228 1260 1
470 1260 1
1261 1260 1
228 1261 1
463 1261 1
470 1261 1
1260 1261 1
1790 1261 1
1791 1261 1
1263 1262 1
1264 1262 1
1265 1262 1
1266 1262 1
1262 1263 1
1264 1263 1
1265 1263 1
1266 1263 1
1692 1263 1
1693 1263 1
1694 1263 1
1262 1264 1
1263 1264 1
1265 1264 1
1266 1264 1
1262 1265 1
1263 1265 1
1264 1265 1
1266 1265 1
1262 1266 1
1263 1266 1
1264 1266 1
1265 1266 1
1268 1267 1
1269 1267 1
104 1268 1
178 1268 1
1205 1268 1
1267 1268 1
1269 1268 1
1741 1268 2
1267 1269 1
1268 1269 1
968 1270 1
216 1271 1
1273 1272 1
1272 1273 1
1626 1273 1
1627 1273 1
1628 1273 1
1629 1273 1
527 1274 1
1276 1275 1
1277 1275 1
1275 1276 1
1277 1276 1
1275 1277 1
1276 1277 1
88 1278 1
139 1278 1
174 1278 1
468 1279 1
886 1279 1
1280 1279 1
468 1280 1
886 1280 1
1279 1280 1
139 1281 1
458 1281 1
682 1281 1
210 1282 1
660 1283 2
661 1283 2
326 1284 1
507 1284 1
1285 1284 1
326 1285 1
507 1285 1
1284 1285 1
219 1286 1
1287 1286 1
1288 1286 1
1289 1286 1
219 1287 1
1286 1287 1
1288 1287 1
1289 1287 1
219 1288 1
1286 1288 1
1287 1288 1
1289 1288 1
219 1289 1
1286 1289 1
1287 1289 1
1288 1289 1
434 1290 1
1292 1291 1
1909 1291 1
1910 1291 1
1291 1292 1
215 1293 1
595 1293 1
1294 1293 1
1295 1293 1
215 1294 1
595 1294 1
1293 1294 1
1295 1294 1
94 1295 1
215 1295 2
595 1295 2
1293 1295 1
1294 1295 1
1420 1295 1
1422 1295 1
266 1296 1
267 1296 1
1297 1296 1
1298 1296 1
266 1297 1
267 1297 1
1296 1297 1
1298 1297 1
266 1298 1
267 1298 1
1296 1298 1
1297 1298 1
1300 1299 1
1299 1300 1
228 1301 1
65 1302 1
1303 1302 1
65 1303 1
1302 1303 1
1305 1304 1
1306 1304 1
1304 1305 1
1306 1305 1
1304 1306 1
1305 1306 1
1308 1307 1
1309 1307 1
1307 1308 1
1309 1308 1
1307 1309 1
1308 1309 1
586 1310 1
1311 1310 1
586 1311 1
1310 1311 1
360 1312 1
697 1312 2
1685 1312 1
1314 1313 1
1315 1313 1
1313 1314 1
1315 1314 1
1313 1315 1
1314 1315 1
323 1316 1
26 1317 1
125 1317 1
446 1318 1
975 1318 1
1319 1318 1
446 1319 1
975 1319 1
1318 1319 1
540 1320 1
541 1320 1
638 1320 1
732 1320 1
897 1321 1
901 1321 1
53 1322 1
415 1322 1
416 1322 1
1324 1323 1
1323 1324 1
375 1325 1
1326 1325 1
375 1326 1
1325 1326 1
1328 1327 1
1329 1327 1
1330 1327 1
1327 1328 1
1329 1328 1
1330 1328 1
1327 1329 1
1328 1329 1
1330 1329 1
1327 1330 1
1328 1330 1
1329 1330 1
266 1331 2
267 1331 2
1176 1331 1
47 1332 1
832 1332 1
1334 1333 1
1333 1334 1
1336 1335 1
1335 1336 1
26 1337 1
140 1337 1
167 1337 1
1219 1338 1
307 1339 1
1340 1339 1
307 1340 1
1339 1340 1
228 1341 1
470 1341 1
1343 1342 1
1342 1343 1
43 1344 1
766 1344 1
648 1345 1
1346 1345 1
1347 1345 1
648 1346 1
1345 1346 1
1347 1346 1
648 1347 1
1345 1347 1
1346 1347 1
220 1348 1
268 1348 1
1350 1349 1
1349 1350 1
151 1351 1
215 1351 1
927 1351 1
928 1351 1
1352 1351 1
151 1352 1
215 1352 1
927 1352 1
928 1352 1
1351 1352 1
127 1353 1
208 1353 1
613 1353 1
1355 1354 1
1354 1355 1
658 1356 1
1357 1356 1
1358 1356 1
658 1357 1
1356 1357 1
1358 1357 1
658 1358 1
1356 1358 1
1357 1358 1
786 1359 1
786 1360 1
788 1360 1
79 1361 1
940 1361 1
1362 1361 1
1363 1361 1
79 1362 1
940 1362 1
1361 1362 1
1363 1362 1
79 1363 1
940 1363 1
1361 1363 1
1362 1363 1
357 1364 1
57 1365 1
240 1366 1
241 1366 3
363 1366 2
470 1366 1
1367 1366 1
1406 1366 1
1407 1366 1
1408 1366 1
1761 1366 2
1908 1366 1
1366 1367 1
69 1368 1
930 1368 1
1203 1368 1
1369 1368 2
69 1369 1
930 1369 1
1203 1369 1
1368 1369 2
77 1370 1
480 1370 1
481 1370 1
1134 1370 1
426 1371 1
427 1371 1
89 1372 1
90 1372 1
1373 1372 1
89 1373 1
90 1373 1
1372 1373 1
1375 1374 1
1374 1375 1
486 1376 1
1377 1376 1
486 1377 1
1376 1377 1
692 1378 1
306 1379 1
482 1379 1
261 1380 1
1381 1380 1
261 1381 1
1380 1381 1
1383 1382 1
1384 1382 1
1382 1383 1
1384 1383 1
1382 1384 1
1383 1384 1
1386 1385 1
1387 1385 1
1385 1386 1
1387 1386 1
1385 1387 1
1386 1387 1
87 1388 1
349 1388 1
369 1388 1
326 1389 1
105 1390 1
473 1390 1
649 1391 1
707 1391 1
1393 1392 1
1681 1392 1
1392 1393 1
1395 1394 1
1396 1394 1
1397 1394 1
1394 1395 1
1396 1395 1
1397 1395 1
1394 1396 1
1395 1396 1
1397 1396 1
1394 1397 1
1395 1397 1
1396 1397 1
261 1398 2
1399 1398 1
1400 1398 1
1398 1399 1
1400 1399 1
1398 1400 1
1399 1400 1
166 1401 1
240 1401 1
241 1401 1
246 1402 1
247 1402 1
722 1403 1
1404 1403 1
1405 1403 1
722 1404 1
1403 1404 1
1405 1404 1
722 1405 1
1403 1405 1
1404 1405 1
470 1406 1
1366 1406 1
1407 1406 1
1408 1406 1
470 1407 1
1366 1407 1
1406 1407 1
1408 1407 1
470 1408 1
1366 1408 1
1406 1408 1
1407 1408 1
469 1409 1
655 1409 1
1410 1409 1
469 1410 1
655 1410 1
1409 1410 1
715 1411 1
1412 1411 1
715 1412 1
1411 1412 1
1414 1413 1
1415 1413 1
1413 1414 1
1415 1414 1
1413 1415 1
1414 1415 1
94 1416 2
215 1416 2
595 1416 2
1418 1417 1
1417 1418 1
94 1419 1
215 1419 1
594 1419 1
595 1419 1
1420 1419 1
94 1420 2
215 1420 2
594 1420 1
595 1420 2
1295 1420 1
1419 1420 1
1422 1420 1
326 1421 1
395 1421 1
397 1421 1
94 1422 1
215 1422 1
595 1422 1
1295 1422 1
1420 1422 1
215 1423 1
928 1423 1
1424 1423 1
215 1424 1
928 1424 1
1423 1424 1
299 1425 1
469 1425 1
262 1426 1
1427 1426 1
262 1427 1
1426 1427 1
683 1428 1
1429 1428 1
1430 1428 1
1431 1428 1
683 1429 1
1428 1429 1
1430 1429 1
1431 1429 1
683 1430 1
1428 1430 1
1429 1430 1
1431 1430 1
683 1431 1
1428 1431 1
1429 1431 1
1430 1431 1
122 1432 2
234 1433 1
1434 1433 1
234 1434 1
1433 1434 1
67 1435 1
68 1435 1
1436 1435 2
67 1436 1
68 1436 1
1435 1436 2
66 1437 1
587 1437 1
1438 1437 1
66 1438 1
587 1438 1
1437 1438 1
1440 1439 1
1441 1439 1
1442 1439 1
1439 1440 1
1441 1440 1
1442 1440 1
1439 1441 1
1440 1441 1
1442 1441 1
1439 1442 1
1440 1442 1
1441 1442 1
1647 1442 1
1648 1442 1
1444 1443 1
1445 1443 1
1443 1444 1
1445 1444 2
1611 1444 1
1612 1444 1
1613 1444 1
1946 1444 1
1443 1445 1
1444 1445 2
1946 1445 1
343 1446 1
344 1446 1
574 1446 1
1447 1446 1
343 1447 1
344 1447 1
574 1447 1
1446 1447 1
581 1448 1
598 1448 1
991 1448 1
992 1448 1
1450 1449 1
1451 1449 1
1452 1449 1
1449 1450 1
1451 1450 1
1452 1450 1
1449 1451 1
1450 1451 1
1452 1451 1
1449 1452 1
1450 1452 1
1451 1452 1
1454 1453 1
1455 1453 1
1453 1454 1
1455 1454 1
1453 1455 1
1454 1455 1
1457 1456 1
1456 1457 1
82 1458 1
1460 1459 1
1461 1459 1
1459 1460 1
1461 1460 1
1459 1461 1
1460 1461 1
500 1462 1
501 1462 1
1463 1462 1
1464 1462 1
500 1463 1
501 1463 1
1462 1463 1
1464 1463 1
500 1464 1
501 1464 1
1462 1464 1
1463 1464 1
330 1465 1
1466 1465 1
1467 1465 1
1468 1465 1
330 1466 1
1465 1466 1
1467 1466 1
1468 1466 1
330 1467 1
1465 1467 1
1466 1467 1
1468 1467 1
330 1468 1
1465 1468 1
1466 1468 1
1467 1468 1
397 1469 1
1470 1469 1
1471 1469 1
1472 1469 1
397 1470 1
1469 1470 1
1471 1470 1
1472 1470 1
397 1471 1
1469 1471 1
1470 1471 1
1472 1471 1
397 1472 1
1469 1472 1
1470 1472 1
1471 1472 1
333 1473 1
463 1473 1
470 1473 1
644 1473 1
1474 1473 1
1475 1473 1
333 1474 1
1473 1474 1
1475 1474 1
333 1475 1
1473 1475 1
1474 1475 1
291 1476 1
671 1476 1
689 1477 1
1478 1477 1
1479 1477 1
689 1478 1
1477 1478 1
1479 1478 1
689 1479 2
1477 1479 1
1478 1479 1
1604 1479 1
1481 1480 1
1482 1480 1
1480 1481 1
1482 1481 1
1480 1482 1
1481 1482 1
1484 1483 1
1485 1483 1
1486 1483 1
1483 1484 1
1485 1484 1
1486 1484 1
189 1485 1
1483 1485 1
1484 1485 1
1486 1485 1
1856 1485 1
1857 1485 1
1483 1486 1
1484 1486 1
1485 1486 1
1488 1487 1
1489 1487 1
1487 1488 1
1489 1488 1
1487 1489 1
1488 1489 1
562 1490 1
563 1490 1
907 1490 1
911 1490 1
189 1491 1
1492 1491 1
189 1492 1
1491 1492 1
1743 1492 1
1744 1492 1
305 1493 1
533 1493 1
1494 1493 1
1495 1493 1
305 1494 1
533 1494 1
1493 1494 1
1495 1494 1
305 1495 1
533 1495 1
1493 1495 1
1494 1495 1
1497 1496 1
1498 1496 1
1499 1496 1
1500 1496 1
1501 1496 1
1496 1497 1
1498 1497 1
1499 1497 1
1500 1497 1
1501 1497 1
1496 1498 1
1497 1498 1
1499 1498 1
1500 1498 1
1501 1498 1
1496 1499 1
1497 1499 1
1498 1499 1
1500 1499 1
1501 1499 1
1496 1500 1
1497 1500 1
1498 1500 1
1499 1500 1
1501 1500 1
1496 1501 1
1497 1501 1
1498 1501 1
1499 1501 1
1500 1501 1
1503 1502 1
1502 1503 1
290 1504 1
492 1504 1
1506 1505 1
1507 1505 1
1505 1506 1
1507 1506 1
1505 1507 1
1506 1507 1
1509 1508 1
1510 1508 1
1508 1509 1
1510 1509 1
1508 1510 1
1509 1510 1
81 1511 1
82 1511 1
293 1511 1
1512 1511 1
81 1512 1
82 1512 1
293 1512 1
1511 1512 1
561 1513 1
1515 1514 1
1514 1515 1
1517 1516 2
1516 1517 2
1519 1518 1
1520 1518 1
1521 1518 1
1518 1519 1
1520 1519 1
1521 1519 1
356 1520 1
1518 1520 1
1519 1520 1
1521 1520 1
1688 1520 1
1518 1521 1
1519 1521 1
1520 1521 1
1523 1522 2
59 1523 1
105 1523 1
661 1523 1
876 1523 1
1522 1523 2
1555 1523 1
1769 1523 1
1830 1523 1
1831 1523 1
1833 1523 1
1858 1523 1
1525 1524 1
1526 1524 1
1527 1524 1
1524 1525 1
1526 1525 1
1527 1525 1
1524 1526 1
1525 1526 1
1527 1526 1
1524 1527 1
1525 1527 1
1526 1527 1
820 1528 1
1529 1528 1
820 1529 1
1528 1529 1
146 1530 1
1531 1530 1
1532 1530 1
146 1531 1
1530 1531 1
1532 1531 1
146 1532 1
1530 1532 1
1531 1532 1
1534 1533 1
1533 1534 1
1536 1535 1
1537 1535 1
1538 1535 1
1535 1536 1
1537 1536 1
1538 1536 1
1535 1537 1
1536 1537 1
1538 1537 1
1535 1538 1
1536 1538 1
1537 1538 1
1540 1539 1
1539 1540 1
477 1541 1
1542 1541 1
477 1542 1
1541 1542 1
208 1543 1
379 1543 1
1544 1543 1
208 1544 1
379 1544 1
1543 1544 1
1118 1545 1
1546 1545 1
1547 1545 1
1118 1546 1
1545 1546 1
1547 1546 1
1118 1547 1
1545 1547 1
1546 1547 1
469 1548 1
202 1549 1
1550 1549 1
202 1550 1
1549 1550 1
126 1551 1
605 1551 1
312 1552 1
359 1552 1
659 1552 1
1553 1552 1
312 1553 1
359 1553 1
659 1553 1
1552 1553 1
350 1554 1
928 1554 1
1523 1555 1
1557 1556 1
1558 1556 1
1556 1557 1
1558 1557 1
1556 1558 1
1557 1558 1
1560 1559 2
1561 1559 1
1562 1559 1
1805 1559 1
1806 1559 1
1559 1560 2
1561 1560 1
1562 1560 1
1805 1560 1
1806 1560 1
1559 1561 1
1560 1561 1
1562 1561 1
1559 1562 1
1560 1562 1
1561 1562 1
1564 1563 1
1563 1564 1
1566 1565 1
1567 1565 1
1565 1566 1
1567 1566 1
1565 1567 1
1566 1567 1
717 1568 1
1570 1569 1
1569 1570 1
459 1571 1
460 1571 1
461 1571 1
1573 1572 2
624 1573 1
1572 1573 2
1755 1573 1
1575 1574 1
1574 1575 1
1577 1576 1
1576 1577 1
1579 1578 1
1580 1578 1
1578 1579 1
1580 1579 1
1578 1580 1
1579 1580 1
1582 1581 1
1581 1582 1
1584 1583 1
1583 1584 1
1586 1585 1
1587 1585 1
1588 1585 1
1585 1586 1
1587 1586 1
1588 1586 1
1585 1587 1
1586 1587 1
1588 1587 1
1585 1588 1
1586 1588 1
1587 1588 1
283 1589 1
240 1590 1
241 1590 1
494 1590 1
495 1590 1
1592 1591 1
1593 1591 1
1594 1591 1
1591 1592 1
1593 1592 1
1594 1592 1
1591 1593 1
1592 1593 1
1594 1593 1
1591 1594 1
1592 1594 1
1593 1594 1
662 1595 1
385 1596 1
1597 1596 1
385 1597 1
1596 1597 1
1599 1598 1
1600 1598 1
1598 1599 1
1600 1599 1
1598 1600 1
1599 1600 1
469 1601 1
623 1601 1
837 1601 1
425 1602 1
587 1602 1
429 1603 1
733 1603 1
736 1603 1
689 1604 1
1479 1604 1
1606 1605 1
1607 1605 1
1608 1605 1
1605 1606 1
1607 1606 1
1608 1606 1
1605 1607 1
1606 1607 1
1608 1607 1
1605 1608 1
1606 1608 1
1607 1608 1
1610 1609 1
1609 1610 1
1444 1611 1
1444 1612 1
1613 1612 1
1444 1613 1
1612 1613 1
1615 1614 1
1614 1615 1
278 1616 1
1618 1617 1
1617 1618 1
275 1619 1
1620 1619 1
275 1620 1
1619 1620 1
320 1621 1
321 1621 1
370 1621 1
1622 1621 1
320 1622 1
321 1622 1
370 1622 1
1621 1622 1
1624 1623 1
1625 1623 1
1623 1624 1
1625 1624 1
1623 1625 1
1624 1625 1
1273 1626 1
1627 1626 1
1628 1626 1
1629 1626 1
1273 1627 1
1626 1627 1
1628 1627 1
1629 1627 1
1273 1628 1
1626 1628 1
1627 1628 1
1629 1628 1
1273 1629 1
1626 1629 1
1627 1629 1
1628 1629 1
1631 1630 1
1632 1630 1
1633 1630 1
1630 1631 1
1632 1631 1
1633 1631 1
1630 1632 1
1631 1632 1
1633 1632 1
1630 1633 1
1631 1633 1
1632 1633 1
242 1634 1
1635 1634 1
1636 1634 1
242 1635 1
1634 1635 1
1636 1635 1
242 1636 1
1634 1636 1
1635 1636 1
1638 1637 1
1637 1638 1
601 1639 1
1640 1639 1
1641 1639 1
601 1640 1
1639 1640 1
1641 1640 1
601 1641 1
1639 1641 1
1640 1641 1
1643 1642 1
1644 1642 1
1642 1643 1
1644 1643 1
1642 1644 1
1643 1644 1
1646 1645 1
1645 1646 1
1442 1647 1
1648 1647 1
1442 1648 1
1647 1648 1
587 1649 1
290 1650 1
325 1650 1
492 1650 1
565 1650 1
1652 1651 1
1653 1651 1
1651 1652 1
1653 1652 1
1651 1653 1
1652 1653 1
233 1654 1
639 1654 1
640 1654 1
331 1655 1
678 1655 1
679 1655 1
1657 1656 1
1658 1656 1
1656 1657 1
1658 1657 1
1656 1658 1
1657 1658 1
936 1659 1
1660 1659 1
1661 1659 1
936 1660 1
1659 1660 1
1661 1660 1
936 1661 1
1659 1661 1
1660 1661 1
1663 1662 1
1664 1662 1
1662 1663 1
1664 1663 1
1662 1664 1
1663 1664 1
139 1665 1
297 1665 1
514 1665 1
1666 1665 1
1667 1665 1
139 1666 1
297 1666 1
514 1666 1
1665 1666 1
1667 1666 1
139 1667 1
297 1667 1
514 1667 1
1665 1667 1
1666 1667 1
561 1668 1
1670 1669 1
1671 1669 1
1672 1669 1
1673 1669 1
1674 1669 1
1669 1670 1
1671 1670 1
1672 1670 1
1673 1670 1
1674 1670 1
1669 1671 1
1670 1671 1
1672 1671 1
1673 1671 1
1674 1671 1
1669 1672 1
1670 1672 1
1671 1672 1
1673 1672 1
1674 1672 1
1669 1673 1
1670 1673 1
1671 1673 1
1672 1673 1
1674 1673 1
1669 1674 1
1670 1674 1
1671 1674 1
1672 1674 1
1673 1674 1
685 1675 1
1676 1675 1
685 1676 1
1675 1676 1
1678 1677 1
1679 1677 1
1677 1678 1
1679 1678 1
1677 1679 1
1678 1679 1
717 1680 1
1392 1681 1
100 1682 1
1683 1682 1
100 1683 1
1682 1683 1
280 1684 1
281 1684 1
301 1684 1
360 1685 1
1312 1685 1
1687 1686 1
1686 1687 1
356 1688 1
1520 1688 1
567 1689 1
735 1690 1
1691 1690 1
735 1691 1
1690 1691 1
1263 1692 1
1693 1692 1
1694 1692 1
1263 1693 1
1692 1693 1
1694 1693 1
1263 1694 1
1692 1694 1
1693 1694 1
208 1695 1
613 1695 1
706 1695 1
13 1696 1
88 1696 2
290 1697 1
670 1697 1
776 1698 1
576 1699 1
1700 1699 1
576 1700 1
1699 1700 1
757 1701 1
1702 1701 1
757 1702 1
1701 1702 1
1704 1703 1
1703 1704 1
1832 1705 1
1833 1705 1
115 1706 1
530 1706 2
767 1706 1
340 1707 2
703 1707 2
135 1708 1
1710 1709 1
1709 1710 1
665 1711 1
1712 1711 1
665 1712 1
1711 1712 1
1714 1713 1
1713 1714 1
1716 1715 1
1934 1715 1
1935 1715 1
1936 1715 1
1937 1715 1
1938 1715 1
1939 1715 1
1715 1716 1
485 1717 1
1719 1718 1
1720 1718 1
1721 1718 1
1718 1719 1
1720 1719 1
1721 1719 1
1718 1720 1
1719 1720 1
1721 1720 1
1718 1721 1
1719 1721 1
1720 1721 1
1723 1722 1
1722 1723 1
360 1724 1
1112 1724 1
1725 1724 1
360 1725 1
1112 1725 1
1724 1725 1
709 1726 1
710 1726 1
203 1727 1
1728 1727 1
1729 1727 1
203 1728 1
1727 1728 1
1729 1728 1
203 1729 1
1727 1729 1
1728 1729 1
1731 1730 1
1730 1731 1
433 1732 1
1733 1732 1
433 1733 1
1732 1733 1
66 1734 1
629 1734 1
1736 1735 1
1735 1736 1
1749 1736 1
1006 1737 2
1818 1737 1
21 1738 1
39 1738 1
75 1738 1
335 1738 1
86 1739 1
430 1739 1
368 1740 1
178 1741 1
1268 1741 2
360 1742 1
423 1742 1
1492 1743 1
1744 1743 1
1492 1744 1
1743 1744 1
270 1745 1
651 1745 1
617 1746 1
1747 1746 1
617 1747 1
1746 1747 1
173 1748 1
211 1748 1
1008 1748 1
1736 1749 1
1849 1750 1
1850 1750 1
1752 1751 1
1753 1751 1
1754 1751 1
1751 1752 1
1753 1752 1
1754 1752 1
1751 1753 1
1752 1753 1
1754 1753 1
1751 1754 1
1752 1754 1
1753 1754 1
624 1755 1
1573 1755 1
257 1756 1
537 1756 1
1093 1756 1
191 1757 1
410 1757 1
713 1757 1
727 1757 1
1758 1757 1
191 1758 1
410 1758 1
713 1758 1
727 1758 1
1757 1758 1
1760 1759 1
1759 1760 1
241 1761 2
363 1761 2
1366 1761 2
1908 1761 1
1763 1762 1
1762 1763 1
1874 1763 1
1875 1763 1
1876 1763 2
1765 1764 1
1766 1764 1
1767 1764 1
1764 1765 1
1766 1765 1
1767 1765 1
1764 1766 1
1765 1766 1
1767 1766 1
1764 1767 1
1765 1767 1
1766 1767 1
115 1768 1
116 1768 1
419 1768 1
1178 1768 1
660 1769 1
661 1769 2
1523 1769 1
66 1770 1
1771 1770 1
66 1771 1
1770 1771 1
566 1772 2
1773 1772 1
1774 1772 1
1894 1772 1
566 1773 1
1772 1773 1
1774 1773 1
566 1774 1
1772 1774 1
1773 1774 1
1776 1775 1
1775 1776 1
1778 1777 1
1779 1777 1
1780 1777 1
1777 1778 1
1779 1778 1
1780 1778 1
1777 1779 1
1778 1779 1
1780 1779 1
1777 1780 1
1778 1780 1
1779 1780 1
614 1781 1
1782 1781 1
1783 1781 1
614 1782 1
1781 1782 1
1783 1782 1
614 1783 1
1781 1783 1
1782 1783 1
262 1784 1
1785 1784 1
262 1785 1
1784 1785 1
1787 1786 1
1788 1786 1
1786 1787 1
1788 1787 1
1786 1788 1
1787 1788 1
449 1789 1
583 1789 1
463 1790 1
1261 1790 1
1791 1790 1
463 1791 1
1261 1791 1
1790 1791 1
237 1792 1
238 1792 1
302 1792 1
1793 1792 1
237 1793 1
238 1793 1
302 1793 1
1792 1793 1
1795 1794 1
1794 1795 1
656 1796 2
1797 1796 2
656 1797 2
1796 1797 2
408 1798 1
187 1799 1
729 1799 1
1801 1800 1
1802 1800 1
1800 1801 1
1802 1801 1
1800 1802 1
1801 1802 1
580 1803 1
1804 1803 1
580 1804 1
1803 1804 1
1559 1805 1
1560 1805 1
1806 1805 1
1559 1806 1
1560 1806 1
1805 1806 1
213 1807 1
298 1807 1
639 1807 1
97 1808 1
510 1808 1
1809 1808 1
97 1809 1
510 1809 1
1808 1809 1
1811 1810 1
1812 1810 1
1810 1811 1
1812 1811 1
1810 1812 1
1811 1812 1
1926 1812 1
1927 1812 1
570 1813 1
571 1813 1
181 1814 1
182 1814 1
1815 1814 1
181 1815 1
182 1815 1
1814 1815 1
686 1816 1
687 1816 1
243 1817 1
440 1817 1
1006 1818 1
1737 1818 1
1820 1819 1
1821 1819 1
1819 1820 1
1821 1820 1
1819 1821 1
1820 1821 1
847 1822 1
1823 1822 1
847 1823 1
1822 1823 1
1825 1824 1
1826 1824 1
1827 1824 1
1824 1825 1
1826 1825 1
1827 1825 1
1824 1826 1
1825 1826 1
1827 1826 1
1824 1827 1
1825 1827 1
1826 1827 1
149 1828 1
1829 1828 1
149 1829 1
1828 1829 1
1523 1830 1
1831 1830 1
1523 1831 1
1830 1831 1
1705 1832 1
1833 1832 1
1523 1833 1
1705 1833 1
1832 1833 1
1858 1833 1
295 1834 1
1836 1835 1
1837 1835 1
1838 1835 1
1835 1836 1
1837 1836 1
1838 1836 1
1835 1837 1
1836 1837 1
1838 1837 1
1835 1838 1
1836 1838 1
1837 1838 1
85 1839 1
1840 1839 1
85 1840 1
1839 1840 1
722 1841 1
1842 1841 1
722 1842 1
1841 1842 1
525 1843 1
746 1843 2
1854 1843 1
1855 1843 1
634 1844 1
1845 1844 1
634 1845 1
1844 1845 1
672 1846 1
1847 1846 1
1848 1846 1
672 1847 1
1846 1847 1
1848 1847 1
672 1848 1
1846 1848 1
1847 1848 1
1750 1849 1
1850 1849 1
1750 1850 1
1849 1850 1
483 1851 1
484 1851 1
1852 1851 1
1853 1851 1
483 1852 1
484 1852 1
1851 1852 1
1853 1852 1
483 1853 1
484 1853 1
1851 1853 1
1852 1853 1
525 1854 1
746 1854 1
1843 1854 1
1855 1854 1
525 1855 1
746 1855 1
1843 1855 1
1854 1855 1
189 1856 1
1485 1856 1
1857 1856 1
189 1857 1
1485 1857 1
1856 1857 1
1523 1858 1
1833 1858 1
88 1859 1
627 1859 1
653 1859 1
1861 1860 1
1862 1860 1
1860 1861 1
1862 1861 1
1860 1862 1
1861 1862 1
356 1863 1
386 1863 1
1864 1863 1
356 1864 1
386 1864 1
1863 1864 1
1866 1865 1
1865 1866 1
374 1867 1
455 1867 1
543 1867 1
253 1868 1
353 1868 1
521 1868 1
358 1869 1
1870 1869 1
358 1870 1
1869 1870 1
326 1871 1
534 1871 1
930 1871 1
1008 1872 1
249 1873 1
314 1873 1
1763 1874 1
1763 1875 1
1876 1875 1
1763 1876 2
1875 1876 1
616 1877 1
1879 1878 1
1880 1878 1
1881 1878 1
1878 1879 1
1880 1879 1
1881 1879 1
1878 1880 1
1879 1880 1
1881 1880 1
1878 1881 1
1879 1881 1
1880 1881 1
493 1882 1
664 1882 1
1884 1883 1
1885 1883 1
1886 1883 1
1883 1884 1
1885 1884 1
1886 1884 1
1883 1885 1
1884 1885 1
1886 1885 1
1883 1886 1
1884 1886 1
1885 1886 1
519 1887 1
191 1888 1
391 1888 1
698 1888 1
248 1889 1
250 1889 1
324 1889 1
441 1889 1
1890 1889 1
248 1890 1
250 1890 1
324 1890 1
441 1890 1
1889 1890 1
1892 1891 1
1893 1891 1
1891 1892 1
1893 1892 1
1891 1893 1
1892 1893 1
566 1894 1
1772 1894 1
1896 1895 1
1897 1895 1
1895 1896 1
1897 1896 1
1895 1897 1
1896 1897 1
118 1898 1
743 1898 1
1034 1898 1
1899 1898 1
1900 1898 1
118 1899 1
743 1899 1
1034 1899 1
1898 1899 1
1900 1899 1
118 1900 1
743 1900 1
1034 1900 1
1898 1900 1
1899 1900 1
1902 1901 1
1903 1901 1
1904 1901 1
1905 1901 1
1906 1901 1
1901 1902 1
1903 1902 1
1904 1902 1
1905 1902 1
1906 1902 1
1901 1903 1
1902 1903 1
1904 1903 1
1905 1903 1
1906 1903 1
1901 1904 1
1902 1904 1
1903 1904 1
1905 1904 1
1906 1904 1
1901 1905 1
1902 1905 1
1903 1905 1
1904 1905 1
1906 1905 1
1901 1906 1
1902 1906 1
1903 1906 1
1904 1906 1
1905 1906 1
268 1907 1
351 1907 1
241 1908 1
363 1908 1
1366 1908 1
1761 1908 1
1291 1909 1
1910 1909 1
1291 1910 1
1909 1910 1
177 1911 1
1913 1912 1
1914 1912 1
1912 1913 1
1914 1913 1
1912 1914 1
1913 1914 1
345 1915 1
768 1915 1
738 1916 1
763 1916 1
1917 1916 1
738 1917 1
763 1917 1
1916 1917 1
128 1918 1
220 1918 1
1920 1919 1
1921 1919 1
1919 1920 1
1921 1920 1
1919 1921 1
1920 1921 1
1923 1922 1
1922 1923 1
348 1924 1
176 1925 1
220 1925 1
379 1925 1
663 1925 1
714 1925 1
1812 1926 1
1927 1926 1
1812 1927 1
1926 1927 1
1929 1928 1
1930 1928 1
1931 1928 1
1932 1928 1
1928 1929 1
1930 1929 1
1931 1929 1
1932 1929 1
1928 1930 1
1929 1930 1
1931 1930 1
1932 1930 1
1928 1931 1
1929 1931 1
1930 1931 1
1932 1931 1
1928 1932 1
1929 1932 1
1930 1932 1
1931 1932 1
419 1933 1
1034 1933 1
1178 1933 1
1715 1934 1
1935 1934 1
1936 1934 1
1937 1934 1
1938 1934 1
1939 1934 1
1715 1935 1
1934 1935 1
1936 1935 1
1937 1935 1
1938 1935 1
1939 1935 1
1715 1936 1
1934 1936 1
1935 1936 1
1937 1936 1
1938 1936 1
1939 1936 1
1715 1937 1
1934 1937 1
1935 1937 1
1936 1937 1
1938 1937 1
1939 1937 1
1715 1938 1
1934 1938 1
1935 1938 1
1936 1938 1
1937 1938 1
1939 1938 1
1715 1939 1
1934 1939 1
1935 1939 1
1936 1939 1
1937 1939 1
1938 1939 1
1941 1940 1
1942 1940 1
1943 1940 1
1940 1941 1
1942 1941 1
1943 1941 1
1940 1942 1
1941 1942 1
1943 1942 1
1940 1943 1
1941 1943 1
1942 1943 1
776 1944 1
650 1945 1
1444 1946 1
1445 1946 1
617 1947 1
1948 1947 1
617 1948 1
1947 1948 1
364 1949 1
228 1950 1
258 1950 1
568 1950 1
21 1951 1
60 1951 1
32 1952 1
88 1952 1
589 1952 1
