8 1 1
17 1 1
37 1 2
106 1 1
125 1 1
126 1 1
415 1 1
29 2 1
40 2 1
281 2 1
16 3 1
80 3 1
150 3 1
283 3 1
527 3 1
133 4 1
255 4 1
433 4 1
6 5 1
139 5 1
147 5 1
679 5 1
5 6 1
139 6 1
147 6 1
679 6 1
179 7 1
627 7 1
1 8 1
37 8 1
266 9 1
328 9 1
492 9 1
120 10 1
79 11 1
219 11 2
220 11 1
314 11 1
352 11 1
498 11 3
499 11 1
500 11 1
501 11 1
23 12 1
458 12 1
675 12 1
417 13 2
334 14 1
400 14 1
540 14 1
541 14 1
542 14 1
60 15 1
73 15 1
394 15 1
426 15 1
3 16 1
80 16 1
150 16 1
283 16 1
527 16 1
1 17 1
37 17 1
217 17 1
415 17 1
508 17 1
153 18 1
318 18 3
362 18 2
374 18 2
421 18 2
464 18 1
465 18 1
632 18 1
637 18 1
707 18 1
708 18 1
158 19 1
227 19 1
32 20 1
41 20 1
706 20 1
358 21 1
359 21 1
444 21 1
564 21 1
586 22 1
587 22 1
12 23 1
458 23 1
675 23 1
42 24 1
89 24 1
188 24 1
256 24 1
275 24 2
323 24 1
330 24 1
421 24 1
45 25 1
49 25 1
61 25 1
620 26 1
82 27 1
661 27 1
662 27 1
663 27 1
212 28 1
250 28 1
267 28 1
2 29 1
40 29 1
281 29 1
45 30 1
336 30 1
404 30 1
656 30 1
222 31 1
287 31 1
288 31 1
289 31 1
337 31 1
366 31 1
515 31 1
516 31 1
20 32 1
41 32 1
706 32 1
110 33 1
268 34 1
411 34 1
412 34 1
261 35 1
293 35 1
114 36 1
148 36 1
1 37 2
8 37 1
17 37 1
57 37 1
79 37 4
124 37 1
147 37 2
188 37 1
415 37 1
626 37 1
388 38 1
111 39 1
126 39 1
129 39 2
341 39 1
2 40 1
29 40 1
281 40 1
20 41 1
32 41 1
706 41 1
24 42 1
75 42 1
244 42 1
385 42 1
317 43 1
183 44 1
25 45 1
30 45 1
49 45 1
61 45 1
336 45 1
404 45 1
656 45 1
55 46 1
130 46 1
188 46 1
306 46 1
407 46 1
370 47 1
391 47 1
635 47 1
50 48 1
370 48 1
578 48 1
579 48 1
25 49 1
45 49 1
61 49 1
48 50 1
578 50 1
579 50 1
184 51 1
384 51 1
607 51 1
284 52 1
570 52 1
79 53 1
167 53 1
269 53 1
297 53 2
298 53 4
303 53 1
371 53 1
550 53 1
551 53 1
126 54 1
152 54 1
702 54 1
703 54 1
46 55 1
188 55 1
175 56 1
176 56 1
178 56 1
184 56 1
530 56 1
688 56 1
37 57 1
124 57 1
188 57 1
326 58 1
463 58 1
136 59 1
177 59 1
360 59 1
15 60 1
73 60 1
138 60 1
187 60 1
214 60 3
244 60 1
350 60 1
352 60 1
380 60 1
394 60 1
396 60 1
447 60 1
610 60 1
649 60 1
650 60 1
25 61 1
45 61 1
49 61 1
63 62 1
260 62 1
410 62 1
62 63 1
260 63 1
410 63 1
230 64 1
406 64 1
668 64 1
75 65 1
126 65 1
130 65 2
327 65 1
602 66 1
274 67 1
319 67 1
329 67 1
172 68 1
514 68 1
98 69 1
421 69 1
71 70 1
92 70 1
101 70 1
338 70 1
354 70 1
355 70 1
456 70 1
457 70 1
482 70 1
483 70 1
606 70 1
70 71 1
354 71 1
482 71 1
483 71 1
195 72 1
15 73 1
60 73 1
394 73 1
79 74 1
173 74 1
214 74 1
216 74 1
314 74 1
352 74 1
463 74 1
498 74 1
42 75 1
65 75 1
95 75 1
126 75 1
214 75 1
244 75 2
260 75 1
331 75 1
350 75 2
380 75 1
385 75 1
414 75 2
424 75 2
418 76 1
709 76 1
710 76 1
78 77 1
210 77 2
416 77 1
633 77 1
77 78 1
210 78 1
11 79 1
37 79 4
53 79 1
74 79 1
103 79 1
108 79 1
126 79 1
129 79 2
147 79 4
159 79 3
167 79 1
169 79 1
219 79 1
264 79 1
269 79 1
298 79 3
314 79 6
375 79 1
389 79 3
463 79 1
484 79 1
498 79 4
518 79 1
614 79 1
626 79 1
647 79 2
3 80 1
16 80 1
150 80 1
283 80 1
527 80 1
100 81 1
115 81 1
140 81 1
171 81 1
192 81 1
232 81 1
270 81 1
504 81 1
27 82 1
661 82 1
662 82 1
663 82 1
241 83 1
242 83 1
315 83 1
222 84 1
223 84 2
399 84 1
580 84 1
581 84 1
582 84 1
115 85 1
126 85 1
131 85 1
264 85 1
468 85 1
712 85 1
608 86 1
190 87 1
321 87 1
402 87 2
430 87 1
450 87 1
560 87 1
561 87 1
562 87 1
563 87 1
293 88 1
385 88 1
677 88 1
24 89 1
111 89 1
167 89 1
275 89 1
323 89 1
382 89 1
615 90 1
191 91 1
336 91 1
656 91 1
657 91 1
658 91 1
659 91 1
70 92 1
101 92 1
338 92 1
339 92 1
355 92 1
405 92 1
456 92 1
457 92 1
606 92 1
277 93 1
279 93 1
280 93 1
291 93 1
441 93 1
522 94 1
523 94 1
75 95 1
350 95 1
380 95 1
414 95 1
424 95 1
97 96 1
96 97 1
69 98 1
145 98 1
182 98 2
260 98 2
379 98 1
421 98 1
463 98 1
525 98 1
526 98 1
116 99 1
687 99 1
81 100 1
115 100 1
140 100 1
171 100 1
192 100 1
232 100 1
270 100 1
504 100 1
70 101 1
92 101 1
338 101 1
355 101 1
456 101 1
457 101 1
606 101 1
451 102 1
466 102 1
79 103 1
264 103 1
484 103 1
254 104 1
265 104 1
346 104 1
348 104 1
356 104 1
565 104 1
568 104 1
569 104 1
207 105 1
230 105 1
1 106 1
198 107 1
455 107 1
609 107 1
79 108 1
129 108 1
130 108 1
159 108 1
208 108 1
243 108 2
245 108 2
252 108 3
438 108 1
647 108 1
684 108 1
301 109 1
462 109 1
566 109 1
33 110 1
228 110 1
39 111 1
89 111 1
123 111 1
129 111 2
154 111 1
166 111 1
259 111 1
341 111 1
469 111 1
552 111 1
553 111 1
640 111 1
641 111 1
528 112 1
164 113 1
281 113 1
392 113 1
36 114 1
148 114 1
81 115 1
85 115 1
100 115 1
126 115 1
131 115 1
140 115 1
145 115 1
171 115 1
192 115 2
232 115 1
264 115 1
270 115 1
308 115 1
468 115 1
504 115 1
712 115 1
99 116 1
687 116 1
630 117 1
352 118 1
571 118 2
572 118 1
573 118 1
574 118 1
575 118 1
576 118 1
611 119 1
612 119 1
613 119 1
10 120 1
129 121 1
586 121 1
624 121 1
181 122 1
318 122 1
111 123 1
129 123 1
154 123 1
259 123 1
552 123 1
553 123 1
37 124 1
57 124 1
188 124 1
1 125 1
126 125 1
1 126 1
39 126 1
54 126 1
65 126 1
75 126 1
79 126 1
85 126 1
115 126 1
125 126 1
129 126 3
131 126 1
147 126 1
152 126 1
264 126 1
468 126 1
577 126 1
702 126 1
703 126 1
712 126 1
130 127 1
302 127 1
390 127 1
129 128 1
434 128 1
39 129 2
79 129 2
108 129 1
111 129 2
121 129 1
123 129 1
126 129 3
128 129 1
147 129 1
154 129 1
159 129 1
259 129 1
292 129 1
318 129 1
341 129 1
434 129 1
552 129 1
553 129 1
577 129 1
586 129 1
624 129 1
647 129 1
46 130 1
65 130 2
108 130 1
127 130 1
132 130 1
180 130 1
188 130 1
214 130 1
293 130 2
302 130 1
306 130 1
307 130 1
327 130 2
390 130 1
407 130 2
437 130 1
531 130 1
532 130 1
533 130 1
534 130 1
535 130 1
85 131 1
115 131 1
126 131 1
264 131 1
468 131 1
712 131 1
130 132 1
188 132 1
214 132 1
407 132 1
437 132 1
4 133 1
255 133 1
433 133 1
174 134 1
178 134 2
179 134 3
184 134 1
238 134 1
415 134 2
625 134 1
669 134 1
670 134 1
266 135 1
59 136 1
177 136 1
360 136 1
502 136 1
503 136 1
494 137 1
60 138 1
179 138 1
187 138 2
206 138 1
244 138 1
350 138 1
380 138 1
396 138 1
447 138 1
610 138 1
649 138 1
650 138 1
690 138 1
5 139 1
6 139 1
147 139 1
679 139 1
81 140 1
100 140 1
115 140 1
171 140 1
192 140 1
232 140 1
270 140 1
504 140 1
229 141 1
246 141 1
236 142 1
598 142 1
599 142 1
600 142 1
601 142 1
256 143 1
281 143 1
311 143 1
342 143 2
554 143 1
555 143 1
556 143 1
557 143 1
558 143 1
559 143 1
665 143 1
704 143 1
705 143 1
149 144 1
215 144 1
305 144 1
383 144 2
98 145 1
115 145 1
151 145 3
192 145 1
275 145 1
308 145 1
408 145 2
463 145 1
616 145 1
680 145 1
681 145 1
439 146 1
485 146 1
486 146 1
5 147 1
6 147 1
37 147 2
79 147 4
126 147 1
129 147 1
139 147 1
314 147 1
679 147 1
36 148 1
114 148 1
144 149 1
258 149 1
333 149 1
345 149 1
373 149 1
383 149 1
507 149 1
509 149 1
510 149 1
3 150 1
16 150 1
80 150 1
283 150 1
527 150 1
145 151 3
282 151 1
54 152 1
126 152 1
702 152 1
703 152 1
18 153 1
318 153 2
362 153 1
374 153 1
421 153 1
637 153 1
111 154 1
123 154 1
129 154 1
259 154 1
552 154 1
553 154 1
377 155 1
648 155 1
655 155 1
664 156 1
170 157 1
19 158 1
227 158 1
370 158 1
391 158 1
631 158 1
79 159 3
108 159 1
129 159 1
614 159 1
647 159 1
161 160 1
162 160 1
163 160 1
168 160 1
294 160 1
443 160 1
160 161 1
162 161 1
163 161 1
168 161 1
294 161 1
443 161 1
160 162 1
161 162 1
163 162 1
168 162 1
294 162 1
443 162 1
160 163 1
161 163 1
162 163 1
168 163 1
294 163 1
443 163 1
113 164 1
281 164 1
392 164 1
257 165 1
397 165 1
398 165 1
419 165 1
420 165 1
460 165 1
701 165 1
111 166 1
469 166 1
53 167 1
79 167 1
89 167 1
297 167 1
298 167 2
382 167 2
160 168 1
161 168 1
162 168 1
163 168 1
294 168 1
443 168 1
79 169 1
314 169 1
498 169 1
157 170 1
81 171 1
100 171 1
115 171 1
140 171 1
192 171 1
232 171 1
270 171 1
504 171 1
68 172 1
514 172 1
74 173 1
214 173 1
216 173 1
352 173 1
134 174 1
179 174 1
669 174 1
670 174 1
56 175 1
176 175 1
178 175 1
688 175 1
56 176 1
175 176 1
178 176 1
688 176 1
59 177 1
136 177 1
360 177 1
56 178 1
134 178 2
175 178 1
176 178 1
179 178 2
238 178 1
415 178 2
688 178 1
7 179 1
134 179 3
138 179 1
174 179 1
178 179 2
187 179 1
206 179 1
238 179 1
415 179 2
627 179 1
669 179 1
670 179 1
690 179 1
130 180 1
293 180 1
307 180 1
531 180 1
122 181 1
318 181 1
98 182 2
260 182 1
525 182 1
526 182 1
44 183 1
51 184 1
56 184 1
134 184 1
188 184 1
237 184 1
263 184 1
275 184 1
281 184 1
322 184 1
376 184 1
384 184 1
530 184 1
607 184 1
621 184 1
625 184 1
189 185 1
221 186 1
60 187 1
138 187 2
179 187 1
206 187 1
244 187 1
350 187 1
380 187 1
396 187 1
447 187 1
610 187 1
649 187 1
650 187 1
690 187 1
24 188 1
37 188 1
46 188 1
55 188 1
57 188 1
124 188 1
130 188 1
132 188 1
184 188 1
214 188 1
237 188 1
256 188 1
263 188 1
275 188 1
281 188 1
322 188 1
330 188 1
407 188 2
421 188 1
437 188 1
621 188 1
634 188 1
696 188 1
697 188 1
185 189 1
87 190 1
321 190 1
402 190 1
430 190 1
91 191 1
271 191 1
496 191 1
81 192 1
100 192 1
115 192 2
140 192 1
145 192 1
171 192 1
232 192 1
270 192 1
307 192 1
308 192 2
350 192 1
364 192 1
440 192 1
441 192 1
504 192 1
239 193 1
240 193 1
350 193 1
524 193 1
267 194 1
389 194 1
431 194 1
72 195 1
211 195 1
357 195 1
281 196 1
323 196 1
636 197 1
107 198 1
455 198 1
609 198 1
214 199 2
226 199 1
439 199 2
591 199 1
660 200 1
276 201 1
544 201 1
545 201 1
546 201 1
487 202 1
628 202 1
629 202 1
204 203 1
203 204 1
470 205 1
471 205 1
472 205 1
138 206 1
179 206 1
187 206 1
690 206 1
105 207 1
230 207 1
108 208 1
480 209 1
481 209 1
77 210 2
78 210 1
416 210 1
633 210 1
195 211 1
357 211 1
28 212 1
250 212 1
267 212 1
247 213 1
60 214 3
74 214 1
75 214 1
130 214 1
132 214 1
173 214 1
188 214 1
199 214 2
216 214 1
219 214 1
244 214 1
253 214 1
257 214 1
263 214 1
273 214 1
274 214 1
275 214 1
282 214 1
285 214 1
319 214 2
320 214 1
322 214 3
347 214 1
351 214 2
352 214 4
365 214 3
367 214 1
378 214 1
384 214 3
407 214 1
409 214 1
437 214 1
439 214 2
495 214 1
500 214 1
603 214 1
144 215 1
305 215 1
383 215 1
74 216 1
173 216 1
214 216 1
352 216 1
17 217 1
290 217 1
508 217 1
273 218 3
274 218 2
320 218 2
513 218 1
567 218 1
11 219 2
79 219 1
214 219 1
220 219 1
314 219 1
351 219 1
352 219 2
365 219 1
498 219 3
499 219 1
500 219 2
501 219 1
603 219 1
11 220 1
219 220 1
351 220 1
352 220 2
365 220 1
498 220 1
499 220 1
500 220 1
501 220 1
572 220 1
186 221 1
31 222 1
84 222 1
223 222 1
84 223 2
222 223 1
399 223 1
580 223 1
581 223 1
582 223 1
378 224 1
519 224 1
520 224 1
521 224 1
295 225 1
651 225 1
199 226 1
591 226 1
19 227 1
158 227 1
110 228 1
141 229 1
246 229 1
248 229 1
249 229 1
251 229 1
304 229 1
308 229 1
364 229 1
372 229 1
543 229 1
64 230 1
105 230 1
207 230 1
406 230 1
668 230 1
638 231 1
81 232 1
100 232 1
115 232 1
140 232 1
171 232 1
192 232 1
270 232 1
504 232 1
272 233 1
235 234 1
588 234 1
589 234 1
234 235 1
142 236 1
598 236 1
599 236 1
600 236 1
601 236 1
184 237 1
188 237 1
263 237 1
275 237 1
281 237 1
322 237 1
621 237 1
134 238 1
178 238 1
179 238 1
415 238 1
193 239 1
240 239 1
350 239 1
524 239 1
193 240 1
239 240 1
350 240 1
524 240 1
83 241 1
242 241 1
315 241 1
83 242 1
241 242 1
315 242 2
108 243 2
252 243 2
42 244 1
60 244 1
75 244 2
138 244 1
187 244 1
214 244 1
350 244 1
365 244 1
380 244 1
385 244 1
396 244 1
447 244 1
610 244 1
649 244 1
650 244 1
691 244 1
692 244 1
693 244 1
694 244 1
695 244 1
108 245 2
141 246 1
229 246 1
213 247 1
229 248 1
249 248 1
251 248 1
229 249 1
248 249 1
251 249 1
28 250 1
212 250 1
267 250 1
229 251 1
248 251 1
249 251 1
108 252 3
243 252 2
214 253 1
347 253 1
104 254 1
265 254 1
4 255 1
133 255 1
433 255 1
24 256 1
143 256 1
188 256 1
281 256 1
330 256 1
421 256 1
165 257 1
214 257 1
351 257 1
397 257 1
398 257 1
419 257 1
420 257 1
460 257 1
701 257 1
149 258 1
507 258 1
111 259 1
123 259 1
129 259 1
154 259 1
552 259 1
553 259 1
62 260 1
63 260 1
75 260 1
98 260 2
182 260 1
275 260 1
368 260 2
410 260 1
475 260 1
604 260 1
35 261 1
293 261 1
296 262 1
517 262 1
184 263 1
188 263 1
214 263 1
237 263 1
275 263 1
281 263 1
322 263 1
621 263 1
79 264 1
85 264 1
103 264 1
115 264 1
126 264 1
131 264 1
468 264 1
484 264 1
712 264 1
104 265 1
254 265 1
9 266 1
135 266 1
328 266 1
369 266 1
425 266 1
590 266 1
28 267 1
194 267 1
212 267 1
250 267 1
389 267 1
431 267 1
34 268 1
307 268 1
332 268 1
411 268 1
412 268 1
446 268 1
583 268 1
584 268 1
585 268 1
53 269 1
79 269 1
298 269 1
81 270 1
100 270 1
115 270 1
140 270 1
171 270 1
192 270 1
232 270 1
504 270 1
191 271 1
233 272 1
214 273 1
218 273 3
274 273 4
320 273 4
495 273 2
513 273 1
529 273 1
567 273 1
67 274 1
214 274 1
218 274 2
273 274 4
319 274 1
320 274 4
329 274 1
495 274 2
513 274 1
529 274 1
567 274 1
24 275 2
89 275 1
145 275 1
184 275 1
188 275 1
214 275 1
237 275 1
260 275 1
263 275 1
281 275 1
282 275 1
322 275 2
323 275 1
340 275 1
368 275 1
409 275 1
621 275 1
201 276 1
544 276 1
545 276 1
546 276 1
93 277 1
279 277 1
280 277 1
291 277 1
441 277 1
281 278 1
493 278 1
93 279 1
277 279 1
280 279 1
291 279 1
441 279 1
93 280 1
277 280 1
279 280 1
291 280 1
441 280 1
2 281 1
29 281 1
40 281 1
113 281 1
143 281 1
164 281 1
184 281 1
188 281 1
196 281 1
237 281 1
256 281 1
263 281 1
275 281 1
278 281 1
322 281 1
323 281 1
351 281 1
352 281 1
365 281 1
392 281 1
493 281 1
603 281 1
621 281 1
689 281 1
151 282 1
214 282 1
275 282 1
322 282 1
409 282 1
3 283 1
16 283 1
80 283 1
150 283 1
527 283 1
52 284 1
570 284 1
214 285 1
378 285 1
511 286 1
512 286 1
31 287 1
288 287 1
289 287 1
337 287 1
366 287 1
515 287 1
516 287 1
31 288 1
287 288 1
289 288 1
337 288 1
366 288 1
515 288 1
516 288 1
31 289 1
287 289 1
288 289 1
337 289 1
366 289 1
515 289 1
516 289 1
217 290 1
93 291 1
277 291 1
279 291 1
280 291 1
441 291 1
129 292 1
35 293 1
88 293 1
130 293 2
180 293 1
261 293 1
307 293 1
385 293 3
386 293 1
432 293 1
531 293 1
532 293 1
533 293 1
534 293 1
535 293 1
592 293 1
593 293 1
594 293 1
617 293 1
618 293 1
619 293 1
677 293 1
160 294 1
161 294 1
162 294 1
163 294 1
168 294 1
443 294 1
225 295 1
262 296 1
53 297 2
167 297 1
298 297 2
303 297 1
371 297 1
53 298 4
79 298 3
167 298 2
269 298 1
297 298 2
303 298 1
371 298 1
550 298 1
551 298 1
300 299 1
378 299 1
476 299 1
477 299 2
478 299 1
479 299 1
506 299 1
299 300 1
476 300 1
477 300 1
478 300 1
479 300 1
109 301 1
462 301 1
566 301 1
127 302 1
130 302 1
390 302 1
53 303 1
297 303 1
298 303 1
371 303 1
229 304 1
308 304 1
364 304 1
372 304 1
543 304 1
144 305 1
215 305 1
383 305 1
46 306 1
130 306 1
407 306 1
130 307 1
180 307 1
192 307 1
268 307 1
293 307 1
350 307 1
440 307 1
441 307 1
446 307 1
531 307 1
115 308 1
145 308 1
192 308 2
229 308 1
304 308 1
335 308 1
364 308 2
372 308 2
435 308 1
442 308 1
543 308 1
387 309 1
436 309 1
547 309 1
548 309 1
549 309 1
361 310 1
505 310 1
143 311 1
558 311 1
461 312 1
363 313 2
467 313 1
497 313 1
597 313 1
622 313 1
623 313 1
11 314 1
74 314 1
79 314 6
147 314 1
169 314 1
219 314 1
375 314 1
463 314 1
498 314 4
83 315 1
241 315 1
242 315 2
449 316 1
454 316 1
43 317 1
18 318 3
122 318 1
129 318 1
153 318 2
181 318 1
362 318 1
374 318 1
421 318 1
464 318 1
465 318 1
488 318 1
489 318 1
490 318 1
491 318 1
605 318 1
632 318 1
637 318 1
67 319 1
214 319 2
274 319 1
329 319 1
365 319 1
214 320 1
218 320 2
273 320 4
274 320 4
495 320 2
513 320 1
529 320 1
567 320 1
87 321 1
190 321 1
402 321 1
430 321 1
184 322 1
188 322 1
214 322 3
237 322 1
263 322 1
275 322 2
281 322 1
282 322 1
409 322 1
621 322 1
24 323 1
89 323 1
196 323 1
275 323 1
281 323 1
344 324 1
381 324 2
639 324 1
395 325 1
401 325 1
698 325 1
58 326 1
463 326 1
65 327 1
130 327 2
9 328 1
266 328 1
67 329 1
274 329 1
319 329 1
24 330 1
188 330 1
256 330 1
421 330 1
75 331 1
350 331 1
414 331 1
424 331 1
268 332 1
349 332 1
445 332 1
539 332 1
583 332 1
584 332 1
585 332 1
149 333 1
373 333 1
14 334 1
400 334 1
540 334 1
541 334 1
542 334 1
308 335 1
30 336 1
45 336 1
91 336 1
404 336 1
656 336 2
657 336 1
658 336 1
659 336 1
31 337 1
287 337 1
288 337 1
289 337 1
366 337 1
515 337 1
516 337 1
70 338 1
92 338 1
101 338 1
355 338 1
456 338 1
457 338 1
606 338 1
92 339 1
405 339 1
275 340 1
39 341 1
111 341 1
129 341 1
143 342 2
554 342 1
555 342 1
556 342 1
557 342 1
403 343 1
596 343 1
324 344 1
381 344 1
639 344 1
149 345 1
509 345 1
510 345 1
104 346 1
565 346 2
214 347 1
253 347 1
104 348 1
356 348 1
568 348 1
332 349 1
60 350 1
75 350 2
95 350 1
138 350 1
187 350 1
192 350 1
193 350 1
239 350 1
240 350 1
244 350 1
307 350 1
331 350 1
380 350 5
396 350 3
414 350 2
423 350 2
424 350 2
429 350 1
440 350 1
441 350 1
447 350 1
448 350 1
524 350 1
610 350 5
649 350 2
650 350 2
678 350 1
214 351 2
219 351 1
220 351 1
257 351 1
281 351 1
352 351 4
365 351 3
500 351 1
572 351 1
603 351 2
11 352 1
60 352 1
74 352 1
118 352 1
173 352 1
214 352 4
216 352 1
219 352 2
220 352 2
281 352 1
351 352 4
365 352 3
384 352 1
498 352 1
499 352 1
500 352 2
501 352 1
571 352 1
572 352 2
573 352 1
574 352 1
603 352 2
595 353 1
70 354 1
71 354 1
482 354 1
483 354 1
70 355 1
92 355 1
101 355 1
338 355 1
456 355 1
457 355 1
606 355 1
104 356 1
348 356 1
568 356 1
195 357 1
211 357 1
21 358 1
359 358 1
444 358 1
564 358 1
21 359 1
358 359 1
444 359 1
564 359 1
59 360 1
136 360 1
177 360 1
310 361 1
505 361 1
18 362 2
153 362 1
318 362 1
374 362 2
421 362 2
637 362 1
313 363 2
467 363 1
497 363 1
597 363 1
192 364 1
229 364 1
304 364 1
308 364 2
372 364 1
543 364 1
214 365 3
219 365 1
220 365 1
244 365 1
281 365 1
319 365 1
351 365 3
352 365 3
500 365 1
572 365 1
603 365 2
691 365 1
692 365 1
693 365 1
694 365 1
695 365 1
31 366 1
287 366 1
288 366 1
289 366 1
337 366 1
515 366 1
516 366 1
214 367 1
260 368 2
275 368 1
604 368 1
266 369 1
47 370 1
48 370 1
158 370 1
391 370 2
631 370 1
635 370 1
53 371 1
297 371 1
298 371 1
303 371 1
229 372 1
304 372 1
308 372 2
364 372 1
435 372 1
442 372 1
543 372 1
149 373 1
333 373 1
18 374 2
153 374 1
318 374 1
362 374 2
413 374 2
421 374 2
422 374 1
637 374 1
671 374 1
672 374 1
673 374 1
674 374 1
79 375 1
314 375 1
184 376 1
155 377 1
648 377 1
214 378 1
224 378 1
285 378 1
299 378 1
477 378 1
506 378 1
519 378 1
520 378 1
521 378 1
98 379 1
60 380 1
75 380 1
95 380 1
138 380 1
187 380 1
244 380 1
350 380 5
396 380 2
414 380 1
423 380 1
424 380 1
447 380 1
448 380 1
610 380 4
649 380 2
650 380 2
678 380 1
324 381 2
344 381 1
639 381 1
89 382 1
167 382 2
144 383 2
149 383 1
215 383 1
305 383 1
51 384 1
184 384 1
214 384 3
352 384 1
393 384 1
459 384 1
607 384 1
676 384 1
42 385 1
75 385 1
88 385 1
244 385 1
293 385 3
386 385 1
432 385 1
592 385 1
593 385 1
594 385 1
617 385 1
618 385 1
619 385 1
677 385 1
293 386 1
385 386 1
432 386 1
592 386 1
593 386 1
594 386 1
309 387 1
547 387 1
548 387 1
549 387 1
38 388 1
79 389 3
194 389 1
267 389 1
431 389 1
127 390 1
130 390 1
302 390 1
47 391 1
158 391 1
370 391 2
631 391 1
635 391 1
113 392 1
164 392 1
281 392 1
384 393 1
459 393 1
676 393 1
15 394 1
60 394 1
73 394 1
325 395 1
698 395 1
60 396 1
138 396 1
187 396 1
244 396 1
350 396 3
380 396 2
423 396 2
429 396 1
447 396 1
610 396 3
649 396 2
650 396 2
165 397 1
257 397 1
398 397 1
419 397 1
420 397 1
460 397 1
701 397 1
165 398 1
257 398 1
397 398 1
419 398 1
420 398 1
460 398 1
701 398 1
84 399 1
223 399 1
580 399 1
581 399 1
582 399 1
14 400 1
334 400 1
540 400 1
541 400 1
542 400 1
325 401 1
87 402 2
190 402 1
321 402 1
430 402 1
450 402 1
560 402 1
561 402 1
562 402 1
563 402 1
343 403 1
596 403 1
30 404 1
45 404 1
336 404 1
656 404 1
92 405 1
339 405 1
64 406 1
230 406 1
668 406 1
46 407 1
130 407 2
132 407 1
188 407 2
214 407 1
306 407 1
437 407 1
696 407 1
697 407 1
145 408 2
214 409 1
275 409 1
282 409 1
322 409 1
62 410 1
63 410 1
260 410 1
34 411 1
268 411 1
412 411 1
34 412 1
268 412 1
411 412 1
374 413 2
422 413 1
671 413 1
672 413 1
673 413 1
674 413 1
75 414 2
95 414 1
331 414 1
350 414 2
380 414 1
424 414 2
1 415 1
17 415 1
37 415 1
134 415 2
178 415 2
179 415 2
238 415 1
77 416 1
210 416 1
633 416 1
13 417 2
76 418 1
709 418 1
710 418 1
165 419 1
257 419 1
397 419 1
398 419 1
420 419 1
460 419 1
701 419 1
165 420 1
257 420 1
397 420 1
398 420 1
419 420 1
460 420 1
701 420 1
18 421 2
24 421 1
69 421 1
98 421 1
153 421 1
188 421 1
256 421 1
318 421 1
330 421 1
362 421 2
374 421 2
637 421 1
374 422 1
413 422 1
350 423 2
380 423 1
396 423 2
429 423 1
610 423 2
649 423 1
650 423 1
75 424 2
95 424 1
331 424 1
350 424 2
380 424 1
414 424 2
266 425 1
590 425 1
15 426 1
428 427 1
427 428 1
350 429 1
396 429 1
423 429 1
610 429 1
87 430 1
190 430 1
321 430 1
402 430 1
194 431 1
267 431 1
389 431 1
293 432 1
385 432 1
386 432 1
592 432 1
593 432 1
594 432 1
4 433 1
133 433 1
255 433 1
128 434 1
129 434 1
308 435 1
372 435 1
442 435 1
309 436 1
130 437 1
132 437 1
188 437 1
214 437 1
407 437 1
108 438 1
146 439 1
199 439 2
214 439 2
485 439 1
486 439 1
192 440 1
307 440 1
350 440 1
441 440 1
93 441 1
192 441 1
277 441 1
279 441 1
280 441 1
291 441 1
307 441 1
350 441 1
440 441 1
308 442 1
372 442 1
435 442 1
160 443 1
161 443 1
162 443 1
163 443 1
168 443 1
294 443 1
21 444 1
358 444 1
359 444 1
564 444 1
332 445 1
539 445 1
268 446 1
307 446 1
60 447 1
138 447 1
187 447 1
244 447 1
350 447 1
380 447 1
396 447 1
610 447 1
649 447 1
650 447 1
350 448 1
380 448 1
610 448 1
678 448 1
316 449 1
454 449 1
87 450 1
402 450 1
560 450 1
561 450 1
562 450 1
563 450 1
102 451 1
466 451 1
453 452 1
452 453 1
316 454 1
449 454 1
107 455 1
198 455 1
609 455 1
70 456 1
92 456 1
101 456 1
338 456 1
355 456 1
457 456 1
606 456 1
70 457 1
92 457 1
101 457 1
338 457 1
355 457 1
456 457 1
606 457 1
12 458 1
23 458 1
675 458 1
384 459 1
393 459 1
676 459 1
165 460 1
257 460 1
397 460 1
398 460 1
419 460 1
420 460 1
701 460 1
312 461 1
109 462 1
301 462 1
566 462 1
58 463 1
74 463 1
79 463 1
98 463 1
145 463 1
314 463 1
326 463 1
498 463 1
18 464 1
318 464 1
465 464 1
18 465 1
318 465 1
464 465 1
102 466 1
451 466 1
313 467 1
363 467 1
497 467 1
85 468 1
115 468 1
126 468 1
131 468 1
264 468 1
712 468 1
111 469 1
166 469 1
205 470 1
471 470 1
205 471 1
470 471 1
205 472 1
474 473 1
473 474 1
260 475 1
299 476 1
300 476 1
477 476 1
478 476 1
479 476 1
299 477 2
300 477 1
378 477 1
476 477 1
478 477 1
479 477 1
506 477 1
299 478 1
300 478 1
476 478 1
477 478 1
479 478 1
299 479 1
300 479 1
476 479 1
477 479 1
478 479 1
209 480 1
481 480 1
209 481 1
480 481 1
70 482 1
71 482 1
354 482 1
483 482 1
70 483 1
71 483 1
354 483 1
482 483 1
79 484 1
103 484 1
264 484 1
146 485 1
439 485 1
486 485 1
146 486 1
439 486 1
485 486 1
202 487 1
628 487 1
629 487 3
711 487 1
318 488 1
489 488 1
490 488 1
491 488 1
318 489 1
488 489 1
490 489 1
491 489 1
318 490 1
488 490 1
489 490 1
491 490 1
318 491 1
488 491 1
489 491 1
490 491 1
9 492 1
278 493 1
281 493 1
137 494 1
214 495 1
273 495 2
274 495 2
320 495 2
529 495 1
191 496 1
313 497 1
363 497 1
467 497 1
11 498 3
74 498 1
79 498 4
169 498 1
219 498 3
220 498 1
314 498 4
352 498 1
463 498 1
499 498 1
500 498 1
501 498 1
650 498 1
699 498 1
700 498 1
11 499 1
219 499 1
220 499 1
352 499 1
498 499 1
500 499 1
501 499 1
11 500 1
214 500 1
219 500 2
220 500 1
351 500 1
352 500 2
365 500 1
498 500 1
499 500 1
501 500 1
603 500 1
11 501 1
219 501 1
220 501 1
352 501 1
498 501 1
499 501 1
500 501 1
136 502 1
503 502 1
136 503 1
502 503 1
81 504 1
100 504 1
115 504 1
140 504 1
171 504 1
192 504 1
232 504 1
270 504 1
310 505 1
361 505 1
299 506 1
378 506 1
477 506 1
149 507 1
258 507 1
17 508 1
217 508 1
149 509 1
345 509 1
510 509 1
149 510 1
345 510 1
509 510 1
286 511 1
512 511 1
286 512 1
511 512 1
218 513 1
273 513 1
274 513 1
320 513 1
68 514 1
172 514 1
31 515 1
287 515 1
288 515 1
289 515 1
337 515 1
366 515 1
516 515 1
31 516 1
287 516 1
288 516 1
289 516 1
337 516 1
366 516 1
515 516 1
262 517 1
79 518 1
224 519 1
378 519 1
520 519 1
521 519 1
224 520 1
378 520 1
519 520 1
521 520 1
224 521 1
378 521 1
519 521 1
520 521 1
94 522 1
523 522 1
94 523 1
522 523 1
193 524 1
239 524 1
240 524 1
350 524 1
98 525 1
182 525 1
526 525 1
98 526 1
182 526 1
525 526 1
3 527 1
16 527 1
80 527 1
150 527 1
283 527 1
112 528 1
273 529 1
274 529 1
320 529 1
495 529 1
56 530 1
184 530 1
130 531 1
180 531 1
293 531 1
307 531 1
130 532 1
293 532 1
533 532 1
534 532 1
535 532 1
130 533 1
293 533 1
532 533 1
534 533 1
535 533 1
130 534 1
293 534 1
532 534 1
533 534 1
535 534 1
130 535 1
293 535 1
532 535 1
533 535 1
534 535 1
537 536 1
538 536 1
536 537 1
538 537 1
536 538 1
537 538 1
332 539 1
445 539 1
14 540 1
334 540 1
400 540 1
541 540 1
542 540 1
14 541 1
334 541 1
400 541 1
540 541 1
542 541 1
14 542 1
334 542 1
400 542 1
540 542 1
541 542 1
229 543 1
304 543 1
308 543 1
364 543 1
372 543 1
201 544 1
276 544 1
545 544 1
546 544 1
201 545 1
276 545 1
544 545 1
546 545 1
201 546 1
276 546 1
544 546 1
545 546 1
309 547 1
387 547 1
548 547 1
549 547 1
309 548 1
387 548 1
547 548 1
549 548 1
309 549 1
387 549 1
547 549 1
548 549 1
53 550 1
298 550 1
551 550 1
53 551 1
298 551 1
550 551 1
111 552 1
123 552 1
129 552 1
154 552 1
259 552 1
553 552 1
111 553 1
123 553 1
129 553 1
154 553 1
259 553 1
552 553 1
143 554 1
342 554 1
555 554 1
556 554 1
143 555 1
342 555 1
554 555 1
556 555 1
143 556 1
342 556 1
554 556 1
555 556 1
143 557 1
342 557 1
143 558 1
311 558 1
143 559 1
87 560 1
402 560 1
450 560 1
561 560 1
562 560 1
563 560 1
87 561 1
402 561 1
450 561 1
560 561 1
562 561 1
563 561 1
87 562 1
402 562 1
450 562 1
560 562 1
561 562 1
563 562 1
87 563 1
402 563 1
450 563 1
560 563 1
561 563 1
562 563 1
21 564 1
358 564 1
359 564 1
444 564 1
104 565 1
346 565 2
109 566 1
301 566 1
462 566 1
218 567 1
273 567 1
274 567 1
320 567 1
104 568 1
348 568 1
356 568 1
104 569 1
52 570 1
284 570 1
118 571 2
352 571 1
572 571 1
573 571 1
574 571 1
575 571 1
576 571 1
118 572 1
220 572 1
351 572 1
352 572 2
365 572 1
571 572 1
573 572 1
574 572 1
118 573 1
352 573 1
571 573 1
572 573 1
574 573 1
118 574 1
352 574 1
571 574 1
572 574 1
573 574 1
118 575 1
571 575 1
576 575 1
118 576 1
571 576 1
575 576 1
126 577 1
129 577 1
48 578 1
50 578 1
579 578 1
48 579 1
50 579 1
578 579 1
84 580 1
223 580 1
399 580 1
581 580 1
582 580 1
84 581 1
223 581 1
399 581 1
580 581 1
582 581 1
84 582 1
223 582 1
399 582 1
580 582 1
581 582 1
268 583 1
332 583 1
584 583 1
585 583 1
268 584 1
332 584 1
583 584 1
585 584 1
268 585 1
332 585 1
583 585 1
584 585 1
22 586 1
121 586 1
129 586 1
587 586 1
624 586 1
22 587 1
586 587 1
234 588 1
589 588 1
234 589 1
588 589 1
266 590 1
425 590 1
199 591 1
226 591 1
293 592 1
385 592 1
386 592 1
432 592 1
593 592 1
594 592 1
293 593 1
385 593 1
386 593 1
432 593 1
592 593 1
594 593 1
293 594 1
385 594 1
386 594 1
432 594 1
592 594 1
593 594 1
353 595 1
343 596 1
403 596 1
313 597 1
363 597 1
142 598 1
236 598 1
599 598 1
600 598 1
601 598 1
142 599 1
236 599 1
598 599 1
600 599 1
601 599 1
142 600 1
236 600 1
598 600 1
599 600 1
601 600 1
142 601 1
236 601 1
598 601 1
599 601 1
600 601 1
66 602 1
214 603 1
219 603 1
281 603 1
351 603 2
352 603 2
365 603 2
500 603 1
260 604 1
368 604 1
318 605 1
70 606 1
92 606 1
101 606 1
338 606 1
355 606 1
456 606 1
457 606 1
51 607 1
184 607 1
384 607 1
86 608 1
107 609 1
198 609 1
455 609 1
60 610 1
138 610 1
187 610 1
244 610 1
350 610 5
380 610 4
396 610 3
423 610 2
429 610 1
447 610 1
448 610 1
649 610 2
650 610 2
678 610 1
119 611 1
612 611 1
613 611 1
119 612 1
611 612 1
613 612 1
119 613 1
611 613 1
612 613 1
79 614 1
159 614 1
90 615 1
145 616 1
293 617 1
385 617 1
618 617 1
619 617 1
293 618 1
385 618 1
617 618 1
619 618 1
293 619 1
385 619 1
617 619 1
618 619 1
26 620 1
184 621 1
188 621 1
237 621 1
263 621 1
275 621 1
281 621 1
322 621 1
313 622 1
623 622 1
313 623 1
622 623 1
121 624 1
129 624 1
586 624 1
134 625 1
184 625 1
37 626 1
79 626 1
7 627 1
179 627 1
202 628 1
487 628 1
629 628 1
202 629 1
487 629 3
628 629 1
711 629 1
117 630 1
158 631 1
370 631 1
391 631 1
18 632 1
318 632 1
77 633 1
210 633 1
416 633 1
188 634 1
47 635 1
370 635 1
391 635 1
197 636 1
18 637 1
153 637 1
318 637 1
362 637 1
374 637 1
421 637 1
231 638 1
324 639 1
344 639 1
381 639 1
111 640 1
641 640 1
111 641 1
640 641 1
643 642 1
644 642 2
645 642 1
646 642 1
682 642 1
683 642 1
642 643 1
644 643 1
645 643 1
646 643 1
642 644 2
643 644 1
645 644 1
646 644 1
682 644 1
683 644 1
642 645 1
643 645 1
644 645 1
646 645 1
642 646 1
643 646 1
644 646 1
645 646 1
79 647 2
108 647 1
129 647 1
159 647 1
155 648 1
377 648 1
60 649 1
138 649 1
187 649 1
244 649 1
350 649 2
380 649 2
396 649 2
423 649 1
447 649 1
610 649 2
650 649 2
60 650 1
138 650 1
187 650 1
244 650 1
350 650 2
380 650 2
396 650 2
423 650 1
447 650 1
498 650 1
610 650 2
649 650 2
699 650 1
700 650 1
225 651 1
653 652 1
654 652 1
652 653 1
654 653 1
652 654 1
653 654 1
155 655 1
30 656 1
45 656 1
91 656 1
336 656 2
404 656 1
657 656 1
658 656 1
659 656 1
91 657 1
336 657 1
656 657 1
658 657 1
659 657 1
91 658 1
336 658 1
656 658 1
657 658 1
659 658 1
91 659 1
336 659 1
656 659 1
657 659 1
658 659 1
200 660 1
27 661 1
82 661 1
662 661 1
663 661 1
27 662 1
82 662 1
661 662 1
663 662 1
27 663 1
82 663 1
661 663 1
662 663 1
156 664 1
143 665 1
667 666 1
666 667 1
64 668 1
230 668 1
406 668 1
134 669 1
174 669 1
179 669 1
670 669 1
134 670 1
174 670 1
179 670 1
669 670 1
374 671 1
413 671 1
672 671 1
673 671 1
674 671 1
374 672 1
413 672 1
671 672 1
673 672 1
674 672 1
374 673 1
413 673 1
671 673 1
672 673 1
674 673 1
374 674 1
413 674 1
671 674 1
672 674 1
673 674 1
12 675 1
23 675 1
458 675 1
384 676 1
393 676 1
459 676 1
88 677 1
293 677 1
385 677 1
350 678 1
380 678 1
448 678 1
610 678 1
5 679 1
6 679 1
139 679 1
147 679 1
145 680 1
681 680 1
145 681 1
680 681 1
642 682 1
644 682 1
683 682 1
642 683 1
644 683 1
682 683 1
108 684 1
686 685 1
685 686 1
99 687 1
116 687 1
56 688 1
175 688 1
176 688 1
178 688 1
281 689 1
138 690 1
179 690 1
187 690 1
206 690 1
244 691 1
365 691 1
692 691 1
693 691 1
694 691 1
695 691 1
244 692 1
365 692 1
691 692 1
693 692 1
694 692 1
695 692 1
244 693 1
365 693 1
691 693 1
692 693 1
694 693 1
695 693 1
244 694 1
365 694 1
691 694 1
692 694 1
693 694 1
695 694 1
244 695 1
365 695 1
691 695 1
692 695 1
693 695 1
694 695 1
188 696 1
407 696 1
697 696 1
188 697 1
407 697 1
696 697 1
325 698 1
395 698 1
498 699 1
650 699 1
700 699 1
498 700 1
650 700 1
699 700 1
165 701 1
257 701 1
397 701 1
398 701 1
419 701 1
420 701 1
460 701 1
54 702 1
126 702 1
152 702 1
703 702 1
54 703 1
126 703 1
152 703 1
702 703 1
143 704 1
705 704 1
143 705 1
704 705 1
20 706 1
32 706 1
41 706 1
18 707 1
708 707 1
18 708 1
707 708 1
76 709 1
418 709 1
710 709 1
76 710 1
418 710 1
709 710 1
487 711 1
629 711 1
85 712 1
115 712 1
126 712 1
131 712 1
264 712 1
468 712 1
