32 1 1
276 1 1
303 1 1
391 1 1
662 1 1
700 1 1
701 1 1
759 1 1
760 1 2
430 2 2
560 2 1
600 2 1
810 2 1
24 3 1
39 3 1
134 3 1
1604 3 1
1605 3 1
8 4 1
11 4 2
21 4 2
27 4 1
38 4 1
39 4 1
40 4 4
48 4 1
85 4 1
201 4 2
233 4 1
296 4 1
404 4 1
421 4 1
523 4 1
555 4 1
556 4 1
557 4 1
558 4 1
603 4 1
709 4 1
710 4 1
713 4 2
714 4 1
719 4 1
772 4 1
154 5 1
907 5 1
236 6 1
434 6 1
99 7 1
211 7 1
299 7 1
318 7 1
618 7 1
619 7 1
620 7 1
621 7 1
622 7 1
623 7 1
4 8 1
11 8 1
27 8 1
30 9 1
165 9 1
222 9 1
77 10 1
444 10 1
1718 10 1
4 11 2
8 11 1
22 11 3
23 11 2
27 11 1
34 11 1
46 11 1
70 11 1
71 11 1
73 11 1
122 11 2
184 11 1
210 11 1
236 11 3
421 11 1
423 11 1
451 11 1
462 11 1
566 11 2
573 11 1
837 11 1
838 11 2
863 11 1
981 11 1
1218 11 1
1240 11 1
1445 11 1
1446 11 1
1447 11 1
1448 11 1
13 12 2
219 12 1
668 12 1
926 12 1
927 12 1
928 12 1
967 12 1
1738 12 1
12 13 2
219 13 1
668 13 1
926 13 1
927 13 1
928 13 1
967 13 1
1738 13 1
431 14 1
509 14 1
566 14 1
1220 14 1
1795 14 1
46 15 2
362 15 1
369 15 1
413 15 2
516 15 1
577 15 1
1130 15 1
1131 15 2
1720 15 1
1799 15 1
235 16 1
1567 16 1
233 17 1
404 17 1
80 18 1
134 18 1
231 18 2
305 18 1
310 18 1
410 18 1
422 18 1
625 18 1
631 18 1
678 18 1
822 18 1
826 18 1
1036 18 1
1037 18 1
1075 18 1
1076 18 1
1077 18 2
1562 18 1
1669 18 1
1670 18 1
342 19 1
820 19 1
821 19 1
822 19 1
823 19 1
626 20 1
640 20 1
4 21 2
38 21 2
40 21 1
48 21 1
75 21 1
523 21 1
713 21 1
714 21 1
11 22 3
23 22 2
34 22 3
70 22 1
71 22 1
73 22 1
89 22 2
113 22 1
122 22 3
236 22 1
271 22 2
361 22 1
659 22 1
719 22 2
777 22 1
806 22 1
828 22 1
829 22 1
1054 22 1
1196 22 1
11 23 2
22 23 2
34 23 1
122 23 2
236 23 1
3 24 1
39 24 1
222 25 1
497 25 1
540 25 1
642 25 1
100 26 1
101 26 1
102 26 1
136 26 1
335 26 3
336 26 1
339 26 1
378 26 2
1054 26 1
1800 26 1
1884 26 1
4 27 1
8 27 1
11 27 1
33 27 1
99 27 1
146 27 1
181 27 1
204 27 1
229 27 1
258 27 1
307 27 1
318 27 1
354 27 1
370 27 1
390 27 1
426 27 1
472 27 1
573 27 3
577 27 1
759 27 1
822 27 1
1318 27 1
1452 27 1
47 28 1
52 28 1
95 28 1
476 28 1
549 28 1
121 29 1
243 29 1
382 29 1
9 30 1
165 30 1
169 30 1
177 30 1
222 30 1
1300 31 1
1 32 1
303 32 1
695 32 1
700 32 1
701 32 1
1483 32 1
27 33 1
113 33 2
130 33 2
146 33 1
299 33 1
318 33 1
339 33 1
354 33 1
355 33 1
472 33 1
607 33 1
712 33 1
11 34 1
22 34 3
23 34 1
60 34 3
89 34 1
122 34 1
236 34 1
271 34 1
281 34 1
1647 34 1
1239 35 1
1604 35 1
1873 35 1
1874 35 1
192 36 1
346 36 1
457 36 1
818 36 1
1256 36 1
1389 36 1
170 37 1
185 37 1
491 37 1
681 37 2
4 38 1
21 38 2
48 38 1
51 38 2
52 38 1
75 38 1
210 38 2
282 38 1
453 38 1
468 38 1
492 38 1
534 38 1
795 38 1
931 38 1
932 38 1
1335 38 1
1406 38 1
1408 38 1
1493 38 1
1514 38 1
3 39 1
4 39 1
24 39 1
566 39 1
1466 39 1
4 40 4
21 40 1
523 40 1
607 40 3
678 40 1
713 40 2
714 40 2
721 40 1
770 40 2
772 40 1
1004 40 2
1171 40 3
1264 40 1
1535 40 1
99 41 2
184 41 1
414 41 1
635 41 1
752 41 1
753 41 1
754 41 1
99 42 1
154 42 1
164 42 1
355 42 1
909 42 1
1504 43 1
1575 43 1
396 44 1
46 45 1
222 45 1
288 45 1
541 45 1
549 45 1
1242 45 1
1570 45 1
11 46 1
15 46 2
45 46 1
51 46 1
52 46 2
176 46 1
285 46 1
286 46 1
288 46 2
292 46 1
298 46 5
316 46 1
407 46 3
413 46 1
423 46 1
461 46 1
573 46 1
988 46 1
994 46 2
1130 46 1
1131 46 1
1242 46 1
1319 46 1
1320 46 1
1494 46 1
1570 46 1
1610 46 1
1812 46 2
1858 46 1
1859 46 1
28 47 1
52 47 1
95 47 1
476 47 1
549 47 1
4 48 1
21 48 1
38 48 1
276 49 1
1548 50 1
1549 50 1
38 51 2
46 51 1
268 51 1
297 51 2
298 51 1
317 51 6
319 51 1
554 51 1
902 51 1
1227 51 1
1334 51 1
1336 51 3
1493 51 1
28 52 1
38 52 1
46 52 2
47 52 1
95 52 1
138 52 1
183 52 1
208 52 1
218 52 1
236 52 1
285 52 2
350 52 1
407 52 1
421 52 1
476 52 1
512 52 1
549 52 2
550 52 2
565 52 1
572 52 2
577 52 1
596 52 1
597 52 1
608 52 1
776 52 1
847 52 1
1108 52 1
1131 52 1
1183 52 1
1229 52 1
1282 52 1
1299 52 1
1468 52 1
1469 52 1
1470 52 1
1471 52 1
1472 52 1
1473 52 1
90 53 1
666 53 1
1028 53 1
1029 53 1
1359 53 1
1752 53 1
1753 53 1
1039 54 1
1040 54 1
1041 54 1
306 55 1
565 55 1
772 55 1
1259 55 1
1260 55 1
435 56 1
1276 56 1
1474 57 2
1475 57 1
82 58 1
213 58 1
236 58 1
414 58 1
566 58 2
627 58 1
668 58 1
95 59 1
242 59 1
536 59 1
1035 59 1
1424 59 1
34 60 3
133 60 1
192 60 1
218 60 2
281 60 1
312 60 1
897 60 1
996 60 1
998 60 1
999 60 1
1001 60 1
1002 60 1
1647 60 1
1747 60 1
92 61 1
233 61 1
1135 61 1
1599 61 1
1842 61 1
1141 62 1
1465 62 1
1825 62 1
1686 63 1
65 64 1
386 64 1
1806 64 1
1817 64 1
64 65 1
220 65 1
386 65 1
662 65 1
698 65 1
784 65 1
814 65 1
815 65 2
816 65 2
1730 65 1
1806 65 2
1817 65 1
92 66 1
393 66 1
851 66 1
852 66 1
191 67 1
305 67 1
426 67 1
472 67 1
529 67 1
574 67 1
582 67 1
929 67 1
930 67 1
1239 67 1
1331 67 1
1459 67 1
1460 67 1
1516 67 1
525 68 1
527 68 1
529 68 2
532 68 1
88 69 1
11 70 1
22 70 1
71 70 1
73 70 1
11 71 1
22 71 1
70 71 1
73 71 1
113 72 1
211 72 1
229 72 1
575 72 1
1581 72 1
11 73 1
22 73 1
70 73 1
71 73 1
515 74 1
1629 74 1
21 75 1
38 75 1
137 75 1
431 75 1
565 75 1
566 75 1
1038 76 1
10 77 1
444 77 1
451 77 1
608 77 1
843 77 1
1718 77 1
302 78 1
631 78 1
110 79 2
162 79 1
165 79 1
167 79 1
168 79 1
220 79 1
719 79 1
18 80 1
109 80 1
422 80 1
794 81 1
797 81 1
799 81 1
800 81 1
58 82 1
228 82 1
257 82 1
444 82 1
459 82 1
519 82 1
981 82 1
1290 82 1
1386 82 1
122 83 1
258 83 1
274 83 1
1231 83 1
134 84 3
148 84 2
427 84 1
695 84 1
1048 84 1
1049 84 2
4 85 1
421 85 1
603 85 1
709 85 1
710 85 1
117 86 1
412 86 1
422 86 1
145 87 1
1841 87 1
1888 87 1
69 88 1
22 89 2
34 89 1
271 89 3
361 89 1
1735 89 1
1736 89 1
53 90 1
113 90 2
1028 90 1
1029 90 1
1054 90 1
600 91 1
809 91 1
1326 91 1
1327 91 1
61 92 1
66 92 1
233 92 1
393 92 1
851 92 1
852 92 1
1135 92 1
1599 92 1
1842 92 1
1327 93 1
1338 93 2
1748 93 2
204 94 1
494 94 1
623 94 1
668 94 1
700 94 1
881 94 1
1463 94 1
28 95 1
47 95 1
52 95 1
59 95 1
476 95 1
536 95 1
549 95 1
994 96 2
1239 96 3
1895 96 1
1896 96 1
470 97 1
166 98 1
7 99 1
27 99 1
41 99 2
42 99 1
154 99 1
164 99 1
184 99 1
211 99 1
299 99 1
318 99 1
355 99 1
573 99 1
618 99 1
619 99 1
620 99 1
621 99 1
622 99 1
623 99 1
909 99 2
1231 99 1
26 100 1
101 100 1
102 100 1
26 101 1
100 101 1
102 101 1
26 102 1
100 102 1
101 102 1
1697 103 1
308 104 1
1051 105 1
297 106 1
330 106 3
1062 106 3
1410 107 2
266 108 1
320 108 1
80 109 1
79 110 2
161 110 2
162 110 1
165 110 1
167 110 3
168 110 1
208 110 2
220 110 1
719 110 1
322 111 1
373 111 1
1584 112 1
22 113 1
33 113 2
72 113 1
90 113 2
122 113 1
237 113 1
299 113 1
306 113 1
337 113 2
339 113 1
575 113 1
607 113 1
806 113 2
954 113 1
1053 113 1
1054 113 2
1055 113 1
1725 113 2
1579 114 1
1580 114 1
959 115 1
584 116 1
1054 116 1
1727 116 1
86 117 1
129 117 1
173 117 2
256 117 1
257 117 1
311 117 1
323 117 1
412 117 1
422 117 1
443 117 1
603 117 1
627 117 1
628 117 3
824 117 2
1358 117 1
418 118 1
1146 119 1
1294 119 1
1043 120 1
1044 120 1
1362 120 1
1418 120 1
1419 120 1
29 121 1
243 121 1
382 121 1
11 122 2
22 122 3
23 122 2
34 122 1
83 122 1
113 122 1
236 122 1
258 122 1
274 122 1
513 122 1
806 122 1
1054 122 1
1131 122 1
281 123 1
497 123 1
530 123 1
560 123 1
854 123 1
1228 123 1
1909 123 1
431 124 1
1746 124 1
126 125 1
676 125 1
125 126 1
676 126 1
1059 127 1
1388 127 1
1429 127 1
1700 127 1
195 128 1
372 128 1
622 128 1
637 128 1
803 128 2
804 128 1
1451 128 2
1797 128 1
117 129 1
311 129 1
33 130 2
355 130 3
607 130 2
1010 131 1
505 132 1
1060 132 1
60 133 1
1747 133 1
3 134 1
18 134 1
84 134 3
148 134 1
197 134 1
231 134 1
258 134 1
362 134 1
678 134 1
695 134 1
1036 134 1
1037 134 1
1048 134 1
1049 134 2
1075 134 1
1076 134 1
1231 134 1
1604 134 1
1605 134 1
218 135 1
26 136 1
391 136 1
441 136 1
75 137 1
205 137 1
467 137 1
514 137 1
565 137 1
566 137 1
567 137 1
569 137 1
1854 137 1
52 138 1
565 138 1
1183 138 1
200 139 1
965 139 1
934 140 1
935 140 1
936 140 1
937 140 1
264 141 1
384 141 1
1457 141 1
1033 142 1
1284 142 1
1285 142 1
590 143 1
608 143 1
842 143 1
1690 143 1
1719 143 1
1733 144 1
87 145 1
1841 145 1
1888 145 1
27 146 1
33 146 1
354 146 1
556 147 1
818 147 1
84 148 2
134 148 1
1049 148 1
806 149 1
1803 149 1
311 150 1
360 150 1
228 151 1
248 151 1
349 151 1
748 151 2
433 152 1
1345 152 1
154 153 1
168 153 1
798 153 1
5 154 1
42 154 1
99 154 1
153 154 1
159 154 1
164 154 2
168 154 1
306 154 1
355 154 1
395 154 1
396 154 2
608 154 1
668 154 1
772 154 1
798 154 1
803 154 1
907 154 2
908 154 1
909 154 1
172 155 1
177 155 1
157 156 2
204 156 3
590 156 1
735 156 1
736 156 1
156 157 2
193 157 1
204 157 2
514 157 1
668 158 1
928 158 2
970 158 1
1019 158 1
154 159 1
395 159 1
907 159 1
777 160 1
110 161 2
167 161 1
208 161 1
79 162 1
110 162 1
165 162 1
169 162 1
212 163 1
216 163 1
222 163 1
390 163 1
503 163 3
842 163 1
1373 163 1
42 164 1
99 164 1
154 164 2
355 164 1
803 164 1
909 164 1
9 165 1
30 165 1
79 165 1
110 165 1
162 165 1
222 165 1
98 166 1
79 167 1
110 167 3
161 167 1
168 167 1
220 167 1
719 167 1
79 168 1
110 168 1
153 168 1
154 168 1
167 168 1
178 168 1
200 168 1
208 168 1
220 168 1
225 168 1
549 168 1
565 168 1
585 168 1
600 168 1
603 168 1
637 168 2
647 168 2
719 168 1
755 168 1
774 168 1
776 168 1
798 168 1
819 168 1
916 168 1
1542 168 2
30 169 1
162 169 1
177 169 2
37 170 1
491 170 1
1388 171 1
155 172 1
177 172 1
117 173 2
443 173 1
603 173 1
627 173 1
628 173 1
517 174 1
518 174 1
1308 174 1
1591 174 1
690 175 1
1711 175 1
1751 175 1
46 176 1
988 176 1
1574 176 1
30 177 1
155 177 1
169 177 2
172 177 1
168 178 1
200 178 1
225 178 1
535 178 1
585 178 2
608 178 1
719 178 1
896 178 1
967 178 1
968 178 5
1231 178 1
1503 178 2
1582 178 1
1728 178 1
1734 178 1
1794 178 1
1816 178 2
1817 178 1
1818 178 1
1281 179 1
187 180 1
227 180 1
27 181 1
182 181 1
209 181 1
222 181 3
313 181 1
321 181 1
367 181 1
369 181 1
380 181 2
472 181 1
513 181 1
530 181 1
541 181 1
546 181 1
550 181 1
596 181 1
644 181 1
678 181 1
679 181 1
680 181 1
683 181 1
717 181 1
809 181 2
854 181 1
905 181 1
910 181 1
911 181 1
1142 181 3
1611 181 1
1710 181 1
181 182 1
52 183 1
11 184 1
41 184 1
99 184 1
566 184 1
37 185 1
681 185 1
1133 185 1
603 186 1
753 186 1
766 186 1
869 186 2
884 186 1
180 187 1
227 187 1
506 188 1
674 189 1
815 189 3
933 189 1
940 189 1
941 189 1
942 189 1
332 190 1
1876 190 1
67 191 1
1239 191 1
1392 191 1
36 192 1
60 192 1
376 192 1
410 192 1
457 192 1
905 192 1
932 192 1
998 192 1
999 192 1
1328 192 1
1524 192 1
157 193 1
514 193 1
431 194 1
980 194 1
981 194 1
128 195 1
622 195 1
637 195 1
803 195 1
1141 195 1
1797 195 1
1335 196 1
134 197 1
362 197 1
812 197 1
1053 197 1
1122 197 1
1218 197 1
1231 197 1
504 198 1
1239 198 1
1359 198 1
1730 198 1
1734 198 1
1861 198 1
1894 198 1
1898 198 1
776 199 1
1129 199 1
1239 199 2
139 200 1
168 200 1
178 200 1
240 200 1
717 200 1
836 200 2
858 200 1
859 200 1
903 200 1
904 200 1
964 200 1
965 200 1
966 200 1
967 200 1
968 200 1
1454 200 1
4 201 2
233 201 1
296 201 1
555 201 1
556 201 1
557 201 1
558 201 1
713 201 1
218 202 1
304 202 1
495 202 1
683 202 1
1197 202 1
281 203 1
612 203 1
613 203 1
614 203 1
615 203 1
1636 203 1
27 204 1
94 204 1
156 204 3
157 204 2
307 204 1
390 204 1
561 204 1
573 204 1
590 204 1
596 204 1
668 204 1
735 204 1
736 204 1
737 204 1
738 204 1
739 204 1
740 204 1
137 205 1
206 205 1
513 205 1
205 206 1
513 206 1
1327 206 1
853 207 1
52 208 1
110 208 2
161 208 1
168 208 1
421 208 1
471 208 1
560 208 1
577 208 1
599 208 1
647 208 1
773 208 1
1029 208 1
1033 208 1
1131 208 1
1468 208 1
181 209 1
222 209 1
321 209 1
541 209 1
546 209 1
644 209 1
957 209 1
11 210 1
38 210 2
260 210 2
402 210 2
425 210 1
451 210 1
837 210 1
838 210 2
931 210 2
932 210 1
987 210 1
1583 210 1
7 211 1
72 211 1
99 211 1
299 211 1
318 211 1
514 211 1
618 211 1
619 211 1
620 211 1
621 211 1
622 211 1
623 211 1
967 211 1
1481 211 1
1482 211 1
1702 211 1
163 212 1
216 212 1
58 213 1
1001 214 1
499 215 1
1100 215 1
163 216 1
212 216 1
1639 216 1
421 217 1
1072 217 1
1073 217 1
1074 217 1
52 218 1
60 218 2
135 218 1
202 218 1
328 218 3
350 218 1
398 218 1
573 218 1
596 218 1
597 218 1
683 218 1
718 218 1
719 218 1
847 218 1
881 218 1
895 218 1
896 218 1
1001 218 2
1435 218 1
1543 218 1
1544 218 1
1547 218 1
12 219 1
13 219 1
222 219 1
596 219 1
668 219 1
684 219 1
926 219 2
927 219 1
928 219 1
1443 219 1
65 220 1
79 220 1
110 220 1
167 220 1
168 220 1
222 220 1
560 220 2
561 220 1
590 220 1
600 220 2
655 220 1
656 220 1
659 220 1
719 220 1
784 220 1
1202 220 1
1203 220 1
1204 220 1
1278 220 1
1324 220 1
1477 220 1
1806 220 1
396 221 1
592 221 1
668 221 1
1402 221 1
1403 221 1
9 222 1
25 222 1
30 222 1
45 222 1
163 222 1
165 222 1
181 222 3
209 222 1
219 222 1
220 222 1
321 222 1
372 222 1
390 222 2
497 222 1
539 222 2
540 222 2
541 222 1
546 222 2
550 222 1
572 222 1
600 222 1
610 222 1
627 222 3
631 222 1
642 222 1
643 222 3
644 222 1
648 222 1
649 222 3
650 222 1
651 222 1
652 222 1
653 222 1
655 222 1
656 222 1
659 222 1
660 222 2
667 222 1
668 222 1
669 222 1
673 222 1
674 222 1
678 222 2
679 222 2
680 222 1
682 222 1
683 222 1
684 222 1
685 222 1
686 222 1
1325 222 1
1730 222 1
1819 222 2
1820 222 1
1851 222 1
1893 222 1
226 223 1
448 223 1
451 223 4
480 223 1
507 223 1
511 223 1
578 223 1
583 223 1
584 223 1
585 223 1
638 223 2
639 223 2
809 223 2
841 223 1
842 223 1
922 223 1
982 223 1
983 223 2
1627 223 1
1831 223 1
1832 223 1
406 224 1
550 224 1
578 224 2
586 224 1
809 224 1
1059 224 1
1852 224 1
168 225 1
178 225 1
585 225 1
1239 225 1
1278 225 1
223 226 1
451 226 1
638 226 1
639 226 1
180 227 1
187 227 1
82 228 1
151 228 1
248 228 1
257 228 1
349 228 1
366 228 1
410 228 1
445 228 1
459 228 1
475 228 1
526 228 1
592 228 1
625 228 2
632 228 1
640 228 3
641 228 1
748 228 1
826 228 1
997 228 2
1056 228 1
1356 228 1
1357 228 1
1358 228 1
27 229 1
72 229 1
258 229 1
370 229 1
1581 229 1
515 230 1
18 231 2
134 231 1
678 231 1
1036 231 1
1037 231 1
1075 231 1
1076 231 1
1536 231 1
348 232 1
421 232 1
1016 232 1
1056 232 1
1232 232 1
1233 232 1
1234 232 1
1235 232 1
1310 232 1
1399 232 1
4 233 1
17 233 1
61 233 1
92 233 1
201 233 1
296 233 1
361 233 1
404 233 4
555 233 1
556 233 1
557 233 1
558 233 1
680 233 1
714 233 2
930 233 1
1004 233 1
1019 233 1
1135 233 1
1359 233 1
1360 233 1
1361 233 1
1599 233 1
1842 233 1
452 234 1
16 235 1
1567 235 1
6 236 1
11 236 3
22 236 1
23 236 1
34 236 1
52 236 1
58 236 1
122 236 1
434 236 1
462 236 1
550 236 2
668 236 1
751 236 1
753 236 1
1240 236 1
1569 236 1
113 237 1
1163 238 1
626 239 1
1056 239 1
200 240 1
717 240 1
858 240 1
859 240 1
416 241 1
1538 241 1
59 242 1
603 242 2
1706 242 1
29 243 1
121 243 1
382 243 1
245 244 1
334 244 1
367 244 1
1515 244 1
244 245 1
334 245 1
367 245 1
1005 246 1
1006 246 1
565 247 1
1199 247 1
1265 247 1
1266 247 1
151 248 1
228 248 1
349 248 1
748 248 2
656 249 1
1350 249 2
882 250 1
1288 250 1
1042 251 1
1628 252 1
307 253 1
1573 253 1
657 254 1
326 255 1
631 255 2
885 255 1
886 255 1
117 256 1
688 256 1
722 256 1
1721 256 1
1889 256 1
1890 256 1
82 257 1
117 257 1
228 257 1
323 257 1
459 257 2
624 257 1
625 257 1
626 257 1
628 257 1
1388 257 1
27 258 1
83 258 1
122 258 1
134 258 1
229 258 1
274 258 1
370 258 1
380 259 1
541 259 1
549 259 2
210 260 2
295 260 1
402 260 2
408 260 1
425 260 1
752 260 1
755 260 1
838 260 1
979 260 1
987 260 1
1019 261 1
981 262 1
1019 263 1
1555 263 1
141 264 1
384 264 2
1457 264 1
1052 265 1
108 266 1
267 266 1
279 266 1
320 266 1
266 267 1
279 267 1
51 268 1
317 268 1
272 269 1
419 269 1
1336 270 1
22 271 2
34 271 1
89 271 3
361 271 1
378 271 1
1735 271 1
1736 271 1
269 272 1
419 272 1
986 273 1
83 274 1
122 274 1
258 274 1
282 275 1
1 276 1
49 276 1
759 276 1
760 276 1
1480 276 1
1181 277 1
1182 277 1
322 278 1
359 278 1
541 278 1
266 279 1
267 279 1
327 280 2
795 280 1
905 280 1
1281 280 3
1645 280 1
34 281 1
60 281 1
123 281 1
203 281 1
530 281 1
1228 281 1
1909 281 1
38 282 1
275 282 1
1025 282 3
1300 282 1
1304 282 2
1689 283 1
419 284 1
1343 284 1
46 285 1
52 285 2
309 285 1
407 285 1
1350 285 1
1471 285 1
1472 285 1
46 286 1
994 286 1
1453 286 1
1634 287 1
45 288 1
46 288 2
289 288 1
298 288 1
1241 288 1
1242 288 3
1243 288 1
1244 288 1
1312 288 1
1570 288 1
288 289 1
371 290 1
374 290 1
1556 290 1
1390 291 1
46 292 1
298 292 1
1507 292 1
1637 292 1
358 293 1
417 293 1
1158 294 1
260 295 1
408 295 1
460 295 1
979 295 1
4 296 1
201 296 1
233 296 1
555 296 1
556 296 1
557 296 1
558 296 1
930 296 1
1134 296 1
1135 296 1
51 297 2
106 297 1
330 297 1
1334 297 1
1336 297 2
1417 297 1
46 298 5
51 298 1
288 298 1
292 298 1
317 298 1
401 298 1
1098 298 1
7 299 1
33 299 1
99 299 1
113 299 1
211 299 1
318 299 2
339 299 1
501 299 1
607 299 1
618 299 1
619 299 1
620 299 1
621 299 1
622 299 1
623 299 1
711 299 1
1003 299 2
1004 299 1
1517 299 1
1585 299 1
1833 299 1
612 300 1
777 300 1
529 301 1
1656 301 1
78 302 1
631 302 1
1 303 1
32 303 1
631 303 1
700 303 1
701 303 1
202 304 1
1349 304 1
18 305 1
67 305 1
310 305 2
421 305 3
593 305 1
929 305 1
930 305 1
981 305 1
1138 305 1
1472 305 1
1576 305 1
55 306 1
113 306 1
154 306 1
307 306 1
501 306 1
565 306 1
608 306 1
721 306 1
772 306 3
777 306 1
916 306 1
1015 306 1
1053 306 1
1156 306 1
1259 306 1
1260 306 1
1897 306 1
27 307 1
204 307 1
253 307 1
306 307 1
390 307 1
573 307 1
738 307 1
777 307 2
916 307 1
1573 307 1
104 308 1
336 308 2
506 308 1
695 308 1
702 308 1
703 308 1
285 309 1
1350 309 1
18 310 1
305 310 2
421 310 1
117 311 1
129 311 1
150 311 1
360 311 1
60 312 1
795 312 1
996 312 1
1400 312 1
181 313 1
524 314 1
1430 315 1
1431 315 1
46 316 1
51 317 6
268 317 1
298 317 1
489 317 1
554 317 1
7 318 1
27 318 1
33 318 1
99 318 1
211 318 1
299 318 2
472 318 1
573 318 1
577 318 1
618 318 1
619 318 1
620 318 1
621 318 1
622 318 1
623 318 1
709 318 1
711 318 1
712 318 5
1003 318 1
1840 318 1
1900 318 1
1901 318 1
51 319 1
108 320 1
266 320 1
181 321 1
209 321 1
222 321 1
541 321 1
546 321 1
644 321 1
111 322 1
278 322 1
359 322 1
373 322 1
606 322 1
117 323 1
257 323 1
628 323 1
325 324 1
1644 324 1
324 325 1
1644 325 1
255 326 1
631 326 1
885 326 1
886 326 1
280 327 2
402 327 1
421 327 1
676 327 1
897 327 1
1281 327 2
218 328 3
847 328 1
1001 328 1
1144 328 1
1435 328 1
1198 329 1
1199 329 1
1258 329 2
106 330 3
297 330 1
795 330 4
1062 330 6
542 331 1
190 332 1
1876 332 1
731 333 1
244 334 1
245 334 1
364 334 1
367 334 2
1309 334 1
26 335 3
336 335 2
361 335 1
378 335 1
1811 335 1
1884 335 1
26 336 1
308 336 2
335 336 2
441 336 1
874 336 1
1032 336 1
1123 336 1
1632 336 1
1811 336 1
113 337 2
1724 337 1
1725 337 3
349 338 3
1144 338 1
1545 338 1
26 339 1
33 339 1
113 339 1
299 339 1
607 339 1
709 339 1
710 339 1
711 339 1
898 339 1
1868 339 1
1631 340 1
834 341 1
19 342 1
820 342 1
821 342 1
822 342 1
823 342 1
364 343 1
472 343 1
844 344 1
1355 345 1
36 346 1
358 346 1
631 346 1
632 346 1
683 346 2
1257 347 1
232 348 1
1399 348 1
151 349 1
228 349 1
248 349 1
338 349 3
748 349 1
52 350 1
218 350 1
596 350 1
597 350 1
1537 351 1
421 352 1
709 352 1
710 352 1
711 352 1
1577 353 1
27 354 1
33 354 1
146 354 1
33 355 1
42 355 1
99 355 1
130 355 3
154 355 1
164 355 1
607 355 2
909 355 1
631 356 1
1456 357 1
293 358 1
346 358 1
417 358 1
632 358 1
278 359 1
322 359 1
365 359 1
529 359 1
150 360 1
311 360 1
22 361 1
89 361 1
233 361 1
271 361 1
335 361 1
569 361 1
817 361 1
1218 361 1
1359 361 3
15 362 1
134 362 1
197 362 1
577 362 1
1131 362 1
1231 362 1
1191 363 1
1327 363 1
1442 363 1
334 364 1
343 364 1
367 364 1
472 364 1
632 364 1
635 364 1
636 364 1
637 364 2
1131 364 1
1309 364 1
1489 364 1
359 365 1
228 366 1
625 366 1
997 366 1
1056 366 1
181 367 1
244 367 1
245 367 1
334 367 2
364 367 1
403 367 1
513 367 1
1059 367 1
1309 367 1
1327 367 1
738 368 1
15 369 1
181 369 1
413 369 1
414 369 1
717 369 1
1720 369 1
27 370 1
229 370 1
258 370 1
290 371 1
1556 371 1
128 372 1
222 372 1
570 372 1
571 372 1
572 372 2
573 372 1
642 372 1
809 372 1
813 372 1
1180 372 1
111 373 1
322 373 1
290 374 1
848 375 1
192 376 1
1524 376 1
625 377 1
26 378 2
271 378 1
335 378 1
1744 378 1
1781 378 1
1884 378 1
404 379 1
1504 379 1
181 380 2
259 380 1
414 380 2
541 380 1
549 380 2
683 380 4
1142 380 1
1151 380 1
1171 380 1
541 381 1
1363 381 1
29 382 1
121 382 1
243 382 1
1016 383 1
141 384 1
264 384 2
1457 384 1
1634 384 1
1690 385 1
64 386 1
65 386 1
1806 386 1
1817 386 1
917 387 1
958 388 1
959 388 1
960 388 1
475 389 1
27 390 1
163 390 1
204 390 1
222 390 2
307 390 1
503 390 1
560 390 1
561 390 1
573 390 1
596 390 1
659 390 1
660 390 2
680 390 1
842 390 1
1218 390 1
1373 390 1
1 391 1
136 391 1
392 391 1
440 391 1
441 391 1
688 391 1
709 391 1
711 391 1
871 391 1
872 391 1
873 391 1
874 391 1
875 391 1
391 392 1
440 392 1
688 392 1
871 392 1
872 392 1
873 392 1
874 392 1
66 393 1
92 393 1
851 393 1
852 393 1
1106 394 2
154 395 1
159 395 1
396 395 3
397 395 1
596 395 3
668 395 2
741 395 1
785 395 1
811 395 1
812 395 2
928 395 1
1762 395 1
1784 395 1
44 396 1
154 396 2
221 396 1
395 396 3
596 396 1
668 396 5
812 396 1
950 396 1
951 396 1
952 396 1
953 396 1
1101 396 1
1130 396 1
1458 396 1
1461 396 1
395 397 1
218 398 1
416 399 1
1538 399 1
1539 399 1
520 400 1
561 400 1
590 400 1
666 400 1
1142 400 1
1143 400 1
1853 400 1
298 401 1
210 402 2
260 402 2
327 402 1
403 402 2
425 402 1
838 402 1
987 402 1
1070 402 1
1281 402 3
1306 402 1
367 403 1
402 403 2
419 403 2
499 403 1
506 403 1
683 403 1
857 403 1
858 403 1
860 403 1
1102 403 1
1156 403 2
1403 403 1
4 404 1
17 404 1
233 404 4
379 404 1
714 404 2
1004 404 1
1141 404 1
1504 404 1
1347 405 1
224 406 1
573 406 1
1059 406 1
1801 406 1
1872 406 1
46 407 3
52 407 1
285 407 1
461 407 1
260 408 1
295 408 1
549 408 1
755 408 1
979 408 1
1387 408 1
482 409 1
18 410 1
192 410 1
228 410 1
524 410 1
632 410 1
640 410 1
641 410 2
1047 410 1
1433 411 1
1434 411 2
86 412 1
117 412 1
422 412 1
15 413 2
46 413 1
369 413 1
512 413 1
572 413 1
577 413 1
981 413 1
1445 413 1
1720 413 1
41 414 1
58 414 1
369 414 1
380 414 2
549 414 1
635 414 1
683 414 1
752 414 1
753 414 1
754 414 2
1029 414 1
1151 414 1
1152 414 1
803 415 1
241 416 1
399 416 1
1538 416 2
1539 416 1
293 417 1
358 417 1
838 417 1
118 418 1
269 419 1
272 419 1
284 419 1
403 419 2
420 419 1
427 419 1
508 419 1
609 419 1
1144 419 1
1247 419 1
1254 419 1
1273 419 1
1343 419 1
419 420 1
1273 420 1
4 421 1
11 421 1
52 421 1
85 421 1
208 421 1
217 421 1
232 421 1
305 421 3
310 421 1
327 421 1
352 421 1
515 421 2
566 421 1
577 421 1
603 421 3
676 421 1
709 421 2
710 421 2
711 421 1
771 421 1
772 421 1
776 421 1
897 421 1
978 421 1
979 421 1
981 421 3
1016 421 1
1033 421 1
1056 421 1
1131 421 1
1232 421 1
1233 421 1
1234 421 1
1235 421 1
1445 421 1
1446 421 1
1447 421 1
1448 421 1
1468 421 1
1500 421 1
1502 421 3
1532 421 1
18 422 1
80 422 1
86 422 1
117 422 1
412 422 1
463 422 1
522 422 1
693 422 1
11 423 1
46 423 1
573 423 1
1498 424 1
210 425 1
260 425 1
402 425 1
445 425 1
838 425 1
1566 425 1
27 426 1
67 426 1
759 426 1
1452 426 1
1494 426 1
1495 426 1
1516 426 1
84 427 1
419 427 1
1247 427 2
1254 427 1
1734 428 1
519 429 3
606 429 1
2 430 2
481 430 1
550 430 1
560 430 1
600 430 1
666 430 1
715 430 1
806 430 2
807 430 1
808 430 1
809 430 1
810 430 1
1149 430 1
1708 430 1
1748 430 1
1822 430 1
1855 430 1
1856 430 1
1857 430 1
14 431 1
75 431 1
124 431 1
194 431 1
566 431 1
980 431 1
981 431 1
1746 431 1
1795 431 1
1192 432 1
152 433 1
1345 433 1
6 434 1
236 434 1
56 435 1
437 436 1
436 437 1
513 437 2
712 437 1
716 437 2
717 437 4
758 437 1
772 437 4
773 437 2
806 437 3
889 437 1
1099 437 1
1792 437 1
1793 437 1
1802 437 1
1803 437 1
547 438 1
548 438 1
1715 439 1
1734 439 1
391 440 1
392 440 1
688 440 1
871 440 1
872 440 1
873 440 1
874 440 1
136 441 1
336 441 1
391 441 1
501 441 1
874 441 1
1091 441 1
1092 441 1
1123 441 1
1124 441 1
1412 442 1
117 443 1
173 443 1
603 443 1
627 443 1
628 443 1
10 444 1
77 444 1
82 444 1
1718 444 1
228 445 1
425 445 1
475 445 1
625 445 1
640 445 1
826 445 1
997 445 1
1566 445 1
702 446 1
1680 447 1
223 448 1
511 448 1
455 449 1
463 450 1
1437 450 1
11 451 1
77 451 1
210 451 1
223 451 4
226 451 1
608 451 2
638 451 1
639 451 1
809 451 2
837 451 1
838 451 2
839 451 1
840 451 1
841 451 1
842 451 1
843 451 1
844 451 1
845 451 1
1836 451 2
234 452 1
38 453 1
492 453 1
776 453 1
1288 453 1
1208 454 1
449 455 1
1307 456 2
1707 456 1
1709 456 1
36 457 1
192 457 1
1103 458 1
82 459 1
228 459 1
257 459 2
497 459 1
626 459 1
678 459 2
892 459 1
893 459 1
1079 459 1
1126 459 1
1195 459 1
295 460 1
549 460 1
46 461 1
407 461 1
11 462 1
236 462 1
422 463 1
450 463 1
474 463 1
622 463 1
654 463 1
1437 463 1
905 464 1
1416 465 1
471 466 1
137 467 1
573 467 1
708 467 1
1101 467 1
1221 467 1
38 468 1
1263 468 1
1408 468 1
1058 469 1
97 470 1
1255 470 1
1256 470 1
1531 470 1
208 471 1
466 471 1
1633 471 1
27 472 1
33 472 1
67 472 1
181 472 1
318 472 1
343 472 1
364 472 1
637 472 2
712 472 3
803 472 1
981 472 1
1202 472 2
1207 472 2
1775 472 2
475 473 1
997 473 1
463 474 1
228 475 1
389 475 1
445 475 1
473 475 1
625 475 1
640 475 1
720 475 1
826 475 1
997 475 2
28 476 1
47 476 1
52 476 1
95 476 1
549 476 1
1531 477 1
1382 478 1
809 479 1
223 480 1
639 480 1
921 480 1
922 480 2
923 480 1
430 481 1
490 481 1
773 481 1
807 481 2
808 481 1
1614 481 3
409 482 1
562 482 1
563 482 1
564 482 1
484 483 1
485 483 1
510 483 1
1880 483 1
1881 483 1
483 484 1
485 484 1
510 484 1
1880 484 1
1881 484 1
483 485 1
484 485 1
510 485 1
1880 485 1
1881 485 1
1875 486 1
758 487 1
916 487 2
1523 487 1
1830 487 1
560 488 1
1782 488 1
317 489 1
481 490 1
807 490 1
1869 490 1
37 491 1
170 491 1
38 492 1
453 492 1
601 492 1
678 492 1
738 492 2
781 492 1
782 492 1
1301 492 1
1302 492 1
1568 492 1
1024 493 1
1025 493 1
1198 493 1
1201 493 1
94 494 1
881 494 1
202 495 1
1197 495 1
1740 496 1
1741 496 2
25 497 1
123 497 1
222 497 1
459 497 1
540 497 1
560 497 1
642 497 1
854 497 1
855 497 1
856 497 1
857 497 1
585 498 1
586 498 1
215 499 1
403 499 1
763 499 1
883 499 1
970 499 1
1100 499 2
1101 499 1
1102 499 2
1268 499 1
916 500 1
299 501 1
306 501 1
441 501 1
721 501 1
1124 501 1
1517 501 1
1585 501 1
1897 501 1
1116 502 1
1791 502 1
163 503 3
390 503 1
842 503 1
937 503 1
1373 503 1
198 504 1
132 505 1
1060 505 1
188 506 1
308 506 1
403 506 1
702 506 1
703 506 1
857 506 1
1262 506 1
1263 506 1
223 507 1
419 508 1
14 509 1
1131 509 1
1220 509 2
1221 509 1
483 510 1
484 510 1
485 510 1
1880 510 1
1881 510 1
223 511 1
448 511 1
52 512 1
413 512 1
572 512 2
577 512 1
1108 512 1
122 513 1
181 513 1
205 513 1
206 513 1
367 513 1
437 513 2
545 513 1
550 513 1
577 513 2
603 513 1
699 513 1
758 513 1
772 513 2
789 513 1
910 513 1
1021 513 1
137 514 1
157 514 1
193 514 1
211 514 1
569 514 1
627 514 1
967 514 2
1019 514 1
1130 514 1
1823 514 1
1824 514 1
1878 514 1
1879 514 1
74 515 1
230 515 1
421 515 2
1502 515 1
1604 515 1
1629 515 1
15 516 1
174 517 1
518 517 1
174 518 1
517 518 1
82 519 1
429 519 3
605 519 1
606 519 2
1386 519 1
400 520 1
997 521 1
1788 521 1
1789 521 1
1790 521 1
422 522 1
693 522 1
4 523 1
21 523 1
40 523 1
713 523 1
714 523 1
1003 523 1
1787 523 1
314 524 1
410 524 1
625 524 1
68 525 1
529 525 1
532 525 1
1153 525 1
228 526 1
640 526 1
68 527 1
625 528 1
67 529 1
68 529 2
301 529 1
359 529 1
525 529 1
532 529 1
625 529 1
901 529 2
1009 529 1
1412 529 1
1498 529 1
1603 529 1
1617 529 1
1626 529 1
1656 529 1
123 530 1
181 530 1
281 530 1
545 530 1
694 530 1
695 530 1
905 530 1
910 530 1
911 530 1
1142 530 1
1228 530 2
1339 530 1
1340 530 1
1462 530 1
1909 530 1
1877 531 1
68 532 1
525 532 1
529 532 1
1410 533 1
38 534 1
1335 534 1
178 535 1
719 535 1
1734 535 1
1816 535 1
1817 535 1
1818 535 1
59 536 1
95 536 1
545 537 1
612 537 2
666 537 1
697 537 2
698 537 1
835 537 1
836 537 2
977 537 1
1496 537 1
1497 537 1
1742 537 1
1635 538 1
222 539 2
540 539 1
659 539 1
1805 539 1
25 540 1
222 540 2
497 540 1
539 540 1
642 540 1
45 541 1
181 541 1
209 541 1
222 541 1
259 541 1
278 541 1
321 541 1
380 541 1
381 541 1
542 541 1
543 541 2
546 541 2
549 541 2
550 541 1
644 541 1
331 542 1
541 542 1
543 542 2
546 542 1
881 542 1
1283 542 1
1384 542 1
541 543 2
542 543 2
546 543 2
1420 543 1
545 544 1
513 545 1
530 545 1
537 545 1
544 545 1
550 545 1
577 545 1
694 545 1
695 545 1
696 545 1
697 545 1
698 545 1
699 545 1
789 545 1
1497 545 1
1739 545 1
1804 545 1
181 546 1
209 546 1
222 546 2
321 546 1
541 546 2
542 546 1
543 546 2
550 546 1
643 546 1
644 546 1
648 546 1
649 546 1
650 546 1
738 546 1
916 546 1
1177 546 1
1403 546 1
1408 546 1
1597 546 1
1622 546 1
438 547 1
548 547 1
438 548 1
547 548 1
28 549 1
45 549 1
47 549 1
52 549 2
95 549 1
168 549 1
259 549 2
380 549 2
408 549 1
414 549 1
460 549 1
476 549 1
541 549 2
565 549 1
755 549 1
819 549 1
1151 549 1
1473 549 1
52 550 2
181 550 1
222 550 1
224 550 1
236 550 2
430 550 1
513 550 1
541 550 1
545 550 1
546 550 1
577 550 1
578 550 1
586 550 1
590 550 1
596 550 2
600 550 1
608 550 3
631 550 1
632 550 1
639 550 1
645 550 1
646 550 1
647 550 2
680 550 1
685 550 1
699 550 1
725 550 1
726 550 1
773 550 1
809 550 3
810 550 1
916 550 4
968 550 1
1019 550 1
1071 550 1
1138 550 1
1142 550 2
1292 550 1
1293 550 2
1360 550 1
1708 550 1
1719 550 1
1748 550 1
1794 550 1
1801 550 2
552 551 2
553 551 1
551 552 2
553 552 1
551 553 1
552 553 1
1479 553 1
51 554 1
317 554 1
1393 554 1
4 555 1
201 555 1
233 555 1
296 555 1
556 555 2
557 555 1
558 555 2
4 556 1
147 556 1
201 556 1
233 556 1
296 556 1
555 556 2
557 556 1
558 556 2
565 556 1
603 556 1
737 556 1
817 556 1
818 556 1
819 556 1
4 557 1
201 557 1
233 557 1
296 557 1
555 557 1
556 557 1
558 557 1
4 558 1
201 558 1
233 558 1
296 558 1
555 558 2
556 558 2
557 558 1
560 559 1
561 559 1
2 560 1
123 560 1
208 560 1
220 560 2
390 560 1
430 560 1
488 560 1
497 560 1
559 560 1
561 560 2
596 560 1
599 560 1
600 560 7
603 560 1
647 560 1
673 560 1
675 560 1
773 560 4
850 560 1
854 560 2
1218 560 1
1324 560 1
1325 560 1
1338 560 2
1342 560 1
1782 560 1
204 561 1
220 561 1
390 561 1
400 561 1
559 561 1
560 561 2
590 561 2
596 561 1
659 561 1
699 561 1
1218 561 1
1278 561 1
1327 561 1
482 562 1
563 562 1
564 562 1
482 563 1
562 563 1
564 563 1
482 564 1
562 564 1
563 564 1
52 565 1
55 565 1
75 565 1
137 565 1
138 565 1
168 565 1
247 565 1
306 565 1
549 565 1
556 565 1
566 565 1
603 565 1
625 565 1
772 565 2
817 565 1
819 565 1
1183 565 1
1199 565 2
1259 565 2
1260 565 1
1265 565 1
1266 565 1
1780 565 1
11 566 2
14 566 1
39 566 1
58 566 2
75 566 1
137 566 1
184 566 1
421 566 1
431 566 1
565 566 1
627 566 1
804 566 1
880 566 1
881 566 1
981 566 1
1136 566 1
1137 566 1
1138 566 1
1139 566 1
1445 566 1
1446 566 1
1447 566 1
1448 566 1
1460 566 1
1466 566 1
1467 566 1
1795 566 1
137 567 1
577 568 1
661 568 1
663 568 1
664 568 1
665 568 1
666 568 1
697 568 1
788 568 1
789 568 1
137 569 1
361 569 1
514 569 1
589 569 3
817 569 2
1223 569 1
1359 569 2
1902 569 1
1903 569 1
372 570 1
571 570 1
572 570 1
573 570 1
372 571 1
570 571 1
572 571 1
573 571 1
52 572 2
222 572 1
372 572 2
413 572 1
512 572 2
570 572 1
571 572 1
573 572 1
577 572 1
597 572 1
600 572 1
603 572 1
607 572 1
770 572 1
773 572 1
809 572 1
865 572 1
1019 572 1
1108 572 1
1551 572 1
11 573 1
27 573 3
46 573 1
99 573 1
204 573 1
218 573 1
307 573 1
318 573 1
372 573 1
390 573 1
406 573 1
423 573 1
467 573 1
570 573 1
571 573 1
572 573 1
577 573 1
599 573 1
600 573 4
673 573 2
708 573 3
717 573 1
718 573 1
719 573 2
806 573 1
854 573 2
863 573 1
864 573 1
1054 573 4
1164 573 1
1165 573 1
1221 573 1
1346 573 1
1477 573 1
1801 573 1
1872 573 1
67 574 1
579 574 1
580 574 1
581 574 1
582 574 4
587 574 1
592 574 1
72 575 1
113 575 1
577 576 2
15 577 1
27 577 1
52 577 1
208 577 1
318 577 1
362 577 1
413 577 1
421 577 1
512 577 1
513 577 2
545 577 1
550 577 1
568 577 1
572 577 1
573 577 1
576 577 2
647 577 1
697 577 1
699 577 1
789 577 1
1101 577 1
1131 577 6
1170 577 1
1468 577 1
223 578 1
224 578 2
550 578 1
583 578 1
584 578 1
585 578 1
586 578 4
574 579 1
580 579 1
581 579 1
574 580 1
579 580 1
581 580 1
574 581 1
579 581 1
580 581 1
67 582 1
574 582 4
223 583 1
578 583 1
584 583 1
585 583 1
116 584 1
223 584 1
578 584 1
583 584 1
585 584 1
589 584 1
896 584 1
1054 584 1
1727 584 1
1737 584 1
168 585 1
178 585 2
223 585 1
225 585 1
498 585 1
578 585 1
583 585 1
584 585 1
968 585 1
224 586 1
498 586 1
550 586 1
578 586 4
1351 586 1
1785 586 1
574 587 1
589 588 1
590 588 1
591 588 1
569 589 3
584 589 1
588 589 1
590 589 2
591 589 2
673 589 1
803 589 1
896 589 2
967 589 1
968 589 2
1737 589 1
1810 589 3
143 590 1
156 590 1
204 590 1
220 590 1
400 590 1
550 590 1
561 590 2
588 590 1
589 590 2
591 590 1
608 590 1
659 590 1
735 590 1
736 590 1
967 590 1
968 590 2
1278 590 1
1748 590 1
588 591 1
589 591 2
590 591 1
221 592 1
228 592 1
574 592 1
1209 592 1
305 593 1
595 594 1
594 595 1
52 596 1
181 596 1
204 596 1
218 596 1
219 596 1
350 596 1
390 596 1
395 596 3
396 596 1
550 596 2
560 596 1
561 596 1
597 596 1
608 596 1
647 596 1
680 596 1
737 596 1
876 596 1
926 596 1
950 596 1
951 596 1
952 596 1
953 596 3
1218 596 1
1443 596 1
52 597 1
218 597 1
350 597 1
572 597 1
596 597 1
773 597 1
1099 597 1
1330 597 1
1411 597 1
1743 597 1
1827 597 1
1828 597 1
1829 597 1
599 598 1
600 598 1
601 598 1
208 599 1
560 599 1
573 599 1
598 599 1
600 599 4
601 599 1
603 599 1
642 599 1
673 599 1
717 599 2
773 599 1
957 599 1
1000 599 1
1027 599 1
1033 599 1
1034 599 1
2 600 1
91 600 1
168 600 1
220 600 2
222 600 1
430 600 1
550 600 1
560 600 7
572 600 1
573 600 4
598 600 1
599 600 4
601 600 1
642 600 1
647 600 1
673 600 2
674 600 1
708 600 1
717 600 1
719 600 1
773 600 2
776 600 1
807 600 1
809 600 1
854 600 2
865 600 1
905 600 1
957 600 1
1000 600 1
1198 600 1
1324 600 1
1325 600 1
1326 600 1
1327 600 1
1330 600 1
492 601 1
598 601 1
599 601 1
600 601 1
678 601 1
1301 601 1
1302 601 1
1578 601 1
603 602 2
604 602 2
607 602 1
608 602 1
610 602 1
611 602 2
616 602 1
4 603 1
85 603 1
117 603 1
168 603 1
173 603 1
186 603 1
242 603 2
421 603 3
443 603 1
513 603 1
556 603 1
560 603 1
565 603 1
572 603 1
599 603 1
602 603 2
604 603 1
607 603 3
608 603 2
627 603 4
628 603 1
709 603 1
710 603 1
753 603 3
755 603 1
763 603 1
764 603 1
765 603 1
766 603 1
767 603 1
768 603 1
769 603 1
770 603 1
771 603 1
772 603 1
773 603 2
774 603 1
775 603 2
776 603 1
602 604 2
603 604 1
610 604 1
519 605 1
606 605 1
322 606 1
429 606 1
519 606 2
605 606 1
33 607 1
40 607 3
113 607 1
130 607 2
299 607 1
339 607 1
355 607 2
572 607 1
602 607 1
603 607 3
608 607 1
627 607 1
770 607 4
1171 607 2
1311 607 1
52 608 1
77 608 1
143 608 1
154 608 1
178 608 1
306 608 1
451 608 2
550 608 3
590 608 1
596 608 1
602 608 1
603 608 2
607 608 1
642 608 1
647 608 1
725 608 1
726 608 2
772 608 1
842 608 1
843 608 1
844 608 1
916 608 1
968 608 1
1420 608 2
1421 608 1
1443 608 1
1444 608 1
1582 608 1
419 609 1
222 610 1
602 610 1
604 610 1
682 610 1
683 610 1
602 611 2
616 611 1
203 612 1
300 612 1
537 612 2
613 612 1
614 612 1
615 612 1
697 612 1
777 612 1
835 612 1
836 612 3
977 612 1
1776 612 1
1777 612 1
1778 612 1
1779 612 1
203 613 1
612 613 1
614 613 1
615 613 1
203 614 1
612 614 1
613 614 1
615 614 1
203 615 1
612 615 1
613 615 1
614 615 1
602 616 1
611 616 1
1132 617 1
7 618 1
99 618 1
211 618 1
299 618 1
318 618 1
619 618 1
620 618 1
621 618 1
622 618 1
623 618 1
7 619 1
99 619 1
211 619 1
299 619 1
318 619 1
618 619 1
620 619 1
621 619 1
622 619 1
623 619 1
7 620 1
99 620 1
211 620 1
299 620 1
318 620 1
618 620 1
619 620 1
621 620 1
622 620 1
623 620 1
7 621 1
99 621 1
211 621 1
299 621 1
318 621 1
618 621 1
619 621 1
620 621 1
622 621 1
623 621 1
1732 621 1
7 622 1
99 622 1
128 622 1
195 622 1
211 622 1
299 622 1
318 622 1
463 622 1
618 622 1
619 622 1
620 622 1
621 622 1
623 622 1
637 622 1
654 622 1
803 622 1
1465 622 1
1797 622 1
7 623 1
94 623 1
99 623 1
211 623 1
299 623 1
318 623 1
618 623 1
619 623 1
620 623 1
621 623 1
622 623 1
700 623 1
803 623 2
805 623 1
1020 623 1
1235 623 1
1463 623 1
257 624 1
625 624 2
18 625 1
228 625 2
257 625 1
366 625 1
377 625 1
445 625 1
475 625 1
524 625 1
528 625 1
529 625 1
565 625 1
624 625 2
626 625 1
640 625 1
826 625 2
997 625 3
1056 625 2
1177 625 2
1178 625 1
1391 625 1
1561 625 1
1562 625 2
1669 625 1
1670 625 1
1671 625 1
1780 625 1
1814 625 1
20 626 1
239 626 1
257 626 1
459 626 1
625 626 1
640 626 1
1056 626 2
1177 626 1
1561 626 1
1562 626 1
1563 626 1
1848 626 1
58 627 1
117 627 1
173 627 1
222 627 3
443 627 1
514 627 1
566 627 1
603 627 4
607 627 1
628 627 1
631 627 1
1130 627 1
1878 627 1
1879 627 1
117 628 3
173 628 1
257 628 1
323 628 1
443 628 1
603 628 1
627 628 1
824 628 1
630 629 1
629 630 1
18 631 1
78 631 1
222 631 1
255 631 2
302 631 1
303 631 1
326 631 1
346 631 1
356 631 1
550 631 1
627 631 1
683 631 1
881 631 1
885 631 1
886 631 1
228 632 1
346 632 1
358 632 1
364 632 1
410 632 1
550 632 1
635 632 1
636 632 1
637 632 1
640 632 1
641 632 1
645 632 1
646 632 1
647 632 1
654 632 1
634 633 1
1159 633 1
1160 633 1
633 634 1
41 635 1
364 635 1
414 635 1
632 635 1
636 635 1
637 635 1
752 635 1
753 635 1
754 635 1
364 636 1
632 636 1
635 636 1
637 636 1
128 637 1
168 637 2
195 637 1
364 637 2
472 637 2
622 637 1
632 637 1
635 637 1
636 637 1
803 637 1
863 637 1
981 637 1
1202 637 1
1542 637 2
1797 637 1
223 638 2
226 638 1
451 638 1
639 638 1
922 638 1
982 638 1
983 638 1
223 639 2
226 639 1
451 639 1
480 639 1
550 639 1
638 639 1
784 639 1
810 639 1
1142 639 1
1292 639 2
1293 639 1
1338 639 1
1568 639 1
1646 639 1
1759 639 2
1838 639 1
20 640 1
228 640 3
410 640 1
445 640 1
475 640 1
526 640 1
625 640 1
626 640 1
632 640 1
641 640 1
826 640 1
997 640 2
1000 640 1
228 641 1
410 641 2
632 641 1
640 641 1
25 642 1
222 642 1
372 642 1
497 642 1
540 642 1
599 642 1
600 642 1
608 642 1
673 642 1
809 642 1
916 642 1
957 642 1
1000 642 1
1180 642 1
222 643 3
546 643 1
648 643 1
649 643 1
650 643 1
181 644 1
209 644 1
222 644 1
321 644 1
541 644 1
546 644 1
550 645 1
632 645 1
646 645 1
647 645 1
550 646 1
632 646 1
645 646 1
647 646 1
776 646 1
168 647 2
208 647 1
550 647 2
560 647 1
577 647 1
596 647 1
600 647 1
608 647 1
632 647 1
645 647 1
646 647 1
662 647 1
682 647 1
899 647 1
916 647 1
1360 647 1
1443 647 1
1540 647 1
222 648 1
546 648 1
643 648 1
649 648 1
650 648 1
222 649 3
546 649 1
643 649 1
648 649 1
650 649 1
651 649 1
652 649 1
653 649 1
667 649 1
1364 649 1
1365 649 1
222 650 1
546 650 1
643 650 1
648 650 1
649 650 1
222 651 1
649 651 1
652 651 1
653 651 1
222 652 1
649 652 1
651 652 1
653 652 1
222 653 1
649 653 1
651 653 1
652 653 1
1156 653 1
463 654 1
622 654 1
632 654 1
220 655 1
222 655 1
656 655 1
220 656 1
222 656 1
249 656 1
655 656 1
1350 656 1
254 657 1
658 657 1
1826 657 1
657 658 1
22 659 1
220 659 1
222 659 1
390 659 1
539 659 1
561 659 1
590 659 1
660 659 1
719 659 1
777 659 1
828 659 1
829 659 1
1278 659 1
1805 659 1
222 660 2
390 660 2
659 660 1
680 660 1
568 661 1
662 661 1
663 661 2
664 661 1
665 661 1
666 661 3
757 661 1
816 661 1
1 662 1
65 662 1
647 662 1
661 662 1
815 662 1
816 662 1
1730 662 3
1843 662 1
568 663 1
661 663 2
664 663 1
665 663 1
666 663 2
757 663 1
816 663 1
1813 663 2
1863 663 1
1864 663 1
1865 663 1
568 664 1
661 664 1
663 664 1
665 664 1
666 664 1
568 665 1
661 665 1
663 665 1
664 665 1
666 665 1
53 666 1
400 666 1
430 666 1
537 666 1
568 666 1
661 666 3
663 666 2
664 666 1
665 666 1
1143 666 1
1165 666 1
1742 666 1
1748 666 1
1813 666 2
1855 666 1
1856 666 1
1857 666 1
222 667 1
649 667 1
738 667 1
779 667 1
12 668 1
13 668 1
58 668 1
94 668 1
154 668 1
158 668 1
204 668 1
219 668 1
221 668 1
222 668 1
236 668 1
395 668 2
396 668 5
669 668 1
920 668 1
926 668 1
927 668 1
928 668 2
970 668 4
1101 668 2
222 669 1
668 669 1
671 670 1
672 670 1
670 671 1
672 671 1
1026 671 1
1120 671 1
670 672 1
671 672 1
1094 672 1
222 673 1
560 673 1
573 673 2
589 673 1
599 673 1
600 673 2
642 673 1
674 673 1
675 673 2
842 673 1
854 673 1
863 673 1
864 673 1
957 673 1
1000 673 1
1054 673 1
1404 673 1
1405 673 1
1407 673 1
189 674 1
222 674 1
600 674 1
673 674 1
933 674 1
560 675 1
673 675 2
676 675 1
677 675 1
125 676 1
126 676 1
327 676 1
421 676 1
675 676 1
677 676 1
897 676 1
675 677 1
676 677 1
18 678 1
40 678 1
134 678 1
181 678 1
222 678 2
231 678 1
459 678 2
492 678 1
601 678 1
679 678 2
773 678 1
870 678 3
901 678 1
1036 678 1
1037 678 1
1075 678 1
1076 678 2
1078 678 1
1079 678 2
1126 678 1
1151 678 3
1161 678 1
1162 678 1
1168 678 2
1195 678 1
1269 678 1
1290 678 2
1291 678 1
1295 678 1
1301 678 1
1302 678 1
1303 678 1
1305 678 1
1306 678 2
181 679 1
222 679 2
678 679 2
181 680 1
222 680 1
233 680 1
390 680 1
550 680 1
596 680 1
660 680 1
1019 680 1
1360 680 1
37 681 2
185 681 1
222 682 1
610 682 1
647 682 1
683 682 1
916 682 1
1443 682 1
1837 682 1
181 683 1
202 683 1
218 683 1
222 683 1
346 683 2
380 683 4
403 683 1
414 683 1
610 683 1
631 683 1
682 683 1
1142 683 1
1171 683 1
1281 683 1
219 684 1
222 684 1
222 685 1
550 685 1
738 685 1
780 685 1
781 685 1
782 685 1
222 686 1
688 687 1
689 687 3
690 687 1
256 688 1
391 688 1
392 688 1
440 688 1
687 688 1
689 688 1
871 688 1
872 688 1
873 688 1
874 688 1
956 688 1
1721 688 1
687 689 3
688 689 1
690 689 1
1602 689 1
175 690 1
687 690 1
689 690 1
1711 690 2
1751 690 1
692 691 1
691 692 1
422 693 1
522 693 1
530 694 1
545 694 1
695 694 1
32 695 1
84 695 1
134 695 1
308 695 1
530 695 1
545 695 1
694 695 1
545 696 1
537 697 2
545 697 1
568 697 1
577 697 1
612 697 1
698 697 1
835 697 1
836 697 1
65 698 1
537 698 1
545 698 1
697 698 1
814 698 1
815 698 1
816 698 1
513 699 1
545 699 1
550 699 1
561 699 1
577 699 1
1059 699 1
1074 699 1
1327 699 1
1742 699 1
1 700 1
32 700 1
94 700 1
303 700 1
623 700 1
701 700 1
1463 700 1
1 701 1
32 701 1
303 701 1
700 701 1
308 702 1
446 702 1
506 702 1
703 702 1
704 702 1
308 703 1
506 703 1
702 703 1
1116 703 1
702 704 1
706 705 1
707 705 1
708 705 1
705 706 1
707 706 1
708 706 1
705 707 1
706 707 1
708 707 1
467 708 1
573 708 3
600 708 1
705 708 1
706 708 1
707 708 1
784 708 1
810 708 2
918 708 2
919 708 1
967 708 1
1017 708 1
1054 708 1
1142 708 1
1221 708 1
1346 708 1
1763 708 1
4 709 1
85 709 1
318 709 1
339 709 1
352 709 1
391 709 1
421 709 2
603 709 1
710 709 3
711 709 6
712 709 1
4 710 1
85 710 1
339 710 1
352 710 1
421 710 2
603 710 1
709 710 3
711 710 2
299 711 1
318 711 1
339 711 1
352 711 1
391 711 1
421 711 1
709 711 6
710 711 2
712 711 1
1003 711 1
1833 711 1
33 712 1
318 712 5
437 712 1
472 712 3
709 712 1
711 712 1
772 712 1
1840 712 1
4 713 2
21 713 1
40 713 2
201 713 1
523 713 1
714 713 1
1004 713 1
4 714 1
21 714 1
40 714 2
233 714 2
404 714 2
523 714 1
713 714 1
1004 714 1
1830 714 1
1846 714 1
1847 714 1
430 715 1
716 715 1
717 715 1
1708 715 1
437 716 2
715 716 1
717 716 5
806 716 2
858 716 1
861 716 1
181 717 1
200 717 1
240 717 1
369 717 1
437 717 4
573 717 1
599 717 2
600 717 1
715 717 1
716 717 5
773 717 1
806 717 2
858 717 2
859 717 1
861 717 1
862 717 1
1027 717 1
218 718 1
573 718 1
719 718 1
4 719 1
22 719 2
79 719 1
110 719 1
167 719 1
168 719 1
178 719 1
218 719 1
220 719 1
535 719 1
573 719 2
600 719 1
659 719 1
718 719 1
777 719 2
828 719 2
829 719 2
830 719 1
1196 719 1
1734 719 1
1816 719 1
1817 719 1
1818 719 1
475 720 1
40 721 1
306 721 1
501 721 1
1897 721 1
256 722 1
724 723 1
723 724 1
550 725 1
608 725 1
726 725 1
550 726 1
608 726 2
725 726 1
728 727 1
729 727 1
727 728 1
729 728 2
1687 728 1
727 729 1
728 729 2
1687 729 1
731 730 1
333 731 1
730 731 1
892 731 1
894 731 1
1344 731 1
1526 731 1
733 732 2
734 732 1
732 733 2
734 733 1
732 734 1
733 734 1
156 735 1
204 735 1
590 735 1
736 735 1
156 736 1
204 736 1
590 736 1
735 736 1
918 736 1
204 737 1
556 737 1
596 737 1
817 737 1
204 738 1
307 738 1
368 738 1
492 738 2
546 738 1
667 738 1
685 738 1
739 738 1
740 738 1
777 738 2
778 738 1
779 738 1
780 738 1
781 738 2
782 738 2
783 738 1
784 738 1
785 738 1
835 738 1
1769 738 1
204 739 1
738 739 1
740 739 1
204 740 1
738 740 1
739 740 1
395 741 1
743 742 1
742 743 1
745 744 1
746 744 2
747 744 1
744 745 1
746 745 1
744 746 2
745 746 1
747 746 1
1341 746 1
744 747 1
746 747 1
1534 747 1
151 748 2
228 748 1
248 748 2
349 748 1
750 749 1
749 750 1
236 751 1
41 752 1
260 752 1
414 752 1
635 752 1
753 752 1
754 752 1
755 752 1
41 753 1
186 753 1
236 753 1
414 753 1
603 753 3
635 753 1
752 753 1
754 753 1
766 753 1
768 753 2
889 753 1
1517 753 1
1625 753 1
41 754 1
414 754 2
635 754 1
752 754 1
753 754 1
1138 754 1
1152 754 1
1408 754 2
1621 754 1
1641 754 1
168 755 1
260 755 1
408 755 1
549 755 1
603 755 1
752 755 1
1270 755 1
1271 755 1
757 756 1
758 756 1
661 757 1
663 757 1
756 757 1
758 757 1
772 757 1
816 757 2
437 758 1
487 758 1
513 758 1
756 758 1
757 758 1
772 758 1
1171 758 2
1796 758 1
1 759 1
27 759 1
276 759 1
426 759 1
760 759 1
1452 759 1
1 760 2
276 760 1
759 760 1
773 760 2
810 760 1
1099 760 1
762 761 1
761 762 1
499 763 1
603 763 1
764 763 1
765 763 1
883 763 1
603 764 1
763 764 1
765 764 1
603 765 1
763 765 1
764 765 1
1138 765 1
186 766 1
603 766 1
753 766 1
603 767 1
768 767 1
603 768 1
753 768 2
767 768 1
889 768 1
603 769 1
40 770 2
572 770 1
603 770 1
607 770 4
981 770 2
1151 770 1
1171 770 1
1311 770 1
1488 770 1
421 771 1
603 771 1
772 771 1
4 772 1
40 772 1
55 772 1
154 772 1
306 772 3
421 772 1
437 772 4
513 772 2
565 772 2
603 772 1
608 772 1
712 772 1
757 772 1
758 772 1
771 772 1
1015 772 1
1019 772 1
1259 772 2
1260 772 1
1513 772 1
208 773 1
437 773 2
481 773 1
550 773 1
560 773 4
572 773 1
597 773 1
599 773 1
600 773 2
603 773 2
678 773 1
717 773 1
760 773 2
810 773 1
905 773 1
1099 773 2
1131 773 1
1230 773 1
1290 773 1
1342 773 1
1426 773 1
1427 773 1
1614 773 1
168 774 1
603 774 1
775 774 1
603 775 2
774 775 1
52 776 1
168 776 1
199 776 1
421 776 1
453 776 1
600 776 1
603 776 1
646 776 1
978 776 1
979 776 1
1288 776 1
1476 776 1
22 777 1
160 777 1
300 777 1
306 777 1
307 777 2
612 777 1
659 777 1
719 777 2
738 777 2
828 777 2
829 777 2
830 777 1
916 777 1
1245 777 1
1246 777 1
738 778 1
667 779 1
738 779 1
795 779 1
888 779 1
1420 779 2
1677 779 1
1678 779 1
685 780 1
738 780 1
781 780 1
782 780 1
492 781 1
685 781 1
738 781 2
780 781 1
782 781 1
492 782 1
685 782 1
738 782 2
780 782 1
781 782 1
738 783 1
65 784 1
220 784 1
639 784 1
708 784 1
738 784 1
785 784 1
967 784 1
1759 784 1
1806 784 1
395 785 1
738 785 1
784 785 1
928 785 1
787 786 1
786 787 1
568 788 1
789 788 1
513 789 1
545 789 1
568 789 1
577 789 1
788 789 1
1497 789 1
1739 789 1
1804 789 1
791 790 1
790 791 1
1385 791 1
795 792 1
797 792 1
794 793 1
796 793 1
81 794 1
793 794 1
797 794 1
799 794 1
800 794 1
924 794 1
925 794 1
38 795 1
280 795 1
312 795 1
330 795 4
779 795 1
792 795 1
887 795 1
905 795 1
1062 795 2
1400 795 1
793 796 1
81 797 1
792 797 1
794 797 1
799 797 1
800 797 1
1354 797 1
153 798 1
154 798 1
168 798 1
81 799 1
794 799 1
797 799 1
800 799 1
81 800 1
794 800 1
797 800 1
799 800 1
802 801 1
801 802 1
128 803 2
154 803 1
164 803 1
195 803 1
415 803 1
472 803 1
589 803 1
622 803 1
623 803 2
637 803 1
804 803 1
805 803 1
1020 803 1
1775 803 1
1797 803 1
128 804 1
566 804 1
803 804 1
623 805 1
803 805 1
22 806 1
113 806 2
122 806 1
149 806 1
430 806 2
437 806 3
573 806 1
716 806 2
717 806 2
810 806 1
1054 806 2
1147 806 1
1148 806 1
1149 806 3
1614 806 1
1802 806 1
1803 806 2
430 807 1
481 807 2
490 807 1
600 807 1
808 807 1
854 807 1
865 807 1
1017 807 1
430 808 1
481 808 1
807 808 1
91 809 1
181 809 2
223 809 2
224 809 1
372 809 1
430 809 1
451 809 2
479 809 1
550 809 3
572 809 1
600 809 1
642 809 1
841 809 1
842 809 1
854 809 1
905 809 1
988 809 1
1060 809 1
1180 809 1
1266 809 1
1293 809 1
1326 809 2
1327 809 2
1420 809 1
1421 809 1
1422 809 2
1728 809 1
1729 809 1
2 810 1
430 810 1
550 810 1
639 810 1
708 810 2
760 810 1
773 810 1
806 810 1
1142 810 3
1148 810 1
1714 810 1
1763 810 1
395 811 1
812 811 1
197 812 1
395 812 2
396 812 1
811 812 1
1053 812 1
372 813 1
65 814 1
698 814 1
815 814 1
816 814 1
65 815 2
189 815 3
662 815 1
698 815 1
814 815 1
816 815 2
940 815 1
941 815 1
942 815 1
989 815 1
990 815 1
1099 815 1
1730 815 1
65 816 2
661 816 1
662 816 1
663 816 1
698 816 1
757 816 2
814 816 1
815 816 2
1730 816 1
361 817 1
556 817 1
565 817 1
569 817 2
737 817 1
1359 817 1
36 818 1
147 818 1
556 818 1
168 819 1
549 819 1
556 819 1
565 819 1
19 820 1
342 820 1
821 820 1
822 820 1
823 820 1
19 821 1
342 821 1
820 821 1
822 821 1
823 821 1
18 822 1
19 822 1
27 822 1
342 822 1
820 822 1
821 822 1
823 822 1
1318 822 1
19 823 1
342 823 1
820 823 1
821 823 1
822 823 1
117 824 2
628 824 1
826 825 1
827 825 1
1907 825 1
18 826 1
228 826 1
445 826 1
475 826 1
625 826 2
640 826 1
825 826 1
827 826 1
997 826 1
1562 826 1
1669 826 1
1670 826 1
825 827 1
826 827 1
22 828 1
659 828 1
719 828 2
777 828 2
829 828 2
830 828 1
22 829 1
659 829 1
719 829 2
777 829 2
828 829 2
830 829 1
719 830 1
777 830 1
828 830 1
829 830 1
1679 830 1
832 831 1
833 831 1
831 832 1
1272 832 1
831 833 1
341 834 1
537 835 1
612 835 1
697 835 1
738 835 1
836 835 1
200 836 2
537 836 2
612 836 3
697 836 1
835 836 1
964 836 1
977 836 1
1058 836 1
1776 836 1
1777 836 1
1778 836 1
1779 836 1
11 837 1
210 837 1
451 837 1
838 837 1
11 838 2
210 838 2
260 838 1
402 838 1
417 838 1
425 838 1
451 838 2
837 838 1
845 838 1
863 838 1
1696 838 1
1703 838 1
451 839 1
840 839 1
1060 839 2
1172 839 1
1568 839 1
451 840 1
839 840 1
223 841 1
451 841 1
809 841 1
842 841 1
143 842 1
163 842 1
223 842 1
390 842 1
451 842 1
503 842 1
608 842 1
673 842 1
809 842 1
841 842 1
1373 842 1
1405 842 1
1420 842 2
1421 842 2
1525 842 1
1690 842 1
1719 842 1
77 843 1
451 843 1
608 843 1
344 844 1
451 844 1
608 844 1
451 845 1
838 845 1
847 846 1
52 847 1
218 847 1
328 847 1
846 847 1
955 847 1
375 848 1
849 848 1
848 849 1
560 850 1
66 851 1
92 851 1
393 851 1
852 851 1
66 852 1
92 852 1
393 852 1
851 852 1
207 853 1
123 854 1
181 854 1
497 854 1
560 854 2
573 854 2
600 854 2
673 854 1
807 854 1
809 854 1
863 854 1
864 854 1
865 854 1
866 854 1
867 854 1
868 854 1
869 854 1
497 855 1
856 855 1
497 856 1
855 856 1
403 857 1
497 857 1
506 857 1
200 858 1
240 858 1
403 858 1
716 858 1
717 858 2
859 858 1
860 858 1
861 858 1
862 858 1
200 859 1
240 859 1
717 859 1
858 859 1
403 860 1
858 860 1
896 860 1
716 861 1
717 861 1
858 861 1
717 862 1
858 862 1
11 863 1
573 863 1
637 863 1
673 863 1
838 863 1
854 863 1
864 863 1
1094 863 1
573 864 1
673 864 1
854 864 1
863 864 1
572 865 1
600 865 1
807 865 1
854 865 1
854 866 1
867 866 1
868 866 1
854 867 1
866 867 1
868 867 1
854 868 1
866 868 1
867 868 1
186 869 2
854 869 1
884 869 1
678 870 3
391 871 1
392 871 1
440 871 1
688 871 1
872 871 1
873 871 1
874 871 1
391 872 1
392 872 1
440 872 1
688 872 1
871 872 1
873 872 1
874 872 1
391 873 1
392 873 1
440 873 1
688 873 1
871 873 1
872 873 1
874 873 1
336 874 1
391 874 1
392 874 1
440 874 1
441 874 1
688 874 1
871 874 1
872 874 1
873 874 1
1123 874 1
391 875 1
596 876 1
878 877 1
877 878 1
880 879 1
881 879 1
566 880 1
879 880 1
881 880 1
1460 880 1
1467 880 1
94 881 1
218 881 1
494 881 1
542 881 1
566 881 1
631 881 1
879 881 1
880 881 1
971 881 1
972 881 1
1136 881 1
1137 881 1
1138 881 1
1139 881 1
1290 881 1
1688 881 1
250 882 1
499 883 1
763 883 1
186 884 1
869 884 1
255 885 1
326 885 1
631 885 1
886 885 1
255 886 1
326 886 1
631 886 1
885 886 1
1015 886 1
795 887 1
779 888 1
889 888 1
890 888 1
891 888 1
437 889 1
753 889 1
768 889 1
888 889 1
890 889 1
1268 889 1
1792 889 1
1793 889 1
888 890 1
889 890 1
888 891 1
459 892 1
731 892 1
893 892 1
894 892 1
459 893 1
892 893 1
731 894 1
892 894 1
218 895 1
896 895 1
178 896 1
218 896 1
584 896 1
589 896 2
860 896 1
895 896 1
1728 896 1
1737 896 1
1794 896 1
1810 896 1
1816 896 1
60 897 1
327 897 1
421 897 1
676 897 1
339 898 1
647 899 1
901 900 1
529 901 2
678 901 1
900 901 1
1449 901 1
1589 901 1
1603 901 1
1664 901 1
1665 901 1
51 902 1
200 903 1
904 903 1
200 904 1
903 904 1
181 905 1
192 905 1
280 905 1
464 905 1
530 905 1
600 905 1
773 905 1
795 905 1
809 905 1
906 905 1
910 905 1
911 905 1
912 905 1
915 905 1
905 906 1
913 906 2
914 906 1
5 907 1
154 907 2
159 907 1
154 908 1
1030 908 1
1031 908 1
42 909 1
99 909 2
154 909 1
164 909 1
355 909 1
181 910 1
513 910 1
530 910 1
905 910 1
911 910 1
181 911 1
530 911 1
905 911 1
910 911 1
1151 911 1
1267 911 1
1268 911 1
905 912 1
906 913 2
914 913 1
906 914 1
913 914 1
905 915 1
168 916 1
306 916 1
307 916 1
487 916 2
500 916 1
546 916 1
550 916 4
608 916 1
642 916 1
647 916 1
682 916 1
777 916 1
1523 916 1
1830 916 1
1837 916 1
387 917 1
1096 917 1
1564 917 1
708 918 2
736 918 1
919 918 1
1794 918 1
708 919 1
918 919 1
668 920 1
480 921 1
922 921 1
923 921 1
223 922 1
480 922 2
638 922 1
921 922 1
923 922 1
982 922 1
983 922 1
480 923 1
921 923 1
922 923 1
794 924 1
925 924 1
794 925 1
924 925 1
12 926 1
13 926 1
219 926 2
596 926 1
668 926 1
927 926 3
928 926 1
1218 926 1
1443 926 1
1491 926 1
1726 926 1
1815 926 1
12 927 1
13 927 1
219 927 1
668 927 1
926 927 3
928 927 1
1491 927 1
1815 927 1
12 928 1
13 928 1
158 928 2
219 928 1
395 928 1
668 928 2
785 928 1
926 928 1
927 928 1
970 928 1
67 929 1
305 929 1
930 929 1
67 930 1
233 930 1
296 930 1
305 930 1
929 930 1
981 930 1
1134 930 1
1135 930 1
1361 930 1
1498 930 1
1499 930 1
38 931 1
210 931 2
1018 931 1
1093 931 1
38 932 1
192 932 1
210 932 1
1328 932 1
1329 932 1
189 933 1
674 933 1
140 934 1
935 934 1
936 934 1
937 934 1
140 935 1
934 935 1
936 935 1
937 935 1
140 936 1
934 936 1
935 936 1
937 936 1
140 937 1
503 937 1
934 937 1
935 937 1
936 937 1
939 938 1
938 939 1
189 940 1
815 940 1
941 940 1
189 941 1
815 941 1
940 941 1
189 942 1
815 942 1
944 943 1
943 944 1
946 945 1
947 945 1
945 946 1
947 946 1
945 947 1
946 947 1
949 948 1
948 949 1
396 950 1
596 950 1
951 950 1
952 950 1
953 950 1
396 951 1
596 951 1
950 951 1
952 951 1
953 951 1
396 952 1
596 952 1
950 952 1
951 952 1
953 952 1
396 953 1
596 953 3
950 953 1
951 953 1
952 953 1
113 954 1
847 955 1
688 956 1
209 957 1
599 957 1
600 957 1
642 957 1
673 957 1
1000 957 1
1676 957 1
388 958 1
115 959 1
388 959 1
960 959 1
1067 959 1
1068 959 1
388 960 1
959 960 1
962 961 2
963 961 1
1117 961 1
961 962 2
1069 962 1
1615 962 1
961 963 1
200 964 1
836 964 1
1173 964 1
1174 964 1
139 965 1
200 965 1
200 966 1
12 967 1
13 967 1
178 967 1
200 967 1
211 967 1
514 967 2
589 967 1
590 967 1
708 967 1
784 967 1
968 967 3
1019 967 1
1592 967 1
1738 967 1
178 968 5
200 968 1
550 968 1
585 968 1
589 968 2
590 968 2
608 968 1
967 968 3
1231 968 1
1503 968 1
1582 968 1
1592 968 1
1748 968 1
1892 968 1
970 969 1
158 970 1
499 970 1
668 970 4
928 970 1
969 970 1
1100 970 1
1101 970 2
1102 970 1
881 971 1
972 971 1
881 972 1
971 972 1
974 973 1
975 973 1
976 973 1
973 974 1
975 974 1
976 974 1
973 975 1
974 975 1
976 975 1
973 976 1
974 976 1
975 976 1
537 977 1
612 977 1
836 977 1
421 978 1
776 978 1
979 978 1
260 979 1
295 979 1
408 979 1
421 979 1
776 979 1
978 979 1
194 980 1
431 980 1
981 980 1
11 981 1
82 981 1
194 981 1
262 981 1
305 981 1
413 981 1
421 981 3
431 981 1
472 981 1
566 981 1
637 981 1
770 981 2
930 981 1
980 981 1
1033 981 1
1202 981 1
1290 981 1
1337 981 1
1359 981 1
1445 981 3
1446 981 1
1447 981 1
1448 981 1
1498 981 1
1499 981 1
1533 981 1
1765 981 1
223 982 1
638 982 1
922 982 1
983 982 1
223 983 2
638 983 1
922 983 1
982 983 1
1831 983 1
1832 983 1
985 984 1
984 985 1
273 986 1
210 987 1
260 987 1
402 987 1
1626 987 1
46 988 1
176 988 1
809 988 1
1422 988 1
815 989 1
990 989 1
815 990 1
989 990 1
992 991 1
991 992 1
994 993 1
995 993 1
46 994 2
96 994 2
286 994 1
993 994 1
995 994 1
1239 994 1
993 995 1
994 995 1
60 996 1
312 996 1
228 997 2
366 997 1
445 997 1
473 997 1
475 997 2
521 997 1
625 997 3
640 997 2
826 997 1
1056 997 1
1144 997 1
1175 997 1
1176 997 1
1177 997 1
1178 997 1
1179 997 1
1788 997 1
1789 997 1
1790 997 1
60 998 1
192 998 1
999 998 1
60 999 1
192 999 1
998 999 1
599 1000 1
600 1000 1
640 1000 1
642 1000 1
673 1000 1
957 1000 1
60 1001 1
214 1001 1
218 1001 2
328 1001 1
1383 1001 1
60 1002 1
299 1003 2
318 1003 1
523 1003 1
711 1003 1
1787 1003 1
1833 1003 1
40 1004 2
233 1004 1
299 1004 1
404 1004 1
713 1004 1
714 1004 1
246 1005 1
1006 1005 1
246 1006 1
1005 1006 1
1008 1007 1
1652 1007 1
1007 1008 1
529 1009 1
131 1010 1
1012 1011 1
1013 1011 1
1014 1011 1
1011 1012 1
1013 1012 1
1014 1012 1
1011 1013 1
1012 1013 1
1014 1013 1
1011 1014 1
1012 1014 1
1013 1014 1
306 1015 1
772 1015 1
886 1015 1
1016 1015 1
232 1016 1
383 1016 1
421 1016 1
1015 1016 1
1056 1016 1
1232 1016 1
1233 1016 1
1234 1016 1
1235 1016 1
708 1017 1
807 1017 1
931 1018 1
158 1019 1
233 1019 1
261 1019 1
263 1019 1
514 1019 1
550 1019 1
572 1019 1
680 1019 1
772 1019 1
967 1019 1
1360 1019 2
1513 1019 1
1551 1019 1
1555 1019 1
1590 1019 1
623 1020 1
803 1020 1
513 1021 1
1023 1022 1
1022 1023 1
493 1024 1
1025 1024 1
1620 1024 1
282 1025 3
493 1025 1
1024 1025 1
1300 1025 1
671 1026 1
599 1027 1
717 1027 1
1337 1027 1
53 1028 1
90 1028 1
1029 1028 1
53 1029 1
90 1029 1
208 1029 1
414 1029 1
1028 1029 1
1350 1029 2
1565 1029 1
1731 1029 1
908 1030 1
1031 1030 1
908 1031 1
1030 1031 1
336 1032 1
1632 1032 1
1889 1032 1
1899 1032 1
142 1033 1
208 1033 1
421 1033 1
599 1033 1
981 1033 1
1099 1033 1
1284 1033 1
1285 1033 1
1288 1033 1
1348 1033 1
1490 1033 1
1533 1033 1
599 1034 1
59 1035 1
1036 1035 1
1037 1035 1
18 1036 1
134 1036 1
231 1036 1
678 1036 1
1035 1036 1
1037 1036 2
1075 1036 1
1076 1036 1
18 1037 1
134 1037 1
231 1037 1
678 1037 1
1035 1037 1
1036 1037 2
1075 1037 1
1076 1037 1
1106 1037 1
76 1038 1
54 1039 1
1040 1039 1
1041 1039 1
54 1040 1
1039 1040 1
1041 1040 1
54 1041 1
1039 1041 1
1040 1041 1
251 1042 1
1323 1042 1
120 1043 1
1044 1043 1
120 1044 1
1043 1044 1
1046 1045 1
1045 1046 1
1124 1046 1
1754 1046 1
410 1047 1
84 1048 1
134 1048 1
1049 1048 1
84 1049 2
134 1049 2
148 1049 1
1048 1049 1
1257 1049 1
1051 1050 1
105 1051 1
1050 1051 1
1520 1051 1
1601 1051 1
265 1052 1
113 1053 1
197 1053 1
306 1053 1
812 1053 1
1121 1053 1
1122 1053 1
1140 1053 1
1141 1053 1
22 1054 1
26 1054 1
90 1054 1
113 1054 2
116 1054 1
122 1054 1
573 1054 4
584 1054 1
673 1054 1
708 1054 1
806 1054 2
1346 1054 1
1442 1054 1
1727 1054 3
1862 1054 1
113 1055 1
228 1056 1
232 1056 1
239 1056 1
366 1056 1
421 1056 1
625 1056 2
626 1056 2
997 1056 1
1016 1056 1
1177 1056 1
1232 1056 1
1233 1056 1
1234 1056 1
1235 1056 1
1561 1056 1
1562 1056 1
1563 1056 1
1059 1057 1
469 1058 1
836 1058 1
1428 1058 1
1871 1058 1
127 1059 1
224 1059 1
367 1059 1
406 1059 1
699 1059 1
1057 1059 1
1380 1059 1
1381 1059 1
1428 1059 2
1429 1059 3
1860 1059 1
132 1060 1
505 1060 1
809 1060 1
839 1060 2
1062 1061 2
1063 1061 1
1372 1061 1
106 1062 3
330 1062 6
795 1062 2
1061 1062 2
1061 1063 1
1065 1064 1
1066 1064 1
1064 1065 1
1066 1065 1
1064 1066 1
1065 1066 1
959 1067 1
1436 1067 1
959 1068 1
962 1069 1
402 1070 1
550 1071 1
217 1072 1
1073 1072 1
1074 1072 2
217 1073 1
1072 1073 1
1074 1073 1
217 1074 1
699 1074 1
1072 1074 2
1073 1074 1
1293 1074 1
1698 1074 1
1821 1074 1
1891 1074 1
18 1075 1
134 1075 1
231 1075 1
678 1075 1
1036 1075 1
1037 1075 1
1076 1075 1
18 1076 1
134 1076 1
231 1076 1
678 1076 2
1036 1076 1
1037 1076 1
1075 1076 1
18 1077 2
678 1078 1
1079 1078 1
459 1079 1
678 1079 2
1078 1079 1
1081 1080 1
1080 1081 1
1157 1081 2
1083 1082 1
1084 1082 1
1082 1083 1
1084 1083 1
1082 1084 1
1083 1084 1
1086 1085 2
1087 1085 1
1088 1085 1
1085 1086 2
1087 1086 1
1088 1086 2
1095 1086 1
1085 1087 1
1086 1087 1
1088 1087 1
1085 1088 1
1086 1088 2
1087 1088 1
1095 1088 1
1090 1089 1
1089 1090 1
1585 1090 1
1764 1090 1
441 1091 1
1092 1091 1
441 1092 1
1091 1092 1
931 1093 1
672 1094 1
863 1094 1
1086 1095 1
1088 1095 1
917 1096 1
1097 1096 1
1096 1097 1
298 1098 1
437 1099 1
597 1099 1
760 1099 1
773 1099 2
815 1099 1
1033 1099 1
1218 1099 1
1330 1099 1
1490 1099 1
215 1100 1
499 1100 2
970 1100 1
1101 1100 1
1102 1100 1
396 1101 1
467 1101 1
499 1101 1
577 1101 1
668 1101 2
970 1101 2
1100 1101 1
1102 1101 1
1394 1101 1
1395 1101 1
1432 1101 1
403 1102 1
499 1102 2
970 1102 1
1100 1102 1
1101 1102 1
1551 1102 1
458 1103 1
1105 1104 1
1104 1105 1
394 1106 2
1037 1106 1
1107 1106 1
1106 1107 1
52 1108 1
512 1108 1
572 1108 1
1110 1109 1
1111 1109 2
1109 1110 1
1111 1110 1
1109 1111 2
1110 1111 1
1351 1111 4
1352 1111 1
1353 1111 1
1113 1112 1
1114 1112 1
1115 1112 1
1112 1113 1
1114 1113 1
1115 1113 1
1112 1114 1
1113 1114 1
1115 1114 1
1112 1115 1
1113 1115 1
1114 1115 1
502 1116 1
703 1116 1
1791 1116 1
961 1117 1
1119 1118 1
1120 1118 1
1151 1118 1
1657 1118 1
1658 1118 2
1118 1119 1
1120 1119 1
1546 1119 1
671 1120 1
1118 1120 1
1119 1120 1
1053 1121 1
1122 1121 1
197 1122 1
1053 1122 1
1121 1122 1
1218 1122 2
336 1123 1
441 1123 1
874 1123 1
441 1124 1
501 1124 1
1046 1124 1
1754 1124 1
1126 1125 2
459 1126 1
678 1126 1
1125 1126 2
1195 1126 1
1128 1127 1
1127 1128 1
199 1129 1
15 1130 1
46 1130 1
396 1130 1
514 1130 1
627 1130 1
1131 1130 1
1878 1130 1
1879 1130 1
15 1131 2
46 1131 1
52 1131 1
122 1131 1
208 1131 1
362 1131 1
364 1131 1
421 1131 1
509 1131 1
577 1131 6
773 1131 1
1130 1131 1
1141 1131 1
1318 1131 3
1468 1131 1
1489 1131 1
1701 1131 1
617 1132 1
185 1133 1
296 1134 1
930 1134 1
1135 1134 1
61 1135 1
92 1135 1
233 1135 1
296 1135 1
930 1135 1
1134 1135 1
1599 1135 1
1842 1135 1
566 1136 1
881 1136 1
1137 1136 1
1138 1136 1
1139 1136 1
566 1137 1
881 1137 1
1136 1137 1
1138 1137 1
1139 1137 1
1571 1137 1
1572 1137 1
305 1138 1
550 1138 1
566 1138 1
754 1138 1
765 1138 1
881 1138 1
1136 1138 1
1137 1138 1
1139 1138 1
1472 1138 1
1576 1138 1
566 1139 1
881 1139 1
1136 1139 1
1137 1139 1
1138 1139 1
1053 1140 1
1141 1140 1
1849 1140 1
1850 1140 1
62 1141 1
195 1141 1
404 1141 1
1053 1141 1
1131 1141 1
1140 1141 1
1316 1141 1
1318 1141 1
181 1142 3
380 1142 1
400 1142 1
530 1142 1
550 1142 2
639 1142 1
683 1142 1
708 1142 1
810 1142 3
1228 1142 1
1293 1142 1
1339 1142 2
1340 1142 2
1763 1142 1
1807 1142 1
1808 1142 1
1809 1142 1
400 1143 1
666 1143 1
328 1144 1
338 1144 1
419 1144 1
997 1144 1
1145 1144 1
1146 1144 1
1144 1145 1
1146 1145 1
119 1146 1
1144 1146 1
1145 1146 1
1294 1146 1
806 1147 1
1148 1147 1
1149 1147 1
1150 1147 1
806 1148 1
810 1148 1
1147 1148 1
1149 1148 1
1714 1148 1
430 1149 1
806 1149 3
1147 1149 1
1148 1149 1
1614 1149 1
1147 1150 1
380 1151 1
414 1151 1
549 1151 1
678 1151 3
770 1151 1
911 1151 1
1118 1151 1
1267 1151 1
1268 1151 1
1269 1151 1
1303 1151 1
1305 1151 1
1488 1151 1
1653 1151 1
1655 1151 1
1657 1151 1
1658 1151 1
414 1152 1
754 1152 1
525 1153 1
1155 1154 1
1156 1154 2
1154 1155 1
1156 1155 1
306 1156 1
403 1156 2
653 1156 1
1154 1156 2
1155 1156 1
1161 1156 1
1403 1156 1
1632 1156 2
1675 1156 1
1081 1157 2
294 1158 1
633 1159 1
1160 1159 1
633 1160 1
1159 1160 1
678 1161 1
1156 1161 1
1162 1161 1
678 1162 1
1161 1162 1
238 1163 1
573 1164 1
1165 1164 1
573 1165 1
666 1165 1
1164 1165 1
1167 1166 1
1166 1167 1
678 1168 2
1170 1169 1
577 1170 1
1169 1170 1
40 1171 3
380 1171 1
607 1171 2
683 1171 1
758 1171 2
770 1171 1
1221 1171 1
1333 1171 1
1376 1171 1
1535 1171 1
1674 1171 1
839 1172 1
964 1173 1
1174 1173 1
964 1174 1
1173 1174 1
997 1175 1
1176 1175 1
997 1176 1
1175 1176 1
546 1177 1
625 1177 2
626 1177 1
997 1177 1
1056 1177 1
1178 1177 1
1266 1177 1
1561 1177 1
1562 1177 1
1597 1177 1
1600 1177 1
625 1178 1
997 1178 1
1177 1178 1
997 1179 1
372 1180 1
642 1180 1
809 1180 1
1238 1180 1
1239 1180 1
277 1181 1
1182 1181 1
277 1182 1
1181 1182 1
52 1183 1
138 1183 1
565 1183 1
1185 1184 1
1186 1184 1
1187 1184 2
1184 1185 1
1184 1186 1
1184 1187 2
1189 1188 1
1188 1189 1
1315 1189 1
1191 1190 2
363 1191 1
1190 1191 2
1327 1191 1
1442 1191 1
432 1192 1
1194 1193 1
1685 1193 1
1193 1194 1
459 1195 1
678 1195 1
1126 1195 1
22 1196 1
719 1196 1
202 1197 1
495 1197 1
329 1198 1
493 1198 1
600 1198 1
1199 1198 1
1200 1198 1
1201 1198 1
1205 1198 1
1206 1198 1
247 1199 1
329 1199 1
565 1199 2
1198 1199 1
1218 1199 1
1226 1199 2
1265 1199 1
1266 1199 1
1661 1199 1
1198 1200 1
493 1201 1
1198 1201 1
220 1202 1
472 1202 2
637 1202 1
981 1202 1
1203 1202 1
1204 1202 1
1207 1202 1
220 1203 1
1202 1203 1
1204 1203 1
220 1204 1
1202 1204 1
1203 1204 1
1198 1205 1
1206 1205 1
1198 1206 1
1205 1206 1
472 1207 2
1202 1207 1
454 1208 1
592 1209 1
1210 1209 1
1211 1209 2
1212 1209 1
1216 1209 1
1217 1209 1
1219 1209 1
1699 1209 1
1209 1210 1
1211 1210 2
1261 1210 1
1209 1211 2
1210 1211 2
1217 1211 1
1261 1211 1
1634 1211 1
1209 1212 1
1214 1213 1
1215 1213 1
1213 1214 1
1215 1214 1
1213 1215 1
1214 1215 1
1209 1216 1
1209 1217 1
1211 1217 1
11 1218 1
197 1218 1
361 1218 1
390 1218 1
560 1218 1
561 1218 1
596 1218 1
926 1218 1
1099 1218 1
1122 1218 2
1199 1218 1
1222 1218 1
1223 1218 1
1226 1218 1
1726 1218 1
1209 1219 1
14 1220 1
509 1220 2
1221 1220 1
1839 1220 1
467 1221 1
509 1221 1
573 1221 1
708 1221 1
1171 1221 1
1220 1221 1
1674 1221 1
1218 1222 1
1223 1222 1
569 1223 1
1218 1223 1
1222 1223 1
1225 1224 1
1224 1225 1
1199 1226 2
1218 1226 1
51 1227 1
123 1228 1
281 1228 1
530 1228 2
1142 1228 1
1339 1228 1
1340 1228 1
1909 1228 1
52 1229 1
773 1230 1
83 1231 1
99 1231 1
134 1231 1
178 1231 1
197 1231 1
362 1231 1
968 1231 1
232 1232 1
421 1232 1
1016 1232 1
1056 1232 1
1233 1232 1
1234 1232 1
1235 1232 1
232 1233 1
421 1233 1
1016 1233 1
1056 1233 1
1232 1233 1
1234 1233 1
1235 1233 1
232 1234 1
421 1234 1
1016 1234 1
1056 1234 1
1232 1234 1
1233 1234 1
1235 1234 1
232 1235 1
421 1235 1
623 1235 1
1016 1235 1
1056 1235 1
1232 1235 1
1233 1235 1
1234 1235 1
1237 1236 1
1236 1237 1
1180 1238 1
1239 1238 1
35 1239 1
67 1239 1
96 1239 3
191 1239 1
198 1239 1
199 1239 2
225 1239 1
994 1239 1
1180 1239 1
1238 1239 1
1278 1239 1
1350 1239 1
1359 1239 1
1604 1239 1
1774 1239 1
1873 1239 1
1874 1239 1
1895 1239 1
1896 1239 1
1898 1239 1
11 1240 1
236 1240 1
288 1241 1
1242 1241 1
1243 1241 1
1244 1241 1
45 1242 1
46 1242 1
288 1242 3
1241 1242 1
1243 1242 1
1244 1242 1
1312 1242 1
1570 1242 1
288 1243 1
1241 1243 1
1242 1243 1
1244 1243 1
288 1244 1
1241 1244 1
1242 1244 1
1243 1244 1
777 1245 1
1246 1245 2
1249 1245 1
777 1246 1
1245 1246 2
1249 1246 2
1400 1246 1
419 1247 1
427 1247 2
1248 1247 1
1254 1247 1
1247 1248 1
1245 1249 1
1246 1249 2
1400 1249 1
1251 1250 1
1250 1251 1
1253 1252 1
1252 1253 1
419 1254 1
427 1254 1
1247 1254 1
470 1255 1
1256 1255 1
1258 1255 1
1454 1255 1
36 1256 1
470 1256 1
1255 1256 1
1389 1256 1
1541 1256 1
1630 1256 1
347 1257 1
1049 1257 1
329 1258 2
1255 1258 1
55 1259 1
306 1259 1
565 1259 2
772 1259 2
1260 1259 1
55 1260 1
306 1260 1
565 1260 1
772 1260 1
1259 1260 1
1210 1261 1
1211 1261 1
506 1262 1
1263 1262 1
468 1263 1
506 1263 1
1262 1263 1
40 1264 1
247 1265 1
565 1265 1
1199 1265 1
1266 1265 1
247 1266 1
565 1266 1
809 1266 1
1177 1266 1
1199 1266 1
1265 1266 1
1330 1266 1
1355 1266 1
911 1267 1
1151 1267 1
1268 1267 1
499 1268 1
889 1268 1
911 1268 1
1151 1268 1
1267 1268 1
678 1269 1
1151 1269 1
755 1270 1
1271 1270 1
755 1271 1
1270 1271 1
832 1272 1
419 1273 1
420 1273 1
1275 1274 1
1274 1275 1
56 1276 1
1277 1276 1
1279 1276 1
1280 1276 1
1276 1277 1
220 1278 1
225 1278 1
561 1278 1
590 1278 1
659 1278 1
1239 1278 1
1616 1278 1
1276 1279 1
1280 1279 1
1276 1280 1
1279 1280 1
179 1281 1
280 1281 3
327 1281 2
402 1281 3
683 1281 1
1306 1281 1
52 1282 1
542 1283 1
142 1284 1
1033 1284 1
1285 1284 1
142 1285 1
1033 1285 1
1284 1285 1
1287 1286 1
1286 1287 1
250 1288 1
453 1288 1
776 1288 1
1033 1288 1
1290 1289 1
82 1290 1
678 1290 2
773 1290 1
881 1290 1
981 1290 1
1289 1290 1
1295 1290 1
1296 1290 1
1682 1290 1
678 1291 1
550 1292 1
639 1292 2
1293 1292 1
1801 1292 1
550 1293 2
639 1293 1
809 1293 1
1074 1293 1
1142 1293 1
1292 1293 1
119 1294 1
1146 1294 1
678 1295 1
1290 1295 1
1317 1295 1
1290 1296 1
1298 1297 1
1299 1297 1
1297 1298 1
1299 1298 1
52 1299 1
1297 1299 1
1298 1299 1
1469 1299 1
1470 1299 1
31 1300 1
282 1300 1
1025 1300 1
1334 1300 1
492 1301 1
601 1301 1
678 1301 1
1302 1301 1
1401 1301 1
492 1302 1
601 1302 1
678 1302 1
1301 1302 1
678 1303 1
1151 1303 1
282 1304 2
678 1305 1
1151 1305 1
402 1306 1
678 1306 2
1281 1306 1
456 1307 2
1707 1307 1
1709 1307 1
174 1308 1
334 1309 1
364 1309 1
367 1309 1
232 1310 1
607 1311 1
770 1311 1
288 1312 1
1242 1312 1
1314 1313 1
1313 1314 1
1189 1315 1
1141 1316 1
1295 1317 1
27 1318 1
822 1318 1
1131 1318 3
1141 1318 1
1701 1318 1
46 1319 1
1320 1319 1
46 1320 1
1319 1320 1
1322 1321 1
1321 1322 1
1042 1323 1
220 1324 1
560 1324 1
600 1324 1
222 1325 1
560 1325 1
600 1325 1
91 1326 1
600 1326 1
809 1326 2
1327 1326 1
1425 1326 2
1642 1326 1
91 1327 1
93 1327 1
206 1327 1
363 1327 1
367 1327 1
561 1327 1
600 1327 1
699 1327 1
809 1327 2
1191 1327 1
1326 1327 1
1338 1327 1
1442 1327 1
1455 1327 1
1748 1327 1
192 1328 1
932 1328 1
932 1329 1
597 1330 1
600 1330 1
1099 1330 1
1266 1330 1
67 1331 1
1333 1332 1
1171 1333 1
1332 1333 1
51 1334 1
297 1334 1
1300 1334 1
1336 1334 1
38 1335 1
196 1335 1
534 1335 1
51 1336 3
270 1336 1
297 1336 2
1334 1336 1
981 1337 1
1027 1337 1
1445 1337 1
93 1338 2
560 1338 2
639 1338 1
1327 1338 1
1748 1338 2
530 1339 1
1142 1339 2
1228 1339 1
1340 1339 2
530 1340 1
1142 1340 2
1228 1340 1
1339 1340 2
746 1341 1
560 1342 1
773 1342 1
284 1343 1
419 1343 1
731 1344 1
152 1345 1
433 1345 1
573 1346 1
708 1346 1
1054 1346 1
405 1347 1
1033 1348 1
304 1349 1
249 1350 2
285 1350 1
309 1350 1
656 1350 1
1029 1350 2
1239 1350 1
586 1351 1
1111 1351 4
1352 1351 1
1353 1351 2
1111 1352 1
1351 1352 1
1111 1353 1
1351 1353 2
797 1354 1
345 1355 1
1266 1355 1
228 1356 1
1357 1356 1
228 1357 1
1356 1357 1
117 1358 1
228 1358 1
1423 1358 1
53 1359 1
198 1359 1
233 1359 1
361 1359 3
569 1359 2
817 1359 1
981 1359 1
1239 1359 1
1752 1359 1
1753 1359 1
1765 1359 1
1898 1359 1
233 1360 1
550 1360 1
647 1360 1
680 1360 1
1019 1360 2
1540 1360 1
233 1361 1
930 1361 1
120 1362 1
381 1363 1
649 1364 1
1365 1364 1
649 1365 1
1364 1365 1
1367 1366 1
1368 1366 1
1369 1366 1
1366 1367 1
1368 1367 1
1369 1367 1
1366 1368 1
1367 1368 1
1369 1368 1
1366 1369 1
1367 1369 1
1368 1369 1
1371 1370 1
1370 1371 1
1061 1372 1
163 1373 1
390 1373 1
503 1373 1
842 1373 1
1375 1374 1
1374 1375 1
1171 1376 1
1378 1377 1
1377 1378 1
1770 1379 1
1771 1379 1
1772 1379 1
1783 1379 1
1059 1380 1
1381 1380 1
1059 1381 1
1380 1381 1
478 1382 1
1001 1383 1
542 1384 1
791 1385 1
82 1386 1
519 1386 1
408 1387 1
127 1388 1
171 1388 1
257 1388 1
1700 1388 1
1870 1388 1
36 1389 1
1256 1389 1
291 1390 1
625 1391 1
191 1392 1
554 1393 1
1101 1394 1
1395 1394 1
1101 1395 1
1394 1395 1
1397 1396 1
1398 1396 1
1396 1397 1
1398 1397 1
1396 1398 1
1397 1398 1
232 1399 1
348 1399 1
312 1400 1
795 1400 1
1246 1400 1
1249 1400 1
1301 1401 1
221 1402 1
1403 1402 1
221 1403 1
403 1403 1
546 1403 1
1156 1403 1
1402 1403 1
1408 1403 1
1622 1403 1
673 1404 1
673 1405 1
842 1405 1
38 1406 1
673 1407 1
38 1408 1
468 1408 1
546 1408 1
754 1408 2
1403 1408 1
1621 1408 1
1622 1408 1
1410 1409 1
107 1410 2
533 1410 1
1409 1410 1
597 1411 1
442 1412 1
529 1412 1
1457 1412 1
1414 1413 1
1415 1413 1
1413 1414 1
1415 1414 1
1413 1415 1
1414 1415 1
465 1416 1
297 1417 1
120 1418 1
1419 1418 1
120 1419 1
1418 1419 1
543 1420 1
608 1420 2
779 1420 2
809 1420 1
842 1420 2
1421 1420 3
608 1421 1
809 1421 1
842 1421 2
1420 1421 3
809 1422 2
988 1422 1
1358 1423 1
59 1424 1
1326 1425 2
773 1426 1
1427 1426 1
773 1427 1
1426 1427 1
1058 1428 1
1059 1428 2
1429 1428 2
1871 1428 1
127 1429 1
1059 1429 3
1428 1429 2
315 1430 1
1431 1430 1
315 1431 1
1430 1431 1
1101 1432 1
411 1433 1
411 1434 2
218 1435 1
328 1435 1
1067 1436 1
450 1437 1
463 1437 1
1439 1438 1
1438 1439 1
1716 1439 1
1717 1439 1
1441 1440 1
1440 1441 1
363 1442 1
1054 1442 1
1191 1442 1
1327 1442 1
219 1443 1
596 1443 1
608 1443 1
647 1443 1
682 1443 1
926 1443 1
1444 1443 1
608 1444 1
1443 1444 1
11 1445 1
413 1445 1
421 1445 1
566 1445 1
981 1445 3
1337 1445 1
1446 1445 1
1447 1445 1
1448 1445 1
11 1446 1
421 1446 1
566 1446 1
981 1446 1
1445 1446 1
1447 1446 1
1448 1446 1
11 1447 1
421 1447 1
566 1447 1
981 1447 1
1445 1447 1
1446 1447 1
1448 1447 1
11 1448 1
421 1448 1
566 1448 1
981 1448 1
1445 1448 1
1446 1448 1
1447 1448 1
901 1449 1
1450 1449 1
1449 1450 1
128 1451 2
27 1452 1
426 1452 1
759 1452 1
286 1453 1
200 1454 1
1255 1454 1
1327 1455 1
357 1456 1
141 1457 1
264 1457 1
384 1457 1
1412 1457 1
396 1458 1
67 1459 1
1460 1459 1
67 1460 1
566 1460 1
880 1460 1
1459 1460 1
1467 1460 1
396 1461 1
530 1462 1
94 1463 1
623 1463 1
700 1463 1
1465 1464 1
62 1465 1
622 1465 1
1464 1465 1
39 1466 1
566 1466 1
566 1467 1
880 1467 1
1460 1467 1
52 1468 1
208 1468 1
421 1468 1
577 1468 1
1131 1468 1
52 1469 1
1299 1469 1
1470 1469 1
52 1470 1
1299 1470 1
1469 1470 1
52 1471 1
285 1471 1
1472 1471 1
52 1472 1
285 1472 1
305 1472 1
1138 1472 1
1471 1472 1
1576 1472 1
1773 1472 1
1774 1472 1
52 1473 1
549 1473 1
57 1474 2
1475 1474 1
57 1475 1
1474 1475 1
776 1476 1
220 1477 1
573 1477 1
1478 1477 1
1755 1477 1
1477 1478 1
553 1479 1
276 1480 1
211 1481 1
211 1482 1
32 1483 1
1485 1484 1
1484 1485 1
1487 1486 1
1486 1487 1
770 1488 1
1151 1488 1
364 1489 1
1131 1489 1
1033 1490 1
1099 1490 1
926 1491 1
927 1491 1
1493 1492 1
38 1493 1
51 1493 1
1492 1493 1
46 1494 1
426 1494 1
1495 1494 1
426 1495 1
1494 1495 1
537 1496 1
1497 1496 1
537 1497 1
545 1497 1
789 1497 1
1496 1497 1
1739 1497 1
1804 1497 1
424 1498 1
529 1498 1
930 1498 1
981 1498 1
1499 1498 1
1760 1498 1
1761 1498 1
930 1499 1
981 1499 1
1498 1499 1
421 1500 1
1501 1500 1
1502 1500 1
1500 1501 1
421 1502 3
515 1502 1
1500 1502 1
178 1503 2
968 1503 1
43 1504 1
379 1504 1
404 1504 1
1575 1504 1
1506 1505 2
1505 1506 2
292 1507 1
1509 1508 1
1508 1509 1
1511 1510 1
1512 1510 1
1513 1510 1
1510 1511 1
1512 1511 1
1513 1511 1
1550 1511 1
1510 1512 1
1511 1512 1
1513 1512 1
772 1513 1
1019 1513 1
1510 1513 1
1511 1513 1
1512 1513 1
38 1514 1
244 1515 1
67 1516 1
426 1516 1
299 1517 1
501 1517 1
753 1517 1
1585 1517 1
1519 1518 1
1518 1519 1
1051 1520 1
1522 1521 1
1521 1522 1
487 1523 1
916 1523 1
192 1524 1
376 1524 1
842 1525 1
1527 1525 1
731 1526 1
1525 1527 1
1529 1528 1
1530 1528 1
1528 1529 1
1530 1529 1
1528 1530 1
1529 1530 1
470 1531 1
477 1531 1
421 1532 1
981 1533 1
1033 1533 1
747 1534 1
40 1535 1
1171 1535 1
231 1536 1
351 1537 1
241 1538 1
399 1538 1
416 1538 2
1539 1538 1
399 1539 1
416 1539 1
1538 1539 1
647 1540 1
1360 1540 1
1256 1541 1
168 1542 2
637 1542 2
218 1543 1
1544 1543 1
218 1544 1
1543 1544 1
338 1545 1
1119 1546 1
218 1547 1
50 1548 1
1549 1548 1
1608 1548 1
1609 1548 1
50 1549 1
1548 1549 1
1511 1550 1
572 1551 1
1019 1551 1
1102 1551 1
1552 1551 1
1551 1552 1
1554 1553 1
1553 1554 1
263 1555 1
1019 1555 1
290 1556 1
371 1556 1
1558 1557 1
1557 1558 1
1560 1559 1
1559 1560 1
625 1561 1
626 1561 1
1056 1561 1
1177 1561 1
1562 1561 1
18 1562 1
625 1562 2
626 1562 1
826 1562 1
1056 1562 1
1177 1562 1
1561 1562 1
1669 1562 1
1670 1562 1
626 1563 1
1056 1563 1
917 1564 1
1029 1565 1
425 1566 1
445 1566 1
16 1567 1
235 1567 1
492 1568 1
639 1568 1
839 1568 1
236 1569 1
45 1570 1
46 1570 1
288 1570 1
1242 1570 1
1137 1571 1
1572 1571 1
1137 1572 1
1571 1572 1
253 1573 1
307 1573 1
176 1574 1
43 1575 1
1504 1575 1
305 1576 1
1138 1576 1
1472 1576 1
1844 1576 1
1845 1576 1
353 1577 1
601 1578 1
114 1579 1
1580 1579 1
114 1580 1
1579 1580 1
72 1581 1
229 1581 1
1606 1581 1
1607 1581 1
178 1582 1
608 1582 1
968 1582 1
210 1583 1
112 1584 1
299 1585 1
501 1585 1
1090 1585 1
1517 1585 1
1786 1585 1
1587 1586 1
1588 1586 1
1586 1587 1
1588 1587 1
1586 1588 1
1587 1588 1
901 1589 1
1019 1590 1
174 1591 1
967 1592 1
968 1592 1
1594 1593 1
1593 1594 1
1596 1595 1
1595 1596 1
546 1597 1
1177 1597 1
1599 1598 1
61 1599 1
92 1599 1
233 1599 1
1135 1599 1
1598 1599 1
1842 1599 1
1177 1600 1
1051 1601 1
689 1602 1
529 1603 1
901 1603 1
3 1604 1
35 1604 1
134 1604 1
515 1604 1
1239 1604 1
1605 1604 1
1873 1604 1
1874 1604 1
3 1605 1
134 1605 1
1604 1605 1
1581 1606 1
1607 1606 1
1581 1607 1
1606 1607 1
1548 1608 1
1609 1608 1
1548 1609 1
1608 1609 1
46 1610 1
181 1611 1
1613 1612 1
1612 1613 1
481 1614 3
773 1614 1
806 1614 1
1149 1614 1
962 1615 1
1278 1616 1
529 1617 1
1619 1618 1
1618 1619 1
1024 1620 1
754 1621 1
1408 1621 1
546 1622 1
1403 1622 1
1408 1622 1
1624 1623 2
1623 1624 2
753 1625 1
529 1626 1
987 1626 1
223 1627 1
252 1628 1
74 1629 1
515 1629 1
1256 1630 1
340 1631 1
336 1632 1
1032 1632 1
1156 1632 2
471 1633 1
287 1634 1
384 1634 1
1211 1634 1
538 1635 1
203 1636 1
292 1637 1
1844 1638 1
216 1639 1
1643 1640 1
754 1641 1
1326 1642 1
1640 1643 1
324 1644 1
325 1644 1
280 1645 1
639 1646 1
34 1647 1
60 1647 1
1649 1648 1
1648 1649 1
1651 1650 1
1650 1651 1
1007 1652 1
1151 1653 1
1654 1653 1
1655 1653 1
1653 1654 1
1151 1655 1
1653 1655 1
301 1656 1
529 1656 1
1118 1657 1
1151 1657 1
1658 1657 1
1118 1658 2
1151 1658 1
1657 1658 1
1660 1659 1
1659 1660 1
1199 1661 1
1663 1662 1
1662 1663 1
901 1664 1
1665 1664 1
901 1665 1
1664 1665 1
1667 1666 2
1668 1666 1
1666 1667 2
1666 1668 1
18 1669 1
625 1669 1
826 1669 1
1562 1669 1
1670 1669 1
18 1670 1
625 1670 1
826 1670 1
1562 1670 1
1669 1670 1
625 1671 1
1673 1672 1
1672 1673 1
1171 1674 1
1221 1674 1
1156 1675 1
957 1676 1
779 1677 1
1678 1677 1
779 1678 1
1677 1678 1
830 1679 1
447 1680 1
1681 1680 1
1680 1681 1
1290 1682 1
1684 1683 1
1683 1684 1
1193 1685 1
63 1686 1
728 1687 1
729 1687 1
881 1688 1
283 1689 1
143 1690 1
385 1690 1
842 1690 1
1719 1690 1
1692 1691 1
1691 1692 1
1694 1693 1
1695 1693 1
1693 1694 1
1695 1694 1
1693 1695 1
1694 1695 1
838 1696 1
103 1697 1
1074 1698 1
1209 1699 1
127 1700 1
1388 1700 1
1131 1701 1
1318 1701 1
211 1702 1
838 1703 1
1705 1704 1
1704 1705 1
242 1706 1
456 1707 1
1307 1707 1
1709 1707 1
430 1708 1
550 1708 1
715 1708 1
456 1709 1
1307 1709 1
1707 1709 1
181 1710 1
175 1711 1
690 1711 2
1751 1711 1
1713 1712 1
1712 1713 1
810 1714 1
1148 1714 1
439 1715 1
1734 1715 1
1439 1716 1
1717 1716 1
1439 1717 1
1716 1717 1
10 1718 1
77 1718 1
444 1718 1
143 1719 1
550 1719 1
842 1719 1
1690 1719 1
15 1720 1
369 1720 1
413 1720 1
256 1721 1
688 1721 1
1723 1722 1
1722 1723 1
337 1724 1
1725 1724 1
113 1725 2
337 1725 3
1724 1725 1
926 1726 1
1218 1726 1
116 1727 1
584 1727 1
1054 1727 3
1857 1727 2
1862 1727 1
178 1728 1
809 1728 1
896 1728 1
1729 1728 1
1794 1728 1
1816 1728 1
809 1729 1
1728 1729 1
65 1730 1
198 1730 1
222 1730 1
662 1730 3
815 1730 1
816 1730 1
1734 1730 1
1819 1730 1
1820 1730 1
1843 1730 1
1851 1730 1
1861 1730 1
1029 1731 1
621 1732 1
144 1733 1
1774 1733 1
1904 1733 1
178 1734 1
198 1734 1
428 1734 1
439 1734 1
535 1734 1
719 1734 1
1715 1734 1
1730 1734 1
1816 1734 1
1817 1734 1
1818 1734 1
1861 1734 2
89 1735 1
271 1735 1
1736 1735 1
89 1736 1
271 1736 1
1735 1736 1
584 1737 1
589 1737 1
896 1737 1
12 1738 1
13 1738 1
967 1738 1
545 1739 1
789 1739 1
1497 1739 1
1804 1739 1
496 1740 1
1741 1740 1
496 1741 2
1740 1741 1
537 1742 1
666 1742 1
699 1742 1
597 1743 1
1744 1743 1
1745 1743 1
1827 1743 1
1828 1743 1
1829 1743 1
378 1744 1
1743 1744 1
1745 1744 1
1781 1744 1
1743 1745 1
1744 1745 1
124 1746 1
431 1746 1
60 1747 1
133 1747 1
93 1748 2
430 1748 1
550 1748 1
590 1748 1
666 1748 1
968 1748 1
1327 1748 1
1338 1748 2
1855 1748 1
1856 1748 1
1857 1748 1
1750 1749 2
1749 1750 2
175 1751 1
690 1751 1
1711 1751 1
53 1752 1
1359 1752 1
1753 1752 1
53 1753 1
1359 1753 1
1752 1753 1
1046 1754 1
1124 1754 1
1477 1755 1
1757 1756 1
1758 1756 1
1756 1757 1
1758 1757 1
1756 1758 1
1757 1758 1
639 1759 2
784 1759 1
1498 1760 1
1761 1760 1
1498 1761 1
1760 1761 1
395 1762 1
708 1763 1
810 1763 1
1142 1763 1
1090 1764 1
981 1765 1
1359 1765 1
1767 1766 1
1768 1766 1
1766 1767 1
1768 1767 1
1766 1768 1
1767 1768 1
738 1769 1
1379 1770 1
1771 1770 1
1772 1770 1
1379 1771 1
1770 1771 1
1772 1771 1
1379 1772 1
1770 1772 1
1771 1772 1
1472 1773 1
1774 1773 1
1239 1774 1
1472 1774 1
1733 1774 1
1773 1774 1
1904 1774 1
472 1775 2
803 1775 1
612 1776 1
836 1776 1
1777 1776 1
1778 1776 1
1779 1776 1
612 1777 1
836 1777 1
1776 1777 1
1778 1777 1
1779 1777 1
612 1778 1
836 1778 1
1776 1778 1
1777 1778 1
1779 1778 1
612 1779 1
836 1779 1
1776 1779 1
1777 1779 1
1778 1779 1
565 1780 1
625 1780 1
378 1781 1
1744 1781 1
488 1782 1
560 1782 1
1379 1783 1
395 1784 1
586 1785 1
1585 1786 1
523 1787 1
1003 1787 1
521 1788 1
997 1788 1
1789 1788 1
1790 1788 1
521 1789 1
997 1789 1
1788 1789 1
1790 1789 1
521 1790 1
997 1790 1
1788 1790 1
1789 1790 1
502 1791 1
1116 1791 1
437 1792 1
889 1792 1
1793 1792 1
437 1793 1
889 1793 1
1792 1793 1
178 1794 1
550 1794 1
896 1794 1
918 1794 1
1728 1794 1
1816 1794 1
14 1795 1
431 1795 1
566 1795 1
758 1796 1
128 1797 1
195 1797 1
622 1797 1
637 1797 1
803 1797 1
1799 1798 1
15 1799 1
1798 1799 1
26 1800 1
406 1801 1
550 1801 2
573 1801 1
1292 1801 1
1872 1801 1
437 1802 1
806 1802 1
1803 1802 1
149 1803 1
437 1803 1
806 1803 2
1802 1803 1
545 1804 1
789 1804 1
1497 1804 1
1739 1804 1
539 1805 1
659 1805 1
64 1806 1
65 1806 2
220 1806 1
386 1806 1
784 1806 1
1817 1806 1
1142 1807 1
1808 1807 1
1809 1807 1
1142 1808 1
1807 1808 1
1809 1808 1
1142 1809 1
1807 1809 1
1808 1809 1
589 1810 3
896 1810 1
335 1811 1
336 1811 1
46 1812 2
663 1813 2
666 1813 2
1863 1813 1
1864 1813 1
1865 1813 1
625 1814 1
926 1815 1
927 1815 1
178 1816 2
535 1816 1
719 1816 1
896 1816 1
1728 1816 1
1734 1816 1
1794 1816 1
1817 1816 1
1818 1816 1
64 1817 1
65 1817 1
178 1817 1
386 1817 1
535 1817 1
719 1817 1
1734 1817 1
1806 1817 1
1816 1817 1
1818 1817 1
178 1818 1
535 1818 1
719 1818 1
1734 1818 1
1816 1818 1
1817 1818 1
222 1819 2
1730 1819 1
1820 1819 2
1851 1819 1
1893 1819 1
222 1820 1
1730 1820 1
1819 1820 2
1851 1820 1
1074 1821 1
430 1822 1
514 1823 1
1824 1823 1
514 1824 1
1823 1824 1
62 1825 1
657 1826 1
597 1827 1
1743 1827 1
1828 1827 1
1829 1827 1
597 1828 1
1743 1828 1
1827 1828 1
1829 1828 1
597 1829 1
1743 1829 1
1827 1829 1
1828 1829 1
487 1830 1
714 1830 1
916 1830 1
1846 1830 1
1847 1830 2
223 1831 1
983 1831 1
1832 1831 1
223 1832 1
983 1832 1
1831 1832 1
299 1833 1
711 1833 1
1003 1833 1
1835 1834 1
1834 1835 1
451 1836 2
682 1837 1
916 1837 1
639 1838 1
1220 1839 1
318 1840 1
712 1840 1
1841 1840 1
87 1841 1
145 1841 1
1840 1841 1
1888 1841 1
61 1842 1
92 1842 1
233 1842 1
1135 1842 1
1599 1842 1
662 1843 1
1730 1843 1
1576 1844 1
1638 1844 1
1845 1844 1
1576 1845 1
1844 1845 1
714 1846 1
1830 1846 1
1847 1846 1
714 1847 1
1830 1847 2
1846 1847 1
626 1848 1
1140 1849 1
1850 1849 1
1140 1850 1
1849 1850 1
222 1851 1
1730 1851 1
1819 1851 1
1820 1851 1
224 1852 1
400 1853 1
137 1854 1
430 1855 1
666 1855 1
1748 1855 1
1856 1855 1
1857 1855 1
430 1856 1
666 1856 1
1748 1856 1
1855 1856 1
1857 1856 1
430 1857 1
666 1857 1
1727 1857 2
1748 1857 1
1855 1857 1
1856 1857 1
46 1858 1
1859 1858 1
46 1859 1
1858 1859 1
1059 1860 1
198 1861 1
1730 1861 1
1734 1861 2
1054 1862 1
1727 1862 1
663 1863 1
1813 1863 1
1864 1863 1
1865 1863 1
663 1864 1
1813 1864 1
1863 1864 1
1865 1864 1
663 1865 1
1813 1865 1
1863 1865 1
1864 1865 1
1867 1866 1
1866 1867 1
339 1868 1
490 1869 1
1388 1870 1
1058 1871 1
1428 1871 1
406 1872 1
573 1872 1
1801 1872 1
1908 1872 1
35 1873 1
1239 1873 1
1604 1873 1
1874 1873 1
35 1874 1
1239 1874 1
1604 1874 1
1873 1874 1
486 1875 1
190 1876 1
332 1876 1
531 1877 1
514 1878 1
627 1878 1
1130 1878 1
1879 1878 1
514 1879 1
627 1879 1
1130 1879 1
1878 1879 1
483 1880 1
484 1880 1
485 1880 1
510 1880 1
1881 1880 1
483 1881 1
484 1881 1
485 1881 1
510 1881 1
1880 1881 1
1883 1882 1
1882 1883 1
26 1884 1
335 1884 1
378 1884 1
1886 1885 1
1887 1885 1
1885 1886 1
1887 1886 1
1885 1887 1
1886 1887 1
87 1888 1
145 1888 1
1841 1888 1
256 1889 1
1032 1889 1
1890 1889 1
1899 1889 1
256 1890 1
1889 1890 1
1074 1891 1
968 1892 1
222 1893 1
1819 1893 1
198 1894 1
96 1895 1
1239 1895 1
1896 1895 1
96 1896 1
1239 1896 1
1895 1896 1
306 1897 1
501 1897 1
721 1897 1
198 1898 1
1239 1898 1
1359 1898 1
1032 1899 1
1889 1899 1
318 1900 1
1901 1900 1
318 1901 1
1900 1901 1
569 1902 1
1903 1902 1
569 1903 1
1902 1903 1
1733 1904 1
1774 1904 1
1906 1905 1
1905 1906 1
825 1907 1
1872 1908 1
123 1909 1
281 1909 1
530 1909 1
1228 1909 1
