14 1 1
16 2 1
31 2 1
36 2 1
47 3 1
67 3 1
68 3 1
7 4 1
10 5 1
24 5 1
63 5 1
28 6 1
55 6 1
56 6 1
57 6 1
58 6 1
59 6 1
60 6 1
4 7 1
22 7 3
46 7 1
88 7 1
29 8 2
72 8 1
73 8 1
18 9 1
5 10 1
24 10 1
63 10 1
42 11 1
44 11 1
54 11 1
13 12 1
32 12 1
53 12 1
12 13 1
32 13 1
53 13 1
1 14 1
19 15 1
38 15 1
79 15 1
80 15 1
2 16 1
31 16 1
36 16 1
27 17 1
29 17 1
34 17 1
71 17 1
9 18 1
15 19 1
38 19 1
79 19 1
80 19 1
28 20 1
76 21 1
77 21 1
78 21 1
7 22 3
46 22 1
88 22 1
25 23 1
39 23 1
45 23 1
51 23 1
52 23 1
5 24 1
10 24 1
63 24 1
23 25 1
39 25 1
45 25 1
51 25 1
52 25 1
87 26 1
17 27 1
29 27 1
6 28 1
20 28 1
55 28 1
56 28 1
57 28 1
58 28 1
59 28 1
60 28 1
8 29 2
17 29 1
27 29 1
34 29 1
35 29 1
40 29 1
49 29 1
72 29 1
73 29 1
33 30 1
48 30 1
62 30 1
2 31 1
16 31 1
36 31 1
12 32 1
13 32 1
53 32 1
30 33 1
48 33 1
62 33 1
17 34 1
29 34 1
40 34 1
49 34 1
71 34 1
29 35 1
2 36 1
16 36 1
31 36 1
41 37 1
43 37 1
50 37 1
74 37 1
15 38 1
19 38 1
79 38 1
80 38 1
23 39 1
25 39 1
45 39 1
51 39 1
52 39 1
29 40 1
34 40 1
49 40 1
86 40 1
37 41 1
43 41 1
50 41 1
74 41 1
11 42 1
44 42 1
54 42 1
75 42 1
37 43 1
41 43 1
50 43 1
74 43 1
11 44 1
42 44 1
54 44 1
23 45 1
25 45 1
39 45 1
51 45 1
52 45 1
7 46 1
22 46 1
3 47 1
67 47 1
68 47 1
30 48 1
33 48 1
62 48 1
29 49 1
34 49 1
40 49 1
37 50 1
41 50 1
43 50 1
74 50 1
23 51 1
25 51 1
39 51 1
45 51 1
52 51 1
23 52 1
25 52 1
39 52 1
45 52 1
51 52 1
12 53 1
13 53 1
32 53 1
11 54 1
42 54 1
44 54 1
6 55 1
28 55 1
56 55 1
57 55 1
58 55 1
59 55 1
60 55 1
6 56 1
28 56 1
55 56 1
57 56 1
58 56 1
59 56 1
60 56 1
6 57 1
28 57 1
55 57 1
56 57 1
58 57 1
59 57 1
60 57 1
6 58 1
28 58 1
55 58 1
56 58 1
57 58 1
59 58 1
60 58 1
6 59 1
28 59 1
55 59 1
56 59 1
57 59 1
58 59 1
60 59 1
61 59 1
6 60 1
28 60 1
55 60 1
56 60 1
57 60 1
58 60 1
59 60 1
59 61 1
30 62 1
33 62 1
48 62 1
5 63 1
10 63 1
24 63 1
65 64 1
66 64 1
64 65 1
66 65 1
64 66 1
65 66 1
3 67 1
47 67 1
68 67 1
3 68 1
47 68 1
67 68 1
70 69 1
69 70 1
17 71 1
34 71 1
8 72 1
29 72 1
8 73 1
29 73 1
37 74 1
41 74 1
43 74 1
50 74 1
42 75 1
21 76 1
77 76 1
78 76 1
21 77 1
76 77 1
78 77 1
21 78 1
76 78 1
77 78 1
15 79 1
19 79 1
38 79 1
80 79 1
15 80 1
19 80 1
38 80 1
79 80 1
82 81 1
83 81 1
81 82 1
83 82 1
81 83 1
82 83 1
85 84 1
84 85 1
40 86 1
26 87 1
7 88 1
22 88 1
