35 1 1
87 2 1
154 2 1
325 2 1
74 3 1
75 3 2
372 3 1
454 3 1
455 3 1
45 4 1
380 4 1
195 5 1
162 6 1
170 6 1
175 6 1
202 6 1
205 6 1
224 6 1
243 6 2
433 6 1
434 6 1
41 7 1
162 7 1
298 7 1
299 7 1
445 7 1
446 7 1
447 7 1
104 8 1
540 8 1
142 9 1
583 9 1
11 10 1
12 10 1
645 10 1
646 10 1
10 11 1
12 11 1
54 11 1
157 11 1
413 11 1
414 11 1
415 11 1
566 11 1
567 11 1
568 11 1
645 11 1
646 11 1
10 12 1
11 12 1
645 12 1
646 12 1
42 13 1
174 13 1
231 13 2
238 13 1
290 13 1
480 13 1
497 13 1
417 14 1
165 15 1
232 15 1
152 16 1
56 17 1
72 17 1
77 18 1
241 18 2
271 18 1
564 18 1
580 18 1
20 19 1
113 19 1
272 19 1
327 19 2
328 19 4
423 19 1
492 19 1
19 20 1
492 20 1
131 21 1
281 21 1
308 21 1
23 22 1
22 23 1
49 24 1
188 24 1
261 24 1
375 24 1
376 24 1
377 24 1
450 25 1
604 25 1
27 26 1
32 26 1
26 27 1
32 27 1
394 27 1
406 27 1
137 28 1
207 28 1
222 29 1
58 30 1
144 30 1
286 30 1
624 30 1
86 31 1
125 31 1
250 31 1
622 31 1
26 32 1
27 32 1
65 33 1
111 33 1
621 33 1
530 34 1
1 35 1
70 36 1
402 36 1
403 36 1
172 37 3
354 37 2
357 37 1
551 37 1
187 38 1
157 39 1
221 40 1
619 40 1
7 41 1
162 41 2
298 41 1
299 41 1
445 41 1
446 41 1
447 41 1
618 41 1
13 42 1
174 42 1
231 42 1
127 43 1
284 43 1
352 44 1
4 45 1
380 45 1
47 46 1
647 46 1
46 47 1
647 47 1
255 48 1
263 48 1
634 48 1
24 49 1
188 49 1
261 49 1
375 49 1
376 49 1
377 49 1
80 50 1
104 50 1
304 50 1
309 50 1
349 50 1
562 50 1
288 51 1
538 51 1
110 52 1
115 52 1
60 53 1
317 53 1
318 53 1
585 53 1
586 53 1
11 54 1
157 54 1
566 54 1
567 54 1
568 54 1
331 55 1
17 56 1
72 56 1
171 57 1
30 58 1
144 58 1
286 58 1
624 58 1
168 59 2
208 59 1
53 60 1
105 61 1
335 61 1
368 61 1
314 62 1
418 63 1
419 63 1
287 64 1
33 65 1
111 65 1
621 65 1
270 66 1
257 67 1
258 67 1
630 67 1
138 68 1
153 68 1
73 69 1
88 69 1
275 69 1
300 69 1
301 69 1
366 69 1
602 69 1
36 70 1
402 70 1
403 70 1
142 71 1
165 71 2
186 71 2
209 71 1
294 71 2
297 71 1
450 71 1
554 71 1
17 72 1
56 72 1
132 72 1
557 72 1
558 72 1
559 72 1
69 73 1
88 73 1
275 73 1
301 73 1
3 74 1
75 74 2
372 74 1
453 74 1
3 75 2
74 75 2
372 75 1
453 75 1
454 75 2
455 75 2
570 75 1
571 75 1
161 76 1
449 76 1
18 77 1
241 77 1
374 77 1
564 77 1
156 78 1
260 78 1
264 78 1
625 78 1
626 78 1
627 78 1
628 78 1
629 78 1
160 79 1
326 79 1
50 80 1
289 80 1
304 80 1
309 80 1
348 80 1
349 80 3
360 80 1
599 80 1
569 81 1
164 82 1
166 82 1
254 82 1
608 82 1
116 83 2
223 83 1
337 84 1
107 85 1
112 85 1
249 85 2
442 85 1
443 85 1
444 85 1
31 86 1
125 86 1
250 86 1
622 86 1
2 87 1
154 87 1
325 87 1
69 88 1
73 88 1
275 88 1
301 88 1
552 89 1
545 90 1
339 91 1
609 91 1
612 92 1
613 92 1
244 93 1
332 93 1
95 94 1
369 94 1
94 95 1
369 95 1
240 96 1
248 96 1
456 96 1
98 97 1
256 97 1
97 98 1
256 98 1
262 98 1
100 99 1
99 100 1
282 101 1
285 101 1
320 101 2
321 101 1
378 102 3
379 102 1
104 103 1
311 103 1
325 103 1
411 103 3
412 103 1
512 103 2
617 103 1
8 104 1
50 104 1
103 104 1
147 104 1
325 104 1
540 104 1
561 104 1
562 104 2
61 105 1
335 105 1
368 105 1
384 106 1
536 106 1
537 106 1
85 107 1
112 107 1
249 107 1
442 107 1
443 107 1
444 107 1
109 108 1
108 109 1
52 110 1
115 110 1
134 110 2
334 110 1
33 111 1
65 111 1
621 111 1
85 112 1
107 112 1
249 112 1
442 112 1
443 112 1
444 112 1
19 113 1
327 113 1
328 113 1
423 113 1
322 114 1
52 115 1
110 115 1
83 116 2
146 117 1
509 118 1
488 119 1
489 119 2
528 120 1
529 120 1
124 121 1
209 121 1
216 121 1
123 122 3
122 123 3
246 123 2
511 123 1
578 123 2
121 124 1
209 124 1
216 124 1
31 125 1
86 125 1
250 125 1
622 125 1
479 126 1
43 127 1
284 127 1
204 128 1
221 129 1
556 129 1
467 130 1
21 131 1
281 131 1
308 131 1
72 132 1
221 132 1
557 132 1
558 132 1
559 132 1
307 133 1
364 133 1
110 134 2
163 135 1
185 135 1
451 135 1
452 135 1
174 136 2
183 136 1
219 136 2
220 136 1
221 136 1
28 137 1
207 137 1
68 138 1
153 138 1
252 139 1
346 140 1
351 141 1
572 141 1
9 142 1
71 142 1
209 142 1
554 142 1
583 142 1
513 143 1
514 143 1
30 144 1
58 144 1
286 144 1
624 144 1
280 145 1
302 145 1
117 146 1
104 147 1
251 148 1
304 148 1
309 148 1
310 148 1
344 148 1
150 149 1
151 149 1
199 149 1
563 149 1
149 150 1
151 150 1
199 150 1
563 150 1
149 151 1
150 151 1
199 151 1
563 151 1
16 152 1
547 152 1
68 153 1
138 153 1
158 153 2
2 154 1
87 154 1
325 154 1
269 155 1
78 156 1
260 156 1
264 156 1
625 156 1
626 156 1
627 156 1
628 156 1
629 156 1
11 157 1
39 157 1
54 157 1
167 157 1
172 157 1
204 157 1
210 157 1
235 157 1
468 157 1
495 157 1
566 157 1
567 157 1
568 157 1
590 157 1
153 158 2
316 159 1
79 160 1
326 160 1
76 161 1
449 161 1
6 162 1
7 162 1
41 162 2
205 162 1
224 162 1
243 162 1
298 162 1
299 162 1
445 162 1
446 162 1
447 162 1
500 162 1
618 162 1
135 163 1
185 163 1
451 163 1
452 163 1
82 164 1
166 164 1
254 164 1
292 164 1
293 164 1
608 164 1
15 165 1
71 165 2
232 165 2
294 165 2
524 165 1
525 165 1
526 165 1
550 165 1
82 166 1
164 166 1
254 166 1
608 166 1
157 167 1
176 167 1
495 167 1
59 168 2
208 168 1
329 169 1
422 169 1
6 170 1
175 170 1
202 170 1
243 170 1
433 170 1
434 170 1
57 171 1
37 172 3
157 172 1
204 172 1
256 172 1
276 172 4
315 172 1
354 172 4
356 172 1
357 172 2
358 172 2
425 172 1
468 172 1
478 172 1
493 172 1
494 172 1
496 172 1
519 172 1
551 172 2
579 172 1
592 172 1
637 172 1
189 173 2
190 173 1
191 173 1
259 173 1
328 173 1
587 173 1
13 174 1
42 174 1
136 174 2
183 174 1
219 174 2
220 174 1
221 174 1
231 174 1
6 175 1
170 175 1
202 175 1
243 175 1
433 175 1
434 175 1
167 176 1
574 177 1
594 177 1
595 177 1
213 178 1
214 178 1
546 179 1
192 180 1
225 180 1
643 180 1
636 181 1
197 182 1
226 182 1
136 183 1
174 183 1
219 183 1
220 183 1
221 183 1
467 184 1
574 184 1
575 184 1
576 184 1
577 184 1
135 185 1
163 185 1
451 185 1
452 185 1
71 186 2
450 186 1
38 187 1
24 188 1
49 188 1
261 188 1
375 188 1
376 188 1
377 188 1
173 189 2
190 189 1
191 189 1
259 189 1
173 190 1
189 190 1
191 190 1
173 191 1
189 191 1
190 191 1
180 192 1
225 192 1
643 192 1
633 193 1
527 194 1
5 195 1
416 196 1
182 197 1
226 197 1
200 198 1
215 198 2
648 198 1
649 198 1
149 199 1
150 199 1
151 199 1
563 199 1
198 200 1
215 200 1
215 201 1
6 202 1
170 202 1
175 202 1
243 202 1
433 202 1
434 202 1
253 203 1
298 203 1
541 203 1
542 203 1
128 204 1
157 204 1
172 204 1
468 204 1
6 205 1
162 205 1
224 205 1
243 205 1
533 206 1
534 206 1
535 206 1
28 207 1
137 207 1
59 208 1
168 208 1
71 209 1
121 209 1
124 209 1
142 209 1
216 209 1
554 209 1
639 209 1
157 210 1
235 210 1
590 210 1
296 211 1
456 211 1
457 211 1
458 211 1
588 212 1
589 212 1
178 213 1
214 213 1
178 214 1
213 214 1
198 215 2
200 215 1
201 215 1
648 215 1
649 215 1
121 216 1
124 216 1
209 216 1
603 217 1
605 217 1
461 218 1
136 219 2
174 219 2
183 219 1
220 219 1
221 219 1
136 220 1
174 220 1
183 220 1
219 220 1
221 220 1
40 221 1
129 221 1
132 221 1
136 221 1
174 221 1
183 221 1
219 221 1
220 221 1
556 221 1
619 221 1
29 222 1
265 222 1
266 222 1
267 222 1
486 222 1
83 223 1
6 224 1
162 224 1
205 224 1
243 224 1
180 225 1
192 225 1
643 225 1
182 226 1
197 226 1
247 227 1
268 227 1
596 227 1
597 227 1
598 227 1
229 228 1
230 228 1
228 229 1
230 229 1
228 230 1
229 230 1
303 230 2
448 230 1
13 231 2
42 231 1
174 231 1
238 231 1
497 231 1
15 232 1
165 232 2
524 232 1
525 232 1
526 232 1
367 233 1
616 233 1
325 234 1
388 234 1
510 234 1
157 235 1
210 235 1
590 235 1
600 236 1
601 236 1
295 237 1
463 237 1
611 237 1
13 238 1
231 238 1
497 238 1
276 239 1
620 239 1
96 240 1
248 240 1
456 240 1
18 241 2
77 241 1
271 241 1
564 241 1
580 241 1
400 242 1
474 242 1
6 243 2
162 243 1
170 243 1
175 243 1
202 243 1
205 243 1
224 243 1
433 243 1
434 243 1
93 244 1
332 244 1
373 245 1
410 245 3
420 245 1
421 245 1
472 245 2
123 246 2
345 246 1
353 246 1
578 246 1
591 246 1
227 247 1
268 247 1
596 247 1
597 247 1
598 247 1
96 248 1
240 248 1
456 248 1
85 249 2
107 249 1
112 249 1
442 249 1
443 249 1
444 249 1
31 250 1
86 250 1
125 250 1
622 250 1
148 251 1
304 251 1
309 251 1
310 251 1
344 251 1
139 252 1
203 253 1
298 253 1
541 253 1
542 253 1
82 254 1
164 254 1
166 254 1
608 254 1
48 255 1
263 255 1
634 255 1
97 256 1
98 256 1
172 256 1
356 256 1
357 256 1
358 256 1
551 256 1
67 257 1
258 257 1
630 257 1
67 258 1
257 258 1
630 258 1
173 259 1
189 259 1
78 260 1
156 260 1
264 260 1
625 260 1
626 260 1
627 260 1
628 260 1
629 260 1
24 261 1
49 261 1
188 261 1
375 261 1
376 261 1
377 261 1
98 262 1
593 262 1
48 263 1
255 263 1
634 263 1
78 264 1
156 264 1
260 264 1
625 264 1
626 264 1
627 264 1
628 264 1
629 264 1
222 265 1
266 265 1
267 265 1
486 265 1
222 266 1
265 266 1
267 266 1
486 266 1
222 267 1
265 267 1
266 267 1
486 267 1
227 268 1
247 268 1
596 268 1
597 268 1
598 268 1
155 269 1
66 270 1
283 270 1
407 270 1
408 270 1
409 270 1
487 270 1
548 270 1
555 270 1
581 270 1
582 270 1
18 271 1
241 271 1
580 271 1
19 272 1
328 272 2
435 272 1
490 273 1
440 274 1
441 274 2
69 275 1
73 275 1
88 275 1
301 275 1
172 276 4
239 276 1
361 276 1
494 276 1
496 276 1
620 276 1
644 276 1
279 277 1
475 277 2
476 277 1
477 277 1
481 277 2
565 277 1
481 278 1
549 278 1
277 279 1
565 279 1
145 280 1
302 280 1
21 281 1
131 281 1
308 281 1
101 282 1
320 282 1
321 282 1
270 283 1
407 283 1
408 283 1
409 283 1
43 284 1
127 284 1
101 285 1
30 286 1
58 286 1
144 286 1
624 286 1
64 287 1
51 288 1
538 288 1
80 289 1
349 289 1
13 290 1
480 290 1
459 291 2
460 291 1
164 292 1
293 292 1
164 293 1
292 293 1
71 294 2
165 294 2
237 295 1
611 295 1
211 296 1
456 296 2
457 296 2
458 296 2
484 296 1
485 296 1
71 297 1
7 298 1
41 298 1
162 298 1
203 298 1
253 298 1
299 298 1
445 298 1
446 298 1
447 298 1
541 298 1
542 298 1
7 299 1
41 299 1
162 299 1
298 299 1
445 299 1
446 299 1
447 299 1
69 300 1
366 300 1
602 300 1
69 301 1
73 301 1
88 301 1
275 301 1
145 302 1
280 302 1
230 303 2
338 303 3
448 303 1
503 303 1
50 304 1
80 304 1
148 304 1
251 304 1
309 304 2
310 304 1
344 304 1
349 304 1
323 305 1
333 305 1
553 305 1
560 305 1
307 306 1
319 306 1
347 306 1
359 306 1
365 306 1
426 306 1
427 306 1
428 306 1
429 306 1
430 306 1
431 306 1
432 306 1
133 307 1
306 307 1
319 307 1
347 307 1
359 307 1
364 307 1
365 307 2
426 307 2
427 307 1
428 307 1
429 307 1
430 307 1
431 307 1
432 307 2
539 307 1
21 308 1
131 308 1
281 308 1
50 309 1
80 309 1
148 309 1
251 309 1
304 309 2
310 309 1
344 309 1
349 309 1
148 310 1
251 310 1
304 310 1
309 310 1
344 310 1
103 311 1
411 311 1
412 311 1
610 312 1
635 313 1
62 314 1
172 315 1
425 315 1
159 316 1
53 317 1
462 317 1
53 318 1
585 318 1
586 318 1
306 319 1
307 319 1
347 319 1
359 319 1
365 319 2
379 319 1
426 319 2
427 319 1
428 319 1
429 319 1
430 319 1
431 319 2
432 319 1
101 320 2
282 320 1
321 320 1
101 321 1
282 321 1
320 321 1
114 322 1
305 323 1
363 324 1
2 325 1
87 325 1
103 325 1
104 325 1
154 325 1
234 325 1
388 325 1
498 325 1
499 325 1
501 325 1
502 325 1
510 325 1
584 325 1
79 326 1
160 326 1
19 327 2
113 327 1
328 327 3
423 327 1
19 328 4
113 328 1
173 328 1
272 328 2
327 328 3
423 328 1
435 328 1
169 329 1
422 329 1
491 330 1
55 331 1
93 332 1
244 332 1
305 333 1
110 334 1
61 335 1
105 335 1
368 335 1
340 336 1
341 336 1
84 337 1
303 338 3
91 339 1
609 339 1
336 340 1
341 340 1
336 341 1
340 341 1
573 342 1
355 343 1
614 343 1
615 343 1
148 344 1
251 344 1
304 344 1
309 344 1
310 344 1
246 345 1
353 345 1
591 345 1
140 346 1
306 347 1
307 347 1
319 347 1
359 347 1
365 347 1
426 347 1
427 347 1
428 347 1
429 347 1
430 347 1
431 347 1
432 347 1
80 348 1
50 349 1
80 349 3
289 349 1
304 349 1
309 349 1
397 350 1
398 350 1
399 350 1
400 350 1
401 350 1
141 351 1
572 351 1
44 352 1
246 353 1
345 353 1
591 353 1
37 354 2
172 354 4
357 354 1
362 354 1
551 354 1
579 354 1
637 354 1
343 355 1
614 355 1
615 355 1
172 356 1
256 356 1
357 356 1
358 356 1
551 356 1
37 357 1
172 357 2
256 357 1
354 357 1
356 357 1
358 357 1
551 357 2
172 358 2
256 358 1
356 358 1
357 358 1
551 358 1
306 359 1
307 359 1
319 359 1
347 359 1
365 359 1
426 359 1
427 359 1
428 359 1
429 359 1
430 359 1
431 359 1
432 359 1
80 360 1
599 360 1
276 361 1
644 361 1
354 362 1
324 363 1
642 363 1
133 364 1
307 364 1
306 365 1
307 365 2
319 365 2
347 365 1
359 365 1
379 365 1
426 365 2
427 365 1
428 365 1
429 365 1
430 365 1
431 365 1
432 365 2
69 366 1
300 366 1
602 366 1
233 367 1
424 367 1
616 367 1
61 368 1
105 368 1
335 368 1
94 369 1
95 369 1
371 370 1
370 371 1
3 372 1
74 372 1
75 372 1
245 373 1
77 374 1
24 375 1
49 375 1
188 375 1
261 375 1
376 375 1
377 375 1
24 376 1
49 376 1
188 376 1
261 376 1
375 376 1
377 376 1
24 377 1
49 377 1
188 377 1
261 377 1
375 377 1
376 377 1
102 378 3
379 378 1
102 379 1
319 379 1
365 379 1
378 379 1
4 380 1
45 380 1
382 381 1
381 382 1
439 383 1
106 384 1
387 384 1
536 384 1
537 384 1
386 385 1
385 386 1
384 387 1
234 388 1
325 388 1
389 388 1
390 388 1
510 388 1
388 389 1
390 389 1
388 390 1
389 390 1
392 391 1
393 391 1
391 392 1
393 392 1
391 393 1
392 393 1
27 394 1
396 395 1
395 396 1
350 397 1
398 397 1
399 397 1
400 397 1
401 397 1
350 398 1
397 398 1
399 398 1
400 398 1
401 398 1
350 399 1
397 399 1
398 399 1
400 399 1
401 399 1
242 400 1
350 400 1
397 400 1
398 400 1
399 400 1
401 400 1
474 400 2
350 401 1
397 401 1
398 401 1
399 401 1
400 401 1
36 402 1
70 402 1
403 402 1
36 403 1
70 403 1
402 403 1
405 404 1
404 405 1
27 406 1
270 407 1
283 407 1
408 407 1
409 407 1
270 408 1
283 408 1
407 408 1
409 408 1
270 409 1
283 409 1
407 409 1
408 409 1
245 410 3
420 410 1
421 410 1
103 411 3
311 411 1
412 411 1
103 412 1
311 412 1
411 412 1
11 413 1
414 413 1
415 413 1
11 414 1
413 414 1
415 414 1
11 415 1
413 415 1
414 415 1
196 416 1
14 417 1
63 418 1
419 418 1
63 419 1
418 419 1
245 420 1
410 420 1
421 420 1
245 421 1
410 421 1
420 421 1
169 422 1
329 422 1
19 423 1
113 423 1
327 423 1
328 423 1
367 424 1
172 425 1
315 425 1
306 426 1
307 426 2
319 426 2
347 426 1
359 426 1
365 426 2
427 426 1
428 426 1
429 426 1
430 426 1
431 426 2
432 426 2
306 427 1
307 427 1
319 427 1
347 427 1
359 427 1
365 427 1
426 427 1
428 427 1
429 427 1
430 427 1
431 427 1
432 427 1
306 428 1
307 428 1
319 428 1
347 428 1
359 428 1
365 428 1
426 428 1
427 428 1
429 428 1
430 428 1
431 428 1
432 428 1
306 429 1
307 429 1
319 429 1
347 429 1
359 429 1
365 429 1
426 429 1
427 429 1
428 429 1
430 429 1
431 429 1
432 429 1
306 430 1
307 430 1
319 430 1
347 430 1
359 430 1
365 430 1
426 430 1
427 430 1
428 430 1
429 430 1
431 430 1
432 430 1
306 431 1
307 431 1
319 431 2
347 431 1
359 431 1
365 431 1
426 431 2
427 431 1
428 431 1
429 431 1
430 431 1
432 431 1
306 432 1
307 432 2
319 432 1
347 432 1
359 432 1
365 432 2
426 432 2
427 432 1
428 432 1
429 432 1
430 432 1
431 432 1
6 433 1
170 433 1
175 433 1
202 433 1
243 433 1
434 433 1
6 434 1
170 434 1
175 434 1
202 434 1
243 434 1
433 434 1
272 435 1
328 435 1
437 436 1
438 436 1
436 437 1
438 437 1
436 438 1
437 438 1
383 439 1
274 440 1
441 440 1
274 441 2
440 441 1
85 442 1
107 442 1
112 442 1
249 442 1
443 442 1
444 442 1
85 443 1
107 443 1
112 443 1
249 443 1
442 443 1
444 443 1
85 444 1
107 444 1
112 444 1
249 444 1
442 444 1
443 444 1
7 445 1
41 445 1
162 445 1
298 445 1
299 445 1
446 445 1
447 445 1
7 446 1
41 446 1
162 446 1
298 446 1
299 446 1
445 446 1
447 446 1
7 447 1
41 447 1
162 447 1
298 447 1
299 447 1
445 447 1
446 447 1
230 448 1
303 448 1
76 449 1
161 449 1
25 450 1
71 450 1
186 450 1
135 451 1
163 451 1
185 451 1
452 451 1
135 452 1
163 452 1
185 452 1
451 452 1
74 453 1
75 453 1
3 454 1
75 454 2
455 454 2
570 454 1
571 454 1
3 455 1
75 455 2
454 455 2
570 455 1
571 455 1
96 456 1
211 456 1
240 456 1
248 456 1
296 456 2
457 456 2
458 456 2
484 456 1
485 456 1
211 457 1
296 457 2
456 457 2
458 457 2
484 457 1
485 457 1
211 458 1
296 458 2
456 458 2
457 458 2
484 458 1
485 458 1
291 459 2
460 459 1
623 459 2
638 459 1
291 460 1
459 460 1
218 461 1
317 462 1
237 463 1
465 464 1
466 464 1
464 465 1
466 465 1
464 466 1
465 466 1
130 467 1
184 467 1
574 467 1
575 467 1
576 467 1
577 467 1
157 468 1
172 468 1
204 468 1
470 469 1
471 469 1
469 470 1
471 470 1
469 471 1
470 471 1
245 472 2
473 472 1
472 473 1
242 474 1
400 474 2
277 475 2
476 475 1
477 475 1
481 475 1
277 476 1
475 476 1
477 476 1
277 477 1
475 477 1
476 477 1
172 478 1
126 479 1
13 480 1
290 480 1
277 481 2
278 481 1
475 481 1
549 481 2
483 482 1
482 483 1
296 484 1
456 484 1
457 484 1
458 484 1
485 484 1
296 485 1
456 485 1
457 485 1
458 485 1
484 485 1
222 486 1
265 486 1
266 486 1
267 486 1
270 487 1
119 488 1
489 488 2
119 489 2
488 489 2
273 490 1
330 491 1
19 492 1
20 492 1
172 493 1
172 494 1
276 494 1
157 495 1
167 495 1
172 496 1
276 496 1
13 497 1
231 497 1
238 497 1
325 498 1
499 498 1
325 499 1
498 499 1
162 500 1
325 501 1
502 501 1
325 502 1
501 502 1
303 503 1
505 504 1
504 505 1
507 506 1
508 506 1
506 507 1
508 507 1
506 508 1
507 508 1
118 509 1
234 510 1
325 510 1
388 510 1
123 511 1
103 512 2
143 513 1
514 513 1
143 514 1
513 514 1
516 515 1
517 515 1
518 515 1
515 516 1
517 516 1
518 516 1
515 517 1
516 517 1
518 517 1
515 518 1
516 518 1
517 518 1
172 519 1
521 520 1
522 520 1
523 520 1
520 521 1
522 521 1
523 521 1
520 522 1
521 522 1
523 522 1
520 523 1
521 523 1
522 523 1
165 524 1
232 524 1
525 524 1
526 524 1
165 525 1
232 525 1
524 525 1
526 525 1
165 526 1
232 526 1
524 526 1
525 526 1
194 527 1
120 528 1
529 528 1
120 529 1
528 529 1
34 530 1
606 530 1
607 530 1
532 531 1
531 532 1
206 533 1
534 533 1
535 533 1
206 534 1
533 534 1
535 534 1
206 535 1
533 535 1
534 535 1
106 536 1
384 536 1
537 536 1
106 537 1
384 537 1
536 537 1
51 538 1
288 538 1
307 539 1
8 540 1
104 540 1
203 541 1
253 541 1
298 541 1
542 541 1
203 542 1
253 542 1
298 542 1
541 542 1
544 543 1
543 544 1
90 545 1
179 546 1
152 547 1
270 548 1
555 548 1
278 549 1
481 549 2
165 550 1
37 551 1
172 551 2
256 551 1
354 551 1
356 551 1
357 551 2
358 551 1
89 552 1
305 553 1
71 554 1
142 554 1
209 554 1
270 555 1
548 555 1
129 556 1
221 556 1
72 557 1
132 557 1
558 557 1
559 557 1
72 558 1
132 558 1
557 558 1
559 558 1
72 559 1
132 559 1
557 559 1
558 559 1
305 560 1
104 561 1
562 561 1
50 562 1
104 562 2
561 562 1
149 563 1
150 563 1
151 563 1
199 563 1
18 564 1
77 564 1
241 564 1
277 565 1
279 565 1
11 566 1
54 566 1
157 566 1
567 566 1
568 566 1
11 567 1
54 567 1
157 567 1
566 567 1
568 567 1
11 568 1
54 568 1
157 568 1
566 568 1
567 568 1
81 569 1
75 570 1
454 570 1
455 570 1
571 570 1
75 571 1
454 571 1
455 571 1
570 571 1
141 572 1
351 572 1
342 573 1
177 574 1
184 574 1
467 574 1
575 574 1
576 574 1
577 574 1
594 574 1
595 574 1
184 575 1
467 575 1
574 575 1
576 575 1
577 575 1
184 576 1
467 576 1
574 576 1
575 576 1
577 576 1
184 577 1
467 577 1
574 577 1
575 577 1
576 577 1
123 578 2
246 578 1
172 579 1
354 579 1
18 580 1
241 580 1
271 580 1
270 581 1
582 581 1
270 582 1
581 582 1
9 583 1
142 583 1
325 584 1
53 585 1
318 585 1
586 585 1
53 586 1
318 586 1
585 586 1
173 587 1
212 588 1
589 588 1
212 589 1
588 589 1
157 590 1
210 590 1
235 590 1
246 591 1
345 591 1
353 591 1
172 592 1
262 593 1
177 594 1
574 594 1
595 594 1
177 595 1
574 595 1
594 595 1
227 596 1
247 596 1
268 596 1
597 596 1
598 596 1
227 597 1
247 597 1
268 597 1
596 597 1
598 597 1
227 598 1
247 598 1
268 598 1
596 598 1
597 598 1
80 599 1
360 599 1
236 600 1
601 600 1
236 601 1
600 601 1
69 602 1
300 602 1
366 602 1
217 603 1
25 604 1
217 605 1
530 606 1
607 606 1
530 607 1
606 607 1
82 608 1
164 608 1
166 608 1
254 608 1
91 609 1
339 609 1
312 610 1
237 611 1
295 611 1
92 612 1
613 612 1
92 613 1
612 613 1
343 614 1
355 614 1
615 614 1
343 615 1
355 615 1
614 615 1
233 616 1
367 616 1
103 617 1
41 618 1
162 618 1
40 619 1
221 619 1
239 620 1
276 620 1
33 621 1
65 621 1
111 621 1
31 622 1
86 622 1
125 622 1
250 622 1
459 623 2
638 623 1
30 624 1
58 624 1
144 624 1
286 624 1
78 625 1
156 625 1
260 625 1
264 625 1
626 625 1
627 625 1
628 625 1
629 625 1
78 626 1
156 626 1
260 626 1
264 626 1
625 626 1
627 626 1
628 626 1
629 626 1
78 627 1
156 627 1
260 627 1
264 627 1
625 627 1
626 627 1
628 627 1
629 627 1
78 628 1
156 628 1
260 628 1
264 628 1
625 628 1
626 628 1
627 628 1
629 628 1
78 629 1
156 629 1
260 629 1
264 629 1
625 629 1
626 629 1
627 629 1
628 629 1
67 630 1
257 630 1
258 630 1
632 631 1
631 632 1
193 633 1
48 634 1
255 634 1
263 634 1
313 635 1
181 636 1
172 637 1
354 637 1
459 638 1
623 638 1
209 639 1
641 640 1
640 641 1
363 642 1
180 643 1
192 643 1
225 643 1
276 644 1
361 644 1
10 645 1
11 645 1
12 645 1
646 645 1
10 646 1
11 646 1
12 646 1
645 646 1
46 647 1
47 647 1
198 648 1
215 648 1
649 648 1
198 649 1
215 649 1
648 649 1
