274 1 1
359 1 1
360 1 1
453 1 1
27 2 1
324 2 1
525 2 1
7 3 1
61 3 1
342 3 1
462 3 1
11 4 2
73 4 2
93 4 1
1004 4 2
1005 4 2
1006 4 2
177 5 1
225 6 1
375 6 1
829 6 1
830 6 1
831 6 1
3 7 1
61 7 1
63 7 1
342 7 1
462 7 1
954 7 1
499 8 1
779 8 1
780 8 1
44 9 1
46 9 1
84 9 1
89 9 1
694 10 1
4 11 2
33 11 1
73 11 2
74 11 1
75 11 1
92 11 1
93 11 1
99 11 1
112 11 1
134 11 2
413 11 1
434 11 1
555 11 1
559 11 1
868 11 1
1004 11 2
1005 11 2
1006 11 2
318 12 1
691 12 1
116 13 2
157 13 1
202 13 1
302 13 1
335 13 1
382 13 1
509 13 1
603 13 1
649 13 1
650 13 1
716 13 1
757 13 1
36 14 2
60 14 1
489 14 1
585 14 1
242 15 1
249 15 1
538 15 1
575 15 1
507 16 1
932 17 1
933 17 1
94 18 1
115 18 1
520 18 1
69 19 1
117 19 1
83 20 1
84 20 1
111 20 1
561 20 1
571 20 1
590 20 1
591 20 1
647 20 1
648 20 1
112 21 1
199 21 1
266 21 1
328 21 2
409 21 1
434 21 1
494 21 1
597 21 1
705 21 1
752 21 1
753 21 1
754 21 1
862 21 1
363 22 1
766 22 1
44 23 1
56 24 1
60 24 1
387 25 1
457 25 1
514 25 1
135 26 1
411 26 1
475 26 1
599 26 1
710 26 1
807 26 1
2 27 1
176 27 1
198 27 1
237 27 1
253 27 1
385 27 1
464 27 1
497 27 1
717 27 1
849 27 1
38 28 1
98 28 1
128 28 1
192 28 1
193 28 1
235 28 1
909 28 1
62 29 1
439 29 1
612 30 1
134 31 1
154 31 1
164 31 1
328 31 1
470 31 1
487 31 1
711 31 1
739 31 1
272 32 1
421 32 1
731 32 1
732 32 1
733 32 1
11 33 1
92 33 1
99 33 1
36 34 1
582 34 1
585 34 1
604 34 1
996 34 1
36 35 1
58 35 1
95 35 1
220 35 1
254 35 1
785 35 1
14 36 2
34 36 1
35 36 1
58 36 1
60 36 3
95 36 2
210 36 1
220 36 2
254 36 2
448 36 1
489 36 1
503 36 2
517 36 1
574 36 1
582 36 1
585 36 2
604 36 1
785 36 1
869 36 1
870 36 1
874 36 1
875 36 1
996 36 1
166 37 1
231 37 1
238 37 1
877 37 1
878 37 1
28 38 1
98 38 1
206 38 1
207 38 1
241 38 1
567 38 1
232 39 1
234 39 1
98 40 1
126 40 1
542 40 1
558 40 1
837 40 1
838 40 1
982 41 1
127 42 1
187 42 1
765 42 1
104 43 1
122 43 1
130 43 1
150 43 1
171 43 1
516 43 1
522 43 1
531 43 1
541 43 1
550 43 1
756 43 1
9 44 1
23 44 1
46 44 1
76 44 1
84 44 1
89 44 1
579 44 1
64 45 1
65 45 1
66 45 1
268 45 1
269 45 1
341 45 1
450 45 1
598 45 1
801 45 1
9 46 1
44 46 1
84 46 1
89 46 1
65 47 1
66 47 1
341 47 1
583 47 1
941 47 1
942 47 1
943 47 1
471 48 1
492 48 1
563 48 1
564 48 1
565 48 1
103 49 1
107 49 1
125 49 1
743 49 1
114 50 2
255 50 1
294 50 1
295 50 1
297 50 1
401 50 2
402 50 3
477 50 1
684 50 1
685 50 1
686 50 1
687 50 1
834 50 1
835 50 1
905 50 1
54 51 1
858 51 1
272 52 1
273 52 1
731 52 1
54 53 1
584 53 1
51 54 1
53 54 1
584 54 1
858 54 1
131 55 1
133 55 1
165 55 1
199 55 1
250 55 1
573 55 1
24 56 1
60 56 1
180 57 1
422 57 1
802 57 1
35 58 1
36 58 1
95 58 1
220 58 1
254 58 1
785 58 1
65 59 1
871 59 1
14 60 1
24 60 1
36 60 3
56 60 1
489 60 1
503 60 2
517 60 1
3 61 1
7 61 1
342 61 1
462 61 1
29 62 1
329 62 1
439 62 1
7 63 1
954 63 1
45 64 1
65 64 1
66 64 1
268 64 1
269 64 1
341 64 1
450 64 1
598 64 1
801 64 1
45 65 1
47 65 1
59 65 1
64 65 1
66 65 3
268 65 1
269 65 1
324 65 1
341 65 2
357 65 1
450 65 1
577 65 1
583 65 1
598 65 1
801 65 1
871 65 1
941 65 1
942 65 1
943 65 1
45 66 1
47 66 1
64 66 1
65 66 3
93 66 1
187 66 1
268 66 1
269 66 1
324 66 2
341 66 2
357 66 2
450 66 1
478 66 1
583 66 1
598 66 1
801 66 1
941 66 1
942 66 1
943 66 1
389 67 1
552 67 1
556 67 1
557 67 1
692 67 1
693 67 1
218 68 1
226 68 1
312 68 1
384 68 1
19 69 1
117 69 1
71 70 1
243 70 1
376 70 1
720 70 1
721 70 1
70 71 1
213 71 2
243 71 1
376 71 1
447 71 1
521 71 1
537 71 1
544 71 1
720 71 1
721 71 1
986 71 1
1028 71 1
80 72 1
345 72 1
847 72 1
4 73 2
11 73 2
93 73 1
1004 73 2
1005 73 2
1006 73 2
11 74 1
75 74 1
868 74 1
11 75 1
74 75 1
868 75 1
968 75 1
44 76 1
88 76 1
116 76 1
246 76 1
265 76 1
276 76 1
277 76 1
278 76 1
279 76 1
280 76 1
324 76 1
589 76 1
676 76 1
677 76 1
813 76 1
415 77 1
724 77 1
106 78 1
190 78 1
480 78 1
481 78 1
626 78 1
552 79 1
578 79 1
695 79 1
72 80 1
345 80 2
847 80 1
848 80 1
177 81 1
290 81 1
291 81 1
292 81 1
293 81 1
93 82 1
412 82 2
928 82 1
20 83 1
84 83 1
111 83 1
561 83 1
571 83 1
590 83 1
591 83 1
647 83 1
648 83 1
9 84 1
20 84 1
44 84 1
46 84 1
83 84 1
89 84 1
111 84 1
378 84 1
561 84 1
571 84 1
590 84 1
591 84 1
647 84 1
648 84 1
87 85 1
111 85 1
592 85 1
90 86 1
508 86 1
634 86 1
635 86 1
85 87 1
111 87 1
592 87 1
76 88 1
589 88 1
9 89 1
44 89 1
46 89 1
84 89 1
86 90 1
508 90 1
634 90 1
635 90 1
371 91 1
1023 91 1
11 92 1
33 92 1
99 92 1
4 93 1
11 93 1
66 93 1
73 93 1
82 93 1
187 93 1
284 93 1
324 93 1
357 93 1
412 93 1
452 93 1
478 93 1
782 93 1
783 93 1
784 93 1
928 93 1
1004 93 1
1005 93 1
1006 93 1
18 94 1
115 94 1
520 94 1
35 95 1
36 95 2
58 95 1
220 95 2
254 95 1
574 95 1
785 95 1
869 95 1
870 95 1
148 96 1
411 96 1
132 97 1
200 97 1
461 97 1
994 97 1
28 98 1
38 98 1
40 98 1
126 98 1
542 98 1
558 98 1
659 98 1
837 98 1
838 98 1
914 98 1
915 98 1
11 99 1
33 99 1
92 99 1
443 100 1
449 100 1
856 100 1
857 100 1
102 101 3
383 101 1
484 101 1
562 101 1
770 101 1
924 101 1
101 102 3
383 102 1
484 102 1
562 102 1
770 102 1
924 102 1
49 103 1
107 103 1
125 103 2
151 103 1
195 103 1
257 103 1
263 103 1
505 103 1
532 103 1
533 103 1
539 103 1
545 103 1
709 103 1
743 103 1
43 104 1
122 104 1
130 104 1
150 104 1
171 104 1
516 104 1
522 104 1
531 104 1
541 104 1
550 104 1
756 104 1
386 105 1
387 105 1
549 105 1
755 105 1
761 105 1
884 105 1
885 105 1
78 106 1
190 106 1
480 106 1
481 106 1
626 106 1
49 107 1
103 107 1
125 107 1
743 107 1
252 108 3
416 108 1
495 108 1
792 108 1
893 108 1
894 108 1
937 108 2
938 108 2
1016 108 1
1017 108 1
208 109 1
247 109 1
116 110 2
202 110 1
244 110 1
250 110 1
20 111 1
83 111 1
84 111 1
85 111 1
87 111 1
203 111 1
224 111 1
468 111 1
561 111 1
571 111 1
590 111 1
591 111 1
592 111 1
647 111 1
648 111 1
11 112 1
21 112 1
134 112 1
199 112 2
266 112 3
328 112 3
337 112 1
344 112 1
409 112 1
434 112 4
494 112 1
560 112 2
595 112 1
597 112 1
705 112 2
706 112 1
714 112 3
752 112 1
753 112 1
754 112 1
762 112 1
229 113 1
254 113 2
266 113 1
282 113 1
308 113 1
512 113 1
515 113 1
528 113 1
839 113 1
50 114 2
255 114 1
286 114 1
294 114 1
295 114 1
297 114 1
401 114 2
402 114 1
684 114 1
685 114 1
686 114 1
905 114 1
1021 114 1
18 115 1
94 115 1
520 115 1
13 116 2
76 116 1
110 116 2
157 116 1
202 116 2
244 116 1
246 116 1
250 116 2
302 116 1
335 116 1
382 116 1
509 116 1
603 116 1
649 116 1
650 116 1
716 116 1
757 116 1
19 117 1
69 117 1
204 118 1
227 118 1
675 118 1
746 119 1
747 119 1
418 120 1
879 120 1
925 120 1
1014 120 1
791 121 1
43 122 1
104 122 1
130 122 1
150 122 1
171 122 1
516 122 1
522 122 1
531 122 1
541 122 1
550 122 1
756 122 1
391 123 1
264 124 1
963 124 1
49 125 1
103 125 2
107 125 1
195 125 1
257 125 1
263 125 1
505 125 1
743 125 1
40 126 1
98 126 1
542 126 1
558 126 1
837 126 1
838 126 1
42 127 1
187 127 2
764 127 1
765 127 2
28 128 1
192 128 1
193 128 1
235 128 1
909 128 1
134 129 1
199 129 2
493 129 1
781 129 1
43 130 1
104 130 1
122 130 1
150 130 1
171 130 1
516 130 1
522 130 1
531 130 1
541 130 1
550 130 1
756 130 1
55 131 1
133 131 1
165 131 1
199 131 1
250 131 1
573 131 1
97 132 1
200 132 1
461 132 1
994 132 1
55 133 1
131 133 1
165 133 1
199 133 1
250 133 1
573 133 1
11 134 2
31 134 1
112 134 1
129 134 1
172 134 1
199 134 1
434 134 1
470 134 1
555 134 1
559 134 1
739 134 1
759 134 1
836 134 1
26 135 1
475 135 1
599 135 1
807 135 1
500 136 1
602 137 1
696 137 1
697 137 1
178 138 1
498 138 1
871 138 1
969 138 1
623 139 1
624 139 1
173 140 1
409 140 1
553 140 1
554 140 1
277 141 1
458 141 1
901 141 1
1024 141 1
1025 141 1
1026 141 1
1027 141 1
314 142 1
681 143 2
682 143 2
683 143 2
939 143 1
940 143 1
625 144 1
146 145 1
147 145 1
148 145 2
149 145 2
369 145 1
411 145 1
906 145 1
907 145 1
948 145 1
949 145 1
950 145 1
951 145 1
952 145 1
953 145 1
145 146 1
147 146 1
148 146 1
149 146 1
369 146 1
411 146 1
948 146 1
949 146 1
950 146 1
951 146 1
952 146 1
953 146 1
145 147 1
146 147 1
148 147 1
149 147 1
369 147 1
411 147 1
948 147 1
949 147 1
950 147 1
951 147 1
952 147 1
953 147 1
96 148 1
145 148 2
146 148 1
147 148 1
149 148 2
174 148 1
354 148 1
369 148 1
388 148 1
410 148 1
411 148 3
432 148 1
453 148 1
521 148 1
566 148 1
749 148 1
906 148 1
907 148 1
948 148 1
949 148 1
950 148 1
951 148 1
952 148 1
953 148 1
145 149 2
146 149 1
147 149 1
148 149 2
159 149 1
181 149 1
283 149 1
333 149 1
369 149 1
411 149 1
549 149 1
594 149 1
897 149 2
906 149 1
907 149 1
948 149 1
949 149 1
950 149 1
951 149 1
952 149 1
953 149 1
995 149 1
43 150 1
104 150 1
122 150 1
130 150 1
171 150 1
516 150 1
522 150 1
531 150 1
541 150 1
550 150 1
756 150 1
103 151 1
532 151 1
533 151 1
545 151 1
709 151 1
325 152 1
459 152 1
664 152 1
665 152 1
666 152 1
667 152 1
668 152 1
669 152 1
670 152 1
671 152 1
372 153 1
373 153 1
31 154 1
164 154 1
311 154 1
328 154 1
487 154 1
725 154 2
353 155 1
361 155 1
808 155 1
821 156 1
822 156 1
823 156 1
824 156 1
13 157 1
116 157 1
335 157 1
382 157 1
603 157 1
716 157 1
183 158 1
270 158 1
366 158 1
149 159 1
549 159 1
594 159 1
583 160 1
587 160 1
900 160 1
987 160 1
301 161 1
319 161 1
169 162 1
244 162 1
615 162 1
332 163 1
442 163 1
31 164 1
154 164 1
328 164 1
487 164 1
55 165 1
131 165 1
133 165 1
184 165 1
199 165 1
250 165 1
543 165 1
557 165 1
573 165 1
976 165 1
977 165 1
978 165 1
979 165 1
37 166 1
231 166 1
238 166 1
514 166 1
877 166 1
878 166 1
886 166 1
887 166 1
922 166 1
923 166 1
630 167 1
236 168 1
527 168 1
534 168 1
576 168 1
162 169 1
244 169 1
306 169 1
615 169 1
185 170 1
455 170 1
456 170 1
43 171 1
104 171 1
122 171 1
130 171 1
150 171 1
306 171 2
516 171 1
522 171 1
531 171 1
541 171 1
550 171 1
712 171 2
756 171 1
134 172 1
759 172 1
140 173 1
148 174 1
453 174 1
521 174 1
566 174 1
303 175 1
414 175 1
27 176 1
5 177 1
81 177 1
290 177 1
291 177 1
292 177 1
293 177 1
359 177 1
394 177 1
395 177 1
679 177 1
138 178 1
498 178 1
871 178 1
969 178 1
450 179 1
872 179 1
873 179 1
57 180 1
422 180 1
802 180 1
149 181 1
283 181 1
222 182 1
158 183 1
270 183 1
366 183 1
165 184 1
543 184 1
557 184 1
976 184 1
977 184 1
978 184 1
979 184 1
170 185 1
455 185 1
456 185 1
793 186 1
794 186 1
42 187 1
66 187 1
93 187 1
127 187 2
269 187 1
324 187 1
357 187 1
478 187 1
764 187 1
765 187 2
955 187 1
956 187 1
957 187 1
980 187 1
981 187 1
1015 187 1
324 188 1
760 188 1
196 189 1
197 189 1
374 189 1
510 189 1
586 189 1
78 190 1
106 190 1
328 190 1
480 190 1
481 190 1
626 190 1
738 191 1
997 191 1
28 192 1
128 192 1
193 192 1
235 192 1
909 192 1
28 193 1
128 193 1
192 193 1
235 193 1
909 193 1
641 194 1
745 194 1
103 195 1
125 195 1
257 195 1
263 195 1
505 195 1
189 196 1
197 196 1
374 196 1
510 196 1
586 196 1
189 197 1
196 197 1
374 197 1
510 197 1
586 197 1
27 198 1
253 198 1
464 198 1
849 198 1
21 199 1
55 199 1
112 199 2
129 199 2
131 199 1
133 199 1
134 199 1
165 199 1
250 199 1
266 199 1
328 199 1
409 199 1
434 199 1
494 199 1
573 199 1
597 199 1
705 199 1
752 199 1
753 199 1
754 199 1
762 199 1
781 199 1
97 200 1
132 200 1
461 200 1
994 200 1
633 201 1
13 202 1
110 202 1
116 202 2
244 202 1
302 202 1
509 202 1
568 202 1
572 202 1
649 202 2
650 202 2
653 202 1
757 202 1
850 202 1
111 203 1
224 203 1
468 203 1
118 204 1
227 204 1
675 204 1
322 205 1
38 206 1
207 206 1
241 206 1
391 206 1
567 206 1
38 207 1
206 207 1
241 207 1
315 207 1
316 207 1
317 207 1
506 207 1
526 207 1
567 207 1
580 207 1
581 207 1
109 208 1
247 208 1
364 209 1
446 209 1
825 209 1
826 209 1
827 209 1
36 210 1
254 210 1
444 210 1
448 210 1
452 210 1
570 210 1
874 210 1
875 210 1
523 211 1
524 211 1
879 211 1
880 211 1
351 212 1
490 212 1
536 212 1
985 212 1
71 213 2
447 213 1
521 213 1
537 213 1
544 213 1
986 213 1
1028 213 1
618 214 1
216 215 1
248 215 1
281 215 1
910 215 1
911 215 1
215 216 1
248 216 2
281 216 2
300 216 1
910 216 1
911 216 1
223 217 1
795 217 1
68 218 1
226 218 1
312 218 1
384 218 1
734 219 1
735 219 1
736 219 1
35 220 1
36 220 2
58 220 1
95 220 2
254 220 1
574 220 1
785 220 1
869 220 1
870 220 1
352 221 1
182 222 1
217 223 1
795 223 1
111 224 1
203 224 1
321 224 1
357 224 2
460 224 1
468 224 2
491 224 1
529 224 2
715 224 1
718 224 1
719 224 1
790 224 1
819 224 1
820 224 1
896 224 1
990 224 1
991 224 1
992 224 1
1038 224 1
1039 224 1
1040 224 1
1041 224 1
6 225 1
375 225 1
829 225 1
830 225 1
831 225 1
68 226 1
218 226 1
312 226 1
384 226 1
118 227 1
204 227 1
675 227 1
725 228 1
113 229 1
512 229 1
515 229 1
528 229 1
502 230 1
935 230 1
37 231 1
166 231 1
238 231 1
877 231 1
878 231 1
39 232 1
234 232 1
398 233 1
930 233 1
931 233 1
39 234 1
232 234 1
28 235 1
128 235 1
192 235 1
193 235 1
909 235 1
168 236 1
527 236 1
534 236 1
576 236 1
27 237 1
385 237 1
497 237 1
717 237 1
37 238 1
166 238 1
231 238 1
877 238 1
878 238 1
240 239 1
524 239 1
239 240 1
524 240 1
38 241 1
206 241 1
207 241 1
567 241 1
828 241 1
15 242 1
249 242 1
538 242 1
575 242 1
70 243 1
71 243 1
376 243 1
575 243 1
720 243 1
721 243 1
788 243 1
110 244 1
116 244 1
162 244 1
169 244 1
202 244 1
615 244 1
408 245 1
437 245 1
1020 245 1
76 246 1
116 246 1
109 247 1
208 247 1
215 248 1
216 248 2
281 248 2
300 248 1
910 248 1
911 248 1
15 249 1
242 249 1
538 249 1
575 249 1
55 250 1
110 250 1
116 250 2
131 250 1
133 250 1
165 250 1
199 250 1
266 250 1
485 250 1
573 250 1
579 250 1
305 251 1
655 251 1
656 251 1
108 252 3
495 252 1
893 252 1
894 252 1
937 252 1
938 252 1
1016 252 1
1017 252 1
27 253 1
198 253 1
464 253 1
849 253 1
35 254 1
36 254 2
58 254 1
95 254 1
113 254 2
210 254 1
220 254 1
266 254 1
282 254 1
308 254 1
420 254 1
448 254 1
785 254 1
833 254 1
839 254 1
874 254 1
875 254 1
50 255 1
114 255 1
294 255 1
295 255 1
297 255 1
401 255 1
905 255 1
895 256 1
103 257 1
125 257 1
195 257 1
263 257 1
505 257 1
354 258 1
855 258 1
271 259 1
261 260 1
262 260 1
346 260 1
778 260 1
787 260 1
260 261 1
262 261 1
260 262 1
261 262 1
370 262 1
427 262 1
762 262 1
772 262 1
773 262 1
774 262 1
775 262 1
776 262 1
777 262 1
912 262 1
913 262 1
103 263 1
125 263 1
195 263 1
257 263 1
505 263 1
124 264 1
400 264 1
963 264 1
1010 264 1
1011 264 1
1012 264 1
1013 264 1
76 265 1
276 265 1
277 265 1
278 265 1
279 265 1
280 265 1
418 265 1
925 265 1
926 265 1
21 266 1
112 266 3
113 266 1
199 266 1
250 266 1
254 266 1
308 266 1
328 266 2
409 266 1
434 266 1
485 266 1
494 266 1
597 266 1
636 266 1
637 266 1
638 266 1
705 266 2
706 266 1
752 266 1
753 266 1
754 266 1
306 267 1
45 268 1
64 268 1
65 268 1
66 268 1
269 268 1
341 268 1
450 268 1
598 268 1
801 268 1
45 269 1
64 269 1
65 269 1
66 269 1
187 269 1
268 269 1
341 269 1
450 269 1
598 269 1
801 269 1
1015 269 1
158 270 1
183 270 1
366 270 1
259 271 1
32 272 1
52 272 1
273 272 1
346 272 1
406 272 1
407 272 1
421 272 1
731 272 2
732 272 1
733 272 1
1022 272 1
52 273 1
272 273 1
654 273 1
731 273 1
1 274 1
359 274 1
360 274 1
453 274 1
325 275 1
334 275 1
424 275 1
767 275 1
768 275 1
769 275 1
76 276 1
265 276 1
277 276 1
278 276 1
279 276 1
280 276 1
76 277 1
141 277 1
265 277 1
276 277 1
278 277 1
279 277 1
280 277 1
458 277 1
901 277 1
920 277 1
921 277 1
1024 277 1
1025 277 1
1026 277 1
1027 277 1
76 278 1
265 278 1
276 278 1
277 278 1
279 278 1
280 278 1
76 279 1
265 279 1
276 279 1
277 279 1
278 279 1
280 279 1
76 280 1
265 280 1
276 280 1
277 280 1
278 280 1
279 280 1
215 281 1
216 281 2
248 281 2
300 281 1
910 281 1
911 281 1
113 282 1
254 282 1
599 282 1
600 282 1
839 282 1
149 283 1
181 283 1
93 284 1
452 284 1
782 284 1
783 284 1
784 284 1
588 285 1
737 285 1
738 285 1
114 286 1
1021 286 1
988 287 1
989 287 1
1030 287 1
390 288 1
438 288 1
993 288 1
299 289 1
392 289 1
393 289 1
789 289 1
790 289 1
81 290 1
177 290 1
291 290 1
292 290 1
293 290 1
81 291 1
177 291 1
290 291 1
292 291 1
293 291 1
81 292 1
177 292 1
290 292 1
291 292 1
293 292 1
81 293 1
177 293 1
290 293 1
291 293 1
292 293 1
50 294 1
114 294 1
255 294 1
295 294 1
297 294 1
401 294 1
905 294 1
50 295 1
114 295 1
255 295 1
294 295 1
297 295 1
401 295 1
905 295 1
321 296 1
1018 296 1
1019 296 1
50 297 1
114 297 1
255 297 1
294 297 1
295 297 1
401 297 1
905 297 1
325 298 1
466 298 1
289 299 1
335 299 1
663 299 1
216 300 1
248 300 1
281 300 1
161 301 1
319 301 1
13 302 1
116 302 1
202 302 1
472 302 1
509 302 1
649 302 1
650 302 1
757 302 1
175 303 1
414 303 1
970 304 1
971 304 1
972 304 1
251 305 1
307 305 1
320 305 2
321 305 2
355 305 1
356 305 1
435 305 1
467 305 1
483 305 1
596 305 1
629 305 1
655 305 1
656 305 1
1001 305 1
169 306 1
171 306 2
267 306 1
712 306 2
936 306 1
305 307 1
435 307 1
467 307 1
596 307 1
1001 307 1
113 308 1
254 308 1
266 308 1
348 309 1
771 309 1
845 310 1
846 310 1
154 311 1
725 311 1
68 312 1
218 312 1
226 312 1
384 312 1
362 313 1
479 313 1
593 313 1
660 313 1
661 313 1
662 313 1
916 313 1
917 313 1
918 313 1
919 313 1
142 314 1
207 315 1
316 315 1
317 315 2
488 315 1
506 315 2
526 315 2
580 315 1
581 315 1
207 316 1
315 316 1
317 316 1
506 316 1
526 316 1
580 316 1
581 316 1
207 317 1
315 317 2
316 317 1
488 317 1
506 317 2
526 317 2
580 317 1
581 317 1
12 318 1
691 318 1
161 319 1
301 319 1
305 320 2
321 320 2
355 320 1
356 320 1
483 320 1
629 320 1
224 321 1
296 321 1
305 321 2
320 321 2
355 321 1
356 321 1
460 321 1
483 321 1
629 321 1
1018 321 1
1019 321 1
1038 321 1
1039 321 1
1040 321 1
1041 321 1
205 322 1
456 323 1
900 323 1
2 324 1
65 324 1
66 324 2
76 324 1
93 324 1
187 324 1
188 324 1
357 324 2
478 324 1
525 324 1
758 324 1
760 324 1
152 325 1
275 325 1
298 325 1
334 325 1
424 325 1
459 325 1
466 325 1
664 325 2
665 325 2
666 325 1
667 325 1
668 325 1
669 325 1
670 325 1
671 325 1
767 325 1
768 325 1
769 325 1
519 326 1
818 326 1
365 327 1
21 328 2
31 328 1
112 328 3
154 328 1
164 328 1
190 328 1
199 328 1
266 328 2
344 328 1
409 328 1
434 328 1
476 328 1
487 328 1
494 328 1
597 328 1
610 328 1
611 328 1
705 328 1
752 328 1
753 328 1
754 328 1
862 328 1
62 329 1
486 330 1
658 330 1
763 330 1
460 331 1
851 331 1
852 331 1
163 332 1
442 332 1
149 333 1
275 334 1
325 334 1
424 334 1
767 334 1
768 334 1
769 334 1
13 335 1
116 335 1
157 335 1
299 335 1
382 335 1
603 335 1
663 335 1
716 335 1
387 336 1
657 336 1
658 336 1
672 336 1
112 337 1
339 338 1
340 338 1
379 338 1
501 338 1
698 338 1
699 338 1
700 338 1
701 338 1
338 339 1
340 339 1
379 339 1
501 339 1
698 339 1
699 339 1
700 339 1
701 339 1
338 340 1
339 340 1
379 340 1
501 340 1
698 340 1
699 340 1
700 340 1
701 340 1
45 341 1
47 341 1
64 341 1
65 341 2
66 341 2
268 341 1
269 341 1
450 341 1
583 341 1
598 341 1
801 341 1
941 341 1
942 341 1
943 341 1
3 342 1
7 342 1
61 342 1
462 342 1
349 343 1
423 343 3
744 343 2
832 343 1
927 343 1
112 344 1
328 344 1
418 344 1
419 344 1
454 344 1
570 344 1
889 344 1
983 344 1
984 344 1
72 345 1
80 345 2
847 345 1
848 345 1
260 346 1
272 346 1
368 346 1
428 346 1
429 346 1
713 346 1
750 346 1
787 346 1
840 346 1
841 346 1
842 346 1
843 346 1
844 346 1
861 346 1
535 347 1
929 347 1
309 348 1
771 348 1
343 349 1
423 349 1
744 349 1
927 349 1
639 350 1
640 350 1
212 351 1
490 351 1
536 351 1
985 351 1
221 352 1
155 353 1
361 353 1
808 353 1
148 354 1
258 354 1
367 354 1
410 354 1
412 354 1
432 354 1
702 354 1
786 354 1
800 354 1
898 354 3
899 354 3
305 355 1
320 355 1
321 355 1
356 355 1
859 355 1
860 355 1
305 356 1
320 356 1
321 356 1
355 356 1
65 357 1
66 357 2
93 357 1
187 357 1
224 357 2
324 357 2
468 357 1
478 357 1
491 357 2
529 357 2
896 357 2
990 357 1
991 357 1
992 357 1
748 358 1
1 359 1
177 359 1
274 359 1
360 359 1
394 359 1
395 359 1
453 359 1
679 359 1
1 360 1
274 360 1
359 360 1
453 360 1
155 361 1
353 361 1
808 361 1
313 362 1
479 362 1
660 362 1
661 362 1
662 362 1
22 363 1
766 363 1
209 364 1
446 364 1
825 364 1
826 364 1
827 364 1
327 365 1
158 366 1
183 366 1
270 366 1
354 367 1
346 368 1
428 368 1
429 368 2
440 368 1
441 368 1
750 368 1
840 368 1
841 368 1
842 368 1
843 368 1
844 368 1
145 369 1
146 369 1
147 369 1
148 369 1
149 369 1
411 369 1
948 369 1
949 369 1
950 369 1
951 369 1
952 369 1
953 369 1
262 370 1
91 371 1
1023 371 1
153 372 1
373 372 1
153 373 1
372 373 1
189 374 1
196 374 1
197 374 1
510 374 1
586 374 1
6 375 1
225 375 1
829 375 1
830 375 1
831 375 1
70 376 1
71 376 1
243 376 1
720 376 1
721 376 1
473 377 1
474 377 1
741 377 1
742 377 1
84 378 1
338 379 1
339 379 1
340 379 1
501 379 1
698 379 1
699 379 1
700 379 1
701 379 1
803 380 1
804 380 1
958 380 1
959 380 1
627 381 1
628 381 1
13 382 1
116 382 1
157 382 1
335 382 1
603 382 1
716 382 1
101 383 1
102 383 1
484 383 1
562 383 1
68 384 1
218 384 1
226 384 1
312 384 1
27 385 1
237 385 1
497 385 1
717 385 1
105 386 1
387 386 2
690 386 1
707 386 1
755 386 1
876 386 2
25 387 1
105 387 1
336 387 1
386 387 2
405 387 1
447 387 2
457 387 1
458 387 1
514 387 1
601 387 1
690 387 1
707 387 1
755 387 1
901 387 1
902 387 1
903 387 1
947 387 1
148 388 1
411 388 1
749 388 1
67 389 1
552 389 1
556 389 1
557 389 1
692 389 1
693 389 1
288 390 1
123 391 1
206 391 1
289 392 1
393 392 1
789 392 1
790 392 1
289 393 1
392 393 1
789 393 1
790 393 1
177 394 1
359 394 1
395 394 1
679 394 1
177 395 1
359 395 1
394 395 1
679 395 1
397 396 1
619 396 1
396 397 1
619 397 1
233 398 1
930 398 1
931 398 1
750 399 1
264 400 1
1010 400 1
1011 400 1
1012 400 1
1013 400 1
50 401 2
114 401 2
255 401 1
294 401 1
295 401 1
297 401 1
402 401 1
684 401 1
685 401 1
686 401 1
905 401 1
50 402 3
114 402 1
401 402 1
477 402 1
684 402 1
685 402 1
686 402 1
687 402 1
834 402 1
835 402 1
881 403 1
882 403 1
883 403 1
631 404 1
632 404 1
387 405 1
447 405 1
458 405 1
601 405 1
901 405 1
902 405 1
903 405 1
272 406 1
407 406 1
272 407 1
406 407 1
245 408 1
437 408 1
1020 408 1
21 409 1
112 409 1
140 409 1
199 409 1
266 409 1
328 409 1
434 409 1
494 409 1
553 409 1
554 409 1
597 409 2
645 409 1
646 409 1
705 409 1
752 409 1
753 409 1
754 409 1
148 410 1
354 410 1
432 410 1
26 411 1
96 411 1
145 411 1
146 411 1
147 411 1
148 411 3
149 411 1
369 411 1
388 411 1
710 411 1
749 411 1
948 411 1
949 411 1
950 411 1
951 411 1
952 411 1
953 411 1
82 412 2
93 412 1
354 412 1
800 412 1
928 412 1
11 413 1
175 414 1
303 414 1
77 415 1
651 415 1
652 415 1
724 415 1
962 415 1
1029 415 1
108 416 1
792 416 1
465 417 1
1007 417 1
120 418 1
265 418 1
344 418 1
419 418 1
879 418 1
889 418 1
925 418 2
926 418 1
1014 418 1
344 419 1
418 419 1
889 419 1
254 420 1
833 420 1
32 421 1
272 421 1
731 421 1
732 421 1
733 421 1
57 422 1
180 422 1
802 422 1
1008 422 1
1009 422 1
343 423 3
349 423 1
744 423 2
832 423 1
927 423 1
275 424 1
325 424 1
334 424 1
767 424 1
768 424 1
769 424 1
904 425 1
620 426 1
621 426 1
622 426 1
262 427 1
908 427 1
912 427 3
913 427 1
346 428 1
368 428 1
429 428 1
750 428 1
840 428 1
841 428 1
842 428 1
843 428 1
844 428 1
346 429 1
368 429 2
428 429 1
440 429 1
441 429 1
750 429 1
840 429 1
841 429 1
842 429 1
843 429 1
844 429 1
482 430 1
817 430 1
496 431 1
148 432 1
354 432 1
410 432 1
434 433 1
513 433 1
890 433 1
11 434 1
21 434 1
112 434 4
134 434 1
199 434 1
266 434 1
328 434 1
409 434 1
433 434 1
494 434 1
513 434 1
555 434 1
559 434 1
560 434 2
595 434 1
597 434 1
705 434 1
714 434 3
752 434 1
753 434 1
754 434 1
890 434 1
305 435 1
307 435 1
467 435 1
596 435 1
1001 435 1
680 436 1
245 437 1
408 437 1
1020 437 1
288 438 1
993 438 1
29 439 1
62 439 1
368 440 1
429 440 1
441 440 1
368 441 1
429 441 1
440 441 1
163 442 1
332 442 1
100 443 1
449 443 1
856 443 1
857 443 1
210 444 1
570 444 1
678 445 1
209 446 1
364 446 1
825 446 1
826 446 1
827 446 1
71 447 1
213 447 1
387 447 2
405 447 1
458 447 1
537 447 1
544 447 1
601 447 1
901 447 1
902 447 1
903 447 1
947 447 1
1028 447 1
36 448 1
210 448 1
254 448 1
874 448 1
875 448 1
100 449 1
443 449 1
856 449 1
857 449 1
45 450 1
64 450 1
65 450 1
66 450 1
179 450 1
268 450 1
269 450 1
341 450 1
598 450 1
801 450 1
872 450 1
873 450 1
783 451 1
934 451 2
998 451 1
999 451 1
1000 451 1
93 452 1
210 452 1
284 452 1
782 452 1
783 452 1
784 452 1
1 453 1
148 453 1
174 453 1
274 453 1
359 453 1
360 453 1
521 453 1
566 453 1
344 454 1
463 454 1
170 455 1
185 455 1
456 455 1
170 456 1
185 456 1
323 456 1
455 456 1
25 457 1
387 457 1
514 457 1
141 458 1
277 458 1
387 458 1
405 458 1
447 458 1
601 458 1
901 458 2
902 458 1
903 458 1
1024 458 1
1025 458 1
1026 458 1
1027 458 1
152 459 1
325 459 1
664 459 1
665 459 1
666 459 1
667 459 1
668 459 1
669 459 1
670 459 1
671 459 1
224 460 1
321 460 1
331 460 1
851 460 1
852 460 1
1038 460 1
1039 460 1
1040 460 1
1041 460 1
97 461 1
132 461 1
200 461 1
994 461 1
3 462 1
7 462 1
61 462 1
342 462 1
454 463 1
27 464 1
198 464 1
253 464 1
849 464 1
417 465 1
1007 465 1
298 466 1
325 466 1
305 467 1
307 467 1
435 467 1
596 467 1
1001 467 1
111 468 1
203 468 1
224 468 2
357 468 1
529 468 1
569 469 1
31 470 1
134 470 1
739 470 1
48 471 1
492 471 1
563 471 1
564 471 1
565 471 1
302 472 1
377 473 1
474 473 1
741 473 1
742 473 1
377 474 1
473 474 1
741 474 1
742 474 1
26 475 1
135 475 1
599 475 1
807 475 1
328 476 1
610 476 1
611 476 1
50 477 1
402 477 1
834 477 1
835 477 1
66 478 1
93 478 1
187 478 1
324 478 1
357 478 1
313 479 1
362 479 1
660 479 1
661 479 1
662 479 1
78 480 1
106 480 1
190 480 1
481 480 1
626 480 1
78 481 1
106 481 1
190 481 1
480 481 1
626 481 1
430 482 1
817 482 1
305 483 1
320 483 1
321 483 1
629 483 1
101 484 1
102 484 1
383 484 1
562 484 1
250 485 1
266 485 1
330 486 1
658 486 1
763 486 1
31 487 1
154 487 1
164 487 1
328 487 1
315 488 1
317 488 1
506 488 1
526 488 1
14 489 1
36 489 1
60 489 1
212 490 1
351 490 1
536 490 1
985 490 1
224 491 1
357 491 2
529 491 1
896 491 2
990 491 1
991 491 1
992 491 1
48 492 1
471 492 1
563 492 1
564 492 1
565 492 1
129 493 1
21 494 1
112 494 1
199 494 1
266 494 1
328 494 1
409 494 1
434 494 1
597 494 1
705 494 1
752 494 1
753 494 1
754 494 1
108 495 1
252 495 1
893 495 1
894 495 1
431 496 1
27 497 1
237 497 1
385 497 1
717 497 1
138 498 1
178 498 1
871 498 1
969 498 1
8 499 1
779 499 1
780 499 1
136 500 1
338 501 1
339 501 1
340 501 1
379 501 1
698 501 1
699 501 1
700 501 1
701 501 1
230 502 1
935 502 1
36 503 2
60 503 2
517 503 1
551 504 1
703 504 1
704 504 1
103 505 1
125 505 1
195 505 1
257 505 1
263 505 1
207 506 1
315 506 2
316 506 1
317 506 2
488 506 1
526 506 2
580 506 1
581 506 1
16 507 1
86 508 1
90 508 1
634 508 1
635 508 1
13 509 1
116 509 1
202 509 1
302 509 1
649 509 1
650 509 1
757 509 1
189 510 1
196 510 1
197 510 1
374 510 1
586 510 1
546 511 1
547 511 1
113 512 1
229 512 1
515 512 1
528 512 1
433 513 1
434 513 1
890 513 1
25 514 1
166 514 1
387 514 1
457 514 1
886 514 3
887 514 2
888 514 2
922 514 1
923 514 1
944 514 1
945 514 1
946 514 1
113 515 1
229 515 1
512 515 1
528 515 1
43 516 1
104 516 1
122 516 1
130 516 1
150 516 1
171 516 1
522 516 1
531 516 1
541 516 1
550 516 1
756 516 1
36 517 1
60 517 1
503 517 1
740 518 1
326 519 1
818 519 1
18 520 1
94 520 1
115 520 1
71 521 1
148 521 1
174 521 1
213 521 1
453 521 1
566 521 1
986 521 1
43 522 1
104 522 1
122 522 1
130 522 1
150 522 1
171 522 1
516 522 1
531 522 1
541 522 1
550 522 1
756 522 1
211 523 1
524 523 1
879 523 1
880 523 1
211 524 1
239 524 1
240 524 1
523 524 1
879 524 1
880 524 1
2 525 1
324 525 1
207 526 1
315 526 2
316 526 1
317 526 2
488 526 1
506 526 2
580 526 1
581 526 1
168 527 1
236 527 1
534 527 1
576 527 1
113 528 1
229 528 1
512 528 1
515 528 1
224 529 2
357 529 2
468 529 1
491 529 1
896 529 1
990 529 1
991 529 1
992 529 1
708 530 1
43 531 1
104 531 1
122 531 1
130 531 1
150 531 1
171 531 1
516 531 1
522 531 1
541 531 1
550 531 1
756 531 1
103 532 1
151 532 1
533 532 1
545 532 1
709 532 1
103 533 1
151 533 1
532 533 1
545 533 1
709 533 1
168 534 1
236 534 1
527 534 1
576 534 1
347 535 1
212 536 1
351 536 1
490 536 1
985 536 1
71 537 1
213 537 1
447 537 1
544 537 1
1028 537 1
15 538 1
242 538 1
249 538 1
575 538 1
103 539 1
1035 540 1
1036 540 1
1037 540 1
43 541 1
104 541 1
122 541 1
130 541 1
150 541 1
171 541 1
516 541 1
522 541 1
531 541 1
550 541 1
756 541 1
40 542 1
98 542 1
126 542 1
558 542 1
837 542 1
838 542 1
165 543 1
184 543 1
557 543 1
976 543 1
977 543 1
978 543 1
979 543 1
71 544 1
213 544 1
447 544 1
537 544 1
1028 544 1
103 545 1
151 545 1
532 545 1
533 545 1
709 545 1
511 546 1
547 546 1
511 547 1
546 547 1
863 548 1
105 549 1
149 549 1
159 549 1
594 549 1
884 549 1
885 549 1
43 550 1
104 550 1
122 550 1
130 550 1
150 550 1
171 550 1
516 550 1
522 550 1
531 550 1
541 550 1
756 550 1
504 551 1
703 551 1
704 551 1
67 552 1
79 552 1
389 552 1
556 552 1
557 552 1
578 552 1
692 552 1
693 552 1
695 552 1
140 553 1
409 553 1
554 553 1
140 554 1
409 554 1
553 554 1
11 555 1
134 555 1
434 555 1
559 555 1
67 556 1
389 556 1
552 556 1
557 556 1
692 556 1
693 556 1
67 557 1
165 557 1
184 557 1
389 557 1
543 557 1
552 557 1
556 557 1
692 557 1
693 557 1
976 557 1
977 557 1
978 557 1
979 557 1
40 558 1
98 558 1
126 558 1
542 558 1
837 558 1
838 558 1
11 559 1
134 559 1
434 559 1
555 559 1
112 560 2
434 560 2
595 560 1
714 560 2
20 561 1
83 561 1
84 561 1
111 561 1
571 561 1
590 561 1
591 561 1
647 561 1
648 561 1
101 562 1
102 562 1
383 562 1
484 562 1
48 563 1
471 563 1
492 563 1
564 563 1
565 563 1
48 564 1
471 564 1
492 564 1
563 564 1
565 564 1
48 565 1
471 565 1
492 565 1
563 565 1
564 565 1
148 566 1
174 566 1
453 566 1
521 566 1
38 567 1
206 567 1
207 567 1
241 567 1
202 568 1
649 568 1
650 568 1
469 569 1
210 570 1
344 570 1
444 570 1
983 570 1
984 570 1
20 571 1
83 571 1
84 571 1
111 571 1
561 571 1
590 571 1
591 571 1
647 571 1
648 571 1
202 572 1
653 572 1
55 573 1
131 573 1
133 573 1
165 573 1
199 573 1
250 573 1
36 574 1
95 574 1
220 574 1
869 574 1
870 574 1
15 575 1
242 575 1
243 575 1
249 575 1
538 575 1
788 575 1
168 576 1
236 576 1
527 576 1
534 576 1
65 577 1
79 578 1
552 578 1
695 578 1
44 579 1
250 579 1
207 580 1
315 580 1
316 580 1
317 580 1
506 580 1
526 580 1
581 580 1
207 581 1
315 581 1
316 581 1
317 581 1
506 581 1
526 581 1
580 581 1
34 582 1
36 582 1
585 582 1
604 582 1
996 582 1
47 583 1
65 583 1
66 583 1
160 583 1
341 583 1
587 583 1
900 583 1
941 583 1
942 583 1
943 583 1
987 583 1
53 584 1
54 584 1
14 585 1
34 585 1
36 585 2
582 585 1
604 585 1
996 585 1
189 586 1
196 586 1
197 586 1
374 586 1
510 586 1
160 587 1
583 587 1
900 587 1
987 587 1
285 588 1
737 588 1
738 588 1
76 589 1
88 589 1
20 590 1
83 590 1
84 590 1
111 590 1
561 590 1
571 590 1
591 590 1
647 590 1
648 590 1
20 591 1
83 591 1
84 591 1
111 591 1
561 591 1
571 591 1
590 591 1
647 591 1
648 591 1
85 592 1
87 592 1
111 592 1
313 593 1
916 593 1
917 593 1
918 593 1
919 593 1
149 594 1
159 594 1
549 594 1
112 595 1
434 595 1
560 595 1
714 595 1
305 596 1
307 596 1
435 596 1
467 596 1
1001 596 1
21 597 1
112 597 1
199 597 1
266 597 1
328 597 1
409 597 2
434 597 1
494 597 1
645 597 1
646 597 1
705 597 1
752 597 1
753 597 1
754 597 1
45 598 1
64 598 1
65 598 1
66 598 1
268 598 1
269 598 1
341 598 1
450 598 1
801 598 1
26 599 1
135 599 1
282 599 1
475 599 1
600 599 1
807 599 1
282 600 1
599 600 1
387 601 1
405 601 1
447 601 1
458 601 1
901 601 1
902 601 1
903 601 1
137 602 1
696 602 1
697 602 1
13 603 1
116 603 1
157 603 1
335 603 1
382 603 1
716 603 1
34 604 1
36 604 1
582 604 1
585 604 1
996 604 1
606 605 1
607 605 1
605 606 1
607 606 1
605 607 1
606 607 1
609 608 1
608 609 1
328 610 1
476 610 1
611 610 1
328 611 1
476 611 1
610 611 1
30 612 1
614 613 1
613 614 1
162 615 1
169 615 1
244 615 1
812 615 1
617 616 1
616 617 1
214 618 1
396 619 1
397 619 1
426 620 1
621 620 1
622 620 1
426 621 1
620 621 1
622 621 1
426 622 1
620 622 1
621 622 1
139 623 1
624 623 1
139 624 1
623 624 1
144 625 1
78 626 1
106 626 1
190 626 1
480 626 1
481 626 1
381 627 1
628 627 1
381 628 1
627 628 1
305 629 1
320 629 1
321 629 1
483 629 1
167 630 1
404 631 1
632 631 1
404 632 1
631 632 1
201 633 1
86 634 1
90 634 1
508 634 1
635 634 1
86 635 1
90 635 1
508 635 1
634 635 1
266 636 1
637 636 1
638 636 1
266 637 1
636 637 1
638 637 1
266 638 1
636 638 1
637 638 1
350 639 1
640 639 1
350 640 1
639 640 1
194 641 1
643 642 1
644 642 1
642 643 1
644 643 1
642 644 1
643 644 1
409 645 1
597 645 1
646 645 1
409 646 1
597 646 1
645 646 1
20 647 1
83 647 1
84 647 1
111 647 1
561 647 1
571 647 1
590 647 1
591 647 1
648 647 1
20 648 1
83 648 1
84 648 1
111 648 1
561 648 1
571 648 1
590 648 1
591 648 1
647 648 1
13 649 1
116 649 1
202 649 2
302 649 1
509 649 1
568 649 1
650 649 2
757 649 1
13 650 1
116 650 1
202 650 2
302 650 1
509 650 1
568 650 1
649 650 2
757 650 1
415 651 1
652 651 1
415 652 1
651 652 1
202 653 1
572 653 1
273 654 1
251 655 1
305 655 1
656 655 1
251 656 1
305 656 1
655 656 1
336 657 1
658 657 1
330 658 1
336 658 1
486 658 1
657 658 1
763 658 1
98 659 1
313 660 1
362 660 1
479 660 1
661 660 1
662 660 1
313 661 1
362 661 1
479 661 1
660 661 1
662 661 1
313 662 1
362 662 1
479 662 1
660 662 1
661 662 1
299 663 1
335 663 1
152 664 1
325 664 2
459 664 1
665 664 2
666 664 1
667 664 1
668 664 1
669 664 1
670 664 1
671 664 1
152 665 1
325 665 2
459 665 1
664 665 2
666 665 1
667 665 1
668 665 1
669 665 1
670 665 1
671 665 1
152 666 1
325 666 1
459 666 1
664 666 1
665 666 1
667 666 1
668 666 1
669 666 1
670 666 1
671 666 1
152 667 1
325 667 1
459 667 1
664 667 1
665 667 1
666 667 1
668 667 1
669 667 1
670 667 1
671 667 1
152 668 1
325 668 1
459 668 1
664 668 1
665 668 1
666 668 1
667 668 1
669 668 1
670 668 1
671 668 1
152 669 1
325 669 1
459 669 1
664 669 1
665 669 1
666 669 1
667 669 1
668 669 1
670 669 1
671 669 1
152 670 1
325 670 1
459 670 1
664 670 1
665 670 1
666 670 1
667 670 1
668 670 1
669 670 1
671 670 1
152 671 1
325 671 1
459 671 1
664 671 1
665 671 1
666 671 1
667 671 1
668 671 1
669 671 1
670 671 1
336 672 1
674 673 1
673 674 1
118 675 1
204 675 1
227 675 1
76 676 1
677 676 1
76 677 1
676 677 1
445 678 1
177 679 1
359 679 1
394 679 1
395 679 1
436 680 1
143 681 2
682 681 2
683 681 2
939 681 1
940 681 1
143 682 2
681 682 2
683 682 2
939 682 1
940 682 1
143 683 2
681 683 2
682 683 2
939 683 1
940 683 1
50 684 1
114 684 1
401 684 1
402 684 1
685 684 1
686 684 1
50 685 1
114 685 1
401 685 1
402 685 1
684 685 1
686 685 1
50 686 1
114 686 1
401 686 1
402 686 1
684 686 1
685 686 1
50 687 1
402 687 1
689 688 1
690 688 1
688 689 1
690 689 1
386 690 1
387 690 1
688 690 1
689 690 1
707 690 1
964 690 1
965 690 1
966 690 1
967 690 1
12 691 1
318 691 1
67 692 1
389 692 1
552 692 1
556 692 1
557 692 1
693 692 1
67 693 1
389 693 1
552 693 1
556 693 1
557 693 1
692 693 1
10 694 1
79 695 1
552 695 1
578 695 1
137 696 1
602 696 1
697 696 1
137 697 1
602 697 1
696 697 1
338 698 1
339 698 1
340 698 1
379 698 1
501 698 1
699 698 1
700 698 1
701 698 1
338 699 1
339 699 1
340 699 1
379 699 1
501 699 1
698 699 1
700 699 1
701 699 1
338 700 1
339 700 1
340 700 1
379 700 1
501 700 1
698 700 1
699 700 1
701 700 1
338 701 1
339 701 1
340 701 1
379 701 1
501 701 1
698 701 1
699 701 1
700 701 1
354 702 1
504 703 1
551 703 1
704 703 1
504 704 1
551 704 1
703 704 1
21 705 1
112 705 2
199 705 1
266 705 2
328 705 1
409 705 1
434 705 1
494 705 1
597 705 1
706 705 1
752 705 1
753 705 1
754 705 1
112 706 1
266 706 1
705 706 1
386 707 1
387 707 1
690 707 1
530 708 1
103 709 1
151 709 1
532 709 1
533 709 1
545 709 1
26 710 1
411 710 1
31 711 1
171 712 2
306 712 2
346 713 1
112 714 3
434 714 3
560 714 2
595 714 1
224 715 1
13 716 1
116 716 1
157 716 1
335 716 1
382 716 1
603 716 1
27 717 1
237 717 1
385 717 1
497 717 1
224 718 1
719 718 1
224 719 1
718 719 1
70 720 1
71 720 1
243 720 1
376 720 1
721 720 1
70 721 1
71 721 1
243 721 1
376 721 1
720 721 1
723 722 1
722 723 1
77 724 1
415 724 1
154 725 2
228 725 1
311 725 1
727 726 1
728 726 1
729 726 1
730 726 1
726 727 1
728 727 1
729 727 1
730 727 1
726 728 1
727 728 1
729 728 1
730 728 1
726 729 1
727 729 1
728 729 1
730 729 1
726 730 1
727 730 1
728 730 1
729 730 1
32 731 1
52 731 1
272 731 2
273 731 1
421 731 1
732 731 1
733 731 1
32 732 1
272 732 1
421 732 1
731 732 1
733 732 1
32 733 1
272 733 1
421 733 1
731 733 1
732 733 1
219 734 1
735 734 1
736 734 1
219 735 1
734 735 1
736 735 1
219 736 1
734 736 1
735 736 1
285 737 1
588 737 1
738 737 1
191 738 1
285 738 1
588 738 1
737 738 1
751 738 2
997 738 1
31 739 1
134 739 1
470 739 1
518 740 1
377 741 1
473 741 1
474 741 1
742 741 1
377 742 1
473 742 1
474 742 1
741 742 1
49 743 1
103 743 1
107 743 1
125 743 1
343 744 2
349 744 1
423 744 2
927 744 1
194 745 1
119 746 1
747 746 1
119 747 1
746 747 1
358 748 1
148 749 1
388 749 1
411 749 1
346 750 1
368 750 1
399 750 1
428 750 1
429 750 1
840 750 1
841 750 1
842 750 1
843 750 1
844 750 1
738 751 2
21 752 1
112 752 1
199 752 1
266 752 1
328 752 1
409 752 1
434 752 1
494 752 1
597 752 1
705 752 1
753 752 1
754 752 1
21 753 1
112 753 1
199 753 1
266 753 1
328 753 1
409 753 1
434 753 1
494 753 1
597 753 1
705 753 1
752 753 1
754 753 1
21 754 1
112 754 1
199 754 1
266 754 1
328 754 1
409 754 1
434 754 1
494 754 1
597 754 1
705 754 1
752 754 1
753 754 1
105 755 1
386 755 1
387 755 1
43 756 1
104 756 1
122 756 1
130 756 1
150 756 1
171 756 1
516 756 1
522 756 1
531 756 1
541 756 1
550 756 1
13 757 1
116 757 1
202 757 1
302 757 1
509 757 1
649 757 1
650 757 1
324 758 1
134 759 1
172 759 1
188 760 1
324 760 1
105 761 1
112 762 1
199 762 1
262 762 1
772 762 1
773 762 1
774 762 1
775 762 1
776 762 1
777 762 1
330 763 1
486 763 1
658 763 1
127 764 1
187 764 1
765 764 1
42 765 1
127 765 2
187 765 2
764 765 1
22 766 1
363 766 1
275 767 1
325 767 1
334 767 1
424 767 1
768 767 1
769 767 1
275 768 1
325 768 1
334 768 1
424 768 1
767 768 1
769 768 1
275 769 1
325 769 1
334 769 1
424 769 1
767 769 1
768 769 1
101 770 1
102 770 1
309 771 1
348 771 1
262 772 1
762 772 1
773 772 1
774 772 1
775 772 1
776 772 1
777 772 1
262 773 1
762 773 1
772 773 1
774 773 1
775 773 1
776 773 1
777 773 1
262 774 1
762 774 1
772 774 1
773 774 1
775 774 1
776 774 1
777 774 1
262 775 1
762 775 1
772 775 1
773 775 1
774 775 1
776 775 1
777 775 1
262 776 1
762 776 1
772 776 1
773 776 1
774 776 1
775 776 1
777 776 1
262 777 1
762 777 1
772 777 1
773 777 1
774 777 1
775 777 1
776 777 1
260 778 1
8 779 1
499 779 1
780 779 1
8 780 1
499 780 1
779 780 1
129 781 1
199 781 1
93 782 1
284 782 1
452 782 1
783 782 1
784 782 1
93 783 1
284 783 1
451 783 1
452 783 1
782 783 1
784 783 1
934 783 1
93 784 1
284 784 1
452 784 1
782 784 1
783 784 1
35 785 1
36 785 1
58 785 1
95 785 1
220 785 1
254 785 1
354 786 1
260 787 1
346 787 1
243 788 1
575 788 1
289 789 1
392 789 1
393 789 1
790 789 1
224 790 1
289 790 1
392 790 1
393 790 1
789 790 1
819 790 1
820 790 1
121 791 1
108 792 1
416 792 1
186 793 1
794 793 1
186 794 1
793 794 1
217 795 1
223 795 1
797 796 1
798 796 1
799 796 1
796 797 1
798 797 1
799 797 1
796 798 1
797 798 1
799 798 1
796 799 1
797 799 1
798 799 1
354 800 1
412 800 1
45 801 1
64 801 1
65 801 1
66 801 1
268 801 1
269 801 1
341 801 1
450 801 1
598 801 1
57 802 1
180 802 1
422 802 1
380 803 1
804 803 1
380 804 1
803 804 1
806 805 1
805 806 1
26 807 1
135 807 1
475 807 1
599 807 1
155 808 1
353 808 1
361 808 1
810 809 1
811 809 1
809 810 1
811 810 1
809 811 1
810 811 1
615 812 1
76 813 1
815 814 1
816 814 1
814 815 1
816 815 1
814 816 1
815 816 1
430 817 1
482 817 1
326 818 1
519 818 1
224 819 1
790 819 1
820 819 1
224 820 1
790 820 1
819 820 1
156 821 1
822 821 1
823 821 1
824 821 1
156 822 1
821 822 1
823 822 1
824 822 1
156 823 1
821 823 1
822 823 1
824 823 1
156 824 1
821 824 1
822 824 1
823 824 1
209 825 1
364 825 1
446 825 1
826 825 1
827 825 1
209 826 1
364 826 1
446 826 1
825 826 1
827 826 1
209 827 1
364 827 1
446 827 1
825 827 1
826 827 1
241 828 1
6 829 1
225 829 1
375 829 1
830 829 1
831 829 1
6 830 1
225 830 1
375 830 1
829 830 1
831 830 1
6 831 1
225 831 1
375 831 1
829 831 1
830 831 1
343 832 1
423 832 1
254 833 1
420 833 1
50 834 1
402 834 1
477 834 1
835 834 1
50 835 1
402 835 1
477 835 1
834 835 1
134 836 1
40 837 1
98 837 1
126 837 1
542 837 1
558 837 1
838 837 1
40 838 1
98 838 1
126 838 1
542 838 1
558 838 1
837 838 1
113 839 1
254 839 1
282 839 1
346 840 1
368 840 1
428 840 1
429 840 1
750 840 1
841 840 1
842 840 1
843 840 1
844 840 1
346 841 1
368 841 1
428 841 1
429 841 1
750 841 1
840 841 1
842 841 1
843 841 1
844 841 1
346 842 1
368 842 1
428 842 1
429 842 1
750 842 1
840 842 1
841 842 1
843 842 1
844 842 1
346 843 1
368 843 1
428 843 1
429 843 1
750 843 1
840 843 1
841 843 1
842 843 1
844 843 1
346 844 1
368 844 1
428 844 1
429 844 1
750 844 1
840 844 1
841 844 1
842 844 1
843 844 1
310 845 1
846 845 1
310 846 1
845 846 1
72 847 1
80 847 1
345 847 1
80 848 1
345 848 1
27 849 1
198 849 1
253 849 1
464 849 1
202 850 1
331 851 1
460 851 1
852 851 1
331 852 1
460 852 1
851 852 1
854 853 1
853 854 1
258 855 1
100 856 1
443 856 1
449 856 1
857 856 1
100 857 1
443 857 1
449 857 1
856 857 1
51 858 1
54 858 1
355 859 1
860 859 1
355 860 1
859 860 1
346 861 1
21 862 1
328 862 1
548 863 1
865 864 1
866 864 1
867 864 1
864 865 1
866 865 1
867 865 1
864 866 1
865 866 1
867 866 1
864 867 1
865 867 1
866 867 1
11 868 1
74 868 1
75 868 1
36 869 1
95 869 1
220 869 1
574 869 1
870 869 1
36 870 1
95 870 1
220 870 1
574 870 1
869 870 1
59 871 1
65 871 1
138 871 1
178 871 1
498 871 1
969 871 1
179 872 1
450 872 1
873 872 1
179 873 1
450 873 1
872 873 1
36 874 1
210 874 1
254 874 1
448 874 1
875 874 1
36 875 1
210 875 1
254 875 1
448 875 1
874 875 1
386 876 2
37 877 1
166 877 1
231 877 1
238 877 1
878 877 1
37 878 1
166 878 1
231 878 1
238 878 1
877 878 1
120 879 1
211 879 1
418 879 1
523 879 1
524 879 1
880 879 1
925 879 1
1014 879 1
211 880 1
523 880 1
524 880 1
879 880 1
403 881 1
882 881 1
883 881 1
403 882 1
881 882 1
883 882 1
403 883 1
881 883 1
882 883 1
105 884 1
549 884 1
885 884 1
105 885 1
549 885 1
884 885 1
166 886 1
514 886 3
887 886 2
888 886 2
922 886 1
923 886 1
944 886 1
945 886 1
946 886 1
166 887 1
514 887 2
886 887 2
888 887 1
922 887 1
923 887 1
514 888 2
886 888 2
887 888 1
944 888 1
945 888 1
946 888 1
344 889 1
418 889 1
419 889 1
433 890 1
434 890 1
513 890 1
892 891 1
891 892 1
1031 892 1
1032 892 1
1033 892 1
1034 892 1
108 893 1
252 893 1
495 893 1
894 893 1
108 894 1
252 894 1
495 894 1
893 894 1
256 895 1
224 896 1
357 896 2
491 896 2
529 896 1
990 896 1
991 896 1
992 896 1
149 897 2
354 898 3
899 898 3
354 899 3
898 899 3
160 900 1
323 900 1
583 900 1
587 900 1
987 900 1
141 901 1
277 901 1
387 901 1
405 901 1
447 901 1
458 901 2
601 901 1
902 901 1
903 901 1
1024 901 1
1025 901 1
1026 901 1
1027 901 1
387 902 1
405 902 1
447 902 1
458 902 1
601 902 1
901 902 1
903 902 1
387 903 1
405 903 1
447 903 1
458 903 1
601 903 1
901 903 1
902 903 1
425 904 1
50 905 1
114 905 1
255 905 1
294 905 1
295 905 1
297 905 1
401 905 1
145 906 1
148 906 1
149 906 1
907 906 1
145 907 1
148 907 1
149 907 1
906 907 1
427 908 1
28 909 1
128 909 1
192 909 1
193 909 1
235 909 1
215 910 1
216 910 1
248 910 1
281 910 1
911 910 1
215 911 1
216 911 1
248 911 1
281 911 1
910 911 1
1002 911 1
1003 911 1
262 912 1
427 912 3
913 912 1
262 913 1
427 913 1
912 913 1
98 914 1
915 914 1
98 915 1
914 915 1
313 916 1
593 916 1
917 916 1
918 916 1
919 916 1
313 917 1
593 917 1
916 917 1
918 917 1
919 917 1
313 918 1
593 918 1
916 918 1
917 918 1
919 918 1
313 919 1
593 919 1
916 919 1
917 919 1
918 919 1
277 920 1
921 920 1
277 921 1
920 921 1
166 922 1
514 922 1
886 922 1
887 922 1
923 922 1
166 923 1
514 923 1
886 923 1
887 923 1
922 923 1
101 924 1
102 924 1
120 925 1
265 925 1
418 925 2
879 925 1
926 925 1
1014 925 1
265 926 1
418 926 1
925 926 1
343 927 1
349 927 1
423 927 1
744 927 1
82 928 1
93 928 1
412 928 1
347 929 1
233 930 1
398 930 1
931 930 1
233 931 1
398 931 1
930 931 1
17 932 1
933 932 1
17 933 1
932 933 1
451 934 2
783 934 1
998 934 1
999 934 1
1000 934 1
230 935 1
502 935 1
306 936 1
108 937 2
252 937 1
938 937 2
108 938 2
252 938 1
937 938 2
143 939 1
681 939 1
682 939 1
683 939 1
940 939 1
143 940 1
681 940 1
682 940 1
683 940 1
939 940 1
47 941 1
65 941 1
66 941 1
341 941 1
583 941 1
942 941 1
943 941 1
47 942 1
65 942 1
66 942 1
341 942 1
583 942 1
941 942 1
943 942 1
47 943 1
65 943 1
66 943 1
341 943 1
583 943 1
941 943 1
942 943 1
514 944 1
886 944 1
888 944 1
945 944 1
946 944 1
514 945 1
886 945 1
888 945 1
944 945 1
946 945 1
514 946 1
886 946 1
888 946 1
944 946 1
945 946 1
387 947 1
447 947 1
145 948 1
146 948 1
147 948 1
148 948 1
149 948 1
369 948 1
411 948 1
949 948 1
950 948 1
951 948 1
952 948 1
953 948 1
145 949 1
146 949 1
147 949 1
148 949 1
149 949 1
369 949 1
411 949 1
948 949 1
950 949 1
951 949 1
952 949 1
953 949 1
145 950 1
146 950 1
147 950 1
148 950 1
149 950 1
369 950 1
411 950 1
948 950 1
949 950 1
951 950 1
952 950 1
953 950 1
145 951 1
146 951 1
147 951 1
148 951 1
149 951 1
369 951 1
411 951 1
948 951 1
949 951 1
950 951 1
952 951 1
953 951 1
145 952 1
146 952 1
147 952 1
148 952 1
149 952 1
369 952 1
411 952 1
948 952 1
949 952 1
950 952 1
951 952 1
953 952 1
145 953 1
146 953 1
147 953 1
148 953 1
149 953 1
369 953 1
411 953 1
948 953 1
949 953 1
950 953 1
951 953 1
952 953 1
7 954 1
63 954 1
187 955 1
956 955 1
957 955 1
187 956 1
955 956 1
957 956 1
187 957 1
955 957 1
956 957 1
380 958 1
959 958 1
380 959 1
958 959 1
961 960 1
960 961 1
415 962 1
124 963 1
264 963 1
690 964 1
965 964 1
966 964 1
967 964 1
690 965 1
964 965 1
966 965 1
967 965 1
690 966 1
964 966 1
965 966 1
967 966 1
690 967 1
964 967 1
965 967 1
966 967 1
75 968 1
138 969 1
178 969 1
498 969 1
871 969 1
304 970 1
971 970 1
972 970 1
304 971 1
970 971 1
972 971 1
304 972 1
970 972 1
971 972 1
974 973 1
975 973 1
973 974 1
975 974 1
973 975 1
974 975 1
165 976 1
184 976 1
543 976 1
557 976 1
977 976 1
978 976 1
979 976 1
165 977 1
184 977 1
543 977 1
557 977 1
976 977 1
978 977 1
979 977 1
165 978 1
184 978 1
543 978 1
557 978 1
976 978 1
977 978 1
979 978 1
165 979 1
184 979 1
543 979 1
557 979 1
976 979 1
977 979 1
978 979 1
187 980 1
981 980 1
187 981 1
980 981 1
41 982 1
344 983 1
570 983 1
984 983 1
344 984 1
570 984 1
983 984 1
212 985 1
351 985 1
490 985 1
536 985 1
71 986 1
213 986 1
521 986 1
160 987 1
583 987 1
587 987 1
900 987 1
287 988 1
989 988 1
287 989 1
988 989 1
224 990 1
357 990 1
491 990 1
529 990 1
896 990 1
991 990 1
992 990 1
224 991 1
357 991 1
491 991 1
529 991 1
896 991 1
990 991 1
992 991 1
224 992 1
357 992 1
491 992 1
529 992 1
896 992 1
990 992 1
991 992 1
288 993 1
438 993 1
97 994 1
132 994 1
200 994 1
461 994 1
149 995 1
34 996 1
36 996 1
582 996 1
585 996 1
604 996 1
191 997 1
738 997 1
451 998 1
934 998 1
999 998 1
1000 998 1
451 999 1
934 999 1
998 999 1
1000 999 1
451 1000 1
934 1000 1
998 1000 1
999 1000 1
305 1001 1
307 1001 1
435 1001 1
467 1001 1
596 1001 1
911 1002 1
1003 1002 1
911 1003 1
1002 1003 1
4 1004 2
11 1004 2
73 1004 2
93 1004 1
1005 1004 2
1006 1004 2
4 1005 2
11 1005 2
73 1005 2
93 1005 1
1004 1005 2
1006 1005 2
4 1006 2
11 1006 2
73 1006 2
93 1006 1
1004 1006 2
1005 1006 2
417 1007 1
465 1007 1
422 1008 1
1009 1008 1
422 1009 1
1008 1009 1
264 1010 1
400 1010 1
1011 1010 1
1012 1010 1
1013 1010 1
264 1011 1
400 1011 1
1010 1011 1
1012 1011 1
1013 1011 1
264 1012 1
400 1012 1
1010 1012 1
1011 1012 1
1013 1012 1
264 1013 1
400 1013 1
1010 1013 1
1011 1013 1
1012 1013 1
120 1014 1
418 1014 1
879 1014 1
925 1014 1
187 1015 1
269 1015 1
108 1016 1
252 1016 1
1017 1016 1
108 1017 1
252 1017 1
1016 1017 1
296 1018 1
321 1018 1
1019 1018 1
296 1019 1
321 1019 1
1018 1019 1
245 1020 1
408 1020 1
437 1020 1
114 1021 1
286 1021 1
272 1022 1
91 1023 1
371 1023 1
141 1024 1
277 1024 1
458 1024 1
901 1024 1
1025 1024 1
1026 1024 1
1027 1024 1
141 1025 1
277 1025 1
458 1025 1
901 1025 1
1024 1025 1
1026 1025 1
1027 1025 1
141 1026 1
277 1026 1
458 1026 1
901 1026 1
1024 1026 1
1025 1026 1
1027 1026 1
141 1027 1
277 1027 1
458 1027 1
901 1027 1
1024 1027 1
1025 1027 1
1026 1027 1
71 1028 1
213 1028 1
447 1028 1
537 1028 1
544 1028 1
415 1029 1
287 1030 1
892 1031 1
1032 1031 1
1033 1031 1
1034 1031 1
892 1032 1
1031 1032 1
1033 1032 1
1034 1032 1
892 1033 1
1031 1033 1
1032 1033 1
1034 1033 1
892 1034 1
1031 1034 1
1032 1034 1
1033 1034 1
540 1035 1
1036 1035 1
1037 1035 1
540 1036 1
1035 1036 1
1037 1036 1
540 1037 1
1035 1037 1
1036 1037 1
224 1038 1
321 1038 1
460 1038 1
1039 1038 1
1040 1038 1
1041 1038 1
224 1039 1
321 1039 1
460 1039 1
1038 1039 1
1040 1039 1
1041 1039 1
224 1040 1
321 1040 1
460 1040 1
1038 1040 1
1039 1040 1
1041 1040 1
224 1041 1
321 1041 1
460 1041 1
1038 1041 1
1039 1041 1
1040 1041 1
