2 1 1
27 1 1
99 1 1
100 1 1
212 1 1
1035 1 2
1165 1 1
1303 1 4
1325 1 1
1 2 1
1325 2 1
223 3 1
5 4 1
68 4 5
199 4 1
238 4 2
401 4 3
425 4 1
466 4 1
855 4 2
925 4 3
1031 4 1
1328 4 1
1431 4 2
1434 4 1
1464 4 1
1540 4 1
1585 4 1
1649 4 1
1666 4 1
1744 4 1
1879 4 1
4 5 1
855 5 1
276 6 2
320 6 2
321 6 2
564 6 1
98 7 1
9 8 1
19 8 1
8 9 1
12 9 1
13 9 1
19 9 3
90 9 1
344 9 1
492 9 1
1205 9 1
1404 9 1
1554 9 1
1693 9 1
1773 9 1
1774 9 1
1834 9 1
1897 9 1
2041 9 1
2055 9 1
2303 9 1
2304 9 1
204 10 1
137 11 2
141 11 3
525 11 3
801 11 1
9 12 1
13 12 1
14 12 1
15 12 1
19 12 1
9 13 1
12 13 1
14 13 2
15 13 1
18 13 2
19 13 1
84 13 1
90 13 3
343 13 1
510 13 1
567 13 1
649 13 1
651 13 3
652 13 1
656 13 1
1295 13 1
2018 13 1
12 14 1
13 14 2
15 14 1
343 14 1
510 14 2
602 14 1
649 14 1
12 15 1
13 15 1
14 15 1
17 16 3
37 16 2
113 16 1
840 16 1
841 16 1
16 17 3
37 17 5
44 17 1
60 17 1
69 17 1
215 17 1
410 17 1
439 17 1
465 17 1
662 17 1
719 17 1
798 17 1
799 17 1
840 17 1
841 17 1
842 17 4
953 17 1
1002 17 2
1052 17 1
1227 17 1
1241 17 1
1319 17 1
1320 17 1
1422 17 1
1644 17 2
1645 17 1
1646 17 1
1886 17 1
13 18 2
84 18 1
90 18 1
651 18 1
656 18 1
1319 18 1
1869 18 1
8 19 1
9 19 3
12 19 1
13 19 1
90 19 1
285 20 1
496 20 1
763 20 1
1502 20 1
83 21 1
209 21 2
210 21 2
211 21 2
292 21 1
296 21 1
70 22 1
24 23 1
1497 23 1
1576 23 1
23 24 1
82 25 1
411 25 1
27 26 1
139 26 1
166 26 1
1321 26 1
1 27 1
26 27 1
36 27 1
55 27 2
853 27 1
1465 27 2
1466 27 2
1467 27 1
1749 27 1
139 28 1
30 29 1
40 29 1
734 29 1
822 29 2
827 29 1
1745 29 1
1894 29 1
1895 29 1
1896 29 1
29 30 1
822 30 1
716 31 1
284 32 1
430 32 1
50 33 1
54 33 1
585 33 1
586 33 1
659 33 1
35 34 1
41 34 1
254 34 1
413 34 1
667 34 1
1718 34 1
2364 34 1
34 35 1
201 35 1
640 35 3
728 35 1
27 36 1
55 36 1
1465 36 1
1466 36 1
1467 36 1
16 37 2
17 37 5
798 37 1
840 37 1
841 37 1
842 37 1
1002 37 1
89 38 1
203 38 1
187 39 1
366 39 1
1093 39 1
1115 39 1
1386 39 1
1647 39 1
1834 39 1
29 40 1
41 40 1
43 40 2
276 40 1
321 40 1
393 40 2
423 40 1
444 40 1
34 41 1
40 41 1
43 41 1
393 41 1
667 41 1
221 42 1
393 42 1
444 42 1
1843 42 1
1844 42 1
40 43 2
41 43 1
393 43 2
423 43 1
444 43 1
1144 43 1
1562 43 1
1563 43 1
1564 43 1
17 44 1
321 44 1
465 44 1
610 44 1
1923 44 1
2101 44 1
2102 44 1
56 45 1
127 45 1
213 45 1
217 45 1
1029 45 1
87 46 1
88 46 1
125 46 1
220 47 1
223 47 1
396 47 1
582 47 1
1129 47 1
152 48 1
1213 48 1
594 49 1
1227 49 1
1596 49 1
1597 49 1
2297 49 1
2298 49 1
2299 49 1
33 50 1
106 50 1
121 51 1
286 51 1
612 51 1
1227 51 1
1405 51 1
1644 51 1
1944 52 2
1945 52 1
157 53 1
2112 53 1
33 54 1
65 54 1
130 54 1
159 54 1
381 54 1
659 54 1
965 54 1
1283 54 2
1284 54 1
2347 54 1
27 55 2
36 55 1
1465 55 1
1466 55 1
1467 55 1
45 56 1
127 56 1
178 56 2
185 56 1
262 56 1
1058 56 1
1233 56 1
1298 56 1
58 57 1
59 57 1
62 57 1
338 57 1
563 57 1
996 57 6
1809 57 2
1883 57 1
2284 57 2
57 58 1
59 58 1
62 58 1
338 58 1
1061 58 1
1062 58 1
57 59 1
58 59 1
62 59 1
338 59 1
562 59 1
563 59 1
622 59 1
978 59 1
17 60 1
61 60 3
71 60 1
72 60 1
73 60 1
799 60 1
802 60 1
993 60 1
994 60 1
995 60 1
1422 60 1
2047 60 1
2048 60 1
60 61 3
335 61 2
370 61 1
418 61 1
994 61 1
995 61 1
2292 61 1
57 62 1
58 62 1
59 62 1
338 62 1
550 63 1
306 64 1
1117 64 1
54 65 1
130 65 1
965 65 1
949 66 1
464 67 1
648 67 1
4 68 5
199 68 1
401 68 1
855 68 1
925 68 2
1328 68 1
1399 68 1
1431 68 1
1434 68 1
1807 68 2
1808 68 1
17 69 1
410 69 1
439 69 1
662 69 1
22 70 1
60 71 1
72 71 1
73 71 1
60 72 1
71 72 1
73 72 1
60 73 1
71 73 1
72 73 1
85 74 1
318 74 1
942 75 1
1152 75 1
1032 76 3
224 77 1
234 77 1
453 77 1
342 78 1
81 79 1
802 80 1
79 81 1
136 81 1
1049 81 1
1050 81 1
25 82 1
411 82 1
719 82 1
952 82 1
1368 82 1
1369 82 1
21 83 1
292 83 1
296 83 2
13 84 1
18 84 1
90 84 1
651 84 1
74 85 1
252 86 1
678 86 1
688 86 2
1719 86 1
1822 86 1
46 87 1
88 87 2
125 87 1
46 88 1
87 88 2
125 88 1
38 89 1
91 89 1
203 89 1
9 90 1
13 90 3
18 90 1
19 90 1
84 90 1
651 90 1
804 90 1
1295 90 1
89 91 1
92 91 3
93 91 1
512 91 1
91 92 3
93 92 1
512 92 1
91 93 1
92 93 1
512 93 2
616 93 1
657 93 1
772 93 1
1755 93 1
1777 93 1
253 94 1
313 94 1
314 94 1
96 95 1
1143 95 1
1672 95 1
95 96 1
1143 96 1
112 97 1
421 97 3
881 97 1
893 97 1
1004 97 1
1438 97 1
7 98 1
1 99 1
1 100 1
102 101 1
295 101 1
101 102 1
295 102 1
104 103 1
105 103 1
103 104 1
105 104 2
820 104 1
1543 104 1
103 105 1
104 105 2
820 105 1
1543 105 1
50 106 1
184 106 1
1642 106 1
108 107 1
213 107 1
502 107 1
2158 107 1
107 108 1
883 108 1
884 108 1
110 109 1
109 110 1
139 111 1
171 111 1
198 111 1
355 111 1
469 111 4
489 111 1
540 111 2
882 111 1
1323 111 1
1695 111 1
1696 111 1
97 112 1
16 113 1
590 113 1
1393 113 1
1394 113 1
1646 113 1
1735 113 1
2093 113 1
137 114 4
369 114 1
634 114 2
778 114 2
1930 114 1
1931 114 1
2033 114 2
2076 114 1
2077 114 1
300 115 1
309 115 1
310 115 1
311 115 1
312 115 1
475 115 1
1370 115 1
157 116 1
225 116 2
273 116 2
1132 117 1
119 118 1
1076 118 1
1077 118 1
118 119 1
871 119 1
872 119 1
873 119 1
1076 119 1
1077 119 1
1177 119 1
1178 119 1
121 120 1
181 120 1
51 121 1
120 121 1
181 121 1
200 122 2
1578 122 1
2084 122 1
220 123 1
1023 124 1
1781 124 1
1782 124 1
46 125 1
87 125 1
88 125 1
174 126 2
175 126 1
229 126 1
231 126 1
259 126 1
544 126 1
45 127 1
56 127 1
1157 128 1
1214 128 1
1215 128 1
177 129 1
260 129 1
326 129 1
580 129 2
843 129 3
909 129 1
1158 129 1
1307 129 1
1308 129 1
1309 129 1
1310 129 1
1311 129 1
1312 129 1
1313 129 1
1314 129 1
1315 129 1
54 130 1
65 130 1
965 130 1
1398 130 1
132 131 1
131 132 1
194 133 1
1145 133 1
147 134 1
1026 134 1
1381 134 1
239 135 1
591 135 1
1234 135 1
1235 135 1
1484 135 1
1572 135 1
1573 135 1
1574 135 1
1575 135 1
81 136 1
537 136 1
566 136 1
584 136 1
927 136 3
932 136 1
1047 136 1
1048 136 1
1049 136 1
1050 136 1
1051 136 1
1052 136 1
1053 136 1
1081 136 1
1317 136 1
1365 136 2
1478 136 1
1480 136 1
1481 136 1
1529 136 1
1614 136 1
1710 136 1
1842 136 1
2180 136 1
2181 136 1
11 137 2
114 137 4
311 137 1
369 137 1
525 137 1
634 137 2
778 137 2
1344 137 1
1930 137 1
1931 137 1
2033 137 2
2076 137 1
2077 137 1
392 138 2
26 139 1
28 139 1
111 139 1
166 139 1
469 139 2
876 139 1
877 139 1
936 139 1
937 139 1
1113 139 1
1114 139 1
1233 139 1
1321 139 1
1322 139 1
1323 139 1
1485 139 1
1486 139 1
1652 139 1
515 140 1
1400 140 1
1401 140 1
1402 140 1
11 141 3
1092 142 1
144 143 1
143 144 1
146 145 1
267 145 1
1748 145 1
145 146 1
267 146 1
1748 146 1
134 147 1
1381 147 1
1432 147 1
1912 147 1
1928 147 1
1929 147 1
2090 147 1
2187 147 1
2188 147 1
2189 147 1
149 148 2
271 148 3
279 148 1
627 148 1
1181 148 1
2399 148 1
148 149 2
253 149 1
271 149 4
414 149 4
522 149 1
523 149 3
1181 149 1
1216 149 3
289 150 2
290 150 1
177 151 1
48 152 1
1213 152 1
154 153 1
173 153 1
257 153 1
326 153 2
328 153 1
422 153 2
933 153 1
153 154 1
173 154 2
198 154 1
933 154 1
997 154 1
198 155 1
355 155 1
540 155 1
625 156 1
53 157 1
116 157 1
1201 157 1
1202 157 1
2112 157 1
357 158 1
467 158 1
519 158 1
520 158 2
680 158 1
1245 158 1
1978 158 1
2341 158 1
2342 158 1
2343 158 1
54 159 1
381 159 1
2347 159 1
161 160 2
160 161 2
357 162 1
479 163 1
165 164 1
164 165 1
26 166 1
139 166 1
167 166 1
282 166 1
1321 166 1
166 167 1
282 167 1
446 168 1
762 168 1
171 169 1
171 170 2
172 170 2
315 170 2
111 171 1
169 171 1
170 171 2
172 171 2
315 171 2
1660 171 1
170 172 2
171 172 2
315 172 2
153 173 1
154 173 2
177 173 1
454 173 4
536 173 1
698 173 1
705 173 1
726 173 1
933 173 5
1024 173 1
1605 173 1
1795 173 3
1821 173 1
1926 173 1
2042 173 1
2267 173 1
126 174 2
229 174 1
126 175 1
259 175 1
504 176 1
505 176 1
129 177 1
151 177 1
173 177 1
218 177 1
251 177 1
323 177 1
516 177 1
580 177 1
708 177 1
734 177 1
822 177 1
843 177 1
1087 177 2
1440 177 1
1908 177 1
1990 177 2
56 178 2
1233 178 1
180 179 1
583 179 1
179 180 1
398 180 1
583 180 2
1555 180 1
120 181 1
121 181 1
248 181 2
477 182 1
232 183 1
106 184 1
1642 184 1
56 185 1
187 185 2
1058 185 1
1565 185 1
1566 185 1
1294 186 1
39 187 1
185 187 2
350 187 1
440 187 1
797 187 1
1011 187 1
1012 187 1
1093 187 1
1115 187 4
1306 187 1
1549 187 1
1678 187 3
1679 187 1
1697 187 1
1958 187 1
1959 187 2
2308 187 1
2309 187 1
189 188 1
188 189 1
1343 190 1
192 191 1
193 191 1
191 192 1
193 192 1
191 193 1
192 193 1
133 194 1
195 194 1
1026 194 2
1145 194 1
194 195 1
198 196 1
235 196 1
457 196 1
478 196 3
531 196 1
938 196 1
939 196 1
500 197 1
694 197 1
111 198 1
154 198 1
155 198 1
196 198 1
355 198 2
535 198 1
1258 198 1
4 199 1
68 199 1
855 199 1
122 200 2
1246 200 2
1470 200 1
1578 200 1
1953 200 1
2084 200 1
35 201 1
956 201 1
2193 201 1
2194 201 1
344 202 1
530 202 1
38 203 1
89 203 1
10 204 1
349 204 1
350 204 1
822 204 1
206 205 1
293 205 1
299 205 1
334 205 1
471 205 1
476 205 1
696 205 2
742 205 2
820 205 1
821 205 1
1360 205 1
205 206 1
631 207 1
749 207 1
847 207 1
848 207 1
849 207 2
1826 207 1
1827 207 1
2236 207 1
2237 207 1
1628 208 1
2146 208 1
21 209 2
210 209 2
211 209 2
21 210 2
209 210 2
211 210 2
242 210 1
21 211 2
209 211 2
210 211 2
1 212 1
45 213 1
107 213 1
217 213 1
502 213 1
2158 213 1
1119 214 1
17 215 1
1319 215 1
221 216 1
239 216 1
244 216 1
45 217 1
213 217 1
177 218 1
220 219 1
719 219 1
797 219 1
1117 219 1
1182 219 1
1183 219 1
1395 219 1
47 220 1
123 220 1
219 220 1
345 220 1
352 220 1
353 220 1
384 220 1
388 220 2
420 220 1
443 220 2
710 220 1
797 220 1
855 220 1
973 220 1
993 220 1
1129 220 1
1302 220 2
1395 220 1
1544 220 1
1593 220 1
1828 220 1
42 221 1
216 221 1
239 221 1
244 221 1
303 221 1
660 221 1
699 221 1
727 222 1
3 223 1
47 223 1
379 223 1
1140 223 1
77 224 1
234 224 1
116 225 2
273 225 2
227 226 1
228 226 1
1792 226 1
1793 226 1
1794 226 1
226 227 1
228 227 1
764 227 1
765 227 1
1792 227 1
1793 227 1
1794 227 1
1924 227 2
1925 227 1
226 228 1
227 228 1
326 228 1
327 228 1
503 228 1
1792 228 1
1793 228 1
1794 228 1
1865 228 1
1866 228 1
1868 228 1
126 229 1
174 229 1
1237 230 3
1624 230 1
126 231 1
449 231 1
1420 231 1
1421 231 1
183 232 1
233 232 1
737 232 1
232 233 1
737 233 1
77 234 1
224 234 1
797 234 2
1490 234 1
1551 234 1
196 235 1
457 235 1
516 235 1
938 235 1
939 235 1
291 236 1
308 236 1
309 236 4
312 236 1
335 236 1
376 236 2
377 236 1
386 236 1
413 236 3
663 236 1
1170 236 1
1242 236 1
1746 236 1
1747 236 1
1859 236 2
1860 236 1
1861 236 1
1862 236 2
1993 236 1
2283 236 1
2351 236 1
2352 236 1
644 237 2
4 238 2
135 239 1
216 239 1
221 239 1
244 239 1
591 239 1
1484 239 1
249 240 1
379 240 1
717 240 1
2002 240 1
293 241 1
294 241 1
305 241 1
755 241 1
756 241 1
1811 241 1
2279 241 1
210 242 1
1521 243 1
1522 243 1
216 244 1
221 244 1
239 244 1
1093 245 2
1094 245 1
998 246 1
999 246 1
1967 246 1
321 247 1
353 247 1
551 247 1
181 248 2
240 249 1
379 249 1
717 249 1
2002 249 1
1057 250 1
1713 250 1
177 251 1
363 251 1
1908 251 1
2344 251 1
86 252 1
688 252 1
1083 252 1
1719 252 1
94 253 1
149 253 1
271 253 2
272 253 1
313 253 1
314 253 1
329 253 3
330 253 4
380 253 2
400 253 2
414 253 1
523 253 1
615 253 1
2190 253 1
34 254 1
256 255 1
257 255 1
258 255 1
255 256 1
257 256 1
153 257 1
255 257 1
256 257 1
326 257 1
422 257 1
255 258 1
126 259 1
175 259 1
129 260 1
320 260 1
321 260 1
322 260 2
326 260 2
337 260 1
347 260 1
437 260 1
661 260 2
663 260 1
697 260 1
745 260 1
746 260 1
1168 260 1
1169 260 1
1307 260 1
1308 260 1
1309 260 1
1310 260 1
1311 260 1
1312 260 1
1313 260 1
1314 260 1
1315 260 1
1331 260 1
1621 260 1
1622 260 1
1630 260 1
1720 260 2
1841 260 1
1922 260 1
1974 260 1
1975 260 4
1976 260 1
2078 260 1
2191 260 1
2192 260 2
725 261 2
56 262 1
327 263 1
1714 263 1
2014 263 1
1260 264 1
382 265 1
1242 265 1
2272 266 1
2273 266 1
145 267 1
146 267 1
1673 267 1
1748 267 1
271 268 1
317 268 1
319 268 2
336 268 1
1375 268 1
1613 268 1
270 269 1
269 270 1
148 271 3
149 271 4
253 271 2
268 271 1
306 271 1
307 271 3
331 271 1
351 271 1
394 271 1
414 271 2
523 271 2
596 271 2
597 271 1
620 271 3
1181 271 1
1216 271 1
2190 271 1
253 272 1
329 272 1
400 272 1
116 273 2
225 273 2
639 274 1
730 274 1
1156 275 1
1734 275 1
2126 275 1
6 276 2
40 276 1
320 276 3
321 276 6
564 276 1
611 276 1
278 277 1
1171 277 1
277 278 1
1171 278 1
148 279 1
280 279 1
281 279 6
494 279 1
627 279 1
632 279 1
776 279 2
1707 279 1
2227 279 1
2228 279 1
2328 279 1
279 280 1
281 280 1
279 281 6
280 281 1
298 281 1
392 281 1
427 281 2
487 281 2
609 281 1
670 281 1
776 281 4
923 281 1
1027 281 1
1028 281 1
1707 281 1
2220 281 1
2256 281 1
166 282 1
167 282 1
896 283 1
897 283 1
32 284 1
304 284 1
430 284 1
748 284 1
20 285 1
496 285 1
763 285 1
1502 285 1
51 286 1
288 287 1
287 288 1
150 289 2
290 289 1
150 290 1
289 290 1
236 291 1
413 291 1
21 292 1
83 292 1
296 292 1
205 293 1
241 293 1
294 293 1
299 293 1
1360 293 1
241 294 1
293 294 1
101 295 1
102 295 1
542 295 1
1180 295 1
1687 295 1
21 296 1
83 296 2
292 296 1
431 296 1
594 296 1
1600 296 1
1750 297 1
1751 297 1
1752 297 1
281 298 1
429 298 1
499 298 1
665 298 1
1027 298 1
1028 298 2
2372 298 1
205 299 1
293 299 1
300 299 1
339 299 3
340 299 3
341 299 3
354 299 1
397 299 1
528 299 2
529 299 1
1360 299 1
1781 299 1
1782 299 1
1904 299 2
1905 299 2
1987 299 1
2229 299 1
115 300 1
299 300 1
354 300 1
397 300 1
475 300 1
490 300 1
528 300 1
957 300 1
1370 300 1
783 301 1
1986 301 1
431 302 1
221 303 1
699 303 1
284 304 1
241 305 1
1811 305 1
64 306 1
271 306 1
307 306 2
572 306 1
613 306 1
620 306 1
702 306 1
1117 306 1
1753 306 1
1754 306 1
271 307 3
306 307 2
331 307 2
620 307 2
646 307 1
729 307 1
236 308 1
335 308 1
390 308 1
115 309 1
236 309 4
310 309 2
311 309 2
312 309 3
386 309 1
115 310 1
309 310 2
311 310 2
312 310 2
115 311 1
137 311 1
309 311 2
310 311 2
312 311 2
1344 311 1
115 312 1
236 312 1
309 312 3
310 312 2
311 312 2
94 313 1
253 313 1
314 313 1
94 314 1
253 314 1
313 314 1
170 315 2
171 315 2
172 315 2
317 316 1
1730 316 1
268 317 1
316 317 1
319 317 1
1730 317 1
74 318 1
268 319 2
317 319 1
6 320 2
260 320 1
276 320 3
321 320 4
322 320 1
444 320 1
564 320 1
2173 320 1
2174 320 1
2175 320 1
2176 320 1
2177 320 1
2178 320 1
6 321 2
40 321 1
44 321 1
247 321 1
260 321 1
276 321 6
320 321 4
322 321 1
330 321 1
333 321 1
353 321 1
551 321 1
558 321 1
564 321 1
611 321 1
260 322 2
320 322 1
321 322 1
347 322 1
177 323 1
434 324 1
435 324 1
327 325 1
129 326 1
153 326 2
228 326 1
257 326 1
260 326 2
327 326 1
328 326 2
422 326 1
456 326 1
552 326 1
569 326 1
571 326 2
661 326 2
663 326 2
734 326 1
843 326 1
1391 326 1
1392 326 1
1432 326 1
1839 326 1
1841 326 1
228 327 1
263 327 1
325 327 1
326 327 1
805 327 1
1005 327 1
1091 327 1
1714 327 2
1715 327 1
1716 327 1
1841 327 1
2014 327 1
2171 327 1
2318 327 1
2319 327 1
153 328 1
326 328 2
569 328 1
571 328 1
662 328 1
1333 328 1
2148 328 1
2149 328 1
253 329 3
272 329 1
330 329 1
400 329 1
253 330 4
321 330 1
329 330 1
333 330 1
380 330 2
558 330 1
271 331 1
307 331 2
620 331 1
392 332 1
752 332 1
2220 332 1
321 333 1
330 333 1
558 333 1
205 334 1
61 335 2
236 335 1
308 335 1
346 335 1
353 335 1
370 335 1
418 335 1
2292 335 1
268 336 1
260 337 1
630 337 1
697 337 1
57 338 1
58 338 1
59 338 1
62 338 1
465 338 1
1444 338 1
1806 338 1
2128 338 1
2157 338 1
2317 338 1
2333 338 1
299 339 3
340 339 3
341 339 3
2229 339 1
299 340 3
339 340 3
341 340 3
2229 340 1
299 341 3
339 341 3
340 341 3
2229 341 1
2375 341 1
2376 341 1
78 342 1
13 343 1
14 343 1
510 343 1
649 343 1
9 344 1
202 344 1
530 344 1
220 345 1
335 346 1
353 346 3
421 346 1
527 346 1
2238 346 1
2334 346 1
2335 346 1
2336 346 1
2337 346 1
2338 346 1
260 347 1
322 347 1
533 347 1
550 348 1
204 349 1
350 349 3
378 349 1
842 349 1
1319 349 1
1874 349 1
2316 349 1
2382 349 1
187 350 1
204 350 1
349 350 3
378 350 1
699 350 1
1064 350 1
1115 350 1
1166 350 1
1167 350 1
1678 350 1
2221 350 1
2345 350 1
271 351 1
394 351 1
220 352 1
443 352 1
465 352 1
1723 352 1
1872 352 1
220 353 1
247 353 1
321 353 1
335 353 1
346 353 3
415 353 1
527 353 1
551 353 1
799 353 1
887 353 1
888 353 1
1302 353 1
1316 353 1
1334 353 2
1576 353 1
299 354 1
300 354 1
397 354 1
528 354 1
111 355 1
155 355 1
198 355 2
668 355 1
881 355 1
882 355 1
1954 356 1
158 357 1
162 357 1
467 357 1
359 358 1
360 358 1
361 358 1
362 358 2
399 358 2
426 358 1
437 358 1
503 358 1
530 358 1
1212 358 1
1251 358 1
1252 358 1
358 359 1
360 359 1
361 359 1
362 359 1
358 360 1
359 360 1
361 360 1
362 360 1
358 361 1
359 361 1
360 361 1
362 361 1
358 362 2
359 362 1
360 362 1
361 362 1
677 362 1
1212 362 2
251 363 1
2344 363 1
1331 364 1
1474 365 1
1475 365 1
39 366 1
1834 366 1
1767 367 1
369 368 1
1961 368 1
114 369 1
137 369 1
368 369 1
1961 369 1
2076 369 1
2077 369 1
61 370 1
335 370 1
2292 370 1
372 371 1
373 371 1
371 372 1
373 372 2
371 373 1
372 373 2
526 373 1
1335 373 1
1336 373 1
375 374 3
1332 374 1
1639 374 2
2346 374 1
374 375 3
604 375 1
822 375 1
1332 375 1
1345 375 1
1346 375 1
1639 375 2
2346 375 1
236 376 2
377 376 1
663 376 1
1170 376 1
236 377 1
376 377 1
1170 377 1
349 378 1
350 378 1
223 379 1
240 379 1
249 379 1
662 379 1
663 379 1
717 379 2
719 379 1
799 379 1
1145 379 1
1157 379 1
1399 379 2
1403 379 1
1531 379 1
1666 379 1
1876 379 1
2002 379 1
253 380 2
330 380 2
54 381 1
159 381 1
2347 381 1
265 382 1
1111 382 1
1112 382 1
1242 382 1
1874 382 1
1875 382 1
2366 382 1
447 383 1
758 383 1
788 383 1
1324 383 1
220 384 1
388 384 1
1119 384 1
1763 385 1
236 386 1
309 386 1
436 387 1
220 388 2
384 388 1
671 389 1
672 389 1
308 390 1
669 391 1
677 391 1
138 392 2
281 392 1
332 392 1
752 392 1
1833 392 1
2220 392 3
2223 392 1
40 393 2
41 393 1
42 393 1
43 393 2
423 393 1
444 393 2
1843 393 1
1844 393 1
271 394 1
351 394 1
548 395 1
690 395 1
791 395 1
854 395 1
864 395 1
922 395 1
1577 395 1
2380 395 1
47 396 1
299 397 1
300 397 1
354 397 1
528 397 1
180 398 1
583 398 1
1555 398 1
358 399 2
426 399 1
527 399 2
934 399 1
253 400 2
272 400 1
329 400 1
4 401 3
68 401 1
1031 401 1
1328 401 1
1744 401 1
403 402 1
402 403 1
1483 404 1
406 405 1
407 405 1
408 405 1
405 406 1
407 406 1
408 406 1
439 406 2
1650 406 3
2094 406 1
2195 406 1
405 407 1
406 407 1
408 407 1
405 408 1
406 408 1
407 408 1
1066 409 1
17 410 1
69 410 1
439 410 1
662 410 1
25 411 1
82 411 1
413 412 2
558 412 1
559 412 1
560 412 1
2325 412 1
34 413 1
236 413 3
291 413 1
412 413 2
415 413 1
538 413 1
558 413 1
559 413 1
560 413 1
734 413 1
797 413 1
804 413 1
856 413 2
857 413 2
906 413 1
1055 413 1
1067 413 1
1068 413 1
1115 413 1
1219 413 1
1242 413 1
1244 413 2
1496 413 1
1497 413 1
1604 413 1
1650 413 1
1746 413 1
1747 413 1
1799 413 1
1800 413 1
1801 413 1
1810 413 4
1853 413 1
1968 413 1
2015 413 1
2016 413 1
2017 413 1
2288 413 2
2289 413 1
2325 413 1
2364 413 1
149 414 4
253 414 1
271 414 2
522 414 1
523 414 3
1216 414 3
353 415 1
413 415 1
594 415 1
1175 415 1
1505 415 1
1900 415 1
2360 415 1
2370 415 1
2381 415 1
2395 415 1
2396 415 1
417 416 1
603 416 1
698 416 2
699 416 3
1005 416 2
1006 416 2
1727 416 1
1728 416 1
2029 416 1
2030 416 1
2031 416 1
416 417 1
698 417 1
61 418 1
335 418 1
498 419 1
2290 419 1
2291 419 1
220 420 1
710 420 1
97 421 3
346 421 1
881 421 1
893 421 2
1004 421 1
1529 421 1
2238 421 1
153 422 2
257 422 1
326 422 1
516 422 1
691 422 1
692 422 1
768 422 2
769 422 2
865 422 1
1299 422 1
40 423 1
43 423 1
393 423 1
444 423 1
550 424 1
1997 424 1
4 425 1
1879 425 1
358 426 1
399 426 1
281 427 2
486 427 2
487 427 2
488 427 2
1021 427 1
1936 427 1
432 428 1
433 428 1
298 429 1
499 429 1
665 429 1
1028 429 2
2010 429 1
32 430 1
284 430 1
532 430 1
296 431 1
302 431 1
593 431 1
594 431 3
595 431 1
1600 431 1
428 432 1
433 432 1
428 433 1
432 433 1
485 433 3
1224 433 2
2249 433 1
324 434 1
435 434 2
1172 434 1
324 435 1
434 435 2
1172 435 1
387 436 1
260 437 1
358 437 1
530 437 1
1023 437 1
1024 437 1
1720 437 1
1224 438 1
17 439 1
69 439 1
406 439 2
410 439 1
662 439 1
1650 439 1
187 440 1
1959 440 1
958 441 2
797 442 2
1549 442 1
1797 442 1
1798 442 1
2152 442 1
2153 442 1
220 443 2
352 443 1
40 444 1
42 444 1
43 444 1
320 444 1
393 444 2
423 444 1
1843 444 1
1844 444 1
2173 444 1
2174 444 1
2175 444 1
2176 444 1
2177 444 1
2178 444 1
1982 445 1
168 446 1
762 446 1
2371 446 1
383 447 1
524 447 1
788 447 1
1589 447 1
1590 447 1
1591 447 1
513 448 1
514 448 1
231 449 1
581 449 1
968 449 1
969 449 1
1088 449 1
1232 449 1
1506 449 1
1507 449 1
1064 450 1
2024 450 1
2202 450 2
737 451 1
739 451 1
1032 452 1
1208 452 1
77 453 1
173 454 4
536 454 1
726 454 1
1821 454 1
1926 454 1
2042 454 1
2267 454 1
1263 455 1
326 456 1
661 456 2
662 456 1
663 456 2
1316 456 2
1839 456 1
2135 456 1
196 457 1
235 457 1
938 457 1
939 457 1
459 458 1
458 459 1
822 459 1
1541 459 1
1542 459 1
695 460 3
1116 460 2
547 461 1
1780 461 1
463 462 2
511 462 1
462 463 2
511 463 1
67 464 1
17 465 1
44 465 1
338 465 1
352 465 1
527 465 1
1129 465 2
1444 465 2
1723 465 1
1806 465 1
1825 465 2
1872 465 2
2157 465 1
4 466 1
158 467 1
357 467 1
701 468 2
1104 468 1
111 469 4
139 469 2
882 469 1
936 469 1
937 469 1
1323 469 1
1695 469 1
1696 469 1
471 470 1
476 470 1
205 471 1
470 471 1
476 471 3
696 471 1
1592 472 1
474 473 1
1676 473 1
1677 473 1
473 474 1
849 474 1
1676 474 1
1677 474 1
1726 474 1
115 475 1
300 475 1
1370 475 1
205 476 1
470 476 1
471 476 3
696 476 1
182 477 1
561 477 1
568 477 1
196 478 3
163 479 1
635 480 1
698 480 3
883 480 1
1100 480 1
1101 480 1
1174 480 3
1227 480 1
1464 480 2
1514 480 2
1523 480 2
1556 480 1
1617 480 1
1646 480 1
1845 480 1
1909 480 1
1941 480 1
1943 480 1
2000 480 1
2159 480 2
2160 480 2
2240 480 1
2241 480 1
2255 480 1
2383 480 1
543 481 1
757 481 1
1960 481 1
483 482 2
576 482 1
724 482 1
482 483 2
576 483 1
724 483 1
935 484 1
433 485 3
1224 485 2
1742 485 1
2249 485 1
427 486 2
488 486 2
1119 486 1
281 487 2
427 487 2
427 488 2
486 488 2
111 489 1
300 490 1
957 490 1
719 491 1
9 492 1
731 493 3
2218 493 4
2219 493 1
279 494 1
495 494 1
1901 494 1
2328 494 1
494 495 1
1901 495 1
20 496 1
285 496 1
763 496 1
1502 496 1
1761 497 1
419 498 1
2290 498 1
2291 498 1
298 499 1
429 499 1
665 499 1
1028 499 1
197 500 1
694 500 1
815 500 1
816 500 1
948 501 1
107 502 1
213 502 1
2158 502 1
228 503 1
358 503 1
1251 503 1
1252 503 1
1868 503 1
176 504 1
505 504 1
176 505 1
504 505 1
1230 506 1
1462 506 1
2074 507 1
942 508 1
1667 509 1
1668 509 1
1669 509 1
13 510 1
14 510 2
343 510 1
649 510 1
462 511 1
463 511 1
91 512 1
92 512 1
93 512 2
772 512 1
448 513 1
514 513 1
448 514 1
513 514 1
140 515 1
1400 515 1
1401 515 1
1402 515 1
177 516 1
235 516 1
422 516 1
2034 517 1
2035 517 1
1185 518 1
2163 518 1
2164 518 1
158 519 1
158 520 2
680 520 1
681 520 1
747 520 1
761 520 1
1812 520 1
1813 520 1
1856 520 1
1978 520 1
2341 520 1
2342 520 1
2343 520 1
563 521 1
579 521 1
622 521 1
1927 521 1
2233 521 1
149 522 1
414 522 1
1216 522 1
149 523 3
253 523 1
271 523 2
414 523 3
1216 523 2
447 524 1
1589 524 1
1590 524 1
1591 524 1
11 525 3
137 525 1
373 526 1
1335 526 1
1336 526 1
346 527 1
353 527 1
399 527 2
465 527 1
885 527 1
934 527 1
1129 527 1
1175 527 2
1242 527 1
1535 527 1
1536 527 1
1537 527 1
1626 527 1
1837 527 1
1838 527 1
1900 527 1
2027 527 1
2239 527 1
299 528 2
300 528 1
354 528 1
397 528 1
529 528 1
299 529 1
528 529 1
202 530 1
344 530 1
358 530 1
437 530 1
1454 530 1
1625 530 1
2061 530 1
196 531 1
532 531 3
430 532 1
531 532 3
618 532 1
347 533 1
2111 533 1
762 534 1
198 535 1
540 535 1
952 535 1
1258 535 1
1787 535 1
1788 535 1
173 536 1
454 536 1
2267 536 1
136 537 1
413 538 1
1799 538 1
1800 538 1
1801 538 1
1237 539 1
2043 539 1
111 540 2
155 540 1
535 540 1
1586 541 1
1587 541 1
1588 541 1
2278 541 1
295 542 1
481 543 1
757 543 1
1960 543 1
126 544 1
1237 544 1
546 545 1
2365 545 1
545 546 1
2365 546 1
461 547 1
1780 547 1
395 548 1
791 548 2
792 548 1
864 548 1
1515 549 3
63 550 1
348 550 1
424 550 1
645 550 2
698 550 1
1110 550 1
1141 550 1
1159 550 1
1997 550 1
2285 550 1
2286 550 1
2287 550 1
247 551 1
321 551 1
353 551 1
326 552 1
734 552 2
1095 552 1
600 553 1
712 553 1
555 554 1
556 554 1
557 554 1
2307 554 1
554 555 1
556 555 1
557 555 1
2307 555 1
554 556 1
555 556 1
557 556 1
2307 556 1
554 557 1
555 557 1
556 557 1
2307 557 1
321 558 1
330 558 1
333 558 1
412 558 1
413 558 1
559 558 1
560 558 1
575 558 1
614 558 1
412 559 1
413 559 1
558 559 1
560 559 1
412 560 1
413 560 1
558 560 1
559 560 1
477 561 1
568 561 1
617 561 2
1000 561 1
2071 561 1
2079 561 1
59 562 1
563 562 7
589 562 1
622 562 2
978 562 2
1806 562 1
1873 562 1
2022 562 1
2023 562 1
2140 562 1
2232 562 1
57 563 1
59 563 1
521 563 1
562 563 7
579 563 1
622 563 3
722 563 1
723 563 1
978 563 2
996 563 1
1190 563 1
1806 563 1
1873 563 1
1927 563 2
2022 563 1
2023 563 1
2140 563 1
2232 563 1
6 564 1
276 564 1
320 564 1
321 564 1
1627 565 1
136 566 1
13 567 1
651 567 1
2036 567 1
2037 567 1
2038 567 1
477 568 1
561 568 1
326 569 1
328 569 1
571 569 1
738 570 1
1479 570 1
326 571 2
328 571 1
569 571 1
1391 571 2
1392 571 1
306 572 1
720 573 2
759 574 1
760 574 1
558 575 1
614 575 1
482 576 1
483 576 1
774 577 1
1018 577 1
1552 577 2
1553 577 2
878 578 1
521 579 1
563 579 1
1927 579 1
2233 579 1
129 580 2
177 580 1
843 580 2
449 581 1
968 581 1
969 581 1
47 582 1
179 583 1
180 583 2
398 583 1
1555 583 1
136 584 1
1782 584 1
1880 584 1
1881 584 1
1882 584 1
2180 584 1
2181 584 1
33 585 1
586 585 1
33 586 1
585 586 1
2121 587 1
2122 587 1
817 588 1
1846 588 1
1847 588 1
562 589 1
1445 589 2
1446 589 2
1447 589 1
1947 589 1
113 590 1
135 591 1
239 591 1
1484 591 1
1217 592 1
431 593 1
594 593 1
595 593 1
49 594 1
296 594 1
415 594 1
431 594 3
593 594 1
595 594 3
633 594 1
811 594 1
812 594 1
817 594 1
836 594 1
1091 594 2
1176 594 1
1227 594 1
1503 594 1
1504 594 1
1505 594 2
1596 594 1
1597 594 1
1600 594 1
1601 594 1
1602 594 1
1603 594 1
1855 594 1
431 595 1
593 595 1
594 595 3
797 595 1
836 595 1
1019 595 1
1040 595 1
1041 595 1
1084 595 1
1085 595 4
1086 595 1
1091 595 1
1176 595 1
1238 595 1
1264 595 1
1595 595 1
1853 595 2
1854 595 1
271 596 2
597 596 1
271 597 1
596 597 1
599 598 1
1220 598 1
598 599 1
601 599 1
993 599 1
1203 599 1
1204 599 1
1205 599 1
1220 599 1
553 600 1
712 600 3
713 600 2
1221 600 1
1222 600 1
1223 600 2
599 601 1
993 601 1
1203 601 1
1204 601 1
1205 601 1
14 602 1
416 603 1
699 603 1
1727 603 1
375 604 1
822 604 1
1345 604 1
1346 604 1
775 605 1
797 605 1
801 606 1
1279 606 1
1702 607 1
1705 607 1
1706 607 1
1823 608 1
281 609 1
670 609 1
44 610 1
1625 610 1
2001 610 1
276 611 1
321 611 1
51 612 1
306 613 1
558 614 1
575 614 1
253 615 1
93 616 1
657 616 1
1755 616 1
561 617 2
2071 617 1
2079 617 1
532 618 1
632 619 1
753 619 1
754 619 1
2222 619 1
271 620 3
306 620 1
307 620 2
331 620 1
1071 621 1
59 622 1
521 622 1
562 622 2
563 622 3
978 622 2
1029 622 1
1227 622 1
1927 622 1
624 623 1
1072 623 1
1073 623 1
623 624 1
691 624 1
693 624 1
835 624 1
1072 624 1
1073 624 1
156 625 1
983 626 1
148 627 1
279 627 1
1261 628 2
1262 628 2
1262 629 1
337 630 1
959 630 1
960 630 1
961 630 1
962 630 1
963 630 1
964 630 1
207 631 1
749 631 1
2236 631 1
2237 631 1
279 632 1
619 632 1
753 632 1
754 632 1
1105 632 1
1106 632 1
1107 632 1
2222 632 1
2227 632 1
2228 632 1
594 633 1
811 633 1
812 633 1
114 634 2
137 634 2
778 634 1
2033 634 2
480 635 1
1002 635 1
1066 635 2
1219 635 2
1253 635 1
1513 635 1
1523 635 5
1526 635 1
1646 635 1
1943 635 1
2032 635 1
2159 635 1
2160 635 1
2268 635 1
1544 636 1
2054 636 1
638 637 1
1848 637 1
637 638 1
1848 638 1
274 639 1
730 639 1
35 640 3
642 641 1
643 641 1
641 642 1
643 642 1
641 643 1
642 643 1
237 644 2
550 645 2
1110 645 1
1430 645 1
307 646 1
729 646 1
2186 647 1
67 648 1
13 649 1
14 649 1
343 649 1
510 649 1
664 650 1
13 651 3
18 651 1
84 651 1
90 651 1
567 651 1
652 651 1
2018 651 1
13 652 1
651 652 1
2018 652 1
654 653 1
658 653 1
673 653 2
653 654 1
658 654 1
673 654 1
2358 655 1
13 656 1
18 656 1
93 657 1
616 657 1
1755 657 1
653 658 1
654 658 1
673 658 1
33 659 1
54 659 1
676 659 1
221 660 1
894 660 1
895 660 2
260 661 2
326 661 2
456 661 2
662 661 1
663 661 3
1839 661 1
1841 661 1
1975 661 1
2192 661 1
17 662 1
69 662 1
328 662 1
379 662 1
410 662 1
439 662 1
456 662 1
661 662 1
663 662 3
1333 662 2
1432 662 1
1433 662 1
1666 662 1
1976 662 1
2221 662 1
236 663 1
260 663 1
326 663 2
376 663 1
379 663 1
456 663 2
661 663 3
662 663 3
1628 663 1
1666 663 1
1839 663 1
1841 663 1
1976 663 1
2221 663 1
650 664 1
298 665 1
429 665 1
499 665 1
1028 665 1
1122 666 1
1615 666 1
1616 666 1
34 667 1
41 667 1
355 668 1
391 669 1
281 670 1
609 670 1
389 671 1
672 671 1
389 672 1
671 672 1
653 673 2
654 673 1
658 673 1
675 674 1
674 675 1
659 676 1
362 677 1
391 677 1
1212 677 1
86 678 1
1227 678 1
1822 678 1
1849 678 1
1850 678 1
2257 679 1
158 680 1
520 680 1
1978 680 1
520 681 1
747 681 1
767 681 1
1812 681 1
1813 681 1
2066 681 1
2067 681 1
2068 681 1
683 682 1
684 682 1
866 682 1
867 682 1
868 682 1
869 682 1
870 682 1
682 683 1
684 683 1
866 683 1
867 683 1
868 683 1
869 683 1
870 683 1
682 684 1
683 684 1
866 684 1
867 684 1
868 684 1
869 684 1
870 684 1
686 685 1
685 686 1
974 687 1
86 688 2
252 688 1
976 688 1
977 688 1
979 688 1
1719 688 1
696 689 1
395 690 1
854 690 1
422 691 1
624 691 1
692 691 1
693 691 1
835 691 1
865 691 1
422 692 1
691 692 1
865 692 1
624 693 1
691 693 1
835 693 1
197 694 1
500 694 1
460 695 3
1116 695 2
205 696 2
471 696 1
476 696 1
689 696 1
820 696 1
821 696 1
943 696 1
1282 696 1
1629 696 1
260 697 1
337 697 1
173 698 1
416 698 2
417 698 1
480 698 3
550 698 1
699 698 1
834 698 1
1005 698 1
1159 698 2
1160 698 1
1514 698 2
1605 698 1
1728 698 1
2240 698 1
2241 698 1
2255 698 1
2383 698 1
221 699 1
303 699 1
350 699 1
416 699 3
603 699 1
698 699 1
709 699 1
817 699 1
819 699 1
1005 699 2
1006 699 1
1167 699 2
1623 699 2
1724 699 1
1725 699 1
1727 699 1
1728 699 1
1824 699 2
2243 699 1
1514 700 1
1845 700 2
468 701 2
1104 701 1
306 702 1
704 703 1
703 704 1
984 704 1
985 704 1
986 704 1
173 705 1
1795 705 1
707 706 1
706 707 1
177 708 1
1440 708 1
699 709 1
1167 709 1
220 710 1
420 710 1
914 710 2
915 710 1
1637 710 1
1065 711 2
1066 711 2
553 712 1
600 712 3
1221 712 2
1222 712 1
600 713 2
1223 713 1
2264 714 1
741 715 1
766 715 1
1482 715 1
31 716 1
240 717 1
249 717 1
379 717 2
2002 717 1
1338 718 1
17 719 1
82 719 1
219 719 1
379 719 1
491 719 1
952 719 2
953 719 2
954 719 1
955 719 1
1368 719 1
1369 719 1
1422 719 1
1531 719 1
573 720 2
826 721 1
563 722 1
723 722 1
1190 722 1
563 723 1
722 723 1
1190 723 1
1224 723 1
1342 723 1
482 724 1
483 724 1
261 725 2
173 726 1
454 726 1
2042 726 1
222 727 1
35 728 1
307 729 1
646 729 1
777 729 1
274 730 1
639 730 1
493 731 3
732 731 1
733 731 1
2218 731 3
731 732 1
733 732 2
731 733 1
732 733 2
29 734 1
177 734 1
326 734 1
413 734 1
552 734 2
804 734 1
822 734 4
857 734 1
906 734 1
1020 734 1
1022 734 1
1095 734 1
1745 734 1
736 735 1
1089 735 1
735 736 1
1089 736 1
232 737 1
233 737 1
451 737 1
739 737 1
570 738 1
451 739 1
737 739 1
743 740 1
1408 740 1
1409 740 1
715 741 1
766 741 1
1482 741 1
205 742 2
740 743 1
2011 744 1
260 745 1
1091 745 1
1630 745 1
1729 745 1
260 746 1
1168 746 1
1169 746 1
520 747 1
681 747 1
1812 747 1
1813 747 1
1890 747 1
1891 747 1
284 748 1
207 749 1
631 749 1
2236 749 1
2237 749 1
751 750 2
750 751 2
332 752 1
392 752 1
2220 752 1
619 753 1
632 753 1
754 753 1
2222 753 1
619 754 1
632 754 1
753 754 1
2222 754 1
241 755 1
756 755 1
2279 755 1
241 756 1
755 756 1
2279 756 1
481 757 1
543 757 1
1960 757 1
383 758 1
1324 758 1
574 759 1
760 759 1
574 760 1
759 760 1
1242 760 1
2198 760 1
2199 760 1
2200 760 1
520 761 1
1700 761 1
2201 761 1
168 762 1
446 762 1
534 762 1
1247 762 1
1248 762 5
1280 762 1
1281 762 1
20 763 1
285 763 1
496 763 1
1502 763 1
227 764 1
765 764 1
1924 764 1
227 765 1
764 765 1
1924 765 1
715 766 1
741 766 1
1482 766 1
681 767 1
2066 767 1
2067 767 1
2068 767 1
422 768 2
769 768 2
422 769 2
768 769 2
1259 770 1
2214 771 1
93 772 1
512 772 1
1626 773 1
577 774 1
1552 774 1
1553 774 1
605 775 1
797 775 1
1243 775 2
1244 775 2
279 776 2
281 776 4
2256 776 1
729 777 1
114 778 2
137 778 2
634 778 1
1930 778 1
1931 778 1
2033 778 1
2088 779 1
1535 780 1
1003 781 1
1641 781 1
1683 782 1
1685 782 1
1686 782 1
301 783 1
1986 783 1
785 784 1
784 785 1
787 786 1
788 786 1
2293 786 1
786 787 1
788 787 1
383 788 1
447 788 1
786 788 1
787 788 1
790 789 1
789 790 1
395 791 1
548 791 2
792 791 2
862 791 1
863 791 1
864 791 3
1123 791 1
548 792 1
791 792 2
794 793 1
1520 793 1
1530 793 1
2230 793 1
793 794 1
889 795 1
890 795 1
891 795 1
892 795 1
797 796 4
800 796 1
1994 796 1
187 797 1
219 797 1
220 797 1
234 797 2
413 797 1
442 797 2
595 797 1
605 797 1
775 797 1
796 797 4
800 797 1
1085 797 1
1395 797 1
1410 797 1
1411 797 1
1490 797 1
1549 797 3
1797 797 1
1798 797 1
1994 797 2
2003 797 3
2004 797 1
2005 797 1
2134 797 1
2148 797 1
2149 797 1
2152 797 1
2153 797 1
17 798 1
37 798 1
799 798 1
17 799 1
60 799 1
353 799 1
379 799 1
798 799 1
886 799 1
887 799 1
888 799 1
1399 799 1
1422 799 1
796 800 1
797 800 1
11 801 1
606 801 1
1279 801 1
1382 801 1
1383 801 1
1384 801 1
1385 801 3
2282 801 1
60 802 1
80 802 1
804 803 1
805 803 1
806 803 1
807 803 2
1675 803 1
90 804 1
413 804 1
734 804 1
803 804 1
857 804 1
906 804 1
1789 804 1
1790 804 1
327 805 1
803 805 1
1841 805 1
803 806 1
807 806 1
803 807 2
806 807 1
1675 807 1
809 808 1
810 808 1
808 809 1
810 809 1
808 810 1
809 810 1
594 811 1
633 811 1
812 811 1
2116 811 1
594 812 1
633 812 1
811 812 1
814 813 1
813 814 1
1857 814 1
1858 814 1
500 815 1
816 815 1
500 816 1
815 816 1
588 817 1
594 817 1
699 817 1
818 817 1
819 817 2
831 817 1
832 817 1
833 817 1
924 817 1
1724 817 1
1725 817 2
1846 817 1
1847 817 1
1855 817 1
2276 817 1
817 818 1
819 818 1
2059 818 1
2060 818 1
699 819 1
817 819 2
818 819 1
831 819 1
832 819 1
833 819 1
1623 819 1
1824 819 1
104 820 1
105 820 1
205 820 1
696 820 1
821 820 1
1198 820 1
1199 820 1
1200 820 1
1543 820 1
205 821 1
696 821 1
820 821 1
29 822 2
30 822 1
177 822 1
204 822 1
375 822 1
459 822 1
604 822 1
734 822 4
1020 822 1
1022 822 1
1330 822 2
1337 822 1
1345 822 1
1346 822 1
1363 822 1
1364 822 1
1541 822 2
1542 822 1
1560 822 1
1561 822 1
1599 822 1
1745 822 1
1832 822 1
824 823 1
825 823 1
823 824 1
825 824 1
1952 824 1
823 825 1
824 825 1
721 826 1
29 827 1
829 828 2
830 828 2
828 829 2
830 829 2
828 830 2
829 830 2
817 831 1
819 831 1
832 831 1
833 831 1
817 832 1
819 832 1
831 832 1
833 832 1
817 833 1
819 833 1
831 833 1
832 833 1
698 834 1
624 835 1
691 835 1
693 835 1
594 836 1
595 836 1
838 837 1
839 837 1
837 838 1
839 838 1
837 839 1
838 839 1
16 840 1
17 840 1
37 840 1
841 840 1
16 841 1
17 841 1
37 841 1
840 841 1
17 842 4
37 842 1
349 842 1
1052 842 1
1129 842 1
1242 842 1
1319 842 1
1320 842 1
2316 842 1
129 843 3
177 843 1
326 843 1
580 843 2
845 844 1
846 844 1
844 845 1
846 845 1
844 846 1
845 846 1
207 847 1
848 847 1
849 847 1
207 848 1
847 848 1
849 848 1
207 849 2
474 849 1
847 849 1
848 849 1
1142 849 1
1547 849 1
1826 849 1
1827 849 1
851 850 1
852 850 1
850 851 1
852 851 1
850 852 1
851 852 1
27 853 1
395 854 1
690 854 1
4 855 2
5 855 1
68 855 1
199 855 1
220 855 1
973 855 2
1618 855 1
413 856 2
857 856 1
906 856 1
907 856 1
413 857 2
734 857 1
804 857 1
856 857 1
906 857 1
1819 857 2
1820 857 1
1903 857 1
1934 857 1
1935 857 1
2115 857 2
859 858 1
858 859 1
861 860 1
860 861 1
791 862 1
863 862 1
864 862 1
791 863 1
862 863 1
864 863 1
395 864 1
548 864 1
791 864 3
862 864 1
863 864 1
1074 864 2
1123 864 1
422 865 1
691 865 1
692 865 1
682 866 1
683 866 1
684 866 1
867 866 1
868 866 1
869 866 1
870 866 1
682 867 1
683 867 1
684 867 1
866 867 1
868 867 1
869 867 1
870 867 1
682 868 1
683 868 1
684 868 1
866 868 1
867 868 1
869 868 1
870 868 1
682 869 1
683 869 1
684 869 1
866 869 1
867 869 1
868 869 1
870 869 1
682 870 1
683 870 1
684 870 1
866 870 1
867 870 1
868 870 1
869 870 1
119 871 1
872 871 1
873 871 1
119 872 1
871 872 1
873 872 1
119 873 1
871 873 1
872 873 1
875 874 1
874 875 1
1078 875 1
1079 875 1
1136 875 1
1137 875 1
1439 875 1
1596 875 1
2055 875 1
139 876 1
877 876 1
139 877 1
876 877 1
1526 877 2
578 878 1
880 879 1
879 880 1
990 880 1
991 880 1
992 880 3
1025 880 2
1694 880 1
1971 880 1
97 881 1
355 881 1
421 881 1
882 881 1
893 881 1
1004 881 1
1035 881 1
1527 881 1
1528 881 1
1529 881 5
1937 881 1
111 882 1
355 882 1
469 882 1
881 882 1
1451 882 1
1455 882 1
1695 882 1
1696 882 1
108 883 1
480 883 1
884 883 1
1174 883 1
1464 883 1
1556 883 1
1909 883 1
108 884 1
883 884 1
1091 884 1
1971 884 1
2210 884 1
527 885 1
799 886 1
353 887 1
799 887 1
888 887 1
353 888 1
799 888 1
887 888 1
795 889 1
890 889 1
891 889 1
892 889 1
795 890 1
889 890 1
891 890 1
892 890 1
795 891 1
889 891 1
890 891 1
892 891 1
795 892 1
889 892 1
890 892 1
891 892 1
97 893 1
421 893 2
881 893 1
1004 893 1
660 894 1
895 894 1
660 895 2
894 895 1
283 896 1
897 896 1
283 897 1
896 897 1
899 898 1
900 898 1
901 898 1
902 898 1
903 898 1
904 898 1
898 899 1
900 899 1
901 899 1
902 899 1
903 899 1
904 899 1
1681 899 1
898 900 1
899 900 1
901 900 1
902 900 1
903 900 1
904 900 1
898 901 1
899 901 1
900 901 1
902 901 1
903 901 1
904 901 1
898 902 1
899 902 1
900 902 1
901 902 1
903 902 1
904 902 1
898 903 1
899 903 1
900 903 1
901 903 1
902 903 1
904 903 1
898 904 1
899 904 1
900 904 1
901 904 1
902 904 1
903 904 1
906 905 1
907 905 1
908 905 1
413 906 1
734 906 1
804 906 1
856 906 1
857 906 1
905 906 1
907 906 2
908 906 1
856 907 1
905 907 1
906 907 2
908 907 1
905 908 1
906 908 1
907 908 1
129 909 1
911 910 3
912 910 1
913 910 4
910 911 3
912 911 1
913 911 3
910 912 1
911 912 1
913 912 1
910 913 4
911 913 3
912 913 1
710 914 2
915 914 1
1637 914 1
710 915 1
914 915 1
917 916 1
918 916 1
919 916 1
920 916 1
921 916 1
916 917 1
918 917 1
919 917 1
920 917 1
921 917 1
1319 917 1
916 918 1
917 918 1
919 918 1
920 918 1
921 918 1
916 919 1
917 919 1
918 919 1
920 919 1
921 919 1
916 920 1
917 920 1
918 920 1
919 920 1
921 920 1
916 921 1
917 921 1
918 921 1
919 921 1
920 921 1
395 922 1
281 923 1
817 924 1
1651 924 2
1682 924 1
1741 924 1
4 925 3
68 925 2
1431 925 1
927 926 1
136 927 3
926 927 1
1081 927 3
1478 927 2
1480 927 1
1481 927 1
1529 927 2
1580 927 3
1581 927 1
1648 927 1
1671 927 1
1842 927 1
1902 927 1
1969 927 1
929 928 1
928 929 1
1080 929 1
931 930 1
930 931 1
136 932 1
153 933 1
154 933 1
173 933 5
1024 933 1
1795 933 1
399 934 1
527 934 1
484 935 1
139 936 1
469 936 1
937 936 1
139 937 1
469 937 1
936 937 1
196 938 1
235 938 1
457 938 1
939 938 1
196 939 1
235 939 1
457 939 1
938 939 1
941 940 1
940 941 1
75 942 1
508 942 1
1069 942 2
1113 942 1
1152 942 1
1326 942 2
1665 942 1
2049 942 1
696 943 1
945 944 1
944 945 1
947 946 1
946 947 1
501 948 1
66 949 1
951 950 1
950 951 1
1232 951 1
82 952 1
535 952 1
719 952 2
953 952 1
954 952 1
955 952 1
1368 952 1
1369 952 1
1787 952 1
1788 952 1
17 953 1
719 953 2
952 953 1
954 953 1
955 953 1
719 954 1
952 954 1
953 954 1
955 954 1
719 955 1
952 955 1
953 955 1
954 955 1
201 956 1
300 957 1
490 957 1
441 958 2
630 959 1
960 959 1
961 959 1
962 959 1
963 959 1
964 959 1
630 960 1
959 960 1
961 960 1
962 960 1
963 960 1
964 960 1
630 961 1
959 961 1
960 961 1
962 961 1
963 961 1
964 961 1
630 962 1
959 962 1
960 962 1
961 962 1
963 962 1
964 962 1
630 963 1
959 963 1
960 963 1
961 963 1
962 963 1
964 963 1
630 964 1
959 964 1
960 964 1
961 964 1
962 964 1
963 964 1
54 965 1
65 965 1
130 965 1
967 966 1
966 967 1
449 968 1
581 968 1
969 968 1
449 969 1
581 969 1
968 969 1
971 970 2
972 970 1
970 971 2
972 971 1
970 972 1
971 972 1
220 973 1
855 973 2
687 974 1
1128 975 1
1768 975 1
1769 975 2
1981 975 1
2113 975 1
688 976 1
977 976 1
688 977 1
976 977 1
59 978 1
562 978 2
563 978 2
622 978 2
688 979 1
981 980 1
982 980 1
980 981 1
982 981 1
980 982 1
981 982 1
626 983 1
987 983 3
704 984 1
985 984 1
986 984 1
704 985 1
984 985 1
986 985 1
704 986 1
984 986 1
985 986 1
983 987 3
989 988 1
988 989 1
880 990 1
991 990 1
992 990 1
880 991 1
990 991 1
992 991 1
880 992 3
990 992 1
991 992 1
1025 992 1
1700 992 1
1762 992 1
60 993 1
220 993 1
599 993 1
601 993 1
1203 993 1
1204 993 1
1205 993 1
1302 993 1
60 994 1
61 994 1
995 994 1
60 995 1
61 995 1
994 995 1
57 996 6
563 996 1
1809 996 2
1883 996 1
1884 996 1
1885 996 2
2249 996 1
2284 996 2
154 997 1
246 998 1
999 998 1
246 999 1
998 999 1
561 1000 1
1002 1001 1
17 1002 2
37 1002 1
635 1002 1
1001 1002 1
1523 1002 1
2072 1002 1
781 1003 1
97 1004 1
421 1004 1
881 1004 1
893 1004 1
327 1005 1
416 1005 2
698 1005 1
699 1005 2
1006 1005 1
1728 1005 1
416 1006 2
699 1006 1
1005 1006 1
2029 1006 1
2030 1006 1
2031 1006 1
1008 1007 1
1009 1007 3
1010 1007 1
1085 1007 1
1878 1007 1
1906 1007 1
2400 1007 1
2401 1007 1
1007 1008 1
1007 1009 3
1010 1009 1
1906 1009 1
2400 1009 1
2401 1009 1
1007 1010 1
1009 1010 1
187 1011 1
1012 1011 1
187 1012 1
1011 1012 1
1014 1013 1
1013 1014 1
1016 1015 1
1017 1015 1
1015 1016 1
1017 1016 1
1015 1017 1
1016 1017 1
577 1018 1
1019 1018 1
1552 1018 1
1553 1018 1
595 1019 1
1018 1019 1
1227 1019 1
1238 1019 1
1366 1019 1
1500 1019 1
1501 1019 1
1617 1019 1
1657 1019 1
734 1020 1
822 1020 1
427 1021 1
734 1022 1
822 1022 1
124 1023 1
437 1023 1
1024 1023 1
1781 1023 1
1782 1023 1
173 1024 1
437 1024 1
933 1024 1
1023 1024 1
1332 1024 1
1432 1024 1
880 1025 2
992 1025 1
1694 1025 1
134 1026 1
194 1026 2
281 1027 1
298 1027 1
1028 1027 1
281 1028 1
298 1028 2
429 1028 2
499 1028 1
665 1028 1
1027 1028 1
2010 1028 1
45 1029 1
622 1029 1
1227 1029 1
1031 1030 1
4 1031 1
401 1031 1
1030 1031 1
1744 1031 1
76 1032 3
452 1032 1
1208 1032 1
1034 1033 1
1244 1033 1
1810 1033 1
1033 1034 1
1 1035 2
881 1035 1
1036 1035 1
1529 1035 1
1937 1035 1
1035 1036 1
1038 1037 1
1039 1037 1
1037 1038 1
1039 1038 1
1037 1039 1
1038 1039 1
595 1040 1
1041 1040 1
1878 1040 2
595 1041 1
1040 1041 1
1906 1041 1
1907 1041 1
1043 1042 2
1044 1042 3
2161 1042 1
1042 1043 2
1044 1043 2
1042 1044 3
1043 1044 2
2044 1044 1
2161 1044 1
2244 1044 1
1046 1045 1
1045 1046 1
136 1047 1
1048 1047 1
136 1048 1
1047 1048 1
81 1049 1
136 1049 1
1050 1049 1
81 1050 1
136 1050 1
1049 1050 1
136 1051 1
17 1052 1
136 1052 1
842 1052 1
1053 1052 2
1219 1052 2
1468 1052 1
1469 1052 1
136 1053 1
1052 1053 2
1066 1053 1
1075 1053 1
1055 1054 1
413 1055 1
1054 1055 1
1057 1056 2
250 1057 1
1056 1057 2
1495 1057 2
1546 1057 1
56 1058 1
185 1058 1
1060 1059 1
1059 1060 1
58 1061 1
1062 1061 1
58 1062 1
1061 1062 1
1064 1063 1
350 1064 1
450 1064 1
1063 1064 1
1166 1064 2
1227 1064 2
1645 1064 2
1970 1064 2
2024 1064 3
2202 1064 1
711 1065 2
1066 1065 3
1118 1065 1
409 1066 1
635 1066 2
711 1066 2
1053 1066 1
1065 1066 3
1075 1066 1
1253 1066 1
1347 1066 1
1348 1066 1
1349 1066 1
1354 1066 1
1355 1066 2
1356 1066 1
1357 1066 1
1358 1066 1
1359 1066 1
2032 1066 1
2092 1066 1
413 1067 1
1068 1067 1
413 1068 1
1067 1068 1
942 1069 2
2049 1069 1
1071 1070 1
621 1071 1
1070 1071 1
623 1072 1
624 1072 1
1073 1072 1
623 1073 1
624 1073 1
1072 1073 1
864 1074 2
1783 1074 1
1053 1075 1
1066 1075 1
2213 1075 1
118 1076 1
119 1076 1
1077 1076 1
118 1077 1
119 1077 1
1076 1077 1
875 1078 1
1079 1078 1
875 1079 1
1078 1079 1
929 1080 1
136 1081 1
927 1081 3
1082 1081 2
1478 1081 1
1480 1081 1
1481 1081 1
1529 1081 1
1791 1081 1
1902 1081 1
1969 1081 1
1081 1082 2
252 1083 1
595 1084 1
1085 1084 1
1086 1084 2
1595 1084 1
1867 1084 1
595 1085 4
797 1085 1
1007 1085 1
1084 1085 1
1086 1085 1
1595 1085 2
1853 1085 1
1854 1085 1
1878 1085 1
1991 1085 1
1992 1085 2
595 1086 1
1084 1086 2
1085 1086 1
1595 1086 1
1867 1086 1
177 1087 2
449 1088 1
735 1089 1
736 1089 1
1091 1090 1
327 1091 1
594 1091 2
595 1091 1
745 1091 1
884 1091 1
1090 1091 1
1176 1091 1
1177 1091 1
1729 1091 1
1957 1091 1
142 1092 1
39 1093 1
187 1093 1
245 1093 2
1094 1093 1
1115 1093 1
2388 1093 1
2389 1093 1
2390 1093 1
245 1094 1
1093 1094 1
552 1095 1
734 1095 1
1097 1096 1
1098 1096 1
1099 1096 1
1096 1097 1
1098 1097 1
1099 1097 1
1096 1098 1
1097 1098 1
1099 1098 1
1096 1099 1
1097 1099 1
1098 1099 1
480 1100 1
1101 1100 1
480 1101 1
1100 1101 1
1103 1102 1
1102 1103 1
468 1104 1
701 1104 1
632 1105 1
1106 1105 1
1107 1105 1
632 1106 1
1105 1106 1
1107 1106 1
632 1107 1
1105 1107 1
1106 1107 1
1109 1108 1
1108 1109 1
550 1110 1
645 1110 1
382 1111 1
1112 1111 1
382 1112 1
1111 1112 1
139 1113 1
942 1113 1
1114 1113 1
139 1114 1
1113 1114 1
39 1115 1
187 1115 4
350 1115 1
413 1115 1
1093 1115 1
1678 1115 2
1679 1115 1
1810 1115 1
460 1116 2
695 1116 2
64 1117 1
219 1117 1
306 1117 1
1065 1118 1
1119 1118 3
1464 1118 2
1909 1118 3
214 1119 1
384 1119 1
486 1119 1
1118 1119 3
1726 1119 1
1760 1119 1
1951 1119 1
1121 1120 1
1122 1120 1
1120 1121 1
1122 1121 1
666 1122 1
1120 1122 1
1121 1122 1
1128 1122 1
1615 1122 2
1616 1122 1
1643 1122 2
791 1123 1
864 1123 1
1125 1124 1
1124 1125 1
1127 1126 1
1126 1127 1
975 1128 1
1122 1128 1
1129 1128 1
1604 1128 1
1768 1128 1
1769 1128 1
2274 1128 1
2275 1128 1
47 1129 1
220 1129 1
465 1129 2
527 1129 1
842 1129 1
1128 1129 1
1242 1129 1
1595 1129 1
1637 1129 1
1131 1130 1
1132 1130 1
1130 1131 1
1132 1131 2
1516 1131 1
1517 1131 1
117 1132 1
1130 1132 1
1131 1132 2
1516 1132 1
1517 1132 1
1134 1133 1
1135 1133 1
1133 1134 1
1135 1134 1
1133 1135 1
1134 1135 1
875 1136 1
1137 1136 1
875 1137 1
1136 1137 1
1139 1138 1
1138 1139 1
1225 1139 1
223 1140 1
550 1141 1
849 1142 1
95 1143 1
96 1143 1
43 1144 1
1562 1144 1
133 1145 1
194 1145 1
379 1145 1
1147 1146 1
1148 1146 1
1146 1147 1
1148 1147 1
1146 1148 1
1147 1148 1
1332 1148 1
1838 1148 1
2374 1148 1
1150 1149 1
1151 1149 1
1149 1150 1
1151 1150 1
1149 1151 1
1150 1151 1
75 1152 1
942 1152 1
1154 1153 1
1155 1153 1
1156 1153 1
1153 1154 1
1155 1154 1
1156 1154 1
1153 1155 1
1154 1155 1
1156 1155 1
275 1156 1
1153 1156 1
1154 1156 1
1155 1156 1
1579 1156 1
1733 1156 1
1734 1156 1
2126 1156 1
128 1157 1
379 1157 1
1158 1157 1
1214 1157 1
1215 1157 1
1876 1157 1
129 1158 1
1157 1158 1
550 1159 1
698 1159 2
1160 1159 1
698 1160 1
1159 1160 1
1162 1161 1
1161 1162 1
1164 1163 1
1163 1164 1
1680 1164 1
1742 1164 2
1 1165 1
350 1166 1
1064 1166 2
1227 1166 1
2245 1166 1
350 1167 1
699 1167 2
709 1167 1
260 1168 1
746 1168 1
1169 1168 2
260 1169 1
746 1169 1
1168 1169 2
236 1170 1
376 1170 1
377 1170 1
277 1171 1
278 1171 1
434 1172 1
435 1172 1
1174 1173 1
2162 1173 1
480 1174 3
883 1174 1
1173 1174 1
1464 1174 1
1556 1174 1
1909 1174 1
1941 1174 1
2000 1174 1
2056 1174 1
2057 1174 1
2058 1174 1
415 1175 1
527 1175 2
1900 1175 2
2360 1175 1
594 1176 1
595 1176 1
1091 1176 1
119 1177 1
1091 1177 1
1178 1177 1
119 1178 1
1177 1178 1
1180 1179 1
295 1180 1
1179 1180 1
1286 1180 1
1287 1180 1
1288 1180 1
1289 1180 1
1290 1180 1
1687 1180 1
1840 1180 1
148 1181 1
149 1181 1
271 1181 1
219 1182 1
1183 1182 1
219 1183 1
1182 1183 1
1185 1184 1
518 1185 1
1184 1185 1
2163 1185 1
2164 1185 1
1187 1186 1
1188 1186 1
1189 1186 1
1186 1187 1
1188 1187 1
1189 1187 1
1186 1188 1
1187 1188 1
1189 1188 1
1186 1189 1
1187 1189 1
1188 1189 1
563 1190 1
722 1190 1
723 1190 1
1192 1191 1
1193 1191 1
1191 1192 1
1193 1192 1
1191 1193 1
1192 1193 1
1195 1194 1
1196 1194 1
1197 1194 1
1194 1195 1
1196 1195 1
1197 1195 1
1194 1196 1
1195 1196 1
1197 1196 1
1194 1197 1
1195 1197 1
1196 1197 1
820 1198 1
1199 1198 1
1200 1198 1
820 1199 1
1198 1199 1
1200 1199 1
820 1200 1
1198 1200 1
1199 1200 1
157 1201 1
1202 1201 1
157 1202 1
1201 1202 1
599 1203 1
601 1203 1
993 1203 1
1204 1203 1
1205 1203 1
599 1204 1
601 1204 1
993 1204 1
1203 1204 1
1205 1204 1
9 1205 1
599 1205 1
601 1205 1
993 1205 1
1203 1205 1
1204 1205 1
1693 1205 1
1207 1206 1
1206 1207 1
1437 1207 1
1636 1207 1
452 1208 1
1032 1208 1
1210 1209 1
1211 1209 1
1209 1210 1
1211 1210 1
1209 1211 1
1210 1211 1
358 1212 1
362 1212 2
677 1212 1
48 1213 1
152 1213 1
128 1214 1
1157 1214 1
1215 1214 1
128 1215 1
1157 1215 1
1214 1215 1
149 1216 3
271 1216 1
414 1216 3
522 1216 1
523 1216 2
592 1217 1
1339 1217 1
1219 1218 2
1743 1218 1
413 1219 1
635 1219 2
1052 1219 2
1218 1219 2
1227 1219 1
1380 1219 1
1468 1219 1
1469 1219 1
1523 1219 2
1548 1219 2
1550 1219 1
1596 1219 1
1604 1219 1
1606 1219 1
1607 1219 1
1739 1219 2
1743 1219 2
2265 1219 1
2266 1219 1
598 1220 1
599 1220 1
600 1221 1
712 1221 2
1222 1221 1
600 1222 1
712 1222 1
1221 1222 1
600 1223 2
713 1223 1
433 1224 2
438 1224 1
485 1224 2
723 1224 1
1316 1224 1
1342 1224 1
2091 1224 1
1139 1225 1
1227 1226 2
1367 1226 1
17 1227 1
49 1227 1
51 1227 1
480 1227 1
594 1227 1
622 1227 1
678 1227 1
1019 1227 1
1029 1227 1
1064 1227 2
1166 1227 1
1219 1227 1
1226 1227 2
1366 1227 1
1367 1227 1
1405 1227 1
1596 1227 2
1597 1227 1
1606 1227 1
1607 1227 1
1644 1227 3
1645 1227 4
1646 1227 1
1849 1227 1
1850 1227 3
1970 1227 2
2024 1227 1
2039 1227 2
2040 1227 1
2270 1227 1
2339 1227 1
2340 1227 1
1229 1228 1
1230 1228 1
1228 1229 1
1230 1229 1
1796 1229 1
506 1230 1
1228 1230 1
1229 1230 1
1462 1230 1
1232 1231 1
449 1232 1
951 1232 1
1231 1232 1
1506 1232 1
1507 1232 1
56 1233 1
139 1233 1
178 1233 1
135 1234 1
1235 1234 1
135 1235 1
1234 1235 1
1237 1236 1
230 1237 3
539 1237 1
544 1237 1
1236 1237 1
1318 1237 1
1426 1237 1
1427 1237 2
1510 1237 1
1557 1237 1
1559 1237 1
1624 1237 1
595 1238 1
1019 1238 1
1240 1239 1
1239 1240 1
17 1241 1
236 1242 1
265 1242 1
382 1242 1
413 1242 1
527 1242 1
760 1242 1
842 1242 1
1129 1242 1
1747 1242 1
1837 1242 1
1838 1242 1
2198 1242 1
2199 1242 1
2200 1242 1
775 1243 2
1244 1243 2
413 1244 2
775 1244 2
1033 1244 1
1243 1244 2
1810 1244 3
1898 1244 1
1899 1244 1
158 1245 1
200 1246 2
1470 1246 1
762 1247 1
1248 1247 1
762 1248 5
1247 1248 1
1280 1248 1
1281 1248 1
1250 1249 1
1249 1250 1
1757 1250 1
1877 1250 1
358 1251 1
503 1251 1
1252 1251 1
358 1252 1
503 1252 1
1251 1252 1
635 1253 1
1066 1253 1
1255 1254 1
1254 1255 1
1257 1256 1
1640 1256 1
1256 1257 1
1638 1257 1
1943 1257 1
198 1258 1
535 1258 1
770 1259 1
264 1260 1
628 1261 2
1262 1261 4
1350 1261 2
1736 1261 1
628 1262 2
629 1262 1
1261 1262 4
1350 1262 3
1736 1262 1
1778 1262 1
1779 1262 5
1892 1262 1
1893 1262 1
1913 1262 1
1914 1262 1
1915 1262 1
1916 1262 1
2007 1262 1
2211 1262 2
2300 1262 1
2301 1262 1
2302 1262 1
455 1263 1
595 1264 1
1266 1265 2
1267 1265 2
1268 1265 1
1269 1265 1
1265 1266 2
1267 1266 2
1268 1266 1
1269 1266 1
1265 1267 2
1266 1267 2
1268 1267 1
1269 1267 1
1829 1267 1
1830 1267 1
1265 1268 1
1266 1268 1
1267 1268 1
1269 1268 1
1265 1269 1
1266 1269 1
1267 1269 1
1268 1269 1
1273 1270 1
1272 1271 1
1271 1272 1
1270 1273 1
1275 1274 1
1274 1275 1
1277 1276 1
1278 1276 1
1276 1277 1
1278 1277 1
1276 1278 1
1277 1278 1
606 1279 1
801 1279 1
762 1280 1
1248 1280 1
762 1281 1
1248 1281 1
696 1282 1
1285 1282 1
1545 1282 1
54 1283 2
1284 1283 1
1514 1283 1
54 1284 1
1283 1284 1
1282 1285 1
1180 1286 1
1287 1286 1
1288 1286 1
1289 1286 1
1290 1286 1
1180 1287 1
1286 1287 1
1288 1287 1
1289 1287 1
1290 1287 1
1180 1288 1
1286 1288 1
1287 1288 1
1289 1288 1
1290 1288 1
1180 1289 1
1286 1289 1
1287 1289 1
1288 1289 1
1290 1289 1
1180 1290 1
1286 1290 1
1287 1290 1
1288 1290 1
1289 1290 1
1292 1291 1
1293 1291 1
1291 1292 1
1293 1292 1
1291 1293 1
1292 1293 1
1567 1293 2
186 1294 1
13 1295 1
90 1295 1
1297 1296 1
1296 1297 1
56 1298 1
422 1299 1
1301 1300 1
1300 1301 1
220 1302 2
353 1302 1
993 1302 1
1 1303 4
1305 1304 1
1304 1305 1
1518 1305 1
1519 1305 1
1520 1305 1
187 1306 1
129 1307 1
260 1307 1
1308 1307 1
1309 1307 1
1310 1307 1
1311 1307 1
1312 1307 1
1313 1307 1
1314 1307 1
1315 1307 1
129 1308 1
260 1308 1
1307 1308 1
1309 1308 1
1310 1308 1
1311 1308 1
1312 1308 1
1313 1308 1
1314 1308 1
1315 1308 1
129 1309 1
260 1309 1
1307 1309 1
1308 1309 1
1310 1309 1
1311 1309 1
1312 1309 1
1313 1309 1
1314 1309 1
1315 1309 1
129 1310 1
260 1310 1
1307 1310 1
1308 1310 1
1309 1310 1
1311 1310 1
1312 1310 1
1313 1310 1
1314 1310 1
1315 1310 1
129 1311 1
260 1311 1
1307 1311 1
1308 1311 1
1309 1311 1
1310 1311 1
1312 1311 1
1313 1311 1
1314 1311 1
1315 1311 1
129 1312 1
260 1312 1
1307 1312 1
1308 1312 1
1309 1312 1
1310 1312 1
1311 1312 1
1313 1312 1
1314 1312 1
1315 1312 1
129 1313 1
260 1313 1
1307 1313 1
1308 1313 1
1309 1313 1
1310 1313 1
1311 1313 1
1312 1313 1
1314 1313 1
1315 1313 1
129 1314 1
260 1314 1
1307 1314 1
1308 1314 1
1309 1314 1
1310 1314 1
1311 1314 1
1312 1314 1
1313 1314 1
1315 1314 1
129 1315 1
260 1315 1
1307 1315 1
1308 1315 1
1309 1315 1
1310 1315 1
1311 1315 1
1312 1315 1
1313 1315 1
1314 1315 1
353 1316 1
456 1316 2
1224 1316 1
2135 1316 1
136 1317 1
1237 1318 1
17 1319 1
18 1319 1
215 1319 1
349 1319 1
842 1319 1
917 1319 1
1869 1319 1
2316 1319 1
17 1320 1
842 1320 1
1570 1320 1
1571 1320 1
1814 1320 1
26 1321 1
139 1321 1
166 1321 1
139 1322 1
111 1323 1
139 1323 1
469 1323 1
383 1324 1
758 1324 1
1 1325 1
2 1325 1
942 1326 2
1328 1327 1
4 1328 1
68 1328 1
401 1328 1
1327 1328 1
1330 1329 2
2103 1329 1
2104 1329 1
822 1330 2
1329 1330 2
1363 1330 1
1364 1330 1
2103 1330 1
2104 1330 1
260 1331 1
364 1331 1
1332 1331 1
1818 1331 1
1980 1331 2
1981 1331 1
1984 1331 1
1998 1331 1
1999 1331 1
374 1332 1
375 1332 1
1024 1332 1
1148 1332 1
1331 1332 1
2346 1332 1
328 1333 1
662 1333 2
1432 1333 1
1433 1333 1
1947 1333 1
1972 1333 1
1973 1333 1
353 1334 2
2073 1334 1
2260 1334 1
2261 1334 1
373 1335 1
526 1335 1
1336 1335 1
373 1336 1
526 1336 1
1335 1336 1
822 1337 1
718 1338 1
1217 1339 1
1341 1340 1
1340 1341 1
723 1342 1
1224 1342 1
190 1343 1
137 1344 1
311 1344 1
375 1345 1
604 1345 1
822 1345 1
1346 1345 1
375 1346 1
604 1346 1
822 1346 1
1345 1346 1
1066 1347 1
1348 1347 1
1349 1347 1
1066 1348 1
1347 1348 1
1349 1348 1
1066 1349 1
1347 1349 1
1348 1349 1
1261 1350 2
1262 1350 3
1736 1350 1
1779 1350 1
1352 1351 1
1353 1351 1
1351 1352 1
1353 1352 1
2271 1352 1
1351 1353 1
1352 1353 1
1066 1354 1
1355 1354 1
1066 1355 2
1354 1355 1
1356 1355 1
1066 1356 1
1355 1356 1
1066 1357 1
1358 1357 1
1359 1357 1
1066 1358 1
1357 1358 1
1359 1358 1
1066 1359 1
1357 1359 1
1358 1359 1
205 1360 1
293 1360 1
299 1360 1
1362 1361 1
1361 1362 1
822 1363 1
1330 1363 1
1364 1363 1
822 1364 1
1330 1364 1
1363 1364 1
136 1365 2
1019 1366 1
1227 1366 1
1226 1367 1
1227 1367 1
82 1368 1
719 1368 1
952 1368 1
1369 1368 1
82 1369 1
719 1369 1
952 1369 1
1368 1369 1
115 1370 1
300 1370 1
475 1370 1
1372 1371 1
1716 1371 1
1371 1372 1
1538 1372 1
1539 1372 1
2203 1372 1
1374 1373 1
1373 1374 1
268 1375 1
1377 1376 1
1376 1377 1
1379 1378 1
1378 1379 1
1219 1380 1
134 1381 1
147 1381 1
801 1382 1
1383 1382 1
1384 1382 1
1385 1382 1
801 1383 1
1382 1383 1
1384 1383 1
1385 1383 1
801 1384 1
1382 1384 1
1383 1384 1
1385 1384 1
801 1385 3
1382 1385 1
1383 1385 1
1384 1385 1
39 1386 1
1388 1387 1
1387 1388 1
1390 1389 3
1389 1390 3
326 1391 1
571 1391 2
1392 1391 1
326 1392 1
571 1392 1
1391 1392 1
113 1393 1
1394 1393 1
113 1394 1
1393 1394 1
219 1395 1
220 1395 1
797 1395 1
1397 1396 1
1396 1397 1
130 1398 1
68 1399 1
379 1399 2
799 1399 1
1403 1399 1
1807 1399 1
1808 1399 1
140 1400 1
515 1400 1
1401 1400 1
1402 1400 1
140 1401 1
515 1401 1
1400 1401 1
1402 1401 1
140 1402 1
515 1402 1
1400 1402 1
1401 1402 1
2208 1402 1
2209 1402 1
2373 1402 1
379 1403 1
1399 1403 1
9 1404 1
51 1405 1
1227 1405 1
1644 1405 1
1407 1406 1
1406 1407 1
740 1408 1
1409 1408 1
740 1409 1
1408 1409 1
797 1410 1
1411 1410 1
797 1411 1
1410 1411 1
1413 1412 1
1414 1412 1
1598 1412 1
1717 1412 1
1412 1413 1
1414 1413 1
1412 1414 1
1413 1414 1
1541 1414 2
1598 1414 2
1416 1415 1
1417 1415 1
1415 1416 1
1417 1416 1
1415 1417 1
1416 1417 1
1419 1418 1
1418 1419 1
231 1420 1
1421 1420 1
231 1421 1
1420 1421 1
17 1422 1
60 1422 1
719 1422 1
799 1422 1
1424 1423 1
1425 1423 1
1423 1424 1
1425 1424 1
1423 1425 1
1424 1425 1
1237 1426 1
1427 1426 1
1237 1427 2
1426 1427 1
1476 1427 1
1429 1428 1
1428 1429 1
645 1430 1
4 1431 2
68 1431 1
925 1431 1
147 1432 1
326 1432 1
662 1432 1
1024 1432 1
1333 1432 1
1433 1432 1
2090 1432 1
662 1433 1
1333 1433 1
1432 1433 1
4 1434 1
68 1434 1
1436 1435 2
1435 1436 2
1207 1437 1
97 1438 1
875 1439 1
177 1440 1
708 1440 1
1442 1441 1
1441 1442 1
1444 1443 1
338 1444 1
465 1444 2
1443 1444 1
1806 1444 1
1825 1444 2
2075 1444 1
2157 1444 1
2179 1444 1
2367 1444 1
589 1445 2
1446 1445 2
1447 1445 1
1947 1445 1
589 1446 2
1445 1446 2
1447 1446 1
1947 1446 1
2132 1446 1
2133 1446 1
589 1447 1
1445 1447 1
1446 1447 1
1449 1448 1
1450 1448 1
1448 1449 1
1450 1449 1
1448 1450 1
1449 1450 1
882 1451 1
1455 1451 1
1453 1452 1
1452 1453 1
530 1454 1
1473 1454 1
1625 1454 1
882 1455 1
1451 1455 1
1457 1456 1
1458 1456 1
1459 1456 1
1456 1457 1
1458 1457 1
1459 1457 1
1456 1458 1
1457 1458 1
1459 1458 1
1456 1459 1
1457 1459 1
1458 1459 1
1461 1460 1
1460 1461 1
506 1462 1
1230 1462 1
1463 1462 1
1462 1463 1
4 1464 1
480 1464 2
883 1464 1
1118 1464 2
1174 1464 1
1556 1464 1
1909 1464 3
27 1465 2
36 1465 1
55 1465 1
1466 1465 1
1467 1465 1
27 1466 2
36 1466 1
55 1466 1
1465 1466 1
1467 1466 1
1749 1466 1
27 1467 1
36 1467 1
55 1467 1
1465 1467 1
1466 1467 1
1052 1468 1
1219 1468 1
1469 1468 1
1052 1469 1
1219 1469 1
1468 1469 1
1721 1469 1
1722 1469 1
200 1470 1
1246 1470 1
1472 1471 1
1471 1472 1
1454 1473 1
365 1474 1
1475 1474 1
365 1475 1
1474 1475 1
1427 1476 1
1477 1476 1
1479 1476 2
1476 1477 1
136 1478 1
927 1478 2
1081 1478 1
1480 1478 1
1481 1478 1
570 1479 1
1476 1479 2
136 1480 1
927 1480 1
1081 1480 1
1478 1480 1
1481 1480 1
136 1481 1
927 1481 1
1081 1481 1
1478 1481 1
1480 1481 1
715 1482 1
741 1482 1
766 1482 1
404 1483 1
135 1484 1
239 1484 1
591 1484 1
139 1485 1
1486 1485 1
139 1486 1
1485 1486 1
1488 1487 1
1489 1487 1
1487 1488 1
1489 1488 1
1487 1489 1
1488 1489 1
234 1490 1
797 1490 1
1492 1491 1
1491 1492 1
1494 1493 1
1493 1494 1
1057 1495 2
413 1496 1
1497 1496 1
23 1497 1
413 1497 1
1496 1497 1
1576 1497 1
2330 1497 1
1499 1498 1
1498 1499 1
1019 1500 1
1501 1500 1
1502 1500 1
1019 1501 1
1500 1501 1
20 1502 1
285 1502 1
496 1502 1
763 1502 1
1500 1502 1
594 1503 1
594 1504 1
1505 1504 1
415 1505 1
594 1505 2
1504 1505 1
449 1506 1
1232 1506 1
1507 1506 1
449 1507 1
1232 1507 1
1506 1507 1
1509 1508 1
1508 1509 1
1237 1510 1
1512 1511 1
1511 1512 1
635 1513 1
1664 1513 1
480 1514 2
698 1514 2
700 1514 1
1283 1514 1
2240 1514 1
2241 1514 1
2383 1514 1
549 1515 3
1131 1516 1
1132 1516 1
1517 1516 1
1131 1517 1
1132 1517 1
1516 1517 1
1305 1518 1
1519 1518 1
1520 1518 1
1305 1519 1
1518 1519 1
1520 1519 1
793 1520 1
1305 1520 1
1518 1520 1
1519 1520 1
2230 1520 1
243 1521 1
1522 1521 1
243 1522 1
1521 1522 1
480 1523 2
635 1523 5
1002 1523 1
1219 1523 2
1596 1523 1
1646 1523 1
1670 1523 1
1674 1523 1
1943 1523 3
1977 1523 1
2089 1523 1
2159 1523 2
2160 1523 2
1525 1524 1
1524 1525 1
635 1526 1
877 1526 2
881 1527 1
1528 1527 1
1529 1527 1
881 1528 1
1527 1528 1
1529 1528 1
136 1529 1
421 1529 1
881 1529 5
927 1529 2
1035 1529 1
1081 1529 1
1527 1529 1
1528 1529 1
1842 1529 1
1902 1529 1
1937 1529 1
793 1530 1
379 1531 1
719 1531 1
1533 1532 1
1534 1532 1
1532 1533 1
1534 1533 1
1532 1534 1
1533 1534 1
527 1535 1
780 1535 1
1536 1535 1
1537 1535 1
527 1536 1
1535 1536 1
1537 1536 1
527 1537 1
1535 1537 1
1536 1537 1
1372 1538 1
1539 1538 1
1372 1539 1
1538 1539 1
4 1540 1
459 1541 1
822 1541 2
1414 1541 2
1542 1541 1
1598 1541 2
1599 1541 1
459 1542 1
822 1542 1
1541 1542 1
104 1543 1
105 1543 1
820 1543 1
220 1544 1
636 1544 1
2054 1544 1
1282 1545 1
1057 1546 1
849 1547 1
1219 1548 2
1550 1548 1
187 1549 1
442 1549 1
797 1549 3
1797 1549 1
1798 1549 1
2134 1549 1
1219 1550 1
1548 1550 1
234 1551 1
577 1552 2
774 1552 1
1018 1552 1
1553 1552 2
577 1553 2
774 1553 1
1018 1553 1
1552 1553 2
9 1554 1
180 1555 1
398 1555 1
583 1555 1
480 1556 1
883 1556 1
1174 1556 1
1464 1556 1
1909 1556 1
1237 1557 1
1558 1557 1
1559 1557 1
1557 1558 1
1237 1559 1
1557 1559 1
822 1560 1
1561 1560 1
822 1561 1
1560 1561 1
43 1562 1
1144 1562 1
43 1563 1
1564 1563 1
43 1564 1
1563 1564 1
185 1565 1
1566 1565 1
185 1566 1
1565 1566 1
1293 1567 2
1569 1568 1
1568 1569 1
1320 1570 1
1571 1570 1
1320 1571 1
1570 1571 1
2305 1571 1
2306 1571 1
2359 1571 1
135 1572 1
1573 1572 1
1574 1572 1
1575 1572 1
135 1573 1
1572 1573 1
1574 1573 1
1575 1573 1
135 1574 1
1572 1574 1
1573 1574 1
1575 1574 1
135 1575 1
1572 1575 1
1573 1575 1
1574 1575 1
23 1576 1
353 1576 1
1497 1576 1
395 1577 1
122 1578 1
200 1578 1
1156 1579 1
927 1580 3
1581 1580 1
927 1581 1
1580 1581 1
1583 1582 1
1584 1582 1
1582 1583 1
1584 1583 1
1582 1584 1
1583 1584 1
4 1585 1
541 1586 1
1587 1586 1
1588 1586 1
541 1587 1
1586 1587 1
1588 1587 1
541 1588 1
1586 1588 1
1587 1588 1
447 1589 1
524 1589 1
1590 1589 1
1591 1589 1
447 1590 1
524 1590 1
1589 1590 1
1591 1590 1
447 1591 1
524 1591 1
1589 1591 1
1590 1591 1
472 1592 1
220 1593 1
1595 1594 1
595 1595 1
1084 1595 1
1085 1595 2
1086 1595 1
1129 1595 1
1594 1595 1
1604 1595 1
1637 1595 1
1867 1595 1
49 1596 1
594 1596 1
875 1596 1
1219 1596 1
1227 1596 2
1523 1596 1
1597 1596 1
1606 1596 1
1607 1596 2
1831 1596 1
2055 1596 1
2294 1596 1
2313 1596 1
49 1597 1
594 1597 1
1227 1597 1
1596 1597 1
1412 1598 1
1414 1598 2
1541 1598 2
1717 1598 1
822 1599 1
1541 1599 1
296 1600 1
431 1600 1
594 1600 1
594 1601 1
1602 1601 1
1603 1601 1
594 1602 1
1601 1602 1
1603 1602 1
594 1603 1
1601 1603 1
1602 1603 1
413 1604 1
1128 1604 1
1219 1604 1
1595 1604 1
2274 1604 1
2275 1604 1
173 1605 1
698 1605 1
1219 1606 1
1227 1606 1
1596 1606 1
1607 1606 1
1219 1607 1
1227 1607 1
1596 1607 2
1606 1607 1
1609 1608 1
1610 1608 1
1611 1608 1
1612 1608 1
1608 1609 1
1610 1609 1
1611 1609 1
1612 1609 1
1608 1610 1
1609 1610 1
1611 1610 1
1612 1610 1
1608 1611 1
1609 1611 1
1610 1611 1
1612 1611 1
1995 1611 1
1996 1611 1
1608 1612 1
1609 1612 1
1610 1612 1
1611 1612 1
268 1613 1
136 1614 1
666 1615 1
1122 1615 2
1616 1615 1
1643 1615 1
666 1616 1
1122 1616 1
1615 1616 1
480 1617 1
1019 1617 1
855 1618 1
1620 1619 1
1619 1620 1
260 1621 1
1622 1621 1
260 1622 1
1621 1622 1
699 1623 2
819 1623 1
1824 1623 1
230 1624 1
1237 1624 1
530 1625 1
610 1625 1
1454 1625 1
2001 1625 1
527 1626 1
773 1626 1
565 1627 1
208 1628 1
663 1628 1
2146 1628 1
696 1629 1
260 1630 1
745 1630 1
1890 1630 2
1632 1631 1
1633 1631 1
1631 1632 1
1633 1632 1
1631 1633 1
1632 1633 1
1635 1634 1
1634 1635 1
1207 1636 1
710 1637 1
914 1637 1
1129 1637 1
1595 1637 1
1257 1638 1
374 1639 2
375 1639 2
1256 1640 1
781 1641 1
106 1642 1
184 1642 1
1122 1643 2
1615 1643 1
17 1644 2
51 1644 1
1227 1644 3
1405 1644 1
1645 1644 1
1646 1644 1
1886 1644 1
17 1645 1
1064 1645 2
1227 1645 4
1644 1645 1
1646 1645 1
1739 1645 1
1850 1645 1
1970 1645 2
2024 1645 1
2032 1645 1
2039 1645 2
2114 1645 1
2242 1645 1
17 1646 1
113 1646 1
480 1646 1
635 1646 1
1227 1646 1
1523 1646 1
1644 1646 1
1645 1646 1
1735 1646 1
1943 1646 1
2159 1646 1
2160 1646 1
39 1647 1
927 1648 1
4 1649 1
1655 1649 1
1656 1649 1
406 1650 3
413 1650 1
439 1650 1
1968 1650 1
2195 1650 1
924 1651 2
139 1652 1
1654 1653 1
1653 1654 1
1649 1655 1
1656 1655 1
1649 1656 1
1655 1656 1
1019 1657 1
1659 1658 1
1658 1659 1
171 1660 1
1662 1661 1
1663 1661 1
1661 1662 1
1663 1662 1
1661 1663 1
1662 1663 1
1513 1664 1
942 1665 1
4 1666 1
379 1666 1
662 1666 1
663 1666 1
509 1667 1
1668 1667 1
1669 1667 1
509 1668 1
1667 1668 1
1669 1668 1
509 1669 1
1667 1669 1
1668 1669 1
1523 1670 1
927 1671 1
95 1672 1
267 1673 1
1523 1674 1
803 1675 1
807 1675 1
473 1676 1
474 1676 1
1677 1676 1
473 1677 1
474 1677 1
1676 1677 1
187 1678 3
350 1678 1
1115 1678 2
1958 1678 1
1959 1678 1
187 1679 1
1115 1679 1
1164 1680 1
899 1681 1
924 1682 1
782 1683 1
1684 1683 1
1685 1683 1
1686 1683 1
1683 1684 1
782 1685 1
1683 1685 1
1686 1685 1
782 1686 1
1683 1686 1
1685 1686 1
295 1687 1
1180 1687 1
1689 1688 1
1688 1689 1
1691 1690 1
1692 1690 1
1690 1691 1
1692 1691 1
2182 1691 1
1690 1692 1
1691 1692 1
9 1693 1
1205 1693 1
880 1694 1
1025 1694 1
111 1695 1
469 1695 1
882 1695 1
1696 1695 1
111 1696 1
469 1696 1
882 1696 1
1695 1696 1
187 1697 1
1699 1698 2
1796 1698 2
1698 1699 2
761 1700 1
992 1700 1
1701 1700 1
2147 1700 2
2201 1700 1
2212 1700 1
2231 1700 1
1700 1701 1
607 1702 1
1703 1702 1
1704 1702 1
1705 1702 1
1706 1702 1
1702 1703 1
1704 1703 1
1702 1704 1
1703 1704 1
607 1705 1
1702 1705 1
1706 1705 1
607 1706 1
1702 1706 1
1705 1706 1
279 1707 1
281 1707 1
1709 1708 1
1708 1709 1
136 1710 1
1712 1711 1
1711 1712 1
250 1713 1
263 1714 1
327 1714 2
1715 1714 1
1716 1714 1
2014 1714 1
327 1715 1
1714 1715 1
1716 1715 1
327 1716 1
1371 1716 1
1714 1716 1
1715 1716 1
1756 1716 1
1412 1717 1
1598 1717 1
2006 1717 1
34 1718 1
86 1719 1
252 1719 1
688 1719 1
260 1720 2
437 1720 1
2078 1720 1
1469 1721 1
1722 1721 1
1469 1722 1
1721 1722 1
352 1723 1
465 1723 1
1872 1723 1
699 1724 1
817 1724 1
1725 1724 1
699 1725 1
817 1725 2
1724 1725 1
2276 1725 1
474 1726 1
1119 1726 1
416 1727 1
603 1727 1
699 1727 1
416 1728 1
698 1728 1
699 1728 1
1005 1728 1
745 1729 1
1091 1729 1
316 1730 1
317 1730 1
1732 1731 1
1731 1732 1
1156 1733 1
1734 1733 1
275 1734 1
1156 1734 1
1733 1734 1
2126 1734 1
113 1735 1
1646 1735 1
1261 1736 1
1262 1736 1
1350 1736 1
1738 1737 1
1737 1738 1
1219 1739 2
1645 1739 1
1740 1739 1
2032 1739 1
2039 1739 1
2242 1739 1
1739 1740 1
924 1741 1
485 1742 1
1164 1742 2
1218 1743 1
1219 1743 2
4 1744 1
401 1744 1
1031 1744 1
29 1745 1
734 1745 1
822 1745 1
236 1746 1
413 1746 1
236 1747 1
413 1747 1
1242 1747 1
145 1748 1
146 1748 1
267 1748 1
27 1749 1
1466 1749 1
297 1750 1
1751 1750 1
1752 1750 1
297 1751 1
1750 1751 1
1752 1751 1
297 1752 1
1750 1752 1
1751 1752 1
306 1753 1
1754 1753 1
306 1754 1
1753 1754 1
93 1755 1
616 1755 1
657 1755 1
1716 1756 1
1250 1757 1
1759 1758 1
1758 1759 1
1119 1760 1
497 1761 1
992 1762 1
385 1763 1
1765 1764 1
1766 1764 1
1764 1765 1
1766 1765 1
1764 1766 1
1765 1766 1
367 1767 1
975 1768 1
1128 1768 1
1769 1768 1
975 1769 2
1128 1769 1
1768 1769 1
1981 1769 1
2113 1769 1
1771 1770 1
1772 1770 1
1770 1771 1
1772 1771 1
1770 1772 1
1771 1772 1
9 1773 1
1774 1773 1
9 1774 1
1773 1774 1
1776 1775 1
1775 1776 1
93 1777 1
1262 1778 1
1779 1778 1
1262 1779 5
1350 1779 1
1778 1779 1
1892 1779 1
1893 1779 1
1913 1779 1
1914 1779 1
1915 1779 1
1916 1779 1
2007 1779 1
461 1780 1
547 1780 1
124 1781 1
299 1781 1
1023 1781 1
1782 1781 2
124 1782 1
299 1782 1
584 1782 1
1023 1782 1
1781 1782 2
1880 1782 1
1881 1782 1
1882 1782 1
1074 1783 1
1785 1784 1
1786 1784 1
1784 1785 1
1786 1785 1
1784 1786 1
1785 1786 1
535 1787 1
952 1787 1
1788 1787 1
535 1788 1
952 1788 1
1787 1788 1
804 1789 1
1790 1789 1
804 1790 1
1789 1790 1
1081 1791 1
226 1792 1
227 1792 1
228 1792 1
1793 1792 1
1794 1792 1
226 1793 1
227 1793 1
228 1793 1
1792 1793 1
1794 1793 1
226 1794 1
227 1794 1
228 1794 1
1792 1794 1
1793 1794 1
173 1795 3
705 1795 1
933 1795 1
1229 1796 1
1698 1796 2
442 1797 1
797 1797 1
1549 1797 1
1798 1797 1
442 1798 1
797 1798 1
1549 1798 1
1797 1798 1
413 1799 1
538 1799 1
1800 1799 1
1801 1799 1
413 1800 1
538 1800 1
1799 1800 1
1801 1800 1
413 1801 1
538 1801 1
1799 1801 1
1800 1801 1
1803 1802 1
1804 1802 1
1805 1802 1
1806 1802 3
2062 1802 1
2063 1802 1
1802 1803 1
1804 1803 1
1805 1803 1
1806 1803 1
1802 1804 1
1803 1804 1
1805 1804 1
1806 1804 1
1802 1805 1
1803 1805 1
1804 1805 1
1806 1805 1
338 1806 1
465 1806 1
562 1806 1
563 1806 1
1444 1806 1
1802 1806 3
1803 1806 1
1804 1806 1
1805 1806 1
2062 1806 1
2063 1806 1
2140 1806 1
2157 1806 1
68 1807 2
1399 1807 1
1808 1807 1
68 1808 1
1399 1808 1
1807 1808 1
57 1809 2
996 1809 2
1883 1809 1
413 1810 4
1033 1810 1
1115 1810 1
1244 1810 3
2296 1810 1
241 1811 1
305 1811 1
520 1812 1
681 1812 1
747 1812 1
1813 1812 1
520 1813 1
681 1813 1
747 1813 1
1812 1813 1
1320 1814 1
1816 1815 1
1817 1815 1
1815 1816 1
1817 1816 1
1815 1817 1
1816 1817 1
1331 1818 1
857 1819 2
1820 1819 1
1903 1819 1
857 1820 1
1819 1820 1
173 1821 1
454 1821 1
86 1822 1
678 1822 1
608 1823 1
699 1824 2
819 1824 1
1623 1824 1
2243 1824 1
465 1825 2
1444 1825 2
207 1826 1
849 1826 1
1827 1826 1
207 1827 1
849 1827 1
1826 1827 1
220 1828 1
1267 1829 1
1830 1829 1
1267 1830 1
1829 1830 1
1596 1831 1
822 1832 1
2295 1832 1
392 1833 1
9 1834 1
39 1834 1
366 1834 1
1836 1835 1
1835 1836 1
527 1837 1
1242 1837 1
1838 1837 1
527 1838 1
1148 1838 1
1242 1838 1
1837 1838 1
2374 1838 1
326 1839 1
456 1839 1
661 1839 1
663 1839 1
1180 1840 1
260 1841 1
326 1841 1
327 1841 1
661 1841 1
663 1841 1
805 1841 1
136 1842 1
927 1842 1
1529 1842 1
42 1843 1
393 1843 1
444 1843 1
1844 1843 1
42 1844 1
393 1844 1
444 1844 1
1843 1844 1
480 1845 1
700 1845 2
588 1846 1
817 1846 1
1847 1846 1
588 1847 1
817 1847 1
1846 1847 1
637 1848 1
638 1848 1
678 1849 1
1227 1849 1
1850 1849 1
678 1850 1
1227 1850 3
1645 1850 1
1849 1850 1
2039 1850 1
2270 1850 1
1852 1851 1
1851 1852 1
413 1853 1
595 1853 2
1085 1853 1
1854 1853 1
2288 1853 1
595 1854 1
1085 1854 1
1853 1854 1
594 1855 1
817 1855 1
520 1856 1
814 1857 1
1858 1857 1
814 1858 1
1857 1858 1
236 1859 2
1860 1859 1
1861 1859 1
1862 1859 2
236 1860 1
1859 1860 1
1861 1860 1
1862 1860 1
236 1861 1
1859 1861 1
1860 1861 1
1862 1861 1
236 1862 2
1859 1862 2
1860 1862 1
1861 1862 1
1864 1863 1
2136 1863 1
2137 1863 2
2138 1863 1
2139 1863 1
2280 1863 1
2281 1863 1
1863 1864 1
228 1865 1
1866 1865 1
228 1866 1
1865 1866 1
1084 1867 1
1086 1867 1
1595 1867 1
228 1868 1
503 1868 1
18 1869 1
1319 1869 1
1870 1869 1
1871 1869 1
1869 1870 1
1871 1870 1
1869 1871 1
1870 1871 1
352 1872 1
465 1872 2
1723 1872 1
2027 1872 1
2105 1872 1
562 1873 1
563 1873 1
349 1874 1
382 1874 1
1875 1874 1
382 1875 1
1874 1875 1
379 1876 1
1157 1876 1
1250 1877 1
1007 1878 1
1040 1878 2
1085 1878 1
4 1879 1
425 1879 1
584 1880 1
1782 1880 1
1881 1880 1
1882 1880 1
584 1881 1
1782 1881 1
1880 1881 1
1882 1881 1
584 1882 1
1782 1882 1
1880 1882 1
1881 1882 1
57 1883 1
996 1883 1
1809 1883 1
996 1884 1
1885 1884 1
996 1885 2
1884 1885 1
2249 1885 1
17 1886 1
1644 1886 1
1888 1887 1
1889 1887 1
1887 1888 1
1889 1888 1
1887 1889 1
1888 1889 1
747 1890 1
1630 1890 2
1891 1890 1
747 1891 1
1890 1891 1
1262 1892 1
1779 1892 1
1893 1892 1
1262 1893 1
1779 1893 1
1892 1893 1
29 1894 1
1895 1894 1
1896 1894 1
29 1895 1
1894 1895 1
1896 1895 1
29 1896 1
1894 1896 1
1895 1896 1
9 1897 1
1244 1898 1
1899 1898 1
1244 1899 1
1898 1899 1
415 1900 1
527 1900 1
1175 1900 2
2360 1900 1
494 1901 1
495 1901 1
927 1902 1
1081 1902 1
1529 1902 1
857 1903 1
1819 1903 1
299 1904 2
1905 1904 3
1987 1904 2
299 1905 2
1904 1905 3
1987 1905 2
1007 1906 1
1009 1906 1
1041 1906 1
1907 1906 1
1041 1907 1
1906 1907 1
177 1908 1
251 1908 1
480 1909 1
883 1909 1
1118 1909 3
1174 1909 1
1464 1909 3
1556 1909 1
1910 1909 1
1911 1909 1
1909 1910 1
1911 1910 1
1909 1911 1
1910 1911 1
147 1912 1
1262 1913 1
1779 1913 1
1914 1913 1
1915 1913 1
1916 1913 1
1262 1914 1
1779 1914 1
1913 1914 1
1915 1914 1
1916 1914 1
1262 1915 1
1779 1915 1
1913 1915 1
1914 1915 1
1916 1915 1
1262 1916 1
1779 1916 1
1913 1916 1
1914 1916 1
1915 1916 1
1918 1917 1
1919 1917 1
1917 1918 1
1919 1918 1
1917 1919 1
1918 1919 1
1921 1920 1
1922 1920 1
1920 1921 1
1922 1921 1
260 1922 1
1920 1922 1
1921 1922 1
1975 1922 1
44 1923 1
227 1924 2
764 1924 1
765 1924 1
1925 1924 1
227 1925 1
1924 1925 1
173 1926 1
454 1926 1
521 1927 1
563 1927 2
579 1927 1
622 1927 1
147 1928 1
1929 1928 1
147 1929 1
1928 1929 1
114 1930 1
137 1930 1
778 1930 1
1931 1930 1
114 1931 1
137 1931 1
778 1931 1
1930 1931 1
1933 1932 1
1932 1933 1
2069 1933 1
2070 1933 1
2108 1933 1
2109 1933 1
857 1934 1
1935 1934 1
857 1935 1
1934 1935 1
1966 1935 2
427 1936 1
881 1937 1
1035 1937 1
1529 1937 1
1939 1938 1
1940 1938 1
1938 1939 1
1940 1939 1
1938 1940 1
1939 1940 1
480 1941 1
1174 1941 1
1943 1942 1
480 1943 1
635 1943 1
1257 1943 1
1523 1943 3
1646 1943 1
1942 1943 1
1977 1943 1
2089 1943 1
2159 1943 1
2160 1943 1
52 1944 2
1945 1944 1
52 1945 1
1944 1945 1
1947 1946 1
589 1947 1
1333 1947 1
1445 1947 1
1446 1947 1
1946 1947 1
1972 1947 2
1973 1947 1
2044 1947 1
1949 1948 1
1950 1948 1
1948 1949 1
1950 1949 1
1948 1950 1
1949 1950 1
1119 1951 1
824 1952 1
200 1953 1
356 1954 1
1956 1955 1
1955 1956 1
1091 1957 1
187 1958 1
1678 1958 1
1959 1958 1
187 1959 2
440 1959 1
1678 1959 1
1958 1959 1
481 1960 1
543 1960 1
757 1960 1
368 1961 1
369 1961 1
1963 1962 1
1964 1962 1
1965 1962 1
1962 1963 1
1964 1963 1
1965 1963 1
1962 1964 1
1963 1964 1
1965 1964 1
1962 1965 1
1963 1965 1
1964 1965 1
1935 1966 2
246 1967 1
413 1968 1
1650 1968 1
927 1969 1
1081 1969 1
1064 1970 2
1227 1970 2
1645 1970 2
2024 1970 1
880 1971 1
884 1971 1
2210 1971 1
1333 1972 1
1947 1972 2
1973 1972 1
2044 1972 1
1333 1973 1
1947 1973 1
1972 1973 1
2127 1973 2
2128 1973 1
2129 1973 1
2209 1973 1
2355 1973 1
260 1974 1
1975 1974 1
1976 1974 1
260 1975 4
661 1975 1
1922 1975 1
1974 1975 1
1976 1975 1
2191 1975 1
2192 1975 2
260 1976 1
662 1976 1
663 1976 1
1974 1976 1
1975 1976 1
2221 1976 1
1523 1977 1
1943 1977 1
158 1978 1
520 1978 1
680 1978 1
1979 1978 1
1978 1979 1
1331 1980 2
1981 1980 2
1984 1980 1
1998 1980 1
1999 1980 1
975 1981 1
1331 1981 1
1769 1981 1
1980 1981 2
1984 1981 1
1998 1981 1
1999 1981 1
2113 1981 1
445 1982 1
1984 1983 1
1985 1983 1
1331 1984 1
1980 1984 1
1981 1984 1
1983 1984 1
1985 1984 1
1998 1984 1
1999 1984 1
1983 1985 1
1984 1985 1
301 1986 1
783 1986 1
299 1987 1
1904 1987 2
1905 1987 2
1989 1988 1
1988 1989 1
2204 1989 1
2205 1989 1
177 1990 2
1085 1991 1
1992 1991 1
2123 1991 1
2124 1991 1
2125 1991 1
1085 1992 2
1991 1992 1
236 1993 1
796 1994 1
797 1994 2
2003 1994 1
2004 1994 1
2005 1994 1
1611 1995 1
1996 1995 1
1611 1996 1
1995 1996 1
424 1997 1
550 1997 1
1331 1998 1
1980 1998 1
1981 1998 1
1984 1998 1
1999 1998 1
1331 1999 1
1980 1999 1
1981 1999 1
1984 1999 1
1998 1999 1
480 2000 1
1174 2000 1
610 2001 1
1625 2001 1
240 2002 1
249 2002 1
379 2002 1
717 2002 1
797 2003 3
1994 2003 1
2004 2003 1
2005 2003 1
797 2004 1
1994 2004 1
2003 2004 1
2005 2004 1
797 2005 1
1994 2005 1
2003 2005 1
2004 2005 1
1717 2006 1
1262 2007 1
1779 2007 1
2009 2008 1
2008 2009 1
429 2010 1
1028 2010 1
744 2011 1
2013 2012 1
2012 2013 1
263 2014 1
327 2014 1
1714 2014 1
413 2015 1
2016 2015 1
2017 2015 1
413 2016 1
2015 2016 1
2017 2016 1
413 2017 1
2015 2017 1
2016 2017 1
2258 2017 1
2259 2017 1
13 2018 1
651 2018 1
652 2018 1
2020 2019 1
2021 2019 1
2019 2020 1
2021 2020 1
2019 2021 1
2020 2021 1
562 2022 1
563 2022 1
2023 2022 1
562 2023 1
563 2023 1
2022 2023 1
450 2024 1
1064 2024 3
1227 2024 1
1645 2024 1
1970 2024 1
2202 2024 1
2026 2025 2
2025 2026 2
527 2027 1
1872 2027 1
2028 2027 1
2105 2027 1
2027 2028 1
416 2029 1
1006 2029 1
2030 2029 1
2031 2029 1
416 2030 1
1006 2030 1
2029 2030 1
2031 2030 1
416 2031 1
1006 2031 1
2029 2031 1
2030 2031 1
635 2032 1
1066 2032 1
1645 2032 1
1739 2032 1
2039 2032 1
2242 2032 1
114 2033 2
137 2033 2
634 2033 2
778 2033 1
517 2034 1
2035 2034 1
517 2035 1
2034 2035 1
567 2036 1
2037 2036 1
2038 2036 1
567 2037 1
2036 2037 1
2038 2037 1
567 2038 1
2036 2038 1
2037 2038 1
1227 2039 2
1645 2039 2
1739 2039 1
1850 2039 1
2032 2039 1
2040 2039 1
2114 2039 1
2242 2039 1
2270 2039 1
1227 2040 1
2039 2040 1
9 2041 1
173 2042 1
454 2042 1
726 2042 1
539 2043 1
1044 2044 1
1947 2044 1
1972 2044 1
2244 2044 1
2046 2045 2
2045 2046 2
60 2047 1
2048 2047 1
2110 2047 1
60 2048 1
2047 2048 1
942 2049 1
1069 2049 1
2051 2050 1
2052 2050 1
2053 2050 1
2050 2051 1
2052 2051 1
2053 2051 1
2348 2051 1
2050 2052 1
2051 2052 1
2053 2052 1
2050 2053 1
2051 2053 1
2052 2053 1
636 2054 1
1544 2054 1
9 2055 1
875 2055 1
1596 2055 1
2303 2055 1
2304 2055 1
1174 2056 1
2057 2056 1
2058 2056 1
1174 2057 1
2056 2057 1
2058 2057 1
1174 2058 1
2056 2058 1
2057 2058 1
818 2059 1
2060 2059 1
818 2060 1
2059 2060 1
530 2061 1
1802 2062 1
1806 2062 1
2063 2062 1
1802 2063 1
1806 2063 1
2062 2063 1
2065 2064 1
2064 2065 1
2080 2065 1
2081 2065 1
2082 2065 1
2083 2065 1
681 2066 1
767 2066 1
2067 2066 1
2068 2066 1
681 2067 1
767 2067 1
2066 2067 1
2068 2067 1
681 2068 1
767 2068 1
2066 2068 1
2067 2068 1
1933 2069 1
2070 2069 1
1933 2070 1
2069 2070 1
561 2071 1
617 2071 1
1002 2072 1
1334 2073 1
507 2074 1
1444 2075 1
114 2076 1
137 2076 1
369 2076 1
2077 2076 1
114 2077 1
137 2077 1
369 2077 1
2076 2077 1
260 2078 1
1720 2078 1
561 2079 1
617 2079 1
2065 2080 1
2081 2080 1
2082 2080 1
2083 2080 1
2065 2081 1
2080 2081 1
2082 2081 1
2083 2081 1
2065 2082 1
2080 2082 1
2081 2082 1
2083 2082 1
2065 2083 1
2080 2083 1
2081 2083 1
2082 2083 1
122 2084 1
200 2084 1
2086 2085 1
2087 2085 1
2085 2086 1
2087 2086 1
2085 2087 1
2086 2087 1
779 2088 1
1523 2089 1
1943 2089 1
147 2090 1
1432 2090 1
1224 2091 1
1066 2092 1
113 2093 1
406 2094 1
2096 2095 1
2097 2095 1
2098 2095 1
2095 2096 1
2097 2096 1
2098 2096 1
2095 2097 1
2096 2097 1
2098 2097 1
2095 2098 1
2096 2098 1
2097 2098 1
2100 2099 2
2329 2099 1
2099 2100 2
44 2101 1
2102 2101 1
44 2102 1
2101 2102 1
1329 2103 1
1330 2103 1
2104 2103 1
1329 2104 1
1330 2104 1
2103 2104 1
1872 2105 1
2027 2105 1
2107 2106 1
2106 2107 1
1933 2108 1
2109 2108 1
1933 2109 1
2108 2109 1
2047 2110 1
533 2111 1
53 2112 1
157 2112 1
975 2113 1
1769 2113 1
1981 2113 1
1645 2114 1
2039 2114 1
857 2115 2
811 2116 1
2118 2117 1
2119 2117 1
2120 2117 1
2117 2118 1
2119 2118 1
2120 2118 1
2117 2119 1
2118 2119 1
2120 2119 1
2117 2120 1
2118 2120 1
2119 2120 1
587 2121 1
2122 2121 1
587 2122 1
2121 2122 1
1991 2123 1
2124 2123 1
2125 2123 1
1991 2124 1
2123 2124 1
2125 2124 1
1991 2125 1
2123 2125 1
2124 2125 1
275 2126 1
1156 2126 1
1734 2126 1
1973 2127 2
2128 2127 1
2129 2127 1
2209 2127 1
2355 2127 1
338 2128 1
1973 2128 1
2127 2128 1
2129 2128 1
2317 2128 1
1973 2129 1
2127 2129 1
2128 2129 1
2246 2129 1
2131 2130 1
2130 2131 1
1446 2132 1
2133 2132 1
1446 2133 1
2132 2133 1
797 2134 1
1549 2134 1
456 2135 1
1316 2135 1
1863 2136 1
2137 2136 1
2138 2136 1
2139 2136 1
1863 2137 2
2136 2137 1
2138 2137 1
2139 2137 1
2280 2137 1
2281 2137 1
1863 2138 1
2136 2138 1
2137 2138 1
2139 2138 1
1863 2139 1
2136 2139 1
2137 2139 1
2138 2139 1
562 2140 1
563 2140 1
1806 2140 1
2142 2141 1
2141 2142 1
2144 2143 1
2145 2143 1
2143 2144 1
2145 2144 1
2143 2145 1
2144 2145 1
208 2146 1
1628 2146 1
1700 2147 2
328 2148 1
797 2148 1
2149 2148 2
328 2149 1
797 2149 1
2148 2149 2
2151 2150 1
2150 2151 1
442 2152 1
797 2152 1
2153 2152 1
442 2153 1
797 2153 1
2152 2153 1
2155 2154 1
2156 2154 1
2154 2155 1
2156 2155 1
2154 2156 1
2155 2156 1
338 2157 1
465 2157 1
1444 2157 1
1806 2157 1
107 2158 1
213 2158 1
502 2158 1
480 2159 2
635 2159 1
1523 2159 2
1646 2159 1
1943 2159 1
2160 2159 2
480 2160 2
635 2160 1
1523 2160 2
1646 2160 1
1943 2160 1
2159 2160 2
1042 2161 1
1044 2161 1
1173 2162 1
518 2163 1
1185 2163 1
2164 2163 1
518 2164 1
1185 2164 1
2163 2164 1
2166 2165 1
2167 2165 1
2168 2165 1
2169 2165 1
2170 2165 1
2165 2166 1
2167 2166 1
2168 2166 1
2169 2166 1
2170 2166 1
2165 2167 1
2166 2167 1
2168 2167 1
2169 2167 1
2170 2167 1
2165 2168 1
2166 2168 1
2167 2168 1
2169 2168 1
2170 2168 1
2165 2169 1
2166 2169 1
2167 2169 1
2168 2169 1
2170 2169 1
2165 2170 1
2166 2170 1
2167 2170 1
2168 2170 1
2169 2170 1
327 2171 1
2172 2171 1
2318 2171 1
2319 2171 1
2171 2172 1
320 2173 1
444 2173 1
2174 2173 1
2175 2173 1
2176 2173 1
2177 2173 1
2178 2173 1
320 2174 1
444 2174 1
2173 2174 1
2175 2174 1
2176 2174 1
2177 2174 1
2178 2174 1
320 2175 1
444 2175 1
2173 2175 1
2174 2175 1
2176 2175 1
2177 2175 1
2178 2175 1
320 2176 1
444 2176 1
2173 2176 1
2174 2176 1
2175 2176 1
2177 2176 1
2178 2176 1
320 2177 1
444 2177 1
2173 2177 1
2174 2177 1
2175 2177 1
2176 2177 1
2178 2177 1
320 2178 1
444 2178 1
2173 2178 1
2174 2178 1
2175 2178 1
2176 2178 1
2177 2178 1
1444 2179 1
136 2180 1
584 2180 1
2181 2180 1
136 2181 1
584 2181 1
2180 2181 1
1691 2182 1
2184 2183 1
2185 2183 1
2183 2184 1
2185 2184 1
2183 2185 1
2184 2185 1
647 2186 1
147 2187 1
2188 2187 1
2189 2187 1
147 2188 1
2187 2188 1
2189 2188 1
147 2189 1
2187 2189 1
2188 2189 1
253 2190 1
271 2190 1
260 2191 1
1975 2191 1
2192 2191 1
260 2192 2
661 2192 1
1975 2192 2
2191 2192 1
201 2193 1
2194 2193 1
201 2194 1
2193 2194 1
406 2195 1
1650 2195 1
2197 2196 1
2196 2197 1
760 2198 1
1242 2198 1
2199 2198 1
2200 2198 1
2384 2198 1
2385 2198 1
760 2199 1
1242 2199 1
2198 2199 1
2200 2199 1
760 2200 1
1242 2200 1
2198 2200 1
2199 2200 1
761 2201 1
1700 2201 1
450 2202 2
1064 2202 1
2024 2202 1
1372 2203 1
1989 2204 1
2205 2204 1
1989 2205 1
2204 2205 1
2207 2206 1
2206 2207 1
1402 2208 1
2209 2208 1
1402 2209 1
1973 2209 1
2127 2209 1
2208 2209 1
2355 2209 1
884 2210 1
1971 2210 1
1262 2211 2
2300 2211 1
2301 2211 1
2302 2211 1
1700 2212 1
1075 2213 1
771 2214 1
2216 2215 1
2217 2215 1
2215 2216 1
2217 2216 1
2215 2217 1
2216 2217 1
493 2218 4
731 2218 3
2219 2218 1
493 2219 1
2218 2219 1
281 2220 1
332 2220 1
392 2220 3
752 2220 1
2223 2220 1
350 2221 1
662 2221 1
663 2221 1
1976 2221 1
619 2222 1
632 2222 1
753 2222 1
754 2222 1
392 2223 1
2220 2223 1
2225 2224 1
2226 2224 1
2224 2225 1
2226 2225 1
2224 2226 1
2225 2226 1
279 2227 1
632 2227 1
2228 2227 1
279 2228 1
632 2228 1
2227 2228 1
299 2229 1
339 2229 1
340 2229 1
341 2229 1
793 2230 1
1520 2230 1
1700 2231 1
562 2232 1
563 2232 1
521 2233 1
579 2233 1
2235 2234 1
2234 2235 1
207 2236 1
631 2236 1
749 2236 1
2237 2236 1
207 2237 1
631 2237 1
749 2237 1
2236 2237 1
346 2238 1
421 2238 1
527 2239 1
480 2240 1
698 2240 1
1514 2240 1
2241 2240 1
480 2241 1
698 2241 1
1514 2241 1
2240 2241 1
1645 2242 1
1739 2242 1
2032 2242 1
2039 2242 1
699 2243 1
1824 2243 1
1044 2244 1
2044 2244 1
1166 2245 1
2129 2246 1
2312 2246 1
2248 2247 1
2247 2248 1
433 2249 1
485 2249 1
996 2249 1
1885 2249 1
2251 2250 1
2250 2251 1
2253 2252 1
2254 2252 1
2252 2253 1
2254 2253 1
2252 2254 1
2253 2254 1
480 2255 1
698 2255 1
281 2256 1
776 2256 1
679 2257 1
2017 2258 1
2259 2258 1
2017 2259 1
2258 2259 1
1334 2260 1
2261 2260 1
1334 2261 1
2260 2261 1
2263 2262 1
2262 2263 1
714 2264 1
1219 2265 1
2266 2265 1
1219 2266 1
2265 2266 1
173 2267 1
454 2267 1
536 2267 1
635 2268 1
2277 2269 1
1227 2270 1
1850 2270 1
2039 2270 1
1352 2271 1
266 2272 1
2273 2272 1
266 2273 1
2272 2273 1
1128 2274 1
1604 2274 1
2275 2274 1
1128 2275 1
1604 2275 1
2274 2275 1
817 2276 1
1725 2276 1
2269 2277 1
541 2278 1
241 2279 1
755 2279 1
756 2279 1
1863 2280 1
2137 2280 1
2281 2280 1
1863 2281 1
2137 2281 1
2280 2281 1
801 2282 1
236 2283 1
57 2284 2
996 2284 2
550 2285 1
2286 2285 1
2287 2285 1
550 2286 1
2285 2286 1
2287 2286 1
550 2287 1
2285 2287 1
2286 2287 1
413 2288 2
1853 2288 1
2289 2288 1
413 2289 1
2288 2289 1
419 2290 1
498 2290 1
2291 2290 1
419 2291 1
498 2291 1
2290 2291 1
61 2292 1
335 2292 1
370 2292 1
786 2293 1
1596 2294 1
1832 2295 1
1810 2296 1
49 2297 1
2298 2297 1
2299 2297 1
49 2298 1
2297 2298 1
2299 2298 1
49 2299 1
2297 2299 1
2298 2299 1
1262 2300 1
2211 2300 1
2301 2300 1
2302 2300 1
1262 2301 1
2211 2301 1
2300 2301 1
2302 2301 1
1262 2302 1
2211 2302 1
2300 2302 1
2301 2302 1
9 2303 1
2055 2303 1
2304 2303 1
9 2304 1
2055 2304 1
2303 2304 1
1571 2305 1
2306 2305 1
1571 2306 1
2305 2306 1
554 2307 1
555 2307 1
556 2307 1
557 2307 1
187 2308 1
2309 2308 1
187 2309 1
2308 2309 1
2311 2310 1
2310 2311 1
2246 2312 1
1596 2313 1
2315 2314 1
2314 2315 1
349 2316 1
842 2316 1
1319 2316 1
338 2317 1
2128 2317 1
327 2318 1
2171 2318 1
2319 2318 1
327 2319 1
2171 2319 1
2318 2319 1
2321 2320 1
2320 2321 1
2323 2322 1
2324 2322 1
2322 2323 1
2324 2323 1
2322 2324 1
2323 2324 1
412 2325 1
413 2325 1
2327 2326 1
2326 2327 1
279 2328 1
494 2328 1
2099 2329 1
1497 2330 1
2332 2331 1
2331 2332 1
338 2333 1
346 2334 1
2335 2334 1
2336 2334 1
2337 2334 1
2338 2334 1
346 2335 1
2334 2335 1
2336 2335 1
2337 2335 1
2338 2335 1
346 2336 1
2334 2336 1
2335 2336 1
2337 2336 1
2338 2336 1
346 2337 1
2334 2337 1
2335 2337 1
2336 2337 1
2338 2337 1
346 2338 1
2334 2338 1
2335 2338 1
2336 2338 1
2337 2338 1
1227 2339 1
2340 2339 1
1227 2340 1
2339 2340 1
158 2341 1
520 2341 1
2342 2341 1
2343 2341 1
158 2342 1
520 2342 1
2341 2342 1
2343 2342 1
158 2343 1
520 2343 1
2341 2343 1
2342 2343 1
251 2344 1
363 2344 1
350 2345 1
374 2346 1
375 2346 1
1332 2346 1
54 2347 1
159 2347 1
381 2347 1
2051 2348 1
2350 2349 1
2349 2350 1
236 2351 1
2352 2351 1
236 2352 1
2351 2352 1
2354 2353 1
2353 2354 1
1973 2355 1
2127 2355 1
2209 2355 1
2357 2356 1
2356 2357 1
655 2358 1
1571 2359 1
415 2360 1
1175 2360 1
1900 2360 1
2362 2361 1
2363 2361 1
2361 2362 1
2363 2362 1
2361 2363 1
2362 2363 1
34 2364 1
413 2364 1
545 2365 1
546 2365 1
382 2366 1
1444 2367 1
2369 2368 1
2368 2369 1
415 2370 1
446 2371 1
298 2372 1
1402 2373 1
1148 2374 1
1838 2374 1
341 2375 1
2376 2375 1
341 2376 1
2375 2376 1
2378 2377 1
2379 2377 1
2377 2378 1
2379 2378 1
2377 2379 1
2378 2379 1
395 2380 1
415 2381 1
349 2382 1
480 2383 1
698 2383 1
1514 2383 1
2198 2384 1
2385 2384 1
2198 2385 1
2384 2385 1
2387 2386 1
2386 2387 1
1093 2388 1
2389 2388 1
2390 2388 1
1093 2389 1
2388 2389 1
2390 2389 1
1093 2390 1
2388 2390 1
2389 2390 1
2392 2391 1
2391 2392 1
2394 2393 1
2393 2394 1
415 2395 1
2396 2395 1
415 2396 1
2395 2396 1
2398 2397 1
2397 2398 1
148 2399 1
1007 2400 1
1009 2400 1
2401 2400 1
1007 2401 1
1009 2401 1
2400 2401 1
