72 1 1
573 2 1
710 2 1
26 3 1
29 3 2
106 4 1
111 4 1
170 4 1
17 5 1
74 5 1
7 6 1
1227 6 1
6 7 1
1227 7 1
470 8 1
23 9 8
24 9 4
138 9 1
263 9 1
294 9 1
448 9 1
597 9 3
752 9 1
771 9 1
831 9 4
859 9 1
894 9 1
927 9 1
928 9 1
940 9 1
1087 9 2
95 10 1
382 10 1
670 11 1
174 12 1
577 12 1
823 12 1
278 13 1
879 13 1
880 13 1
355 14 1
55 15 1
138 15 1
180 15 1
495 15 1
672 15 1
65 16 1
194 16 1
272 16 1
307 16 1
5 17 1
22 17 1
31 17 1
74 17 1
101 17 1
102 17 1
103 17 1
122 17 1
123 17 1
315 17 1
417 17 1
1171 17 1
1172 17 1
1190 17 1
357 18 1
846 18 1
20 19 1
19 20 1
57 21 1
17 22 1
31 22 1
9 23 8
24 23 10
105 23 3
131 23 1
138 23 9
139 23 1
167 23 1
180 23 6
204 23 1
282 23 1
419 23 1
421 23 1
439 23 1
451 23 1
518 23 1
694 23 1
777 23 3
799 23 1
800 23 3
803 23 3
953 23 1
959 23 1
975 23 1
976 23 1
1117 23 1
9 24 4
23 24 10
88 24 1
100 24 1
105 24 3
138 24 8
139 24 1
353 24 1
524 24 1
803 24 2
831 24 1
940 24 1
967 24 1
83 25 1
87 25 1
257 25 1
1223 25 1
3 26 1
189 27 2
601 28 1
1118 28 1
3 29 2
90 30 1
225 30 1
286 30 1
616 30 1
659 30 1
1030 30 1
17 31 1
22 31 1
119 32 1
238 32 1
282 33 2
209 34 1
1177 34 1
36 35 1
58 35 1
439 35 2
484 35 1
1164 35 1
35 36 1
484 36 3
640 36 1
813 36 1
1090 36 1
1246 36 1
301 37 1
597 37 1
701 37 1
941 38 1
826 39 1
106 40 1
111 40 1
157 40 1
191 40 1
129 41 1
567 41 1
62 42 3
226 42 2
429 42 1
430 42 1
679 42 1
738 42 1
979 42 1
920 43 1
921 43 1
922 43 1
761 44 1
69 45 1
334 45 1
528 45 1
77 46 1
100 46 1
227 46 2
444 46 1
582 46 1
206 47 1
258 47 1
210 48 2
839 48 1
50 49 2
76 49 1
87 49 3
91 49 1
96 49 1
125 49 1
180 49 1
1001 49 1
49 50 2
87 50 2
96 50 1
177 50 1
180 50 1
266 50 1
745 51 1
902 51 1
335 52 1
336 52 1
710 53 1
829 53 1
830 53 1
952 53 1
59 54 1
324 54 1
15 55 1
138 55 1
180 55 1
495 55 2
672 55 1
506 56 1
507 56 1
508 56 1
21 57 1
35 58 1
54 59 1
747 60 1
678 61 1
42 62 3
81 62 1
92 62 1
181 62 1
226 62 2
248 62 1
250 62 2
251 62 1
278 62 1
289 62 1
294 62 5
295 62 1
301 62 2
343 62 4
381 62 1
387 62 2
394 62 1
420 62 1
423 62 1
424 62 1
426 62 1
429 62 1
430 62 1
438 62 2
447 62 2
478 62 2
485 62 2
503 62 1
515 62 2
581 62 1
606 62 1
655 62 1
679 62 1
681 62 1
738 62 1
793 62 1
799 62 1
858 62 1
931 62 1
979 62 3
987 62 1
1021 62 1
1022 62 1
1061 62 4
1072 62 1
1097 62 1
1157 62 1
176 63 1
180 63 1
843 63 1
65 64 3
66 64 3
67 64 2
483 64 1
16 65 1
64 65 3
66 65 3
67 65 3
483 65 1
64 66 3
65 66 3
67 66 2
483 66 1
64 67 2
65 67 3
66 67 2
483 67 1
160 68 1
216 68 1
45 69 1
334 69 1
528 69 1
624 70 1
629 70 1
640 70 2
799 70 1
945 70 1
207 71 1
1 72 1
104 73 1
182 73 1
5 74 1
17 74 1
78 75 1
115 75 1
126 75 1
131 75 1
188 75 1
322 75 1
354 75 1
471 75 1
1196 75 1
49 76 1
87 76 1
91 76 1
46 77 1
100 77 1
227 77 1
75 78 1
188 78 1
471 78 1
280 79 1
924 79 1
925 79 1
97 80 1
229 80 1
231 80 1
895 80 1
1124 80 1
62 81 1
82 81 1
129 81 1
294 81 2
303 81 1
318 81 2
374 81 2
395 81 2
427 81 1
459 81 1
477 81 1
478 81 1
655 81 1
817 81 1
1014 81 2
1015 81 1
1043 81 1
1113 81 1
81 82 1
112 82 1
129 82 2
195 82 1
417 82 1
25 83 1
87 83 1
217 83 2
257 83 1
376 83 2
1223 83 1
200 84 1
100 85 1
282 85 1
538 86 1
539 86 1
972 86 1
1007 86 1
1059 86 1
25 87 1
49 87 3
50 87 2
76 87 1
83 87 1
91 87 1
125 87 1
177 87 1
180 87 1
257 87 1
266 87 1
271 87 4
1001 87 1
1223 87 1
24 88 1
99 88 1
100 88 2
818 88 2
883 88 1
1132 88 1
347 89 1
30 90 1
94 90 1
119 90 2
242 90 3
248 90 1
318 90 1
418 90 3
439 90 1
501 90 1
580 90 1
632 90 1
704 90 2
729 90 1
753 90 2
946 90 1
969 90 3
1140 90 2
49 91 1
76 91 1
87 91 1
62 92 1
248 92 3
294 92 4
314 92 1
475 92 2
480 92 1
569 92 1
597 92 2
631 92 1
1240 92 1
1241 92 1
1242 92 1
1243 92 1
269 93 1
90 94 1
329 94 1
475 94 2
747 94 3
778 94 2
953 94 1
955 94 2
956 94 1
961 94 1
10 95 1
382 95 1
585 95 2
671 95 1
49 96 1
50 96 1
80 97 1
229 97 1
231 97 2
1124 97 1
159 98 1
88 99 1
100 99 4
818 99 1
1217 99 1
24 100 1
46 100 1
77 100 1
85 100 1
88 100 2
99 100 4
227 100 3
282 100 1
389 100 1
390 100 1
391 100 2
818 100 1
891 100 1
1216 100 2
1217 100 3
17 101 1
102 101 1
103 101 1
17 102 1
101 102 1
103 102 1
129 102 1
331 102 1
414 102 1
453 102 1
17 103 1
101 103 1
102 103 1
129 103 1
159 103 1
222 103 1
413 103 1
425 103 1
494 103 1
1233 103 1
73 104 1
182 104 2
23 105 3
24 105 3
138 105 2
4 106 1
40 106 1
111 106 2
157 106 1
170 106 1
191 106 1
458 106 1
1128 106 1
282 107 2
142 108 1
172 108 2
175 108 1
648 108 1
649 108 1
650 108 1
696 108 1
702 108 1
703 108 1
734 108 1
827 108 1
862 108 1
863 108 1
864 108 1
237 109 1
1143 109 1
1144 109 1
490 110 1
4 111 1
40 111 1
106 111 2
157 111 1
170 111 1
191 111 1
82 112 1
195 112 1
114 113 1
113 114 1
121 114 1
196 114 1
279 114 1
457 114 1
473 114 1
75 115 1
350 116 1
355 116 1
441 116 1
338 117 2
135 118 1
32 119 1
90 119 2
154 119 1
238 119 2
892 119 1
958 119 1
1140 119 2
238 120 2
712 120 1
1139 120 1
114 121 1
199 121 1
226 121 2
349 121 1
17 122 1
123 122 1
1190 122 1
17 123 1
122 123 1
311 123 3
316 123 1
328 123 1
332 123 1
350 123 1
442 123 1
1190 123 1
296 124 1
49 125 1
87 125 1
1001 125 1
75 126 1
281 127 1
282 127 1
380 127 1
1166 127 1
1167 127 1
287 128 1
41 129 1
81 129 1
82 129 2
102 129 1
103 129 1
152 129 1
251 129 1
260 129 1
325 129 1
331 129 1
358 129 1
374 129 1
414 129 1
431 129 1
567 129 1
1122 129 1
1233 129 1
606 130 2
23 131 1
75 131 1
354 131 1
421 131 1
188 132 1
218 132 1
377 132 1
265 133 1
584 133 1
587 133 1
319 134 1
1179 134 1
1180 134 1
118 135 1
464 136 1
358 137 1
9 138 1
15 138 1
23 138 9
24 138 8
55 138 1
105 138 2
139 138 1
180 138 1
353 138 1
495 138 1
581 138 1
672 138 1
803 138 1
23 139 1
24 139 1
138 139 1
803 139 1
489 140 1
894 140 1
455 141 1
540 141 1
541 141 1
572 141 1
621 141 1
749 141 2
108 142 1
159 143 1
299 143 1
151 144 1
566 144 1
1033 144 1
165 145 1
674 145 1
409 146 1
792 146 1
217 147 1
597 148 1
526 149 1
1031 149 1
217 150 1
253 150 1
348 150 1
499 150 1
534 150 1
1213 150 1
144 151 1
129 152 1
698 153 3
732 153 1
119 154 1
238 154 2
226 155 1
310 156 1
347 156 1
40 157 1
106 157 1
111 157 1
191 157 1
304 158 1
554 158 1
555 158 1
1161 158 1
1162 158 1
98 159 1
103 159 1
143 159 1
299 159 1
361 159 1
388 159 2
401 159 1
413 159 1
68 160 1
216 160 1
531 161 1
248 162 2
557 163 1
1173 163 1
1174 163 1
565 164 1
145 165 1
674 165 1
628 166 2
23 167 1
439 167 1
595 168 1
1076 168 1
298 169 1
4 170 1
106 170 1
111 170 1
564 171 1
1185 171 1
108 172 2
175 172 1
648 172 1
649 172 1
650 172 1
702 172 1
703 172 1
734 172 1
827 172 1
862 172 1
863 172 1
864 172 1
1024 172 1
1149 173 1
12 174 1
577 174 1
823 174 1
987 174 2
108 175 1
172 175 1
696 175 1
1024 175 1
63 176 1
180 176 1
843 176 1
50 177 1
87 177 1
266 177 1
179 178 1
178 179 1
15 180 1
23 180 6
49 180 1
50 180 1
55 180 1
63 180 1
87 180 1
138 180 1
176 180 1
466 180 1
495 180 1
595 180 1
663 180 1
672 180 1
795 180 1
799 180 2
803 180 1
843 180 1
903 180 2
904 180 1
953 180 1
974 180 1
975 180 2
976 180 1
980 180 2
981 180 2
982 180 1
983 180 1
985 180 1
1076 180 2
1113 180 1
1145 180 1
1146 180 1
62 181 1
858 181 1
73 182 1
104 182 2
224 183 1
574 184 2
654 184 1
186 185 1
244 185 1
185 186 1
244 186 1
579 187 1
75 188 1
78 188 1
132 188 1
218 188 1
377 188 1
471 188 1
27 189 2
575 189 1
909 189 1
886 190 1
887 190 1
888 190 1
40 191 1
106 191 1
111 191 1
157 191 1
542 192 1
794 192 1
234 193 1
1044 193 1
16 194 1
272 194 1
82 195 1
112 195 1
114 196 1
202 196 1
248 196 1
280 196 1
342 196 1
457 196 2
523 196 1
610 196 1
418 197 1
522 198 3
544 198 1
750 198 3
121 199 1
226 199 1
496 199 1
84 200 1
340 201 1
196 202 1
281 202 1
519 203 1
1237 203 1
23 204 1
358 204 1
1156 204 1
1234 204 1
786 205 1
847 205 1
47 206 1
258 206 1
71 207 1
294 208 1
297 208 1
929 208 1
34 209 1
1177 209 1
48 210 2
409 210 1
411 210 8
628 210 1
839 210 2
840 210 1
841 210 1
845 210 1
936 210 1
937 210 1
938 210 1
967 210 1
1083 210 1
1154 210 2
1204 210 1
1222 210 1
212 211 1
211 212 1
766 212 2
865 212 1
866 212 2
240 213 1
896 213 1
838 214 2
525 215 1
530 215 1
871 215 1
972 215 1
973 215 1
68 216 1
160 216 1
83 217 2
147 217 1
150 217 1
218 217 1
256 217 1
301 217 1
376 217 2
534 217 1
819 217 1
1213 217 1
132 218 1
188 218 1
217 218 1
223 218 1
254 218 1
301 218 1
360 218 1
377 218 1
500 218 2
644 219 1
707 219 1
1123 219 1
460 220 1
529 220 1
531 220 1
1148 220 1
659 221 2
660 221 2
815 221 1
950 221 1
103 222 1
425 222 1
494 222 1
218 223 1
183 224 1
30 225 1
470 225 1
611 225 1
614 225 6
616 225 20
617 225 1
618 225 3
651 225 1
652 225 2
653 225 1
659 225 1
689 225 1
705 225 1
717 225 1
825 225 1
876 225 1
911 225 1
42 226 2
62 226 2
121 226 2
155 226 1
199 226 1
349 226 1
429 226 1
430 226 1
576 226 1
679 226 1
720 226 1
738 226 1
46 227 2
77 227 1
100 227 3
389 227 1
390 227 1
391 227 1
582 227 1
891 227 1
1216 227 1
1217 227 1
241 228 1
378 228 1
442 228 1
963 228 1
1211 228 1
80 229 1
97 229 1
231 229 1
1124 229 1
235 230 1
280 230 1
583 230 1
610 230 1
746 230 1
984 230 1
1053 230 1
1054 230 1
1055 230 1
1056 230 1
1057 230 1
80 231 1
97 231 2
229 231 1
1124 231 1
359 232 1
235 233 1
236 233 1
193 234 1
1044 234 1
230 235 1
233 235 1
236 235 1
984 235 1
233 236 1
235 236 1
109 237 1
1143 237 1
1144 237 1
32 238 1
119 238 2
120 238 2
154 238 2
712 238 1
1138 238 2
1139 238 1
597 239 3
783 239 2
213 240 1
228 241 1
90 242 3
418 242 2
410 243 1
1035 243 1
1036 243 1
1037 243 1
185 244 1
186 244 1
600 245 1
684 245 1
247 246 1
597 246 1
246 247 1
62 248 1
90 248 1
92 248 3
162 248 2
196 248 1
249 248 1
280 248 1
294 248 1
312 248 1
313 248 1
327 248 1
328 248 1
342 248 1
344 248 3
345 248 1
439 248 3
461 248 1
487 248 1
510 248 1
606 248 1
610 248 1
629 248 1
630 248 1
631 248 1
632 248 1
716 248 1
739 248 1
889 248 1
964 248 1
1239 248 1
248 249 1
294 249 1
342 249 2
427 249 1
633 249 1
635 249 2
706 249 1
749 249 1
860 249 1
62 250 2
251 250 1
295 250 1
62 251 1
129 251 1
250 251 1
287 251 1
288 251 1
368 252 1
150 253 1
348 253 1
360 253 1
385 253 1
491 253 1
499 253 1
505 253 1
623 253 1
718 253 1
218 254 1
500 254 1
1006 255 1
217 256 1
819 256 1
25 257 1
83 257 1
87 257 1
1223 257 1
47 258 1
206 258 1
437 259 1
129 260 1
1005 261 1
263 262 1
9 263 1
262 263 1
264 263 1
392 263 1
719 263 1
263 264 1
392 264 1
719 264 1
133 265 1
584 265 1
587 265 1
50 266 1
87 266 1
177 266 1
373 267 1
1114 267 1
1115 267 1
300 268 1
93 269 1
338 270 1
548 270 1
769 270 1
770 270 1
1230 270 1
1231 270 1
87 271 4
307 271 1
600 271 1
616 271 1
686 271 2
724 271 1
755 271 1
785 271 2
791 271 1
1027 271 3
1135 271 1
1136 271 1
1191 271 1
1192 271 1
16 272 1
194 272 1
520 272 1
274 273 2
273 274 2
405 275 3
607 275 1
1084 275 3
1168 275 1
297 276 1
298 276 1
399 277 1
509 277 1
905 277 1
13 278 1
62 278 1
337 278 1
581 278 1
879 278 1
880 278 1
114 279 1
396 279 1
1062 279 1
79 280 1
196 280 1
230 280 1
248 280 1
309 280 1
326 280 1
341 280 2
342 280 4
461 280 2
610 280 3
673 280 3
746 280 1
924 280 1
925 280 1
127 281 1
202 281 1
282 281 1
380 281 1
409 281 2
1166 281 1
1167 281 1
23 282 1
33 282 2
85 282 1
100 282 1
107 282 2
127 282 1
281 282 1
380 282 1
472 282 2
766 282 1
885 282 2
890 282 1
897 282 1
960 282 1
1117 282 1
1166 282 1
1167 282 1
284 283 1
285 283 1
283 284 1
285 284 1
283 285 1
284 285 1
595 285 1
967 285 1
1058 285 1
30 286 1
659 286 1
660 286 1
814 286 1
815 286 1
1030 286 1
128 287 1
251 287 1
288 287 5
307 287 3
309 287 1
251 288 1
287 288 5
290 288 1
307 288 3
397 288 1
62 289 1
302 289 1
979 289 1
1229 289 1
288 290 1
397 290 1
292 291 1
450 291 1
291 292 1
450 292 1
610 292 1
907 292 1
393 293 1
846 293 1
9 294 1
62 294 5
81 294 2
92 294 4
208 294 1
248 294 1
249 294 1
297 294 1
314 294 1
374 294 1
423 294 3
424 294 3
427 294 1
438 294 1
447 294 3
448 294 1
475 294 1
485 294 1
581 294 2
928 294 1
929 294 1
930 294 3
931 294 2
1097 294 1
62 295 1
250 295 1
124 296 1
208 297 1
276 297 1
294 297 1
298 297 2
929 297 1
169 298 1
276 298 1
297 298 2
331 298 1
358 298 1
416 298 1
1212 298 1
143 299 1
159 299 1
268 300 1
1152 300 1
37 301 1
62 301 2
217 301 1
218 301 1
581 301 3
597 301 1
606 301 2
701 301 1
289 302 1
81 303 1
317 303 1
318 303 3
374 303 1
428 303 1
158 304 1
554 304 1
555 304 1
1161 304 1
1162 304 1
775 305 1
784 305 1
307 306 1
352 306 1
16 307 1
271 307 1
287 307 3
288 307 3
306 307 1
309 307 1
352 307 2
379 307 1
476 307 1
724 307 1
740 307 1
358 308 1
514 308 1
280 309 1
287 309 1
307 309 1
323 309 1
326 309 1
351 309 1
364 309 1
365 309 2
402 309 1
410 309 1
418 309 1
516 309 1
610 309 1
764 309 1
790 309 1
796 309 1
1228 309 1
156 310 1
347 310 1
123 311 3
332 311 1
350 311 1
442 311 1
248 312 1
313 312 1
510 312 1
630 312 1
248 313 1
312 313 1
510 313 1
630 313 1
92 314 1
294 314 1
17 315 1
1172 315 1
123 316 1
303 317 1
318 317 1
81 318 2
90 318 1
303 318 3
317 318 1
374 318 1
428 318 1
454 318 1
459 318 1
501 318 1
729 318 1
1153 318 1
134 319 1
1179 319 1
1180 319 1
765 320 1
779 321 2
75 322 1
1196 322 1
309 323 1
764 323 1
1228 323 1
54 324 1
129 325 1
431 325 1
280 326 1
309 326 1
342 326 1
418 326 1
673 326 1
248 327 1
328 327 1
123 328 1
248 328 1
327 328 1
332 328 1
347 328 1
498 328 1
94 329 1
747 329 1
778 329 1
955 329 1
956 329 1
585 330 1
102 331 1
129 331 1
298 331 1
358 331 1
374 331 2
416 331 1
453 331 1
1212 331 1
123 332 1
311 332 1
328 332 1
990 333 1
45 334 1
69 334 1
528 334 1
52 335 1
336 335 1
52 336 1
335 336 1
278 337 1
117 338 2
270 338 1
822 338 2
1230 338 1
1231 338 1
358 339 1
398 339 1
400 339 1
201 340 1
280 341 2
342 341 2
515 341 1
673 341 2
688 341 1
196 342 1
248 342 1
249 342 2
280 342 4
326 342 1
341 342 2
610 342 1
633 342 1
635 342 2
673 342 3
706 342 2
749 342 1
860 342 1
62 343 4
1061 343 4
248 344 3
372 344 1
461 344 1
502 344 1
248 345 1
487 345 1
964 345 1
347 346 1
452 346 1
89 347 1
156 347 1
310 347 1
328 347 1
346 347 1
451 347 1
452 347 1
498 347 1
521 347 1
578 347 1
1178 347 1
1193 347 1
1194 347 1
150 348 1
253 348 1
499 348 1
121 349 1
226 349 1
116 350 1
123 350 1
311 350 1
309 351 1
365 351 1
402 351 1
790 351 1
306 352 1
307 352 2
379 352 1
24 353 1
138 353 1
75 354 1
131 354 1
14 355 1
116 355 1
415 356 1
1244 356 1
18 357 1
375 357 1
533 357 1
846 357 1
129 358 1
137 358 1
204 358 1
298 358 1
308 358 1
331 358 1
339 358 1
398 358 1
416 358 1
443 358 2
1212 358 1
232 359 1
218 360 1
253 360 1
385 360 1
491 360 1
505 360 1
623 360 1
718 360 1
159 361 1
363 362 2
362 363 2
1080 363 1
309 364 1
365 364 1
309 365 2
351 365 1
364 365 1
402 365 1
790 365 1
367 366 1
366 367 1
252 368 1
370 369 1
369 370 1
1147 371 1
344 372 1
502 372 1
267 373 1
1114 373 1
1115 373 1
81 374 2
129 374 1
294 374 1
303 374 1
318 374 1
331 374 2
357 375 1
533 375 1
83 376 2
217 376 2
132 377 1
188 377 1
218 377 1
228 378 1
442 378 1
1232 378 1
307 379 1
352 379 1
127 380 1
281 380 1
282 380 1
1166 380 1
1167 380 1
62 381 1
447 381 1
503 381 1
10 382 1
95 382 1
384 383 1
383 384 1
253 385 1
360 385 1
491 385 1
505 385 1
623 385 1
718 385 1
497 386 1
62 387 2
394 387 1
420 387 1
426 387 1
159 388 2
401 388 1
100 389 1
227 389 1
390 389 2
391 389 2
1155 389 1
1216 389 1
1217 389 1
100 390 1
227 390 1
389 390 2
391 390 2
1155 390 1
1216 390 1
1217 390 1
100 391 2
227 391 1
389 391 2
390 391 2
1155 391 1
1216 391 2
1217 391 2
263 392 1
264 392 1
719 392 1
293 393 1
62 394 1
387 394 1
426 394 1
81 395 2
427 395 1
477 395 1
1043 395 1
279 396 1
1062 396 1
288 397 1
290 397 1
339 398 1
358 398 1
277 399 1
509 399 1
339 400 1
159 401 1
388 401 1
309 402 1
351 402 1
365 402 1
790 402 1
404 403 1
594 403 1
403 404 1
594 404 1
275 405 3
406 405 1
1084 405 2
1168 405 1
405 406 1
599 407 1
762 407 1
1065 408 2
1066 408 1
1067 408 1
1137 408 1
146 409 1
210 409 1
281 409 2
545 409 2
675 409 1
715 409 2
747 409 2
792 409 2
986 409 1
1131 409 1
243 410 1
309 410 1
516 410 1
1035 410 1
1036 410 1
1037 410 1
210 411 8
628 411 1
845 411 1
936 411 1
937 411 1
938 411 1
1083 411 1
462 412 1
103 413 1
159 413 1
102 414 1
129 414 1
356 415 1
1244 415 1
298 416 1
331 416 1
358 416 1
1212 416 1
17 417 1
82 417 1
1171 417 1
90 418 3
197 418 1
242 418 2
309 418 1
326 418 1
547 418 1
763 418 2
972 418 1
1141 418 2
23 419 1
451 419 1
62 420 1
387 420 1
23 421 1
131 421 1
486 422 1
62 423 1
294 423 3
424 423 2
62 424 1
294 424 3
423 424 2
103 425 1
222 425 1
493 425 1
494 425 2
504 425 1
1218 425 1
62 426 1
387 426 1
394 426 1
81 427 1
249 427 1
294 427 1
395 427 1
303 428 1
318 428 1
42 429 1
62 429 1
226 429 1
430 429 1
42 430 1
62 430 1
226 430 1
429 430 1
129 431 1
325 431 1
434 431 1
449 431 1
1220 432 1
613 433 1
735 433 1
1111 433 1
1112 433 1
431 434 1
1202 435 1
1203 435 1
511 436 1
512 436 1
513 436 1
259 437 1
62 438 2
294 438 1
23 439 1
35 439 2
90 439 1
167 439 1
248 439 3
606 439 1
629 439 1
632 439 1
1164 439 1
481 440 1
721 440 2
773 440 1
789 440 2
1077 440 1
1182 440 1
116 441 1
726 441 1
123 442 1
228 442 1
311 442 1
378 442 1
963 442 1
1232 442 1
358 443 2
46 444 1
1078 445 1
1079 445 1
1183 446 1
62 447 2
294 447 3
381 447 1
503 447 1
793 447 1
930 447 1
9 448 1
294 448 1
431 449 1
291 450 1
292 450 1
23 451 1
347 451 1
419 451 1
1169 451 1
1170 451 1
346 452 1
347 452 1
102 453 1
331 453 1
318 454 1
141 455 1
749 455 1
954 456 1
114 457 1
196 457 2
106 458 1
1128 458 1
81 459 1
318 459 1
220 460 1
529 460 1
531 460 1
1148 460 1
248 461 1
280 461 2
344 461 1
412 462 1
465 462 1
1181 463 1
136 464 1
462 465 1
180 466 1
1145 466 1
1146 466 1
957 467 1
697 468 1
949 468 1
470 469 1
8 470 1
225 470 1
469 470 1
562 470 1
762 470 1
828 470 1
1008 470 5
1013 470 1
1038 470 1
1151 470 1
1189 470 1
75 471 1
78 471 1
188 471 1
282 472 2
114 473 1
475 474 2
92 475 2
94 475 2
294 475 1
474 475 2
604 475 2
637 475 5
641 475 1
743 475 3
307 476 1
515 476 1
740 476 1
1197 476 1
1219 476 1
81 477 1
395 477 1
1043 477 1
62 478 2
81 478 1
515 478 1
1072 478 1
597 479 1
92 480 1
569 480 1
1240 480 1
1241 480 1
1242 480 1
1243 480 1
440 481 1
773 481 1
1032 481 1
1077 481 1
590 482 1
707 482 1
64 483 1
65 483 1
66 483 1
67 483 1
581 483 3
35 484 1
36 484 3
1090 484 1
62 485 2
294 485 1
931 485 1
979 485 1
1097 485 1
422 486 1
248 487 1
345 487 1
964 487 1
535 488 1
536 488 1
537 488 1
140 489 1
894 489 3
1107 489 1
110 490 1
253 491 1
360 491 1
385 491 1
505 491 1
623 491 1
718 491 1
606 492 1
848 492 1
425 493 1
494 493 1
504 493 1
1218 493 1
103 494 1
222 494 1
425 494 2
493 494 1
504 494 1
1218 494 1
15 495 1
55 495 2
138 495 1
180 495 1
672 495 1
199 496 1
386 497 1
328 498 1
347 498 1
150 499 1
253 499 1
348 499 1
218 500 2
254 500 1
90 501 1
318 501 1
729 501 1
344 502 1
372 502 1
62 503 1
381 503 1
447 503 1
425 504 1
493 504 1
494 504 1
1218 504 1
253 505 1
360 505 1
385 505 1
491 505 1
623 505 1
718 505 1
56 506 1
507 506 1
508 506 1
56 507 1
506 507 1
508 507 1
56 508 1
506 508 1
507 508 1
1063 508 1
277 509 1
399 509 1
248 510 1
312 510 1
313 510 1
630 510 1
436 511 1
512 511 1
513 511 1
436 512 1
511 512 1
513 512 1
436 513 1
511 513 1
512 513 1
308 514 1
62 515 2
341 515 1
476 515 1
478 515 1
688 515 1
728 515 1
900 515 1
1072 515 1
1184 515 1
1219 515 1
309 516 1
410 516 1
636 517 1
23 518 1
203 519 1
1237 519 1
272 520 1
347 521 1
198 522 3
544 522 1
750 522 3
196 523 1
24 524 1
215 525 1
530 525 2
865 525 1
871 525 1
872 525 1
873 525 1
149 526 1
1031 526 1
570 527 1
626 527 1
661 527 1
670 527 1
747 527 1
760 527 1
781 527 1
849 527 1
850 527 1
45 528 1
69 528 1
334 528 1
220 529 1
460 529 1
531 529 1
1148 529 1
215 530 1
525 530 2
871 530 1
873 530 1
161 531 1
220 531 1
460 531 1
529 531 1
1148 531 1
1245 532 1
357 533 1
375 533 1
150 534 1
217 534 1
1213 534 1
488 535 1
536 535 1
537 535 1
488 536 1
535 536 1
537 536 1
488 537 1
535 537 1
536 537 1
86 538 1
539 538 1
1007 538 1
86 539 1
538 539 1
1007 539 1
141 540 1
541 540 1
141 541 1
540 541 1
192 542 1
794 542 1
1221 543 1
198 544 1
522 544 1
750 544 1
409 545 2
664 546 1
705 546 3
418 547 1
270 548 1
769 548 1
770 548 1
666 549 1
700 550 2
835 550 1
994 550 2
1116 550 1
972 551 1
559 552 1
561 553 1
158 554 1
304 554 1
555 554 1
1161 554 1
1162 554 1
158 555 1
304 555 1
554 555 1
1161 555 1
1162 555 1
1009 556 1
1010 556 1
1011 556 1
1012 556 1
163 557 1
1173 557 1
1174 557 1
1160 558 1
552 559 1
614 560 1
705 560 1
1088 560 1
553 561 1
470 562 1
1189 562 1
798 563 1
171 564 1
1185 564 1
164 565 1
144 566 1
41 567 1
129 567 1
581 568 1
92 569 1
480 569 1
1240 569 1
1241 569 1
1242 569 1
1243 569 1
527 570 1
882 571 1
141 572 1
621 572 1
2 573 1
710 573 2
184 574 2
189 575 1
909 575 1
226 576 1
12 577 1
174 577 1
823 577 1
347 578 1
1178 578 1
187 579 1
90 580 1
753 580 1
62 581 1
138 581 1
278 581 1
294 581 2
301 581 3
483 581 3
568 581 1
597 581 1
606 581 1
951 581 4
46 582 1
227 582 1
230 583 1
1054 583 1
1055 583 1
1056 583 1
1057 583 1
133 584 1
265 584 1
587 584 1
95 585 2
330 585 1
597 585 1
671 585 4
682 585 1
683 585 4
737 585 4
788 585 4
908 585 1
1158 585 1
1159 585 1
1236 585 1
658 586 1
707 586 1
133 587 1
265 587 1
584 587 1
589 588 1
877 588 1
878 588 1
588 589 1
877 589 1
878 589 1
482 590 1
707 590 2
730 591 1
834 592 1
691 593 1
777 593 2
1076 593 1
403 594 1
404 594 1
595 594 1
1060 594 1
168 595 1
180 595 1
285 595 1
594 595 1
596 595 3
910 595 2
967 595 1
999 595 1
1000 595 1
1002 595 1
1003 595 1
1039 595 2
1058 595 3
1060 595 1
595 596 3
910 596 1
999 596 1
1000 596 1
9 597 3
37 597 1
92 597 2
148 597 1
239 597 3
246 597 1
301 597 1
479 597 1
581 597 1
585 597 1
701 597 1
726 597 1
733 597 2
752 597 1
771 597 5
861 597 2
939 597 1
1081 597 1
669 598 1
407 599 1
762 599 3
824 599 1
1023 599 1
245 600 1
271 600 1
684 600 1
755 600 1
28 601 1
1118 601 1
634 602 1
1045 603 1
475 604 2
641 604 1
751 605 3
919 605 2
988 605 1
989 605 1
62 606 1
130 606 2
248 606 1
301 606 2
439 606 1
492 606 1
581 606 1
848 606 1
275 607 1
711 608 1
610 609 1
196 610 1
230 610 1
248 610 1
280 610 3
292 610 1
309 610 1
342 610 1
609 610 1
655 610 1
746 610 1
907 610 1
1142 610 1
225 611 1
616 611 1
651 611 1
643 612 1
433 613 1
735 613 1
225 614 6
560 614 1
616 614 6
618 614 3
619 614 1
620 614 1
689 614 1
705 614 1
804 614 1
717 615 1
30 616 1
225 616 20
271 616 1
611 616 1
614 616 6
617 616 1
618 616 3
651 616 1
652 616 3
653 616 1
659 616 1
689 616 1
705 616 1
825 616 1
876 616 1
911 616 1
225 617 1
616 617 1
622 617 1
647 617 1
652 617 1
676 617 2
923 617 1
1004 617 1
1089 617 1
225 618 3
614 618 3
616 618 3
614 619 1
620 619 1
614 620 1
619 620 1
141 621 1
572 621 1
617 622 1
710 622 1
253 623 1
360 623 1
385 623 1
491 623 1
505 623 1
718 623 1
70 624 1
709 625 1
527 626 1
857 627 1
166 628 2
210 628 1
411 628 1
694 628 1
1083 628 1
70 629 1
248 629 1
439 629 1
945 629 1
248 630 1
312 630 1
313 630 1
510 630 1
92 631 1
248 631 1
90 632 1
248 632 1
439 632 1
668 632 1
249 633 1
342 633 1
635 633 1
706 633 1
860 633 1
602 634 1
249 635 2
342 635 2
633 635 1
706 635 1
749 635 1
860 635 1
517 636 1
475 637 5
743 637 1
639 638 4
638 639 4
778 639 1
935 639 1
36 640 1
70 640 2
741 640 1
475 641 1
604 641 1
742 642 1
1108 642 1
612 643 1
219 644 1
707 644 1
1123 644 1
932 645 1
933 645 1
934 645 1
869 646 1
870 646 1
617 647 1
108 648 1
172 648 1
649 648 1
650 648 1
702 648 1
703 648 1
734 648 1
862 648 1
863 648 1
864 648 1
108 649 1
172 649 1
648 649 1
650 649 1
702 649 1
703 649 1
734 649 1
862 649 1
863 649 1
864 649 1
108 650 1
172 650 1
648 650 1
649 650 1
702 650 1
703 650 1
734 650 1
862 650 1
863 650 1
864 650 1
225 651 1
611 651 1
616 651 1
225 652 2
616 652 3
617 652 1
676 652 1
692 652 1
923 652 1
225 653 1
616 653 1
184 654 1
62 655 1
81 655 1
610 655 1
698 656 1
1163 657 1
586 658 1
707 658 1
30 659 1
221 659 2
225 659 1
286 659 1
616 659 1
660 659 3
722 659 1
723 659 1
814 659 1
815 659 2
820 659 3
821 659 1
950 659 1
221 660 2
286 660 1
659 660 3
814 660 1
815 660 2
950 660 1
527 661 1
781 661 1
849 661 1
969 662 1
180 663 1
546 664 1
705 664 2
685 665 1
713 665 1
714 665 1
549 666 1
991 667 1
632 668 1
598 669 1
11 670 1
527 670 1
747 670 2
760 670 6
762 670 2
777 670 2
812 670 1
95 671 1
585 671 4
682 671 1
683 671 1
15 672 1
55 672 1
138 672 1
180 672 1
495 672 1
280 673 3
326 673 1
341 673 2
342 673 3
145 674 1
165 674 1
705 674 1
409 675 1
617 676 2
652 676 1
677 676 1
923 676 1
1089 676 1
1186 676 1
676 677 1
1186 677 1
61 678 1
754 678 1
833 678 1
966 678 1
42 679 1
62 679 1
226 679 1
738 679 1
1075 680 1
62 681 1
979 681 1
1021 681 1
1022 681 1
585 682 1
671 682 1
585 683 4
671 683 1
245 684 1
600 684 1
665 685 1
713 685 1
714 685 1
271 686 2
1113 687 1
341 688 1
515 688 1
225 689 1
614 689 1
616 689 1
1039 690 1
1060 690 1
593 691 1
777 691 1
652 692 1
693 692 1
692 693 1
23 694 1
628 694 1
836 695 2
837 695 1
108 696 1
175 696 1
468 697 1
153 698 3
656 698 1
732 698 1
768 698 1
832 698 5
915 698 1
1046 698 1
1048 698 1
1085 699 1
550 700 2
994 700 2
37 701 1
301 701 1
597 701 1
108 702 1
172 702 1
648 702 1
649 702 1
650 702 1
703 702 1
734 702 1
862 702 1
863 702 1
864 702 1
108 703 1
172 703 1
648 703 1
649 703 1
650 703 1
702 703 1
734 703 1
862 703 1
863 703 1
864 703 1
90 704 2
225 705 1
546 705 3
560 705 1
614 705 1
616 705 1
664 705 2
674 705 1
745 705 1
911 705 1
965 705 1
249 706 1
342 706 2
633 706 1
635 706 1
860 706 1
219 707 1
482 707 1
586 707 1
590 707 2
644 707 1
658 707 1
1123 707 1
1127 708 1
625 709 1
2 710 1
53 710 1
573 710 2
622 710 1
952 710 1
608 711 1
120 712 1
238 712 1
665 713 1
685 713 1
714 713 1
665 714 1
685 714 1
713 714 1
409 715 2
792 715 1
248 716 1
225 717 1
615 717 1
253 718 1
360 718 1
385 718 1
491 718 1
505 718 1
623 718 1
263 719 1
264 719 1
392 719 1
226 720 1
440 721 2
789 721 2
659 722 1
723 722 1
820 722 1
659 723 1
722 723 1
820 723 1
271 724 1
307 724 1
914 725 2
441 726 1
597 726 1
1238 727 1
515 728 1
90 729 1
318 729 1
501 729 1
591 730 1
1042 731 1
1047 731 3
153 732 1
698 732 1
597 733 2
108 734 1
172 734 1
648 734 1
649 734 1
650 734 1
702 734 1
703 734 1
862 734 1
863 734 1
864 734 1
433 735 1
613 735 1
782 736 1
797 736 1
798 736 1
585 737 4
788 737 1
1158 737 1
1159 737 1
42 738 1
62 738 1
226 738 1
679 738 1
248 739 1
307 740 1
476 740 1
640 741 1
642 742 1
1108 742 1
475 743 3
637 743 1
899 744 1
51 745 1
705 745 1
901 745 1
902 745 2
1013 745 1
1119 745 2
230 746 1
280 746 1
610 746 1
60 747 1
94 747 3
329 747 1
409 747 2
527 747 1
670 747 2
758 747 1
760 747 2
777 747 1
778 747 2
884 747 1
918 747 1
953 747 1
955 747 2
956 747 2
961 747 1
799 748 1
906 748 1
917 748 1
1069 748 1
1076 748 1
141 749 2
249 749 1
342 749 1
455 749 1
635 749 1
198 750 3
522 750 3
544 750 1
605 751 3
919 751 2
9 752 1
597 752 1
90 753 2
580 753 1
805 753 1
806 753 1
807 753 1
1040 753 1
678 754 1
271 755 1
600 755 1
808 756 1
809 756 1
810 756 1
811 756 1
926 757 1
1049 757 2
1050 757 2
1051 757 2
1052 757 2
747 758 1
1049 758 1
1050 758 1
1051 758 1
893 759 1
918 759 1
1017 759 1
1018 759 1
1019 759 2
527 760 1
670 760 6
747 760 2
762 760 2
777 760 2
44 761 1
407 762 1
470 762 1
599 762 3
670 762 2
760 762 2
777 762 1
824 762 1
1023 762 1
1038 762 1
1042 762 1
418 763 2
1141 763 1
309 764 1
323 764 1
1228 764 1
320 765 1
212 766 2
282 766 1
867 766 1
868 766 1
962 766 1
1068 767 1
698 768 1
270 769 1
548 769 1
770 769 1
270 770 1
548 770 1
769 770 1
9 771 1
597 771 5
777 772 3
440 773 1
481 773 1
1077 773 1
916 774 1
305 775 1
784 775 1
1086 776 1
23 777 3
593 777 2
670 777 2
691 777 1
747 777 1
760 777 2
762 777 1
772 777 3
823 777 2
844 777 1
881 777 1
884 777 1
1016 777 1
1076 777 1
1101 777 1
1102 777 1
1103 777 1
1104 777 1
1105 777 1
1106 777 1
1235 777 1
94 778 2
329 778 1
639 778 1
747 778 2
955 778 1
956 778 1
961 778 1
321 779 2
1041 780 1
527 781 1
661 781 1
849 781 1
736 782 1
797 782 1
798 782 1
239 783 2
305 784 1
775 784 1
271 785 2
1191 785 1
1192 785 1
205 786 1
847 786 1
998 787 1
585 788 4
737 788 1
1158 788 1
1159 788 1
440 789 2
721 789 2
309 790 1
351 790 1
365 790 1
402 790 1
271 791 1
146 792 1
409 792 2
715 792 1
62 793 1
447 793 1
192 794 1
542 794 1
180 795 1
309 796 1
736 797 1
782 797 1
798 797 1
563 798 1
736 798 1
782 798 1
797 798 1
23 799 1
62 799 1
70 799 1
180 799 2
748 799 1
802 799 2
968 799 1
975 799 1
976 799 1
23 800 3
801 800 1
803 800 1
800 801 1
799 802 2
23 803 3
24 803 2
138 803 1
139 803 1
180 803 1
800 803 1
980 803 1
982 803 1
614 804 1
842 804 1
753 805 1
806 805 1
807 805 1
753 806 1
805 806 1
807 806 1
753 807 1
805 807 1
806 807 1
756 808 1
809 808 1
810 808 1
811 808 1
756 809 1
808 809 1
810 809 1
811 809 1
756 810 1
808 810 1
809 810 1
811 810 1
756 811 1
808 811 1
809 811 1
810 811 1
670 812 1
36 813 1
286 814 1
659 814 1
660 814 1
815 814 1
221 815 1
286 815 1
659 815 2
660 815 2
814 815 1
950 815 1
817 816 1
81 817 1
816 817 1
995 817 1
1064 817 1
1113 817 1
88 818 2
99 818 1
100 818 1
217 819 1
256 819 1
659 820 3
722 820 1
723 820 1
821 820 1
659 821 1
820 821 1
338 822 2
12 823 1
174 823 1
577 823 1
777 823 2
599 824 1
762 824 1
225 825 1
616 825 1
39 826 1
108 827 1
172 827 1
470 828 1
53 829 1
830 829 1
53 830 1
829 830 1
944 830 1
9 831 4
24 831 1
859 831 1
698 832 5
915 832 1
678 833 1
592 834 1
550 835 1
695 836 2
837 836 1
695 837 1
836 837 1
214 838 2
48 839 1
210 839 2
840 839 1
841 839 1
210 840 1
839 840 1
841 840 1
210 841 1
839 841 1
840 841 1
804 842 1
63 843 1
176 843 1
180 843 1
777 844 1
210 845 1
411 845 1
18 846 1
293 846 1
357 846 1
205 847 1
786 847 1
492 848 1
606 848 1
527 849 1
661 849 1
781 849 1
527 850 1
852 851 1
851 852 1
854 853 3
855 853 1
856 853 1
853 854 3
855 854 1
856 854 1
853 855 1
854 855 1
853 856 1
854 856 1
627 857 1
62 858 1
181 858 1
9 859 1
831 859 1
249 860 1
342 860 1
633 860 1
635 860 1
706 860 1
597 861 2
108 862 1
172 862 1
648 862 1
649 862 1
650 862 1
702 862 1
703 862 1
734 862 1
863 862 1
864 862 1
108 863 1
172 863 1
648 863 1
649 863 1
650 863 1
702 863 1
703 863 1
734 863 1
862 863 1
864 863 1
108 864 1
172 864 1
648 864 1
649 864 1
650 864 1
702 864 1
703 864 1
734 864 1
862 864 1
863 864 1
212 865 1
525 865 1
866 865 1
872 865 1
212 866 2
865 866 1
766 867 1
868 867 1
766 868 1
867 868 1
646 869 1
870 869 1
646 870 1
869 870 1
215 871 1
525 871 1
530 871 1
525 872 1
865 872 1
525 873 1
530 873 1
875 874 1
874 875 1
225 876 1
616 876 1
588 877 1
589 877 1
878 877 1
588 878 1
589 878 1
877 878 1
13 879 1
278 879 1
880 879 1
13 880 1
278 880 1
879 880 1
777 881 1
571 882 1
88 883 1
747 884 1
777 884 1
282 885 2
190 886 1
887 886 1
888 886 1
190 887 1
886 887 1
888 887 2
1028 887 1
1029 887 1
190 888 1
886 888 1
887 888 2
248 889 1
282 890 1
100 891 1
227 891 1
119 892 1
759 893 1
1018 893 1
9 894 1
140 894 1
489 894 3
941 894 5
1020 894 1
1025 894 1
1026 894 1
1107 894 1
1165 894 2
80 895 1
213 896 1
282 897 1
1060 898 1
1099 898 1
1150 898 1
1207 898 1
744 899 1
515 900 1
745 901 1
51 902 1
745 902 2
180 903 2
904 903 3
955 903 1
180 904 1
903 904 3
277 905 1
748 906 1
292 907 1
610 907 1
585 908 1
189 909 1
575 909 1
595 910 2
596 910 1
225 911 1
616 911 1
705 911 1
913 912 1
912 913 1
725 914 2
698 915 1
832 915 1
774 916 1
748 917 1
747 918 1
759 918 1
1017 918 1
605 919 2
751 919 2
43 920 1
921 920 1
43 921 1
920 921 1
43 922 1
617 923 1
652 923 1
676 923 1
79 924 1
280 924 1
925 924 1
79 925 1
280 925 1
924 925 1
757 926 1
9 927 1
928 927 1
9 928 1
294 928 1
927 928 1
208 929 1
294 929 1
297 929 1
294 930 3
447 930 1
931 930 1
62 931 1
294 931 2
485 931 1
930 931 1
1097 931 1
645 932 1
933 932 1
934 932 1
645 933 1
932 933 1
934 933 1
645 934 1
932 934 1
933 934 1
639 935 1
210 936 1
411 936 1
937 936 1
938 936 1
210 937 1
411 937 1
936 937 1
938 937 1
210 938 1
411 938 1
936 938 1
937 938 1
597 939 1
9 940 1
24 940 1
38 941 1
894 941 5
943 942 1
942 943 1
830 944 1
70 945 1
629 945 1
90 946 1
948 947 1
947 948 1
468 949 1
221 950 1
659 950 1
660 950 1
815 950 1
581 951 4
53 952 1
710 952 1
23 953 1
94 953 1
180 953 1
747 953 1
955 953 1
456 954 1
94 955 2
329 955 1
747 955 2
778 955 1
903 955 1
953 955 1
956 955 1
94 956 1
329 956 1
747 956 2
778 956 1
955 956 1
467 957 1
119 958 1
23 959 1
282 960 1
94 961 1
747 961 1
778 961 1
766 962 1
228 963 1
442 963 1
248 964 1
345 964 1
487 964 1
705 965 1
678 966 1
24 967 1
210 967 1
285 967 1
595 967 1
1058 967 1
799 968 1
1082 968 1
90 969 3
662 969 1
971 970 1
970 971 1
86 972 1
215 972 1
418 972 1
551 972 1
973 972 1
1059 972 1
215 973 1
972 973 1
180 974 1
23 975 1
180 975 2
799 975 1
976 975 1
980 975 1
23 976 1
180 976 1
799 976 1
975 976 1
978 977 1
977 978 1
42 979 1
62 979 3
289 979 1
485 979 1
681 979 1
1021 979 1
1022 979 1
180 980 2
803 980 1
975 980 1
982 980 1
180 981 2
180 982 1
803 982 1
980 982 1
180 983 1
230 984 1
235 984 1
180 985 1
409 986 1
62 987 1
174 987 2
605 988 1
989 988 1
605 989 1
988 989 1
333 990 1
667 991 1
993 992 1
992 993 1
550 994 2
700 994 2
817 995 1
997 996 1
996 997 1
787 998 1
595 999 1
596 999 1
1000 999 1
595 1000 1
596 1000 1
999 1000 1
49 1001 1
87 1001 1
125 1001 1
595 1002 1
595 1003 1
617 1004 1
261 1005 1
255 1006 1
86 1007 1
538 1007 1
539 1007 1
470 1008 5
1013 1008 1
556 1009 1
1010 1009 1
1011 1009 1
1012 1009 1
556 1010 1
1009 1010 1
1011 1010 1
1012 1010 1
556 1011 1
1009 1011 1
1010 1011 1
1012 1011 1
556 1012 1
1009 1012 1
1010 1012 1
1011 1012 1
470 1013 1
745 1013 1
1008 1013 1
1119 1013 1
81 1014 2
1015 1014 1
81 1015 1
1014 1015 1
777 1016 1
759 1017 1
918 1017 1
1034 1017 1
759 1018 1
893 1018 1
759 1019 2
894 1020 1
62 1021 1
681 1021 1
979 1021 1
1022 1021 1
62 1022 1
681 1022 1
979 1022 1
1021 1022 1
599 1023 1
762 1023 1
172 1024 1
175 1024 1
894 1025 1
1026 1025 1
894 1026 1
1025 1026 1
271 1027 3
887 1028 1
1029 1028 1
887 1029 1
1028 1029 1
30 1030 1
286 1030 1
149 1031 1
526 1031 1
481 1032 1
144 1033 1
1017 1034 1
243 1035 1
410 1035 1
1036 1035 1
1037 1035 1
243 1036 1
410 1036 1
1035 1036 1
1037 1036 1
243 1037 1
410 1037 1
1035 1037 1
1036 1037 1
470 1038 1
762 1038 1
595 1039 2
690 1039 1
753 1040 1
780 1041 1
731 1042 1
762 1042 1
81 1043 1
395 1043 1
477 1043 1
193 1044 1
234 1044 1
603 1045 1
698 1046 1
1048 1046 1
731 1047 3
698 1048 1
1046 1048 1
757 1049 2
758 1049 1
1050 1049 4
1051 1049 4
1052 1049 3
757 1050 2
758 1050 1
1049 1050 4
1051 1050 4
1052 1050 3
757 1051 2
758 1051 1
1049 1051 4
1050 1051 4
1052 1051 3
757 1052 2
1049 1052 3
1050 1052 3
1051 1052 3
230 1053 1
230 1054 1
583 1054 1
1055 1054 1
1056 1054 1
1057 1054 1
230 1055 1
583 1055 1
1054 1055 1
1056 1055 1
1057 1055 1
230 1056 1
583 1056 1
1054 1056 1
1055 1056 1
1057 1056 1
230 1057 1
583 1057 1
1054 1057 1
1055 1057 1
1056 1057 1
285 1058 1
595 1058 3
967 1058 1
86 1059 1
972 1059 1
594 1060 1
595 1060 1
690 1060 1
898 1060 1
1150 1060 1
62 1061 4
343 1061 4
279 1062 1
396 1062 1
508 1063 1
817 1064 1
408 1065 2
1066 1065 1
1067 1065 1
1137 1065 1
408 1066 1
1065 1066 1
1067 1066 1
408 1067 1
1065 1067 1
1066 1067 1
767 1068 1
748 1069 1
1071 1070 1
1070 1071 1
62 1072 1
478 1072 1
515 1072 1
1074 1073 1
1073 1074 1
680 1075 1
168 1076 1
180 1076 2
593 1076 1
748 1076 1
777 1076 1
440 1077 1
481 1077 1
773 1077 1
445 1078 1
1079 1078 1
445 1079 1
1078 1079 1
363 1080 1
597 1081 1
968 1082 1
210 1083 1
411 1083 1
628 1083 1
275 1084 3
405 1084 2
1168 1084 1
699 1085 1
776 1086 1
9 1087 2
560 1088 1
617 1089 1
676 1089 1
36 1090 1
484 1090 1
1092 1091 1
1093 1091 1
1091 1092 1
1093 1092 1
1091 1093 1
1092 1093 1
1095 1094 1
1096 1094 1
1094 1095 1
1096 1095 1
1094 1096 1
1095 1096 1
62 1097 1
294 1097 1
485 1097 1
931 1097 1
1099 1098 2
1100 1098 1
898 1099 1
1098 1099 2
1100 1099 1
1207 1099 1
1098 1100 1
1099 1100 1
777 1101 1
777 1102 1
1103 1102 1
1104 1102 1
777 1103 1
1102 1103 1
1104 1103 1
777 1104 1
1102 1104 1
1103 1104 1
777 1105 1
777 1106 1
489 1107 1
894 1107 1
642 1108 1
742 1108 1
1110 1109 1
1109 1110 1
433 1111 1
1112 1111 1
433 1112 1
1111 1112 1
81 1113 1
180 1113 1
687 1113 1
817 1113 1
267 1114 1
373 1114 1
1115 1114 1
267 1115 1
373 1115 1
1114 1115 1
550 1116 1
23 1117 1
282 1117 1
28 1118 1
601 1118 1
745 1119 2
1013 1119 1
1121 1120 1
1120 1121 1
129 1122 1
219 1123 1
644 1123 1
707 1123 1
80 1124 1
97 1124 1
229 1124 1
231 1124 1
1126 1125 1
1125 1126 1
708 1127 1
106 1128 1
458 1128 1
1130 1129 1
1129 1130 1
409 1131 1
88 1132 1
1134 1133 1
1133 1134 1
271 1135 1
1136 1135 1
271 1136 1
1135 1136 1
408 1137 1
1065 1137 1
238 1138 2
120 1139 1
238 1139 1
90 1140 2
119 1140 2
418 1141 2
763 1141 1
610 1142 1
109 1143 1
237 1143 1
1144 1143 1
109 1144 1
237 1144 1
1143 1144 1
180 1145 1
466 1145 1
1146 1145 1
180 1146 1
466 1146 1
1145 1146 1
371 1147 1
220 1148 1
460 1148 1
529 1148 1
531 1148 1
173 1149 1
898 1150 1
1060 1150 1
470 1151 1
300 1152 1
318 1153 1
210 1154 2
389 1155 1
390 1155 1
391 1155 1
204 1156 1
62 1157 1
585 1158 1
737 1158 1
788 1158 1
1159 1158 1
585 1159 1
737 1159 1
788 1159 1
1158 1159 1
558 1160 1
158 1161 1
304 1161 1
554 1161 1
555 1161 1
1162 1161 1
158 1162 1
304 1162 1
554 1162 1
555 1162 1
1161 1162 1
657 1163 1
35 1164 1
439 1164 1
894 1165 2
127 1166 1
281 1166 1
282 1166 1
380 1166 1
1167 1166 1
127 1167 1
281 1167 1
282 1167 1
380 1167 1
1166 1167 1
275 1168 1
405 1168 1
1084 1168 1
451 1169 1
1170 1169 1
451 1170 1
1169 1170 1
17 1171 1
417 1171 1
17 1172 1
315 1172 1
163 1173 1
557 1173 1
1174 1173 1
163 1174 1
557 1174 1
1173 1174 1
1176 1175 5
1195 1175 1
1175 1176 5
1195 1176 1
34 1177 1
209 1177 1
347 1178 1
578 1178 1
134 1179 1
319 1179 1
1180 1179 1
134 1180 1
319 1180 1
1179 1180 1
463 1181 1
440 1182 1
446 1183 1
515 1184 1
171 1185 1
564 1185 1
676 1186 1
677 1186 1
1188 1187 1
1187 1188 1
470 1189 1
562 1189 1
17 1190 1
122 1190 1
123 1190 1
271 1191 1
785 1191 1
1192 1191 1
271 1192 1
785 1192 1
1191 1192 1
347 1193 1
1194 1193 1
347 1194 1
1193 1194 1
1175 1195 1
1176 1195 1
75 1196 1
322 1196 1
476 1197 1
1199 1198 1
1200 1198 1
1201 1198 1
1198 1199 1
1200 1199 1
1201 1199 1
1198 1200 1
1199 1200 1
1201 1200 1
1198 1201 1
1199 1201 1
1200 1201 1
435 1202 1
1203 1202 1
435 1203 1
1202 1203 1
210 1204 1
1206 1205 1
1205 1206 1
898 1207 1
1099 1207 1
1209 1208 1
1210 1208 1
1208 1209 1
1210 1209 1
1208 1210 1
1209 1210 1
228 1211 1
298 1212 1
331 1212 1
358 1212 1
416 1212 1
150 1213 1
217 1213 1
534 1213 1
1215 1214 1
1214 1215 1
100 1216 2
227 1216 1
389 1216 1
390 1216 1
391 1216 2
1217 1216 2
99 1217 1
100 1217 3
227 1217 1
389 1217 1
390 1217 1
391 1217 2
1216 1217 2
425 1218 1
493 1218 1
494 1218 1
504 1218 1
476 1219 1
515 1219 1
432 1220 1
543 1221 1
210 1222 1
25 1223 1
83 1223 1
87 1223 1
257 1223 1
1225 1224 2
1226 1224 1
1224 1225 2
1226 1225 1
1224 1226 1
1225 1226 1
6 1227 1
7 1227 1
309 1228 1
323 1228 1
764 1228 1
289 1229 1
270 1230 1
338 1230 1
1231 1230 1
270 1231 1
338 1231 1
1230 1231 1
378 1232 1
442 1232 1
103 1233 1
129 1233 1
204 1234 1
777 1235 1
585 1236 1
203 1237 1
519 1237 1
727 1238 1
248 1239 1
92 1240 1
480 1240 1
569 1240 1
1241 1240 1
1242 1240 1
1243 1240 1
92 1241 1
480 1241 1
569 1241 1
1240 1241 1
1242 1241 1
1243 1241 1
92 1242 1
480 1242 1
569 1242 1
1240 1242 1
1241 1242 1
1243 1242 1
92 1243 1
480 1243 1
569 1243 1
1240 1243 1
1241 1243 1
1242 1243 1
356 1244 1
415 1244 1
532 1245 1
36 1246 1
