21 1 1
238 1 1
12 2 1
217 2 1
285 2 1
52 3 1
61 3 1
70 3 1
88 3 1
420 3 1
385 4 1
36 5 1
246 5 1
343 5 1
886 5 1
118 6 1
125 6 1
127 6 1
366 7 1
491 7 2
1102 7 1
1249 7 2
282 8 1
466 8 1
467 8 1
1268 8 1
121 9 1
284 9 1
458 9 1
13 10 1
126 10 1
136 10 1
472 10 1
61 11 1
70 11 1
88 11 1
1246 11 1
1247 11 1
2 12 1
217 12 1
285 12 1
298 12 1
330 12 1
798 12 1
1213 12 1
10 13 1
126 13 2
136 13 1
472 13 1
489 13 1
700 13 1
706 13 1
59 14 1
348 14 1
647 14 1
436 15 1
653 15 1
944 15 1
1034 15 2
1050 15 1
188 16 1
687 16 1
79 17 1
394 17 1
632 17 1
787 17 1
19 18 1
345 18 1
776 18 1
18 19 1
345 19 1
776 19 1
52 20 1
71 20 2
189 20 1
211 20 1
249 20 1
256 20 1
355 20 1
871 20 1
906 20 1
1 21 1
238 21 1
582 21 1
614 21 1
681 21 1
1002 21 1
23 22 3
127 22 1
192 22 1
248 22 1
256 22 1
271 22 1
294 22 2
481 22 3
487 22 2
580 22 2
622 22 2
663 22 1
935 22 2
936 22 1
1156 22 1
1157 22 1
1158 22 1
1221 22 1
1222 22 1
1223 22 1
1395 22 1
22 23 3
154 23 1
166 23 1
271 23 1
294 23 1
481 23 2
606 23 1
613 23 1
622 23 2
710 23 1
779 23 1
853 23 1
935 23 2
936 23 1
1221 23 1
1222 23 1
1223 23 1
450 24 1
796 24 1
801 24 1
806 24 1
807 24 1
1102 25 1
287 26 1
982 26 1
1250 26 1
1251 26 1
28 27 1
27 28 1
55 29 1
98 29 1
108 29 1
126 29 2
127 29 4
136 29 1
151 29 1
152 29 1
180 29 1
181 29 1
324 29 1
412 29 1
428 29 1
465 29 1
468 29 1
502 29 1
524 29 3
601 29 1
623 29 1
646 29 1
654 29 1
727 29 1
758 29 1
765 29 1
799 29 1
958 29 1
1177 29 1
1262 29 2
1309 29 1
87 30 1
103 30 1
104 30 1
1340 30 1
1341 30 1
81 31 1
33 32 1
43 32 1
126 32 1
281 32 1
287 32 1
32 33 1
77 34 1
376 34 1
815 34 1
822 34 1
1424 34 1
1425 34 1
1426 34 1
89 35 1
592 35 1
1366 35 1
5 36 1
246 36 1
343 36 1
886 36 1
126 37 1
127 37 1
148 37 2
372 37 1
478 37 1
835 37 1
925 37 1
431 38 1
145 39 1
453 39 1
1102 39 1
1271 39 1
237 40 1
262 40 1
172 41 1
631 42 1
728 42 1
32 43 1
47 43 1
108 43 1
267 43 1
287 43 1
423 43 1
96 44 1
947 45 1
57 46 1
447 46 1
43 47 1
267 47 1
423 47 1
173 48 1
541 48 1
414 49 1
361 50 1
588 50 1
894 50 1
187 51 1
190 51 1
191 51 1
3 52 1
20 52 1
61 52 1
70 52 1
88 52 1
256 52 1
355 52 1
420 52 1
871 52 1
579 53 1
806 53 1
807 53 1
836 53 1
1407 53 1
1408 53 1
76 54 2
1287 54 1
1288 54 1
1289 54 2
1290 54 1
1291 54 1
1292 54 2
1398 54 1
1399 54 1
1400 54 1
1401 54 1
29 55 1
181 55 1
465 55 1
581 56 1
582 56 1
605 56 1
46 57 1
447 57 1
101 58 2
102 58 1
1259 58 1
14 59 1
348 59 1
647 59 1
132 60 1
399 60 1
1226 60 1
1277 60 1
3 61 1
11 61 1
52 61 1
70 61 3
88 61 2
212 61 1
420 61 1
1246 61 1
1247 61 1
656 62 2
97 63 1
540 63 1
559 63 1
595 63 1
632 63 1
636 63 1
679 63 1
826 63 1
1123 63 1
98 64 1
151 64 1
350 64 1
485 64 1
1051 64 1
183 65 1
468 65 1
80 66 1
244 66 1
448 66 1
738 66 1
105 67 1
579 67 2
806 67 2
807 67 2
836 67 2
1381 67 1
1382 67 1
1397 67 1
108 68 1
109 68 1
145 68 2
151 68 2
298 68 3
453 68 2
798 68 1
849 68 1
860 68 1
1245 68 1
1342 68 1
252 69 1
3 70 1
11 70 1
52 70 1
61 70 3
88 70 2
212 70 1
263 70 1
420 70 1
547 70 1
845 70 1
979 70 1
1246 70 1
1247 70 1
20 71 2
189 71 1
211 71 1
249 71 1
906 71 1
73 72 1
74 72 1
501 72 1
72 73 1
74 73 1
501 73 1
72 74 1
73 74 1
126 74 1
127 74 1
171 74 1
179 74 1
194 74 1
329 74 1
489 74 1
501 74 1
1278 74 1
1279 74 1
369 75 1
677 75 1
54 76 2
744 76 2
745 76 1
1101 76 2
1193 76 1
1235 76 1
1236 76 1
1272 76 1
1273 76 1
1287 76 1
1288 76 1
1289 76 2
1290 76 1
1291 76 1
1292 76 2
1398 76 1
1399 76 1
1400 76 1
1401 76 1
34 77 1
78 77 1
111 77 1
340 77 1
358 77 1
376 77 1
450 77 1
796 77 1
801 77 1
815 77 1
822 77 1
930 77 2
931 77 1
1419 77 1
1420 77 1
1424 77 1
1425 77 1
1426 77 1
77 78 1
108 78 1
136 78 1
148 78 1
195 78 1
256 78 1
287 78 1
374 78 1
552 78 1
613 78 1
665 78 1
738 78 2
907 78 1
930 78 1
931 78 1
1095 78 1
17 79 1
289 79 1
338 79 1
394 79 5
629 79 1
697 79 1
712 79 1
715 79 1
752 79 1
753 79 1
981 79 1
1044 79 1
1209 79 1
66 80 1
244 80 1
448 80 1
738 80 1
31 81 1
287 81 1
526 81 1
597 81 1
682 81 1
317 82 1
671 82 1
84 83 1
337 83 1
1185 83 1
83 84 1
337 84 1
1185 84 1
250 85 1
280 85 1
250 86 1
290 86 1
30 87 1
103 87 1
104 87 1
1340 87 1
1341 87 1
3 88 1
11 88 1
52 88 1
61 88 2
70 88 2
420 88 1
1246 88 1
1247 88 1
35 89 1
592 89 1
1366 89 1
311 90 1
555 90 1
148 91 1
1318 91 1
1319 91 1
1320 91 1
115 92 1
862 92 1
145 93 1
156 93 1
685 93 1
483 94 1
1073 94 1
133 95 1
134 95 1
174 95 1
370 95 1
470 95 1
582 95 1
912 95 1
913 95 2
1372 95 1
44 96 1
63 97 1
195 97 1
540 97 2
632 97 1
868 97 1
1123 97 1
29 98 1
64 98 1
123 98 1
143 98 1
151 98 4
162 98 2
277 98 1
350 98 1
412 98 1
485 98 1
524 98 1
727 98 1
765 98 1
799 98 1
805 98 1
842 98 1
867 98 1
981 98 1
1051 98 2
1261 98 1
1312 98 1
1313 98 2
1343 98 1
1344 98 1
1402 98 1
249 99 1
1096 99 1
1097 99 1
108 100 1
145 100 1
161 100 1
715 100 1
779 100 1
1317 100 1
58 101 2
102 101 1
487 101 1
580 101 2
1259 101 1
58 102 1
101 102 1
127 102 1
180 102 1
710 102 1
30 103 1
87 103 1
104 103 1
1340 103 1
1341 103 1
30 104 1
87 104 1
103 104 1
525 104 1
830 104 1
832 104 1
1340 104 1
1341 104 1
67 105 1
579 105 1
806 105 1
807 105 1
836 105 1
1381 105 1
1382 105 1
112 106 1
450 106 1
523 106 1
796 106 1
801 106 1
807 106 1
820 106 1
1321 106 1
226 107 1
459 107 2
750 107 1
29 108 1
43 108 1
68 108 1
78 108 1
100 108 1
110 108 1
145 108 2
151 108 1
161 108 2
256 108 1
287 108 2
298 108 1
324 108 1
428 108 2
444 108 1
448 108 1
505 108 1
524 108 1
535 108 1
610 108 1
611 108 1
673 108 1
700 108 1
715 108 2
738 108 3
779 108 2
860 108 1
931 108 1
1216 108 1
1245 108 1
1248 108 1
1262 108 1
1317 108 2
1367 108 1
1377 108 1
68 109 1
145 109 1
298 109 2
453 109 1
849 109 2
1342 109 1
108 110 1
448 110 1
505 110 1
738 110 1
77 111 1
358 111 1
450 111 1
796 111 1
801 111 1
1419 111 1
1420 111 1
106 112 1
450 112 1
523 112 1
796 112 1
801 112 1
807 112 1
820 112 1
1321 112 1
192 113 1
261 113 1
1269 113 1
242 114 1
604 114 1
706 114 1
707 114 1
731 114 1
92 115 1
155 115 2
334 115 2
567 115 1
823 115 2
862 115 1
494 116 1
495 116 1
496 116 1
127 117 1
1257 117 1
6 118 1
125 118 1
126 118 1
127 118 1
228 118 1
488 118 1
489 118 1
664 118 1
163 119 1
711 119 1
1352 119 1
1353 119 1
1354 119 1
1355 119 1
267 120 2
657 120 2
661 120 1
9 121 1
284 121 1
458 121 1
1415 121 1
1416 121 1
1417 121 1
176 122 1
98 123 1
143 123 1
151 123 1
162 123 1
1051 123 1
1261 123 1
1312 123 1
1313 123 1
126 124 1
489 124 1
646 124 1
664 124 1
6 125 1
118 125 1
127 125 1
10 126 1
13 126 2
29 126 2
32 126 1
37 126 1
74 126 1
118 126 1
124 126 1
127 126 11
135 126 1
136 126 2
145 126 2
148 126 4
158 126 2
165 126 1
179 126 1
180 126 1
194 126 1
195 126 1
228 126 1
242 126 2
247 126 1
259 126 3
265 126 1
295 126 1
298 126 1
316 126 1
317 126 2
328 126 1
331 126 1
361 126 1
426 126 5
434 126 2
437 126 1
446 126 1
453 126 1
467 126 1
470 126 2
472 126 2
479 126 2
483 126 2
484 126 1
488 126 1
489 126 8
601 126 1
619 126 1
646 126 7
648 126 1
649 126 2
654 126 1
657 126 1
664 126 2
665 126 1
694 126 1
700 126 1
706 126 2
708 126 1
722 126 2
723 126 1
738 126 1
772 126 1
803 126 1
835 126 1
869 126 1
924 126 1
925 126 2
962 126 1
1029 126 1
1149 126 2
1151 126 1
1180 126 2
1216 126 1
1217 126 1
1218 126 1
1224 126 1
1231 126 2
1232 126 1
1233 126 1
1234 126 1
1243 126 1
1260 126 1
1274 126 2
1310 126 2
1362 126 1
1363 126 1
1364 126 1
1365 126 1
6 127 1
22 127 1
29 127 4
37 127 1
74 127 1
102 127 1
117 127 1
118 127 1
125 127 1
126 127 11
135 127 1
148 127 2
149 127 1
165 127 1
179 127 1
180 127 2
194 127 1
259 127 3
295 127 1
331 127 1
372 127 1
468 127 1
470 127 3
478 127 1
479 127 1
483 127 3
484 127 1
489 127 3
580 127 1
646 127 1
654 127 1
663 127 1
706 127 1
710 127 1
723 127 1
738 127 1
803 127 1
841 127 1
925 127 1
1149 127 1
1151 127 1
1180 127 1
1231 127 1
1232 127 1
1233 127 1
1234 127 1
1257 127 1
1310 127 1
264 128 1
312 128 1
369 128 1
873 128 1
635 129 1
763 129 1
342 130 1
587 130 1
892 130 1
893 130 1
884 131 1
885 131 1
60 132 1
399 132 1
1226 132 1
1277 132 1
95 133 1
370 133 1
913 133 1
1372 133 1
95 134 1
582 134 1
126 135 1
127 135 1
165 135 1
259 135 1
295 135 1
489 135 1
1151 135 1
1227 135 1
1392 135 1
1393 135 1
10 136 1
13 136 1
29 136 1
78 136 1
126 136 2
148 136 2
152 136 2
159 136 1
194 136 1
225 136 1
297 136 1
324 136 1
368 136 1
412 136 1
446 136 2
457 136 2
458 136 1
472 136 5
580 136 1
585 136 1
597 136 2
598 136 1
613 136 1
681 136 1
818 136 1
839 136 2
928 136 1
958 136 1
1225 136 1
1260 136 1
1266 136 1
1267 136 1
1311 136 1
1437 136 1
369 137 1
1143 138 2
1144 138 1
1145 138 1
847 139 1
1404 139 1
1438 139 1
141 140 1
566 140 1
869 140 1
1293 140 1
1294 140 1
1295 140 1
1296 140 1
140 141 1
566 141 1
869 141 1
1293 141 1
1294 141 1
1295 141 1
1296 141 1
1077 142 1
1078 142 1
98 143 1
123 143 1
151 143 1
162 143 1
1051 143 1
1261 143 1
1312 143 1
1313 143 1
146 144 1
39 145 1
68 145 2
93 145 1
100 145 1
108 145 2
109 145 1
126 145 2
151 145 1
156 145 1
161 145 2
298 145 4
453 145 6
646 145 1
657 145 1
685 145 2
694 145 1
703 145 1
715 145 2
779 145 2
798 145 2
849 145 1
931 145 1
1102 145 1
1271 145 1
1317 145 2
1342 145 1
1367 145 1
144 146 1
213 147 1
263 147 1
326 147 1
327 147 1
547 147 1
553 147 1
583 147 1
845 147 1
1242 147 1
1243 147 1
1244 147 1
37 148 2
78 148 1
91 148 1
126 148 4
127 148 2
136 148 2
265 148 1
328 148 2
372 148 1
478 148 1
483 148 1
489 148 1
613 148 1
619 148 1
655 148 1
734 148 1
816 148 1
835 148 2
854 148 1
869 148 1
925 148 2
928 148 1
1227 148 2
1231 148 1
1274 148 1
1318 148 1
1319 148 1
1320 148 1
127 149 1
470 149 1
483 149 1
841 149 1
303 150 1
481 150 1
488 150 1
1193 150 1
29 151 1
64 151 1
68 151 2
98 151 4
108 151 1
123 151 1
143 151 1
145 151 1
154 151 1
155 151 1
156 151 1
162 151 2
267 151 1
275 151 1
277 151 1
287 151 1
298 151 2
346 151 1
350 151 1
453 151 1
485 151 1
524 151 1
717 151 1
727 151 1
798 151 1
799 151 1
842 151 1
860 151 1
981 151 1
982 151 1
1005 151 1
1051 151 2
1245 151 1
1261 151 1
1312 151 1
1313 151 2
1402 151 1
29 152 1
136 152 2
159 152 1
267 152 1
305 152 1
365 152 1
457 152 1
465 152 1
472 152 2
597 152 2
627 152 1
738 152 1
765 152 1
1006 152 1
1177 152 1
1240 152 1
1241 152 1
378 153 1
1226 153 1
23 154 1
151 154 1
155 154 1
346 154 1
413 154 1
606 154 1
613 154 1
710 154 1
717 154 1
982 154 1
1208 154 1
115 155 2
151 155 1
154 155 1
156 155 1
157 155 1
334 155 2
346 155 1
522 155 1
717 155 1
814 155 1
823 155 2
866 155 1
982 155 1
93 156 1
145 156 1
151 156 1
155 156 1
157 156 1
160 156 1
267 156 1
275 156 1
287 156 1
412 156 1
685 156 1
867 156 1
1005 156 1
1284 156 1
155 157 1
156 157 1
126 158 2
426 158 1
437 158 1
601 158 1
136 159 1
152 159 1
472 159 1
597 159 1
156 160 1
412 160 1
867 160 1
1284 160 1
100 161 1
108 161 2
145 161 2
715 161 2
779 161 2
931 161 1
1317 161 2
1367 161 1
98 162 2
123 162 1
143 162 1
151 162 2
277 162 1
842 162 1
981 162 1
1051 162 1
1261 162 1
1312 162 1
1313 162 2
1402 162 1
119 163 1
711 163 1
1352 163 1
1353 163 1
1354 163 1
1355 163 1
175 164 1
794 164 1
126 165 1
127 165 1
135 165 1
259 165 1
295 165 1
489 165 1
1151 165 1
23 166 1
278 166 2
466 166 1
467 166 1
779 166 1
853 166 1
474 167 1
324 168 1
569 168 1
570 168 1
258 169 1
397 169 1
459 169 1
503 169 1
645 169 1
1022 169 1
1023 169 1
1206 169 1
272 170 1
801 170 1
1195 170 1
74 171 1
329 171 1
1278 171 1
1279 171 1
41 172 1
48 173 1
541 173 1
95 174 1
470 174 1
912 174 1
913 174 1
164 175 1
794 175 1
122 176 1
367 176 1
210 177 1
499 177 1
1183 177 1
434 178 1
794 178 1
880 178 1
74 179 1
126 179 1
127 179 1
194 179 1
489 179 1
29 180 1
102 180 1
126 180 1
127 180 2
470 180 1
502 180 1
613 180 1
706 180 1
710 180 1
738 180 1
1180 180 1
1309 180 1
29 181 1
55 181 1
465 181 1
256 182 2
492 182 1
691 182 2
65 183 1
468 183 1
317 184 1
699 185 1
1421 185 1
1422 185 1
321 186 1
51 187 1
190 187 1
191 187 1
16 188 1
328 188 1
687 188 1
1280 188 1
1281 188 1
1282 188 1
20 189 1
71 189 1
211 189 1
51 190 1
187 190 1
191 190 1
198 190 1
521 190 1
1109 190 1
1110 190 2
1111 190 1
1112 190 1
51 191 1
187 191 1
190 191 1
22 192 1
113 192 1
217 192 1
256 192 3
261 192 1
308 192 1
544 192 1
689 192 1
997 192 1
1269 192 1
1297 192 1
1371 193 1
74 194 1
126 194 1
127 194 1
136 194 1
179 194 1
195 194 1
489 194 1
580 194 1
700 194 1
766 194 1
1148 194 1
1225 194 1
78 195 1
97 195 1
126 195 1
194 195 1
242 195 1
256 195 2
540 195 1
608 195 1
649 195 1
657 195 1
700 195 1
721 195 1
722 195 1
738 195 1
764 195 1
766 195 1
868 195 1
1085 195 1
1148 195 1
926 196 1
430 197 1
1081 197 1
190 198 1
521 198 1
1109 198 1
1110 198 1
1020 199 1
297 200 1
350 200 1
485 200 1
1314 200 1
388 201 1
607 201 1
608 201 1
391 202 1
392 202 1
1214 202 1
254 203 1
471 203 1
1170 204 1
1171 204 1
1172 204 2
1173 204 2
1174 204 1
1175 204 1
373 205 1
644 205 1
1080 205 1
325 206 1
548 206 1
573 206 1
717 206 1
807 206 1
1021 206 1
1024 206 1
411 207 2
449 207 3
528 207 1
792 207 1
1345 207 1
1346 207 1
1347 207 1
657 208 2
754 208 1
755 208 2
1204 208 1
424 209 1
426 209 1
429 209 1
450 209 1
1113 209 1
177 210 1
499 210 1
1183 210 1
20 211 1
71 211 1
189 211 1
61 212 1
70 212 1
147 213 1
263 213 1
326 213 1
327 213 1
547 213 1
553 213 1
583 213 1
845 213 1
1242 213 1
1243 213 1
1244 213 1
317 214 1
339 214 1
504 214 1
670 214 1
1061 214 1
1062 214 1
625 215 1
626 215 1
1030 215 1
328 216 2
1275 216 1
1276 216 1
1334 216 1
2 217 1
12 217 1
192 217 1
285 217 1
308 217 1
544 217 1
1297 217 1
520 218 1
761 219 1
375 220 1
427 220 1
442 220 1
500 221 1
557 221 1
669 221 1
784 221 1
843 221 1
1335 221 1
256 222 1
372 223 2
1194 223 1
687 224 1
136 225 1
446 225 1
472 225 1
1311 225 1
1437 225 1
107 226 1
459 226 1
750 226 1
263 227 1
435 227 1
440 227 1
118 228 1
126 228 1
488 228 1
489 228 1
664 228 1
301 229 1
908 229 1
909 229 1
910 229 1
911 229 1
464 230 1
850 230 1
371 231 1
527 231 1
464 232 1
530 232 1
613 232 1
804 232 1
1430 232 1
1431 232 1
1432 232 1
1433 232 1
349 233 1
651 233 1
652 233 1
788 234 1
979 234 1
667 235 1
946 235 1
317 236 1
377 236 1
487 236 1
669 236 1
681 236 1
40 237 1
262 237 1
1 238 1
21 238 1
317 239 1
504 239 1
270 240 1
486 241 1
834 241 1
114 242 1
126 242 2
195 242 1
426 242 1
604 242 1
646 242 1
706 242 2
707 242 1
721 242 1
731 242 1
771 242 1
781 242 1
944 242 1
962 242 1
973 242 1
974 242 1
975 242 1
998 242 1
999 242 1
1029 242 1
634 243 1
66 244 1
80 244 1
448 244 1
738 244 1
609 245 1
5 246 1
36 246 1
343 246 1
886 246 1
126 247 1
317 247 1
1243 247 1
1274 247 1
1310 247 1
1362 247 1
1363 247 1
1364 247 1
1365 247 1
22 248 1
487 248 1
580 248 1
20 249 1
71 249 1
99 249 1
906 249 1
1096 249 1
1097 249 1
85 250 1
86 250 1
280 250 1
290 250 1
253 251 1
69 252 1
251 253 1
203 254 1
389 254 1
471 254 1
344 255 1
471 255 1
20 256 1
22 256 1
52 256 1
78 256 1
108 256 1
182 256 2
192 256 3
195 256 2
222 256 1
263 256 1
294 256 1
355 256 2
440 256 1
477 256 1
481 256 1
492 256 2
493 256 1
610 256 2
611 256 1
666 256 1
689 256 1
691 256 2
730 256 1
738 256 1
769 256 1
814 256 1
871 256 1
997 256 1
1085 256 1
1105 256 1
1106 256 1
1168 256 1
939 257 1
940 257 1
941 257 1
169 258 1
503 258 1
126 259 3
127 259 3
135 259 1
165 259 1
295 259 1
489 259 1
1151 259 1
1310 259 1
276 260 1
278 260 1
283 260 1
473 260 1
113 261 1
192 261 1
1269 261 1
40 262 1
237 262 1
70 263 1
147 263 1
213 263 1
227 263 1
256 263 1
326 263 1
327 263 1
440 263 1
492 263 1
493 263 1
547 263 2
553 263 2
583 263 1
767 263 1
768 263 1
845 263 2
856 263 1
979 263 2
1242 263 1
1243 263 1
1244 263 1
128 264 1
312 264 1
369 264 2
692 264 1
873 264 1
126 265 1
148 265 1
426 265 1
619 265 1
665 265 1
694 265 1
706 265 2
781 265 2
810 265 1
974 265 1
981 265 2
1067 265 1
1153 265 1
289 266 1
338 266 1
741 266 1
43 267 1
47 267 1
120 267 2
151 267 1
152 267 1
156 267 1
275 267 1
287 267 1
336 267 1
423 267 1
580 267 1
627 267 1
656 267 1
657 267 2
661 267 1
685 267 1
694 267 1
738 267 1
1005 267 1
1006 267 3
1137 267 1
1138 267 1
1253 267 1
1254 267 1
1255 267 1
1256 267 1
310 268 1
665 268 1
775 269 1
1007 269 1
240 270 1
596 270 1
709 270 1
1176 270 1
22 271 1
23 271 1
294 271 1
170 272 1
801 272 1
1195 272 1
1147 273 1
895 274 1
896 274 1
897 274 1
151 275 1
156 275 1
267 275 1
287 275 1
1005 275 1
260 276 1
278 276 1
283 276 1
473 276 1
98 277 1
151 277 1
162 277 1
842 277 1
981 277 1
1313 277 1
1402 277 1
166 278 2
260 278 1
276 278 1
283 278 1
473 278 1
287 279 1
1268 279 1
1361 279 1
85 280 1
250 280 1
32 281 1
8 282 1
466 282 1
467 282 1
1268 282 1
260 283 1
276 283 1
278 283 1
473 283 1
9 284 1
121 284 1
458 284 1
2 285 1
12 285 1
217 285 1
739 286 1
26 287 1
32 287 1
43 287 1
78 287 1
81 287 1
108 287 2
151 287 1
156 287 1
267 287 1
275 287 1
279 287 1
328 287 1
369 287 1
403 287 1
470 287 1
597 287 1
630 287 1
738 287 1
809 287 1
942 287 1
943 287 1
982 287 1
1005 287 1
1141 287 1
1216 287 2
1250 287 1
1251 287 1
1261 287 1
1268 287 1
1350 287 1
1361 287 1
1377 287 1
518 288 1
608 288 1
726 288 1
79 289 1
266 289 1
322 289 1
335 289 1
338 289 3
394 289 1
650 289 1
741 289 1
742 289 1
1428 289 1
1429 289 1
86 290 1
250 290 1
620 291 1
716 291 1
293 292 1
976 292 1
977 292 1
292 293 1
976 293 1
977 293 1
22 294 2
23 294 1
256 294 1
271 294 1
481 294 2
814 294 1
1395 294 1
126 295 1
127 295 1
135 295 1
165 295 1
259 295 1
489 295 1
1151 295 1
882 296 1
1098 296 1
136 297 1
200 297 1
350 297 2
368 297 2
457 297 1
485 297 2
839 297 1
1102 297 1
1266 297 1
1267 297 1
1270 297 1
1314 297 1
12 298 1
68 298 3
108 298 1
109 298 2
126 298 1
145 298 4
151 298 2
330 298 1
397 298 1
451 298 1
453 298 4
703 298 1
798 298 3
849 298 2
860 298 1
1207 298 1
1213 298 1
1245 298 1
1342 298 1
458 299 1
468 299 1
506 299 1
681 299 1
869 299 1
872 299 1
473 300 1
229 301 1
908 301 1
909 301 1
910 301 1
911 301 1
660 302 1
661 302 1
662 302 1
150 303 1
481 303 2
488 303 1
1193 303 1
469 304 1
1228 304 1
1229 304 1
152 305 1
365 305 1
465 305 1
1240 305 1
1241 305 1
438 306 1
733 306 1
904 306 1
391 307 1
452 307 1
1087 307 1
192 308 1
217 308 1
544 308 1
1297 308 1
718 309 1
749 309 1
756 309 1
795 309 1
813 309 1
855 309 1
1017 309 1
1054 309 1
1083 309 1
1084 309 1
268 310 1
665 310 1
90 311 1
351 311 1
555 311 1
128 312 1
264 312 1
369 312 1
873 312 1
434 313 1
481 313 1
543 313 1
794 313 1
879 313 1
1115 313 1
1116 313 2
1117 313 1
1118 313 1
1119 313 1
366 314 1
580 314 1
1102 314 1
1103 314 1
700 315 1
126 316 1
317 316 1
1216 316 1
1217 316 1
1218 316 1
82 317 1
126 317 2
184 317 1
214 317 1
236 317 1
239 317 1
247 317 1
316 317 1
339 317 1
487 317 1
504 317 2
670 317 1
671 317 1
725 317 1
1061 317 1
1062 317 1
1216 317 1
1217 317 1
1218 317 1
1243 317 1
1274 317 1
1310 317 1
1362 317 1
1363 317 1
1364 317 1
1365 317 1
332 318 1
1082 319 1
464 320 2
586 320 1
615 320 1
838 320 1
850 320 1
1258 320 1
1298 320 1
1299 320 1
186 321 1
289 322 1
335 322 1
338 322 1
650 322 1
1428 322 1
1429 322 1
507 323 1
537 323 1
29 324 1
108 324 1
136 324 1
168 324 1
444 324 1
458 324 1
535 324 1
569 324 1
570 324 2
585 324 1
681 324 1
696 324 1
738 324 1
758 324 1
818 324 1
1066 324 1
206 325 1
807 325 1
811 325 1
1021 325 1
147 326 1
213 326 1
263 326 1
327 326 1
547 326 1
553 326 1
583 326 1
845 326 1
1242 326 1
1243 326 1
1244 326 1
147 327 1
213 327 1
263 327 1
326 327 1
547 327 1
553 327 1
583 327 1
845 327 1
1242 327 1
1243 327 1
1244 327 1
126 328 1
148 328 2
188 328 1
216 328 2
287 328 1
369 328 1
405 328 1
701 328 1
854 328 1
869 328 1
942 328 1
943 328 1
1140 328 1
1231 328 1
1274 328 1
1275 328 2
1276 328 1
1280 328 2
1281 328 1
1282 328 2
1334 328 1
1356 328 1
1394 328 1
1434 328 1
74 329 1
171 329 1
1278 329 1
1279 329 1
12 330 1
298 330 1
487 330 1
575 330 1
591 330 1
798 330 1
1196 330 1
1197 330 1
1198 330 1
1199 330 1
1213 330 1
1427 330 1
126 331 1
127 331 1
470 331 1
483 331 1
1234 331 1
318 332 1
789 333 1
115 334 2
155 334 2
823 334 2
289 335 1
322 335 1
338 335 1
650 335 1
1428 335 1
1429 335 1
267 336 1
580 336 1
656 336 1
83 337 1
84 337 1
1185 337 1
79 338 1
266 338 1
289 338 3
322 338 1
335 338 1
650 338 1
712 338 1
741 338 1
742 338 1
1428 338 1
1429 338 1
214 339 1
317 339 1
504 339 1
670 339 1
1061 339 1
1062 339 1
77 340 1
930 340 1
342 341 1
130 342 1
341 342 1
490 342 1
510 342 1
513 342 1
515 342 2
587 342 1
790 342 1
892 342 1
893 342 1
937 342 1
938 342 1
5 343 1
36 343 1
246 343 1
886 343 1
255 344 1
471 344 1
18 345 1
19 345 1
612 345 1
776 345 1
151 346 1
154 346 1
155 346 1
695 346 1
717 346 1
982 346 1
1050 346 2
687 347 1
693 347 1
14 348 1
59 348 1
647 348 1
233 349 1
651 349 1
652 349 1
64 350 1
98 350 1
151 350 1
200 350 1
297 350 2
485 350 3
816 350 1
1051 350 2
1102 350 1
1270 350 1
1314 350 1
311 351 1
361 352 1
972 352 1
522 353 1
636 353 1
957 353 1
751 354 1
817 354 1
20 355 1
52 355 1
256 355 2
666 355 1
871 355 1
511 356 1
1107 356 1
1108 356 1
578 357 1
77 358 1
111 358 1
450 358 1
796 358 1
801 358 1
1419 358 1
1420 358 1
1336 359 1
361 360 1
649 360 1
708 360 1
50 361 1
126 361 1
352 361 1
360 361 1
387 361 1
426 361 1
460 361 1
588 361 1
649 361 2
708 361 1
894 361 1
972 361 1
363 362 3
404 362 1
674 362 1
362 363 3
404 363 1
674 363 1
529 364 1
152 365 1
305 365 1
465 365 2
1035 365 1
1240 365 1
1241 365 1
7 366 1
314 366 1
491 366 1
580 366 2
1102 366 3
1103 366 2
1249 366 1
176 367 1
136 368 1
297 368 2
457 368 1
839 368 1
1266 368 1
1267 368 1
75 369 1
128 369 1
137 369 1
264 369 2
287 369 1
312 369 1
328 369 1
455 369 1
562 369 1
571 369 1
677 369 1
873 369 1
881 369 1
882 369 2
883 369 1
942 369 2
943 369 1
1142 369 1
95 370 1
133 370 1
913 370 1
1372 370 1
231 371 1
527 371 1
37 372 1
127 372 1
148 372 1
223 372 2
478 372 2
968 372 1
969 372 1
1067 372 1
1068 372 1
1194 372 1
205 373 1
1080 373 1
78 374 1
552 374 1
1095 374 1
220 375 1
442 375 1
34 376 1
77 376 1
815 376 1
822 376 1
1424 376 1
1425 376 1
1426 376 1
236 377 1
669 377 1
681 377 1
153 378 1
1226 378 1
386 379 1
1042 379 1
382 380 1
1000 380 1
1064 380 1
1065 380 1
1181 381 1
1182 381 1
380 382 1
1200 383 1
433 384 1
1191 384 1
4 385 1
379 386 1
1042 386 1
361 387 1
460 387 1
201 388 1
518 388 1
607 388 1
608 388 2
726 388 1
254 389 1
391 390 1
392 390 1
202 391 1
307 391 1
390 391 1
392 391 2
452 391 1
1087 391 1
1214 391 1
202 392 1
390 392 1
391 392 2
1214 392 1
584 393 1
599 393 1
800 393 1
802 393 1
848 393 1
17 394 1
79 394 5
289 394 1
629 394 1
697 394 1
715 394 1
981 394 1
1044 394 1
1209 394 1
797 395 1
397 396 1
827 396 1
828 396 1
829 396 1
169 397 1
298 397 1
396 397 1
407 397 1
451 397 1
631 397 1
827 397 1
828 397 1
829 397 1
1041 397 1
1074 397 1
1206 397 1
1207 397 1
693 398 1
60 399 1
132 399 1
1226 399 1
1277 399 1
401 400 1
402 400 1
1076 400 1
400 401 1
402 401 2
952 401 1
953 401 1
1076 401 1
400 402 1
401 402 2
952 402 1
953 402 1
1076 402 1
287 403 1
1216 403 1
1350 403 1
362 404 1
363 404 1
328 405 1
701 405 1
1356 405 1
1086 406 1
397 407 1
1074 407 1
409 408 1
441 408 1
408 409 1
441 409 1
603 409 1
1159 410 1
1160 410 1
207 411 2
449 411 1
29 412 1
98 412 1
136 412 1
156 412 1
160 412 1
765 412 1
805 412 1
824 412 1
867 412 3
958 412 1
1284 412 1
1343 412 1
1344 412 1
154 413 1
49 414 1
1188 414 1
1063 415 1
1210 415 1
861 416 1
1378 416 1
1379 416 1
1380 416 1
1124 417 1
1125 417 1
461 418 1
462 418 3
463 418 1
715 418 1
440 419 1
778 419 2
978 419 1
3 420 1
52 420 1
61 420 1
70 420 1
88 420 1
422 421 1
602 421 1
421 422 1
602 422 1
43 423 1
47 423 1
267 423 1
950 423 1
951 423 1
209 424 1
426 424 1
429 424 1
450 424 1
1113 424 1
426 425 1
1239 425 1
126 426 5
158 426 1
209 426 1
242 426 1
265 426 1
361 426 1
424 426 1
425 426 1
429 426 1
434 426 2
437 426 1
450 426 1
649 426 1
665 426 1
781 426 1
962 426 1
974 426 1
1113 426 1
1239 426 1
220 427 1
29 428 1
108 428 2
524 428 1
673 428 1
700 428 1
1248 428 1
1262 428 1
209 429 1
424 429 1
426 429 1
450 429 1
1113 429 1
197 430 1
773 430 1
1081 430 1
38 431 1
1150 432 1
384 433 1
1191 433 1
126 434 2
178 434 1
313 434 1
426 434 2
676 434 1
794 434 2
879 434 1
880 434 1
227 435 1
15 436 1
1034 436 1
126 437 1
158 437 1
426 437 1
450 437 2
621 437 1
306 438 1
733 438 1
887 438 1
888 438 1
904 438 1
454 439 1
1038 439 1
227 440 1
256 440 1
263 440 1
419 440 1
493 440 1
686 440 1
688 440 1
730 440 1
778 440 1
1001 440 1
1055 440 1
408 441 1
409 441 1
220 442 1
375 442 1
554 443 1
675 443 1
108 444 1
324 444 1
535 444 1
738 444 1
740 445 1
779 445 1
780 445 1
126 446 1
136 446 2
225 446 1
472 446 3
1260 446 1
1311 446 2
1437 446 1
46 447 1
57 447 1
66 448 1
80 448 1
108 448 1
110 448 1
244 448 1
505 448 1
738 448 2
207 449 3
411 449 1
528 449 1
792 449 1
1345 449 1
1346 449 1
1347 449 1
24 450 1
77 450 1
106 450 1
111 450 1
112 450 1
209 450 1
358 450 1
424 450 1
426 450 1
429 450 1
437 450 2
523 450 1
621 450 1
796 450 3
801 450 3
806 450 1
807 450 2
820 450 1
1113 450 1
1321 450 1
1419 450 1
1420 450 1
298 451 1
397 451 1
1207 451 1
307 452 1
391 452 1
1087 452 1
39 453 1
68 453 2
109 453 1
126 453 1
145 453 6
151 453 1
298 453 4
613 453 1
657 453 1
685 453 1
703 453 1
798 453 2
849 453 1
1102 453 1
1271 453 1
1342 453 1
439 454 1
1038 454 1
369 455 1
882 455 1
1142 455 1
812 456 1
136 457 2
152 457 1
297 457 1
368 457 1
472 457 1
597 457 1
839 457 1
1266 457 1
1267 457 1
9 458 1
121 458 1
136 458 1
284 458 1
299 458 1
324 458 1
468 458 1
506 458 1
585 458 1
681 458 2
818 458 1
869 458 1
872 458 1
107 459 2
169 459 1
226 459 1
532 459 1
645 459 1
750 459 1
1022 459 1
361 460 1
387 460 1
1025 460 1
418 461 1
462 461 1
463 461 1
418 462 3
461 462 1
463 462 1
715 462 1
418 463 1
461 463 1
462 463 1
654 463 1
720 463 1
770 463 1
1252 463 1
230 464 1
232 464 1
320 464 2
530 464 1
613 464 1
804 464 1
838 464 1
850 464 2
1258 464 1
1298 464 1
1299 464 1
1430 464 1
1431 464 1
1432 464 1
1433 464 1
29 465 1
55 465 1
152 465 1
181 465 1
305 465 1
365 465 2
1035 465 1
1240 465 1
1241 465 1
8 466 1
166 466 1
282 466 1
467 466 2
1268 466 1
8 467 1
126 467 1
166 467 1
282 467 1
466 467 2
479 467 1
1180 467 1
1224 467 1
1268 467 1
29 468 1
65 468 1
127 468 1
183 468 1
299 468 1
458 468 1
506 468 1
681 468 1
869 468 1
872 468 1
304 469 1
1228 469 1
1229 469 1
95 470 1
126 470 2
127 470 3
149 470 1
174 470 1
180 470 1
287 470 1
331 470 1
483 470 2
706 470 1
738 470 1
841 470 1
912 470 1
913 470 1
1180 470 1
1234 470 1
1261 470 1
203 471 1
254 471 1
255 471 1
344 471 1
10 472 1
13 472 1
126 472 2
136 472 5
152 472 2
159 472 1
225 472 1
446 472 3
457 472 1
597 472 2
1260 472 1
1311 472 2
1437 472 1
260 473 1
276 473 1
278 473 1
283 473 1
300 473 1
684 473 1
934 473 1
167 474 1
706 475 1
1285 475 1
1286 475 1
679 476 1
882 476 1
256 477 1
37 478 1
127 478 1
148 478 1
372 478 2
536 478 1
558 478 1
889 478 1
890 478 1
891 478 2
968 478 1
969 478 1
126 479 2
127 479 1
467 479 1
1149 479 1
1180 479 1
1224 479 1
1231 479 1
1232 479 1
1233 479 1
628 480 1
22 481 3
23 481 2
150 481 1
256 481 1
294 481 2
303 481 2
313 481 1
488 481 1
543 481 1
622 481 2
814 481 1
935 481 2
936 481 1
1117 481 1
1118 481 1
1119 481 1
1193 481 1
1221 481 1
1222 481 1
1223 481 1
1395 481 1
488 482 1
705 482 1
1060 482 1
94 483 1
126 483 2
127 483 3
148 483 1
149 483 1
331 483 1
470 483 2
489 483 1
841 483 1
925 483 1
1073 483 1
1234 483 1
126 484 1
127 484 1
723 484 1
803 484 1
64 485 1
98 485 1
151 485 1
200 485 1
297 485 2
350 485 3
785 485 1
981 485 1
1051 485 2
1102 485 2
1222 485 1
1270 485 1
1314 485 1
241 486 1
834 486 1
22 487 2
101 487 1
236 487 1
248 487 1
317 487 1
330 487 1
545 487 1
575 487 1
580 487 3
1102 487 2
1156 487 1
1157 487 1
1158 487 1
1427 487 1
118 488 1
126 488 1
150 488 1
228 488 1
303 488 1
481 488 1
482 488 1
489 488 1
664 488 1
1193 488 1
13 489 1
74 489 1
118 489 1
124 489 1
126 489 8
127 489 3
135 489 1
148 489 1
165 489 1
179 489 1
194 489 1
228 489 1
259 489 1
295 489 1
483 489 1
488 489 1
646 489 1
664 489 2
665 489 1
700 489 1
706 489 1
925 489 1
1149 489 1
1151 489 1
342 490 1
7 491 2
366 491 1
1102 491 1
1249 491 2
182 492 1
256 492 2
263 492 1
493 492 1
691 492 1
256 493 1
263 493 1
440 493 1
492 493 1
686 493 1
688 493 1
116 494 1
495 494 1
496 494 1
116 495 1
494 495 1
496 495 1
116 496 1
494 496 1
495 496 1
498 497 1
551 497 1
1337 497 1
497 498 1
551 498 1
1337 498 1
177 499 1
210 499 1
534 499 1
1152 499 1
1183 499 1
221 500 1
557 500 1
669 500 1
784 500 1
843 500 1
1335 500 1
72 501 1
73 501 1
74 501 1
29 502 1
180 502 1
1309 502 1
169 503 1
258 503 1
214 504 1
239 504 1
317 504 2
339 504 1
670 504 1
1061 504 1
1062 504 1
108 505 1
110 505 1
448 505 1
738 505 1
299 506 1
458 506 1
468 506 1
681 506 1
869 506 1
872 506 1
323 507 1
537 507 1
531 508 1
550 508 1
510 509 2
937 509 1
342 510 1
509 510 2
937 510 2
938 510 1
356 511 1
1107 511 1
1108 511 1
863 512 1
864 512 1
865 512 1
342 513 1
593 514 1
342 515 2
1003 516 1
1004 516 1
1122 517 1
288 518 1
388 518 1
608 518 2
726 518 2
694 519 1
218 520 1
190 521 1
198 521 1
1109 521 1
1110 521 1
155 522 1
353 522 1
601 522 1
719 522 2
106 523 1
112 523 1
450 523 1
796 523 1
801 523 1
807 523 1
820 523 1
1321 523 1
29 524 3
98 524 1
108 524 1
151 524 1
428 524 1
727 524 1
799 524 1
1262 524 2
104 525 1
830 525 1
832 525 1
81 526 1
231 527 1
371 527 1
207 528 1
449 528 1
792 528 1
364 529 1
232 530 1
464 530 1
613 530 1
804 530 1
1430 530 1
1431 530 1
1432 530 1
1433 530 1
508 531 1
550 531 1
459 532 1
538 533 2
1037 533 2
499 534 1
1152 534 1
108 535 1
324 535 1
444 535 1
738 535 1
478 536 1
889 536 1
890 536 1
891 536 1
323 537 1
507 537 1
533 538 2
1037 538 2
540 539 1
63 540 1
97 540 2
195 540 1
539 540 1
567 540 2
632 540 1
748 540 2
868 540 1
1123 540 1
48 541 1
173 541 1
927 542 1
313 543 1
481 543 1
1117 543 1
1118 543 1
1119 543 1
192 544 1
217 544 1
308 544 1
1297 544 1
487 545 1
580 545 2
1102 545 2
561 546 1
1104 546 1
70 547 1
147 547 1
213 547 1
263 547 2
326 547 1
327 547 1
553 547 1
583 547 1
845 547 2
979 547 1
1242 547 1
1243 547 1
1244 547 1
206 548 1
573 548 1
1028 549 1
1332 549 1
1333 549 1
508 550 1
531 550 1
497 551 1
498 551 1
1337 551 1
78 552 1
374 552 1
1095 552 1
147 553 1
213 553 1
263 553 2
326 553 1
327 553 1
547 553 1
583 553 1
845 553 1
856 553 1
979 553 1
1242 553 1
1243 553 1
1244 553 1
443 554 1
675 554 1
90 555 1
311 555 1
955 556 1
221 557 1
500 557 1
669 557 1
784 557 1
843 557 1
1335 557 1
478 558 1
63 559 1
595 559 1
636 559 1
679 559 1
826 559 1
919 560 1
546 561 1
1104 561 1
369 562 1
942 562 1
1418 563 1
565 564 1
641 564 1
844 564 1
1215 564 1
564 565 1
641 565 1
844 565 1
1215 565 1
140 566 1
141 566 1
869 566 1
1293 566 1
1294 566 1
1295 566 1
1296 566 1
115 567 1
540 567 2
748 567 2
1114 568 2
1161 568 1
168 569 1
324 569 1
570 569 1
1154 569 1
1155 569 1
168 570 1
324 570 2
569 570 1
690 570 1
981 570 1
1066 570 1
369 571 1
574 572 1
990 572 1
991 572 1
992 572 1
993 572 1
206 573 1
548 573 1
572 574 1
990 574 1
991 574 1
992 574 1
993 574 1
330 575 1
487 575 1
1427 575 1
1100 576 1
1090 577 1
1091 577 1
1092 577 1
1093 577 1
1094 577 1
357 578 1
53 579 1
67 579 2
105 579 1
806 579 3
807 579 3
836 579 3
1381 579 1
1382 579 1
1397 579 1
1407 579 1
1408 579 1
22 580 2
101 580 2
127 580 1
136 580 1
194 580 1
248 580 1
267 580 1
314 580 1
336 580 1
366 580 2
487 580 3
545 580 2
656 580 1
663 580 1
818 580 1
1059 580 1
1102 580 4
1103 580 2
1225 580 1
1383 580 1
56 581 1
582 581 1
21 582 1
56 582 1
95 582 1
134 582 1
581 582 1
681 582 1
147 583 1
213 583 1
263 583 1
326 583 1
327 583 1
547 583 1
553 583 1
845 583 1
1242 583 1
1243 583 1
1244 583 1
393 584 1
599 584 1
802 584 1
848 584 1
136 585 1
324 585 1
458 585 1
681 585 1
818 585 1
320 586 1
615 586 1
846 586 1
1412 586 1
1413 586 1
1414 586 1
130 587 1
342 587 1
892 587 1
893 587 1
50 588 1
361 588 1
894 588 1
700 589 1
859 589 1
594 590 1
595 590 1
330 591 1
1196 591 1
1197 591 1
1198 591 1
1199 591 1
35 592 1
89 592 1
1366 592 1
514 593 1
590 594 1
595 594 1
63 595 1
559 595 1
590 595 1
594 595 1
636 595 1
679 595 1
826 595 1
270 596 1
709 596 1
1099 596 1
81 597 1
136 597 2
152 597 2
159 597 1
287 597 1
457 597 1
472 597 2
136 598 1
839 598 1
393 599 1
584 599 1
802 599 1
848 599 1
821 600 1
1189 600 1
1190 600 1
29 601 1
126 601 1
158 601 1
522 601 1
719 601 1
732 601 1
421 602 1
422 602 1
409 603 1
114 604 1
242 604 1
706 604 1
707 604 1
731 604 1
56 605 1
23 606 1
154 606 1
613 606 1
710 606 1
201 607 1
388 607 1
608 607 1
195 608 1
201 608 1
288 608 1
388 608 2
518 608 2
607 608 1
726 608 2
764 608 1
914 608 1
915 608 1
916 608 1
245 609 1
945 609 2
108 610 1
256 610 2
611 610 1
108 611 1
256 611 1
610 611 1
345 612 1
23 613 1
78 613 1
136 613 1
148 613 1
154 613 1
180 613 1
232 613 1
453 613 1
464 613 1
530 613 1
606 613 1
710 613 1
804 613 1
1430 613 1
1431 613 1
1432 613 1
1433 613 1
21 614 1
1002 614 1
320 615 1
586 615 1
1201 616 1
1202 616 1
1203 616 1
618 617 1
640 617 1
961 617 1
617 618 1
640 618 1
961 618 1
126 619 1
148 619 1
265 619 1
291 620 1
716 620 1
437 621 1
450 621 1
746 621 1
1135 621 1
22 622 2
23 622 2
481 622 2
935 622 2
936 622 1
1221 622 1
1222 622 1
1223 622 1
29 623 1
677 624 1
816 624 1
1051 624 1
215 625 1
626 625 1
1030 625 1
215 626 1
625 626 1
1030 626 1
152 627 1
267 627 1
738 627 1
1006 627 1
480 628 1
79 629 1
394 629 1
1209 629 1
287 630 1
809 630 1
42 631 1
397 631 1
728 631 1
17 632 1
63 632 1
97 632 1
540 632 1
787 632 1
1123 632 1
713 633 1
759 633 1
760 633 1
243 634 1
129 635 1
763 635 1
63 636 1
353 636 1
559 636 1
595 636 1
679 636 1
826 636 1
957 636 1
638 637 1
639 637 1
1014 637 1
1015 637 1
637 638 1
639 638 1
1014 638 1
1015 638 1
637 639 1
638 639 1
1014 639 1
1015 639 1
617 640 1
618 640 1
961 640 1
564 641 1
565 641 1
844 641 1
1215 641 1
747 642 1
1192 643 1
205 644 1
169 645 1
459 645 1
1022 645 1
29 646 1
124 646 1
126 646 7
127 646 1
145 646 1
242 646 1
489 646 1
654 646 1
664 646 1
694 646 1
772 646 1
924 646 1
14 647 1
59 647 1
348 647 1
126 648 1
722 648 1
126 649 2
195 649 1
360 649 1
361 649 2
426 649 1
657 649 1
708 649 1
722 649 1
289 650 1
322 650 1
335 650 1
338 650 1
1428 650 1
1429 650 1
233 651 1
349 651 1
652 651 1
233 652 1
349 652 1
651 652 1
15 653 1
29 654 1
126 654 1
127 654 1
463 654 1
646 654 1
148 655 1
656 655 1
734 655 2
816 655 4
1058 655 1
1059 655 1
1219 655 1
1220 655 1
1230 655 1
62 656 2
267 656 1
336 656 1
580 656 1
655 656 1
700 656 1
706 656 2
734 656 1
816 656 1
929 656 1
957 656 1
967 656 1
1058 656 1
1059 656 1
1162 656 1
1163 656 1
1164 656 1
1165 656 1
120 657 2
126 657 1
145 657 1
195 657 1
208 657 2
267 657 2
453 657 1
649 657 1
661 657 1
685 657 1
714 657 1
722 657 1
754 657 1
755 657 2
757 657 1
793 657 1
1079 657 1
1204 657 1
1205 658 1
704 659 1
302 660 1
661 660 1
662 660 1
120 661 1
267 661 1
302 661 1
657 661 1
660 661 1
662 661 1
302 662 1
660 662 1
661 662 1
22 663 1
127 663 1
580 663 1
118 664 1
124 664 1
126 664 2
228 664 1
488 664 1
489 664 2
646 664 1
78 665 1
126 665 1
265 665 1
268 665 1
310 665 1
426 665 1
489 665 1
683 665 1
781 665 2
907 665 1
974 665 1
1146 665 1
256 666 1
355 666 1
235 667 1
676 667 1
946 667 2
1027 667 1
932 668 1
933 668 1
221 669 1
236 669 1
377 669 1
500 669 1
557 669 1
681 669 1
784 669 1
843 669 1
1335 669 1
214 670 1
317 670 1
339 670 1
504 670 1
1061 670 1
1062 670 1
82 671 1
317 671 1
1075 672 1
108 673 1
428 673 1
700 673 1
1248 673 1
362 674 1
363 674 1
443 675 1
554 675 1
434 676 1
667 676 1
75 677 1
369 677 1
624 677 1
816 677 1
1051 677 1
923 678 1
63 679 1
476 679 1
559 679 1
595 679 1
636 679 1
826 679 1
882 679 1
870 680 2
1368 680 2
1369 680 1
1370 680 2
21 681 1
136 681 1
236 681 1
299 681 1
324 681 1
377 681 1
458 681 2
468 681 1
506 681 1
582 681 1
585 681 1
669 681 1
818 681 1
869 681 1
872 681 1
81 682 1
665 683 1
781 683 1
473 684 1
934 684 1
93 685 1
145 685 2
156 685 1
267 685 1
453 685 1
657 685 1
1006 685 1
1137 685 1
1138 685 1
1308 685 1
440 686 1
493 686 1
688 686 1
16 687 1
188 687 1
224 687 1
347 687 1
693 687 1
440 688 1
493 688 1
686 688 1
192 689 1
256 689 1
997 689 1
570 690 1
981 690 1
182 691 2
256 691 2
492 691 1
264 692 1
347 693 1
398 693 1
687 693 1
126 694 1
145 694 1
265 694 1
267 694 1
519 694 1
646 694 1
905 694 1
1253 694 1
1254 694 1
1255 694 1
1256 694 1
346 695 1
1050 695 1
324 696 1
79 697 1
394 697 1
981 697 1
777 698 1
185 699 1
1421 699 1
1422 699 1
13 700 1
108 700 1
126 700 1
194 700 1
195 700 1
315 700 1
428 700 1
489 700 1
589 700 1
656 700 1
673 700 1
706 700 1
859 700 3
929 700 1
1248 700 1
328 701 1
405 701 1
1356 701 1
706 702 1
1285 702 1
1349 702 1
145 703 1
298 703 1
453 703 1
798 703 1
659 704 1
482 705 1
13 706 1
114 706 1
126 706 2
127 706 1
180 706 1
242 706 2
265 706 2
470 706 1
475 706 1
489 706 1
604 706 1
656 706 2
700 706 1
702 706 1
707 706 1
731 706 1
738 706 1
743 706 1
771 706 1
810 706 2
816 706 1
957 706 1
981 706 1
1067 706 1
1180 706 1
1285 706 2
1286 706 1
1349 706 1
114 707 1
242 707 1
604 707 1
706 707 1
731 707 1
126 708 1
360 708 1
361 708 1
649 708 1
270 709 1
596 709 1
23 710 1
102 710 1
127 710 1
154 710 1
180 710 1
606 710 1
613 710 1
119 711 1
163 711 1
1352 711 1
1353 711 1
1354 711 1
1355 711 1
79 712 1
338 712 1
633 713 1
759 713 1
760 713 1
657 714 1
79 715 1
100 715 1
108 715 2
145 715 2
161 715 2
394 715 1
418 715 1
462 715 1
779 715 2
931 715 1
1044 715 1
1317 715 2
1367 715 1
291 716 1
620 716 1
151 717 1
154 717 1
155 717 1
206 717 1
346 717 1
982 717 1
1024 717 1
309 718 1
1017 718 1
522 719 2
601 719 1
463 720 1
770 720 1
1252 720 1
195 721 1
242 721 1
126 722 2
195 722 1
648 722 1
649 722 1
657 722 1
126 723 1
127 723 1
484 723 1
803 723 1
1166 724 1
1167 724 1
317 725 1
288 726 1
388 726 1
518 726 2
608 726 2
29 727 1
98 727 1
151 727 1
524 727 1
799 727 1
42 728 1
631 728 1
1026 729 1
256 730 1
440 730 1
114 731 1
242 731 1
604 731 1
706 731 1
707 731 1
601 732 1
306 733 1
438 733 1
904 733 1
148 734 1
655 734 2
656 734 1
816 734 2
1058 734 1
1059 734 1
736 735 1
737 735 1
1036 735 1
735 736 1
737 736 1
1036 736 1
735 737 1
736 737 1
1036 737 1
66 738 1
78 738 2
80 738 1
108 738 3
110 738 1
126 738 1
127 738 1
152 738 1
180 738 1
195 738 1
244 738 1
256 738 1
267 738 1
287 738 1
324 738 1
444 738 1
448 738 2
470 738 1
505 738 1
535 738 1
627 738 1
706 738 1
1006 738 1
1180 738 1
286 739 1
445 740 1
779 740 1
780 740 1
266 741 1
289 741 1
338 741 1
289 742 1
338 742 1
706 743 1
816 743 1
76 744 2
745 744 1
1101 744 2
1235 744 1
1236 744 1
76 745 1
744 745 1
819 745 2
1039 745 2
1040 745 1
1101 745 1
621 746 1
642 747 1
540 748 2
567 748 2
309 749 1
795 749 1
813 749 1
1054 749 1
107 750 1
226 750 1
459 750 1
354 751 1
817 751 1
79 752 1
753 752 1
79 753 1
752 753 1
208 754 1
657 754 1
755 754 1
208 755 2
657 755 2
754 755 1
1204 755 1
309 756 1
1083 756 1
1084 756 1
657 757 1
793 757 1
1079 757 1
29 758 1
324 758 1
633 759 1
713 759 1
760 759 1
633 760 1
713 760 1
759 760 1
219 761 1
1071 762 1
1072 762 1
129 763 1
635 763 1
195 764 1
608 764 1
29 765 1
98 765 1
152 765 1
412 765 1
805 765 1
867 765 1
1177 765 1
1343 765 1
1344 765 1
194 766 1
195 766 1
1148 766 1
263 767 1
768 767 1
263 768 1
767 768 1
256 769 1
1131 769 1
1132 769 1
463 770 1
720 770 1
1252 770 1
242 771 1
706 771 1
126 772 1
646 772 1
430 773 1
858 774 1
966 774 1
269 775 1
1007 775 2
18 776 1
19 776 1
345 776 1
698 777 1
419 778 2
440 778 1
978 778 1
23 779 1
100 779 1
108 779 2
145 779 2
161 779 2
166 779 1
445 779 1
715 779 2
740 779 1
780 779 1
853 779 1
931 779 1
1317 779 2
1367 779 1
445 780 1
740 780 1
779 780 1
242 781 1
265 781 2
426 781 1
665 781 2
683 781 1
944 781 1
973 781 1
974 781 2
975 781 1
1405 782 1
1406 782 1
1169 783 1
221 784 1
500 784 1
557 784 1
669 784 1
843 784 1
1335 784 1
485 785 1
981 785 1
1051 785 1
1102 785 1
1222 785 1
1266 785 1
840 786 1
17 787 1
632 787 1
234 788 1
979 788 1
333 789 1
1016 789 1
342 790 1
852 791 1
207 792 1
449 792 1
528 792 1
657 793 1
757 793 1
1079 793 1
164 794 1
175 794 1
178 794 1
313 794 1
434 794 2
816 794 1
879 794 1
880 794 1
309 795 1
749 795 1
813 795 1
1054 795 1
24 796 1
77 796 1
106 796 1
111 796 1
112 796 1
358 796 1
450 796 3
523 796 1
801 796 3
806 796 1
807 796 2
820 796 1
1321 796 1
1419 796 1
1420 796 1
395 797 1
12 798 1
68 798 1
145 798 2
151 798 1
298 798 3
330 798 1
453 798 2
703 798 1
1213 798 1
29 799 1
98 799 1
151 799 1
524 799 1
727 799 1
393 800 1
24 801 1
77 801 1
106 801 1
111 801 1
112 801 1
170 801 1
272 801 1
358 801 1
450 801 3
523 801 1
796 801 3
806 801 1
807 801 2
820 801 1
1195 801 1
1321 801 1
1419 801 1
1420 801 1
393 802 1
584 802 1
599 802 1
848 802 1
126 803 1
127 803 1
484 803 1
723 803 1
232 804 1
464 804 1
530 804 1
613 804 1
1430 804 1
1431 804 1
1432 804 1
1433 804 1
98 805 1
412 805 1
765 805 1
867 805 1
1343 805 1
1344 805 1
24 806 1
53 806 1
67 806 2
105 806 1
450 806 1
579 806 3
796 806 1
801 806 1
807 806 4
836 806 3
1381 806 1
1382 806 1
1397 806 1
1407 806 1
1408 806 1
24 807 1
53 807 1
67 807 2
105 807 1
106 807 1
112 807 1
206 807 1
325 807 1
450 807 2
523 807 1
579 807 3
796 807 2
801 807 2
806 807 4
820 807 1
836 807 3
1021 807 1
1321 807 1
1381 807 1
1382 807 1
1397 807 1
1407 807 1
1408 807 1
1323 808 1
1324 808 1
1325 808 1
1326 808 1
1327 808 1
287 809 1
630 809 1
265 810 1
706 810 2
981 810 1
325 811 1
456 812 1
309 813 1
749 813 1
795 813 1
1054 813 1
155 814 1
256 814 1
294 814 1
481 814 1
866 814 1
34 815 1
77 815 1
376 815 1
822 815 1
1424 815 1
1425 815 1
1426 815 1
148 816 1
350 816 1
624 816 1
655 816 4
656 816 1
677 816 1
706 816 1
734 816 2
743 816 1
794 816 1
1051 816 2
1058 816 3
1059 816 1
1219 816 1
1220 816 1
1230 816 3
1263 816 1
1264 816 1
1265 816 1
1283 816 2
1348 816 1
1396 816 1
1423 816 1
354 817 1
751 817 1
136 818 1
324 818 1
458 818 1
580 818 1
585 818 1
681 818 1
1059 818 1
1383 818 1
745 819 2
1039 819 2
1040 819 1
106 820 1
112 820 1
450 820 1
523 820 1
796 820 1
801 820 1
807 820 1
1321 820 1
600 821 1
1189 821 1
1190 821 1
34 822 1
77 822 1
376 822 1
815 822 1
1424 822 1
1425 822 1
1426 822 1
115 823 2
155 823 2
334 823 2
412 824 1
867 824 1
1322 825 1
63 826 1
559 826 1
595 826 1
636 826 1
679 826 1
396 827 1
397 827 1
828 827 1
829 827 1
396 828 1
397 828 1
827 828 1
829 828 1
396 829 1
397 829 1
827 829 1
828 829 1
104 830 1
525 830 1
832 830 1
1006 831 1
1138 831 1
1238 831 1
1390 831 1
1391 831 1
104 832 1
525 832 1
830 832 1
1056 833 1
1057 833 1
241 834 1
486 834 1
37 835 1
126 835 1
148 835 2
925 835 1
1227 835 1
53 836 1
67 836 2
105 836 1
579 836 3
806 836 3
807 836 3
1381 836 1
1382 836 1
1397 836 1
1407 836 1
1408 836 1
1338 837 1
1339 837 1
320 838 1
464 838 1
1258 838 1
136 839 2
297 839 1
368 839 1
457 839 1
598 839 1
1266 839 1
1267 839 1
786 840 1
127 841 1
149 841 1
470 841 1
483 841 1
98 842 1
151 842 1
162 842 1
277 842 1
981 842 1
1313 842 1
1402 842 1
221 843 1
500 843 1
557 843 1
669 843 1
784 843 1
1335 843 1
564 844 1
565 844 1
641 844 1
1215 844 1
70 845 1
147 845 1
213 845 1
263 845 2
326 845 1
327 845 1
547 845 2
553 845 1
583 845 1
979 845 1
1242 845 1
1243 845 1
1244 845 1
586 846 1
1412 846 1
1413 846 1
1414 846 1
139 847 1
1404 847 1
1438 847 1
393 848 1
584 848 1
599 848 1
802 848 1
68 849 1
109 849 2
145 849 1
298 849 2
453 849 1
1342 849 1
230 850 1
320 850 1
464 850 2
1298 850 1
1299 850 1
852 851 1
948 851 1
949 851 1
791 852 1
851 852 1
948 852 1
949 852 1
23 853 1
166 853 1
779 853 1
148 854 1
328 854 1
309 855 1
263 856 1
553 856 1
979 856 1
1373 857 1
1374 857 1
1375 857 1
1376 857 1
774 858 1
966 858 1
589 859 1
700 859 3
68 860 1
108 860 1
151 860 1
298 860 1
1245 860 1
416 861 1
1378 861 1
1379 861 1
1380 861 1
92 862 1
115 862 1
512 863 1
864 863 1
865 863 1
512 864 1
863 864 1
865 864 1
512 865 1
863 865 1
864 865 1
155 866 1
814 866 1
98 867 1
156 867 1
160 867 1
412 867 3
765 867 1
805 867 1
824 867 1
1284 867 1
1343 867 1
1344 867 1
97 868 1
195 868 1
540 868 1
126 869 1
140 869 1
141 869 1
148 869 1
299 869 1
328 869 1
458 869 1
468 869 1
506 869 1
566 869 1
681 869 1
872 869 1
1231 869 1
1274 869 1
1293 869 1
1294 869 1
1295 869 1
1296 869 1
680 870 2
1368 870 2
1369 870 1
1370 870 2
20 871 1
52 871 1
256 871 1
355 871 1
299 872 1
458 872 1
468 872 1
506 872 1
681 872 1
869 872 1
128 873 1
264 873 1
312 873 1
369 873 1
874 873 1
875 873 1
876 873 1
877 873 1
878 873 1
873 874 1
875 874 1
876 874 1
877 874 1
878 874 1
873 875 1
874 875 1
876 875 1
877 875 1
878 875 1
873 876 1
874 876 1
875 876 1
877 876 1
878 876 1
873 877 1
874 877 1
875 877 1
876 877 1
878 877 1
873 878 1
874 878 1
875 878 1
876 878 1
877 878 1
313 879 1
434 879 1
794 879 1
178 880 1
434 880 1
794 880 1
369 881 1
882 881 1
296 882 1
369 882 2
455 882 1
476 882 1
679 882 1
881 882 1
1098 882 1
1142 882 1
369 883 1
131 884 1
885 884 1
131 885 1
884 885 1
5 886 1
36 886 1
246 886 1
343 886 1
438 887 1
888 887 1
438 888 1
887 888 1
478 889 1
536 889 1
890 889 1
891 889 1
478 890 1
536 890 1
889 890 1
891 890 1
478 891 2
536 891 1
889 891 1
890 891 1
130 892 1
342 892 1
587 892 1
893 892 1
130 893 1
342 893 1
587 893 1
892 893 1
50 894 1
361 894 1
588 894 1
274 895 1
896 895 1
897 895 1
274 896 1
895 896 1
897 896 1
274 897 1
895 897 1
896 897 1
899 898 1
900 898 1
901 898 1
902 898 1
903 898 1
898 899 1
900 899 1
901 899 1
902 899 1
903 899 1
898 900 1
899 900 1
901 900 1
902 900 1
903 900 1
898 901 1
899 901 1
900 901 1
902 901 1
903 901 1
898 902 1
899 902 1
900 902 1
901 902 1
903 902 1
898 903 1
899 903 1
900 903 1
901 903 1
902 903 1
306 904 1
438 904 1
733 904 1
694 905 1
20 906 1
71 906 1
249 906 1
78 907 1
665 907 1
229 908 1
301 908 1
909 908 1
910 908 1
911 908 1
229 909 1
301 909 1
908 909 1
910 909 1
911 909 1
229 910 1
301 910 1
908 910 1
909 910 1
911 910 1
229 911 1
301 911 1
908 911 1
909 911 1
910 911 1
95 912 1
174 912 1
470 912 1
913 912 1
95 913 2
133 913 1
174 913 1
370 913 1
470 913 1
912 913 1
1372 913 1
608 914 1
915 914 1
916 914 1
608 915 1
914 915 1
916 915 1
608 916 1
914 916 1
915 916 1
918 917 1
917 918 1
560 919 1
921 920 1
922 920 1
920 921 1
922 921 1
920 922 1
921 922 1
678 923 1
126 924 1
646 924 1
37 925 1
126 925 2
127 925 1
148 925 2
483 925 1
489 925 1
835 925 1
196 926 1
542 927 1
136 928 1
148 928 1
656 929 1
700 929 1
77 930 2
78 930 1
340 930 1
931 930 1
77 931 1
78 931 1
108 931 1
145 931 1
161 931 1
715 931 1
779 931 1
930 931 1
1317 931 1
1367 931 1
668 932 1
933 932 1
668 933 1
932 933 1
473 934 1
684 934 1
22 935 2
23 935 2
481 935 2
622 935 2
936 935 1
1221 935 1
1222 935 1
1223 935 1
22 936 1
23 936 1
481 936 1
622 936 1
935 936 1
342 937 1
509 937 1
510 937 2
938 937 1
342 938 1
510 938 1
937 938 1
257 939 1
940 939 1
941 939 1
257 940 1
939 940 1
941 940 1
257 941 1
939 941 1
940 941 1
287 942 1
328 942 1
369 942 2
562 942 1
943 942 1
287 943 1
328 943 1
369 943 1
942 943 1
15 944 1
242 944 1
781 944 1
973 944 1
974 944 1
975 944 1
1184 944 1
609 945 2
235 946 1
667 946 2
45 947 1
851 948 1
852 948 1
949 948 1
851 949 1
852 949 1
948 949 1
423 950 1
951 950 1
423 951 1
950 951 1
401 952 1
402 952 1
953 952 1
401 953 1
402 953 1
952 953 1
955 954 1
956 954 1
556 955 1
954 955 1
956 955 1
954 956 1
955 956 1
353 957 1
636 957 1
656 957 1
706 957 1
29 958 1
136 958 1
412 958 1
960 959 1
959 960 1
617 961 1
618 961 1
640 961 1
126 962 1
242 962 1
426 962 1
964 963 1
965 963 1
963 964 1
965 964 1
963 965 1
964 965 1
1133 965 1
1134 965 1
774 966 1
858 966 1
656 967 1
372 968 1
478 968 1
969 968 1
372 969 1
478 969 1
968 969 1
971 970 1
970 971 1
352 972 1
361 972 1
242 973 1
781 973 1
944 973 1
974 973 1
975 973 1
242 974 1
265 974 1
426 974 1
665 974 1
781 974 2
944 974 1
973 974 1
975 974 1
242 975 1
781 975 1
944 975 1
973 975 1
974 975 1
292 976 1
293 976 1
977 976 1
292 977 1
293 977 1
976 977 1
419 978 1
778 978 1
70 979 1
234 979 1
263 979 2
547 979 1
553 979 1
788 979 1
845 979 1
856 979 1
1043 980 1
1045 980 1
1046 980 1
1047 980 1
1048 980 1
1049 980 1
79 981 1
98 981 1
151 981 1
162 981 1
265 981 2
277 981 1
394 981 1
485 981 1
570 981 1
690 981 1
697 981 1
706 981 1
785 981 1
810 981 1
842 981 1
1051 981 1
1102 981 1
1222 981 1
1313 981 1
1402 981 1
26 982 1
151 982 1
154 982 1
155 982 1
287 982 1
346 982 1
717 982 1
1250 982 1
1251 982 1
984 983 1
985 983 1
986 983 1
987 983 1
988 983 1
989 983 1
983 984 1
985 984 1
986 984 1
987 984 1
983 985 1
984 985 1
986 985 1
987 985 1
983 986 1
984 986 1
985 986 1
987 986 1
983 987 1
984 987 1
985 987 1
986 987 1
983 988 1
989 988 1
983 989 1
988 989 1
572 990 1
574 990 1
991 990 1
992 990 1
993 990 1
572 991 1
574 991 1
990 991 1
992 991 1
993 991 1
572 992 1
574 992 1
990 992 1
991 992 1
993 992 1
572 993 1
574 993 1
990 993 1
991 993 1
992 993 1
995 994 1
996 994 1
994 995 1
996 995 1
994 996 1
995 996 1
192 997 1
256 997 1
689 997 1
242 998 1
999 998 1
242 999 1
998 999 1
380 1000 1
440 1001 1
21 1002 1
614 1002 1
516 1003 1
1004 1003 1
516 1004 1
1003 1004 1
151 1005 1
156 1005 1
267 1005 1
275 1005 1
287 1005 1
152 1006 1
267 1006 3
627 1006 1
685 1006 1
738 1006 1
831 1006 1
1137 1006 2
1138 1006 3
1237 1006 1
1238 1006 2
1390 1006 1
1391 1006 1
269 1007 1
775 1007 2
1009 1008 1
1010 1008 1
1011 1008 1
1008 1009 1
1010 1009 1
1011 1009 1
1008 1010 1
1009 1010 1
1011 1010 1
1008 1011 1
1009 1011 1
1010 1011 1
1013 1012 1
1012 1013 1
637 1014 1
638 1014 1
639 1014 1
1015 1014 1
637 1015 1
638 1015 1
639 1015 1
1014 1015 1
789 1016 1
309 1017 1
718 1017 1
1019 1018 1
1018 1019 1
199 1020 1
206 1021 1
325 1021 1
807 1021 1
169 1022 1
459 1022 1
645 1022 1
169 1023 1
206 1024 1
717 1024 1
460 1025 1
729 1026 1
667 1027 1
549 1028 1
126 1029 1
242 1029 1
215 1030 1
625 1030 1
626 1030 1
1032 1031 1
1033 1031 1
1031 1032 1
1033 1032 1
1031 1033 1
1032 1033 1
15 1034 2
436 1034 1
365 1035 1
465 1035 1
735 1036 1
736 1036 1
737 1036 1
533 1037 2
538 1037 2
439 1038 1
454 1038 1
745 1039 2
819 1039 2
1040 1039 1
745 1040 1
819 1040 1
1039 1040 1
397 1041 1
379 1042 1
386 1042 1
980 1043 1
1045 1043 1
1046 1043 1
1047 1043 1
1048 1043 1
1049 1043 1
79 1044 1
394 1044 1
715 1044 1
980 1045 1
1043 1045 1
1046 1045 1
1047 1045 1
1048 1045 1
1049 1045 1
980 1046 1
1043 1046 1
1045 1046 1
1047 1046 1
1048 1046 1
1049 1046 1
980 1047 1
1043 1047 1
1045 1047 1
1046 1047 1
1048 1047 1
1049 1047 1
1178 1047 1
1179 1047 1
980 1048 1
1043 1048 1
1045 1048 1
1046 1048 1
1047 1048 1
1049 1048 1
980 1049 1
1043 1049 1
1045 1049 1
1046 1049 1
1047 1049 1
1048 1049 1
15 1050 1
346 1050 2
695 1050 1
64 1051 1
98 1051 2
123 1051 1
143 1051 1
151 1051 2
162 1051 1
350 1051 2
485 1051 2
624 1051 1
677 1051 1
785 1051 1
816 1051 2
981 1051 1
1102 1051 1
1222 1051 1
1261 1051 1
1312 1051 1
1313 1051 1
1053 1052 1
1052 1053 1
309 1054 1
749 1054 1
795 1054 1
813 1054 1
440 1055 1
833 1056 1
1057 1056 1
833 1057 1
1056 1057 1
655 1058 1
656 1058 1
734 1058 1
816 1058 3
1059 1058 1
1263 1058 1
1264 1058 1
1265 1058 1
1396 1058 1
580 1059 1
655 1059 1
656 1059 1
734 1059 1
816 1059 1
818 1059 1
1058 1059 1
1383 1059 1
482 1060 1
214 1061 1
317 1061 1
339 1061 1
504 1061 1
670 1061 1
1062 1061 1
214 1062 1
317 1062 1
339 1062 1
504 1062 1
670 1062 1
1061 1062 1
415 1063 1
380 1064 1
1065 1064 1
380 1065 1
1064 1065 1
324 1066 1
570 1066 1
265 1067 1
372 1067 1
706 1067 1
1068 1067 1
372 1068 1
1067 1068 1
1070 1069 1
1069 1070 1
762 1071 1
1072 1071 1
762 1072 1
1071 1072 1
94 1073 1
483 1073 1
397 1074 1
407 1074 1
672 1075 1
400 1076 1
401 1076 1
402 1076 1
142 1077 1
1078 1077 1
142 1078 1
1077 1078 1
657 1079 1
757 1079 1
793 1079 1
205 1080 1
373 1080 1
197 1081 1
430 1081 1
319 1082 1
309 1083 1
756 1083 1
1084 1083 1
309 1084 1
756 1084 1
1083 1084 1
195 1085 1
256 1085 1
406 1086 1
307 1087 1
391 1087 1
452 1087 1
1089 1088 1
1088 1089 1
577 1090 1
1091 1090 1
1092 1090 1
1093 1090 1
1094 1090 1
577 1091 1
1090 1091 1
1092 1091 1
1093 1091 1
1094 1091 1
577 1092 1
1090 1092 1
1091 1092 1
1093 1092 1
1094 1092 1
577 1093 1
1090 1093 1
1091 1093 1
1092 1093 1
1094 1093 1
577 1094 1
1090 1094 1
1091 1094 1
1092 1094 1
1093 1094 1
78 1095 1
374 1095 1
552 1095 1
99 1096 1
249 1096 1
1097 1096 1
99 1097 1
249 1097 1
1096 1097 1
296 1098 1
882 1098 1
596 1099 1
576 1100 1
76 1101 2
744 1101 2
745 1101 1
1235 1101 1
1236 1101 1
7 1102 1
25 1102 1
39 1102 1
145 1102 1
297 1102 1
314 1102 1
350 1102 1
366 1102 3
453 1102 1
485 1102 2
487 1102 2
491 1102 1
545 1102 2
580 1102 4
785 1102 1
981 1102 1
1051 1102 1
1103 1102 2
1222 1102 1
1249 1102 1
1270 1102 1
1271 1102 1
314 1103 1
366 1103 2
580 1103 2
1102 1103 2
546 1104 1
561 1104 1
256 1105 1
1106 1105 1
256 1106 1
1105 1106 1
356 1107 1
511 1107 1
1108 1107 1
356 1108 1
511 1108 1
1107 1108 1
190 1109 1
198 1109 1
521 1109 1
1110 1109 1
190 1110 2
198 1110 1
521 1110 1
1109 1110 1
1111 1110 1
1112 1110 1
190 1111 1
1110 1111 1
1112 1111 1
190 1112 1
1110 1112 1
1111 1112 1
209 1113 1
424 1113 1
426 1113 1
429 1113 1
450 1113 1
568 1114 2
1161 1114 1
313 1115 1
1116 1115 1
313 1116 2
1115 1116 1
313 1117 1
481 1117 1
543 1117 1
1118 1117 1
1119 1117 1
313 1118 1
481 1118 1
543 1118 1
1117 1118 1
1119 1118 1
313 1119 1
481 1119 1
543 1119 1
1117 1119 1
1118 1119 1
1121 1120 1
1120 1121 1
517 1122 1
63 1123 1
97 1123 1
540 1123 1
632 1123 1
417 1124 1
1125 1124 1
417 1125 1
1124 1125 1
1127 1126 1
1128 1126 1
1129 1126 1
1130 1126 1
1126 1127 1
1128 1127 1
1129 1127 1
1130 1127 1
1126 1128 1
1127 1128 1
1129 1128 1
1130 1128 1
1126 1129 1
1127 1129 1
1128 1129 1
1130 1129 1
1126 1130 1
1127 1130 1
1128 1130 1
1129 1130 1
769 1131 1
1132 1131 1
769 1132 1
1131 1132 1
965 1133 1
1134 1133 1
965 1134 1
1133 1134 1
621 1135 1
1139 1136 1
267 1137 1
685 1137 1
1006 1137 2
1138 1137 2
1237 1137 1
1238 1137 1
267 1138 1
685 1138 1
831 1138 1
1006 1138 3
1137 1138 2
1237 1138 1
1238 1138 2
1390 1138 1
1391 1138 1
1136 1139 1
328 1140 1
287 1141 1
369 1142 1
455 1142 1
882 1142 1
138 1143 2
1144 1143 1
1145 1143 1
138 1144 1
1143 1144 1
1145 1144 1
138 1145 1
1143 1145 1
1144 1145 1
665 1146 1
273 1147 1
194 1148 1
195 1148 1
766 1148 1
126 1149 2
127 1149 1
479 1149 1
489 1149 1
1231 1149 1
1232 1149 1
1233 1149 1
432 1150 1
126 1151 1
127 1151 1
135 1151 1
165 1151 1
259 1151 1
295 1151 1
489 1151 1
499 1152 1
534 1152 1
265 1153 1
569 1154 1
1155 1154 1
569 1155 1
1154 1155 1
22 1156 1
487 1156 1
1157 1156 1
1158 1156 1
22 1157 1
487 1157 1
1156 1157 1
1158 1157 1
22 1158 1
487 1158 1
1156 1158 1
1157 1158 1
410 1159 1
1160 1159 1
410 1160 1
1159 1160 1
568 1161 1
1114 1161 1
656 1162 1
1163 1162 1
1164 1162 1
1165 1162 1
656 1163 1
1162 1163 1
1164 1163 1
1165 1163 1
656 1164 1
1162 1164 1
1163 1164 1
1165 1164 1
656 1165 1
1162 1165 1
1163 1165 1
1164 1165 1
724 1166 1
1167 1166 1
724 1167 1
1166 1167 1
256 1168 1
783 1169 1
204 1170 1
204 1171 1
1172 1171 1
1173 1171 1
1174 1171 1
204 1172 2
1171 1172 1
1173 1172 2
1174 1172 1
204 1173 2
1171 1173 1
1172 1173 2
1174 1173 1
204 1174 1
1171 1174 1
1172 1174 1
1173 1174 1
204 1175 1
270 1176 1
29 1177 1
152 1177 1
765 1177 1
1047 1178 1
1179 1178 1
1047 1179 1
1178 1179 1
126 1180 2
127 1180 1
180 1180 1
467 1180 1
470 1180 1
479 1180 1
706 1180 1
738 1180 1
1224 1180 1
381 1181 1
1182 1181 1
381 1182 1
1181 1182 1
177 1183 1
210 1183 1
499 1183 1
944 1184 1
83 1185 1
84 1185 1
337 1185 1
1187 1186 1
1186 1187 1
414 1188 1
600 1189 1
821 1189 1
1190 1189 1
600 1190 1
821 1190 1
1189 1190 1
384 1191 1
433 1191 1
643 1192 1
76 1193 1
150 1193 1
303 1193 1
481 1193 1
488 1193 1
223 1194 1
372 1194 1
170 1195 1
272 1195 1
801 1195 1
330 1196 1
591 1196 1
1197 1196 1
1198 1196 1
1199 1196 1
330 1197 1
591 1197 1
1196 1197 1
1198 1197 1
1199 1197 1
330 1198 1
591 1198 1
1196 1198 1
1197 1198 1
1199 1198 1
330 1199 1
591 1199 1
1196 1199 1
1197 1199 1
1198 1199 1
383 1200 1
616 1201 1
1202 1201 1
1203 1201 1
616 1202 1
1201 1202 1
1203 1202 1
616 1203 1
1201 1203 1
1202 1203 1
208 1204 1
657 1204 1
755 1204 1
658 1205 1
169 1206 1
397 1206 1
298 1207 1
397 1207 1
451 1207 1
154 1208 1
79 1209 1
394 1209 1
629 1209 1
415 1210 1
1212 1211 1
1211 1212 1
12 1213 1
298 1213 1
330 1213 1
798 1213 1
202 1214 1
391 1214 1
392 1214 1
564 1215 1
565 1215 1
641 1215 1
844 1215 1
108 1216 1
126 1216 1
287 1216 2
316 1216 1
317 1216 1
403 1216 1
1217 1216 1
1218 1216 1
1350 1216 1
1377 1216 1
126 1217 1
316 1217 1
317 1217 1
1216 1217 1
1218 1217 1
126 1218 1
316 1218 1
317 1218 1
1216 1218 1
1217 1218 1
655 1219 1
816 1219 1
1220 1219 1
655 1220 1
816 1220 1
1219 1220 1
22 1221 1
23 1221 1
481 1221 1
622 1221 1
935 1221 1
1222 1221 1
1223 1221 1
22 1222 1
23 1222 1
481 1222 1
485 1222 1
622 1222 1
785 1222 1
935 1222 1
981 1222 1
1051 1222 1
1102 1222 1
1221 1222 1
1223 1222 1
22 1223 1
23 1223 1
481 1223 1
622 1223 1
935 1223 1
1221 1223 1
1222 1223 1
126 1224 1
467 1224 1
479 1224 1
1180 1224 1
136 1225 1
194 1225 1
580 1225 1
60 1226 1
132 1226 1
153 1226 1
378 1226 1
399 1226 1
1277 1226 1
135 1227 1
148 1227 2
835 1227 1
1351 1227 1
1392 1227 1
1393 1227 1
304 1228 1
469 1228 1
1229 1228 1
304 1229 1
469 1229 1
1228 1229 1
655 1230 1
816 1230 3
1283 1230 1
126 1231 2
127 1231 1
148 1231 1
328 1231 1
479 1231 1
869 1231 1
1149 1231 1
1232 1231 1
1233 1231 1
1274 1231 1
126 1232 1
127 1232 1
479 1232 1
1149 1232 1
1231 1232 1
1233 1232 1
126 1233 1
127 1233 1
479 1233 1
1149 1233 1
1231 1233 1
1232 1233 1
126 1234 1
127 1234 1
331 1234 1
470 1234 1
483 1234 1
76 1235 1
744 1235 1
1101 1235 1
1236 1235 1
76 1236 1
744 1236 1
1101 1236 1
1235 1236 1
1006 1237 1
1137 1237 1
1138 1237 1
1238 1237 1
831 1238 1
1006 1238 2
1137 1238 1
1138 1238 2
1237 1238 1
1390 1238 1
1391 1238 1
425 1239 1
426 1239 1
152 1240 1
305 1240 1
365 1240 1
465 1240 1
1241 1240 1
152 1241 1
305 1241 1
365 1241 1
465 1241 1
1240 1241 1
147 1242 1
213 1242 1
263 1242 1
326 1242 1
327 1242 1
547 1242 1
553 1242 1
583 1242 1
845 1242 1
1243 1242 1
1244 1242 1
126 1243 1
147 1243 1
213 1243 1
247 1243 1
263 1243 1
317 1243 1
326 1243 1
327 1243 1
547 1243 1
553 1243 1
583 1243 1
845 1243 1
1242 1243 1
1244 1243 1
1274 1243 1
1310 1243 1
1362 1243 1
1363 1243 1
1364 1243 1
1365 1243 1
147 1244 1
213 1244 1
263 1244 1
326 1244 1
327 1244 1
547 1244 1
553 1244 1
583 1244 1
845 1244 1
1242 1244 1
1243 1244 1
68 1245 1
108 1245 1
151 1245 1
298 1245 1
860 1245 1
11 1246 1
61 1246 1
70 1246 1
88 1246 1
1247 1246 1
11 1247 1
61 1247 1
70 1247 1
88 1247 1
1246 1247 1
108 1248 1
428 1248 1
673 1248 1
700 1248 1
7 1249 2
366 1249 1
491 1249 2
1102 1249 1
26 1250 1
287 1250 1
982 1250 1
1251 1250 1
26 1251 1
287 1251 1
982 1251 1
1250 1251 1
463 1252 1
720 1252 1
770 1252 1
267 1253 1
694 1253 1
1254 1253 1
1255 1253 1
1256 1253 1
267 1254 1
694 1254 1
1253 1254 1
1255 1254 1
1256 1254 1
267 1255 1
694 1255 1
1253 1255 1
1254 1255 1
1256 1255 1
267 1256 1
694 1256 1
1253 1256 1
1254 1256 1
1255 1256 1
117 1257 1
127 1257 1
320 1258 1
464 1258 1
838 1258 1
58 1259 1
101 1259 1
126 1260 1
136 1260 1
446 1260 1
472 1260 1
98 1261 1
123 1261 1
143 1261 1
151 1261 1
162 1261 1
287 1261 1
470 1261 1
1051 1261 1
1312 1261 1
1313 1261 1
29 1262 2
108 1262 1
428 1262 1
524 1262 2
816 1263 1
1058 1263 1
1264 1263 1
1265 1263 1
816 1264 1
1058 1264 1
1263 1264 1
1265 1264 1
816 1265 1
1058 1265 1
1263 1265 1
1264 1265 1
136 1266 1
297 1266 1
368 1266 1
457 1266 1
785 1266 1
839 1266 1
1267 1266 1
136 1267 1
297 1267 1
368 1267 1
457 1267 1
839 1267 1
1266 1267 1
8 1268 1
279 1268 1
282 1268 1
287 1268 1
466 1268 1
467 1268 1
1361 1268 1
113 1269 1
192 1269 1
261 1269 1
297 1270 1
350 1270 1
485 1270 1
1102 1270 1
39 1271 1
145 1271 1
453 1271 1
1102 1271 1
76 1272 1
1273 1272 1
76 1273 1
1272 1273 1
126 1274 2
148 1274 1
247 1274 1
317 1274 1
328 1274 1
869 1274 1
1231 1274 1
1243 1274 1
1310 1274 1
1362 1274 1
1363 1274 1
1364 1274 1
1365 1274 1
216 1275 1
328 1275 2
1276 1275 1
1280 1275 1
1434 1275 1
216 1276 1
328 1276 1
1275 1276 1
60 1277 1
132 1277 1
399 1277 1
1226 1277 1
74 1278 1
171 1278 1
329 1278 1
1279 1278 1
74 1279 1
171 1279 1
329 1279 1
1278 1279 1
188 1280 1
328 1280 2
1275 1280 1
1281 1280 1
1282 1280 1
1434 1280 1
188 1281 1
328 1281 1
1280 1281 1
1282 1281 1
188 1282 1
328 1282 2
1280 1282 1
1281 1282 1
1394 1282 1
816 1283 2
1230 1283 1
1423 1283 1
156 1284 1
160 1284 1
412 1284 1
867 1284 1
475 1285 1
702 1285 1
706 1285 2
1286 1285 1
1349 1285 1
475 1286 1
706 1286 1
1285 1286 1
54 1287 1
76 1287 1
1288 1287 1
1289 1287 1
1290 1287 1
1291 1287 1
1292 1287 1
54 1288 1
76 1288 1
1287 1288 1
1289 1288 1
1290 1288 1
1291 1288 1
1292 1288 1
54 1289 2
76 1289 2
1287 1289 1
1288 1289 1
1290 1289 1
1291 1289 1
1292 1289 2
1398 1289 1
1399 1289 1
1400 1289 1
1401 1289 1
54 1290 1
76 1290 1
1287 1290 1
1288 1290 1
1289 1290 1
1291 1290 1
1292 1290 1
54 1291 1
76 1291 1
1287 1291 1
1288 1291 1
1289 1291 1
1290 1291 1
1292 1291 1
54 1292 2
76 1292 2
1287 1292 1
1288 1292 1
1289 1292 2
1290 1292 1
1291 1292 1
1398 1292 1
1399 1292 1
1400 1292 1
1401 1292 1
140 1293 1
141 1293 1
566 1293 1
869 1293 1
1294 1293 1
1295 1293 1
1296 1293 1
140 1294 1
141 1294 1
566 1294 1
869 1294 1
1293 1294 1
1295 1294 1
1296 1294 1
140 1295 1
141 1295 1
566 1295 1
869 1295 1
1293 1295 1
1294 1295 1
1296 1295 1
140 1296 1
141 1296 1
566 1296 1
869 1296 1
1293 1296 1
1294 1296 1
1295 1296 1
192 1297 1
217 1297 1
308 1297 1
544 1297 1
320 1298 1
464 1298 1
850 1298 1
1299 1298 1
320 1299 1
464 1299 1
850 1299 1
1298 1299 1
1301 1300 1
1302 1300 1
1300 1301 1
1302 1301 1
1300 1302 1
1301 1302 1
1304 1303 1
1305 1303 1
1306 1303 1
1307 1303 1
1303 1304 1
1305 1304 1
1306 1304 1
1307 1304 1
1303 1305 1
1304 1305 1
1306 1305 1
1307 1305 1
1409 1305 1
1410 1305 1
1411 1305 1
1303 1306 1
1304 1306 1
1305 1306 1
1307 1306 1
1303 1307 1
1304 1307 1
1305 1307 1
1306 1307 1
685 1308 1
29 1309 1
180 1309 1
502 1309 1
126 1310 2
127 1310 1
247 1310 1
259 1310 1
317 1310 1
1243 1310 1
1274 1310 1
1362 1310 1
1363 1310 1
1364 1310 1
1365 1310 1
136 1311 1
225 1311 1
446 1311 2
472 1311 2
1437 1311 1
98 1312 1
123 1312 1
143 1312 1
151 1312 1
162 1312 1
1051 1312 1
1261 1312 1
1313 1312 1
98 1313 2
123 1313 1
143 1313 1
151 1313 2
162 1313 2
277 1313 1
842 1313 1
981 1313 1
1051 1313 1
1261 1313 1
1312 1313 1
1402 1313 1
200 1314 1
297 1314 1
350 1314 1
485 1314 1
1316 1315 1
1315 1316 1
100 1317 1
108 1317 2
145 1317 2
161 1317 2
715 1317 2
779 1317 2
931 1317 1
1367 1317 1
91 1318 1
148 1318 1
1319 1318 1
1320 1318 1
91 1319 1
148 1319 1
1318 1319 1
1320 1319 1
91 1320 1
148 1320 1
1318 1320 1
1319 1320 1
106 1321 1
112 1321 1
450 1321 1
523 1321 1
796 1321 1
801 1321 1
807 1321 1
820 1321 1
825 1322 1
808 1323 1
1324 1323 1
1325 1323 1
1326 1323 1
1327 1323 1
808 1324 1
1323 1324 1
1325 1324 1
1326 1324 1
1327 1324 1
808 1325 1
1323 1325 1
1324 1325 1
1326 1325 1
1327 1325 1
808 1326 1
1323 1326 1
1324 1326 1
1325 1326 1
1327 1326 1
808 1327 1
1323 1327 1
1324 1327 1
1325 1327 1
1326 1327 1
1329 1328 1
1330 1328 1
1331 1328 1
1328 1329 1
1330 1329 1
1331 1329 1
1328 1330 1
1329 1330 1
1331 1330 1
1328 1331 1
1329 1331 1
1330 1331 1
549 1332 1
1333 1332 1
549 1333 1
1332 1333 1
216 1334 1
328 1334 1
221 1335 1
500 1335 1
557 1335 1
669 1335 1
784 1335 1
843 1335 1
359 1336 1
497 1337 1
498 1337 1
551 1337 1
837 1338 1
1339 1338 1
837 1339 1
1338 1339 1
30 1340 1
87 1340 1
103 1340 1
104 1340 1
1341 1340 1
30 1341 1
87 1341 1
103 1341 1
104 1341 1
1340 1341 1
68 1342 1
109 1342 1
145 1342 1
298 1342 1
453 1342 1
849 1342 1
98 1343 1
412 1343 1
765 1343 1
805 1343 1
867 1343 1
1344 1343 1
98 1344 1
412 1344 1
765 1344 1
805 1344 1
867 1344 1
1343 1344 1
207 1345 1
449 1345 1
1346 1345 1
1347 1345 1
207 1346 1
449 1346 1
1345 1346 1
1347 1346 1
207 1347 1
449 1347 1
1345 1347 1
1346 1347 1
816 1348 1
702 1349 1
706 1349 1
1285 1349 1
287 1350 1
403 1350 1
1216 1350 1
1227 1351 1
119 1352 1
163 1352 1
711 1352 1
1353 1352 1
1354 1352 1
1355 1352 1
119 1353 1
163 1353 1
711 1353 1
1352 1353 1
1354 1353 1
1355 1353 1
119 1354 1
163 1354 1
711 1354 1
1352 1354 1
1353 1354 1
1355 1354 1
119 1355 1
163 1355 1
711 1355 1
1352 1355 1
1353 1355 1
1354 1355 1
328 1356 1
405 1356 1
701 1356 1
1358 1357 1
1359 1357 1
1360 1357 1
1357 1358 1
1359 1358 1
1360 1358 1
1357 1359 1
1358 1359 1
1360 1359 1
1357 1360 1
1358 1360 1
1359 1360 1
279 1361 1
287 1361 1
1268 1361 1
126 1362 1
247 1362 1
317 1362 1
1243 1362 1
1274 1362 1
1310 1362 1
1363 1362 1
1364 1362 1
1365 1362 1
126 1363 1
247 1363 1
317 1363 1
1243 1363 1
1274 1363 1
1310 1363 1
1362 1363 1
1364 1363 1
1365 1363 1
126 1364 1
247 1364 1
317 1364 1
1243 1364 1
1274 1364 1
1310 1364 1
1362 1364 1
1363 1364 1
1365 1364 1
126 1365 1
247 1365 1
317 1365 1
1243 1365 1
1274 1365 1
1310 1365 1
1362 1365 1
1363 1365 1
1364 1365 1
35 1366 1
89 1366 1
592 1366 1
108 1367 1
145 1367 1
161 1367 1
715 1367 1
779 1367 1
931 1367 1
1317 1367 1
680 1368 2
870 1368 2
1369 1368 1
1370 1368 2
680 1369 1
870 1369 1
1368 1369 1
1370 1369 1
680 1370 2
870 1370 2
1368 1370 2
1369 1370 1
193 1371 1
95 1372 1
133 1372 1
370 1372 1
913 1372 1
857 1373 1
1374 1373 1
1375 1373 1
1376 1373 1
857 1374 1
1373 1374 1
1375 1374 1
1376 1374 1
857 1375 1
1373 1375 1
1374 1375 1
1376 1375 1
857 1376 1
1373 1376 1
1374 1376 1
1375 1376 1
108 1377 1
287 1377 1
1216 1377 1
416 1378 1
861 1378 1
1379 1378 1
1380 1378 1
416 1379 1
861 1379 1
1378 1379 1
1380 1379 1
416 1380 1
861 1380 1
1378 1380 1
1379 1380 1
67 1381 1
105 1381 1
579 1381 1
806 1381 1
807 1381 1
836 1381 1
1382 1381 1
67 1382 1
105 1382 1
579 1382 1
806 1382 1
807 1382 1
836 1382 1
1381 1382 1
580 1383 1
818 1383 1
1059 1383 1
1385 1384 1
1386 1384 1
1387 1384 1
1388 1384 1
1389 1384 1
1384 1385 1
1386 1385 1
1387 1385 1
1388 1385 1
1389 1385 1
1384 1386 1
1385 1386 1
1387 1386 1
1388 1386 1
1389 1386 1
1384 1387 1
1385 1387 1
1386 1387 1
1388 1387 1
1389 1387 1
1384 1388 1
1385 1388 1
1386 1388 1
1387 1388 1
1389 1388 1
1384 1389 1
1385 1389 1
1386 1389 1
1387 1389 1
1388 1389 1
831 1390 1
1006 1390 1
1138 1390 1
1238 1390 1
1391 1390 1
831 1391 1
1006 1391 1
1138 1391 1
1238 1391 1
1390 1391 1
135 1392 1
1227 1392 1
1393 1392 1
135 1393 1
1227 1393 1
1392 1393 1
328 1394 1
1282 1394 1
22 1395 1
294 1395 1
481 1395 1
816 1396 1
1058 1396 1
67 1397 1
579 1397 1
806 1397 1
807 1397 1
836 1397 1
54 1398 1
76 1398 1
1289 1398 1
1292 1398 1
1399 1398 1
1400 1398 1
1401 1398 1
54 1399 1
76 1399 1
1289 1399 1
1292 1399 1
1398 1399 1
1400 1399 1
1401 1399 1
54 1400 1
76 1400 1
1289 1400 1
1292 1400 1
1398 1400 1
1399 1400 1
1401 1400 1
54 1401 1
76 1401 1
1289 1401 1
1292 1401 1
1398 1401 1
1399 1401 1
1400 1401 1
98 1402 1
151 1402 1
162 1402 1
277 1402 1
842 1402 1
981 1402 1
1313 1402 1
1404 1403 1
139 1404 1
847 1404 1
1403 1404 1
1438 1404 1
1444 1404 1
782 1405 1
1406 1405 1
782 1406 1
1405 1406 1
53 1407 1
579 1407 1
806 1407 1
807 1407 1
836 1407 1
1408 1407 1
53 1408 1
579 1408 1
806 1408 1
807 1408 1
836 1408 1
1407 1408 1
1305 1409 1
1410 1409 1
1411 1409 1
1305 1410 1
1409 1410 1
1411 1410 1
1305 1411 1
1409 1411 1
1410 1411 1
586 1412 1
846 1412 1
1413 1412 1
1414 1412 1
586 1413 1
846 1413 1
1412 1413 1
1414 1413 1
586 1414 1
846 1414 1
1412 1414 1
1413 1414 1
121 1415 1
1416 1415 1
1417 1415 1
121 1416 1
1415 1416 1
1417 1416 1
121 1417 1
1415 1417 1
1416 1417 1
563 1418 1
77 1419 1
111 1419 1
358 1419 1
450 1419 1
796 1419 1
801 1419 1
1420 1419 1
77 1420 1
111 1420 1
358 1420 1
450 1420 1
796 1420 1
801 1420 1
1419 1420 1
185 1421 1
699 1421 1
1422 1421 1
185 1422 1
699 1422 1
1421 1422 1
816 1423 1
1283 1423 1
34 1424 1
77 1424 1
376 1424 1
815 1424 1
822 1424 1
1425 1424 1
1426 1424 1
34 1425 1
77 1425 1
376 1425 1
815 1425 1
822 1425 1
1424 1425 1
1426 1425 1
34 1426 1
77 1426 1
376 1426 1
815 1426 1
822 1426 1
1424 1426 1
1425 1426 1
330 1427 1
487 1427 1
575 1427 1
289 1428 1
322 1428 1
335 1428 1
338 1428 1
650 1428 1
1429 1428 1
289 1429 1
322 1429 1
335 1429 1
338 1429 1
650 1429 1
1428 1429 1
232 1430 1
464 1430 1
530 1430 1
613 1430 1
804 1430 1
1431 1430 1
1432 1430 1
1433 1430 1
232 1431 1
464 1431 1
530 1431 1
613 1431 1
804 1431 1
1430 1431 1
1432 1431 1
1433 1431 1
232 1432 1
464 1432 1
530 1432 1
613 1432 1
804 1432 1
1430 1432 1
1431 1432 1
1433 1432 1
232 1433 1
464 1433 1
530 1433 1
613 1433 1
804 1433 1
1430 1433 1
1431 1433 1
1432 1433 1
328 1434 1
1275 1434 1
1280 1434 1
1436 1435 1
1435 1436 1
136 1437 1
225 1437 1
446 1437 1
472 1437 1
1311 1437 1
139 1438 1
847 1438 1
1404 1438 1
1440 1439 1
1441 1439 1
1442 1439 1
1443 1439 1
1439 1440 1
1441 1440 1
1442 1440 1
1443 1440 1
1439 1441 1
1440 1441 1
1442 1441 1
1443 1441 1
1439 1442 1
1440 1442 1
1441 1442 1
1443 1442 1
1439 1443 1
1440 1443 1
1441 1443 1
1442 1443 1
1404 1444 1
