3 1 1
4 1 2
5 1 7
6 1 2
32 1 1
54 1 6
94 1 3
146 1 1
147 1 9
179 1 5
248 1 1
455 1 6
456 1 3
494 1 1
550 1 1
985 1 1
986 1 3
1661 1 1
1843 1 1
1844 1 1
148 2 1
1 3 1
4 3 1
5 3 1
6 3 1
550 3 1
1 4 2
3 4 1
5 4 1
6 4 2
494 4 1
550 4 1
1843 4 1
1844 4 1
1 5 7
3 5 1
4 5 1
6 5 1
54 5 1
94 5 1
146 5 1
147 5 5
179 5 3
248 5 1
455 5 1
456 5 2
550 5 1
985 5 1
986 5 1
1 6 2
3 6 1
4 6 2
5 6 1
494 6 1
550 6 1
1843 6 1
1844 6 1
9 7 1
25 7 1
50 7 1
63 7 1
67 7 1
120 7 1
141 7 1
221 7 1
1806 7 1
1807 7 1
461 8 1
637 8 1
638 8 1
7 9 1
25 9 1
63 9 1
169 9 2
207 9 1
221 9 1
247 9 1
822 9 1
1055 9 1
1806 9 1
1807 9 1
92 10 1
121 10 1
1260 10 1
67 11 1
118 11 1
262 11 1
28 12 1
29 12 1
45 12 1
46 12 1
127 12 1
756 12 1
74 13 1
191 13 1
222 13 1
408 13 1
78 14 1
149 14 1
725 14 1
1397 14 1
393 15 1
1216 15 1
1217 15 1
1121 16 1
1129 16 1
18 17 1
698 17 1
699 17 1
17 18 1
698 18 1
699 18 1
109 19 1
151 19 2
152 19 2
447 19 2
448 19 1
564 19 1
565 19 1
826 19 1
827 19 1
1491 19 1
59 20 1
90 20 1
100 20 1
52 21 1
171 21 1
333 21 1
414 21 1
432 21 1
433 21 1
1038 21 1
1356 21 1
1450 21 1
1811 21 1
23 22 11
48 22 1
103 22 3
421 22 2
428 22 1
554 22 2
594 22 1
1132 22 1
1426 22 1
1472 22 1
1474 22 1
1527 22 1
1528 22 1
1595 22 1
1640 22 2
1641 22 1
1743 22 1
1808 22 1
22 23 11
41 23 2
103 23 3
175 23 1
275 23 3
421 23 2
428 23 1
554 23 2
594 23 1
645 23 2
1132 23 1
1426 23 1
1434 23 1
1472 23 1
1474 23 4
1527 23 1
1528 23 1
1595 23 1
1640 23 1
1743 23 1
1808 23 1
91 24 1
156 24 2
1722 24 1
1723 24 1
7 25 1
9 25 1
63 25 1
221 25 1
1806 25 1
1807 25 1
184 26 1
203 26 2
204 26 1
228 26 1
503 26 1
561 26 1
565 26 1
568 26 1
765 26 1
1781 27 1
1782 27 1
1783 27 1
12 28 1
29 28 1
127 28 1
756 28 1
12 29 1
28 29 1
102 29 1
127 29 1
230 29 1
234 29 1
484 29 1
756 29 1
1787 29 1
1825 29 1
1826 29 1
1827 29 1
1828 29 1
33 30 1
180 30 1
257 30 1
271 30 1
345 30 1
369 30 1
409 30 1
627 30 1
628 30 1
629 30 1
630 30 1
631 30 1
632 30 1
633 30 1
634 30 1
635 30 1
636 30 1
48 31 1
83 31 1
335 31 1
1 32 1
179 32 1
30 33 1
180 33 1
257 33 1
271 33 1
345 33 1
369 33 1
409 33 1
627 33 1
628 33 1
629 33 1
630 33 1
631 33 1
632 33 1
633 33 1
634 33 1
635 33 1
636 33 1
41 34 1
67 34 1
141 34 1
153 34 1
533 34 1
534 34 1
1616 34 1
1681 34 1
1700 34 1
1939 34 1
82 35 1
47 36 1
579 36 1
966 36 1
60 37 1
136 37 1
227 37 1
1602 37 1
111 38 1
149 38 1
1792 38 1
457 39 1
1611 39 1
1245 40 1
1246 40 1
23 41 2
34 41 1
80 41 1
153 41 4
246 41 5
276 41 3
303 41 1
337 41 1
376 41 3
377 41 1
379 41 1
381 41 1
382 41 1
411 41 1
462 41 2
516 41 3
540 41 1
593 41 1
645 41 2
655 41 2
957 41 1
1072 41 1
1137 41 1
1138 41 2
1139 41 1
1144 41 2
1197 41 1
1394 41 1
1495 41 1
1616 41 1
1658 41 5
1734 41 1
1823 41 2
1824 41 2
853 42 1
44 43 1
43 44 1
12 45 1
46 45 1
12 46 1
45 46 1
36 47 1
579 47 1
966 47 1
22 48 1
31 48 1
83 48 1
216 48 1
335 48 1
726 48 1
727 48 1
1325 48 1
1640 48 1
1641 48 1
253 49 1
1695 49 1
7 50 1
51 50 2
52 50 1
67 50 2
120 50 1
141 50 1
1526 50 1
50 51 2
52 51 3
67 51 1
1526 51 1
21 52 1
50 52 1
51 52 3
171 52 1
337 52 1
414 52 1
527 52 3
818 52 1
839 52 1
1526 52 1
977 53 1
978 53 1
1 54 6
5 54 1
94 54 3
147 54 3
455 54 3
985 54 1
986 54 3
157 55 1
238 55 1
427 55 1
880 55 1
881 55 1
70 56 1
102 56 1
111 56 3
178 56 1
541 56 1
1151 56 1
1153 56 1
1322 56 1
1428 56 1
1429 56 1
216 57 1
411 57 1
1572 58 1
20 59 1
90 59 1
100 59 1
519 59 3
522 59 1
704 59 1
705 59 1
1585 59 1
1735 59 1
37 60 1
136 60 1
227 60 1
462 60 1
490 60 1
737 60 1
1440 60 1
1488 60 1
1602 60 1
1046 61 1
128 62 1
129 62 1
7 63 1
9 63 1
25 63 1
221 63 1
1806 63 1
1807 63 1
190 64 1
191 64 2
388 64 1
66 65 1
67 65 1
137 65 1
65 66 1
67 66 4
81 66 1
106 66 1
137 66 1
175 66 1
196 66 1
216 66 1
337 66 1
670 66 1
671 66 1
806 66 1
807 66 1
1372 66 1
1487 66 1
7 67 1
11 67 1
34 67 1
50 67 2
51 67 1
65 67 1
66 67 4
111 67 1
118 67 1
120 67 1
137 67 1
141 67 1
159 67 3
170 67 2
175 67 1
206 67 1
226 67 2
262 67 1
337 67 1
395 67 1
423 67 1
424 67 1
425 67 1
426 67 1
436 67 1
445 67 1
473 67 1
488 67 1
489 67 1
500 67 1
502 67 2
508 67 1
526 67 1
533 67 3
534 67 1
601 67 1
670 67 1
671 67 1
771 67 3
806 67 1
807 67 1
863 67 1
864 67 2
1261 67 1
1649 67 2
1700 67 1
69 68 1
203 68 1
1762 68 1
68 69 1
203 69 2
988 69 1
1691 69 1
1692 69 1
1762 69 1
56 70 1
416 70 1
869 70 1
1322 70 1
1628 71 1
1629 71 1
1630 71 1
352 72 1
1063 72 1
717 73 1
718 73 1
13 74 1
191 74 1
222 74 1
408 74 1
411 75 1
1163 75 1
1164 75 1
434 76 1
511 76 1
607 76 1
451 77 1
458 77 1
14 78 1
725 78 1
130 79 1
471 79 1
41 80 1
335 80 2
337 80 3
593 80 1
1262 80 1
1473 80 1
1495 80 1
66 81 1
1372 81 1
35 82 1
31 83 1
48 83 1
335 83 1
85 84 1
86 84 1
217 84 1
220 84 1
562 84 1
84 85 1
86 85 4
99 85 1
217 85 1
220 85 1
246 85 1
498 85 1
502 85 1
562 85 1
1399 85 1
1551 85 1
1552 85 1
1667 85 1
1668 85 1
1699 85 1
84 86 1
85 86 4
217 86 1
220 86 1
246 86 1
502 86 1
562 86 1
1399 86 1
1551 86 1
1552 86 1
1699 86 1
335 87 1
337 87 1
1489 87 1
503 88 1
471 89 1
599 89 1
1368 89 1
20 90 1
59 90 1
100 90 1
24 91 1
1722 91 1
1723 91 1
10 92 1
95 92 1
121 92 4
212 92 3
213 92 2
216 92 2
462 92 1
1094 92 1
1260 92 1
1769 92 1
94 93 1
548 93 1
1 94 3
5 94 1
54 94 3
93 94 1
131 94 1
242 94 1
548 94 1
985 94 1
986 94 3
1809 94 1
1810 94 1
92 95 1
212 95 1
216 95 1
1344 95 1
97 96 1
96 97 1
232 98 1
285 98 1
355 98 1
404 98 1
602 98 1
724 98 1
903 98 1
904 98 1
905 98 1
906 98 1
907 98 1
1772 98 1
85 99 1
1132 99 1
1345 99 1
20 100 1
59 100 1
90 100 1
102 101 1
29 102 1
56 102 1
101 102 1
111 102 1
219 102 1
230 102 3
372 102 4
489 102 1
541 102 4
560 102 1
762 102 1
1067 102 1
1523 102 1
1524 102 2
1525 102 2
1570 102 1
1822 102 1
1834 102 1
22 103 3
23 103 3
1426 103 1
1472 103 1
361 104 1
362 104 1
1499 104 1
1455 105 1
1456 105 1
1457 105 1
66 106 1
1487 106 1
337 107 1
473 107 1
525 107 1
576 107 1
771 107 1
818 107 1
1571 107 1
1486 108 1
19 109 1
182 109 1
300 109 1
380 109 1
447 109 1
448 109 1
582 109 1
826 109 1
827 109 1
1384 109 1
359 110 1
1021 110 1
38 111 1
56 111 3
67 111 1
102 111 1
112 111 1
149 111 1
164 111 1
412 111 1
436 111 1
488 111 1
489 111 1
541 111 1
553 111 1
1151 111 1
1153 111 1
1702 111 1
1792 111 1
111 112 1
164 112 1
553 112 1
1702 112 1
114 113 1
115 113 1
113 114 1
115 114 1
113 115 1
114 115 1
289 116 1
364 116 1
569 116 1
307 117 1
11 118 1
67 118 1
262 118 1
462 119 2
657 119 1
1467 119 1
1468 119 1
1484 119 1
1747 119 1
7 120 1
50 120 1
67 120 1
141 120 1
10 121 1
92 121 4
142 121 1
145 121 1
212 121 3
213 121 2
497 121 1
812 121 1
813 121 1
814 121 1
1094 121 1
1260 121 1
1758 121 1
1759 121 2
1760 121 1
1769 121 1
1789 121 1
1790 121 1
1791 121 1
218 122 1
124 123 1
125 123 1
139 123 1
123 124 1
125 124 1
139 124 1
123 125 1
124 125 1
139 125 1
1147 125 1
136 126 2
510 126 1
524 126 2
525 126 3
1778 126 1
1779 126 1
1883 126 1
1906 126 1
12 127 1
28 127 1
29 127 1
189 127 1
405 127 2
756 127 1
1125 127 1
1126 127 1
1139 127 1
62 128 1
129 128 1
62 129 1
128 129 1
79 130 1
471 130 1
94 131 1
242 131 1
1809 131 1
1810 131 1
392 132 1
1471 132 1
199 133 1
502 133 1
525 133 1
576 133 1
590 133 1
1132 133 1
1460 133 2
1461 133 1
1801 133 1
1802 133 1
1942 133 1
1943 133 1
135 134 1
136 134 1
244 134 1
245 134 1
134 135 1
136 135 1
244 135 1
245 135 1
37 136 1
60 136 1
126 136 2
134 136 1
135 136 1
227 136 1
244 136 1
245 136 1
246 136 1
524 136 2
525 136 1
575 136 1
1602 136 1
1796 136 1
1906 136 1
65 137 1
66 137 1
67 137 1
264 138 1
375 138 1
1073 138 1
1074 138 1
123 139 1
124 139 1
125 139 1
253 140 1
1599 140 1
1600 140 1
7 141 1
34 141 1
50 141 1
67 141 1
120 141 1
259 141 1
413 141 1
444 141 1
465 141 1
521 141 2
761 141 1
771 141 3
1582 141 2
1583 141 1
1584 141 1
1681 141 3
1682 141 1
1683 141 2
1684 141 1
1938 141 1
1939 141 1
121 142 1
1759 142 1
176 143 2
195 143 3
549 143 1
580 143 1
1084 143 1
1085 143 1
1203 143 1
1923 143 1
239 144 1
1079 144 1
1080 144 1
1081 144 1
1082 144 1
121 145 1
1758 145 1
1759 145 1
1760 145 1
1 146 1
5 146 1
147 146 1
456 146 1
1 147 9
5 147 5
54 147 3
146 147 1
179 147 3
248 147 1
455 147 5
456 147 2
2 148 1
14 149 1
38 149 1
111 149 1
1792 149 2
1821 149 1
259 150 1
545 150 1
1679 150 2
1680 150 2
1895 150 1
19 151 2
152 151 2
447 151 1
564 151 1
565 151 1
1491 151 1
19 152 2
151 152 2
447 152 1
564 152 1
565 152 1
1491 152 1
34 153 1
41 153 4
246 153 3
1616 153 1
1658 153 2
155 154 1
1581 154 1
154 155 1
1581 155 1
1797 155 1
1798 155 1
1881 155 1
24 156 2
557 156 1
558 156 1
55 157 1
238 157 1
427 157 1
880 157 1
881 157 1
1812 158 1
1813 158 1
67 159 3
170 159 1
473 159 1
533 159 1
771 159 1
958 160 1
959 160 1
960 160 1
961 160 1
1572 161 1
163 162 2
195 162 2
415 162 1
519 162 2
1485 162 2
1587 162 1
162 163 2
195 163 2
415 163 1
519 163 2
1485 163 2
1587 163 1
111 164 1
112 164 1
553 164 1
1702 164 1
208 165 1
511 165 1
1402 165 1
500 166 2
168 167 2
1442 167 1
1685 167 1
1686 167 1
167 168 2
197 168 1
238 168 1
300 168 1
1442 168 1
1685 168 1
1686 168 2
1705 168 1
1706 168 1
9 169 2
207 169 1
247 169 1
1055 169 1
67 170 2
159 170 1
526 170 1
21 171 1
52 171 1
414 171 1
173 172 1
1427 172 1
172 173 1
1427 173 1
589 174 1
1928 174 1
1929 174 1
1930 174 1
23 175 1
66 175 1
67 175 1
216 175 2
240 175 2
251 175 1
252 175 1
320 175 1
338 175 1
429 175 2
506 175 2
515 175 1
519 175 1
551 175 1
675 175 1
676 175 1
716 175 1
797 175 2
798 175 1
1207 175 1
1434 175 1
1754 175 1
1755 175 1
1756 175 1
1795 175 1
143 176 2
195 176 5
508 176 1
559 176 2
580 176 1
790 176 2
1084 176 1
1085 176 1
1203 176 1
1784 177 1
56 178 1
1 179 5
5 179 3
32 179 1
147 179 3
248 179 1
455 179 2
456 179 2
1661 179 1
30 180 1
33 180 1
257 180 1
271 180 1
345 180 1
369 180 1
409 180 1
627 180 1
628 180 1
629 180 1
630 180 1
631 180 1
632 180 1
633 180 1
634 180 1
635 180 1
636 180 1
233 181 1
1064 181 1
109 182 1
300 182 1
380 182 1
582 182 1
300 183 1
897 183 1
898 183 1
899 183 1
26 184 1
203 184 1
186 185 1
185 186 1
188 187 1
193 187 1
954 187 1
187 188 1
193 188 1
954 188 1
127 189 1
1125 189 1
1126 189 1
64 190 1
191 190 1
388 190 1
13 191 1
64 191 2
74 191 1
190 191 1
222 191 1
262 191 1
329 191 2
330 191 2
388 191 1
408 191 1
544 191 1
964 191 1
1612 191 1
536 192 1
537 192 1
1469 192 1
1727 192 1
187 193 1
188 193 1
954 193 1
324 194 7
466 194 3
1148 194 1
1149 194 1
1291 194 1
1299 194 2
1300 194 2
1301 194 3
1578 194 1
1579 194 1
1642 194 2
1656 194 2
1657 194 2
143 195 3
162 195 2
163 195 2
176 195 5
225 195 1
415 195 1
508 195 1
519 195 4
549 195 2
559 195 2
580 195 1
716 195 1
790 195 2
1084 195 1
1085 195 1
1203 195 1
1485 195 2
1585 195 1
1587 195 1
1923 195 1
66 196 1
216 196 1
168 197 1
238 197 2
300 197 1
360 197 1
583 197 1
199 198 1
1563 198 1
133 199 1
198 199 1
502 199 1
525 199 1
1563 199 1
278 200 1
402 200 1
485 200 1
1687 200 1
237 201 1
1793 201 1
1794 201 1
261 202 1
282 202 1
1805 202 1
26 203 2
68 203 1
69 203 2
184 203 1
204 203 2
228 203 1
503 203 1
577 203 1
739 203 1
740 203 1
988 203 1
1762 203 1
26 204 1
203 204 2
228 204 1
503 204 1
739 204 1
740 204 1
288 205 1
67 206 1
259 206 2
395 206 3
424 206 4
425 206 1
426 206 3
789 206 1
926 206 4
930 206 1
947 206 1
1083 206 1
1179 206 1
1202 206 1
1239 206 2
1348 206 1
1392 206 1
1403 206 1
1636 206 1
1637 206 1
1761 206 1
9 207 1
169 207 1
1055 207 1
165 208 1
511 208 1
1402 208 1
480 209 1
1814 209 1
1815 209 1
259 210 2
374 210 1
780 210 1
537 211 1
1344 211 1
1865 211 1
92 212 3
95 212 1
121 212 3
213 212 1
216 212 1
1769 212 1
1789 212 1
1790 212 1
1791 212 1
92 213 2
121 213 2
212 213 1
1094 213 1
286 214 1
716 214 1
1937 214 1
1266 215 2
1317 215 1
1318 215 1
1319 215 1
48 216 1
57 216 1
66 216 1
92 216 2
95 216 1
175 216 2
196 216 1
212 216 1
411 216 1
462 216 1
472 216 1
473 216 1
499 216 1
515 216 1
797 216 1
1325 216 1
84 217 1
85 217 1
86 217 1
220 217 1
562 217 1
122 218 1
386 218 1
1500 218 1
102 219 1
1525 219 1
84 220 1
85 220 1
86 220 1
217 220 1
562 220 1
7 221 1
9 221 1
25 221 1
63 221 1
1806 221 1
1807 221 1
13 222 1
74 222 1
191 222 1
408 222 1
512 223 1
517 223 1
275 224 1
1474 224 1
1944 224 1
195 225 1
519 225 1
549 225 1
1585 225 1
67 226 2
423 226 1
601 226 1
37 227 1
60 227 1
136 227 1
1602 227 1
26 228 1
203 228 1
204 228 1
503 228 1
391 229 1
811 229 1
1565 229 1
1566 229 1
29 230 1
102 230 3
560 230 1
1742 231 1
1767 231 1
1768 231 1
98 232 1
355 232 1
943 232 1
1650 232 1
1651 232 1
181 233 1
1064 233 1
29 234 1
484 234 1
1787 234 1
1825 234 1
1826 234 1
1827 234 1
1828 234 1
1271 235 1
1846 235 1
1847 235 1
1848 235 1
1849 235 1
1850 235 1
1851 235 1
1852 235 1
1853 235 1
788 236 3
1586 236 1
1638 236 2
1639 236 2
201 237 1
449 237 1
604 237 1
1655 237 1
1793 237 1
1794 237 1
55 238 1
157 238 1
168 238 1
197 238 2
255 238 1
300 238 1
334 238 1
360 238 6
427 238 1
583 238 1
842 238 1
880 238 1
881 238 1
884 238 1
1018 238 1
1019 238 1
1020 238 1
1051 238 1
1101 238 1
1162 238 1
144 239 1
259 239 1
1079 239 2
1080 239 1
1081 239 1
1082 239 1
1257 239 1
1258 239 1
1259 239 2
1263 239 1
1786 239 1
1787 239 1
1788 239 1
175 240 2
320 240 1
429 240 1
506 240 7
574 240 1
1043 240 1
1573 240 1
1574 240 2
1645 240 1
1679 240 2
1701 240 2
1795 240 1
1842 240 1
1920 240 1
1921 240 1
1922 240 1
1933 240 1
400 241 1
835 241 1
1418 241 1
1799 241 1
1800 241 1
94 242 1
131 242 1
1809 242 1
1810 242 1
402 243 1
519 243 1
522 243 1
1770 243 1
134 244 1
135 244 1
136 244 1
245 244 1
134 245 1
135 245 1
136 245 1
244 245 1
41 246 5
85 246 1
86 246 1
136 246 1
153 246 3
377 246 1
575 246 1
1399 246 1
1658 246 3
1796 246 1
1823 246 1
1824 246 1
9 247 1
169 247 1
1 248 1
5 248 1
147 248 1
179 248 1
371 249 1
684 249 1
284 250 1
318 250 1
175 251 1
252 251 1
175 252 1
251 252 1
49 253 1
140 253 1
551 253 2
700 253 1
703 253 1
1599 253 1
1600 253 1
1695 253 1
1438 254 1
1439 254 1
238 255 1
351 255 1
823 255 1
824 255 1
825 255 1
453 256 1
535 256 1
30 257 1
33 257 1
180 257 1
271 257 1
345 257 1
369 257 1
409 257 1
627 257 1
628 257 1
629 257 1
630 257 1
631 257 1
632 257 1
633 257 1
634 257 1
635 257 1
636 257 1
1509 258 2
1510 258 2
1529 258 1
1530 258 1
1531 258 1
141 259 1
150 259 1
206 259 2
210 259 2
239 259 1
374 259 1
444 259 1
545 259 1
546 259 1
605 259 1
743 259 1
780 259 1
926 259 2
1239 259 2
1257 259 1
1258 259 1
1259 259 1
1320 259 1
1321 259 1
1679 259 1
1680 259 1
724 260 1
1128 260 1
1172 260 1
202 261 1
282 261 1
1805 261 1
11 262 1
67 262 1
118 262 1
191 262 1
609 262 1
964 262 1
1598 262 1
1876 262 1
264 263 1
265 263 1
138 264 1
263 264 1
265 264 3
292 264 1
314 264 1
375 264 1
612 264 1
1073 264 1
1074 264 1
263 265 1
264 265 3
292 265 1
314 265 1
612 265 1
541 266 1
796 266 1
336 267 1
337 267 1
269 268 1
661 268 1
268 269 1
661 269 1
1305 270 1
30 271 1
33 271 1
180 271 1
257 271 1
345 271 1
369 271 1
409 271 1
627 271 1
628 271 1
629 271 1
630 271 1
631 271 1
632 271 1
633 271 1
634 271 1
635 271 1
636 271 1
275 272 1
1886 272 1
481 273 1
482 273 1
346 274 1
570 274 1
1553 274 1
23 275 3
224 275 1
272 275 1
492 275 1
557 275 1
1120 275 1
1448 275 1
1474 275 4
1886 275 1
1944 275 1
41 276 3
303 276 1
516 276 2
655 276 2
341 277 1
913 277 1
914 277 1
200 278 1
402 278 1
485 278 1
1687 278 1
394 279 1
1017 279 1
1286 279 1
1445 279 1
281 280 1
280 281 1
202 282 1
261 282 1
1805 282 1
284 283 1
250 284 1
283 284 1
317 284 2
318 284 2
319 284 2
578 284 1
1346 284 1
1347 284 1
1507 284 1
1580 284 1
1703 284 1
98 285 1
602 285 1
1772 285 1
214 286 1
716 286 1
1937 286 1
1398 287 1
205 288 1
332 288 2
543 288 5
556 288 3
678 288 1
1047 288 1
1123 288 1
1601 288 1
116 289 1
313 289 1
364 289 2
440 289 1
441 289 1
469 289 1
569 289 1
760 289 1
1274 289 1
1275 289 1
1276 289 1
1490 289 1
1504 289 1
1505 289 1
389 290 1
418 290 1
1277 290 1
1470 290 1
1745 290 1
1746 290 1
598 291 1
1545 291 1
264 292 1
265 292 1
1924 293 1
1925 293 1
781 294 1
406 295 1
1624 295 1
1625 295 1
323 296 1
681 296 1
1750 297 1
1751 297 1
1752 297 1
1753 297 1
300 298 2
346 298 1
407 298 1
783 298 1
784 298 1
300 299 2
352 299 1
380 299 1
1173 299 1
109 300 1
168 300 1
182 300 1
183 300 1
197 300 1
238 300 1
298 300 2
299 300 2
346 300 1
352 300 1
380 300 2
407 300 1
582 300 1
783 300 1
784 300 1
897 300 1
898 300 1
899 300 1
1173 300 1
1351 300 1
1676 301 1
1677 301 1
321 302 1
622 302 1
728 302 1
1720 302 1
1721 302 1
41 303 1
276 303 1
655 303 1
708 304 1
306 305 1
305 306 1
117 307 1
438 307 1
347 308 1
1535 308 1
1536 308 1
350 309 1
1240 309 1
1241 309 1
1242 309 1
1243 309 1
1244 309 1
1100 310 1
641 311 1
1143 311 1
1665 312 1
289 313 1
1678 313 1
264 314 1
265 314 1
612 314 1
316 315 1
736 315 1
315 316 1
736 316 1
284 317 2
318 317 1
319 317 1
250 318 1
284 318 2
317 318 1
319 318 1
284 319 2
317 319 1
318 319 1
578 319 1
1346 319 1
1347 319 1
175 320 1
240 320 1
506 320 1
302 321 1
390 321 2
728 321 1
1547 321 2
1548 321 2
1549 321 1
617 322 1
618 322 1
619 322 1
620 322 1
621 322 1
296 323 1
681 323 1
194 324 7
466 324 3
541 324 1
1291 324 1
1301 324 1
1578 324 1
1579 324 1
1642 324 2
1656 324 2
1657 324 2
423 325 1
1168 326 3
1785 326 2
741 327 1
742 327 1
695 328 1
191 329 2
330 329 2
191 330 2
329 330 2
452 331 2
815 331 1
816 331 2
1430 331 1
1431 331 1
288 332 2
543 332 2
1123 332 1
21 333 1
361 333 1
415 333 1
435 333 1
1059 333 1
1816 333 1
1817 333 1
1818 333 1
238 334 1
360 334 1
1051 334 1
31 335 1
48 335 1
80 335 2
83 335 1
87 335 1
337 335 7
507 335 1
1262 335 1
1473 335 1
1489 335 1
1501 335 1
1502 335 1
1503 335 1
1704 335 1
1819 335 1
1820 335 1
267 336 1
337 336 2
1762 336 1
41 337 1
52 337 1
66 337 1
67 337 1
80 337 3
87 337 1
107 337 1
267 337 1
335 337 7
336 337 2
429 337 1
430 337 1
507 337 1
576 337 1
593 337 1
670 337 1
671 337 1
817 337 1
818 337 5
839 337 1
1247 337 1
1248 337 1
1262 337 1
1473 337 1
1489 337 1
1495 337 1
1501 337 1
1502 337 1
1503 337 1
1508 337 1
1704 337 1
1762 337 1
1771 337 1
1819 337 1
1820 337 1
175 338 1
797 338 1
798 338 1
410 339 1
946 339 1
1311 339 2
1312 339 1
1400 339 1
1401 339 1
394 340 1
277 341 1
913 341 1
914 341 1
610 342 1
344 343 1
477 343 1
1042 343 1
1043 343 1
343 344 1
477 344 1
1042 344 1
1043 344 1
30 345 1
33 345 1
180 345 1
257 345 1
271 345 1
369 345 1
409 345 1
627 345 1
628 345 1
629 345 1
630 345 1
631 345 1
632 345 1
633 345 1
634 345 1
635 345 1
636 345 1
274 346 1
298 346 1
300 346 1
407 346 1
570 346 1
1113 346 1
1114 346 1
1553 346 1
308 347 1
1535 347 1
1536 347 1
1900 347 1
1901 347 1
1902 347 1
1903 347 1
1904 347 1
1905 347 1
349 348 1
348 349 1
1748 349 1
1749 349 1
309 350 1
1240 350 1
1241 350 1
1242 350 1
1243 350 1
1244 350 1
255 351 1
72 352 1
299 352 1
300 352 1
1063 352 1
1173 352 1
504 353 1
505 353 1
528 353 2
529 353 1
755 353 1
832 353 1
833 353 1
834 353 1
835 353 2
836 353 2
837 353 1
838 353 1
970 353 1
971 353 1
1103 353 1
1104 353 1
1112 353 1
1256 353 1
1295 353 1
1296 353 1
1297 353 1
1298 353 1
1453 353 1
1454 353 1
355 354 1
98 355 1
232 355 1
354 355 1
454 355 1
518 355 1
642 355 1
643 355 1
972 355 1
973 355 1
1066 355 1
1180 355 1
357 356 2
356 357 2
413 357 1
473 357 1
600 357 1
609 357 1
1135 357 1
1136 357 1
923 358 1
924 358 1
925 358 1
110 359 1
1021 359 1
1152 359 1
1841 359 1
197 360 1
238 360 6
334 360 1
368 360 1
509 360 1
583 360 1
711 360 1
842 360 1
884 360 1
912 360 1
1051 360 1
1101 360 1
1162 360 1
1940 360 1
1941 360 1
104 361 1
333 361 1
362 361 1
415 361 1
1059 361 1
1499 361 1
104 362 1
361 362 1
443 362 1
1039 362 1
1499 362 1
1361 363 1
116 364 1
289 364 2
440 364 1
441 364 1
569 364 1
366 365 1
367 365 1
1236 365 1
365 366 1
367 366 1
1236 366 1
365 367 1
366 367 1
1236 367 1
1273 367 1
1537 367 1
1538 367 2
1539 367 1
1540 367 1
1541 367 1
1744 367 1
360 368 1
30 369 1
33 369 1
180 369 1
257 369 1
271 369 1
345 369 1
409 369 1
627 369 1
628 369 1
629 369 1
630 369 1
631 369 1
632 369 1
633 369 1
634 369 1
635 369 1
636 369 1
378 370 1
1909 370 1
249 371 1
102 372 4
489 372 1
541 372 2
1067 372 1
1524 372 1
1570 372 1
1822 372 1
1452 373 1
1726 373 1
210 374 1
259 374 1
138 375 1
264 375 1
1073 375 1
1074 375 1
41 376 3
1072 376 1
41 377 1
246 377 1
370 378 1
1909 378 1
41 379 1
462 379 1
1197 379 1
109 380 1
182 380 1
299 380 1
300 380 2
582 380 1
41 381 1
1394 381 1
41 382 1
384 383 1
385 383 1
981 383 1
1280 383 1
383 384 1
981 384 1
383 385 1
679 385 2
680 385 1
1280 385 1
1287 385 1
1546 385 1
218 386 1
1500 386 1
1150 387 1
64 388 1
190 388 1
191 388 1
290 389 1
418 389 1
940 389 1
941 389 1
942 389 1
1277 389 1
1306 389 1
321 390 2
1547 390 2
1548 390 2
1549 390 1
229 391 1
811 391 1
132 392 1
15 393 1
870 393 1
871 393 1
872 393 1
1216 393 1
1217 393 1
1220 393 1
279 394 1
340 394 1
948 394 1
949 394 1
1286 394 1
67 395 1
206 395 3
424 395 3
425 395 1
426 395 2
789 395 1
1403 395 1
789 396 1
989 396 1
990 396 1
991 396 1
1215 397 1
399 398 1
398 399 1
241 400 1
835 400 1
926 400 1
927 400 1
1418 400 1
1304 401 1
1775 401 1
200 402 1
243 402 1
278 402 1
485 402 1
519 402 3
522 402 1
523 402 1
712 402 1
713 402 1
1262 402 1
1687 402 1
1770 402 1
404 403 2
405 403 2
1323 403 1
98 404 1
403 404 2
405 404 5
724 404 1
831 404 2
1102 404 1
1323 404 1
1324 404 1
127 405 2
403 405 2
404 405 5
769 405 1
770 405 1
831 405 2
1102 405 1
1139 405 1
1323 405 1
1324 405 1
295 406 1
1624 406 1
1625 406 1
298 407 1
300 407 1
346 407 1
13 408 1
74 408 1
191 408 1
222 408 1
30 409 1
33 409 1
180 409 1
257 409 1
271 409 1
345 409 1
369 409 1
627 409 1
628 409 1
629 409 1
630 409 1
631 409 1
632 409 1
633 409 1
634 409 1
635 409 1
636 409 1
763 409 1
339 410 1
1311 410 1
1312 410 1
41 411 1
57 411 1
75 411 1
216 411 1
588 411 1
1163 411 1
1164 411 1
1412 411 1
111 412 1
141 413 1
357 413 1
473 413 1
521 413 1
600 413 1
609 413 1
21 414 1
52 414 1
171 414 1
162 415 1
163 415 1
195 415 1
333 415 1
361 415 1
519 415 1
1059 415 1
1485 415 1
70 416 1
869 416 1
463 417 2
290 418 1
389 418 1
1277 418 1
1288 419 1
1184 420 1
1352 420 1
1353 420 1
22 421 2
23 421 2
423 422 1
601 422 1
67 423 1
226 423 1
325 423 1
422 423 1
541 423 1
584 423 1
601 423 2
611 423 1
915 423 1
953 423 1
955 423 1
956 423 2
1124 423 1
1313 423 2
1341 423 2
1404 423 1
1405 423 1
1443 423 1
67 424 1
206 424 4
395 424 3
425 424 1
426 424 3
789 424 1
1179 424 1
1403 424 1
67 425 1
206 425 1
395 425 1
424 425 1
426 425 1
67 426 1
206 426 3
395 426 2
424 426 3
425 426 1
1179 426 1
1403 426 1
55 427 1
157 427 1
238 427 1
605 427 2
656 427 2
880 427 1
881 427 1
974 427 1
975 427 1
976 427 1
987 427 2
1435 427 1
1436 427 1
1437 427 1
22 428 1
23 428 1
1640 428 1
1808 428 1
175 429 2
240 429 1
337 429 1
430 429 1
506 429 1
1508 429 1
1754 429 1
1755 429 1
1756 429 1
1933 429 1
337 430 1
429 430 1
1508 430 1
1044 431 1
21 432 1
433 432 1
1198 432 1
21 433 1
432 433 1
76 434 1
511 434 1
607 434 1
333 435 1
462 435 2
489 435 1
496 435 1
1493 435 1
1494 435 2
1550 435 1
1816 435 1
1817 435 1
1818 435 1
1893 435 1
1894 435 1
67 436 1
111 436 1
488 436 1
489 436 1
1122 437 1
1379 437 2
1380 437 2
1382 437 1
1383 437 1
307 438 1
668 439 1
1033 439 1
289 440 1
364 440 1
441 440 1
289 441 1
364 441 1
440 441 1
775 442 1
776 442 1
777 442 1
362 443 1
1039 443 1
141 444 1
259 444 1
67 445 1
473 445 1
533 445 1
1040 445 1
1041 445 1
1090 445 1
1261 445 1
1360 445 1
1803 445 1
1804 445 1
1693 446 1
1694 446 1
19 447 2
109 447 1
151 447 1
152 447 1
448 447 1
826 447 1
827 447 1
1491 447 1
19 448 1
109 448 1
447 448 1
826 448 1
827 448 1
237 449 1
604 449 1
1655 449 1
992 450 2
77 451 1
458 451 1
331 452 2
486 452 1
815 452 1
816 452 2
969 452 1
1621 452 1
1622 452 1
256 453 1
535 453 1
355 454 1
972 454 1
973 454 1
1 455 6
5 455 1
54 455 3
147 455 5
179 455 2
456 455 2
1661 455 1
1 456 3
5 456 2
146 456 1
147 456 2
179 456 2
455 456 2
1661 456 1
39 457 1
1611 457 1
77 458 1
451 458 1
460 459 2
544 459 1
1376 459 1
1377 459 1
459 460 2
1376 460 1
1377 460 1
8 461 1
637 461 1
638 461 1
41 462 2
60 462 1
92 462 1
119 462 2
216 462 1
379 462 1
435 462 2
496 462 1
737 462 1
746 462 1
747 462 1
787 462 1
1197 462 1
1484 462 1
1493 462 1
1494 462 1
1550 462 1
1658 462 1
1734 462 1
1747 462 1
1872 462 1
417 463 2
1417 464 1
1725 464 1
141 465 1
194 466 3
324 466 3
1642 466 2
468 467 1
479 467 1
1492 467 1
467 468 1
479 468 1
1492 468 1
289 469 1
760 469 1
723 470 1
724 470 1
1127 470 1
1128 470 1
79 471 1
89 471 1
130 471 1
599 471 1
1368 471 1
216 472 1
473 472 1
499 472 1
67 473 1
107 473 1
159 473 1
216 473 1
357 473 1
413 473 1
445 473 1
472 473 1
499 473 1
525 473 2
600 473 1
609 473 1
614 473 2
771 473 6
993 473 1
1089 473 1
1090 473 2
1444 473 1
1506 473 1
1571 473 1
1631 473 1
1803 473 1
1804 473 1
475 474 1
476 474 1
474 475 1
476 475 1
474 476 1
475 476 1
343 477 1
344 477 1
1031 477 1
1042 477 1
1043 477 1
1724 478 1
467 479 1
468 479 1
1492 479 1
209 480 1
1646 480 1
1814 480 1
1815 480 1
273 481 1
482 481 1
273 482 1
481 482 1
603 483 1
706 483 1
29 484 1
234 484 1
1787 484 1
1825 484 1
1826 484 1
1827 484 1
1828 484 1
200 485 1
278 485 1
402 485 1
1687 485 1
452 486 1
487 486 1
969 486 1
1621 486 1
1622 486 1
486 487 1
67 488 1
111 488 1
436 488 1
489 488 1
67 489 1
102 489 1
111 489 1
372 489 1
435 489 1
436 489 1
488 489 1
1494 489 1
1524 489 1
1570 489 1
1893 489 1
1894 489 1
60 490 1
1440 490 1
1032 491 1
1033 491 1
275 492 1
677 493 1
1204 493 1
1 494 1
4 494 1
6 494 1
1843 494 1
1844 494 1
538 495 1
539 495 1
435 496 1
462 496 1
1493 496 1
1494 496 1
121 497 1
812 497 1
813 497 1
814 497 1
85 498 1
1667 498 1
1668 498 1
216 499 1
472 499 1
473 499 1
67 500 1
166 500 2
502 500 1
863 500 1
1649 500 1
1132 501 1
1765 501 1
67 502 2
85 502 1
86 502 1
133 502 1
199 502 1
500 502 1
525 502 1
771 502 1
863 502 3
864 502 1
1649 502 4
1699 502 1
1708 502 2
1709 502 1
1710 502 2
1711 502 2
26 503 1
88 503 1
203 503 1
204 503 1
228 503 1
353 504 1
505 504 1
528 504 1
353 505 1
504 505 1
528 505 1
175 506 2
240 506 7
320 506 1
429 506 1
1573 506 1
1574 506 2
1679 506 2
1701 506 2
1795 506 1
1842 506 1
1920 506 1
1921 506 1
1922 506 1
1933 506 1
335 507 1
337 507 1
1704 507 1
67 508 1
176 508 1
195 508 1
559 508 1
360 509 1
126 510 1
525 510 2
1773 510 1
1774 510 1
1778 510 1
1779 510 1
76 511 1
165 511 1
208 511 1
434 511 1
607 511 1
1402 511 2
223 512 1
517 512 1
1757 513 1
672 514 1
673 514 1
674 514 1
175 515 1
216 515 1
41 516 3
276 516 2
655 516 1
771 516 1
223 517 1
512 517 1
355 518 1
1066 518 1
59 519 3
162 519 2
163 519 2
175 519 1
195 519 4
225 519 1
243 519 1
402 519 3
415 519 1
522 519 2
523 519 1
549 519 1
704 519 1
705 519 1
712 519 1
713 519 1
716 519 2
1262 519 1
1485 519 2
1585 519 2
1587 519 1
1735 519 1
1770 519 1
1458 520 1
1459 520 1
141 521 2
413 521 1
59 522 1
243 522 1
402 522 1
519 522 2
1735 522 1
1770 522 1
402 523 1
519 523 1
1262 523 1
126 524 2
136 524 2
525 524 1
1906 524 1
107 525 1
126 525 3
133 525 1
136 525 1
199 525 1
473 525 2
502 525 1
510 525 2
524 525 1
658 525 1
659 525 1
660 525 1
737 525 1
771 525 2
1506 525 1
1571 525 1
1773 525 1
1774 525 1
1778 525 1
1779 525 1
1883 525 1
1906 525 2
1907 525 1
1908 525 1
67 526 1
170 526 1
52 527 3
353 528 2
504 528 1
505 528 1
529 528 1
353 529 1
528 529 1
793 530 1
794 530 1
795 530 1
532 531 1
531 532 1
662 532 1
663 532 2
664 532 1
1315 532 1
1316 532 1
34 533 1
67 533 3
159 533 1
445 533 1
534 533 1
1261 533 1
1700 533 1
34 534 1
67 534 1
533 534 1
1700 534 1
256 535 1
453 535 1
192 536 1
537 536 1
1727 536 1
192 537 1
211 537 1
536 537 1
1344 537 1
1727 537 1
1865 537 1
495 538 1
539 538 2
1596 538 1
1597 538 1
495 539 1
538 539 2
1596 539 1
1597 539 1
41 540 1
957 540 1
56 541 1
102 541 4
111 541 1
266 541 1
324 541 1
372 541 2
423 541 1
762 541 1
796 541 1
1067 541 1
1443 541 1
1780 542 1
288 543 5
332 543 2
556 543 2
1047 543 1
1123 543 1
1601 543 1
191 544 1
459 544 1
1612 544 1
150 545 1
259 545 1
1679 545 1
1680 545 1
259 546 1
743 546 1
734 547 1
735 547 1
93 548 1
94 548 1
143 549 1
195 549 2
225 549 1
519 549 1
1585 549 1
1923 549 1
1 550 1
3 550 1
4 550 1
5 550 1
6 550 1
175 551 1
253 551 2
700 551 1
703 551 1
1207 551 1
804 552 1
805 552 1
111 553 1
112 553 1
164 553 1
1702 553 1
22 554 2
23 554 2
1474 554 1
1595 554 1
1161 555 1
288 556 3
543 556 2
678 556 1
1047 556 1
156 557 1
275 557 1
558 557 1
1120 557 3
1448 557 1
1623 557 2
1707 557 1
156 558 1
557 558 1
176 559 2
195 559 2
508 559 1
790 559 1
102 560 1
230 560 1
26 561 1
765 561 1
84 562 1
85 562 1
86 562 1
217 562 1
220 562 1
565 563 1
581 563 1
19 564 1
151 564 1
152 564 1
565 564 1
19 565 1
26 565 1
151 565 1
152 565 1
563 565 1
564 565 1
568 565 1
581 565 1
848 566 2
849 566 1
1033 567 1
1564 567 1
26 568 1
565 568 1
116 569 1
289 569 1
364 569 1
274 570 1
346 570 1
1553 570 1
572 571 2
892 571 1
571 572 2
892 572 1
1345 573 1
1662 573 1
1663 573 1
1664 573 1
240 574 1
1043 574 1
1645 574 1
136 575 1
246 575 1
1796 575 1
107 576 1
133 576 1
337 576 1
590 576 1
818 576 1
1942 576 1
1943 576 1
203 577 1
284 578 1
319 578 1
1346 578 1
1347 578 1
36 579 1
47 579 1
966 579 1
143 580 1
176 580 1
195 580 1
1203 580 1
563 581 1
565 581 1
109 582 1
182 582 1
300 582 1
380 582 1
197 583 1
238 583 1
360 583 1
423 584 1
935 585 1
936 585 1
587 586 1
608 586 1
1118 586 1
1119 586 1
1120 586 2
1366 586 1
586 587 1
608 587 1
1120 587 1
1366 587 1
411 588 1
174 589 1
1928 589 1
1929 589 1
1930 589 1
133 590 1
576 590 1
1942 590 1
1943 590 1
592 591 1
591 592 1
41 593 1
80 593 1
337 593 1
1495 593 1
22 594 1
23 594 1
1132 594 1
1231 595 1
1232 595 1
1233 595 1
1234 595 1
1235 595 1
597 596 1
596 597 1
291 598 1
1545 598 1
89 599 1
471 599 1
1368 599 1
357 600 1
413 600 1
473 600 1
609 600 1
67 601 1
226 601 1
422 601 1
423 601 2
98 602 1
285 602 1
1772 602 1
483 603 1
706 603 1
237 604 1
449 604 1
1655 604 1
259 605 1
427 605 2
1320 605 1
1321 605 1
1542 605 1
1543 605 1
1544 605 1
729 606 1
730 606 1
731 606 1
76 607 1
434 607 1
511 607 1
586 608 1
587 608 1
1120 608 1
1366 608 1
262 609 1
357 609 1
413 609 1
473 609 1
600 609 1
1598 609 1
342 610 1
423 611 1
264 612 1
265 612 1
314 612 1
614 613 2
993 613 1
1159 613 1
1160 613 1
473 614 2
613 614 2
771 614 2
993 614 4
994 614 1
1159 614 1
1160 614 1
1313 614 1
1314 614 1
1413 614 1
1414 614 1
1415 614 1
1444 614 1
616 615 1
615 616 1
322 617 1
618 617 1
619 617 1
322 618 1
617 618 1
619 618 1
322 619 1
617 619 1
618 619 1
322 620 1
621 620 1
322 621 1
620 621 1
302 622 1
624 623 1
625 623 1
626 623 1
623 624 1
625 624 1
626 624 1
623 625 1
624 625 1
626 625 1
623 626 1
624 626 1
625 626 1
30 627 1
33 627 1
180 627 1
257 627 1
271 627 1
345 627 1
369 627 1
409 627 1
628 627 1
629 627 1
630 627 1
631 627 1
632 627 1
633 627 1
634 627 1
635 627 1
636 627 1
30 628 1
33 628 1
180 628 1
257 628 1
271 628 1
345 628 1
369 628 1
409 628 1
627 628 1
629 628 1
630 628 1
631 628 1
632 628 1
633 628 1
634 628 1
635 628 1
636 628 1
30 629 1
33 629 1
180 629 1
257 629 1
271 629 1
345 629 1
369 629 1
409 629 1
627 629 1
628 629 1
630 629 1
631 629 2
632 629 1
633 629 1
634 629 1
635 629 1
636 629 1
900 629 1
901 629 1
902 629 1
908 629 1
30 630 1
33 630 1
180 630 1
257 630 1
271 630 1
345 630 1
369 630 1
409 630 1
627 630 1
628 630 1
629 630 1
631 630 1
632 630 1
633 630 1
634 630 1
635 630 1
636 630 1
30 631 1
33 631 1
180 631 1
257 631 1
271 631 1
345 631 1
369 631 1
409 631 1
627 631 1
628 631 1
629 631 2
630 631 1
632 631 1
633 631 1
634 631 1
635 631 1
636 631 1
900 631 1
901 631 1
902 631 1
30 632 1
33 632 1
180 632 1
257 632 1
271 632 1
345 632 1
369 632 1
409 632 1
627 632 1
628 632 1
629 632 1
630 632 1
631 632 1
633 632 1
634 632 1
635 632 1
636 632 1
30 633 1
33 633 1
180 633 1
257 633 1
271 633 1
345 633 1
369 633 1
409 633 1
627 633 1
628 633 1
629 633 1
630 633 1
631 633 1
632 633 1
634 633 1
635 633 1
636 633 1
30 634 1
33 634 1
180 634 1
257 634 1
271 634 1
345 634 1
369 634 1
409 634 1
627 634 1
628 634 1
629 634 1
630 634 1
631 634 1
632 634 1
633 634 1
635 634 1
636 634 1
30 635 1
33 635 1
180 635 1
257 635 1
271 635 1
345 635 1
369 635 1
409 635 1
627 635 1
628 635 1
629 635 1
630 635 1
631 635 1
632 635 1
633 635 1
634 635 1
636 635 1
30 636 1
33 636 1
180 636 1
257 636 1
271 636 1
345 636 1
369 636 1
409 636 1
627 636 1
628 636 1
629 636 1
630 636 1
631 636 1
632 636 1
633 636 1
634 636 1
635 636 1
8 637 1
461 637 1
638 637 1
8 638 1
461 638 1
637 638 1
640 639 1
639 640 1
311 641 1
355 642 1
643 642 1
355 643 1
642 643 1
707 644 2
788 644 1
23 645 2
41 645 2
647 646 1
646 647 1
652 648 1
653 648 1
654 648 1
650 649 1
651 649 1
649 650 1
651 650 1
649 651 1
650 651 1
1045 651 1
1061 651 1
1062 651 1
1065 651 1
1918 651 1
1919 651 1
648 652 1
653 652 1
654 652 1
648 653 1
652 653 1
654 653 1
648 654 1
652 654 1
653 654 1
41 655 2
276 655 2
303 655 1
516 655 1
427 656 2
119 657 1
525 658 1
659 658 1
660 658 1
525 659 1
658 659 1
660 659 1
525 660 1
658 660 1
659 660 1
268 661 1
269 661 1
532 662 1
663 662 1
664 662 1
532 663 2
662 663 1
664 663 1
532 664 1
662 664 1
663 664 1
666 665 1
667 665 1
665 666 1
667 666 1
665 667 1
666 667 1
439 668 1
950 669 1
951 669 1
952 669 1
66 670 1
67 670 1
337 670 1
671 670 1
66 671 1
67 671 1
337 671 1
670 671 1
514 672 1
673 672 1
674 672 1
514 673 1
672 673 1
674 673 1
514 674 1
672 674 1
673 674 1
175 675 1
676 675 1
175 676 1
675 676 1
493 677 1
288 678 1
556 678 1
385 679 2
680 679 1
1546 679 2
1885 679 1
385 680 1
679 680 1
296 681 1
323 681 1
683 682 1
682 683 1
249 684 1
686 685 2
687 685 1
693 685 1
694 685 1
685 686 2
687 686 1
693 686 1
694 686 1
685 687 1
686 687 1
689 688 1
690 688 1
691 688 1
692 688 1
688 689 1
690 689 1
691 689 1
692 689 1
688 690 1
689 690 1
691 690 2
692 690 2
1270 690 1
688 691 1
689 691 1
690 691 2
692 691 2
1270 691 1
688 692 1
689 692 1
690 692 2
691 692 2
1270 692 1
685 693 1
686 693 1
694 693 1
685 694 1
686 694 1
693 694 1
328 695 1
697 696 1
696 697 1
17 698 1
18 698 1
699 698 1
17 699 1
18 699 1
698 699 1
1281 699 1
1282 699 1
1283 699 1
1284 699 1
1285 699 1
253 700 1
551 700 1
702 701 1
701 702 1
253 703 1
551 703 1
59 704 1
519 704 1
705 704 1
59 705 1
519 705 1
704 705 1
483 706 1
603 706 1
644 707 2
304 708 1
710 709 1
711 709 1
709 710 1
711 710 3
1385 710 1
1387 710 1
1388 710 1
360 711 1
709 711 1
710 711 3
912 711 1
1385 711 1
1387 711 1
1388 711 1
402 712 1
519 712 1
713 712 1
402 713 1
519 713 1
712 713 1
715 714 1
714 715 1
175 716 1
195 716 1
214 716 1
286 716 1
519 716 2
1937 716 1
73 717 1
718 717 1
73 718 1
717 718 1
720 719 1
721 719 1
722 719 1
719 720 1
721 720 1
722 720 1
719 721 1
720 721 1
722 721 1
719 722 1
720 722 1
721 722 1
470 723 1
724 723 1
98 724 1
260 724 1
404 724 1
470 724 1
723 724 1
1172 724 1
14 725 1
78 725 1
48 726 1
727 726 1
48 727 1
726 727 1
302 728 1
321 728 1
606 729 1
730 729 1
731 729 1
606 730 1
729 730 1
731 730 1
606 731 1
729 731 1
730 731 1
733 732 1
732 733 1
547 734 1
735 734 1
547 735 1
734 735 1
315 736 1
316 736 1
60 737 1
462 737 1
525 737 1
738 737 1
737 738 1
203 739 1
204 739 1
740 739 1
203 740 1
204 740 1
739 740 1
327 741 1
742 741 1
327 742 1
741 742 1
259 743 1
546 743 1
745 744 1
753 744 1
754 744 1
744 745 1
462 746 1
747 746 1
462 747 1
746 747 1
749 748 1
1092 748 1
748 749 1
751 750 1
750 751 1
937 752 1
938 752 1
939 752 1
744 753 1
754 753 1
744 754 1
753 754 1
353 755 1
12 756 1
28 756 1
29 756 1
127 756 1
758 757 1
759 757 1
761 757 1
757 758 1
759 758 1
757 759 1
758 759 1
289 760 1
469 760 1
141 761 1
757 761 1
771 761 1
1582 761 1
102 762 1
541 762 1
409 763 1
782 764 1
26 765 1
561 765 1
767 766 1
768 766 1
766 767 1
768 767 1
766 768 1
767 768 1
405 769 1
770 769 1
405 770 1
769 770 1
67 771 3
107 771 1
141 771 3
159 771 1
473 771 6
502 771 1
516 771 1
525 771 2
614 771 2
761 771 1
861 771 1
862 771 1
863 771 1
864 771 3
865 771 1
993 771 1
1444 771 1
1506 771 1
1571 771 1
1582 771 2
1583 771 1
1584 771 1
1631 771 1
1649 771 1
1938 771 1
773 772 1
774 772 1
772 773 1
774 773 1
772 774 1
773 774 1
442 775 1
776 775 1
777 775 1
442 776 1
775 776 1
777 776 1
442 777 1
775 777 1
776 777 1
779 778 1
778 779 1
210 780 1
259 780 1
294 781 1
764 782 1
298 783 1
300 783 1
784 783 1
298 784 1
300 784 1
783 784 1
1022 784 1
1023 784 1
1441 784 1
786 785 1
785 786 1
462 787 1
236 788 3
644 788 1
1586 788 1
1638 788 2
1639 788 2
206 789 1
395 789 1
396 789 1
424 789 1
989 789 1
990 789 1
991 789 1
176 790 2
195 790 2
559 790 1
792 791 1
1201 791 1
1554 791 1
1555 791 1
791 792 1
530 793 1
794 793 1
795 793 1
530 794 1
793 794 1
795 794 1
530 795 1
793 795 1
794 795 1
266 796 1
541 796 1
175 797 2
216 797 1
338 797 1
798 797 1
175 798 1
338 798 1
797 798 1
800 799 1
801 799 1
799 800 1
801 800 1
799 801 1
800 801 1
803 802 1
802 803 1
552 804 1
805 804 1
552 805 1
804 805 1
66 806 1
67 806 1
807 806 1
66 807 1
67 807 1
806 807 1
809 808 1
810 808 1
808 809 1
810 809 1
808 810 1
809 810 1
229 811 1
391 811 1
121 812 1
497 812 1
813 812 1
814 812 1
121 813 1
497 813 1
812 813 1
814 813 1
121 814 1
497 814 1
812 814 1
813 814 1
331 815 1
452 815 1
816 815 1
331 816 2
452 816 2
815 816 1
337 817 1
818 817 1
52 818 1
107 818 1
337 818 5
576 818 1
817 818 1
839 818 1
1247 818 1
1248 818 1
1771 818 1
820 819 1
821 819 1
819 820 1
821 820 1
819 821 1
820 821 1
9 822 1
255 823 1
824 823 1
825 823 1
255 824 1
823 824 1
825 824 1
255 825 1
823 825 1
824 825 1
19 826 1
109 826 1
447 826 1
448 826 1
827 826 1
19 827 1
109 827 1
447 827 1
448 827 1
826 827 1
829 828 1
830 828 1
828 829 1
830 829 1
828 830 1
829 830 1
404 831 2
405 831 2
1324 831 1
353 832 1
833 832 1
834 832 1
353 833 1
832 833 1
834 833 1
353 834 1
832 834 1
833 834 1
241 835 1
353 835 2
400 835 1
836 835 1
837 835 1
838 835 1
1418 835 1
353 836 2
835 836 1
1295 836 1
1296 836 1
1297 836 1
1298 836 1
353 837 1
835 837 1
838 837 1
353 838 1
835 838 1
837 838 1
52 839 1
337 839 1
818 839 1
841 840 1
840 841 1
238 842 1
360 842 1
844 843 1
845 843 1
846 843 1
847 843 1
843 844 1
845 844 1
846 844 1
847 844 1
843 845 1
844 845 1
846 845 1
847 845 1
843 846 1
844 846 1
845 846 1
847 846 1
843 847 1
844 847 1
845 847 1
846 847 1
566 848 2
849 848 1
566 849 1
848 849 1
851 850 1
852 850 1
850 851 1
852 851 1
850 852 1
851 852 1
42 853 1
855 854 1
856 854 1
854 855 1
856 855 1
854 856 1
855 856 1
858 857 1
859 857 1
860 857 1
1449 857 1
857 858 1
859 858 1
860 858 1
857 859 1
858 859 1
860 859 1
857 860 1
858 860 1
859 860 1
771 861 1
862 861 1
863 861 1
864 861 1
865 861 1
771 862 1
861 862 1
863 862 1
864 862 1
865 862 1
67 863 1
500 863 1
502 863 3
771 863 1
861 863 1
862 863 1
864 863 1
865 863 1
1649 863 3
67 864 2
502 864 1
771 864 3
861 864 1
862 864 1
863 864 1
865 864 1
1649 864 1
771 865 1
861 865 1
862 865 1
863 865 1
864 865 1
867 866 1
868 866 1
866 867 1
868 867 1
866 868 1
867 868 1
70 869 1
416 869 1
393 870 1
871 870 1
872 870 1
393 871 1
870 871 1
872 871 1
393 872 1
870 872 1
871 872 1
874 873 1
873 874 1
887 874 1
888 874 1
889 874 1
1028 874 1
1029 874 1
1030 874 1
876 875 1
875 876 1
1229 876 1
878 877 1
879 877 1
877 878 1
879 878 1
877 879 1
878 879 1
1048 879 1
1049 879 1
55 880 1
157 880 1
238 880 1
427 880 1
881 880 1
55 881 1
157 881 1
238 881 1
427 881 1
880 881 1
929 881 1
1001 881 2
1060 881 1
1367 881 1
1371 881 1
1373 881 1
1374 881 1
1375 881 1
1378 881 1
1381 881 1
883 882 1
882 883 1
238 884 1
360 884 1
886 885 1
885 886 1
874 887 1
888 887 1
889 887 1
874 888 1
887 888 1
889 888 1
874 889 1
887 889 1
888 889 1
891 890 1
890 891 1
571 892 1
572 892 1
894 893 2
895 893 1
896 893 1
1171 893 1
893 894 2
895 894 1
896 894 1
893 895 1
894 895 1
896 895 1
893 896 1
894 896 1
895 896 1
183 897 1
300 897 1
898 897 1
899 897 1
183 898 1
300 898 1
897 898 1
899 898 1
183 899 1
300 899 1
897 899 1
898 899 1
629 900 1
631 900 1
901 900 1
902 900 1
629 901 1
631 901 1
900 901 1
902 901 1
629 902 1
631 902 1
900 902 1
901 902 1
98 903 1
904 903 1
905 903 1
906 903 1
907 903 1
98 904 1
903 904 1
905 904 1
906 904 1
907 904 1
98 905 1
903 905 1
904 905 1
906 905 1
907 905 1
98 906 1
903 906 1
904 906 1
905 906 1
907 906 1
98 907 1
903 907 1
904 907 1
905 907 1
906 907 1
629 908 1
910 909 1
911 909 1
909 910 1
911 910 1
909 911 1
910 911 1
360 912 1
711 912 1
277 913 1
341 913 1
914 913 1
277 914 1
341 914 1
913 914 1
423 915 1
917 916 1
918 916 1
916 917 1
918 917 1
916 918 1
917 918 1
920 919 1
921 919 2
922 919 1
1289 919 1
1290 919 1
919 920 1
921 920 1
922 920 1
919 921 2
920 921 1
922 921 1
1289 921 1
1290 921 1
919 922 1
920 922 1
921 922 1
358 923 1
924 923 1
925 923 1
358 924 1
923 924 1
925 924 1
358 925 1
923 925 1
924 925 1
206 926 4
259 926 2
400 926 1
927 926 1
930 926 1
947 926 1
1239 926 2
1732 926 1
1733 926 1
400 927 1
926 927 1
929 928 3
881 929 1
928 929 3
1165 929 1
1237 929 1
1238 929 1
1269 929 1
1378 929 1
206 930 1
926 930 1
932 931 1
931 932 1
934 933 1
933 934 1
585 935 1
936 935 1
585 936 1
935 936 1
752 937 1
938 937 1
939 937 1
752 938 1
937 938 1
939 938 1
752 939 1
937 939 1
938 939 1
389 940 1
941 940 1
942 940 1
389 941 1
940 941 1
942 941 1
389 942 1
940 942 1
941 942 1
232 943 1
945 944 1
944 945 1
339 946 1
206 947 1
926 947 1
394 948 1
949 948 1
394 949 1
948 949 1
669 950 1
951 950 1
952 950 1
669 951 1
950 951 1
952 951 1
669 952 1
950 952 1
951 952 1
423 953 1
187 954 1
188 954 1
193 954 1
423 955 1
956 955 1
423 956 2
955 956 1
1124 956 1
41 957 1
540 957 1
160 958 1
959 958 1
960 958 1
961 958 1
1845 958 1
1882 958 1
160 959 1
958 959 1
960 959 1
961 959 1
160 960 1
958 960 1
959 960 1
961 960 1
160 961 1
958 961 1
959 961 1
960 961 1
963 962 1
965 962 1
967 962 1
962 963 1
191 964 1
262 964 1
962 965 1
36 966 1
47 966 1
579 966 1
962 967 1
969 968 1
1419 968 1
1420 968 1
1421 968 1
452 969 1
486 969 1
968 969 1
1621 969 1
1622 969 1
353 970 1
971 970 1
353 971 1
970 971 1
355 972 1
454 972 1
973 972 1
355 973 1
454 973 1
972 973 1
427 974 1
975 974 1
976 974 1
427 975 1
974 975 1
976 975 1
427 976 1
974 976 1
975 976 1
53 977 1
978 977 1
53 978 1
977 978 1
980 979 1
979 980 1
383 981 1
384 981 1
983 982 1
984 982 1
982 983 1
984 983 1
1110 983 1
1111 983 1
982 984 1
983 984 1
1 985 1
5 985 1
54 985 1
94 985 1
986 985 1
1 986 3
5 986 1
54 986 3
94 986 3
985 986 1
427 987 2
1518 987 1
1519 987 1
1520 987 1
69 988 1
203 988 1
396 989 1
789 989 1
990 989 1
991 989 1
396 990 1
789 990 1
989 990 1
991 990 1
396 991 1
789 991 1
989 991 1
990 991 1
450 992 2
995 992 1
1050 992 1
473 993 1
613 993 1
614 993 4
771 993 1
994 993 1
1159 993 1
1160 993 1
1313 993 1
1314 993 1
614 994 1
993 994 1
992 995 1
997 996 1
998 996 1
996 997 1
998 997 1
996 998 1
997 998 1
1000 999 1
999 1000 1
881 1001 2
1003 1002 1
1004 1002 1
1002 1003 1
1004 1003 1
1002 1004 1
1003 1004 1
1006 1005 1
1007 1005 1
1008 1005 1
1009 1005 1
1010 1005 1
1005 1006 1
1007 1006 1
1008 1006 1
1009 1006 1
1010 1006 1
1005 1007 1
1006 1007 1
1008 1007 1
1009 1007 1
1010 1007 1
1005 1008 1
1006 1008 1
1007 1008 1
1009 1008 1
1010 1008 1
1005 1009 1
1006 1009 1
1007 1009 1
1008 1009 1
1010 1009 1
1005 1010 1
1006 1010 1
1007 1010 1
1008 1010 1
1009 1010 1
1012 1011 1
1011 1012 1
1014 1013 1
1015 1013 1
1016 1013 1
1013 1014 1
1015 1014 1
1016 1014 1
1013 1015 1
1014 1015 1
1016 1015 1
1013 1016 1
1014 1016 1
1015 1016 1
279 1017 1
238 1018 1
1019 1018 1
1020 1018 1
238 1019 1
1018 1019 1
1020 1019 1
238 1020 1
1018 1020 1
1019 1020 1
110 1021 1
359 1021 1
784 1022 1
1023 1022 1
784 1023 1
1022 1023 1
1025 1024 1
1026 1024 1
1027 1024 1
1024 1025 1
1026 1025 1
1027 1025 1
1024 1026 1
1025 1026 1
1027 1026 1
1024 1027 1
1025 1027 1
1026 1027 1
874 1028 1
1029 1028 1
1030 1028 1
874 1029 1
1028 1029 1
1030 1029 1
874 1030 1
1028 1030 1
1029 1030 1
477 1031 1
491 1032 1
1033 1032 1
439 1033 1
491 1033 1
567 1033 1
1032 1033 1
1564 1033 1
1035 1034 1
1036 1034 1
1037 1034 1
1034 1035 1
1036 1035 1
1037 1035 1
1034 1036 1
1035 1036 1
1037 1036 1
1034 1037 1
1035 1037 1
1036 1037 1
21 1038 1
362 1039 1
443 1039 1
445 1040 1
1041 1040 1
445 1041 1
1040 1041 1
1190 1041 1
1191 1041 1
343 1042 1
344 1042 1
477 1042 1
1043 1042 1
240 1043 1
343 1043 1
344 1043 1
477 1043 1
574 1043 1
1042 1043 1
1645 1043 1
431 1044 1
651 1045 1
61 1046 1
288 1047 1
543 1047 1
556 1047 1
879 1048 1
1049 1048 1
879 1049 1
1048 1049 1
992 1050 1
238 1051 1
334 1051 1
360 1051 1
1053 1052 1
1054 1052 1
1055 1052 1
1052 1053 1
1054 1053 1
1055 1053 1
1052 1054 1
1053 1054 1
1055 1054 1
9 1055 1
169 1055 1
207 1055 1
1052 1055 1
1053 1055 1
1054 1055 1
1057 1056 1
1058 1056 1
1056 1057 1
1058 1057 1
1056 1058 1
1057 1058 1
333 1059 1
361 1059 1
415 1059 1
881 1060 1
651 1061 1
1062 1061 1
651 1062 1
1061 1062 1
72 1063 1
352 1063 1
181 1064 1
233 1064 1
651 1065 1
355 1066 1
518 1066 1
102 1067 1
372 1067 1
541 1067 1
1069 1068 1
1070 1068 1
1071 1068 1
1068 1069 1
1070 1069 1
1071 1069 1
1068 1070 1
1069 1070 1
1071 1070 1
1068 1071 1
1069 1071 1
1070 1071 1
41 1072 1
376 1072 1
138 1073 1
264 1073 1
375 1073 1
1074 1073 1
138 1074 1
264 1074 1
375 1074 1
1073 1074 1
1076 1075 1
1077 1075 1
1078 1075 1
1075 1076 1
1077 1076 1
1078 1076 1
1075 1077 1
1076 1077 1
1078 1077 2
1511 1077 1
1075 1078 1
1076 1078 1
1077 1078 2
1511 1078 1
144 1079 1
239 1079 2
1080 1079 1
1081 1079 1
1082 1079 1
1786 1079 1
1787 1079 1
1788 1079 1
144 1080 1
239 1080 1
1079 1080 1
1081 1080 1
1082 1080 1
144 1081 1
239 1081 1
1079 1081 1
1080 1081 1
1082 1081 1
144 1082 1
239 1082 1
1079 1082 1
1080 1082 1
1081 1082 1
206 1083 1
143 1084 1
176 1084 1
195 1084 1
1085 1084 1
143 1085 1
176 1085 1
195 1085 1
1084 1085 1
1087 1086 1
1088 1086 1
1086 1087 1
1088 1087 1
1086 1088 1
1087 1088 1
473 1089 1
1090 1089 1
445 1090 1
473 1090 2
1089 1090 1
1803 1090 1
1804 1090 1
1093 1091 1
748 1092 1
1091 1093 1
92 1094 1
121 1094 1
213 1094 1
1096 1095 1
1095 1096 1
1098 1097 1
1099 1097 1
1097 1098 1
1099 1098 1
1097 1099 1
1098 1099 1
310 1100 1
238 1101 1
360 1101 1
404 1102 1
405 1102 1
353 1103 1
1104 1103 1
1934 1103 1
1935 1103 1
1936 1103 1
353 1104 1
1103 1104 1
1106 1105 1
1107 1105 1
1108 1105 1
1109 1105 1
1105 1106 1
1107 1106 1
1108 1106 1
1109 1106 1
1105 1107 1
1106 1107 1
1108 1107 1
1109 1107 1
1105 1108 1
1106 1108 1
1107 1108 1
1109 1108 1
1105 1109 1
1106 1109 1
1107 1109 1
1108 1109 1
983 1110 1
1111 1110 1
983 1111 1
1110 1111 1
353 1112 1
346 1113 1
1114 1113 1
346 1114 1
1113 1114 1
1116 1115 1
1117 1115 1
1115 1116 1
1117 1116 1
1115 1117 1
1116 1117 1
586 1118 1
1119 1118 1
1120 1118 1
586 1119 1
1118 1119 1
1120 1119 1
275 1120 1
557 1120 3
586 1120 2
587 1120 1
608 1120 1
1118 1120 1
1119 1120 1
1366 1120 1
1448 1120 1
1623 1120 2
1707 1120 1
16 1121 1
437 1122 1
288 1123 1
332 1123 1
543 1123 1
423 1124 1
956 1124 1
127 1125 1
189 1125 1
1126 1125 1
127 1126 1
189 1126 1
1125 1126 1
470 1127 1
1128 1127 1
260 1128 1
470 1128 1
1127 1128 1
16 1129 1
1131 1130 1
1130 1131 1
22 1132 1
23 1132 1
99 1132 1
133 1132 1
501 1132 1
594 1132 1
1345 1132 1
1765 1132 1
1134 1133 1
1133 1134 1
357 1135 1
1136 1135 1
357 1136 1
1135 1136 1
41 1137 1
41 1138 2
1139 1138 1
41 1139 1
127 1139 1
405 1139 1
1138 1139 1
1141 1140 1
1142 1140 1
1140 1141 1
1142 1141 1
1140 1142 1
1141 1142 1
311 1143 1
41 1144 2
1146 1145 1
1145 1146 1
125 1147 1
194 1148 1
1149 1148 1
194 1149 1
1148 1149 1
387 1150 1
56 1151 1
111 1151 1
359 1152 1
56 1153 1
111 1153 1
1155 1154 1
1156 1154 1
1157 1154 1
1158 1154 1
1154 1155 1
1156 1155 1
1157 1155 1
1158 1155 1
1154 1156 1
1155 1156 1
1157 1156 1
1158 1156 1
1154 1157 1
1155 1157 1
1156 1157 1
1158 1157 1
1154 1158 1
1155 1158 1
1156 1158 1
1157 1158 1
613 1159 1
614 1159 1
993 1159 1
1160 1159 1
613 1160 1
614 1160 1
993 1160 1
1159 1160 1
555 1161 1
238 1162 1
360 1162 1
75 1163 1
411 1163 1
1164 1163 1
75 1164 1
411 1164 1
1163 1164 1
929 1165 1
1167 1166 1
1166 1167 1
326 1168 3
1785 1168 2
1170 1169 1
1169 1170 1
893 1171 1
260 1172 1
724 1172 1
299 1173 1
300 1173 1
352 1173 1
1175 1174 1
1176 1174 1
1177 1174 1
1178 1174 1
1174 1175 1
1176 1175 1
1177 1175 1
1178 1175 1
1174 1176 1
1175 1176 1
1177 1176 1
1178 1176 1
1174 1177 1
1175 1177 1
1176 1177 1
1178 1177 1
1859 1177 1
1860 1177 1
1861 1177 1
1862 1177 1
1863 1177 1
1864 1177 1
1174 1178 1
1175 1178 1
1176 1178 1
1177 1178 1
206 1179 1
424 1179 1
426 1179 1
355 1180 1
1187 1181 1
1183 1182 1
1184 1182 1
1185 1182 1
1186 1182 1
1182 1183 1
1184 1183 1
1185 1183 1
1186 1183 1
420 1184 1
1182 1184 1
1183 1184 1
1185 1184 1
1186 1184 1
1352 1184 1
1353 1184 1
1182 1185 1
1183 1185 1
1184 1185 1
1186 1185 1
1182 1186 1
1183 1186 1
1184 1186 1
1185 1186 1
1181 1187 1
1189 1188 1
1188 1189 1
1041 1190 1
1191 1190 1
1041 1191 1
1190 1191 1
1193 1192 1
1194 1192 1
1195 1192 1
1196 1192 1
1192 1193 1
1194 1193 1
1195 1193 1
1196 1193 1
1192 1194 1
1193 1194 1
1195 1194 1
1196 1194 1
1192 1195 1
1193 1195 1
1194 1195 1
1196 1195 1
1192 1196 1
1193 1196 1
1194 1196 1
1195 1196 1
41 1197 1
379 1197 1
462 1197 1
432 1198 1
1200 1199 1
1199 1200 1
791 1201 1
206 1202 1
143 1203 1
176 1203 1
195 1203 1
580 1203 1
493 1204 1
1206 1205 1
1205 1206 1
175 1207 1
551 1207 1
1209 1208 1
1210 1208 1
1208 1209 1
1210 1209 1
1208 1210 1
1209 1210 1
1212 1211 1
1211 1212 1
1214 1213 1
1213 1214 1
397 1215 1
15 1216 1
393 1216 1
1217 1216 1
15 1217 1
393 1217 1
1216 1217 1
1219 1218 1
1218 1219 1
393 1220 1
1222 1221 1
1223 1221 1
1224 1221 1
1225 1221 1
1226 1221 1
1227 1221 1
1228 1221 1
1221 1222 1
1223 1222 1
1224 1222 1
1225 1222 1
1226 1222 1
1227 1222 1
1228 1222 1
1221 1223 1
1222 1223 1
1224 1223 1
1225 1223 1
1226 1223 1
1227 1223 1
1228 1223 1
1221 1224 1
1222 1224 1
1223 1224 1
1225 1224 1
1226 1224 1
1227 1224 1
1228 1224 1
1221 1225 1
1222 1225 1
1223 1225 1
1224 1225 1
1226 1225 1
1227 1225 1
1228 1225 1
1221 1226 1
1222 1226 1
1223 1226 1
1224 1226 1
1225 1226 1
1227 1226 1
1228 1226 1
1221 1227 1
1222 1227 1
1223 1227 1
1224 1227 1
1225 1227 1
1226 1227 1
1228 1227 1
1221 1228 1
1222 1228 1
1223 1228 1
1224 1228 1
1225 1228 1
1226 1228 1
1227 1228 1
876 1229 1
1239 1230 2
1887 1230 1
1888 1230 1
1889 1230 1
1890 1230 1
595 1231 1
1232 1231 1
1233 1231 1
1234 1231 1
1235 1231 1
595 1232 1
1231 1232 1
1233 1232 1
1234 1232 1
1235 1232 1
595 1233 1
1231 1233 1
1232 1233 1
1234 1233 1
1235 1233 1
595 1234 1
1231 1234 1
1232 1234 1
1233 1234 1
1235 1234 1
595 1235 1
1231 1235 1
1232 1235 1
1233 1235 1
1234 1235 1
365 1236 1
366 1236 1
367 1236 1
929 1237 1
1238 1237 1
929 1238 1
1237 1238 1
206 1239 2
259 1239 2
926 1239 2
1230 1239 2
1766 1239 1
1887 1239 1
1888 1239 1
1889 1239 1
1890 1239 1
309 1240 1
350 1240 1
1241 1240 2
1242 1240 2
1243 1240 1
1244 1240 1
1389 1240 1
309 1241 1
350 1241 1
1240 1241 2
1242 1241 2
1243 1241 1
1244 1241 1
1389 1241 1
309 1242 1
350 1242 1
1240 1242 2
1241 1242 2
1243 1242 1
1244 1242 1
1389 1242 1
309 1243 1
350 1243 1
1240 1243 1
1241 1243 1
1242 1243 1
1244 1243 1
309 1244 1
350 1244 1
1240 1244 1
1241 1244 1
1242 1244 1
1243 1244 1
40 1245 1
1246 1245 1
40 1246 1
1245 1246 1
337 1247 1
818 1247 1
1248 1247 1
337 1248 1
818 1248 1
1247 1248 1
1250 1249 1
1251 1249 1
1390 1249 1
1391 1249 1
1249 1250 1
1251 1250 1
1249 1251 1
1250 1251 1
1253 1252 1
1252 1253 1
1255 1254 1
1254 1255 1
353 1256 1
239 1257 1
259 1257 1
1258 1257 1
1259 1257 1
239 1258 1
259 1258 1
1257 1258 1
1259 1258 1
239 1259 2
259 1259 1
1257 1259 1
1258 1259 1
1263 1259 1
10 1260 1
92 1260 1
121 1260 1
67 1261 1
445 1261 1
533 1261 1
80 1262 1
335 1262 1
337 1262 1
402 1262 1
519 1262 1
523 1262 1
239 1263 1
1259 1263 1
1265 1264 1
1264 1265 1
215 1266 2
1317 1266 1
1318 1266 1
1319 1266 1
1268 1267 1
1267 1268 1
929 1269 1
690 1270 1
691 1270 1
692 1270 1
235 1271 1
1272 1271 1
1688 1271 1
1689 1271 1
1690 1271 1
1846 1271 1
1847 1271 1
1848 1271 1
1849 1271 1
1850 1271 1
1851 1271 1
1852 1271 1
1853 1271 1
1271 1272 1
367 1273 1
1538 1273 1
289 1274 1
1275 1274 1
1276 1274 1
289 1275 1
1274 1275 1
1276 1275 1
289 1276 1
1274 1276 1
1275 1276 1
290 1277 1
389 1277 1
418 1277 1
1279 1278 1
1278 1279 1
383 1280 1
385 1280 1
699 1281 1
1282 1281 1
1283 1281 1
1284 1281 1
1285 1281 1
699 1282 1
1281 1282 1
1283 1282 1
1284 1282 1
1285 1282 1
699 1283 1
1281 1283 1
1282 1283 1
1284 1283 1
1285 1283 1
699 1284 1
1281 1284 1
1282 1284 1
1283 1284 1
1285 1284 1
699 1285 1
1281 1285 1
1282 1285 1
1283 1285 1
1284 1285 1
279 1286 1
394 1286 1
385 1287 1
419 1288 1
919 1289 1
921 1289 1
1290 1289 1
919 1290 1
921 1290 1
1289 1290 1
194 1291 1
324 1291 1
1293 1292 1
1294 1292 1
1292 1293 1
1294 1293 1
1292 1294 1
1293 1294 1
353 1295 1
836 1295 1
1296 1295 1
1297 1295 1
1298 1295 1
353 1296 1
836 1296 1
1295 1296 1
1297 1296 1
1298 1296 1
353 1297 1
836 1297 1
1295 1297 1
1296 1297 1
1298 1297 1
353 1298 1
836 1298 1
1295 1298 1
1296 1298 1
1297 1298 1
194 1299 2
1300 1299 2
1301 1299 2
194 1300 2
1299 1300 2
1301 1300 2
194 1301 3
324 1301 1
1299 1301 2
1300 1301 2
1578 1301 1
1579 1301 1
1303 1302 1
1302 1303 1
401 1304 1
270 1305 1
389 1306 1
1308 1307 1
1309 1307 1
1310 1307 1
1307 1308 1
1309 1308 1
1310 1308 1
1307 1309 1
1308 1309 1
1310 1309 1
1307 1310 1
1308 1310 1
1309 1310 1
339 1311 2
410 1311 1
1312 1311 1
339 1312 1
410 1312 1
1311 1312 1
423 1313 2
614 1313 1
993 1313 1
1314 1313 1
1341 1313 2
614 1314 1
993 1314 1
1313 1314 1
532 1315 1
1316 1315 1
532 1316 1
1315 1316 1
215 1317 1
1266 1317 1
1318 1317 1
1319 1317 1
215 1318 1
1266 1318 1
1317 1318 1
1319 1318 1
215 1319 1
1266 1319 1
1317 1319 1
1318 1319 1
259 1320 1
605 1320 1
1321 1320 1
259 1321 1
605 1321 1
1320 1321 1
56 1322 1
70 1322 1
403 1323 1
404 1323 1
405 1323 1
404 1324 1
405 1324 1
831 1324 1
48 1325 1
216 1325 1
1327 1326 1
1328 1326 1
1329 1326 1
1330 1326 1
1326 1327 1
1328 1327 1
1329 1327 1
1330 1327 1
1326 1328 1
1327 1328 1
1329 1328 1
1330 1328 1
1326 1329 1
1327 1329 1
1328 1329 1
1330 1329 1
1326 1330 1
1327 1330 1
1328 1330 1
1329 1330 1
1332 1331 1
1333 1331 1
1334 1331 1
1335 1331 1
1336 1331 1
1331 1332 1
1333 1332 1
1334 1332 1
1335 1332 1
1336 1332 1
1331 1333 1
1332 1333 1
1334 1333 1
1335 1333 1
1336 1333 1
1331 1334 1
1332 1334 1
1333 1334 1
1335 1334 1
1336 1334 1
1331 1335 1
1332 1335 1
1333 1335 1
1334 1335 1
1336 1335 1
1331 1336 1
1332 1336 1
1333 1336 1
1334 1336 1
1335 1336 1
1338 1337 1
1339 1337 1
1340 1337 1
1337 1338 1
1339 1338 1
1340 1338 1
1337 1339 1
1338 1339 1
1340 1339 1
1337 1340 1
1338 1340 1
1339 1340 1
423 1341 2
1313 1341 2
1343 1342 1
1342 1343 1
95 1344 1
211 1344 1
537 1344 1
1865 1344 1
99 1345 1
573 1345 1
1132 1345 1
1662 1345 1
1663 1345 1
1664 1345 1
284 1346 1
319 1346 1
578 1346 1
1347 1346 1
284 1347 1
319 1347 1
578 1347 1
1346 1347 1
206 1348 1
1350 1349 1
1349 1350 1
300 1351 1
420 1352 1
1184 1352 1
1353 1352 1
420 1353 1
1184 1353 1
1352 1353 1
1355 1354 1
1354 1355 1
21 1356 1
1358 1357 2
1359 1357 1
1475 1357 1
1357 1358 2
1359 1358 1
1475 1358 1
1634 1358 1
1635 1358 1
1357 1359 1
1358 1359 1
445 1360 1
363 1361 1
1363 1362 1
1364 1362 1
1365 1362 1
1362 1363 1
1364 1363 1
1365 1363 1
1362 1364 1
1363 1364 1
1365 1364 1
1362 1365 1
1363 1365 1
1364 1365 1
586 1366 1
587 1366 1
608 1366 1
1120 1366 1
881 1367 1
89 1368 1
471 1368 1
599 1368 1
1370 1369 1
1369 1370 1
881 1371 1
66 1372 1
81 1372 1
881 1373 1
881 1374 1
1375 1374 1
881 1375 1
1374 1375 1
459 1376 1
460 1376 1
1377 1376 1
459 1377 1
460 1377 1
1376 1377 1
881 1378 1
929 1378 1
437 1379 2
1380 1379 2
1382 1379 1
1383 1379 1
437 1380 2
1379 1380 2
1382 1380 1
1383 1380 1
881 1381 1
437 1382 1
1379 1382 1
1380 1382 1
1383 1382 1
437 1383 1
1379 1383 1
1380 1383 1
1382 1383 1
109 1384 1
710 1385 1
711 1385 1
1396 1386 1
710 1387 1
711 1387 1
1388 1387 1
710 1388 1
711 1388 1
1387 1388 1
1240 1389 1
1241 1389 1
1242 1389 1
1249 1390 1
1391 1390 1
1249 1391 1
1390 1391 1
206 1392 1
1394 1393 1
1395 1393 1
41 1394 1
381 1394 1
1393 1394 1
1395 1394 1
1393 1395 1
1394 1395 1
1386 1396 1
14 1397 1
287 1398 1
85 1399 1
86 1399 1
246 1399 1
339 1400 1
1401 1400 1
339 1401 1
1400 1401 1
165 1402 1
208 1402 1
511 1402 2
206 1403 1
395 1403 1
424 1403 1
426 1403 1
423 1404 1
1405 1404 1
423 1405 1
1404 1405 1
1407 1406 1
1406 1407 1
1409 1408 1
1410 1408 1
1411 1408 1
1408 1409 1
1410 1409 1
1411 1409 1
1408 1410 1
1409 1410 1
1411 1410 1
1408 1411 1
1409 1411 1
1410 1411 1
411 1412 1
614 1413 1
1414 1413 1
1415 1413 1
614 1414 1
1413 1414 1
1415 1414 1
614 1415 1
1413 1415 1
1414 1415 1
1417 1416 1
464 1417 1
1416 1417 1
1725 1417 1
241 1418 1
400 1418 1
835 1418 1
1643 1418 1
1644 1418 1
968 1419 1
1420 1419 1
1421 1419 1
968 1420 1
1419 1420 1
1421 1420 1
968 1421 1
1419 1421 1
1420 1421 1
1423 1422 1
1422 1423 1
1425 1424 1
1424 1425 1
22 1426 1
23 1426 1
103 1426 1
172 1427 1
173 1427 1
56 1428 1
1429 1428 1
56 1429 1
1428 1429 1
331 1430 1
1431 1430 1
331 1431 1
1430 1431 1
1433 1432 1
1434 1432 1
1432 1433 1
1434 1433 1
23 1434 1
175 1434 1
1432 1434 1
1433 1434 1
427 1435 1
1436 1435 1
1437 1435 1
427 1436 1
1435 1436 1
1437 1436 1
427 1437 1
1435 1437 1
1436 1437 1
254 1438 1
1439 1438 1
254 1439 1
1438 1439 1
60 1440 1
490 1440 1
784 1441 1
167 1442 1
168 1442 1
423 1443 1
541 1443 1
473 1444 1
614 1444 1
771 1444 1
279 1445 1
1447 1446 1
1446 1447 1
275 1448 1
557 1448 1
1120 1448 1
857 1449 1
21 1450 1
1452 1451 1
373 1452 1
1451 1452 1
1726 1452 1
353 1453 1
1454 1453 1
353 1454 1
1453 1454 1
105 1455 1
1456 1455 1
1457 1455 1
105 1456 1
1455 1456 1
1457 1456 1
105 1457 1
1455 1457 1
1456 1457 1
520 1458 1
1459 1458 1
520 1459 1
1458 1459 1
133 1460 2
1461 1460 1
1801 1460 1
1802 1460 1
133 1461 1
1460 1461 1
1463 1462 1
1464 1462 1
1465 1462 1
1466 1462 1
1462 1463 1
1464 1463 1
1465 1463 1
1466 1463 1
1462 1464 1
1463 1464 1
1465 1464 1
1466 1464 1
1462 1465 1
1463 1465 1
1464 1465 1
1466 1465 1
1462 1466 1
1463 1466 1
1464 1466 1
1465 1466 1
119 1467 1
1468 1467 1
119 1468 1
1467 1468 1
192 1469 1
290 1470 1
132 1471 1
22 1472 1
23 1472 1
103 1472 1
80 1473 1
335 1473 1
337 1473 1
22 1474 1
23 1474 4
224 1474 1
275 1474 4
554 1474 1
1944 1474 1
1357 1475 1
1358 1475 1
1477 1476 1
1476 1477 1
1479 1478 2
1478 1479 2
1481 1480 1
1482 1480 1
1483 1480 1
1480 1481 1
1482 1481 1
1483 1481 1
1480 1482 1
1481 1482 1
1483 1482 1
1480 1483 1
1481 1483 1
1482 1483 1
119 1484 1
462 1484 1
162 1485 2
163 1485 2
195 1485 2
415 1485 1
519 1485 2
1587 1485 1
108 1486 1
66 1487 1
106 1487 1
60 1488 1
87 1489 1
335 1489 1
337 1489 1
289 1490 1
19 1491 1
151 1491 1
152 1491 1
447 1491 1
467 1492 1
468 1492 1
479 1492 1
435 1493 1
462 1493 1
496 1493 1
1494 1493 1
435 1494 2
462 1494 1
489 1494 1
496 1494 1
1493 1494 1
1893 1494 1
1894 1494 1
41 1495 1
80 1495 1
337 1495 1
593 1495 1
1497 1496 1
1498 1496 1
1496 1497 1
1498 1497 1
1496 1498 1
1497 1498 1
104 1499 1
361 1499 1
362 1499 1
218 1500 1
386 1500 1
335 1501 1
337 1501 1
335 1502 1
337 1502 1
1503 1502 1
335 1503 1
337 1503 1
1502 1503 1
289 1504 1
1505 1504 1
289 1505 1
1504 1505 1
473 1506 1
525 1506 1
771 1506 1
284 1507 1
337 1508 1
429 1508 1
430 1508 1
258 1509 2
1510 1509 2
1529 1509 1
1530 1509 1
1531 1509 1
258 1510 2
1509 1510 2
1529 1510 1
1530 1510 1
1531 1510 1
1077 1511 1
1078 1511 1
1513 1512 1
1514 1512 1
1512 1513 1
1514 1513 2
1674 1513 1
1675 1513 1
1512 1514 1
1513 1514 2
1674 1514 1
1675 1514 1
1516 1515 1
1517 1515 1
1515 1516 1
1517 1516 1
1515 1517 1
1516 1517 1
987 1518 1
1519 1518 1
1520 1518 1
987 1519 1
1518 1519 1
1520 1519 1
987 1520 1
1518 1520 1
1519 1520 1
1522 1521 1
1521 1522 1
102 1523 1
1524 1523 1
1525 1523 1
102 1524 2
372 1524 1
489 1524 1
1523 1524 1
1525 1524 1
1570 1524 1
102 1525 2
219 1525 1
1523 1525 1
1524 1525 1
50 1526 1
51 1526 1
52 1526 1
22 1527 1
23 1527 1
1528 1527 1
22 1528 1
23 1528 1
1527 1528 1
258 1529 1
1509 1529 1
1510 1529 1
1530 1529 1
1531 1529 1
258 1530 1
1509 1530 1
1510 1530 1
1529 1530 1
1531 1530 1
258 1531 1
1509 1531 1
1510 1531 1
1529 1531 1
1530 1531 1
1533 1532 1
1534 1532 1
1532 1533 1
1534 1533 1
1532 1534 1
1533 1534 1
308 1535 1
347 1535 1
1536 1535 1
308 1536 1
347 1536 1
1535 1536 1
367 1537 1
1538 1537 1
1539 1537 1
1540 1537 1
1541 1537 1
367 1538 2
1273 1538 1
1537 1538 1
1539 1538 1
1540 1538 1
1541 1538 1
367 1539 1
1537 1539 1
1538 1539 1
1540 1539 1
1541 1539 1
367 1540 1
1537 1540 1
1538 1540 1
1539 1540 1
1541 1540 1
367 1541 1
1537 1541 1
1538 1541 1
1539 1541 1
1540 1541 1
605 1542 1
1543 1542 1
1544 1542 1
605 1543 1
1542 1543 1
1544 1543 1
605 1544 1
1542 1544 1
1543 1544 1
291 1545 1
598 1545 1
385 1546 1
679 1546 2
1885 1546 1
321 1547 2
390 1547 2
1548 1547 2
1549 1547 1
321 1548 2
390 1548 2
1547 1548 2
1549 1548 1
321 1549 1
390 1549 1
1547 1549 1
1548 1549 1
435 1550 1
462 1550 1
85 1551 1
86 1551 1
1552 1551 1
85 1552 1
86 1552 1
1551 1552 1
274 1553 1
346 1553 1
570 1553 1
791 1554 1
1555 1554 1
791 1555 1
1554 1555 1
1557 1556 1
1558 1556 1
1559 1556 1
1556 1557 1
1558 1557 1
1559 1557 1
1556 1558 1
1557 1558 1
1559 1558 1
1556 1559 1
1557 1559 1
1558 1559 1
1561 1560 1
1562 1560 1
1560 1561 1
1562 1561 1
1560 1562 1
1561 1562 1
198 1563 1
199 1563 1
567 1564 1
1033 1564 1
229 1565 1
1566 1565 1
229 1566 1
1565 1566 1
1568 1567 1
1569 1567 1
1567 1568 1
1569 1568 3
1626 1568 2
1627 1568 1
1567 1569 1
1568 1569 3
1626 1569 2
1627 1569 1
102 1570 1
372 1570 1
489 1570 1
1524 1570 1
107 1571 1
473 1571 1
525 1571 1
771 1571 1
58 1572 1
161 1572 1
240 1573 1
506 1573 1
1574 1573 1
240 1574 2
506 1574 2
1573 1574 1
1679 1574 1
1701 1574 1
1576 1575 1
1577 1575 1
1575 1576 1
1577 1576 1
1575 1577 1
1576 1577 1
194 1578 1
324 1578 1
1301 1578 1
1579 1578 1
194 1579 1
324 1579 1
1301 1579 1
1578 1579 1
284 1580 1
154 1581 1
155 1581 1
141 1582 2
761 1582 1
771 1582 2
1583 1582 1
1584 1582 1
141 1583 1
771 1583 1
1582 1583 1
1584 1583 1
141 1584 1
771 1584 1
1582 1584 1
1583 1584 1
59 1585 1
195 1585 1
225 1585 1
519 1585 2
549 1585 1
236 1586 1
788 1586 1
162 1587 1
163 1587 1
195 1587 1
519 1587 1
1485 1587 1
1589 1588 1
1590 1588 1
1591 1588 1
1588 1589 1
1590 1589 1
1591 1589 1
1588 1590 1
1589 1590 1
1591 1590 1
1588 1591 1
1589 1591 1
1590 1591 1
1593 1592 1
1594 1592 1
1592 1593 1
1594 1593 1
1592 1594 1
1593 1594 1
22 1595 1
23 1595 1
554 1595 1
538 1596 1
539 1596 1
1597 1596 1
538 1597 1
539 1597 1
1596 1597 1
262 1598 1
609 1598 1
140 1599 1
253 1599 1
1600 1599 1
140 1600 1
253 1600 1
1599 1600 1
288 1601 1
543 1601 1
37 1602 1
60 1602 1
136 1602 1
227 1602 1
1604 1603 1
1603 1604 1
1606 1605 1
1607 1605 1
1608 1605 1
1609 1605 1
1610 1605 1
1605 1606 1
1607 1606 1
1608 1606 1
1609 1606 1
1610 1606 1
1605 1607 1
1606 1607 1
1608 1607 1
1609 1607 1
1610 1607 1
1605 1608 1
1606 1608 1
1607 1608 1
1609 1608 1
1610 1608 1
1605 1609 1
1606 1609 1
1607 1609 1
1608 1609 1
1610 1609 1
1605 1610 1
1606 1610 1
1607 1610 1
1608 1610 1
1609 1610 1
39 1611 1
457 1611 1
191 1612 1
544 1612 1
1614 1613 1
1615 1613 1
1613 1614 1
1615 1614 1
1613 1615 1
1614 1615 1
34 1616 1
41 1616 1
153 1616 1
1618 1617 1
1619 1617 1
1620 1617 1
1617 1618 1
1619 1618 1
1620 1618 1
1617 1619 1
1618 1619 1
1620 1619 1
1617 1620 1
1618 1620 1
1619 1620 1
452 1621 1
486 1621 1
969 1621 1
1622 1621 1
452 1622 1
486 1622 1
969 1622 1
1621 1622 1
557 1623 2
1120 1623 2
1707 1623 1
295 1624 1
406 1624 1
1625 1624 1
295 1625 1
406 1625 1
1624 1625 1
1568 1626 2
1569 1626 2
1627 1626 1
1568 1627 1
1569 1627 1
1626 1627 1
71 1628 1
1629 1628 1
1630 1628 1
71 1629 1
1628 1629 1
1630 1629 1
71 1630 1
1628 1630 1
1629 1630 1
473 1631 1
771 1631 1
1633 1632 1
1632 1633 1
1358 1634 1
1635 1634 1
1358 1635 1
1634 1635 1
206 1636 1
1637 1636 1
206 1637 1
1636 1637 1
236 1638 2
788 1638 2
1639 1638 2
236 1639 2
788 1639 2
1638 1639 2
22 1640 2
23 1640 1
48 1640 1
428 1640 1
1641 1640 1
1808 1640 1
22 1641 1
48 1641 1
1640 1641 1
194 1642 2
324 1642 2
466 1642 2
1418 1643 1
1644 1643 1
1418 1644 1
1643 1644 1
240 1645 1
574 1645 1
1043 1645 1
480 1646 1
1648 1647 2
1666 1647 1
1884 1647 1
1647 1648 2
1666 1648 1
67 1649 2
500 1649 1
502 1649 4
771 1649 1
863 1649 3
864 1649 1
232 1650 1
1651 1650 1
232 1651 1
1650 1651 1
1653 1652 1
1654 1652 1
1652 1653 1
1654 1653 1
1652 1654 1
1653 1654 1
237 1655 1
449 1655 1
604 1655 1
194 1656 2
324 1656 2
1657 1656 2
194 1657 2
324 1657 2
1656 1657 2
41 1658 5
153 1658 2
246 1658 3
462 1658 1
1734 1658 1
1823 1658 2
1824 1658 2
1660 1659 1
1659 1660 1
1 1661 1
179 1661 1
455 1661 1
456 1661 1
573 1662 1
1345 1662 1
1663 1662 1
1664 1662 1
573 1663 1
1345 1663 1
1662 1663 1
1664 1663 1
573 1664 1
1345 1664 1
1662 1664 1
1663 1664 1
312 1665 1
1647 1666 1
1648 1666 1
85 1667 1
498 1667 1
1668 1667 1
85 1668 1
498 1668 1
1667 1668 1
1670 1669 1
1671 1669 1
1669 1670 1
1671 1670 1
1669 1671 1
1670 1671 1
1673 1672 1
1672 1673 1
1513 1674 1
1514 1674 1
1675 1674 1
1513 1675 1
1514 1675 1
1674 1675 1
301 1676 1
1677 1676 1
301 1677 1
1676 1677 1
313 1678 1
150 1679 2
240 1679 2
259 1679 1
506 1679 2
545 1679 1
1574 1679 1
1680 1679 2
1701 1679 2
1842 1679 1
1895 1679 1
150 1680 2
259 1680 1
545 1680 1
1679 1680 2
1895 1680 1
34 1681 1
141 1681 3
1682 1681 1
1683 1681 2
1684 1681 1
1939 1681 1
141 1682 1
1681 1682 1
1683 1682 1
1684 1682 1
141 1683 2
1681 1683 2
1682 1683 1
1684 1683 1
141 1684 1
1681 1684 1
1682 1684 1
1683 1684 1
167 1685 1
168 1685 1
1686 1685 1
167 1686 1
168 1686 2
1685 1686 1
1705 1686 1
1706 1686 1
200 1687 1
278 1687 1
402 1687 1
485 1687 1
1271 1688 1
1689 1688 1
1690 1688 1
1271 1689 1
1688 1689 1
1690 1689 1
1271 1690 1
1688 1690 1
1689 1690 1
69 1691 1
1692 1691 1
69 1692 1
1691 1692 1
446 1693 1
1694 1693 1
446 1694 1
1693 1694 1
49 1695 1
253 1695 1
1697 1696 1
1698 1696 1
1696 1697 1
1698 1697 1
1696 1698 1
1697 1698 1
85 1699 1
86 1699 1
502 1699 1
34 1700 1
67 1700 1
533 1700 1
534 1700 1
240 1701 2
506 1701 2
1574 1701 1
1679 1701 2
1842 1701 1
111 1702 1
112 1702 1
164 1702 1
553 1702 1
284 1703 1
335 1704 1
337 1704 1
507 1704 1
168 1705 1
1686 1705 1
1706 1705 1
168 1706 1
1686 1706 1
1705 1706 1
557 1707 1
1120 1707 1
1623 1707 1
502 1708 2
1709 1708 1
1710 1708 2
1711 1708 2
502 1709 1
1708 1709 1
1710 1709 1
1711 1709 1
502 1710 2
1708 1710 2
1709 1710 1
1711 1710 2
1736 1710 1
1737 1710 1
1738 1710 1
1739 1710 1
1740 1710 1
1741 1710 1
1742 1710 1
502 1711 2
1708 1711 2
1709 1711 1
1710 1711 2
1713 1712 1
1714 1712 1
1715 1712 1
1716 1712 1
1712 1713 1
1714 1713 1
1715 1713 1
1716 1713 1
1712 1714 1
1713 1714 1
1715 1714 1
1716 1714 1
1712 1715 1
1713 1715 1
1714 1715 1
1716 1715 1
1712 1716 1
1713 1716 1
1714 1716 1
1715 1716 1
1718 1717 1
1719 1717 1
1717 1718 1
1719 1718 1
1717 1719 1
1718 1719 1
302 1720 1
1721 1720 1
302 1721 1
1720 1721 1
24 1722 1
91 1722 1
1723 1722 1
24 1723 1
91 1723 1
1722 1723 1
478 1724 1
464 1725 1
1417 1725 1
373 1726 1
1452 1726 1
192 1727 1
536 1727 1
537 1727 1
1729 1728 1
1730 1728 1
1731 1728 1
1728 1729 1
1730 1729 1
1731 1729 1
1728 1730 1
1729 1730 1
1731 1730 1
1728 1731 1
1729 1731 1
1730 1731 1
926 1732 1
1733 1732 1
926 1733 1
1732 1733 1
41 1734 1
462 1734 1
1658 1734 1
59 1735 1
519 1735 1
522 1735 1
1710 1736 1
1737 1736 1
1738 1736 1
1739 1736 1
1740 1736 1
1741 1736 1
1742 1736 1
1710 1737 1
1736 1737 1
1738 1737 1
1739 1737 1
1740 1737 1
1741 1737 1
1742 1737 1
1710 1738 1
1736 1738 1
1737 1738 1
1739 1738 1
1740 1738 1
1741 1738 1
1742 1738 1
1710 1739 1
1736 1739 1
1737 1739 1
1738 1739 1
1740 1739 1
1741 1739 1
1742 1739 1
1710 1740 1
1736 1740 1
1737 1740 1
1738 1740 1
1739 1740 1
1741 1740 1
1742 1740 1
1710 1741 1
1736 1741 1
1737 1741 1
1738 1741 1
1739 1741 1
1740 1741 1
1742 1741 1
231 1742 1
1710 1742 1
1736 1742 1
1737 1742 1
1738 1742 1
1739 1742 1
1740 1742 1
1741 1742 1
1767 1742 1
1768 1742 1
22 1743 1
23 1743 1
367 1744 1
290 1745 1
1746 1745 1
290 1746 1
1745 1746 1
119 1747 1
462 1747 1
349 1748 1
1749 1748 1
349 1749 1
1748 1749 1
297 1750 1
1751 1750 1
1752 1750 1
1753 1750 1
297 1751 1
1750 1751 1
1752 1751 1
1753 1751 1
297 1752 1
1750 1752 1
1751 1752 1
1753 1752 1
297 1753 1
1750 1753 1
1751 1753 1
1752 1753 1
175 1754 1
429 1754 1
175 1755 1
429 1755 1
1756 1755 1
175 1756 1
429 1756 1
1755 1756 1
513 1757 1
121 1758 1
145 1758 1
1759 1758 1
1760 1758 1
121 1759 2
142 1759 1
145 1759 1
1758 1759 1
1760 1759 1
121 1760 1
145 1760 1
1758 1760 1
1759 1760 1
206 1761 1
68 1762 1
69 1762 1
203 1762 1
336 1762 1
337 1762 1
1764 1763 1
1763 1764 1
501 1765 1
1132 1765 1
1239 1766 1
231 1767 1
1742 1767 1
1768 1767 1
231 1768 1
1742 1768 1
1767 1768 1
92 1769 1
121 1769 1
212 1769 1
243 1770 1
402 1770 1
519 1770 1
522 1770 1
337 1771 1
818 1771 1
98 1772 1
285 1772 1
602 1772 1
510 1773 1
525 1773 1
1774 1773 1
510 1774 1
525 1774 1
1773 1774 1
401 1775 1
1777 1776 1
1776 1777 1
126 1778 1
510 1778 1
525 1778 1
1779 1778 1
126 1779 1
510 1779 1
525 1779 1
1778 1779 1
542 1780 1
27 1781 1
1782 1781 1
1783 1781 1
27 1782 1
1781 1782 1
1783 1782 1
27 1783 1
1781 1783 1
1782 1783 1
177 1784 1
326 1785 2
1168 1785 2
239 1786 1
1079 1786 1
1787 1786 1
1788 1786 1
29 1787 1
234 1787 1
239 1787 1
484 1787 1
1079 1787 1
1786 1787 1
1788 1787 1
1825 1787 1
1826 1787 1
1827 1787 1
1828 1787 1
239 1788 1
1079 1788 1
1786 1788 1
1787 1788 1
121 1789 1
212 1789 1
1790 1789 1
1791 1789 1
121 1790 1
212 1790 1
1789 1790 1
1791 1790 1
121 1791 1
212 1791 1
1789 1791 1
1790 1791 1
38 1792 1
111 1792 1
149 1792 2
1821 1792 1
201 1793 1
237 1793 1
1794 1793 1
201 1794 1
237 1794 1
1793 1794 1
175 1795 1
240 1795 1
506 1795 1
136 1796 1
246 1796 1
575 1796 1
155 1797 1
1798 1797 1
155 1798 1
1797 1798 1
241 1799 1
1800 1799 1
241 1800 1
1799 1800 1
133 1801 1
1460 1801 1
1802 1801 1
133 1802 1
1460 1802 1
1801 1802 1
445 1803 1
473 1803 1
1090 1803 1
1804 1803 1
445 1804 1
473 1804 1
1090 1804 1
1803 1804 1
202 1805 1
261 1805 1
282 1805 1
7 1806 1
9 1806 1
25 1806 1
63 1806 1
221 1806 1
1807 1806 1
7 1807 1
9 1807 1
25 1807 1
63 1807 1
221 1807 1
1806 1807 1
22 1808 1
23 1808 1
428 1808 1
1640 1808 1
94 1809 1
131 1809 1
242 1809 1
1810 1809 1
94 1810 1
131 1810 1
242 1810 1
1809 1810 1
21 1811 1
158 1812 1
1813 1812 1
158 1813 1
1812 1813 1
209 1814 1
480 1814 1
1815 1814 1
209 1815 1
480 1815 1
1814 1815 1
333 1816 1
435 1816 1
1817 1816 1
1818 1816 1
333 1817 1
435 1817 1
1816 1817 1
1818 1817 1
333 1818 1
435 1818 1
1816 1818 1
1817 1818 1
335 1819 1
337 1819 1
1820 1819 1
335 1820 1
337 1820 1
1819 1820 1
149 1821 1
1792 1821 1
102 1822 1
372 1822 1
41 1823 2
246 1823 1
1658 1823 2
1824 1823 2
41 1824 2
246 1824 1
1658 1824 2
1823 1824 2
29 1825 1
234 1825 1
484 1825 1
1787 1825 1
1826 1825 1
1827 1825 1
1828 1825 1
29 1826 1
234 1826 1
484 1826 1
1787 1826 1
1825 1826 1
1827 1826 1
1828 1826 1
29 1827 1
234 1827 1
484 1827 1
1787 1827 1
1825 1827 1
1826 1827 1
1828 1827 1
29 1828 1
234 1828 1
484 1828 1
1787 1828 1
1825 1828 1
1826 1828 1
1827 1828 1
1830 1829 1
1831 1829 1
1832 1829 1
1833 1829 1
1829 1830 1
1831 1830 1
1832 1830 1
1833 1830 1
1829 1831 1
1830 1831 1
1832 1831 1
1833 1831 1
1829 1832 1
1830 1832 1
1831 1832 1
1833 1832 1
1829 1833 1
1830 1833 1
1831 1833 1
1832 1833 1
102 1834 1
1836 1835 1
1837 1835 1
1838 1835 1
1839 1835 1
1840 1835 1
1835 1836 1
1837 1836 1
1838 1836 1
1839 1836 1
1840 1836 1
1835 1837 1
1836 1837 1
1838 1837 1
1839 1837 1
1840 1837 1
1835 1838 1
1836 1838 1
1837 1838 1
1839 1838 1
1840 1838 1
1835 1839 1
1836 1839 1
1837 1839 1
1838 1839 1
1840 1839 1
1835 1840 1
1836 1840 1
1837 1840 1
1838 1840 1
1839 1840 1
359 1841 1
240 1842 1
506 1842 1
1679 1842 1
1701 1842 1
1 1843 1
4 1843 1
6 1843 1
494 1843 1
1844 1843 1
1 1844 1
4 1844 1
6 1844 1
494 1844 1
1843 1844 1
958 1845 1
235 1846 1
1271 1846 1
1847 1846 1
1848 1846 1
1849 1846 1
1850 1846 1
1851 1846 1
1852 1846 1
1853 1846 1
235 1847 1
1271 1847 1
1846 1847 1
1848 1847 1
1849 1847 1
1850 1847 1
1851 1847 1
1852 1847 1
1853 1847 1
235 1848 1
1271 1848 1
1846 1848 1
1847 1848 1
1849 1848 1
1850 1848 1
1851 1848 1
1852 1848 1
1853 1848 1
235 1849 1
1271 1849 1
1846 1849 1
1847 1849 1
1848 1849 1
1850 1849 1
1851 1849 1
1852 1849 1
1853 1849 1
235 1850 1
1271 1850 1
1846 1850 1
1847 1850 1
1848 1850 1
1849 1850 1
1851 1850 1
1852 1850 1
1853 1850 1
235 1851 1
1271 1851 1
1846 1851 1
1847 1851 1
1848 1851 1
1849 1851 1
1850 1851 1
1852 1851 1
1853 1851 1
235 1852 1
1271 1852 1
1846 1852 1
1847 1852 1
1848 1852 1
1849 1852 1
1850 1852 1
1851 1852 1
1853 1852 1
235 1853 1
1271 1853 1
1846 1853 1
1847 1853 1
1848 1853 1
1849 1853 1
1850 1853 1
1851 1853 1
1852 1853 1
1855 1854 1
1856 1854 1
1857 1854 1
1858 1854 1
1854 1855 1
1856 1855 1
1857 1855 1
1858 1855 1
1854 1856 1
1855 1856 1
1857 1856 2
1858 1856 3
1866 1856 1
1867 1856 2
1868 1856 2
1910 1856 1
1911 1856 1
1912 1856 1
1913 1856 1
1914 1856 1
1915 1856 1
1854 1857 1
1855 1857 1
1856 1857 2
1858 1857 2
1867 1857 1
1868 1857 1
1910 1857 1
1911 1857 1
1912 1857 1
1913 1857 1
1914 1857 1
1915 1857 1
1854 1858 1
1855 1858 1
1856 1858 3
1857 1858 2
1866 1858 1
1867 1858 2
1868 1858 2
1910 1858 1
1911 1858 1
1912 1858 1
1913 1858 1
1914 1858 1
1915 1858 1
1177 1859 1
1860 1859 1
1861 1859 1
1862 1859 1
1863 1859 1
1864 1859 1
1177 1860 1
1859 1860 1
1861 1860 1
1862 1860 1
1863 1860 1
1864 1860 1
1177 1861 1
1859 1861 1
1860 1861 1
1862 1861 1
1863 1861 1
1864 1861 1
1177 1862 1
1859 1862 1
1860 1862 1
1861 1862 1
1863 1862 1
1864 1862 1
1177 1863 1
1859 1863 1
1860 1863 1
1861 1863 1
1862 1863 1
1864 1863 1
1177 1864 1
1859 1864 1
1860 1864 1
1861 1864 1
1862 1864 1
1863 1864 1
211 1865 1
537 1865 1
1344 1865 1
1856 1866 1
1858 1866 1
1867 1866 1
1868 1866 1
1856 1867 2
1857 1867 1
1858 1867 2
1866 1867 1
1868 1867 2
1910 1867 1
1911 1867 1
1912 1867 1
1913 1867 1
1914 1867 1
1915 1867 1
1856 1868 2
1857 1868 1
1858 1868 2
1866 1868 1
1867 1868 2
1910 1868 1
1911 1868 1
1912 1868 1
1913 1868 1
1914 1868 1
1915 1868 1
1870 1869 1
1871 1869 1
1869 1870 1
1871 1870 1
1869 1871 1
1870 1871 1
462 1872 1
1874 1873 1
1875 1873 1
1873 1874 1
1875 1874 1
1873 1875 1
1874 1875 1
262 1876 1
1878 1877 1
1879 1877 1
1880 1877 1
1877 1878 1
1879 1878 1
1880 1878 1
1877 1879 1
1878 1879 1
1880 1879 1
1877 1880 1
1878 1880 1
1879 1880 1
155 1881 1
958 1882 1
126 1883 1
525 1883 1
1647 1884 1
679 1885 1
1546 1885 1
272 1886 1
275 1886 1
1230 1887 1
1239 1887 1
1888 1887 1
1889 1887 1
1890 1887 1
1230 1888 1
1239 1888 1
1887 1888 1
1889 1888 1
1890 1888 1
1230 1889 1
1239 1889 1
1887 1889 1
1888 1889 1
1890 1889 1
1230 1890 1
1239 1890 1
1887 1890 1
1888 1890 1
1889 1890 1
1892 1891 1
1891 1892 1
435 1893 1
489 1893 1
1494 1893 1
1894 1893 1
435 1894 1
489 1894 1
1494 1894 1
1893 1894 1
150 1895 1
1679 1895 1
1680 1895 1
1897 1896 1
1898 1896 1
1899 1896 1
1896 1897 1
1898 1897 1
1899 1897 1
1896 1898 1
1897 1898 1
1899 1898 1
1896 1899 1
1897 1899 1
1898 1899 1
347 1900 1
1901 1900 1
1902 1900 1
1903 1900 1
1904 1900 1
1905 1900 1
347 1901 1
1900 1901 1
1902 1901 1
1903 1901 1
1904 1901 1
1905 1901 1
347 1902 1
1900 1902 1
1901 1902 1
1903 1902 1
1904 1902 1
1905 1902 1
347 1903 1
1900 1903 1
1901 1903 1
1902 1903 1
1904 1903 1
1905 1903 1
347 1904 1
1900 1904 1
1901 1904 1
1902 1904 1
1903 1904 1
1905 1904 1
347 1905 1
1900 1905 1
1901 1905 1
1902 1905 1
1903 1905 1
1904 1905 1
126 1906 1
136 1906 1
524 1906 1
525 1906 2
1907 1906 1
1908 1906 1
525 1907 1
1906 1907 1
1908 1907 1
525 1908 1
1906 1908 1
1907 1908 1
370 1909 1
378 1909 1
1856 1910 1
1857 1910 1
1858 1910 1
1867 1910 1
1868 1910 1
1911 1910 1
1912 1910 1
1913 1910 1
1914 1910 1
1915 1910 1
1856 1911 1
1857 1911 1
1858 1911 1
1867 1911 1
1868 1911 1
1910 1911 1
1912 1911 1
1913 1911 1
1914 1911 1
1915 1911 1
1856 1912 1
1857 1912 1
1858 1912 1
1867 1912 1
1868 1912 1
1910 1912 1
1911 1912 1
1913 1912 1
1914 1912 1
1915 1912 1
1856 1913 1
1857 1913 1
1858 1913 1
1867 1913 1
1868 1913 1
1910 1913 1
1911 1913 1
1912 1913 1
1914 1913 1
1915 1913 1
1856 1914 1
1857 1914 1
1858 1914 1
1867 1914 1
1868 1914 1
1910 1914 1
1911 1914 1
1912 1914 1
1913 1914 1
1915 1914 1
1856 1915 1
1857 1915 1
1858 1915 1
1867 1915 1
1868 1915 1
1910 1915 1
1911 1915 1
1912 1915 1
1913 1915 1
1914 1915 1
1917 1916 1
1916 1917 1
651 1918 1
1919 1918 1
651 1919 1
1918 1919 1
240 1920 1
506 1920 1
1921 1920 1
1922 1920 1
240 1921 1
506 1921 1
1920 1921 1
1922 1921 1
240 1922 1
506 1922 1
1920 1922 1
1921 1922 1
143 1923 1
195 1923 1
549 1923 1
293 1924 1
1925 1924 1
293 1925 1
1924 1925 1
1927 1926 1
1926 1927 1
174 1928 1
589 1928 1
1929 1928 1
1930 1928 1
174 1929 1
589 1929 1
1928 1929 1
1930 1929 1
174 1930 1
589 1930 1
1928 1930 1
1929 1930 1
1932 1931 1
1931 1932 1
240 1933 1
429 1933 1
506 1933 1
1103 1934 1
1935 1934 1
1936 1934 1
1103 1935 1
1934 1935 1
1936 1935 1
1103 1936 1
1934 1936 1
1935 1936 1
214 1937 1
286 1937 1
716 1937 1
141 1938 1
771 1938 1
34 1939 1
141 1939 1
1681 1939 1
360 1940 1
1941 1940 1
360 1941 1
1940 1941 1
133 1942 1
576 1942 1
590 1942 1
1943 1942 1
133 1943 1
576 1943 1
590 1943 1
1942 1943 1
224 1944 1
275 1944 1
1474 1944 1
