84 1 1
501 1 1
303 2 1
1078 2 1
625 3 1
626 3 1
641 3 1
676 3 1
21 4 1
64 4 1
113 4 2
114 4 3
709 4 1
1120 4 1
14 5 1
690 6 1
224 7 1
303 7 1
443 7 1
474 8 2
561 8 2
289 9 1
388 9 1
24 10 1
629 10 1
686 10 1
747 10 1
493 11 1
789 11 1
790 11 1
23 12 1
99 12 1
249 12 1
1079 12 1
77 13 1
544 13 1
794 13 1
5 14 1
92 15 1
109 15 4
180 15 1
305 15 1
313 15 1
339 15 2
346 15 2
728 15 1
773 15 1
746 16 1
18 17 1
123 17 1
129 17 1
130 17 1
165 17 1
166 17 1
17 18 1
123 18 2
129 18 1
130 18 1
165 18 1
166 18 1
482 18 2
533 18 1
535 18 1
651 18 1
46 19 1
485 20 1
1106 20 1
4 21 1
113 21 1
114 21 1
1120 21 1
288 22 1
292 22 1
12 23 1
99 23 1
1079 23 1
10 24 1
629 24 1
652 24 1
686 24 1
747 24 1
1110 24 1
1111 24 1
92 25 1
93 26 1
67 27 1
601 27 1
628 27 1
755 27 1
77 28 1
294 28 1
672 29 1
680 29 1
306 30 1
614 31 1
637 31 1
74 32 1
633 33 1
278 34 1
300 34 1
368 34 1
58 35 2
187 35 1
470 35 1
749 35 1
1058 35 1
1090 35 1
386 36 1
265 37 1
401 37 1
422 37 1
150 38 1
231 38 1
177 39 1
983 39 1
1068 40 1
1069 40 1
126 41 1
294 42 1
302 42 1
391 42 1
579 43 1
1017 43 1
1184 43 1
477 44 1
734 44 1
58 45 1
1154 45 1
1155 45 1
19 46 1
378 46 1
750 46 1
156 47 1
302 47 1
325 47 1
347 48 1
732 48 1
771 49 1
149 50 1
592 50 1
731 50 1
57 51 2
927 52 1
303 53 1
316 53 1
317 53 1
142 54 2
315 54 1
328 54 1
556 54 1
817 54 1
846 54 1
548 55 1
753 55 1
131 56 1
595 56 1
51 57 2
35 58 2
45 58 1
73 58 2
80 58 1
187 58 1
207 58 1
470 58 1
692 58 1
777 58 1
1058 58 1
1090 58 1
1107 58 1
924 59 1
136 60 1
195 60 2
362 60 2
492 60 1
1131 60 1
1160 60 1
762 61 1
104 62 1
213 62 1
214 62 1
383 62 1
459 62 1
1025 62 1
707 63 1
901 63 1
4 64 1
114 64 1
709 64 1
608 65 1
609 65 2
942 65 1
1178 65 1
753 66 1
27 67 1
601 67 1
628 67 1
755 67 1
838 68 1
498 69 1
788 70 1
927 70 1
1185 70 1
1186 70 1
375 71 1
691 71 1
872 71 1
1195 71 1
1196 71 1
81 72 1
58 73 2
80 73 3
147 73 1
777 73 1
931 73 1
32 74 1
520 75 1
921 75 1
98 76 1
13 77 1
28 77 1
147 77 1
294 77 1
391 77 1
404 77 1
433 77 1
544 77 1
794 77 1
155 78 1
163 78 2
429 78 1
941 78 1
1157 78 1
1158 78 1
98 79 1
58 80 1
73 80 3
147 80 1
931 80 1
72 81 1
250 81 1
381 81 2
533 82 1
1088 82 1
106 83 1
730 83 1
1 84 1
501 84 1
96 85 1
117 85 1
104 86 1
196 86 1
279 86 1
365 86 1
621 86 1
293 87 1
713 87 1
818 87 2
89 88 1
88 89 1
966 90 1
408 91 1
15 92 1
25 92 1
313 92 1
26 93 1
841 93 1
970 93 1
320 94 2
878 94 1
149 95 1
85 96 1
117 96 1
1056 97 1
76 98 1
79 98 1
172 98 2
353 98 1
398 98 1
423 98 1
462 98 1
681 98 1
802 98 1
841 98 1
1020 98 1
12 99 1
23 99 1
1079 99 1
143 100 1
739 100 2
207 101 1
703 101 1
1007 101 1
171 102 1
295 103 1
552 103 1
62 104 1
86 104 1
196 104 1
279 104 1
365 104 1
474 104 1
621 104 1
820 104 4
851 104 1
852 104 1
1025 104 1
153 105 1
285 105 1
534 105 1
83 106 1
730 106 1
177 107 1
121 108 1
122 108 1
173 108 1
699 108 1
701 108 1
806 108 1
995 108 1
15 109 4
339 109 2
772 109 1
773 109 1
145 110 1
244 110 1
138 111 1
409 111 1
466 111 2
764 111 1
1089 111 1
561 112 1
4 113 2
21 113 1
114 113 3
132 113 1
1120 113 1
4 114 3
21 114 1
64 114 1
113 114 3
132 114 1
453 114 1
481 114 2
513 114 2
709 114 1
835 114 1
1120 114 1
175 115 1
898 115 1
899 115 1
900 115 1
922 116 1
85 117 1
96 117 1
234 118 1
568 118 1
410 119 1
471 119 1
1118 119 1
1141 119 1
567 120 1
721 120 1
742 120 1
1193 120 1
108 121 1
557 121 1
699 121 1
735 121 1
736 121 1
108 122 1
806 122 1
17 123 1
18 123 2
129 123 1
130 123 1
165 123 1
166 123 1
535 123 1
970 124 2
971 124 1
989 124 1
201 125 1
215 125 1
577 125 1
41 126 1
1152 126 1
712 127 1
559 128 1
17 129 1
18 129 1
123 129 1
130 129 1
165 129 1
166 129 1
17 130 1
18 130 1
123 130 1
129 130 1
165 130 1
166 130 1
56 131 1
595 131 1
113 132 1
114 132 1
243 132 1
386 132 1
134 133 1
135 133 1
183 133 1
1132 133 1
1133 133 1
1134 133 1
133 134 1
135 134 1
183 134 1
1132 134 1
1133 134 1
1134 134 1
133 135 1
134 135 1
183 135 1
760 135 1
1081 135 1
1132 135 1
1133 135 1
1134 135 1
1230 135 1
60 136 1
1160 136 1
451 137 1
623 137 1
661 137 1
1051 137 1
111 138 1
409 138 1
764 138 1
1089 138 1
730 139 1
1148 139 1
1164 139 1
1057 140 1
569 141 1
858 141 1
1173 141 1
1174 141 1
54 142 2
556 142 1
817 142 1
846 142 1
100 143 1
739 143 1
537 144 1
110 145 1
244 145 1
436 146 2
73 147 1
77 147 1
80 147 1
294 147 1
306 147 3
358 147 1
433 147 1
931 147 1
726 148 1
1191 148 1
1192 148 1
50 149 1
95 149 1
159 149 4
163 149 1
233 149 3
283 149 2
325 149 1
372 149 2
373 149 2
380 149 1
381 149 1
382 149 1
397 149 1
414 149 2
449 149 1
592 149 1
731 149 1
38 150 1
231 150 1
974 151 1
160 152 1
918 152 1
105 153 1
259 153 1
285 153 1
434 153 1
519 153 1
534 153 1
669 153 2
799 153 1
800 153 1
848 153 1
159 154 1
330 154 1
820 154 1
821 154 1
78 155 1
801 155 1
1136 155 1
47 156 1
323 156 1
325 156 1
479 156 1
354 157 1
877 157 1
350 158 1
149 159 4
154 159 1
163 159 1
233 159 1
283 159 1
330 159 1
396 159 1
414 159 2
437 159 2
449 159 1
820 159 1
821 159 1
152 160 1
918 160 1
370 161 1
615 161 1
1135 161 1
163 162 1
189 162 1
486 162 1
1124 162 1
78 163 2
149 163 1
159 163 1
162 163 1
189 163 2
233 163 1
239 163 1
362 163 1
389 163 1
403 163 1
439 163 1
457 163 1
483 163 2
486 163 2
490 163 2
711 163 1
775 163 3
896 163 1
941 163 1
1121 163 1
1122 163 1
1123 163 1
1124 163 1
200 164 1
202 164 1
302 164 1
17 165 1
18 165 1
123 165 1
129 165 1
130 165 1
166 165 1
17 166 1
18 166 1
123 166 1
129 166 1
130 166 1
165 166 1
177 167 1
892 168 1
895 169 1
258 170 1
102 171 1
522 171 1
1005 171 1
98 172 2
261 172 1
398 172 1
423 172 1
688 172 1
802 172 1
1034 172 1
1035 172 1
1036 172 1
108 173 1
466 173 1
484 173 1
594 173 1
995 173 1
402 174 1
446 174 1
115 175 1
898 175 1
899 175 1
900 175 1
730 176 1
979 176 1
981 176 1
39 177 1
107 177 1
167 177 1
233 177 1
306 177 2
336 177 1
344 177 1
362 177 2
428 177 2
448 177 1
582 177 1
583 177 1
983 177 1
179 178 1
459 178 1
635 178 1
994 178 1
1006 178 1
178 179 1
15 180 1
346 180 1
258 181 1
247 182 2
133 183 1
134 183 1
135 183 1
1132 183 1
1133 183 1
1134 183 1
185 184 2
468 184 2
184 185 2
468 185 2
236 186 1
340 186 2
497 186 1
685 186 1
788 186 1
35 187 1
58 187 1
470 187 1
1090 187 1
286 188 1
410 188 1
162 189 1
163 189 2
486 189 2
711 189 1
896 189 1
1124 189 1
264 190 1
698 190 1
1197 190 1
1198 190 1
1199 190 1
1200 190 1
1201 190 1
411 191 1
885 191 1
352 192 1
976 192 1
407 193 1
816 193 1
199 194 1
230 194 1
60 195 2
362 195 2
604 195 1
86 196 1
104 196 1
279 196 1
365 196 1
621 196 1
209 197 1
210 197 1
211 197 1
520 197 1
937 197 1
238 198 1
194 199 1
230 199 1
164 200 1
125 201 1
215 201 1
577 201 1
164 202 1
302 202 1
219 203 1
516 203 1
855 204 1
232 205 1
738 205 1
1105 205 1
644 206 1
653 206 1
668 206 1
902 206 1
58 207 1
101 207 1
703 207 1
1007 207 1
353 208 1
197 209 1
210 209 1
211 209 1
520 209 2
744 209 1
937 209 1
197 210 1
209 210 1
211 210 1
520 210 1
937 210 1
197 211 1
209 211 1
210 211 1
520 211 1
937 211 1
585 212 1
884 212 1
62 213 1
214 213 1
383 213 1
459 213 2
62 214 1
213 214 1
383 214 2
125 215 1
201 215 1
216 215 1
577 215 1
215 216 1
946 217 1
978 218 1
203 219 1
253 219 1
303 219 5
505 219 1
525 219 1
1071 219 1
886 220 1
887 220 1
888 220 1
503 221 1
767 221 1
768 221 1
273 222 1
434 223 1
519 223 1
819 223 1
7 224 1
438 225 1
774 225 1
775 225 1
828 225 1
913 225 1
914 225 1
915 225 1
955 225 1
533 226 1
796 227 1
1003 228 1
303 229 1
345 229 1
589 229 1
993 229 1
194 230 1
199 230 1
38 231 1
150 231 1
362 231 1
418 231 1
481 231 1
485 231 1
873 231 1
1009 231 1
205 232 1
738 232 1
1105 232 1
149 233 3
159 233 1
163 233 1
177 233 1
288 233 1
863 233 1
118 234 1
568 234 1
420 235 1
616 235 1
1071 235 1
1226 235 1
186 236 1
340 236 1
497 236 1
399 237 1
405 237 1
198 238 1
163 239 1
483 239 1
650 240 1
853 240 1
854 240 1
677 241 1
750 241 1
1112 241 1
1211 241 1
841 242 1
965 242 1
132 243 1
590 243 1
718 243 1
719 243 1
110 244 1
145 244 1
1049 245 1
1050 245 1
409 246 1
714 246 1
715 246 1
716 246 1
717 246 1
182 247 2
655 248 1
891 248 1
12 249 1
81 250 1
381 250 1
391 251 1
504 251 1
923 251 1
1147 252 1
219 253 1
254 253 2
255 253 3
303 253 1
392 253 1
471 253 1
542 253 1
1161 253 1
1162 253 1
253 254 2
255 254 4
392 254 1
542 254 1
1144 254 1
1145 254 1
1228 254 1
1229 254 1
253 255 3
254 255 4
392 255 1
471 255 2
542 255 1
1109 255 1
1144 255 1
1145 255 1
1161 255 1
1162 255 1
409 256 1
527 256 1
723 256 1
1169 256 1
1170 256 1
1171 256 1
1172 256 1
296 257 1
784 257 1
785 257 1
170 258 1
181 258 1
332 258 1
153 259 1
799 259 1
800 259 1
638 260 1
682 260 1
745 260 1
172 261 1
551 261 1
620 261 1
697 261 1
849 261 1
943 261 2
964 261 1
984 261 1
992 261 1
1034 261 1
1091 261 1
999 262 1
1000 262 1
1001 262 1
267 263 1
402 263 1
190 264 1
698 264 1
1197 264 1
1198 264 1
1199 264 1
1200 264 1
1201 264 1
37 265 1
401 265 1
422 265 1
803 266 1
829 266 1
830 266 1
831 266 1
944 266 1
263 267 1
402 267 1
293 268 1
303 268 1
318 268 1
1074 268 1
290 269 1
364 269 1
474 269 1
320 270 1
606 270 1
607 270 2
596 271 1
751 271 1
671 272 1
222 273 1
967 274 1
304 275 1
591 275 1
624 275 1
331 276 1
287 277 1
977 277 1
34 278 1
300 278 1
368 278 1
86 279 1
104 279 1
196 279 1
365 279 1
621 279 1
881 280 1
399 281 1
406 281 1
410 281 1
871 282 1
149 283 2
159 283 1
373 283 1
414 283 1
506 283 1
555 284 1
105 285 1
153 285 1
534 285 1
949 285 1
950 285 1
188 286 1
410 286 1
277 287 1
319 287 4
517 287 1
861 287 1
959 287 1
960 287 1
961 287 1
977 287 1
22 288 1
233 288 1
292 288 1
298 288 1
357 288 1
863 288 1
9 289 1
356 289 1
367 289 1
388 289 1
269 290 1
314 290 1
327 290 2
364 290 4
607 290 1
636 290 1
778 290 1
779 290 1
780 290 1
781 290 1
327 291 1
1004 291 1
22 292 1
288 292 1
87 293 1
268 293 1
1074 293 1
28 294 1
42 294 1
77 294 1
147 294 1
377 294 1
419 294 1
421 294 1
879 294 1
103 295 1
552 295 1
257 296 1
297 296 1
617 296 1
627 296 1
678 296 1
693 296 1
784 296 1
785 296 1
296 297 1
288 298 1
1093 299 1
1094 299 1
34 300 1
278 300 1
368 300 1
832 301 1
42 302 1
47 302 1
164 302 1
202 302 1
304 302 1
391 302 1
475 302 1
508 302 1
1070 302 1
2 303 1
7 303 1
53 303 1
219 303 5
229 303 1
253 303 1
268 303 1
316 303 1
317 303 1
318 303 1
333 303 1
341 303 1
342 303 1
442 303 1
443 303 1
505 303 1
589 303 1
993 303 1
1078 303 1
275 304 1
302 304 1
475 304 1
571 304 1
624 304 2
1070 304 1
15 305 1
30 306 1
147 306 3
177 306 2
310 306 1
336 306 1
358 306 1
385 306 1
428 306 1
520 306 1
1012 306 1
1013 306 1
677 307 1
312 308 1
938 309 2
306 310 1
385 310 1
369 311 1
740 311 1
308 312 1
15 313 1
92 313 1
290 314 1
807 314 1
908 314 1
919 314 1
1045 314 1
54 315 1
328 315 1
53 316 1
303 316 1
317 316 1
53 317 1
303 317 1
316 317 1
268 318 1
303 318 1
287 319 4
94 320 2
270 320 1
607 320 1
878 320 1
533 321 1
337 322 1
338 322 1
455 322 1
156 323 1
1073 324 1
47 325 1
149 325 1
156 325 1
522 325 1
1043 325 1
1044 325 1
518 326 1
290 327 2
291 327 1
364 327 2
607 327 1
636 327 1
940 327 1
991 327 1
1004 327 1
54 328 1
315 328 1
1040 329 1
154 330 1
159 330 1
820 330 1
821 330 1
276 331 1
408 331 1
1026 331 1
258 332 1
303 333 1
355 334 2
618 334 1
1021 334 1
1037 334 1
814 335 1
177 336 1
306 336 1
428 336 1
322 337 1
338 337 1
322 338 1
337 338 1
15 339 2
109 339 2
704 339 1
186 340 2
236 340 1
497 340 1
788 340 1
303 341 1
342 341 1
303 342 1
341 342 1
874 343 1
177 344 1
229 345 1
15 346 2
180 346 1
48 347 1
502 348 1
945 348 1
521 349 2
526 349 1
158 350 1
361 351 1
192 352 1
976 352 1
98 353 1
208 353 1
1020 353 1
157 354 1
334 355 2
618 355 1
1037 355 1
289 356 1
367 356 1
581 356 1
288 357 1
147 358 1
306 358 1
425 359 1
998 359 1
1018 359 1
1101 359 1
1102 359 1
1103 359 1
424 360 1
930 360 1
351 361 1
60 362 2
163 362 1
177 362 2
195 362 2
231 362 1
426 362 1
428 362 1
481 362 3
491 362 2
513 362 2
560 362 1
725 362 1
759 362 2
839 362 1
840 362 1
863 362 1
1009 362 1
1017 362 1
364 363 1
269 364 1
290 364 4
327 364 2
363 364 1
607 364 1
636 364 2
757 364 1
86 365 1
104 365 1
196 365 1
279 365 1
621 365 1
643 366 1
836 366 1
289 367 1
356 367 1
34 368 1
278 368 1
300 368 1
311 369 1
161 370 1
1135 370 1
412 371 1
427 371 1
149 372 2
373 372 2
437 372 3
590 372 2
1142 372 1
149 373 2
283 373 1
372 373 2
858 373 1
388 374 1
71 375 1
1195 375 1
1196 375 1
452 376 1
294 377 1
46 378 1
475 378 1
632 378 1
750 378 2
815 378 1
450 379 3
1126 379 1
149 380 1
381 380 1
382 380 1
463 380 1
792 380 1
793 380 1
81 381 2
149 381 1
250 381 1
380 381 1
382 381 2
149 382 1
380 382 1
381 382 2
415 382 1
449 382 1
62 383 1
213 383 1
214 383 2
451 383 1
386 384 1
465 384 1
1129 384 1
1130 384 1
306 385 1
310 385 1
36 386 1
132 386 1
384 386 1
439 386 1
645 386 1
710 386 1
1104 386 1
1129 386 1
1130 386 1
1194 386 1
483 387 1
1224 387 1
1225 387 1
9 388 1
289 388 1
374 388 1
163 389 1
423 389 1
939 389 2
1202 389 1
1203 389 1
523 390 1
42 391 1
77 391 1
251 391 1
302 391 1
404 391 1
504 391 1
923 391 1
253 392 1
254 392 1
255 392 1
394 393 1
478 393 1
491 393 1
782 393 1
783 393 1
1190 393 1
1218 393 1
393 394 1
478 394 1
468 395 1
478 395 1
488 395 2
1119 395 1
159 396 1
149 397 1
98 398 1
172 398 1
423 398 1
802 398 1
803 398 1
237 399 1
281 399 1
405 399 1
406 399 1
722 399 1
754 399 1
1227 399 1
566 400 1
833 400 1
834 400 1
37 401 1
265 401 1
422 401 1
174 402 1
263 402 1
267 402 1
510 402 1
727 402 1
163 403 1
986 403 1
77 404 1
391 404 1
237 405 1
399 405 1
797 405 1
798 405 1
281 406 1
399 406 1
193 407 1
816 407 1
91 408 1
331 408 1
423 408 1
659 408 1
825 408 1
111 409 1
138 409 1
246 409 1
256 409 1
527 409 1
714 409 1
715 409 1
716 409 1
717 409 1
723 409 1
764 409 1
1089 409 1
1095 409 1
1169 409 1
1170 409 1
1171 409 1
1172 409 1
119 410 1
188 410 1
281 410 1
286 410 1
471 410 2
1118 410 1
1141 410 1
1205 410 1
1209 410 1
1210 410 1
191 411 1
885 411 1
371 412 1
427 412 1
1153 413 1
149 414 2
159 414 2
283 414 1
382 415 1
1159 416 1
499 417 1
500 417 1
795 417 1
231 418 1
294 419 1
879 419 1
235 420 1
294 421 1
37 422 1
265 422 1
401 422 1
98 423 1
172 423 1
389 423 1
398 423 1
408 423 1
424 423 1
554 423 1
677 423 1
802 423 1
850 423 1
862 423 1
894 423 1
951 423 1
1010 423 1
1011 423 1
1080 423 1
1125 423 1
360 424 1
423 424 1
550 424 1
975 424 1
359 425 1
362 426 1
863 426 1
371 427 1
412 427 1
177 428 2
306 428 1
336 428 1
362 428 1
78 429 1
941 429 1
953 430 1
432 431 1
1157 431 1
1212 431 1
1213 431 1
1214 431 1
431 432 1
77 433 1
147 433 1
153 434 1
223 434 1
519 434 2
819 434 1
543 435 1
1143 435 1
146 436 2
159 437 2
372 437 3
590 437 2
916 437 1
917 437 1
225 438 1
913 438 1
914 438 1
915 438 1
163 439 1
386 439 1
440 439 1
441 439 1
584 439 1
1076 439 1
439 440 1
584 440 1
1076 440 1
439 441 1
303 442 1
7 443 1
303 443 1
445 444 1
444 445 1
174 446 1
761 446 1
782 446 1
875 446 1
876 446 1
877 446 1
934 446 1
456 447 1
750 447 2
763 447 1
837 447 1
1058 447 1
177 448 1
149 449 1
159 449 1
382 449 1
379 450 3
1126 450 1
137 451 1
383 451 1
623 451 1
661 451 1
1051 451 1
376 452 1
114 453 1
481 453 1
513 453 2
612 453 1
613 453 1
614 453 1
692 453 1
1008 453 1
1009 453 1
973 454 1
322 455 1
447 456 1
163 457 1
706 457 1
775 457 1
947 457 2
1231 457 1
459 458 1
687 458 1
1215 458 1
1216 458 1
62 459 1
178 459 1
213 459 2
458 459 1
675 459 1
687 459 1
904 459 1
905 459 1
1156 460 1
897 461 1
98 462 1
724 462 1
927 462 3
1023 462 1
1024 462 1
380 463 1
472 464 1
1031 464 1
384 465 1
1061 465 1
111 466 2
173 466 1
467 466 2
468 466 1
488 466 2
594 466 1
1118 466 1
1141 466 1
1163 466 1
466 467 2
468 467 2
487 467 1
488 467 2
184 468 2
185 468 2
395 468 1
466 468 1
467 468 2
487 468 2
488 468 2
987 468 1
988 468 1
1119 468 1
932 469 1
35 470 1
58 470 1
187 470 1
1090 470 1
119 471 1
253 471 1
255 471 2
410 471 2
1109 471 1
1118 471 1
1141 471 1
1161 471 1
1162 471 1
464 472 1
852 473 1
1002 473 1
8 474 2
104 474 1
269 474 1
475 474 5
561 474 3
596 474 1
751 474 2
852 474 2
912 474 1
1062 474 1
1063 474 1
1064 474 3
302 475 1
304 475 1
378 475 1
474 475 5
561 475 1
596 475 1
815 475 1
912 475 1
1063 475 1
1064 475 3
1070 475 1
782 476 1
44 477 1
393 478 1
394 478 1
395 478 1
488 478 1
156 479 1
927 480 1
1007 480 1
114 481 2
231 481 1
362 481 3
453 481 1
483 481 1
491 481 1
513 481 2
725 481 1
1009 481 1
18 482 2
533 482 1
651 482 1
163 483 2
239 483 1
387 483 1
481 483 1
1121 483 1
1122 483 1
1123 483 1
1224 483 1
1225 483 1
173 484 1
20 485 1
231 485 1
1106 485 1
162 486 1
163 486 2
189 486 2
711 486 1
743 486 1
896 486 1
1124 486 1
467 487 1
468 487 2
395 488 2
466 488 2
467 488 2
468 488 2
478 488 1
532 488 1
948 488 1
1116 488 1
1117 488 1
1118 488 1
1119 488 2
1053 489 1
1054 489 1
1055 489 1
163 490 2
362 491 2
393 491 1
481 491 1
492 491 1
839 491 1
840 491 1
1190 491 2
1218 491 1
60 492 1
491 492 1
1131 492 1
1190 492 1
11 493 1
789 493 1
790 493 1
495 494 1
496 494 1
494 495 1
494 496 1
186 497 1
236 497 1
340 497 1
69 498 1
417 499 1
500 499 2
795 499 1
417 500 1
499 500 2
795 500 1
1 501 1
84 501 1
348 502 1
572 502 1
903 502 1
945 502 1
221 503 1
767 503 1
768 503 1
1187 503 1
1188 503 1
251 504 1
391 504 1
923 504 1
219 505 1
303 505 1
283 506 1
507 506 1
506 507 1
1183 507 1
302 508 1
1096 509 1
402 510 1
727 510 1
512 511 6
566 511 1
511 512 6
114 513 2
362 513 2
453 513 2
481 513 2
841 513 1
1017 513 1
569 514 1
576 514 2
933 514 1
826 515 1
827 515 1
203 516 1
287 517 1
326 518 1
153 519 1
223 519 1
434 519 2
819 519 1
907 519 1
75 520 1
197 520 1
209 520 2
210 520 1
211 520 1
306 520 1
921 520 1
937 520 1
349 521 2
171 522 1
325 522 1
1005 522 1
390 523 1
968 524 1
969 524 1
219 525 1
1071 525 1
349 526 1
256 527 1
409 527 1
539 527 1
684 527 1
723 527 1
1169 527 1
1170 527 1
1171 527 1
1172 527 1
1207 527 1
1208 527 1
529 528 1
893 528 1
528 529 1
587 529 2
772 529 1
893 529 1
957 529 1
1029 530 5
1033 531 1
488 532 1
18 533 1
82 533 1
226 533 1
321 533 1
482 533 1
956 533 1
1088 533 1
105 534 1
153 534 1
285 534 1
18 535 1
123 535 1
566 536 1
929 536 1
144 537 1
578 538 1
776 538 1
527 539 1
684 539 1
1207 539 1
1208 539 1
541 540 2
1027 540 1
1028 540 1
540 541 2
653 541 1
951 541 1
952 541 1
1027 541 1
1028 541 1
253 542 1
254 542 1
255 542 1
435 543 1
1143 543 1
13 544 1
77 544 1
794 544 1
558 545 1
1067 546 1
603 547 1
55 548 1
753 548 1
677 549 1
424 550 1
261 551 1
103 552 1
295 552 1
562 552 1
638 553 1
423 554 1
894 554 1
284 555 1
954 555 1
54 556 1
142 556 1
817 556 1
121 557 1
735 557 1
545 558 1
836 558 1
128 559 1
362 560 1
8 561 2
112 561 1
474 561 3
475 561 1
769 561 1
1077 561 1
552 562 1
787 562 2
824 562 1
847 562 1
830 563 1
979 564 2
1175 564 2
1176 564 1
803 565 1
1150 565 1
400 566 1
511 566 1
536 566 1
833 566 1
834 566 1
929 566 1
120 567 1
721 567 1
742 567 1
1193 567 1
118 568 1
234 568 1
141 569 1
514 569 1
858 569 1
1173 569 1
1174 569 1
1108 570 1
1114 570 1
1115 570 1
304 571 1
624 571 1
502 572 1
903 572 1
607 573 1
636 573 1
649 573 1
660 573 1
694 574 1
657 575 1
720 575 1
514 576 2
880 576 1
125 577 1
201 577 1
215 577 1
538 578 1
776 578 1
43 579 1
1017 579 1
1184 579 1
1149 580 1
356 581 1
177 582 1
583 582 1
177 583 1
582 583 1
439 584 1
440 584 1
1076 584 1
212 585 1
882 585 1
883 585 1
884 585 1
1113 585 1
737 586 1
529 587 2
958 587 1
963 587 1
920 588 1
229 589 1
303 589 1
993 589 1
243 590 1
372 590 2
437 590 2
718 590 1
719 590 1
275 591 1
50 592 1
149 592 1
731 592 1
670 593 1
683 593 1
173 594 1
466 594 1
56 595 1
131 595 1
271 596 1
474 596 1
475 596 1
751 596 1
1063 596 1
1064 596 1
598 597 1
599 597 1
597 598 1
599 598 2
719 598 1
597 599 1
598 599 2
719 599 1
605 600 1
27 601 1
67 601 1
628 601 1
755 601 1
756 602 1
765 602 1
547 603 1
195 604 1
600 605 1
270 606 1
607 606 1
270 607 2
290 607 1
320 607 1
327 607 1
364 607 1
573 607 1
606 607 1
636 607 2
663 607 1
889 607 1
65 608 1
609 608 1
1178 608 1
65 609 2
608 609 1
942 609 1
1178 609 1
647 610 1
1030 611 1
1086 611 1
453 612 1
613 612 1
614 612 1
692 612 1
1008 612 1
1009 612 1
453 613 1
612 613 1
614 613 1
692 613 1
1008 613 1
1009 613 1
31 614 1
453 614 1
612 614 1
613 614 1
692 614 1
1008 614 1
1009 614 1
161 615 1
235 616 1
1071 616 1
1226 616 1
296 617 1
627 617 1
334 618 1
355 618 1
748 619 1
261 620 1
86 621 1
104 621 1
196 621 1
279 621 1
365 621 1
640 622 1
137 623 1
451 623 1
661 623 1
1051 623 1
275 624 1
304 624 2
571 624 1
3 625 1
626 625 1
641 625 1
676 625 1
679 625 1
1087 625 1
3 626 1
625 626 1
641 626 1
676 626 1
296 627 1
617 627 1
27 628 1
67 628 1
601 628 1
755 628 1
10 629 1
24 629 1
686 629 1
747 629 1
695 630 1
696 630 1
748 631 1
752 631 1
927 631 1
1066 631 1
1112 631 1
1177 631 1
378 632 1
748 632 1
791 632 1
33 633 1
988 633 1
674 634 1
178 635 1
1006 635 1
290 636 1
327 636 1
364 636 2
573 636 1
607 636 2
757 636 1
1052 636 1
31 637 1
646 637 1
260 638 1
553 638 1
745 638 1
662 639 1
864 639 1
865 639 1
866 639 1
867 639 1
622 640 1
3 641 1
625 641 1
626 641 1
676 641 1
658 642 1
366 643 1
206 644 1
668 644 1
386 645 1
637 646 1
610 647 1
906 648 2
573 649 1
660 649 1
240 650 1
853 650 1
854 650 1
18 651 1
482 651 1
24 652 1
1110 652 1
1111 652 1
206 653 1
541 653 1
902 653 1
951 653 2
952 653 1
980 654 1
982 654 1
248 655 1
891 655 1
822 656 1
823 656 1
575 657 1
720 657 1
642 658 1
408 659 1
825 659 1
573 660 1
649 660 1
137 661 1
451 661 1
623 661 1
1051 661 1
639 662 1
664 662 1
766 662 1
864 662 1
865 662 1
866 662 1
867 662 1
607 663 1
662 664 1
766 664 1
666 665 1
665 666 1
1092 667 1
206 668 1
644 668 1
153 669 2
848 669 1
593 670 1
683 670 1
852 670 1
1032 670 1
272 671 1
29 672 1
680 672 1
730 673 1
843 673 1
634 674 1
459 675 1
3 676 1
625 676 1
626 676 1
641 676 1
241 677 1
307 677 1
423 677 1
549 677 1
763 677 1
296 678 1
625 679 1
1087 679 1
29 680 1
672 680 1
98 681 1
260 682 1
593 683 1
670 683 1
527 684 1
539 684 1
1207 684 1
1208 684 1
186 685 1
10 686 1
24 686 1
629 686 1
747 686 1
458 687 1
459 687 1
172 688 1
890 689 1
6 690 1
928 690 1
71 691 1
1015 691 1
1016 691 1
58 692 1
453 692 1
612 692 1
613 692 1
614 692 1
1008 692 1
1009 692 1
296 693 1
574 694 1
630 695 1
696 695 1
630 696 1
695 696 1
261 697 1
190 698 1
264 698 1
1197 698 1
1198 698 1
1199 698 1
1200 698 1
1201 698 1
108 699 1
121 699 1
719 700 1
748 700 1
1220 700 1
1221 700 1
1222 700 1
1223 700 1
108 701 1
1075 702 1
101 703 1
207 703 1
1007 703 1
339 704 1
716 705 1
741 705 1
457 706 1
1231 706 1
63 707 1
770 708 1
4 709 1
64 709 1
114 709 1
386 710 1
1194 710 1
163 711 1
189 711 1
486 711 1
896 711 1
127 712 1
87 713 1
246 714 1
409 714 1
715 714 1
716 714 1
717 714 1
246 715 1
409 715 1
714 715 1
716 715 1
717 715 1
246 716 1
409 716 1
705 716 1
714 716 1
715 716 1
717 716 1
741 716 1
246 717 1
409 717 1
714 717 1
715 717 1
716 717 1
841 717 1
243 718 1
590 718 1
719 718 1
243 719 1
590 719 1
598 719 1
599 719 1
700 719 1
718 719 1
748 719 1
1220 719 1
1221 719 1
1222 719 1
1223 719 1
575 720 1
657 720 1
120 721 1
567 721 1
742 721 1
764 721 1
1165 721 1
1166 721 1
1193 721 1
399 722 1
754 722 1
1227 722 1
256 723 1
409 723 1
527 723 1
1169 723 1
1170 723 1
1171 723 1
1172 723 1
462 724 1
1023 724 1
362 725 1
481 725 1
148 726 1
1191 726 1
1192 726 1
402 727 1
510 727 1
15 728 1
763 729 1
928 729 1
962 729 1
83 730 1
106 730 1
139 730 1
176 730 1
673 730 1
843 730 1
844 730 1
845 730 2
979 730 2
981 730 1
1148 730 1
50 731 1
149 731 1
592 731 1
48 732 1
1014 733 1
44 734 1
121 735 1
557 735 1
121 736 1
586 737 1
205 738 1
232 738 1
1105 738 1
100 739 2
143 739 1
311 740 1
705 741 1
716 741 1
120 742 1
567 742 1
721 742 1
1193 742 1
486 743 1
209 744 1
260 745 1
638 745 1
16 746 1
10 747 1
24 747 1
629 747 1
686 747 1
619 748 1
631 748 1
632 748 1
700 748 1
719 748 1
791 748 1
1066 748 1
1220 748 1
1221 748 1
1222 748 1
1223 748 1
35 749 1
46 750 1
241 750 1
378 750 2
447 750 2
763 750 1
837 750 1
1112 750 1
1211 750 1
271 751 1
474 751 2
596 751 1
890 751 2
891 751 2
631 752 1
1112 752 1
55 753 1
66 753 1
548 753 1
399 754 1
722 754 1
1227 754 1
27 755 1
67 755 1
601 755 1
628 755 1
602 756 1
765 756 1
364 757 1
636 757 1
810 758 1
811 758 1
812 758 1
813 758 1
836 758 1
362 759 2
135 760 1
1081 760 1
446 761 1
782 761 1
875 761 1
876 761 1
877 761 1
61 762 1
1038 762 1
1039 762 1
1206 762 1
447 763 1
677 763 1
729 763 1
750 763 1
928 763 1
962 763 3
1167 763 1
1168 763 1
111 764 1
138 764 1
409 764 1
721 764 1
1089 764 1
1165 764 1
1166 764 1
602 765 1
756 765 1
662 766 1
664 766 1
221 767 1
503 767 1
768 767 1
221 768 1
503 768 1
767 768 1
561 769 1
708 770 1
49 771 1
109 772 1
529 772 1
15 773 1
109 773 1
225 774 1
775 774 1
163 775 3
225 775 1
457 775 1
774 775 1
538 776 1
578 776 1
58 777 1
73 777 1
290 778 1
779 778 1
780 778 1
781 778 1
290 779 1
778 779 1
780 779 1
781 779 1
290 780 1
778 780 1
779 780 1
781 780 1
290 781 1
778 781 1
779 781 1
780 781 1
393 782 1
446 782 1
476 782 1
761 782 1
783 782 1
875 782 1
876 782 1
877 782 1
393 783 1
782 783 1
257 784 1
296 784 1
785 784 1
257 785 1
296 785 1
784 785 1
787 786 1
562 787 2
786 787 1
847 787 1
70 788 1
186 788 1
340 788 1
927 788 1
11 789 1
493 789 1
790 789 1
11 790 1
493 790 1
789 790 1
632 791 1
748 791 1
380 792 1
793 792 1
380 793 1
792 793 1
13 794 1
77 794 1
544 794 1
417 795 1
499 795 1
500 795 1
227 796 1
405 797 1
798 797 1
405 798 1
797 798 1
153 799 1
259 799 1
800 799 1
153 800 1
259 800 1
799 800 1
155 801 1
98 802 1
172 802 1
398 802 1
423 802 1
266 803 1
398 803 1
565 803 1
944 803 1
1150 803 1
805 804 1
804 805 1
108 806 1
122 806 1
314 807 1
809 808 1
808 809 1
758 810 1
811 810 1
812 810 1
813 810 1
758 811 1
810 811 1
812 811 1
813 811 1
758 812 1
810 812 1
811 812 1
813 812 1
758 813 1
810 813 1
811 813 1
812 813 1
335 814 1
378 815 1
475 815 1
193 816 1
407 816 1
54 817 1
142 817 1
556 817 1
87 818 2
223 819 1
434 819 1
519 819 1
104 820 4
154 820 1
159 820 1
330 820 1
821 820 1
851 820 1
154 821 1
159 821 1
330 821 1
820 821 1
656 822 1
823 822 1
656 823 1
822 823 1
968 823 1
562 824 1
408 825 1
659 825 1
515 826 1
827 826 1
515 827 1
826 827 1
225 828 1
266 829 1
830 829 1
831 829 1
266 830 1
563 830 1
829 830 1
831 830 1
266 831 1
829 831 1
830 831 1
301 832 1
400 833 1
566 833 1
834 833 1
400 834 1
566 834 1
833 834 1
114 835 1
366 836 1
558 836 1
758 836 1
447 837 1
750 837 1
68 838 1
362 839 1
491 839 1
840 839 2
841 839 1
842 839 1
362 840 1
491 840 1
839 840 2
841 840 1
842 840 1
93 841 1
98 841 1
242 841 1
513 841 1
717 841 1
839 841 1
840 841 1
842 841 1
965 841 1
970 841 2
971 841 1
972 841 1
1072 841 1
1127 841 1
1128 841 1
839 842 1
840 842 1
841 842 1
673 843 1
730 843 1
730 844 1
845 844 1
730 845 2
844 845 1
979 845 1
54 846 1
142 846 1
562 847 1
787 847 1
153 848 1
669 848 1
261 849 1
423 850 1
104 851 1
820 851 1
104 852 1
473 852 1
474 852 2
670 852 1
1002 852 1
1062 852 1
240 853 1
650 853 1
854 853 1
240 854 1
650 854 1
853 854 1
204 855 1
857 856 1
856 857 1
141 858 1
373 858 1
569 858 1
861 858 1
1173 858 1
1174 858 1
860 859 1
859 860 1
287 861 1
858 861 1
869 861 1
870 861 1
1048 861 1
1146 861 2
423 862 1
233 863 1
288 863 1
362 863 1
426 863 1
639 864 1
662 864 1
865 864 1
866 864 1
867 864 1
639 865 1
662 865 1
864 865 1
866 865 1
867 865 1
639 866 1
662 866 1
864 866 1
865 866 1
867 866 1
639 867 1
662 867 1
864 867 1
865 867 1
866 867 1
869 868 1
870 868 1
861 869 1
868 869 1
870 869 1
861 870 1
868 870 1
869 870 1
282 871 1
71 872 1
231 873 1
343 874 1
897 874 1
446 875 1
761 875 1
782 875 1
876 875 1
877 875 1
446 876 1
761 876 1
782 876 1
875 876 1
877 876 1
157 877 1
446 877 1
761 877 1
782 877 1
875 877 1
876 877 1
94 878 1
320 878 1
294 879 1
419 879 1
576 880 1
280 881 1
1022 881 1
585 882 1
883 882 1
585 883 1
882 883 1
212 884 1
585 884 1
191 885 1
411 885 1
220 886 1
887 886 1
888 886 1
220 887 1
886 887 1
888 887 1
220 888 1
886 888 1
887 888 1
607 889 1
689 890 1
751 890 2
891 890 2
248 891 1
655 891 1
751 891 2
890 891 2
168 892 1
528 893 1
529 893 1
423 894 1
554 894 1
169 895 1
163 896 1
189 896 1
486 896 1
711 896 1
461 897 1
874 897 1
115 898 1
175 898 1
899 898 1
900 898 1
115 899 1
175 899 1
898 899 1
900 899 1
115 900 1
175 900 1
898 900 1
899 900 1
63 901 1
206 902 1
653 902 1
502 903 1
572 903 1
459 904 1
905 904 1
459 905 1
904 905 1
648 906 2
519 907 1
314 908 1
910 909 1
911 909 1
909 910 1
911 910 1
909 911 1
910 911 1
474 912 1
475 912 1
225 913 1
438 913 1
914 913 1
915 913 1
225 914 1
438 914 1
913 914 1
915 914 1
225 915 1
438 915 1
913 915 1
914 915 1
437 916 1
437 917 1
985 917 1
1108 917 1
152 918 1
160 918 1
314 919 1
588 920 1
75 921 1
520 921 1
116 922 1
251 923 1
391 923 1
504 923 1
59 924 1
926 925 1
925 926 1
52 927 1
70 927 1
462 927 3
480 927 1
631 927 1
788 927 1
1007 927 1
1165 927 1
1177 927 1
1181 927 1
1182 927 1
1204 927 1
690 928 1
729 928 1
763 928 1
962 928 1
536 929 1
566 929 1
360 930 1
73 931 1
80 931 1
147 931 1
469 932 1
514 933 1
446 934 1
936 935 1
935 936 1
197 937 1
209 937 1
210 937 1
211 937 1
520 937 1
309 938 2
389 939 2
1202 939 1
1203 939 1
327 940 1
78 941 1
163 941 1
429 941 1
65 942 1
609 942 1
1138 942 1
1139 942 1
1140 942 1
261 943 2
266 944 1
803 944 1
348 945 1
502 945 1
217 946 1
1019 946 1
1219 946 1
457 947 2
488 948 1
285 949 1
950 949 1
285 950 1
949 950 1
423 951 1
541 951 1
653 951 2
952 951 1
541 952 1
653 952 1
951 952 1
430 953 1
555 954 1
225 955 1
533 956 1
529 957 1
587 958 1
287 959 1
960 959 1
961 959 1
287 960 1
959 960 1
961 960 1
287 961 1
959 961 1
960 961 1
729 962 1
763 962 3
928 962 1
587 963 1
261 964 1
992 964 1
242 965 1
841 965 1
90 966 1
274 967 1
524 968 1
823 968 1
969 968 1
524 969 1
968 969 1
93 970 1
124 970 2
841 970 2
971 970 2
972 970 1
989 970 1
124 971 1
841 971 1
970 971 2
972 971 1
989 971 1
990 971 1
841 972 1
970 972 1
971 972 1
454 973 1
151 974 1
424 975 1
192 976 1
352 976 1
277 977 1
287 977 1
218 978 1
176 979 1
564 979 2
730 979 2
845 979 1
981 979 1
1175 979 2
1176 979 1
654 980 1
176 981 1
730 981 1
979 981 1
654 982 1
39 983 1
177 983 1
261 984 1
917 985 1
1108 985 1
403 986 1
468 987 1
988 987 1
468 988 1
633 988 1
987 988 1
124 989 1
970 989 1
971 989 1
971 990 1
327 991 1
261 992 1
964 992 1
229 993 1
303 993 1
589 993 1
178 994 1
108 995 1
173 995 1
997 996 1
996 997 1
359 998 1
262 999 1
1000 999 1
1001 999 1
262 1000 1
999 1000 1
1001 1000 1
262 1001 1
999 1001 1
1000 1001 1
473 1002 1
852 1002 1
228 1003 1
291 1004 1
327 1004 1
171 1005 1
522 1005 1
178 1006 1
635 1006 1
101 1007 1
207 1007 1
480 1007 1
703 1007 1
927 1007 1
453 1008 1
612 1008 1
613 1008 1
614 1008 1
692 1008 1
1009 1008 1
231 1009 1
362 1009 1
453 1009 1
481 1009 1
612 1009 1
613 1009 1
614 1009 1
692 1009 1
1008 1009 1
423 1010 1
1011 1010 1
423 1011 1
1010 1011 1
1151 1011 1
306 1012 1
306 1013 1
733 1014 1
691 1015 1
1016 1015 1
691 1016 1
1015 1016 1
43 1017 1
362 1017 1
513 1017 1
579 1017 1
1184 1017 1
359 1018 1
946 1019 1
98 1020 1
353 1020 1
334 1021 1
881 1022 1
462 1023 1
724 1023 1
462 1024 1
62 1025 1
104 1025 1
331 1026 1
540 1027 1
541 1027 1
1028 1027 1
540 1028 1
541 1028 1
1027 1028 1
530 1029 5
611 1030 1
464 1031 1
670 1032 1
531 1033 1
172 1034 1
261 1034 1
172 1035 1
1036 1035 1
172 1036 1
1035 1036 1
334 1037 1
355 1037 1
762 1038 1
1039 1038 1
762 1039 1
1038 1039 1
329 1040 1
1042 1041 1
1041 1042 1
325 1043 1
325 1044 1
314 1045 1
1047 1046 1
1046 1047 1
861 1048 1
245 1049 1
1050 1049 1
245 1050 1
1049 1050 1
137 1051 1
451 1051 1
623 1051 1
661 1051 1
636 1052 1
489 1053 1
489 1054 1
489 1055 1
97 1056 1
140 1057 1
35 1058 1
58 1058 1
447 1058 1
1060 1059 1
1059 1060 1
465 1061 1
1189 1061 1
474 1062 1
852 1062 1
474 1063 1
475 1063 1
596 1063 1
1064 1063 1
474 1064 3
475 1064 3
596 1064 1
1063 1064 1
1137 1065 1
631 1066 1
748 1066 1
546 1067 1
40 1068 1
1069 1068 1
40 1069 1
1068 1069 1
302 1070 1
304 1070 1
475 1070 1
219 1071 1
235 1071 1
525 1071 1
616 1071 1
1226 1071 1
841 1072 1
324 1073 1
268 1074 1
293 1074 1
702 1075 1
439 1076 1
440 1076 1
584 1076 1
561 1077 1
2 1078 1
303 1078 1
12 1079 1
23 1079 1
99 1079 1
423 1080 1
135 1081 1
760 1081 1
1083 1082 2
1082 1083 2
1085 1084 1
1084 1085 1
611 1086 1
625 1087 1
679 1087 1
82 1088 1
533 1088 1
111 1089 1
138 1089 1
409 1089 1
764 1089 1
35 1090 1
58 1090 1
187 1090 1
470 1090 1
261 1091 1
667 1092 1
299 1093 1
299 1094 1
409 1095 1
509 1096 1
1098 1097 1
1097 1098 1
1100 1099 1
1099 1100 1
359 1101 1
359 1102 1
359 1103 1
386 1104 1
205 1105 1
232 1105 1
738 1105 1
20 1106 1
485 1106 1
58 1107 1
570 1108 1
917 1108 1
985 1108 1
1114 1108 1
1115 1108 1
255 1109 1
471 1109 1
24 1110 1
652 1110 1
1111 1110 1
24 1111 1
652 1111 1
1110 1111 1
241 1112 1
631 1112 1
750 1112 1
752 1112 1
1211 1112 1
585 1113 1
570 1114 1
1108 1114 1
1115 1114 1
570 1115 1
1108 1115 1
1114 1115 1
488 1116 1
1117 1116 1
1118 1116 1
1119 1116 1
1163 1116 1
1217 1116 1
488 1117 1
1116 1117 1
1118 1117 1
1119 1117 1
119 1118 1
410 1118 1
466 1118 1
471 1118 1
488 1118 1
1116 1118 1
1117 1118 1
1119 1118 1
1141 1118 2
1163 1118 1
395 1119 1
468 1119 1
488 1119 2
1116 1119 1
1117 1119 1
1118 1119 1
4 1120 1
21 1120 1
113 1120 1
114 1120 1
163 1121 1
483 1121 1
1122 1121 1
1123 1121 1
163 1122 1
483 1122 1
1121 1122 1
1123 1122 1
163 1123 1
483 1123 1
1121 1123 1
1122 1123 1
162 1124 1
163 1124 1
189 1124 1
486 1124 1
423 1125 1
379 1126 1
450 1126 1
841 1127 1
1128 1127 1
841 1128 1
1127 1128 1
384 1129 1
386 1129 1
1130 1129 1
384 1130 1
386 1130 1
1129 1130 1
60 1131 1
492 1131 1
133 1132 1
134 1132 1
135 1132 1
183 1132 1
1133 1132 1
1134 1132 1
133 1133 1
134 1133 1
135 1133 1
183 1133 1
1132 1133 1
1134 1133 1
133 1134 1
134 1134 1
135 1134 1
183 1134 1
1132 1134 1
1133 1134 1
161 1135 1
370 1135 1
155 1136 1
1065 1137 1
942 1138 1
1139 1138 1
1140 1138 1
942 1139 1
1138 1139 1
1140 1139 1
942 1140 1
1138 1140 1
1139 1140 1
119 1141 1
410 1141 1
466 1141 1
471 1141 1
1118 1141 2
1163 1141 1
372 1142 1
435 1143 1
543 1143 1
254 1144 1
255 1144 1
1145 1144 1
254 1145 1
255 1145 1
1144 1145 1
861 1146 2
252 1147 1
139 1148 1
730 1148 1
580 1149 1
565 1150 1
803 1150 1
1011 1151 1
126 1152 1
413 1153 1
45 1154 1
1155 1154 1
45 1155 1
1154 1155 1
460 1156 1
78 1157 1
431 1157 1
1158 1157 1
1212 1157 1
1213 1157 1
1214 1157 1
78 1158 1
1157 1158 1
416 1159 1
60 1160 1
136 1160 1
253 1161 1
255 1161 1
471 1161 1
1162 1161 1
253 1162 1
255 1162 1
471 1162 1
1161 1162 1
466 1163 1
1116 1163 1
1118 1163 1
1141 1163 1
1217 1163 1
139 1164 1
721 1165 1
764 1165 1
927 1165 1
1166 1165 1
1204 1165 1
721 1166 1
764 1166 1
1165 1166 1
763 1167 1
1168 1167 1
763 1168 1
1167 1168 1
256 1169 1
409 1169 1
527 1169 1
723 1169 1
1170 1169 1
1171 1169 1
1172 1169 1
256 1170 1
409 1170 1
527 1170 1
723 1170 1
1169 1170 1
1171 1170 1
1172 1170 1
256 1171 1
409 1171 1
527 1171 1
723 1171 1
1169 1171 1
1170 1171 1
1172 1171 1
256 1172 1
409 1172 1
527 1172 1
723 1172 1
1169 1172 1
1170 1172 1
1171 1172 1
141 1173 1
569 1173 1
858 1173 1
1174 1173 1
141 1174 1
569 1174 1
858 1174 1
1173 1174 1
564 1175 2
979 1175 2
1176 1175 1
564 1176 1
979 1176 1
1175 1176 1
631 1177 1
927 1177 1
65 1178 1
608 1178 1
609 1178 1
1180 1179 1
1179 1180 1
927 1181 1
1182 1181 1
927 1182 1
1181 1182 1
507 1183 1
43 1184 1
579 1184 1
1017 1184 1
70 1185 1
1186 1185 1
70 1186 1
1185 1186 1
503 1187 1
1188 1187 1
503 1188 1
1187 1188 1
1061 1189 1
393 1190 1
491 1190 2
492 1190 1
1218 1190 1
148 1191 1
726 1191 1
1192 1191 1
148 1192 1
726 1192 1
1191 1192 1
120 1193 1
567 1193 1
721 1193 1
742 1193 1
386 1194 1
710 1194 1
71 1195 1
375 1195 1
1196 1195 1
71 1196 1
375 1196 1
1195 1196 1
190 1197 1
264 1197 1
698 1197 1
1198 1197 1
1199 1197 1
1200 1197 1
1201 1197 1
190 1198 1
264 1198 1
698 1198 1
1197 1198 1
1199 1198 1
1200 1198 1
1201 1198 1
190 1199 1
264 1199 1
698 1199 1
1197 1199 1
1198 1199 1
1200 1199 1
1201 1199 1
190 1200 1
264 1200 1
698 1200 1
1197 1200 1
1198 1200 1
1199 1200 1
1201 1200 1
190 1201 1
264 1201 1
698 1201 1
1197 1201 1
1198 1201 1
1199 1201 1
1200 1201 1
389 1202 1
939 1202 1
1203 1202 1
389 1203 1
939 1203 1
1202 1203 1
927 1204 1
1165 1204 1
410 1205 1
762 1206 1
527 1207 1
539 1207 1
684 1207 1
1208 1207 1
527 1208 1
539 1208 1
684 1208 1
1207 1208 1
410 1209 1
1210 1209 1
410 1210 1
1209 1210 1
241 1211 1
750 1211 1
1112 1211 1
431 1212 1
1157 1212 1
1213 1212 1
1214 1212 1
431 1213 1
1157 1213 1
1212 1213 1
1214 1213 1
431 1214 1
1157 1214 1
1212 1214 1
1213 1214 1
458 1215 1
1216 1215 1
458 1216 1
1215 1216 1
1116 1217 1
1163 1217 1
393 1218 1
491 1218 1
1190 1218 1
946 1219 1
700 1220 1
719 1220 1
748 1220 1
1221 1220 1
1222 1220 1
1223 1220 1
700 1221 1
719 1221 1
748 1221 1
1220 1221 1
1222 1221 1
1223 1221 1
700 1222 1
719 1222 1
748 1222 1
1220 1222 1
1221 1222 1
1223 1222 1
700 1223 1
719 1223 1
748 1223 1
1220 1223 1
1221 1223 1
1222 1223 1
387 1224 1
483 1224 1
1225 1224 1
387 1225 1
483 1225 1
1224 1225 1
235 1226 1
616 1226 1
1071 1226 1
399 1227 1
722 1227 1
754 1227 1
254 1228 1
1229 1228 1
254 1229 1
1228 1229 1
135 1230 1
457 1231 1
706 1231 1
