40 1 1
47 1 1
48 1 1
3 2 1
387 2 1
388 2 1
2 3 1
387 3 1
388 3 1
22 4 1
93 4 1
14 5 1
147 5 1
7 6 2
121 6 2
126 6 2
171 6 1
172 6 1
272 6 1
394 6 1
416 6 1
421 6 1
6 7 2
8 7 1
105 7 1
170 7 1
171 7 1
172 7 1
325 7 1
394 7 1
7 8 1
105 8 1
170 8 1
325 8 1
20 9 1
186 9 1
315 9 1
316 9 1
117 10 1
236 10 1
257 10 1
282 10 1
290 10 1
314 10 1
30 11 1
56 11 1
57 11 1
92 11 1
138 11 1
153 11 1
220 11 1
410 11 1
13 12 1
49 12 1
142 12 1
143 12 1
12 13 1
23 13 2
49 13 3
80 13 1
142 13 1
143 13 1
144 13 1
174 13 1
179 13 1
224 13 1
5 14 1
147 14 1
16 15 1
31 15 1
110 15 1
15 16 1
31 16 1
110 16 1
187 17 1
385 17 1
165 18 1
82 19 1
223 19 1
9 20 1
186 20 1
315 20 1
316 20 1
75 21 1
109 21 1
112 21 1
4 22 1
93 22 1
13 23 2
49 23 1
179 23 1
224 23 1
25 24 1
26 24 1
24 25 1
26 25 1
24 26 1
25 26 1
28 27 2
216 27 1
217 27 1
254 27 1
291 27 1
411 27 1
27 28 2
216 28 1
217 28 1
254 28 1
291 28 1
411 28 1
71 29 1
11 30 1
56 30 1
92 30 1
138 30 1
153 30 1
15 31 1
16 31 1
110 31 1
33 32 1
406 32 1
32 33 1
196 33 1
289 33 1
323 33 1
327 33 1
347 33 1
369 33 1
406 33 1
87 34 1
278 34 1
386 34 1
36 35 1
183 35 1
361 35 1
362 35 1
363 35 1
35 36 1
183 36 1
361 36 1
362 36 1
363 36 1
82 37 1
190 37 1
382 37 1
383 37 1
384 37 1
44 38 1
89 38 1
260 38 1
261 38 1
293 38 1
132 39 1
193 39 1
1 40 1
47 40 1
48 40 1
390 41 1
391 41 1
402 42 1
432 43 1
38 44 1
89 44 1
260 44 1
261 44 1
293 44 1
91 45 1
307 45 1
443 45 1
173 46 1
248 46 1
1 47 1
40 47 1
48 47 1
1 48 1
40 48 1
47 48 1
12 49 1
13 49 3
23 49 1
142 49 1
143 49 1
144 49 1
67 50 1
68 50 1
52 51 1
124 51 1
51 52 1
124 52 1
70 53 1
156 53 1
55 54 1
96 54 1
125 54 1
54 55 1
80 55 1
96 55 1
125 55 1
198 55 1
445 55 1
11 56 1
30 56 1
92 56 1
138 56 1
153 56 1
11 57 1
166 57 1
220 57 1
410 57 1
160 58 1
161 58 1
417 58 1
366 59 1
86 60 2
136 60 1
339 60 1
192 61 1
240 61 1
299 61 1
63 62 1
64 62 1
62 63 1
64 63 1
62 64 1
63 64 1
275 65 1
300 65 1
301 65 1
331 65 1
131 66 1
227 66 1
229 66 1
304 66 1
305 66 1
50 67 1
68 67 1
50 68 1
67 68 1
137 69 1
177 69 1
53 70 1
156 70 1
29 71 1
133 71 1
213 71 1
73 72 1
243 72 1
72 73 1
243 73 1
399 74 1
21 75 1
109 75 2
112 75 1
221 75 1
242 75 1
269 75 1
302 76 1
435 76 1
79 77 2
140 77 1
141 77 2
392 77 1
419 77 1
311 78 1
312 78 1
313 78 1
77 79 2
80 79 1
81 79 1
90 79 1
140 79 1
141 79 2
202 79 1
239 79 1
319 79 1
380 79 1
392 79 1
419 79 1
13 80 1
55 80 1
79 80 1
81 80 1
90 80 1
174 80 1
445 80 1
79 81 1
80 81 1
90 81 1
19 82 1
37 82 1
83 82 1
119 82 2
127 82 1
128 82 1
190 82 1
223 82 1
225 82 1
237 82 1
238 82 3
365 82 1
382 82 1
383 82 1
384 82 1
82 83 1
128 83 1
238 83 1
85 84 1
271 84 1
294 84 1
84 85 1
271 85 1
294 85 1
60 86 2
136 86 1
339 86 1
34 87 1
278 87 1
386 87 1
367 88 1
38 89 1
44 89 1
260 89 1
261 89 1
293 89 1
79 90 1
80 90 1
81 90 1
45 91 1
307 91 1
443 91 1
11 92 1
30 92 1
56 92 1
138 92 1
153 92 1
4 93 1
22 93 1
95 94 1
162 94 1
94 95 1
162 95 1
54 96 1
55 96 1
125 96 1
412 96 1
413 96 1
98 97 1
97 98 1
181 99 1
280 99 1
422 99 1
423 99 1
185 100 1
306 100 1
433 100 1
159 101 1
197 101 1
308 101 2
355 101 2
430 101 1
145 102 1
441 102 1
442 102 1
104 103 1
158 103 1
103 104 1
158 104 1
7 105 1
8 105 1
170 105 1
325 105 1
107 106 1
108 106 1
263 106 1
264 106 1
310 106 1
404 106 1
106 107 1
263 107 1
264 107 1
106 108 1
310 108 1
404 108 1
21 109 1
75 109 2
112 109 1
15 110 1
16 110 1
31 110 1
270 111 1
273 111 1
296 111 1
21 112 1
75 112 1
109 112 1
134 113 1
340 113 1
375 113 1
407 114 1
408 114 1
358 115 1
359 115 1
166 116 1
200 116 1
10 117 1
236 117 1
257 117 1
282 117 1
290 117 1
314 117 1
148 118 1
149 118 1
150 118 1
151 118 1
152 118 1
82 119 2
225 119 1
365 119 1
439 120 1
440 120 1
6 121 2
126 121 2
272 121 1
416 121 1
421 121 1
139 122 1
395 122 1
178 123 1
51 124 1
52 124 1
54 125 1
55 125 1
96 125 1
6 126 2
121 126 2
272 126 1
416 126 1
421 126 1
82 127 1
238 127 1
82 128 1
83 128 1
238 128 1
393 129 1
326 130 1
364 130 1
429 130 1
66 131 1
227 131 1
229 131 1
304 131 1
305 131 1
39 132 1
193 132 1
71 133 1
135 133 1
191 133 1
213 133 1
277 133 1
346 133 1
113 134 1
340 134 1
375 134 1
133 135 1
191 135 1
277 135 1
346 135 1
60 136 1
86 136 1
69 137 1
177 137 1
11 138 1
30 138 1
56 138 1
92 138 1
153 138 1
122 139 1
395 139 1
77 140 1
79 140 1
141 140 1
392 140 1
77 141 2
79 141 2
140 141 1
377 141 1
378 141 1
392 141 1
419 141 1
12 142 1
13 142 1
49 142 1
143 142 1
12 143 1
13 143 1
49 143 1
142 143 1
13 144 1
49 144 1
102 145 1
441 145 1
442 145 1
324 146 1
336 146 1
337 146 1
5 147 1
14 147 1
118 148 1
149 148 1
150 148 1
151 148 1
152 148 1
118 149 1
148 149 1
150 149 1
151 149 1
152 149 1
118 150 1
148 150 1
149 150 1
151 150 1
152 150 1
118 151 1
148 151 1
149 151 1
150 151 1
152 151 1
118 152 1
148 152 1
149 152 1
150 152 1
151 152 1
11 153 1
30 153 1
56 153 1
92 153 1
138 153 1
155 154 1
154 155 1
53 156 1
70 156 1
164 157 1
103 158 1
104 158 1
101 159 1
197 159 1
58 160 1
161 160 1
417 160 1
58 161 1
160 161 1
417 161 1
94 162 1
95 162 1
204 163 1
157 164 1
18 165 1
57 166 1
116 166 1
168 167 1
431 167 1
167 168 1
431 168 1
324 169 1
7 170 1
8 170 1
105 170 1
325 170 1
6 171 1
7 171 1
172 171 1
6 172 1
7 172 1
171 172 1
46 173 1
248 173 1
13 174 1
80 174 1
199 175 1
230 175 1
232 175 1
184 176 1
286 176 1
424 176 1
425 176 1
69 177 1
137 177 1
123 178 1
13 179 1
23 179 1
224 179 1
403 180 1
99 181 1
280 181 1
422 181 1
423 181 1
211 182 1
256 182 1
318 182 1
35 183 1
36 183 1
361 183 1
362 183 1
363 183 1
176 184 1
286 184 1
424 184 1
425 184 1
100 185 1
306 185 1
433 185 1
9 186 1
20 186 1
315 186 1
316 186 1
17 187 1
385 187 1
356 188 1
357 188 1
245 189 1
246 189 1
255 189 1
37 190 1
82 190 1
382 190 1
383 190 1
384 190 1
133 191 1
135 191 1
277 191 1
346 191 1
61 192 1
240 192 1
299 192 1
39 193 1
132 193 1
195 194 1
276 194 1
350 194 1
368 194 1
381 194 1
194 195 1
276 195 1
368 195 1
33 196 1
323 196 1
327 196 1
347 196 1
101 197 1
159 197 1
55 198 1
200 198 1
268 198 1
338 198 1
376 198 1
175 199 1
230 199 1
116 200 1
198 200 1
208 201 1
212 201 2
215 201 1
265 201 1
79 202 1
239 202 1
319 202 1
244 203 1
352 203 1
353 203 1
163 204 1
206 205 1
207 205 1
241 205 1
205 206 1
207 206 1
241 206 1
205 207 1
206 207 1
241 207 1
201 208 1
212 208 1
231 209 1
298 209 1
325 210 1
333 210 1
334 210 1
335 210 1
182 211 1
256 211 1
318 211 1
201 212 2
208 212 1
215 212 1
265 212 1
71 213 1
133 213 1
226 214 1
258 214 1
420 214 1
201 215 1
212 215 1
265 215 1
27 216 1
28 216 1
291 216 1
27 217 1
28 217 1
254 217 1
411 217 1
219 218 1
251 218 1
252 218 1
253 218 1
401 218 1
218 219 1
251 219 1
252 219 1
253 219 1
401 219 1
11 220 1
57 220 1
410 220 1
75 221 1
242 221 1
269 221 1
320 222 1
19 223 1
82 223 1
13 224 1
23 224 1
179 224 1
82 225 1
119 225 1
214 226 1
420 226 1
66 227 1
131 227 1
229 227 1
304 227 1
305 227 1
249 228 1
250 228 1
66 229 1
131 229 1
227 229 1
304 229 1
305 229 1
175 230 1
199 230 1
209 231 1
298 231 1
175 232 1
262 233 1
405 233 1
235 234 1
234 235 1
389 235 1
10 236 1
117 236 1
257 236 1
279 236 1
282 236 1
290 236 1
314 236 1
82 237 1
238 237 1
82 238 3
83 238 1
127 238 1
128 238 1
237 238 1
79 239 1
202 239 1
319 239 1
61 240 1
192 240 1
299 240 1
205 241 1
206 241 1
207 241 1
75 242 1
221 242 1
269 242 1
72 243 1
73 243 1
203 244 1
352 244 1
353 244 1
189 245 1
246 245 1
255 245 1
189 246 1
245 246 1
255 246 1
317 247 1
329 247 1
330 247 1
46 248 1
173 248 1
228 249 1
250 249 1
228 250 1
249 250 1
218 251 1
219 251 1
252 251 1
253 251 1
401 251 1
218 252 1
219 252 1
251 252 1
253 252 1
401 252 1
218 253 1
219 253 1
251 253 1
252 253 1
401 253 1
27 254 1
28 254 1
217 254 1
411 254 1
189 255 1
245 255 1
246 255 1
182 256 1
211 256 1
318 256 1
10 257 1
117 257 1
236 257 1
282 257 1
290 257 1
314 257 1
214 258 1
281 259 1
370 259 1
38 260 1
44 260 1
89 260 1
261 260 1
293 260 1
38 261 1
44 261 1
89 261 1
260 261 1
293 261 1
233 262 1
405 262 1
106 263 1
107 263 1
264 263 1
106 264 1
107 264 1
263 264 1
201 265 1
212 265 1
215 265 1
267 266 1
396 266 1
266 267 1
396 267 1
198 268 1
338 268 1
376 268 1
75 269 1
221 269 1
242 269 1
111 270 1
273 270 1
296 270 1
84 271 1
85 271 1
294 271 1
6 272 1
121 272 1
126 272 1
416 272 1
111 273 1
270 273 1
296 273 1
426 274 1
427 274 1
65 275 1
300 275 1
301 275 1
331 275 1
194 276 1
195 276 1
368 276 1
133 277 1
135 277 1
191 277 1
346 277 1
34 278 1
87 278 1
386 278 1
236 279 1
99 280 1
181 280 1
422 280 1
423 280 1
259 281 1
370 281 1
10 282 1
117 282 1
236 282 1
257 282 1
290 282 1
314 282 1
354 283 1
321 284 1
322 284 1
444 285 1
176 286 1
184 286 1
424 286 1
425 286 1
288 287 1
332 287 1
287 288 1
332 288 1
33 289 1
369 289 1
10 290 1
117 290 1
236 290 1
257 290 1
282 290 1
314 290 1
27 291 1
28 291 1
216 291 1
324 292 1
328 292 1
38 293 1
44 293 1
89 293 1
260 293 1
261 293 1
84 294 1
85 294 1
271 294 1
303 295 1
360 295 1
111 296 1
270 296 1
273 296 1
298 297 1
428 297 1
209 298 1
231 298 1
297 298 1
428 298 1
61 299 1
192 299 1
240 299 1
65 300 1
275 300 1
301 300 1
331 300 1
65 301 1
275 301 1
300 301 1
331 301 1
76 302 1
435 302 1
295 303 1
360 303 1
66 304 1
131 304 1
227 304 1
229 304 1
305 304 1
66 305 1
131 305 1
227 305 1
229 305 1
304 305 1
100 306 1
185 306 1
433 306 1
45 307 1
91 307 1
443 307 1
101 308 2
355 308 2
430 308 1
400 309 1
106 310 1
108 310 1
404 310 1
78 311 1
312 311 1
313 311 1
78 312 1
311 312 1
313 312 1
78 313 1
311 313 1
312 313 1
10 314 1
117 314 1
236 314 1
257 314 1
282 314 1
290 314 1
9 315 1
20 315 1
186 315 1
316 315 1
9 316 1
20 316 1
186 316 1
315 316 1
247 317 1
329 317 1
330 317 1
182 318 1
211 318 1
256 318 1
79 319 1
202 319 1
239 319 1
222 320 1
284 321 1
322 321 1
284 322 1
321 322 1
33 323 1
196 323 1
327 323 1
347 323 1
146 324 1
169 324 1
292 324 1
328 324 2
336 324 1
337 324 1
409 324 1
7 325 1
8 325 1
105 325 1
170 325 1
210 325 1
333 325 1
334 325 1
335 325 1
438 325 1
130 326 1
429 326 1
33 327 1
196 327 1
323 327 1
347 327 1
292 328 1
324 328 2
409 328 1
247 329 1
317 329 1
330 329 1
247 330 1
317 330 1
329 330 1
65 331 1
275 331 1
300 331 1
301 331 1
287 332 1
288 332 1
210 333 1
325 333 1
334 333 1
335 333 1
210 334 1
325 334 1
333 334 1
335 334 1
210 335 1
325 335 1
333 335 1
334 335 1
146 336 1
324 336 1
337 336 1
146 337 1
324 337 1
336 337 1
198 338 1
268 338 1
376 338 1
60 339 1
86 339 1
113 340 1
134 340 1
375 340 1
372 341 1
373 341 1
374 341 1
343 342 1
344 342 1
418 342 1
342 343 1
344 343 1
418 343 1
342 344 1
343 344 1
418 344 1
346 345 1
371 345 1
133 346 1
135 346 1
191 346 1
277 346 1
345 346 1
371 346 1
33 347 1
196 347 1
323 347 1
327 347 1
434 348 1
351 349 1
379 349 1
194 350 1
381 350 1
349 351 1
379 351 1
203 352 1
244 352 1
353 352 1
203 353 1
244 353 1
352 353 1
283 354 1
101 355 2
308 355 2
430 355 1
188 356 1
357 356 1
188 357 1
356 357 1
115 358 1
359 358 1
115 359 1
358 359 1
295 360 1
303 360 1
35 361 1
36 361 1
183 361 1
362 361 1
363 361 1
35 362 1
36 362 1
183 362 1
361 362 1
363 362 1
35 363 1
36 363 1
183 363 1
361 363 1
362 363 1
130 364 1
82 365 1
119 365 1
59 366 1
88 367 1
194 368 1
195 368 1
276 368 1
33 369 1
289 369 1
259 370 1
281 370 1
345 371 1
346 371 1
341 372 1
373 372 1
374 372 1
341 373 1
372 373 1
374 373 1
341 374 1
372 374 1
373 374 1
113 375 1
134 375 1
340 375 1
198 376 1
268 376 1
338 376 1
141 377 1
378 377 1
141 378 1
377 378 1
349 379 1
351 379 1
79 380 1
194 381 1
350 381 1
37 382 1
82 382 1
190 382 1
383 382 1
384 382 1
37 383 1
82 383 1
190 383 1
382 383 1
384 383 1
37 384 1
82 384 1
190 384 1
382 384 1
383 384 1
17 385 1
187 385 1
34 386 1
87 386 1
278 386 1
2 387 1
3 387 1
388 387 1
2 388 1
3 388 1
387 388 1
235 389 1
41 390 1
391 390 1
41 391 1
390 391 1
77 392 1
79 392 1
140 392 1
141 392 1
129 393 1
6 394 1
7 394 1
122 395 1
139 395 1
266 396 1
267 396 1
398 397 1
397 398 1
74 399 1
309 400 1
218 401 1
219 401 1
251 401 1
252 401 1
253 401 1
42 402 1
180 403 1
106 404 1
108 404 1
310 404 1
233 405 1
262 405 1
32 406 1
33 406 1
114 407 1
408 407 1
114 408 1
407 408 1
324 409 1
328 409 1
11 410 1
57 410 1
220 410 1
27 411 1
28 411 1
217 411 1
254 411 1
96 412 1
413 412 1
96 413 1
412 413 1
415 414 1
414 415 1
6 416 1
121 416 1
126 416 1
272 416 1
58 417 1
160 417 1
161 417 1
342 418 1
343 418 1
344 418 1
77 419 1
79 419 1
141 419 1
214 420 1
226 420 1
6 421 1
121 421 1
126 421 1
99 422 1
181 422 1
280 422 1
423 422 1
99 423 1
181 423 1
280 423 1
422 423 1
176 424 1
184 424 1
286 424 1
425 424 1
176 425 1
184 425 1
286 425 1
424 425 1
274 426 1
427 426 1
274 427 1
426 427 1
297 428 1
298 428 1
130 429 1
326 429 1
101 430 1
308 430 1
355 430 1
167 431 1
168 431 1
43 432 1
100 433 1
185 433 1
306 433 1
348 434 1
76 435 1
302 435 1
437 436 1
436 437 1
325 438 1
120 439 1
440 439 1
120 440 1
439 440 1
102 441 1
145 441 1
442 441 1
102 442 1
145 442 1
441 442 1
45 443 1
91 443 1
307 443 1
285 444 1
55 445 1
80 445 1
