2 1 1
3 1 1
1 2 1
3 2 1
1 3 1
2 3 1
917 4 1
1026 4 1
1115 4 1
1116 4 1
53 5 1
978 6 2
979 6 2
13 7 1
553 7 1
32 8 1
557 8 1
610 8 1
611 8 2
688 9 1
689 9 1
1384 9 1
1385 9 1
1386 9 1
624 10 1
908 10 1
909 10 1
939 11 1
278 12 1
7 13 1
553 13 1
401 14 1
910 14 1
1313 14 1
306 15 2
307 15 1
310 15 1
311 15 1
900 16 1
901 16 1
36 17 1
37 17 1
48 17 1
248 17 1
238 18 1
712 18 1
713 18 1
575 19 1
424 20 1
426 20 1
429 20 1
430 20 1
1181 21 1
48 22 1
236 22 1
308 23 1
1383 24 1
29 25 1
60 25 1
84 25 1
167 25 1
180 25 1
585 25 1
821 25 1
871 25 1
872 25 1
1238 25 1
1239 25 1
278 26 1
1196 26 1
1198 26 1
1199 26 1
1363 27 1
31 28 1
25 29 1
84 29 1
1238 29 1
1239 29 1
109 30 1
28 31 1
8 32 1
47 32 1
102 32 1
103 32 1
104 32 1
251 32 1
252 32 1
253 32 1
254 32 1
611 32 1
643 32 1
730 32 1
731 32 1
732 32 1
733 32 1
1196 33 1
107 34 1
108 34 1
1252 35 1
17 36 1
37 36 1
48 36 1
248 36 1
17 37 1
36 37 1
48 37 1
248 37 1
165 38 1
1075 38 2
1076 38 1
671 39 2
672 39 1
673 39 1
1159 40 1
1162 40 1
79 41 1
92 42 1
93 42 3
94 42 2
655 42 1
656 42 1
766 42 1
923 42 1
44 43 1
1296 43 1
1297 43 1
43 44 1
1296 44 1
1297 44 1
272 45 1
273 45 1
274 45 1
275 45 1
200 46 1
32 47 1
643 47 1
17 48 1
22 48 1
36 48 1
37 48 1
49 48 1
188 48 1
236 48 1
248 48 1
48 49 1
188 49 1
238 50 1
1334 50 1
1335 50 1
1336 50 1
319 51 1
395 51 1
476 51 1
1038 51 1
194 52 1
1332 52 1
1333 52 1
5 53 1
93 54 1
131 54 1
237 55 1
238 55 1
1382 56 1
282 57 1
715 58 1
716 58 1
1161 59 2
1164 59 1
25 60 1
167 60 1
180 60 1
735 60 1
871 60 1
872 60 1
320 61 1
404 62 2
405 62 1
1121 63 1
1122 63 1
165 64 1
166 64 1
167 64 1
476 65 1
598 65 1
599 65 1
600 65 1
928 66 1
178 67 1
261 67 1
262 67 1
69 68 1
70 68 1
753 68 1
754 68 1
755 68 1
68 69 1
70 69 1
240 69 1
243 69 1
1146 69 1
1147 69 1
68 70 1
69 70 1
106 70 1
754 70 1
913 70 1
914 70 1
1243 70 3
1394 70 1
77 71 1
78 71 1
1065 71 1
1066 71 1
83 72 1
687 72 1
619 73 1
789 73 1
790 73 1
791 73 1
792 73 1
486 74 1
82 75 1
148 75 1
290 75 1
356 75 1
759 75 1
760 75 1
1095 75 1
1096 75 1
1097 75 1
1098 75 1
1099 75 1
1100 75 1
1101 75 1
1119 75 1
80 76 1
253 76 1
1091 76 1
71 77 1
78 77 1
1065 77 1
1066 77 1
71 78 1
77 78 1
1065 78 1
1066 78 1
41 79 1
76 80 1
253 80 1
1091 80 1
696 81 1
75 82 1
290 82 1
72 83 1
687 83 1
25 84 1
29 84 1
1238 84 1
1239 84 1
86 85 1
85 86 1
670 86 1
88 87 1
89 87 1
348 87 2
350 87 1
591 87 1
1276 87 1
1277 87 1
87 88 1
89 88 1
87 89 1
88 89 1
131 89 1
399 89 1
91 90 1
90 91 1
225 91 1
226 91 1
411 91 1
500 91 1
526 91 1
698 91 1
717 91 1
933 91 1
42 92 1
93 92 7
399 92 1
624 92 5
788 92 1
806 92 2
860 92 2
940 92 1
989 92 1
1209 92 1
1244 92 1
1256 92 1
1271 92 1
42 93 3
54 93 1
92 93 7
94 93 2
131 93 1
399 93 1
621 93 2
624 93 7
625 93 1
806 93 1
862 93 1
888 93 1
1209 93 1
1256 93 1
1271 93 1
1272 93 1
1273 93 1
42 94 2
93 94 2
527 94 1
816 94 1
1205 94 1
1210 94 1
1211 94 1
1212 94 1
1213 94 1
1214 94 1
96 95 1
97 95 1
98 95 2
99 95 1
1278 95 1
95 96 1
97 96 1
95 97 1
96 97 1
99 97 1
122 97 1
238 97 1
690 97 1
691 97 1
695 97 1
846 97 1
847 97 1
848 97 1
849 97 1
1202 97 1
1203 97 1
1204 97 1
95 98 2
99 98 5
145 98 1
161 98 1
231 98 1
232 98 1
233 98 1
353 98 1
467 98 1
468 98 1
746 98 1
825 98 1
1085 98 1
1149 98 1
1150 98 1
1151 98 1
1278 98 1
95 99 1
97 99 1
98 99 5
176 99 1
184 99 1
580 99 1
581 99 1
582 99 1
583 99 1
584 99 1
585 99 1
695 99 1
746 99 1
1085 99 1
1149 99 1
1150 99 1
1151 99 1
1159 99 1
1160 99 1
1161 99 1
101 100 1
100 101 1
32 102 1
103 102 1
104 102 1
32 103 1
102 103 1
104 103 1
206 103 1
1370 103 1
32 104 1
102 104 1
103 104 1
106 105 1
164 105 1
165 105 1
166 105 1
167 105 1
199 105 1
284 105 1
323 105 1
324 105 1
325 105 1
326 105 1
327 105 1
934 105 1
943 105 1
944 105 1
992 105 1
70 106 1
105 106 1
1243 106 1
34 107 1
108 107 1
34 108 1
107 108 1
30 109 1
111 110 1
112 110 1
113 110 1
114 110 1
117 110 1
118 110 1
119 110 1
120 110 1
124 110 1
125 110 1
126 110 1
110 111 1
112 111 1
113 111 1
114 111 1
401 111 1
402 111 1
403 111 1
412 111 1
544 111 1
830 111 1
110 112 1
111 112 1
113 112 1
114 112 1
110 113 1
111 113 1
112 113 1
114 113 1
147 113 2
252 113 1
301 113 1
324 113 1
346 113 1
431 113 1
432 113 1
658 113 1
828 113 1
829 113 1
906 113 1
1061 113 1
1062 113 1
1196 113 1
1197 113 1
110 114 1
111 114 1
112 114 1
113 114 1
116 115 1
117 115 1
115 116 1
117 116 2
110 117 1
115 117 1
116 117 2
118 117 1
119 117 1
120 117 1
144 117 1
145 117 1
146 117 1
147 117 1
313 117 1
314 117 1
110 118 1
117 118 1
119 118 1
120 118 1
157 118 1
160 118 1
189 118 1
290 118 1
412 118 1
413 118 1
414 118 1
1000 118 1
1004 118 1
1005 118 1
1166 118 1
110 119 1
117 119 1
118 119 1
120 119 1
110 120 1
117 120 1
118 120 1
119 120 1
122 121 1
123 121 1
245 121 1
592 121 1
593 121 1
594 121 1
97 122 1
121 122 1
123 122 1
690 122 2
691 122 1
793 122 1
794 122 1
817 122 1
818 122 1
985 122 1
121 123 1
122 123 1
339 123 1
662 123 1
787 123 1
1125 123 1
1126 123 1
1127 123 1
110 124 1
125 124 1
126 124 1
110 125 1
124 125 1
126 125 1
110 126 1
124 126 1
125 126 1
128 127 1
127 128 1
130 129 1
131 129 1
135 129 1
136 129 1
137 129 2
138 129 1
382 129 1
383 129 1
384 129 1
398 129 1
456 129 1
749 129 1
750 129 1
1089 129 1
1322 129 1
129 130 1
131 130 1
522 130 1
1021 130 1
1022 130 1
1023 130 1
1026 130 1
1027 130 1
1028 130 1
54 131 1
89 131 1
93 131 1
129 131 1
130 131 1
319 131 1
399 131 1
523 131 1
524 131 1
1017 131 1
1332 131 1
133 132 1
134 132 1
461 132 2
797 132 2
1332 132 2
1373 132 1
1374 132 1
1375 132 1
1376 132 1
132 133 1
134 133 1
132 134 1
133 134 1
129 135 1
136 135 1
137 135 1
138 135 2
1073 135 1
129 136 1
135 136 1
137 136 1
138 136 1
129 137 2
135 137 1
136 137 1
138 137 1
172 137 1
749 137 1
750 137 1
817 137 1
1160 137 1
129 138 1
135 138 2
136 138 1
137 138 1
572 138 1
1073 138 1
1120 138 1
140 139 1
139 140 1
142 141 1
143 141 1
141 142 1
143 142 1
141 143 1
142 143 1
117 144 1
145 144 1
146 144 1
147 144 1
149 144 1
150 144 1
151 144 2
152 144 1
154 144 1
155 144 1
321 144 1
322 144 1
960 144 1
966 144 1
1182 144 1
98 145 1
117 145 1
144 145 1
146 145 1
147 145 1
319 145 1
323 145 1
372 145 1
373 145 1
374 145 1
375 145 1
467 145 1
468 145 1
714 145 1
1083 145 1
1394 145 1
117 146 1
144 146 1
145 146 1
147 146 1
202 146 1
324 146 1
113 147 2
117 147 1
144 147 1
145 147 1
146 147 1
322 147 1
346 147 1
573 147 1
574 147 1
658 147 1
798 147 1
799 147 1
800 147 1
828 147 1
829 147 1
951 147 1
952 147 1
1196 147 1
1197 147 1
75 148 1
144 149 1
150 149 1
151 149 1
152 149 1
144 150 1
149 150 1
151 150 1
152 150 1
176 150 1
304 150 1
309 150 1
1058 150 1
1059 150 1
1060 150 1
144 151 2
149 151 1
150 151 1
152 151 1
966 151 1
1182 151 1
1183 151 1
144 152 1
149 152 1
150 152 1
151 152 1
156 153 1
1048 153 2
144 154 1
155 154 1
601 154 1
602 154 1
612 154 1
613 154 1
144 155 1
154 155 1
304 155 1
312 155 1
1184 155 1
153 156 1
169 156 3
239 156 1
240 156 1
241 156 1
247 156 2
249 156 1
255 156 1
346 156 1
963 156 1
964 156 1
965 156 1
118 157 1
160 157 1
161 157 1
162 157 1
163 157 1
164 157 1
159 158 1
158 159 1
1200 159 1
118 160 1
157 160 1
98 161 1
157 161 1
162 161 1
163 161 1
164 161 1
231 161 1
232 161 1
233 161 1
303 161 1
323 161 1
327 161 1
449 161 1
524 161 1
525 161 1
648 161 1
707 161 1
762 161 1
826 161 1
827 161 1
846 161 1
892 161 1
983 161 1
1176 161 1
1221 161 1
1222 161 1
1223 161 1
1303 161 1
1304 161 1
1331 161 1
157 162 1
161 162 1
163 162 1
164 162 1
348 162 1
157 163 1
161 163 1
162 163 1
164 163 1
105 164 1
157 164 1
161 164 1
162 164 1
163 164 1
165 164 1
166 164 1
167 164 1
231 164 2
278 164 1
461 164 1
1134 164 1
1216 164 1
1231 164 1
1294 164 1
38 165 1
64 165 1
105 165 1
164 165 1
166 165 2
167 165 2
64 166 1
105 166 1
164 166 1
165 166 2
167 166 3
25 167 1
60 167 1
64 167 1
105 167 1
164 167 1
165 167 2
166 167 3
180 167 1
278 167 2
319 167 1
606 167 1
871 167 1
872 167 1
956 167 1
169 168 1
199 168 1
238 168 1
501 168 1
156 169 3
168 169 1
247 169 1
359 169 2
603 169 2
1219 169 1
171 170 1
172 170 1
173 170 1
174 170 1
1191 170 1
170 171 1
172 171 1
173 171 1
174 171 1
137 172 1
170 172 1
171 172 1
173 172 1
174 172 1
420 172 1
424 172 1
427 172 1
428 172 1
456 172 1
460 172 1
461 172 1
817 172 1
1160 172 1
170 173 1
171 173 1
172 173 1
174 173 1
170 174 1
171 174 1
172 174 1
173 174 1
176 175 1
737 175 1
738 175 1
739 175 1
99 176 1
150 176 1
175 176 1
184 176 1
228 176 1
285 176 1
572 176 1
638 176 1
648 176 1
700 176 1
707 176 1
1042 176 1
1060 176 1
1123 176 1
1124 176 1
1152 176 1
1236 176 1
178 177 1
179 177 1
67 178 1
177 178 1
179 178 1
261 178 1
262 178 1
267 178 1
268 178 1
270 178 1
271 178 1
276 178 1
279 178 2
177 179 1
178 179 1
25 180 1
60 180 1
167 180 1
181 180 2
182 180 2
234 180 1
235 180 1
871 180 1
872 180 1
180 181 2
182 181 2
180 182 2
181 182 2
184 183 1
185 183 1
186 183 1
279 183 1
449 183 1
539 183 1
543 183 1
544 183 1
545 183 1
546 183 1
769 183 1
804 183 1
833 183 1
834 183 1
949 183 2
950 183 1
99 184 1
176 184 1
183 184 1
185 184 1
186 184 1
319 184 1
604 184 1
1030 184 1
1054 184 1
1055 184 1
183 185 1
184 185 1
186 185 1
183 186 1
184 186 1
185 186 1
188 187 1
189 187 1
48 188 1
49 188 1
187 188 1
189 188 1
118 189 1
187 189 1
188 189 1
1000 189 1
1004 189 1
1005 189 1
191 190 1
192 190 1
193 190 1
190 191 1
192 191 1
193 191 1
190 192 1
191 192 1
193 192 1
190 193 1
191 193 1
192 193 1
52 194 1
195 194 1
196 194 1
1224 194 1
1332 194 1
1333 194 1
194 195 1
196 195 1
194 196 1
195 196 1
198 197 1
199 197 1
200 197 1
197 198 1
199 198 1
200 198 1
475 198 1
476 198 1
477 198 1
478 198 1
701 198 1
702 198 1
703 198 1
105 199 1
168 199 1
197 199 1
198 199 1
200 199 1
258 199 1
259 199 2
260 199 1
284 199 1
325 199 1
375 199 2
512 199 1
513 199 1
736 199 1
943 199 1
944 199 1
1069 199 1
1086 199 1
1187 199 1
46 200 1
197 200 1
198 200 1
199 200 1
700 200 1
1245 200 1
1246 200 1
202 201 1
146 202 1
201 202 1
324 202 1
559 202 1
560 202 1
670 202 1
1240 202 2
204 203 1
203 204 1
206 205 1
207 205 1
103 206 1
205 206 1
207 206 1
295 206 1
296 206 2
451 206 1
530 206 1
767 206 1
768 206 1
918 206 1
1370 206 1
205 207 1
206 207 1
209 208 1
210 208 1
211 208 1
219 208 2
1155 208 1
208 209 1
210 209 1
211 209 1
208 210 1
209 210 1
211 210 1
208 211 1
209 211 1
210 211 1
213 212 1
212 213 1
215 214 1
216 214 1
214 215 1
216 215 1
214 216 1
215 216 1
218 217 1
217 218 1
208 219 2
659 219 1
660 219 1
661 219 1
662 219 1
663 219 1
1155 219 1
221 220 1
222 220 1
220 221 1
222 221 1
250 221 1
220 222 1
221 222 1
224 223 2
449 223 1
1330 223 1
223 224 2
449 224 1
504 224 1
505 224 1
819 224 1
1330 224 1
91 225 1
226 225 1
91 226 1
225 226 1
1000 226 1
1001 226 1
1002 226 1
1003 226 1
228 227 2
176 228 1
227 228 2
638 228 1
1152 228 1
1236 228 1
230 229 1
398 229 1
1008 229 1
229 230 1
98 231 1
161 231 1
164 231 2
232 231 1
233 231 1
98 232 1
161 232 1
231 232 1
233 232 1
98 233 1
161 233 1
231 233 1
232 233 1
180 234 1
235 234 1
180 235 1
234 235 1
22 236 1
48 236 1
55 237 1
238 237 1
18 238 1
50 238 1
55 238 1
97 238 1
168 238 1
237 238 1
295 238 2
501 238 1
509 238 1
510 238 1
686 238 2
687 238 2
712 238 1
713 238 1
972 238 1
1109 238 1
1110 238 1
1202 238 1
1203 238 1
1204 238 1
1320 238 1
1321 238 1
1334 238 1
1335 238 1
1336 238 1
1355 238 1
1356 238 2
1362 238 1
156 239 1
240 239 1
241 239 1
69 240 1
156 240 1
239 240 1
241 240 1
243 240 1
322 240 1
945 240 1
946 240 1
947 240 1
948 240 1
1146 240 1
1147 240 1
156 241 1
239 241 1
240 241 1
243 242 1
69 243 1
240 243 1
242 243 1
1146 243 1
1147 243 1
245 244 1
246 244 1
121 245 1
244 245 1
246 245 1
592 245 1
593 245 1
594 245 1
595 245 1
596 245 1
597 245 1
598 245 1
244 246 1
245 246 1
156 247 2
169 247 1
829 247 1
1364 247 1
17 248 1
36 248 1
37 248 1
48 248 1
156 249 1
279 249 2
291 249 1
221 250 1
32 251 1
252 251 1
253 251 1
254 251 1
32 252 1
113 252 1
251 252 1
253 252 2
254 252 1
324 252 1
331 252 1
906 252 1
32 253 1
76 253 1
80 253 1
251 253 1
252 253 2
254 253 1
331 253 1
360 253 1
491 253 1
492 253 1
1091 253 1
32 254 1
251 254 1
252 254 1
253 254 1
156 255 1
471 255 1
472 255 1
1393 255 1
257 256 1
256 257 1
437 257 2
438 257 1
199 258 1
259 258 1
260 258 1
199 259 2
258 259 1
260 259 1
199 260 1
258 260 1
259 260 1
67 261 1
178 261 1
262 261 1
67 262 1
178 262 1
261 262 1
264 263 1
265 263 1
266 263 1
263 264 1
265 264 1
266 264 1
263 265 1
264 265 1
266 265 1
263 266 1
264 266 1
265 266 1
662 266 1
787 266 1
1187 266 1
1234 266 1
1235 266 1
178 267 1
268 267 1
178 268 1
267 268 1
370 269 1
178 270 1
271 270 1
178 271 1
270 271 1
45 272 1
273 272 2
274 272 1
275 272 1
45 273 1
272 273 2
274 273 1
275 273 1
45 274 1
272 274 1
273 274 1
275 274 1
45 275 1
272 275 1
273 275 1
274 275 1
178 276 1
278 277 1
12 278 1
26 278 1
164 278 1
167 278 2
277 278 1
676 278 1
1050 278 1
1051 278 1
1134 278 1
1196 278 1
1198 278 1
1199 278 1
178 279 2
183 279 1
249 279 2
291 279 2
528 279 1
529 279 1
530 279 1
531 279 1
532 279 1
674 279 1
675 279 1
684 279 2
685 279 1
804 279 1
281 280 1
292 280 1
280 281 1
566 281 1
569 281 1
570 281 1
57 282 1
283 282 1
288 282 1
289 282 1
290 282 2
746 282 1
1167 282 1
1168 282 1
1169 282 1
282 283 1
105 284 1
199 284 1
285 284 1
286 284 1
287 284 1
943 284 1
944 284 1
1084 284 1
176 285 1
284 285 1
286 285 1
287 285 1
284 286 1
285 286 1
287 286 1
284 287 1
285 287 1
286 287 1
282 288 1
289 288 1
290 288 1
941 288 1
942 288 1
1007 288 1
1371 288 1
282 289 1
288 289 1
290 289 1
75 290 1
82 290 1
118 290 1
282 290 2
288 290 1
289 290 1
322 290 1
572 290 1
637 290 1
638 290 1
683 290 2
746 290 1
1166 290 1
1167 290 1
1168 290 1
1169 290 1
1341 290 1
249 291 1
279 291 2
280 292 1
294 293 1
293 294 1
305 294 1
455 294 1
477 294 1
694 294 1
697 294 1
698 294 1
959 294 1
1323 294 1
1324 294 1
206 295 1
238 295 2
296 295 1
972 295 1
206 296 2
295 296 1
451 296 1
298 297 2
299 297 2
300 297 2
301 297 1
302 297 1
297 298 2
299 298 2
300 298 2
301 298 1
302 298 1
297 299 2
298 299 2
300 299 2
301 299 1
302 299 1
297 300 2
298 300 2
299 300 2
301 300 1
302 300 1
113 301 1
297 301 1
298 301 1
299 301 1
300 301 1
1061 301 1
1062 301 1
297 302 1
298 302 1
299 302 1
300 302 1
161 303 1
150 304 1
155 304 1
305 304 1
309 304 1
312 304 1
524 304 2
598 304 1
762 304 1
830 304 1
831 304 1
876 304 1
294 305 1
304 305 1
455 305 1
15 306 2
307 306 1
310 306 1
311 306 1
471 306 1
15 307 1
306 307 1
23 308 1
150 309 1
304 309 1
397 309 1
399 309 1
627 309 1
791 309 1
15 310 1
306 310 1
311 310 1
15 311 1
306 311 1
310 311 1
155 312 1
304 312 1
1069 312 1
1070 312 1
117 313 1
314 313 1
117 314 1
313 314 1
316 315 1
560 315 1
630 315 2
877 315 1
315 316 1
560 316 1
968 316 1
318 317 1
319 317 1
317 318 1
319 318 1
739 318 1
751 318 1
51 319 1
131 319 1
145 319 1
167 319 1
184 319 1
317 319 1
318 319 1
323 319 1
341 319 1
342 319 1
389 319 1
391 319 1
395 319 1
476 319 1
604 319 1
845 319 1
956 319 1
1017 319 1
1030 319 1
1038 319 1
1054 319 1
1055 319 1
1332 319 1
1394 319 1
61 320 1
144 321 1
322 321 2
328 321 1
144 322 1
147 322 1
240 322 1
290 322 1
321 322 2
328 322 2
408 322 1
572 322 1
637 322 1
638 322 1
945 322 1
946 322 1
947 322 1
948 322 1
951 322 1
952 322 1
993 322 1
994 322 1
995 322 1
996 322 1
1039 322 1
1040 322 1
1041 322 1
1107 322 1
1108 322 1
105 323 1
145 323 1
161 323 1
319 323 1
324 323 1
325 323 1
326 323 1
327 323 2
329 323 2
330 323 3
456 323 1
457 323 1
458 323 1
459 323 1
1136 323 1
1137 323 1
1331 323 1
1394 323 1
105 324 1
113 324 1
146 324 1
202 324 1
252 324 1
323 324 1
325 324 1
326 324 1
327 324 1
906 324 1
1262 324 1
105 325 1
199 325 1
323 325 1
324 325 1
326 325 1
327 325 1
105 326 1
323 326 1
324 326 1
325 326 1
327 326 1
105 327 1
161 327 1
323 327 2
324 327 1
325 327 1
326 327 1
1331 327 1
321 328 1
322 328 2
323 329 2
330 329 2
644 329 1
323 330 3
329 330 2
1136 330 1
1137 330 1
252 331 1
253 331 1
333 332 1
332 333 1
1341 333 1
335 334 1
334 335 1
1078 335 1
337 336 1
336 337 1
529 338 1
836 338 1
837 338 1
838 338 1
123 339 1
340 339 1
662 339 1
787 339 1
1125 339 1
1126 339 1
1127 339 1
339 340 1
319 341 1
342 341 1
319 342 1
341 342 1
344 343 2
648 343 1
343 344 2
648 344 1
346 345 1
113 346 1
147 346 1
156 346 1
345 346 1
657 346 1
658 346 3
740 346 1
741 346 1
742 346 1
828 346 1
829 346 1
910 346 1
963 346 1
964 346 1
965 346 1
348 347 1
349 347 1
350 347 1
87 348 2
162 348 1
347 348 1
349 348 1
350 348 2
377 348 1
456 348 1
462 348 1
591 348 2
1276 348 1
1277 348 1
347 349 1
348 349 1
350 349 1
87 350 1
347 350 1
348 350 2
349 350 1
1276 350 1
1277 350 1
352 351 1
351 352 1
692 352 1
801 352 1
807 352 1
823 352 2
824 352 2
98 353 1
355 354 2
356 354 4
932 354 1
1087 354 1
1088 354 1
1319 354 1
354 355 2
356 355 2
932 355 1
75 356 1
354 356 4
355 356 2
626 356 2
627 356 2
770 356 2
771 356 1
774 356 1
932 356 1
1087 356 1
1088 356 1
1095 356 1
1096 356 1
1097 356 1
1098 356 1
1099 356 1
1100 356 1
1101 356 1
1319 356 1
358 357 1
357 358 1
169 359 2
363 359 2
364 359 1
1352 359 1
253 360 1
362 361 1
361 362 1
359 363 2
364 363 1
1352 363 1
359 364 1
363 364 1
366 365 1
367 365 1
368 365 1
369 365 1
365 366 1
367 366 1
368 366 1
369 366 1
365 367 1
366 367 1
368 367 1
369 367 1
365 368 1
366 368 1
367 368 1
369 368 1
365 369 1
366 369 1
367 369 1
368 369 1
269 370 1
372 371 2
915 371 1
145 372 1
371 372 2
377 372 1
699 372 1
747 372 1
915 372 1
145 373 1
374 373 1
375 373 1
376 373 1
145 374 1
373 374 1
375 374 1
145 375 1
199 375 2
373 375 1
374 375 1
1069 375 1
1086 375 1
373 376 1
348 377 1
372 377 1
378 377 1
379 377 1
747 377 1
377 378 1
747 378 1
752 378 1
377 379 1
410 379 1
636 379 1
381 380 1
1030 380 1
1031 380 1
380 381 1
129 382 1
383 382 1
384 382 1
129 383 1
382 383 1
384 383 1
129 384 1
382 384 1
383 384 1
846 385 1
970 385 1
971 385 1
387 386 1
388 386 1
386 387 1
388 387 1
386 388 1
387 388 1
319 389 1
390 389 1
391 389 1
389 390 1
319 391 1
389 391 1
393 392 1
392 393 1
677 393 1
395 394 1
396 394 1
51 395 1
319 395 1
394 395 1
396 395 1
476 395 1
1038 395 1
394 396 1
395 396 1
309 397 1
398 397 2
399 397 1
400 397 1
129 398 1
229 398 1
397 398 2
456 398 1
1008 398 1
89 399 1
92 399 1
93 399 1
131 399 1
309 399 1
397 399 1
457 399 1
775 399 2
808 399 1
916 399 1
917 399 1
1390 399 1
1391 399 1
1392 399 1
397 400 1
14 401 1
111 401 1
402 401 1
403 401 1
910 401 1
1313 401 1
111 402 1
401 402 1
403 402 1
111 403 1
401 403 1
402 403 1
62 404 2
62 405 1
407 406 1
408 406 1
409 406 1
406 407 1
408 407 1
409 407 1
322 408 1
406 408 1
407 408 1
409 408 1
993 408 1
994 408 1
995 408 1
996 408 1
406 409 1
407 409 1
408 409 1
379 410 1
411 410 1
636 410 1
91 411 1
410 411 1
515 411 1
517 411 1
526 411 1
111 412 1
118 412 1
413 412 1
414 412 1
544 412 1
830 412 1
118 413 1
412 413 1
414 413 1
118 414 1
412 414 1
413 414 1
416 415 1
427 415 1
442 415 1
455 415 1
476 415 1
601 415 1
649 415 1
650 415 1
415 416 1
418 417 1
417 418 1
420 419 1
421 419 1
422 419 1
423 419 1
172 420 1
419 420 1
421 420 1
422 420 1
423 420 1
456 420 1
460 420 1
461 420 1
419 421 1
420 421 1
422 421 1
423 421 1
419 422 1
420 422 1
421 422 1
423 422 1
419 423 1
420 423 1
421 423 1
422 423 1
20 424 1
172 424 1
425 424 1
426 424 2
427 424 1
428 424 1
429 424 1
430 424 1
424 425 1
426 425 1
20 426 1
424 426 2
425 426 1
429 426 1
430 426 1
172 427 1
415 427 1
424 427 1
428 427 1
455 427 1
476 427 1
601 427 1
172 428 1
424 428 1
427 428 1
20 429 1
424 429 1
426 429 1
430 429 1
20 430 1
424 430 1
426 430 1
429 430 1
113 431 1
432 431 1
113 432 1
431 432 1
434 433 1
433 434 1
529 434 1
839 434 1
840 434 1
436 435 1
435 436 1
257 437 2
438 437 1
257 438 1
437 438 1
440 439 1
439 440 1
442 441 1
443 441 1
444 441 1
415 442 1
441 442 1
443 442 1
444 442 1
441 443 1
442 443 1
444 443 1
441 444 1
442 444 1
443 444 1
446 445 1
445 446 1
448 447 1
449 447 1
450 447 1
447 448 1
161 449 1
183 449 1
223 449 1
224 449 1
447 449 1
450 449 1
949 449 1
1013 449 1
1014 449 1
1259 449 1
1260 449 1
1261 449 1
1330 449 1
1368 449 1
1369 449 1
447 450 1
449 450 1
206 451 1
296 451 1
453 452 1
454 452 1
452 453 1
454 453 1
452 454 1
453 454 1
294 455 1
305 455 1
415 455 1
427 455 1
476 455 1
601 455 1
129 456 1
172 456 1
323 456 1
348 456 1
398 456 1
420 456 1
457 456 1
458 456 1
459 456 1
460 456 1
461 456 1
462 456 1
463 456 1
464 456 1
323 457 1
399 457 1
456 457 1
458 457 1
459 457 1
323 458 1
456 458 1
457 458 1
459 458 1
323 459 1
456 459 1
457 459 1
458 459 1
172 460 1
420 460 1
456 460 1
461 460 1
132 461 2
164 461 1
172 461 1
420 461 1
456 461 1
460 461 1
473 461 1
474 461 1
772 461 1
773 461 1
1231 461 1
1332 461 2
348 462 1
456 462 1
456 463 1
464 463 1
456 464 1
463 464 1
466 465 1
465 466 1
1027 466 1
98 467 1
145 467 1
468 467 1
98 468 1
145 468 1
467 468 1
470 469 1
496 469 1
469 470 1
255 471 1
306 471 1
472 471 1
255 472 1
471 472 1
461 473 1
474 473 1
461 474 1
473 474 1
198 475 1
476 475 1
477 475 1
478 475 1
51 476 1
65 476 1
198 476 1
319 476 1
395 476 1
415 476 1
427 476 1
455 476 1
475 476 1
477 476 1
478 476 1
598 476 1
599 476 1
600 476 1
601 476 1
1038 476 1
198 477 1
294 477 1
475 477 1
476 477 1
478 477 1
697 477 1
698 477 1
931 477 2
198 478 1
475 478 1
476 478 1
477 478 1
1247 478 1
1249 478 1
1325 478 1
1326 478 1
1327 478 1
1328 478 1
1329 478 1
480 479 1
481 479 1
482 479 2
483 479 4
484 479 1
485 479 1
479 480 1
481 480 1
479 481 1
480 481 1
479 482 2
483 482 2
479 483 4
482 483 2
484 483 1
485 483 1
610 483 1
1295 483 1
479 484 1
483 484 1
479 485 1
483 485 1
74 486 1
594 487 1
999 487 1
1105 487 1
1106 487 1
489 488 1
490 488 1
488 489 1
488 490 1
253 491 1
492 491 1
253 492 1
491 492 1
494 493 1
495 493 1
493 494 1
495 494 1
493 495 1
494 495 1
469 496 1
498 497 1
499 497 1
500 497 1
497 498 1
499 498 1
500 498 1
497 499 1
498 499 1
500 499 1
91 500 1
497 500 1
498 500 1
499 500 1
698 500 1
933 500 2
980 500 1
981 500 1
982 500 1
1302 500 1
168 501 1
238 501 1
503 502 1
502 503 1
224 504 1
505 504 1
224 505 1
504 505 1
507 506 2
508 506 1
506 507 2
508 507 1
1077 507 1
506 508 1
507 508 1
238 509 1
510 509 1
238 510 1
509 510 1
873 510 1
874 510 1
875 510 1
514 511 1
199 512 1
513 512 1
199 513 1
512 513 1
511 514 1
1145 514 1
411 515 1
516 515 1
517 515 1
515 516 1
411 517 1
515 517 1
519 518 1
518 519 1
521 520 1
522 520 1
520 521 1
522 521 1
130 522 1
520 522 1
521 522 1
1026 522 1
1027 522 1
1028 522 1
131 523 1
524 523 1
131 524 1
161 524 1
304 524 2
523 524 1
585 524 1
598 524 1
648 524 1
762 524 2
830 524 1
831 524 1
848 524 1
863 524 1
876 524 1
878 524 1
879 524 1
889 524 1
892 524 1
966 524 1
967 524 1
161 525 1
91 526 1
411 526 1
94 527 1
279 528 1
529 528 1
530 528 1
531 528 1
532 528 1
279 529 1
338 529 1
434 529 1
528 529 1
530 529 1
531 529 1
532 529 1
836 529 1
837 529 1
838 529 1
839 529 1
840 529 1
206 530 1
279 530 1
528 530 1
529 530 1
531 530 1
532 530 1
718 530 1
719 530 1
918 530 1
279 531 1
528 531 1
529 531 1
530 531 1
532 531 1
279 532 1
528 532 1
529 532 1
530 532 1
531 532 1
534 533 1
535 533 1
536 533 1
533 534 1
535 534 1
536 534 1
533 535 1
534 535 1
536 535 1
533 536 1
534 536 1
535 536 1
538 537 1
537 538 1
183 539 1
540 539 1
541 539 1
542 539 1
543 539 1
544 539 1
545 539 1
546 539 1
539 540 1
541 540 1
539 541 1
540 541 1
539 542 1
183 543 1
539 543 1
544 543 1
545 543 1
546 543 1
111 544 1
183 544 1
412 544 1
539 544 1
543 544 1
545 544 1
546 544 1
830 544 1
183 545 1
539 545 1
543 545 1
544 545 1
546 545 1
183 546 1
539 546 1
543 546 1
544 546 1
545 546 1
548 547 1
549 547 1
547 548 1
549 548 1
547 549 1
548 549 1
551 550 1
552 550 1
550 551 1
552 551 1
550 552 1
551 552 1
7 553 1
13 553 1
555 554 1
554 555 1
557 556 1
558 556 1
8 557 1
556 557 1
558 557 1
611 557 1
556 558 1
557 558 1
202 559 1
560 559 1
763 559 1
1377 559 1
1378 559 1
202 560 1
315 560 1
316 560 1
559 560 1
630 560 1
968 560 1
1237 560 1
562 561 1
936 561 1
561 562 1
564 563 1
565 563 1
563 564 1
565 564 1
563 565 1
564 565 1
281 566 1
568 567 1
567 568 1
281 569 1
1340 569 1
281 570 1
572 571 2
835 571 1
138 572 1
176 572 1
290 572 1
322 572 1
571 572 2
637 572 1
638 572 1
648 572 1
937 572 1
938 572 1
1042 572 1
1120 572 1
147 573 1
574 573 1
147 574 1
573 574 1
19 575 1
577 576 1
576 577 1
579 578 1
578 579 1
99 580 1
581 580 1
582 580 1
583 580 1
584 580 1
585 580 1
99 581 1
580 581 1
582 581 1
583 581 1
584 581 1
585 581 1
99 582 1
580 582 1
581 582 1
583 582 2
584 582 1
585 582 1
1176 582 1
99 583 1
580 583 1
581 583 1
582 583 2
584 583 1
585 583 1
1176 583 2
1177 583 1
1178 583 1
99 584 1
580 584 1
581 584 1
582 584 1
583 584 1
585 584 1
25 585 1
99 585 1
524 585 1
580 585 1
581 585 1
582 585 1
583 585 1
584 585 1
821 585 1
878 585 1
879 585 1
587 586 1
588 586 1
586 587 1
588 587 1
586 588 1
587 588 1
590 589 1
589 590 1
87 591 1
348 591 2
121 592 1
245 592 1
593 592 1
594 592 1
795 592 2
796 592 2
1017 592 1
1018 592 1
1019 592 1
1020 592 1
121 593 1
245 593 1
592 593 1
594 593 1
121 594 1
245 594 1
487 594 1
592 594 1
593 594 1
999 594 1
1105 594 1
1106 594 1
245 595 1
596 595 1
597 595 1
245 596 1
595 596 1
597 596 1
245 597 1
595 597 1
596 597 1
1359 597 1
65 598 1
245 598 1
304 598 1
476 598 1
524 598 1
599 598 1
600 598 1
830 598 1
831 598 1
65 599 1
476 599 1
598 599 1
600 599 1
65 600 1
476 600 1
598 600 1
599 600 1
154 601 1
415 601 1
427 601 1
455 601 1
476 601 1
602 601 1
154 602 1
601 602 1
169 603 2
184 604 1
319 604 1
605 604 1
1030 604 1
1054 604 1
1055 604 1
604 605 1
167 606 1
608 607 1
609 607 1
607 608 1
609 608 1
607 609 1
608 609 1
8 610 1
483 610 1
984 610 1
8 611 2
32 611 1
557 611 1
154 612 1
613 612 1
154 613 1
612 613 1
615 614 1
616 614 1
614 615 1
616 615 1
614 616 1
615 616 1
618 617 1
617 618 1
73 619 1
620 619 1
789 619 1
790 619 1
791 619 1
792 619 1
619 620 1
93 621 2
622 621 1
623 621 1
624 621 2
625 621 1
621 622 1
623 622 1
621 623 1
622 623 1
10 624 1
92 624 5
93 624 7
621 624 2
625 624 1
908 624 2
909 624 1
989 624 2
1209 624 1
1256 624 1
1257 624 1
1258 624 1
1271 624 1
1272 624 1
1273 624 1
93 625 1
621 625 1
624 625 1
356 626 2
627 626 2
309 627 1
356 627 2
626 627 2
629 628 1
628 629 1
315 630 2
560 630 1
877 630 1
880 630 2
887 630 1
632 631 1
631 632 1
634 633 1
635 633 1
633 634 1
635 634 1
633 635 1
634 635 1
379 636 1
410 636 1
290 637 1
322 637 1
572 637 1
638 637 1
176 638 1
228 638 1
290 638 1
322 638 1
572 638 1
637 638 1
1152 638 1
1236 638 1
640 639 1
639 640 1
642 641 1
641 642 1
32 643 1
47 643 1
329 644 1
646 645 1
645 646 1
648 647 1
161 648 1
176 648 1
343 648 1
344 648 1
524 648 1
572 648 1
647 648 1
762 648 1
892 648 1
1042 648 2
1043 648 1
1044 648 1
415 649 1
650 649 1
415 650 1
649 650 1
652 651 1
653 651 1
654 651 1
651 652 1
653 652 2
654 652 1
1372 652 1
651 653 1
652 653 2
654 653 1
1372 653 1
651 654 1
652 654 1
653 654 1
42 655 1
656 655 2
766 655 1
42 656 1
655 656 2
766 656 1
788 656 1
346 657 1
658 657 1
113 658 1
147 658 1
346 658 3
657 658 1
828 658 1
829 658 1
910 658 1
219 659 1
660 659 1
661 659 1
662 659 1
663 659 1
219 660 1
659 660 1
661 660 1
662 660 1
663 660 1
219 661 1
659 661 1
660 661 1
662 661 1
663 661 1
123 662 1
219 662 1
266 662 1
339 662 1
659 662 1
660 662 1
661 662 1
663 662 1
787 662 2
1125 662 1
1126 662 1
1127 662 1
1187 662 1
1234 662 1
1235 662 1
219 663 1
659 663 1
660 663 1
661 663 1
662 663 1
665 664 1
666 664 1
664 665 1
666 665 1
664 666 1
665 666 1
668 667 1
669 667 1
667 668 1
669 668 1
667 669 1
668 669 1
86 670 1
202 670 1
39 671 2
672 671 1
673 671 1
39 672 1
671 672 1
755 672 1
907 672 1
39 673 1
671 673 1
279 674 1
675 674 1
279 675 1
674 675 1
278 676 1
393 677 1
679 678 1
680 678 1
678 679 1
680 679 1
678 680 1
679 680 1
682 681 1
681 682 1
290 683 2
1341 683 1
279 684 2
685 684 1
279 685 1
684 685 1
890 685 2
891 685 2
1337 685 1
238 686 2
687 686 2
1109 686 1
1110 686 1
72 687 1
83 687 1
238 687 2
686 687 2
1109 687 1
1110 687 1
9 688 1
689 688 2
1384 688 1
1385 688 1
1386 688 1
9 689 1
688 689 2
1384 689 1
1385 689 1
1386 689 1
97 690 1
122 690 2
691 690 1
817 690 1
818 690 1
97 691 1
122 691 1
690 691 1
352 692 1
693 692 1
692 693 1
294 694 1
97 695 1
99 695 1
81 696 1
294 697 1
477 697 1
698 697 1
91 698 1
294 698 1
477 698 1
500 698 1
697 698 1
933 698 1
372 699 1
700 699 1
176 700 1
200 700 1
699 700 1
1123 700 1
1124 700 1
1245 700 1
1246 700 1
198 701 1
702 701 1
703 701 1
198 702 1
701 702 1
703 702 1
198 703 1
701 703 1
702 703 1
705 704 1
704 705 1
707 706 1
708 706 1
161 707 1
176 707 1
706 707 1
708 707 1
729 707 1
826 707 1
827 707 1
706 708 1
707 708 1
1052 708 2
1053 708 2
1089 708 1
1090 708 1
1194 708 1
1195 708 1
1285 708 1
1286 708 1
710 709 1
711 709 1
709 710 1
711 710 1
709 711 1
710 711 1
18 712 1
238 712 1
713 712 1
18 713 1
238 713 1
712 713 1
145 714 1
58 715 1
716 715 1
58 716 1
715 716 1
91 717 1
530 718 1
719 718 1
530 719 1
718 719 1
721 720 1
722 720 1
723 720 1
720 721 1
722 721 1
723 721 1
720 722 1
721 722 1
723 722 1
720 723 1
721 723 1
722 723 1
725 724 1
726 724 1
724 725 1
726 725 1
724 726 1
725 726 1
728 727 1
727 728 1
707 729 1
32 730 1
731 730 1
732 730 1
733 730 1
754 730 1
850 730 1
851 730 1
1049 730 1
32 731 1
730 731 1
732 731 1
733 731 1
1117 731 1
1118 731 1
32 732 1
730 732 1
731 732 1
733 732 1
32 733 1
730 733 1
731 733 1
732 733 1
969 734 1
60 735 1
199 736 1
175 737 1
738 737 1
739 737 1
175 738 1
737 738 1
739 738 1
893 738 1
894 738 1
895 738 1
175 739 1
318 739 1
737 739 1
738 739 1
346 740 1
741 740 1
742 740 1
346 741 1
740 741 1
742 741 1
346 742 1
740 742 1
741 742 1
744 743 1
745 743 1
1265 743 1
1270 743 1
743 744 1
743 745 1
98 746 1
99 746 1
282 746 1
290 746 1
1167 746 1
1168 746 1
1169 746 1
372 747 1
377 747 1
378 747 1
748 747 2
752 747 1
756 747 1
747 748 2
129 749 1
137 749 1
750 749 1
129 750 1
137 750 1
749 750 1
318 751 1
378 752 1
747 752 1
68 753 1
754 753 1
755 753 1
68 754 1
70 754 1
730 754 1
753 754 1
755 754 1
815 754 1
1049 754 1
1394 754 1
68 755 1
672 755 1
753 755 1
754 755 1
907 755 1
747 756 1
758 757 1
757 758 1
75 759 1
760 759 1
75 760 1
759 760 1
832 761 1
161 762 1
304 762 1
524 762 2
648 762 1
876 762 1
892 762 1
1158 762 2
559 763 1
765 764 1
764 765 1
42 766 1
655 766 1
656 766 1
206 767 1
768 767 1
206 768 1
767 768 1
183 769 1
356 770 2
771 770 1
774 770 1
356 771 1
770 771 1
461 772 1
773 772 1
461 773 1
772 773 1
356 774 1
770 774 1
399 775 2
777 776 1
783 776 1
776 777 1
779 778 1
778 779 1
1228 779 1
1229 779 1
1230 779 2
781 780 1
782 780 1
780 781 1
782 781 1
780 782 1
781 782 1
776 783 1
785 784 1
786 784 1
787 784 1
784 785 1
786 785 1
787 785 1
784 786 1
785 786 1
787 786 1
123 787 1
266 787 1
339 787 1
662 787 2
784 787 1
785 787 1
786 787 1
1125 787 1
1126 787 1
1127 787 1
1187 787 1
1234 787 1
1235 787 1
92 788 1
656 788 1
860 788 1
73 789 1
619 789 1
790 789 1
791 789 1
792 789 1
73 790 1
619 790 1
789 790 1
791 790 1
792 790 1
73 791 1
309 791 1
619 791 1
789 791 1
790 791 1
792 791 1
73 792 1
619 792 1
789 792 1
790 792 1
791 792 1
122 793 1
794 793 1
122 794 1
793 794 1
592 795 2
796 795 2
1017 795 1
1018 795 1
1019 795 1
1020 795 1
592 796 2
795 796 2
1017 796 1
1018 796 1
1019 796 1
1020 796 1
132 797 2
147 798 1
799 798 1
800 798 1
147 799 1
798 799 1
800 799 1
147 800 1
798 800 1
799 800 1
352 801 1
803 802 1
802 803 1
183 804 1
279 804 1
885 805 1
92 806 2
93 806 1
1074 806 1
1244 806 1
352 807 1
1103 807 1
1215 807 1
399 808 1
810 809 1
809 810 1
1009 810 1
1010 810 1
1011 810 1
1012 810 1
812 811 1
811 812 1
935 812 1
814 813 1
813 814 1
886 814 1
754 815 1
94 816 1
122 817 1
137 817 1
172 817 1
690 817 1
818 817 1
1160 817 1
122 818 1
690 818 1
817 818 1
224 819 1
820 819 1
822 819 1
819 820 1
25 821 1
585 821 1
819 822 1
352 823 2
824 823 2
352 824 2
823 824 2
98 825 1
161 826 1
707 826 1
827 826 1
161 827 1
707 827 1
826 827 1
113 828 1
147 828 1
346 828 1
658 828 1
829 828 1
113 829 1
147 829 1
247 829 1
346 829 1
658 829 1
828 829 1
1364 829 1
111 830 1
304 830 1
412 830 1
524 830 1
544 830 1
598 830 1
831 830 1
304 831 1
524 831 1
598 831 1
830 831 1
761 832 1
183 833 1
834 833 1
183 834 1
833 834 1
571 835 1
338 836 1
529 836 1
837 836 1
838 836 1
338 837 1
529 837 1
836 837 1
838 837 1
338 838 1
529 838 1
836 838 1
837 838 1
434 839 1
529 839 1
840 839 1
434 840 1
529 840 1
839 840 1
842 841 1
841 842 1
844 843 1
1138 843 1
1139 843 1
843 844 1
319 845 1
97 846 1
161 846 1
385 846 1
847 846 1
848 846 1
849 846 1
1111 846 1
1176 846 1
1303 846 1
1304 846 1
1394 846 1
97 847 1
846 847 1
848 847 1
849 847 1
97 848 1
524 848 1
846 848 1
847 848 1
849 848 1
966 848 1
967 848 1
97 849 1
846 849 1
847 849 1
848 849 1
730 850 1
851 850 1
730 851 1
850 851 1
853 852 1
852 853 1
855 854 2
856 854 1
857 854 1
858 854 1
854 855 2
856 855 1
857 855 1
858 855 1
854 856 1
855 856 1
857 856 1
858 856 1
854 857 1
855 857 1
856 857 1
858 857 1
854 858 1
855 858 1
856 858 1
857 858 1
860 859 1
92 860 2
788 860 1
859 860 1
940 860 1
862 861 1
93 862 1
861 862 1
888 862 1
524 863 1
865 864 1
864 865 1
867 866 1
866 867 1
1105 867 1
1201 867 1
869 868 1
870 868 1
1332 868 1
868 869 1
870 869 1
868 870 1
869 870 1
25 871 1
60 871 1
167 871 1
180 871 1
872 871 1
25 872 1
60 872 1
167 872 1
180 872 1
871 872 1
510 873 1
874 873 1
875 873 1
510 874 1
873 874 1
875 874 1
510 875 1
873 875 1
874 875 1
304 876 1
524 876 1
762 876 1
315 877 1
630 877 1
524 878 1
585 878 1
879 878 1
524 879 1
585 879 1
878 879 1
1086 879 1
1341 879 1
630 880 2
881 880 1
887 880 1
880 881 1
883 882 1
884 882 1
882 883 1
884 883 1
882 884 1
883 884 1
1148 884 1
805 885 1
814 886 1
630 887 1
880 887 1
93 888 1
862 888 1
524 889 1
685 890 2
891 890 1
1337 890 1
685 891 2
890 891 1
161 892 1
524 892 1
648 892 1
762 892 1
738 893 1
894 893 1
895 893 1
738 894 1
893 894 1
895 894 1
738 895 1
893 895 1
894 895 1
1280 895 1
897 896 1
898 896 1
899 896 1
896 897 1
898 897 1
899 897 1
896 898 1
897 898 1
899 898 1
896 899 1
897 899 1
898 899 1
16 900 1
901 900 1
16 901 1
900 901 1
903 902 1
902 903 1
905 904 1
904 905 1
113 906 1
252 906 1
324 906 1
672 907 1
755 907 1
10 908 1
624 908 2
909 908 1
1257 908 1
1258 908 1
10 909 1
624 909 1
908 909 1
14 910 1
346 910 1
401 910 1
658 910 1
1313 910 1
912 911 1
911 912 1
70 913 1
914 913 1
70 914 1
913 914 1
371 915 1
372 915 1
399 916 1
917 916 1
4 917 1
399 917 1
916 917 1
1026 917 1
1115 917 1
1116 917 1
206 918 1
530 918 1
920 919 1
919 920 1
922 921 1
921 922 1
42 923 1
925 924 1
924 925 1
927 926 1
926 927 1
66 928 1
930 929 1
929 930 1
477 931 2
354 932 1
355 932 1
356 932 1
91 933 1
500 933 2
698 933 1
105 934 1
812 935 1
1360 935 1
1361 935 1
561 936 1
572 937 1
938 937 1
572 938 1
937 938 1
11 939 1
1079 939 1
1080 939 1
92 940 1
860 940 1
288 941 1
942 941 1
288 942 1
941 942 1
105 943 1
199 943 1
284 943 1
944 943 1
105 944 1
199 944 1
284 944 1
943 944 1
240 945 1
322 945 1
946 945 1
947 945 1
948 945 1
240 946 1
322 946 1
945 946 1
947 946 1
948 946 1
240 947 1
322 947 1
945 947 1
946 947 1
948 947 1
240 948 1
322 948 1
945 948 1
946 948 1
947 948 1
183 949 2
449 949 1
950 949 1
1208 949 1
183 950 1
949 950 1
147 951 1
322 951 1
952 951 1
147 952 1
322 952 1
951 952 1
954 953 1
955 953 1
953 954 1
955 954 1
953 955 1
954 955 1
167 956 1
319 956 1
958 957 1
957 958 1
294 959 1
144 960 1
962 961 1
961 962 1
156 963 1
346 963 1
964 963 1
965 963 1
156 964 1
346 964 1
963 964 1
965 964 1
1029 964 1
156 965 1
346 965 1
963 965 1
964 965 1
144 966 1
151 966 1
524 966 1
848 966 1
967 966 1
1182 966 1
524 967 1
848 967 1
966 967 1
316 968 1
560 968 1
734 969 1
385 970 1
971 970 1
385 971 1
970 971 1
238 972 1
295 972 1
974 973 1
973 974 1
976 975 1
977 975 1
975 976 1
977 976 1
975 977 1
976 977 1
6 978 2
979 978 2
6 979 2
978 979 2
500 980 1
981 980 1
982 980 1
500 981 1
980 981 1
982 981 1
500 982 1
980 982 1
981 982 1
161 983 1
610 984 1
122 985 1
986 985 1
985 986 1
988 987 1
997 987 1
987 988 1
92 989 1
624 989 2
1006 989 1
991 990 1
990 991 1
105 992 1
322 993 1
408 993 1
994 993 1
995 993 1
996 993 1
322 994 1
408 994 1
993 994 1
995 994 1
996 994 1
322 995 1
408 995 1
993 995 1
994 995 1
996 995 1
322 996 1
408 996 1
993 996 1
994 996 1
995 996 1
987 997 1
999 998 1
487 999 1
594 999 1
998 999 1
1102 999 1
1103 999 2
1104 999 1
1105 999 1
1106 999 1
118 1000 1
189 1000 1
226 1000 1
1001 1000 1
1002 1000 1
1003 1000 1
1004 1000 1
1005 1000 1
226 1001 1
1000 1001 1
1002 1001 1
1003 1001 1
226 1002 1
1000 1002 1
1001 1002 1
1003 1002 1
226 1003 1
1000 1003 1
1001 1003 1
1002 1003 1
118 1004 1
189 1004 1
1000 1004 1
1005 1004 1
118 1005 1
189 1005 1
1000 1005 1
1004 1005 1
989 1006 1
288 1007 1
1371 1007 1
229 1008 1
398 1008 1
810 1009 1
1010 1009 1
1011 1009 1
1012 1009 1
810 1010 1
1009 1010 1
1011 1010 1
1012 1010 1
810 1011 1
1009 1011 1
1010 1011 1
1012 1011 1
810 1012 1
1009 1012 1
1010 1012 1
1011 1012 1
449 1013 1
1014 1013 1
449 1014 1
1013 1014 1
1016 1015 1
1015 1016 1
131 1017 1
319 1017 1
592 1017 1
795 1017 1
796 1017 1
1018 1017 1
1019 1017 1
1020 1017 1
1279 1017 1
1280 1017 1
1281 1017 1
1332 1017 1
592 1018 1
795 1018 1
796 1018 1
1017 1018 1
1019 1018 1
1020 1018 1
592 1019 1
795 1019 1
796 1019 1
1017 1019 1
1018 1019 1
1020 1019 1
592 1020 1
795 1020 1
796 1020 1
1017 1020 1
1018 1020 1
1019 1020 1
130 1021 1
1022 1021 1
1023 1021 1
130 1022 1
1021 1022 1
1023 1022 1
130 1023 1
1021 1023 1
1022 1023 1
1025 1024 1
1024 1025 1
4 1026 1
130 1026 1
522 1026 1
917 1026 1
1027 1026 1
1028 1026 1
1115 1026 1
1116 1026 1
130 1027 1
466 1027 1
522 1027 1
1026 1027 1
1028 1027 1
130 1028 1
522 1028 1
1026 1028 1
1027 1028 1
964 1029 1
184 1030 1
319 1030 1
380 1030 1
604 1030 1
1031 1030 1
1054 1030 1
1055 1030 1
380 1031 1
1030 1031 1
1033 1032 1
1032 1033 1
1035 1034 1
1036 1034 1
1037 1034 1
1034 1035 1
1036 1035 1
1037 1035 1
1316 1035 1
1034 1036 1
1035 1036 1
1037 1036 1
1034 1037 1
1035 1037 1
1036 1037 1
51 1038 1
319 1038 1
395 1038 1
476 1038 1
322 1039 1
1040 1039 1
1041 1039 1
322 1040 1
1039 1040 1
1041 1040 1
322 1041 1
1039 1041 1
1040 1041 1
176 1042 1
572 1042 1
648 1042 2
648 1043 1
1044 1043 1
648 1044 1
1043 1044 1
1046 1045 1
1047 1045 1
1045 1046 1
1047 1046 1
1045 1047 1
1046 1047 1
153 1048 2
730 1049 1
754 1049 1
278 1050 1
1051 1050 1
278 1051 1
1050 1051 1
708 1052 2
1053 1052 2
1185 1052 1
1187 1052 1
1188 1052 1
708 1053 2
1052 1053 2
184 1054 1
319 1054 1
604 1054 1
1030 1054 1
1055 1054 1
184 1055 1
319 1055 1
604 1055 1
1030 1055 1
1054 1055 1
1057 1056 1
1056 1057 1
150 1058 1
1059 1058 1
150 1059 1
1058 1059 1
150 1060 1
176 1060 1
113 1061 1
301 1061 1
1062 1061 1
113 1062 1
301 1062 1
1061 1062 1
1064 1063 1
1063 1064 1
71 1065 1
77 1065 1
78 1065 1
1066 1065 1
71 1066 1
77 1066 1
78 1066 1
1065 1066 1
1068 1067 1
1067 1068 1
199 1069 1
312 1069 1
375 1069 1
1070 1069 1
1086 1069 1
312 1070 1
1069 1070 1
1072 1071 1
1071 1072 1
135 1073 1
138 1073 1
806 1074 1
38 1075 2
1076 1075 1
38 1076 1
1075 1076 1
507 1077 1
335 1078 1
939 1079 1
1080 1079 1
939 1080 1
1079 1080 1
1082 1081 1
1081 1082 1
145 1083 1
284 1084 1
98 1085 1
99 1085 1
199 1086 1
375 1086 1
879 1086 1
1069 1086 1
1341 1086 1
354 1087 1
356 1087 1
1088 1087 1
354 1088 1
356 1088 1
1087 1088 1
129 1089 1
708 1089 1
1090 1089 1
1322 1089 1
708 1090 1
1089 1090 1
76 1091 1
80 1091 1
253 1091 1
1093 1092 1
1094 1092 1
1092 1093 1
1094 1093 1
1092 1094 1
1093 1094 1
75 1095 1
356 1095 1
1096 1095 1
1097 1095 1
1098 1095 1
1099 1095 1
1100 1095 1
1101 1095 1
75 1096 1
356 1096 1
1095 1096 1
1097 1096 1
1098 1096 1
1099 1096 1
1100 1096 1
1101 1096 1
75 1097 1
356 1097 1
1095 1097 1
1096 1097 1
1098 1097 1
1099 1097 1
1100 1097 1
1101 1097 1
75 1098 1
356 1098 1
1095 1098 1
1096 1098 1
1097 1098 1
1099 1098 1
1100 1098 1
1101 1098 1
75 1099 1
356 1099 1
1095 1099 1
1096 1099 1
1097 1099 1
1098 1099 1
1100 1099 1
1101 1099 1
75 1100 1
356 1100 1
1095 1100 1
1096 1100 1
1097 1100 1
1098 1100 1
1099 1100 1
1101 1100 1
75 1101 1
356 1101 1
1095 1101 1
1096 1101 1
1097 1101 1
1098 1101 1
1099 1101 1
1100 1101 1
999 1102 1
807 1103 1
999 1103 2
1215 1103 1
999 1104 1
1353 1104 1
1354 1104 1
487 1105 1
594 1105 1
867 1105 1
999 1105 1
1106 1105 1
1201 1105 1
487 1106 1
594 1106 1
999 1106 1
1105 1106 1
322 1107 1
1108 1107 1
322 1108 1
1107 1108 1
238 1109 1
686 1109 1
687 1109 1
1110 1109 1
238 1110 1
686 1110 1
687 1110 1
1109 1110 1
846 1111 1
1187 1111 1
1113 1112 2
1114 1112 2
1112 1113 2
1114 1113 2
1112 1114 2
1113 1114 2
4 1115 1
917 1115 1
1026 1115 1
1116 1115 1
4 1116 1
917 1116 1
1026 1116 1
1115 1116 1
731 1117 1
1118 1117 1
731 1118 1
1117 1118 1
75 1119 1
138 1120 1
572 1120 1
63 1121 1
1122 1121 1
63 1122 1
1121 1122 1
176 1123 1
700 1123 1
1124 1123 1
176 1124 1
700 1124 1
1123 1124 1
123 1125 1
339 1125 1
662 1125 1
787 1125 1
1126 1125 1
1127 1125 1
123 1126 1
339 1126 1
662 1126 1
787 1126 1
1125 1126 1
1127 1126 1
123 1127 1
339 1127 1
662 1127 1
787 1127 1
1125 1127 1
1126 1127 1
1129 1128 1
1130 1128 1
1131 1128 1
1132 1128 1
1133 1128 1
1128 1129 1
1130 1129 1
1131 1129 1
1132 1129 1
1133 1129 1
1128 1130 1
1129 1130 1
1131 1130 1
1132 1130 1
1133 1130 1
1128 1131 1
1129 1131 1
1130 1131 1
1132 1131 1
1133 1131 1
1128 1132 1
1129 1132 1
1130 1132 1
1131 1132 1
1133 1132 1
1128 1133 1
1129 1133 1
1130 1133 1
1131 1133 1
1132 1133 1
164 1134 1
278 1134 1
1135 1134 1
1134 1135 1
323 1136 1
330 1136 1
1137 1136 1
323 1137 1
330 1137 1
1136 1137 1
843 1138 1
1139 1138 1
843 1139 1
1138 1139 1
1141 1140 1
1142 1140 1
1143 1140 1
1144 1140 1
1140 1141 1
1142 1141 1
1143 1141 1
1144 1141 1
1140 1142 1
1141 1142 1
1143 1142 1
1144 1142 1
1140 1143 1
1141 1143 1
1142 1143 1
1144 1143 1
1140 1144 1
1141 1144 1
1142 1144 1
1143 1144 1
514 1145 1
69 1146 1
240 1146 1
243 1146 1
1147 1146 1
69 1147 1
240 1147 1
243 1147 1
1146 1147 1
884 1148 1
98 1149 1
99 1149 1
1150 1149 1
1151 1149 1
98 1150 1
99 1150 1
1149 1150 1
1151 1150 1
98 1151 1
99 1151 1
1149 1151 1
1150 1151 1
176 1152 1
228 1152 1
638 1152 1
1153 1152 2
1154 1152 1
1236 1152 1
1152 1153 2
1154 1153 1
1189 1153 1
1190 1153 1
1152 1154 1
1153 1154 1
208 1155 1
219 1155 1
1157 1156 1
1156 1157 1
762 1158 2
40 1159 1
99 1159 1
1160 1159 1
1161 1159 2
1162 1159 1
99 1160 1
137 1160 1
172 1160 1
817 1160 1
1159 1160 1
1161 1160 1
59 1161 2
99 1161 1
1159 1161 2
1160 1161 1
1162 1161 2
1164 1161 1
1367 1161 2
40 1162 1
1159 1162 1
1161 1162 2
1367 1162 2
1164 1163 1
1165 1163 1
59 1164 1
1161 1164 1
1163 1164 1
1165 1164 1
1163 1165 1
1164 1165 1
118 1166 1
290 1166 1
282 1167 1
290 1167 1
746 1167 1
1168 1167 1
1169 1167 1
282 1168 1
290 1168 1
746 1168 1
1167 1168 1
1169 1168 1
282 1169 1
290 1169 1
746 1169 1
1167 1169 1
1168 1169 1
1171 1170 1
1170 1171 1
1173 1172 1
1172 1173 1
1175 1174 2
1174 1175 2
161 1176 1
582 1176 1
583 1176 2
846 1176 1
1177 1176 1
1178 1176 1
1303 1176 1
1304 1176 1
583 1177 1
1176 1177 1
1178 1177 1
583 1178 1
1176 1178 1
1177 1178 1
1180 1179 1
1179 1180 1
21 1181 1
144 1182 1
151 1182 1
966 1182 1
151 1183 1
155 1184 1
1052 1185 1
1186 1185 1
1187 1185 1
1188 1185 1
1185 1186 1
199 1187 1
266 1187 1
662 1187 1
787 1187 1
1052 1187 1
1111 1187 1
1185 1187 1
1188 1187 1
1234 1187 1
1235 1187 1
1052 1188 1
1185 1188 1
1187 1188 1
1153 1189 1
1190 1189 1
1153 1190 1
1189 1190 1
170 1191 1
1193 1192 1
1192 1193 1
708 1194 1
1195 1194 1
708 1195 1
1194 1195 1
26 1196 1
33 1196 1
113 1196 1
147 1196 1
278 1196 1
1197 1196 1
1198 1196 1
1199 1196 1
113 1197 1
147 1197 1
1196 1197 1
26 1198 1
278 1198 1
1196 1198 1
1199 1198 1
26 1199 1
278 1199 1
1196 1199 1
1198 1199 1
159 1200 1
867 1201 1
1105 1201 1
97 1202 1
238 1202 1
1203 1202 1
1204 1202 1
1252 1202 1
97 1203 1
238 1203 1
1202 1203 1
1204 1203 1
97 1204 1
238 1204 1
1202 1204 1
1203 1204 1
94 1205 1
1207 1206 1
1206 1207 1
949 1208 1
92 1209 1
93 1209 1
624 1209 1
94 1210 1
94 1211 1
94 1212 1
1213 1212 1
1214 1212 1
94 1213 1
1212 1213 1
1214 1213 1
94 1214 1
1212 1214 1
1213 1214 1
807 1215 1
1103 1215 1
164 1216 1
1218 1217 1
1217 1218 1
169 1219 1
1220 1219 1
1219 1220 1
161 1221 1
1222 1221 1
1223 1221 1
161 1222 1
1221 1222 1
1223 1222 1
161 1223 1
1221 1223 1
1222 1223 1
194 1224 1
1226 1225 1
1227 1225 1
1225 1226 1
1227 1226 1
1225 1227 1
1226 1227 1
779 1228 1
1229 1228 1
779 1229 1
1228 1229 1
779 1230 2
164 1231 1
461 1231 1
1233 1232 1
1232 1233 1
266 1234 1
662 1234 1
787 1234 1
1187 1234 1
1235 1234 1
266 1235 1
662 1235 1
787 1235 1
1187 1235 1
1234 1235 1
176 1236 1
228 1236 1
638 1236 1
1152 1236 1
560 1237 1
25 1238 1
29 1238 1
84 1238 1
1239 1238 1
25 1239 1
29 1239 1
84 1239 1
1238 1239 1
202 1240 2
1242 1241 1
1241 1242 1
1348 1242 1
70 1243 3
106 1243 1
92 1244 1
806 1244 1
200 1245 1
700 1245 1
1246 1245 1
200 1246 1
700 1246 1
1245 1246 1
478 1247 1
1248 1247 1
1249 1247 2
1325 1247 1
1326 1247 1
1327 1247 1
1328 1247 1
1329 1247 1
1247 1248 1
1249 1248 1
478 1249 1
1247 1249 2
1248 1249 1
1325 1249 1
1326 1249 1
1327 1249 1
1328 1249 1
1329 1249 1
1251 1250 1
1250 1251 1
35 1252 1
1202 1252 1
1253 1252 1
1252 1253 1
1255 1254 1
1254 1255 1
92 1256 1
93 1256 1
624 1256 1
624 1257 1
908 1257 1
1258 1257 1
624 1258 1
908 1258 1
1257 1258 1
449 1259 1
1260 1259 1
1261 1259 1
449 1260 1
1259 1260 1
1261 1260 1
449 1261 1
1259 1261 1
1260 1261 1
324 1262 1
1264 1263 1
1263 1264 1
743 1265 1
1266 1265 1
1267 1265 1
1268 1265 1
1269 1265 1
1270 1265 1
1265 1266 1
1267 1266 1
1268 1266 1
1269 1266 1
1265 1267 1
1266 1267 1
1268 1267 1
1269 1267 1
1265 1268 1
1266 1268 1
1267 1268 1
1269 1268 1
1265 1269 1
1266 1269 1
1267 1269 1
1268 1269 1
743 1270 1
1265 1270 1
92 1271 1
93 1271 1
624 1271 1
93 1272 1
624 1272 1
1273 1272 1
93 1273 1
624 1273 1
1272 1273 1
1275 1274 1
1274 1275 1
87 1276 1
348 1276 1
350 1276 1
1277 1276 1
87 1277 1
348 1277 1
350 1277 1
1276 1277 1
95 1278 1
98 1278 1
1017 1279 1
1280 1279 1
1281 1279 1
895 1280 1
1017 1280 1
1279 1280 1
1281 1280 1
1017 1281 1
1279 1281 1
1280 1281 1
1283 1282 2
1284 1282 1
1282 1283 2
1284 1283 1
1282 1284 1
1283 1284 1
708 1285 1
1286 1285 1
708 1286 1
1285 1286 1
1288 1287 1
1289 1287 1
1290 1287 1
1291 1287 1
1287 1288 1
1289 1288 1
1290 1288 1
1291 1288 1
1287 1289 1
1288 1289 1
1290 1289 1
1291 1289 1
1287 1290 1
1288 1290 1
1289 1290 1
1291 1290 1
1287 1291 1
1288 1291 1
1289 1291 1
1290 1291 1
1293 1292 1
1292 1293 1
164 1294 1
483 1295 1
43 1296 1
44 1296 1
1297 1296 1
43 1297 1
44 1297 1
1296 1297 1
1299 1298 2
1300 1298 1
1301 1298 1
1298 1299 2
1300 1299 1
1301 1299 1
1298 1300 1
1299 1300 1
1298 1301 1
1299 1301 1
500 1302 1
161 1303 1
846 1303 1
1176 1303 1
1304 1303 1
161 1304 1
846 1304 1
1176 1304 1
1303 1304 1
1306 1305 1
1307 1305 1
1308 1305 1
1305 1306 1
1307 1306 1
1308 1306 1
1305 1307 1
1306 1307 1
1308 1307 1
1305 1308 1
1306 1308 1
1307 1308 1
1310 1309 1
1311 1309 1
1312 1309 1
1309 1310 1
1311 1310 1
1312 1310 1
1309 1311 1
1310 1311 1
1312 1311 1
1309 1312 1
1310 1312 1
1311 1312 1
14 1313 1
401 1313 1
910 1313 1
1315 1314 1
1314 1315 1
1035 1316 1
1318 1317 1
1317 1318 1
354 1319 1
356 1319 1
238 1320 1
1321 1320 1
238 1321 1
1320 1321 1
129 1322 1
1089 1322 1
294 1323 1
1324 1323 1
294 1324 1
1323 1324 1
478 1325 1
1247 1325 1
1249 1325 1
1326 1325 1
1327 1325 1
1328 1325 1
1329 1325 1
478 1326 1
1247 1326 1
1249 1326 1
1325 1326 1
1327 1326 1
1328 1326 1
1329 1326 1
478 1327 1
1247 1327 1
1249 1327 1
1325 1327 1
1326 1327 1
1328 1327 1
1329 1327 1
478 1328 1
1247 1328 1
1249 1328 1
1325 1328 1
1326 1328 1
1327 1328 1
1329 1328 1
478 1329 1
1247 1329 1
1249 1329 1
1325 1329 1
1326 1329 1
1327 1329 1
1328 1329 1
223 1330 1
224 1330 1
449 1330 1
161 1331 1
323 1331 1
327 1331 1
52 1332 1
131 1332 1
132 1332 2
194 1332 1
319 1332 1
461 1332 2
868 1332 1
1017 1332 1
1333 1332 1
52 1333 1
194 1333 1
1332 1333 1
50 1334 1
238 1334 1
1335 1334 1
1336 1334 1
50 1335 1
238 1335 1
1334 1335 1
1336 1335 1
50 1336 1
238 1336 1
1334 1336 1
1335 1336 1
685 1337 1
890 1337 1
1339 1338 1
1338 1339 1
569 1340 1
290 1341 1
333 1341 1
683 1341 1
879 1341 1
1086 1341 1
1343 1342 1
1344 1342 1
1345 1342 1
1342 1343 1
1344 1343 1
1345 1343 1
1342 1344 1
1343 1344 1
1345 1344 1
1342 1345 1
1343 1345 1
1344 1345 1
1347 1346 1
1346 1347 1
1242 1348 1
1350 1349 1
1351 1349 1
1349 1350 1
1351 1350 1
1349 1351 1
1350 1351 1
359 1352 1
363 1352 1
1104 1353 1
1354 1353 1
1104 1354 1
1353 1354 1
238 1355 1
1356 1355 1
238 1356 2
1355 1356 1
1362 1356 1
1358 1357 1
1357 1358 1
597 1359 1
935 1360 1
1361 1360 1
935 1361 1
1360 1361 1
238 1362 1
1356 1362 1
27 1363 1
247 1364 1
829 1364 1
1366 1365 1
1365 1366 1
1161 1367 2
1162 1367 2
449 1368 1
1369 1368 1
449 1369 1
1368 1369 1
103 1370 1
206 1370 1
288 1371 1
1007 1371 1
652 1372 1
653 1372 1
132 1373 1
1374 1373 1
1375 1373 1
1376 1373 1
132 1374 1
1373 1374 1
1375 1374 1
1376 1374 1
132 1375 1
1373 1375 1
1374 1375 1
1376 1375 1
132 1376 1
1373 1376 1
1374 1376 1
1375 1376 1
559 1377 1
1378 1377 1
559 1378 1
1377 1378 1
1380 1379 1
1381 1379 1
1379 1380 1
1381 1380 1
1379 1381 1
1380 1381 1
56 1382 1
24 1383 1
9 1384 1
688 1384 1
689 1384 1
1385 1384 1
1386 1384 1
9 1385 1
688 1385 1
689 1385 1
1384 1385 1
1386 1385 1
9 1386 1
688 1386 1
689 1386 1
1384 1386 1
1385 1386 1
1388 1387 2
1389 1387 1
1387 1388 2
1389 1388 1
1387 1389 1
1388 1389 1
399 1390 1
1391 1390 1
1392 1390 1
399 1391 1
1390 1391 1
1392 1391 1
399 1392 1
1390 1392 1
1391 1392 1
255 1393 1
70 1394 1
145 1394 1
319 1394 1
323 1394 1
754 1394 1
846 1394 1
