135 1 1
190 1 1
390 1 1
473 1 1
521 1 1
31 2 1
83 2 2
195 2 1
753 2 1
969 2 1
291 3 2
160 4 1
536 4 2
357 5 1
20 6 1
175 7 1
325 8 1
41 9 1
54 9 2
201 9 2
233 9 1
234 9 1
282 9 1
363 9 1
399 9 1
470 9 1
726 9 1
225 10 1
226 10 1
430 10 1
513 10 1
135 11 1
279 11 1
13 12 1
323 12 1
523 12 1
12 13 1
323 13 1
523 13 1
21 14 1
523 14 1
16 15 1
39 15 1
15 16 1
39 16 1
27 17 1
404 17 1
438 17 1
702 18 1
130 19 1
225 19 1
744 19 1
6 20 1
14 21 1
523 21 2
976 21 1
23 22 6
175 22 1
208 22 2
313 22 1
321 22 1
367 22 1
393 22 1
395 22 2
439 22 2
483 22 1
493 22 3
644 22 1
689 22 2
690 22 1
788 22 1
791 22 1
806 22 1
848 22 1
849 22 1
22 23 6
175 23 1
208 23 1
209 23 1
289 23 1
321 23 1
367 23 1
393 23 1
395 23 1
483 23 1
493 23 3
644 23 1
689 23 2
690 23 1
771 23 1
772 23 1
806 23 1
848 23 1
849 23 1
74 24 2
188 24 1
197 24 1
208 24 1
366 24 1
909 24 1
910 24 1
412 25 1
974 25 1
648 26 1
17 27 1
438 27 1
665 28 1
54 29 1
101 29 1
224 29 1
943 29 1
944 29 1
945 29 1
946 29 1
314 30 1
853 30 1
854 30 1
855 30 1
2 31 1
39 31 1
83 31 1
195 31 1
537 31 1
755 31 1
756 31 1
324 32 1
386 32 1
757 32 1
63 33 1
78 33 1
114 33 1
130 33 1
158 33 2
185 33 1
191 33 1
225 33 1
258 33 1
413 33 1
427 33 1
431 33 1
519 33 2
566 33 2
572 33 1
573 33 1
574 33 1
576 33 3
577 33 1
580 33 1
670 33 1
752 33 1
763 33 1
861 33 2
882 33 2
125 34 1
136 34 1
227 34 1
281 34 1
514 34 1
515 34 1
39 35 1
55 35 2
122 35 1
178 35 1
524 35 1
803 36 1
220 37 1
410 38 1
429 38 1
506 38 1
15 39 1
16 39 1
31 39 1
35 39 1
55 39 1
68 39 1
122 39 1
124 39 4
126 39 2
145 39 1
276 39 1
279 39 1
303 39 1
537 39 1
554 39 1
628 39 1
637 39 1
638 39 1
639 39 1
640 39 1
641 39 2
642 39 1
643 39 1
755 39 2
756 39 2
773 39 1
948 39 2
59 40 1
108 40 1
9 41 1
54 41 1
201 41 1
233 41 1
234 41 1
399 41 1
470 41 1
726 41 1
379 42 1
135 43 1
221 43 1
222 43 1
361 44 1
175 45 1
201 45 1
234 45 1
547 46 1
590 46 1
725 47 1
154 48 1
819 48 1
509 49 1
520 49 1
570 49 1
262 50 2
317 50 1
264 51 1
292 52 1
437 52 1
453 52 1
813 52 1
814 52 1
815 52 1
178 53 2
210 53 1
241 53 1
246 53 1
9 54 2
29 54 1
41 54 1
101 54 3
201 54 3
205 54 1
233 54 1
234 54 1
282 54 2
286 54 1
363 54 1
399 54 1
470 54 1
671 54 1
726 54 1
35 55 2
39 55 1
57 55 2
122 55 1
143 55 2
153 55 1
425 55 1
741 56 1
55 57 2
104 57 1
143 57 3
178 57 1
180 57 1
251 57 1
353 57 1
387 57 1
418 57 1
425 57 2
611 57 1
628 58 1
697 58 1
841 58 1
40 59 1
108 59 1
492 60 1
703 60 2
704 60 2
705 60 2
764 60 1
765 60 1
766 60 1
883 60 1
63 61 1
63 62 1
64 62 1
33 63 1
61 63 1
62 63 1
64 63 2
78 63 1
97 63 1
554 63 1
580 63 1
624 63 1
625 63 1
626 63 1
627 63 1
628 63 3
877 63 2
980 63 1
981 63 1
62 64 1
63 64 2
554 64 1
392 65 1
666 65 1
667 65 1
77 66 2
417 66 1
520 66 1
750 66 1
751 66 1
312 67 1
949 67 1
39 68 1
124 68 1
176 68 1
922 68 1
802 69 1
71 70 1
70 71 1
553 72 1
203 73 1
372 73 1
408 73 1
615 73 1
721 73 1
722 73 1
723 73 1
24 74 2
188 74 2
197 74 1
208 74 1
366 74 1
891 74 1
909 74 1
910 74 1
123 75 1
151 76 1
152 76 1
66 77 2
417 77 1
520 77 1
750 77 1
751 77 1
33 78 1
63 78 1
580 78 1
80 79 1
79 80 1
171 81 3
208 81 2
252 81 1
366 81 2
632 81 1
633 81 1
688 81 2
857 81 1
422 82 1
923 82 1
2 83 2
31 83 1
195 83 2
353 83 1
440 83 1
752 83 1
753 83 4
761 83 1
763 83 1
969 83 1
122 84 1
604 84 1
605 84 1
178 85 1
241 85 1
88 86 2
89 86 2
245 86 1
599 86 1
600 86 1
601 86 1
183 87 1
267 87 1
609 87 1
610 87 2
86 88 2
89 88 1
245 88 1
599 88 1
600 88 1
86 89 2
88 89 1
245 89 1
601 89 1
91 90 1
973 90 1
90 91 1
973 91 1
104 92 1
106 92 1
123 92 1
236 92 1
138 93 1
798 93 1
262 94 1
465 94 1
474 94 1
547 94 1
98 95 1
580 95 1
122 96 1
604 96 1
605 96 1
63 97 1
624 97 1
625 97 1
626 97 1
627 97 1
628 97 1
95 98 1
580 98 1
187 99 1
217 99 1
230 99 1
427 99 1
576 99 1
919 99 1
168 100 1
414 100 1
420 100 1
423 100 1
29 101 1
54 101 3
201 101 1
282 101 1
511 101 1
671 101 1
774 101 1
352 102 1
104 103 3
243 103 1
302 103 1
878 103 1
57 104 1
92 104 1
103 104 3
106 104 3
123 104 1
124 104 1
236 104 1
243 104 1
283 104 1
302 104 1
418 104 2
720 104 1
878 104 1
106 105 2
177 105 1
409 105 1
447 105 1
449 105 1
92 106 1
104 106 3
105 106 2
123 106 1
124 106 1
129 106 1
223 106 1
236 106 1
409 106 1
447 106 1
448 106 1
449 106 1
702 107 2
759 107 1
40 108 1
59 108 1
484 109 1
606 109 1
234 110 1
335 110 1
288 111 2
421 111 1
571 111 3
917 111 1
208 112 1
209 112 1
552 112 1
698 112 1
133 113 2
142 113 1
235 113 1
424 113 1
576 113 1
872 113 1
979 113 1
33 114 1
258 114 1
413 114 1
572 114 1
573 114 1
117 115 1
709 115 1
873 116 1
874 116 1
115 117 1
284 117 1
709 117 1
268 118 2
672 118 1
673 118 1
699 118 1
798 118 1
602 119 1
603 119 1
913 120 1
914 120 1
220 121 1
35 122 1
39 122 1
55 122 1
84 122 1
96 122 1
123 122 1
255 122 1
604 122 5
605 122 5
740 122 1
75 123 1
92 123 1
104 123 1
106 123 1
122 123 1
236 123 1
255 123 1
604 123 1
605 123 1
39 124 4
68 124 1
104 124 1
106 124 1
126 124 1
273 124 2
303 124 1
921 124 2
34 125 1
136 125 1
227 125 1
281 125 1
514 125 1
515 125 1
39 126 2
124 126 1
145 126 1
276 126 1
279 126 1
303 126 1
637 126 1
638 126 1
639 126 1
640 126 1
641 126 1
642 126 1
643 126 1
257 127 1
727 127 1
200 128 1
106 129 1
139 129 1
148 129 1
183 129 1
285 129 1
744 129 4
746 129 1
851 129 2
19 130 1
33 130 1
133 130 1
178 130 1
225 130 1
574 130 1
744 130 1
188 131 1
455 132 1
113 133 2
130 133 1
165 133 1
178 133 1
194 133 1
195 133 2
508 133 1
621 133 1
724 133 1
872 133 1
354 134 2
365 134 2
375 134 1
1 135 1
11 135 1
43 135 1
188 135 1
190 135 1
221 135 1
222 135 2
223 135 1
279 135 1
473 135 2
481 135 1
521 135 1
826 135 1
867 135 1
868 135 1
34 136 1
125 136 1
227 136 1
281 136 1
514 136 1
515 136 1
248 137 1
93 138 1
228 138 1
229 138 1
407 138 1
798 138 1
129 139 1
182 140 1
364 140 2
970 140 1
971 140 1
972 140 1
805 141 1
113 142 1
163 142 1
166 142 1
167 142 1
235 142 1
424 142 1
576 142 1
979 142 1
55 143 2
57 143 3
180 143 2
240 143 1
425 143 1
882 143 2
188 144 1
457 144 1
39 145 1
126 145 1
276 145 1
279 145 1
637 145 1
638 145 1
639 145 1
640 145 1
641 145 1
642 145 1
643 145 1
177 146 1
178 146 1
563 146 1
621 146 1
623 146 1
662 146 1
797 146 1
808 147 1
129 148 1
744 148 1
248 149 1
249 149 1
486 149 1
212 150 1
864 150 1
76 151 1
152 151 1
76 152 1
151 152 1
192 152 1
277 152 1
331 152 1
501 152 1
635 152 1
636 152 1
825 152 1
55 153 1
48 154 1
418 154 1
443 154 1
708 154 1
819 154 2
842 154 1
793 155 1
157 156 1
159 156 1
160 156 1
183 156 2
271 156 1
317 156 1
475 156 1
588 156 1
589 156 1
592 156 1
593 156 2
610 156 2
861 156 1
875 156 2
876 156 1
156 157 1
767 157 1
930 157 1
931 157 1
33 158 2
456 158 2
519 158 2
861 158 4
862 158 1
863 158 2
882 158 2
928 158 1
156 159 1
271 159 1
593 159 1
4 160 1
156 160 1
536 160 1
610 160 1
861 160 1
875 160 1
634 161 1
245 162 1
248 162 1
253 162 1
142 163 1
166 163 1
167 163 1
298 164 1
607 164 1
608 164 1
133 165 1
194 165 1
621 165 1
142 166 1
163 166 1
167 166 2
242 166 2
142 167 1
163 167 1
166 167 2
207 167 1
217 167 1
317 167 1
100 168 1
188 168 2
193 168 1
319 168 1
414 168 1
418 168 4
420 168 1
423 168 1
427 168 1
445 168 1
662 168 1
208 169 1
596 169 1
236 170 1
369 170 1
747 170 1
81 171 3
208 171 2
252 171 1
366 171 2
688 171 2
857 171 1
489 172 1
551 173 1
699 173 1
175 174 1
7 175 1
22 175 1
23 175 1
45 175 1
174 175 1
201 175 1
208 175 1
215 175 1
233 175 1
234 175 1
288 175 1
311 175 1
367 175 1
478 175 2
860 175 1
68 176 1
202 176 1
231 176 1
303 176 1
799 176 1
922 176 1
105 177 1
146 177 1
621 177 3
623 177 1
35 178 1
53 178 2
57 178 1
85 178 1
130 178 1
133 178 1
146 178 1
210 178 1
241 178 2
246 178 3
345 178 1
387 178 1
524 178 1
563 178 1
606 178 1
662 178 1
797 178 1
929 178 2
272 179 1
714 179 1
715 179 1
716 179 1
717 179 1
718 179 1
719 179 1
57 180 1
143 180 2
240 180 1
237 181 1
446 181 1
140 182 1
364 182 1
87 183 1
129 183 1
156 183 2
333 183 1
423 183 1
459 183 1
588 183 1
609 183 1
610 183 2
744 183 1
851 183 1
875 183 1
876 183 1
899 183 1
247 184 1
441 184 1
626 184 1
33 185 1
225 185 2
427 185 1
504 185 1
670 185 2
208 186 2
366 186 2
692 186 1
693 186 1
99 187 1
217 187 1
230 187 1
391 187 1
435 187 1
576 187 1
763 187 1
852 187 1
919 187 1
24 188 1
74 188 2
131 188 1
135 188 1
144 188 1
168 188 2
197 188 1
223 188 1
271 188 1
366 188 1
418 188 2
457 188 1
685 188 1
891 188 1
909 188 1
910 188 1
320 189 1
334 189 1
398 189 1
402 189 1
487 189 1
677 189 1
678 189 1
679 189 1
680 189 1
681 189 1
682 189 1
683 189 1
684 189 1
685 189 1
700 189 2
1 190 1
135 190 1
473 190 1
521 190 1
33 191 1
763 191 1
152 192 1
277 192 1
331 192 1
635 192 1
636 192 1
168 193 1
418 193 1
445 193 1
133 194 1
165 194 1
621 194 1
2 195 1
31 195 1
83 195 2
133 195 2
440 195 1
211 196 1
668 196 1
24 197 1
74 197 1
188 197 1
198 197 1
366 197 1
909 197 2
910 197 1
932 197 1
955 197 1
956 197 1
197 198 1
932 198 1
538 199 1
918 199 1
128 200 1
9 201 2
41 201 1
45 201 1
54 201 3
101 201 1
175 201 1
233 201 1
234 201 2
282 201 1
286 201 1
363 201 1
376 201 1
399 201 1
470 201 1
511 201 1
726 201 1
774 201 1
176 202 1
73 203 1
372 203 1
408 203 1
452 203 1
615 203 1
721 203 1
722 203 1
723 203 1
839 204 1
54 205 1
423 205 1
219 206 1
962 206 1
167 207 1
217 207 2
317 207 1
22 208 2
23 208 1
24 208 1
74 208 1
81 208 2
112 208 1
169 208 1
171 208 2
175 208 1
186 208 2
209 208 1
252 208 1
313 208 1
366 208 5
367 208 1
371 208 1
552 208 1
596 208 1
688 208 2
692 208 1
693 208 1
698 208 1
828 208 2
23 209 1
112 209 1
208 209 1
552 209 6
629 209 1
630 209 3
631 209 2
698 209 2
795 209 1
801 209 1
53 210 1
178 210 1
241 210 1
196 211 1
278 211 1
668 211 1
692 211 1
871 211 1
890 211 1
150 212 1
864 212 1
466 213 1
911 213 1
912 213 1
415 214 1
175 215 1
288 215 1
478 215 1
809 216 1
99 217 1
167 217 1
187 217 1
207 217 2
230 217 1
317 217 1
576 217 1
919 217 1
315 218 1
370 218 1
426 218 1
758 218 1
206 219 1
962 219 1
37 220 1
121 220 1
43 221 1
135 221 1
222 221 1
43 222 1
135 222 2
221 222 1
327 222 1
826 222 1
106 223 1
135 223 1
188 223 1
448 223 1
29 224 1
850 224 1
943 224 1
944 224 1
945 224 1
946 224 1
10 225 1
19 225 1
33 225 1
130 225 1
185 225 2
226 225 2
350 225 1
427 225 1
430 225 1
491 225 1
504 225 1
513 225 1
670 225 2
744 225 1
10 226 1
225 226 2
350 226 1
430 226 1
513 226 1
34 227 1
125 227 1
136 227 1
281 227 1
514 227 1
515 227 1
138 228 1
229 228 1
407 228 1
138 229 1
228 229 1
407 229 1
99 230 1
187 230 1
217 230 1
576 230 1
919 230 1
176 231 1
568 232 1
745 232 1
9 233 1
41 233 1
54 233 1
175 233 1
201 233 1
234 233 1
399 233 1
470 233 1
726 233 1
860 233 1
9 234 1
41 234 1
45 234 1
54 234 1
110 234 1
175 234 1
201 234 2
233 234 1
294 234 1
335 234 3
338 234 1
399 234 1
470 234 1
540 234 1
726 234 1
845 234 1
113 235 1
142 235 1
424 235 1
576 235 1
979 235 1
92 236 1
104 236 1
106 236 1
123 236 1
170 236 1
369 236 1
747 236 1
181 237 1
446 237 1
239 238 1
238 239 1
143 240 1
180 240 1
53 241 1
85 241 1
178 241 2
210 241 1
166 242 2
103 243 1
104 243 1
284 243 3
302 243 1
878 243 2
933 243 1
245 244 1
86 245 1
88 245 1
89 245 1
162 245 1
244 245 1
248 245 3
253 245 1
254 245 1
287 245 1
299 245 1
486 245 1
489 245 1
706 245 2
707 245 1
728 245 1
729 245 1
837 245 1
869 245 1
870 245 1
898 245 1
53 246 1
178 246 3
184 247 1
441 247 1
626 247 2
137 248 1
149 248 1
162 248 1
245 248 3
249 248 2
253 248 1
486 248 1
705 248 1
728 248 1
729 248 1
732 248 1
733 248 1
898 248 1
982 248 1
983 248 1
149 249 1
248 249 2
486 249 1
957 249 1
982 249 1
983 249 1
903 250 1
904 250 1
57 251 1
425 251 1
81 252 1
171 252 1
208 252 1
366 252 1
688 252 1
162 253 1
245 253 1
248 253 1
831 253 1
832 253 1
245 254 1
299 254 1
358 254 1
359 254 1
520 254 1
706 254 1
775 254 1
776 254 1
837 254 1
122 255 1
123 255 1
604 255 1
605 255 1
686 256 1
687 256 1
127 257 1
727 257 1
33 258 1
114 258 1
413 258 1
572 258 1
573 258 1
785 259 1
275 260 1
711 260 2
347 261 1
561 261 1
883 261 1
894 261 1
895 261 1
896 261 1
897 261 1
50 262 2
94 262 1
317 262 1
266 263 1
620 263 1
51 264 1
597 265 1
598 265 1
263 266 1
267 266 1
620 266 1
888 266 1
87 267 1
266 267 1
610 267 1
888 267 1
118 268 2
565 268 1
622 268 1
672 268 1
673 268 1
699 268 1
798 268 1
277 269 1
505 270 1
606 270 1
156 271 1
159 271 1
188 271 1
284 271 2
377 271 1
442 271 1
593 271 1
624 271 1
696 271 1
713 271 1
179 272 1
714 272 1
715 272 1
716 272 1
717 272 1
718 272 1
719 272 1
124 273 2
921 273 2
293 274 1
260 275 1
711 275 1
39 276 1
126 276 1
145 276 1
279 276 1
637 276 1
638 276 1
639 276 1
640 276 1
641 276 1
642 276 1
643 276 1
152 277 1
192 277 1
269 277 1
331 277 1
635 277 1
636 277 1
211 278 1
692 278 1
871 278 1
11 279 1
39 279 1
126 279 1
135 279 1
145 279 1
276 279 1
497 279 1
637 279 1
638 279 1
639 279 1
640 279 1
641 279 1
642 279 1
643 279 1
291 280 1
34 281 1
125 281 1
136 281 1
227 281 1
514 281 1
515 281 1
9 282 1
54 282 2
101 282 1
201 282 1
363 282 1
671 282 1
104 283 1
720 283 1
117 284 1
243 284 3
271 284 2
713 284 1
878 284 1
933 284 1
129 285 1
746 285 1
54 286 1
201 286 1
245 287 1
706 287 1
707 287 1
111 288 2
175 288 1
215 288 1
478 288 1
571 288 1
917 288 1
23 289 1
771 289 1
772 289 1
578 290 1
3 291 2
280 291 1
354 291 1
365 291 1
52 292 1
437 292 1
453 292 1
813 292 1
814 292 1
815 292 1
274 293 1
234 294 1
335 294 1
416 294 1
845 294 1
306 295 1
833 295 1
834 295 1
835 295 1
836 295 1
482 296 1
691 296 1
472 297 1
164 298 1
607 298 1
608 298 1
245 299 1
254 299 1
706 299 1
837 299 1
494 300 1
695 300 1
612 301 1
613 301 1
614 301 1
103 302 1
104 302 1
243 302 1
878 302 1
39 303 1
124 303 1
126 303 1
176 303 1
378 304 1
907 305 1
908 305 1
295 306 1
833 306 1
834 306 1
835 306 1
836 306 1
758 307 1
789 307 1
560 308 1
985 308 1
986 308 1
374 309 1
497 309 2
575 309 2
754 309 1
505 310 1
602 310 1
606 310 1
175 311 1
478 311 1
67 312 1
949 312 1
22 313 1
208 313 1
30 314 1
394 314 1
712 314 1
769 314 1
853 314 1
854 314 1
855 314 1
218 315 1
370 315 1
426 315 1
758 315 1
674 316 1
50 317 1
156 317 1
167 317 1
207 317 1
217 317 1
262 317 1
592 317 1
593 317 1
468 318 1
168 319 1
662 319 1
189 320 1
700 320 1
804 320 1
22 321 1
23 321 1
393 321 1
395 321 1
483 321 1
493 321 1
689 321 1
690 321 1
556 322 1
558 322 1
846 322 1
12 323 1
13 323 1
523 323 1
32 324 1
386 324 1
8 325 1
562 326 1
222 327 1
362 328 1
344 329 1
385 329 1
460 329 1
342 330 1
807 330 1
152 331 1
192 331 1
277 331 1
635 331 1
636 331 1
428 332 1
544 332 1
603 332 1
183 333 1
899 333 1
189 334 1
398 334 1
402 334 1
677 334 1
678 334 1
679 334 1
680 334 1
681 334 1
682 334 1
683 334 1
684 334 1
685 334 1
110 335 1
234 335 3
294 335 1
338 335 1
540 335 1
845 335 1
337 336 2
525 336 1
526 336 1
336 337 2
525 337 1
526 337 1
234 338 1
335 338 1
540 338 1
432 339 1
463 339 1
529 339 1
341 340 1
651 340 1
652 340 1
340 341 1
651 341 1
652 341 1
330 342 1
499 342 1
807 342 1
856 343 1
329 344 1
385 344 1
460 344 1
178 345 1
524 346 1
261 347 1
561 347 1
883 347 1
894 347 1
895 347 1
896 347 1
897 347 1
349 348 1
350 348 1
348 349 1
350 349 1
225 350 1
226 350 1
348 350 1
349 350 1
653 351 1
102 352 1
57 353 1
83 353 1
440 353 1
611 353 2
752 353 1
753 353 1
134 354 2
291 354 1
365 354 3
375 354 1
432 355 1
463 355 1
464 355 1
730 355 1
731 355 1
388 356 1
389 356 1
920 356 1
5 357 1
254 358 1
359 358 1
520 358 1
775 358 1
776 358 1
254 359 1
358 359 1
520 359 1
775 359 1
776 359 1
433 360 1
44 361 1
328 362 1
9 363 1
54 363 1
201 363 1
282 363 1
140 364 2
182 364 1
134 365 2
291 365 1
354 365 3
375 365 1
24 366 1
74 366 1
81 366 2
171 366 2
186 366 2
188 366 1
197 366 1
208 366 5
252 366 1
572 366 1
688 366 2
692 366 1
693 366 1
828 366 1
909 366 1
910 366 1
22 367 1
23 367 1
175 367 1
208 367 1
706 367 1
372 368 1
170 369 1
236 369 1
747 369 1
218 370 1
315 370 1
426 370 1
758 370 1
208 371 1
828 371 1
73 372 1
203 372 1
368 372 1
408 372 1
615 372 1
721 372 1
722 372 1
723 372 1
482 373 1
309 374 1
497 374 1
575 374 1
134 375 1
354 375 1
365 375 1
201 376 1
271 377 1
696 377 1
304 378 1
42 379 1
567 380 1
940 381 1
941 381 1
383 382 1
384 382 1
886 382 1
382 383 1
384 383 1
886 383 1
382 384 1
383 384 1
886 384 1
329 385 1
344 385 1
460 385 1
32 386 1
324 386 1
57 387 1
178 387 1
356 388 1
389 388 1
920 388 1
356 389 1
388 389 1
920 389 1
1 390 1
473 390 1
187 391 1
435 391 1
579 391 2
763 391 1
879 391 1
880 391 2
881 391 2
65 392 1
666 392 1
667 392 1
22 393 1
23 393 1
321 393 1
395 393 1
483 393 1
493 393 1
689 393 1
690 393 1
314 394 1
22 395 2
23 395 1
321 395 1
393 395 1
439 395 1
483 395 1
493 395 1
689 395 1
690 395 1
788 395 1
675 396 1
676 396 1
471 397 1
474 397 1
189 398 1
334 398 1
402 398 1
677 398 1
678 398 1
679 398 1
680 398 1
681 398 1
682 398 1
683 398 1
684 398 1
685 398 1
9 399 1
41 399 1
54 399 1
201 399 1
233 399 1
234 399 1
470 399 1
726 399 1
401 400 1
977 400 1
978 400 1
400 401 1
977 401 1
978 401 1
189 402 1
334 402 1
398 402 1
677 402 1
678 402 1
679 402 1
680 402 1
681 402 1
682 402 1
683 402 1
684 402 1
685 402 1
477 403 1
818 403 1
17 404 1
411 405 1
768 405 1
864 406 1
865 406 1
866 406 1
138 407 1
228 407 1
229 407 1
73 408 1
203 408 1
372 408 1
615 408 1
721 408 1
722 408 1
723 408 1
105 409 1
106 409 1
447 409 1
38 410 1
429 410 1
506 410 1
405 411 1
768 411 1
25 412 1
974 412 1
33 413 1
114 413 1
258 413 1
572 413 1
573 413 1
100 414 1
168 414 1
420 414 1
423 414 1
214 415 1
549 415 1
294 416 1
794 416 1
66 417 1
77 417 1
520 417 1
750 417 1
751 417 1
57 418 1
104 418 2
154 418 1
168 418 4
188 418 2
193 418 1
427 418 1
443 418 2
445 418 1
458 418 1
708 418 2
885 418 1
444 419 1
445 419 1
454 419 1
516 419 1
100 420 1
168 420 1
414 420 1
423 420 1
111 421 1
571 421 1
82 422 1
923 422 1
100 423 1
168 423 1
183 423 1
205 423 1
414 423 1
420 423 1
435 423 1
450 423 1
451 423 1
459 423 1
555 423 1
900 423 1
967 423 1
968 423 1
113 424 1
142 424 1
235 424 1
576 424 1
979 424 1
55 425 1
57 425 2
143 425 1
251 425 1
218 426 1
315 426 1
370 426 1
480 426 1
758 426 1
792 426 1
33 427 1
99 427 1
168 427 1
185 427 1
225 427 1
418 427 1
670 427 1
332 428 1
544 428 1
603 428 1
38 429 1
410 429 1
506 429 1
10 430 1
225 430 1
226 430 1
513 430 1
33 431 1
576 431 1
339 432 1
355 432 1
462 432 1
463 432 3
464 432 2
492 432 1
529 432 1
730 432 1
731 432 1
360 433 1
434 433 1
469 433 1
433 434 1
187 435 1
391 435 1
423 435 1
555 435 1
763 435 1
900 435 1
812 436 1
52 437 1
292 437 1
453 437 1
813 437 1
814 437 1
815 437 1
17 438 1
27 438 1
22 439 2
395 439 1
788 439 1
791 439 1
83 440 1
195 440 1
353 440 1
611 440 1
184 441 1
247 441 1
626 441 1
271 442 1
154 443 1
418 443 2
458 443 1
708 443 1
885 443 1
419 444 1
445 444 1
454 444 1
516 444 1
168 445 1
193 445 1
418 445 1
419 445 1
444 445 1
454 445 1
516 445 1
576 445 1
954 445 1
959 445 1
181 446 1
237 446 1
105 447 1
106 447 1
409 447 1
106 448 1
223 448 1
105 449 1
106 449 1
423 450 1
451 450 1
967 450 1
968 450 1
423 451 1
450 451 1
967 451 1
968 451 1
203 452 1
52 453 1
292 453 1
437 453 1
813 453 1
814 453 1
815 453 1
419 454 1
444 454 1
445 454 1
516 454 1
132 455 1
710 455 1
158 456 2
861 456 2
862 456 1
863 456 2
928 456 1
144 457 1
188 457 1
418 458 1
443 458 1
885 458 1
183 459 1
423 459 1
329 460 1
344 460 1
385 460 1
507 461 1
800 461 1
954 461 1
432 462 1
463 462 1
464 462 1
339 463 1
355 463 1
432 463 3
462 463 1
464 463 2
528 463 1
529 463 1
530 463 1
730 463 1
731 463 1
355 464 1
432 464 2
462 464 1
463 464 2
730 464 1
731 464 1
94 465 1
528 465 1
530 465 1
545 465 1
546 465 1
213 466 1
547 467 1
884 467 1
318 468 1
433 469 1
9 470 1
41 470 1
54 470 1
201 470 1
233 470 1
234 470 1
399 470 1
726 470 1
397 471 1
474 471 1
297 472 1
1 473 1
135 473 2
190 473 1
390 473 1
521 473 1
867 473 1
868 473 1
94 474 1
397 474 1
471 474 1
528 474 1
530 474 1
547 474 1
156 475 1
589 475 1
579 476 1
403 477 1
818 477 1
175 478 2
215 478 1
288 478 1
311 478 1
701 478 1
782 479 1
783 479 1
784 479 1
426 480 1
792 480 1
135 481 1
296 482 1
373 482 1
691 482 1
22 483 1
23 483 1
321 483 1
393 483 1
395 483 1
493 483 1
689 483 1
690 483 1
109 484 1
485 484 1
606 484 1
484 485 1
149 486 1
245 486 1
248 486 1
249 486 1
869 486 1
870 486 1
189 487 1
700 487 1
790 488 1
172 489 1
245 489 1
734 490 1
735 490 1
736 490 1
225 491 1
60 492 1
432 492 1
703 492 1
704 492 1
705 492 1
764 492 1
765 492 1
766 492 1
22 493 3
23 493 3
321 493 1
393 493 1
395 493 1
483 493 1
644 493 1
689 493 2
690 493 1
848 493 1
849 493 1
300 494 1
695 494 1
827 495 1
780 496 1
781 496 1
279 497 1
309 497 2
374 497 1
575 497 2
754 497 1
984 498 1
342 499 1
847 500 1
152 501 1
825 501 1
503 502 1
905 502 1
502 503 1
905 503 1
185 504 1
225 504 1
670 504 1
270 505 1
310 505 1
602 505 1
606 505 2
38 506 1
410 506 1
429 506 1
461 507 1
800 507 1
133 508 1
724 508 1
49 509 1
520 509 1
570 509 1
616 510 2
617 510 1
618 510 1
619 510 1
101 511 1
201 511 1
774 511 1
566 512 1
625 512 1
963 512 1
10 513 1
225 513 1
226 513 1
430 513 1
34 514 1
125 514 1
136 514 1
227 514 1
281 514 1
515 514 1
34 515 1
125 515 1
136 515 1
227 515 1
281 515 1
514 515 1
419 516 1
444 516 1
445 516 1
454 516 1
518 517 1
550 517 1
517 518 1
550 518 1
33 519 2
158 519 2
861 519 2
882 519 2
49 520 1
66 520 1
77 520 1
254 520 1
358 520 1
359 520 1
417 520 1
509 520 1
570 520 1
750 520 1
751 520 1
775 520 1
776 520 1
1 521 1
135 521 1
190 521 1
473 521 1
822 522 1
12 523 1
13 523 1
14 523 1
21 523 2
323 523 1
669 523 1
858 523 1
859 523 1
976 523 1
35 524 1
178 524 1
346 524 1
336 525 1
337 525 1
526 525 1
336 526 1
337 526 1
525 526 1
528 527 1
539 527 1
463 528 1
465 528 1
474 528 1
527 528 1
530 528 3
539 528 2
906 528 1
339 529 1
432 529 1
463 529 1
463 530 1
465 530 1
474 530 1
528 530 3
532 531 1
533 531 1
531 532 1
533 532 1
534 532 3
531 533 1
532 533 1
532 534 3
796 535 2
4 536 2
160 536 1
694 536 2
770 536 1
31 537 1
39 537 1
755 537 1
756 537 1
199 538 1
918 538 1
527 539 1
528 539 2
906 539 1
234 540 1
335 540 1
338 540 1
786 541 1
787 541 1
543 542 1
542 543 1
332 544 1
428 544 1
603 544 1
465 545 1
546 545 1
465 546 1
545 546 1
46 547 1
94 547 1
467 547 1
474 547 1
590 547 1
884 547 1
645 548 1
646 548 1
647 548 1
415 549 1
517 550 1
518 550 1
173 551 1
699 551 1
112 552 1
208 552 1
209 552 6
629 552 1
630 552 3
631 552 2
698 552 2
801 552 1
72 553 1
39 554 1
63 554 1
64 554 1
628 554 1
423 555 1
435 555 1
900 555 1
322 556 1
558 556 1
846 556 1
590 557 1
322 558 1
556 558 1
846 558 1
742 559 1
743 559 1
308 560 1
985 560 1
986 560 1
261 561 1
347 561 1
883 561 1
894 561 1
895 561 1
896 561 1
897 561 1
942 561 1
326 562 1
146 563 1
178 563 1
662 563 1
797 563 1
924 564 1
268 565 1
622 565 1
33 566 2
512 566 1
576 566 4
577 566 1
625 566 1
752 566 1
872 566 1
963 566 1
380 567 1
232 568 1
745 568 1
958 569 1
49 570 1
509 570 1
520 570 1
111 571 3
288 571 1
421 571 1
33 572 1
114 572 1
258 572 1
366 572 1
413 572 1
573 572 1
33 573 1
114 573 1
258 573 1
413 573 1
572 573 1
33 574 1
130 574 1
309 575 2
374 575 1
497 575 2
754 575 1
33 576 3
99 576 1
113 576 1
142 576 1
187 576 1
217 576 1
230 576 1
235 576 1
424 576 1
431 576 1
445 576 1
566 576 4
577 576 1
752 576 1
872 576 1
919 576 1
954 576 2
959 576 1
975 576 1
979 576 1
33 577 1
566 577 1
576 577 1
290 578 1
391 579 2
476 579 1
879 579 1
880 579 2
881 579 2
33 580 1
63 580 1
78 580 1
95 580 1
98 580 1
840 580 1
887 580 1
582 581 1
583 581 1
584 581 1
585 581 1
586 581 1
587 581 1
581 582 1
583 582 1
584 582 1
585 582 1
586 582 1
587 582 1
581 583 1
582 583 1
584 583 1
585 583 1
586 583 1
587 583 1
581 584 1
582 584 1
583 584 1
585 584 1
586 584 1
587 584 1
581 585 1
582 585 1
583 585 1
584 585 1
586 585 1
587 585 1
581 586 1
582 586 1
583 586 1
584 586 1
585 586 1
587 586 1
581 587 1
582 587 1
583 587 1
584 587 1
585 587 1
586 587 1
156 588 1
183 588 1
156 589 1
475 589 1
46 590 1
547 590 1
557 590 1
591 590 1
590 591 1
156 592 1
317 592 1
593 592 1
156 593 2
159 593 1
271 593 1
317 593 1
592 593 1
595 594 1
594 595 1
169 596 1
208 596 1
265 597 1
598 597 1
265 598 1
597 598 1
86 599 1
88 599 1
600 599 1
86 600 1
88 600 1
599 600 1
86 601 1
89 601 1
119 602 1
310 602 1
505 602 1
603 602 1
606 602 1
119 603 1
332 603 1
428 603 1
544 603 1
602 603 1
84 604 1
96 604 1
122 604 5
123 604 1
255 604 1
605 604 5
740 604 1
84 605 1
96 605 1
122 605 5
123 605 1
255 605 1
604 605 5
740 605 1
109 606 1
178 606 1
270 606 1
310 606 1
484 606 1
505 606 2
602 606 1
987 606 1
164 607 1
298 607 1
608 607 1
164 608 1
298 608 1
607 608 1
87 609 1
183 609 1
610 609 1
87 610 2
156 610 2
160 610 1
183 610 2
267 610 1
609 610 1
861 610 1
875 610 2
876 610 1
57 611 1
353 611 2
440 611 1
301 612 1
613 612 1
614 612 1
301 613 1
612 613 1
614 613 1
301 614 1
612 614 1
613 614 1
73 615 1
203 615 1
372 615 1
408 615 1
721 615 1
722 615 1
723 615 1
510 616 2
617 616 1
618 616 1
619 616 1
510 617 1
616 617 1
618 617 1
510 618 1
616 618 1
617 618 1
510 619 1
616 619 1
263 620 1
266 620 1
133 621 1
146 621 1
165 621 1
177 621 3
194 621 1
623 621 1
268 622 1
565 622 1
146 623 1
177 623 1
621 623 1
63 624 1
97 624 1
271 624 1
625 624 1
626 624 1
627 624 1
628 624 1
63 625 1
97 625 1
512 625 1
566 625 1
624 625 1
626 625 1
627 625 1
628 625 1
963 625 1
63 626 1
97 626 1
184 626 1
247 626 2
441 626 1
624 626 1
625 626 1
627 626 1
628 626 1
63 627 1
97 627 1
624 627 1
625 627 1
626 627 1
628 627 1
39 628 1
58 628 1
63 628 3
97 628 1
554 628 1
624 628 1
625 628 1
626 628 1
627 628 1
841 628 1
877 628 2
980 628 1
981 628 1
209 629 1
552 629 1
630 629 1
631 629 1
209 630 3
552 630 3
629 630 1
631 630 2
209 631 2
552 631 2
629 631 1
630 631 2
81 632 1
633 632 1
81 633 1
632 633 1
161 634 1
152 635 1
192 635 1
277 635 1
331 635 1
636 635 1
152 636 1
192 636 1
277 636 1
331 636 1
635 636 1
39 637 1
126 637 1
145 637 1
276 637 1
279 637 1
638 637 1
639 637 1
640 637 1
641 637 1
642 637 1
643 637 1
39 638 1
126 638 1
145 638 1
276 638 1
279 638 1
637 638 1
639 638 1
640 638 1
641 638 1
642 638 1
643 638 1
39 639 1
126 639 1
145 639 1
276 639 1
279 639 1
637 639 1
638 639 1
640 639 1
641 639 1
642 639 1
643 639 1
39 640 1
126 640 1
145 640 1
276 640 1
279 640 1
637 640 1
638 640 1
639 640 1
641 640 1
642 640 1
643 640 1
39 641 2
126 641 1
145 641 1
276 641 1
279 641 1
637 641 1
638 641 1
639 641 1
640 641 1
642 641 1
643 641 1
755 641 1
756 641 1
773 641 1
39 642 1
126 642 1
145 642 1
276 642 1
279 642 1
637 642 1
638 642 1
639 642 1
640 642 1
641 642 1
643 642 1
39 643 1
126 643 1
145 643 1
276 643 1
279 643 1
637 643 1
638 643 1
639 643 1
640 643 1
641 643 1
642 643 1
22 644 1
23 644 1
493 644 1
548 645 1
646 645 1
647 645 1
548 646 1
645 646 1
647 646 1
548 647 1
645 647 1
646 647 1
26 648 1
650 649 1
649 650 1
340 651 1
341 651 1
652 651 1
340 652 1
341 652 1
651 652 1
351 653 1
655 654 1
654 655 1
657 656 1
658 656 1
656 657 1
658 657 1
656 658 1
657 658 1
660 659 1
661 659 1
659 660 1
661 660 1
659 661 1
660 661 1
146 662 1
168 662 1
178 662 1
319 662 1
563 662 1
797 662 1
664 663 1
663 664 1
28 665 1
65 666 1
392 666 1
667 666 1
65 667 1
392 667 1
666 667 1
196 668 1
211 668 1
960 668 1
961 668 1
523 669 1
33 670 1
185 670 2
225 670 2
427 670 1
504 670 1
54 671 1
101 671 1
282 671 1
118 672 1
268 672 1
673 672 1
118 673 1
268 673 1
672 673 1
316 674 1
396 675 1
676 675 1
396 676 1
675 676 1
189 677 1
334 677 1
398 677 1
402 677 1
678 677 1
679 677 1
680 677 1
681 677 1
682 677 1
683 677 1
684 677 1
685 677 1
189 678 1
334 678 1
398 678 1
402 678 1
677 678 1
679 678 1
680 678 1
681 678 1
682 678 1
683 678 1
684 678 1
685 678 1
189 679 1
334 679 1
398 679 1
402 679 1
677 679 1
678 679 1
680 679 1
681 679 1
682 679 1
683 679 1
684 679 1
685 679 1
189 680 1
334 680 1
398 680 1
402 680 1
677 680 1
678 680 1
679 680 1
681 680 1
682 680 1
683 680 1
684 680 1
685 680 1
189 681 1
334 681 1
398 681 1
402 681 1
677 681 1
678 681 1
679 681 1
680 681 1
682 681 1
683 681 1
684 681 1
685 681 1
189 682 1
334 682 1
398 682 1
402 682 1
677 682 1
678 682 1
679 682 1
680 682 1
681 682 1
683 682 1
684 682 1
685 682 1
189 683 1
334 683 1
398 683 1
402 683 1
677 683 1
678 683 1
679 683 1
680 683 1
681 683 1
682 683 1
684 683 1
685 683 1
189 684 1
334 684 1
398 684 1
402 684 1
677 684 1
678 684 1
679 684 1
680 684 1
681 684 1
682 684 1
683 684 1
685 684 1
188 685 1
189 685 1
334 685 1
398 685 1
402 685 1
677 685 1
678 685 1
679 685 1
680 685 1
681 685 1
682 685 1
683 685 1
684 685 1
256 686 1
687 686 1
256 687 1
686 687 1
81 688 2
171 688 2
208 688 2
252 688 1
366 688 2
22 689 2
23 689 2
321 689 1
393 689 1
395 689 1
483 689 1
493 689 2
690 689 1
848 689 1
849 689 1
22 690 1
23 690 1
321 690 1
393 690 1
395 690 1
483 690 1
493 690 1
689 690 1
296 691 1
482 691 1
186 692 1
208 692 1
211 692 1
278 692 1
366 692 1
871 692 1
186 693 1
208 693 1
366 693 1
536 694 2
300 695 1
494 695 1
271 696 1
377 696 1
58 697 1
892 697 1
893 697 1
112 698 1
208 698 1
209 698 2
552 698 2
118 699 1
173 699 1
268 699 1
551 699 1
798 699 1
189 700 2
320 700 1
487 700 1
478 701 1
18 702 1
107 702 2
759 702 3
760 702 1
762 702 1
60 703 2
492 703 1
704 703 2
705 703 2
764 703 1
765 703 1
766 703 1
60 704 2
492 704 1
703 704 2
705 704 2
764 704 1
765 704 1
766 704 1
60 705 2
248 705 1
492 705 1
703 705 2
704 705 2
764 705 1
765 705 1
766 705 1
245 706 2
254 706 1
287 706 1
299 706 1
367 706 1
707 706 1
837 706 1
889 706 2
947 706 1
245 707 1
287 707 1
706 707 1
154 708 1
418 708 2
443 708 1
115 709 1
117 709 1
455 710 1
260 711 2
275 711 1
314 712 1
271 713 1
284 713 1
179 714 1
272 714 1
715 714 1
716 714 1
717 714 1
718 714 1
719 714 1
179 715 1
272 715 1
714 715 1
716 715 1
717 715 1
718 715 1
719 715 1
179 716 1
272 716 1
714 716 1
715 716 1
717 716 1
718 716 1
719 716 1
179 717 1
272 717 1
714 717 1
715 717 1
716 717 1
718 717 1
719 717 1
179 718 1
272 718 1
714 718 1
715 718 1
716 718 1
717 718 1
719 718 1
179 719 1
272 719 1
714 719 1
715 719 1
716 719 1
717 719 1
718 719 1
104 720 1
283 720 1
73 721 1
203 721 1
372 721 1
408 721 1
615 721 1
722 721 1
723 721 1
73 722 1
203 722 1
372 722 1
408 722 1
615 722 1
721 722 1
723 722 1
73 723 1
203 723 1
372 723 1
408 723 1
615 723 1
721 723 1
722 723 1
133 724 1
508 724 1
47 725 1
9 726 1
41 726 1
54 726 1
201 726 1
233 726 1
234 726 1
399 726 1
470 726 1
127 727 1
257 727 1
245 728 1
248 728 1
729 728 1
245 729 1
248 729 1
728 729 1
355 730 1
432 730 1
463 730 1
464 730 1
731 730 1
355 731 1
432 731 1
463 731 1
464 731 1
730 731 1
248 732 1
733 732 1
248 733 1
732 733 1
490 734 1
735 734 1
736 734 1
490 735 1
734 735 1
736 735 1
490 736 1
734 736 1
735 736 1
738 737 1
739 737 1
737 738 1
739 738 1
737 739 1
738 739 1
122 740 1
604 740 1
605 740 1
56 741 1
559 742 1
743 742 1
559 743 1
742 743 1
19 744 1
129 744 4
130 744 1
148 744 1
183 744 1
225 744 1
851 744 2
232 745 1
568 745 1
129 746 1
285 746 1
170 747 1
236 747 1
369 747 1
749 748 1
748 749 1
66 750 1
77 750 1
417 750 1
520 750 1
751 750 1
66 751 1
77 751 1
417 751 1
520 751 1
750 751 1
33 752 1
83 752 1
353 752 1
566 752 1
576 752 1
753 752 1
2 753 1
83 753 4
353 753 1
752 753 1
761 753 1
763 753 1
969 753 1
309 754 1
497 754 1
575 754 1
31 755 1
39 755 2
537 755 1
641 755 1
756 755 2
773 755 1
31 756 1
39 756 2
537 756 1
641 756 1
755 756 2
773 756 1
32 757 1
218 758 1
307 758 1
315 758 1
370 758 1
426 758 1
107 759 1
702 759 3
760 759 1
762 759 1
702 760 1
759 760 1
83 761 1
753 761 1
702 762 1
759 762 1
33 763 1
83 763 1
187 763 1
191 763 1
391 763 1
435 763 1
753 763 1
60 764 1
492 764 1
703 764 1
704 764 1
705 764 1
765 764 1
766 764 1
60 765 1
492 765 1
703 765 1
704 765 1
705 765 1
764 765 1
766 765 1
60 766 1
492 766 1
703 766 1
704 766 1
705 766 1
764 766 1
765 766 1
157 767 1
405 768 1
411 768 1
314 769 1
536 770 1
23 771 1
289 771 1
772 771 1
23 772 1
289 772 1
771 772 1
39 773 1
641 773 1
755 773 1
756 773 1
101 774 1
201 774 1
511 774 1
254 775 1
358 775 1
359 775 1
520 775 1
776 775 1
254 776 1
358 776 1
359 776 1
520 776 1
775 776 1
778 777 1
779 777 1
777 778 1
779 778 1
777 779 1
778 779 1
496 780 1
781 780 1
496 781 1
780 781 1
479 782 1
783 782 1
784 782 1
479 783 1
782 783 1
784 783 1
479 784 1
782 784 1
783 784 1
259 785 1
541 786 1
787 786 1
541 787 1
786 787 1
22 788 1
395 788 1
439 788 1
307 789 1
488 790 1
22 791 1
439 791 1
426 792 1
480 792 1
155 793 1
416 794 1
209 795 1
535 796 2
146 797 1
178 797 1
563 797 1
662 797 1
93 798 1
118 798 1
138 798 1
268 798 1
699 798 1
176 799 1
461 800 1
507 800 1
209 801 1
552 801 1
69 802 1
36 803 1
320 804 1
141 805 1
22 806 1
23 806 1
330 807 1
342 807 1
147 808 1
216 809 1
838 809 1
811 810 1
810 811 1
436 812 1
52 813 1
292 813 1
437 813 1
453 813 1
814 813 1
815 813 1
52 814 1
292 814 1
437 814 1
453 814 1
813 814 1
815 814 1
52 815 1
292 815 1
437 815 1
453 815 1
813 815 1
814 815 1
817 816 1
816 817 1
403 818 1
477 818 1
48 819 1
154 819 2
842 819 1
915 819 1
916 819 1
821 820 1
820 821 1
522 822 1
824 823 1
823 824 1
152 825 1
501 825 1
135 826 1
222 826 1
495 827 1
208 828 2
366 828 1
371 828 1
830 829 1
829 830 1
253 831 1
832 831 1
253 832 1
831 832 1
295 833 1
306 833 1
834 833 1
835 833 1
836 833 1
295 834 1
306 834 1
833 834 1
835 834 1
836 834 1
295 835 1
306 835 1
833 835 1
834 835 1
836 835 1
295 836 1
306 836 1
833 836 1
834 836 1
835 836 1
245 837 1
254 837 1
299 837 1
706 837 1
809 838 1
204 839 1
580 840 1
58 841 1
628 841 1
154 842 1
819 842 1
844 843 1
843 844 1
234 845 1
294 845 1
335 845 1
322 846 1
556 846 1
558 846 1
500 847 1
22 848 1
23 848 1
493 848 1
689 848 1
849 848 1
22 849 1
23 849 1
493 849 1
689 849 1
848 849 1
224 850 1
129 851 2
183 851 1
744 851 2
187 852 1
30 853 1
314 853 1
854 853 1
855 853 1
30 854 1
314 854 1
853 854 1
855 854 1
30 855 1
314 855 1
853 855 1
854 855 1
343 856 1
81 857 1
171 857 1
523 858 1
859 858 1
523 859 1
858 859 1
175 860 1
233 860 1
33 861 2
156 861 1
158 861 4
160 861 1
456 861 2
519 861 2
610 861 1
862 861 1
863 861 2
875 861 1
882 861 2
928 861 1
158 862 1
456 862 1
861 862 1
863 862 1
158 863 2
456 863 2
861 863 2
862 863 1
928 863 1
150 864 1
212 864 1
406 864 1
865 864 1
866 864 1
406 865 1
864 865 1
866 865 1
406 866 1
864 866 1
865 866 1
135 867 1
473 867 1
868 867 1
135 868 1
473 868 1
867 868 1
245 869 1
486 869 1
870 869 1
245 870 1
486 870 1
869 870 1
211 871 1
278 871 1
692 871 1
113 872 1
133 872 1
566 872 1
576 872 1
116 873 1
874 873 1
116 874 1
873 874 1
156 875 2
160 875 1
183 875 1
610 875 2
861 875 1
876 875 1
156 876 1
183 876 1
610 876 1
875 876 1
63 877 2
628 877 2
980 877 1
981 877 1
103 878 1
104 878 1
243 878 2
284 878 1
302 878 1
933 878 1
391 879 1
579 879 1
880 879 1
881 879 1
391 880 2
579 880 2
879 880 1
881 880 2
391 881 2
579 881 2
879 881 1
880 881 2
33 882 2
143 882 2
158 882 2
519 882 2
861 882 2
60 883 1
261 883 1
347 883 1
561 883 1
894 883 1
895 883 1
896 883 1
897 883 1
467 884 1
547 884 1
418 885 1
443 885 1
458 885 1
382 886 1
383 886 1
384 886 1
580 887 1
266 888 1
267 888 1
706 889 2
947 889 1
211 890 1
74 891 1
188 891 1
697 892 1
893 892 1
697 893 1
892 893 1
261 894 1
347 894 1
561 894 1
883 894 1
895 894 1
896 894 1
897 894 1
261 895 1
347 895 1
561 895 1
883 895 1
894 895 1
896 895 1
897 895 1
261 896 1
347 896 1
561 896 1
883 896 1
894 896 1
895 896 1
897 896 1
934 896 1
935 896 1
261 897 1
347 897 1
561 897 1
883 897 1
894 897 1
895 897 1
896 897 1
245 898 1
248 898 1
183 899 1
333 899 1
423 900 1
435 900 1
555 900 1
902 901 1
901 902 1
250 903 1
904 903 1
250 904 1
903 904 1
502 905 1
503 905 1
528 906 1
539 906 1
305 907 1
908 907 1
305 908 1
907 908 1
24 909 1
74 909 1
188 909 1
197 909 2
366 909 1
910 909 1
955 909 1
956 909 1
24 910 1
74 910 1
188 910 1
197 910 1
366 910 1
909 910 1
213 911 1
912 911 1
213 912 1
911 912 1
120 913 1
914 913 1
120 914 1
913 914 1
819 915 1
916 915 1
819 916 1
915 916 1
111 917 1
288 917 1
199 918 1
538 918 1
99 919 1
187 919 1
217 919 1
230 919 1
576 919 1
356 920 1
388 920 1
389 920 1
124 921 2
273 921 2
68 922 1
176 922 1
82 923 1
422 923 1
564 924 1
926 925 1
927 925 1
925 926 1
927 926 1
925 927 1
926 927 1
158 928 1
456 928 1
861 928 1
863 928 1
178 929 2
157 930 1
931 930 1
157 931 1
930 931 1
197 932 1
198 932 1
243 933 1
284 933 1
878 933 1
896 934 1
935 934 1
896 935 1
934 935 1
937 936 1
938 936 1
939 936 1
936 937 1
938 937 1
939 937 1
936 938 1
937 938 1
939 938 1
936 939 1
937 939 1
938 939 1
381 940 1
941 940 1
381 941 1
940 941 1
561 942 1
29 943 1
224 943 1
944 943 1
945 943 1
946 943 1
29 944 1
224 944 1
943 944 1
945 944 1
946 944 1
29 945 1
224 945 1
943 945 1
944 945 1
946 945 1
29 946 1
224 946 1
943 946 1
944 946 1
945 946 1
706 947 1
889 947 1
39 948 2
67 949 1
312 949 1
951 950 1
952 950 1
953 950 1
950 951 1
952 951 1
953 951 1
950 952 1
951 952 1
953 952 1
950 953 1
951 953 1
952 953 1
445 954 1
461 954 1
576 954 2
959 954 1
975 954 1
197 955 1
909 955 1
956 955 1
197 956 1
909 956 1
955 956 1
249 957 1
569 958 1
445 959 1
576 959 1
954 959 1
668 960 1
961 960 1
668 961 1
960 961 1
206 962 1
219 962 1
512 963 1
566 963 1
625 963 1
965 964 1
966 964 1
964 965 1
966 965 1
964 966 1
965 966 1
423 967 1
450 967 1
451 967 1
968 967 1
423 968 1
450 968 1
451 968 1
967 968 1
2 969 1
83 969 1
753 969 1
140 970 1
971 970 1
972 970 1
140 971 1
970 971 1
972 971 1
140 972 1
970 972 1
971 972 1
90 973 1
91 973 1
25 974 1
412 974 1
576 975 1
954 975 1
21 976 1
523 976 1
400 977 1
401 977 1
978 977 1
400 978 1
401 978 1
977 978 1
113 979 1
142 979 1
235 979 1
424 979 1
576 979 1
63 980 1
628 980 1
877 980 1
981 980 1
63 981 1
628 981 1
877 981 1
980 981 1
248 982 1
249 982 1
983 982 1
248 983 1
249 983 1
982 983 1
498 984 1
308 985 1
560 985 1
986 985 1
308 986 1
560 986 1
985 986 1
606 987 1
