22 1 1
168 1 1
602 1 1
49 2 1
552 2 1
75 3 1
164 3 1
489 3 1
31 4 2
108 4 1
255 4 1
592 4 1
125 5 1
567 5 1
328 6 1
329 6 1
349 7 1
17 8 1
106 8 1
210 8 1
10 9 1
45 9 1
64 9 1
9 10 1
11 10 1
45 10 1
64 10 1
184 10 2
244 10 1
351 10 1
10 11 1
184 11 1
351 11 1
416 12 1
41 13 1
74 13 1
307 13 1
626 13 1
599 14 1
600 14 1
186 15 1
189 15 1
628 15 1
292 16 1
344 16 1
382 16 1
427 16 1
8 17 1
106 17 1
210 17 1
38 18 1
723 18 1
231 19 1
412 19 1
47 20 1
288 20 1
675 20 1
221 21 2
314 21 1
742 21 1
1 22 1
168 22 1
602 22 1
123 23 1
623 23 1
51 24 1
52 24 1
718 24 1
26 25 1
333 25 1
525 25 1
686 25 1
25 26 1
50 26 1
302 26 1
303 26 1
333 26 1
436 26 1
444 26 1
525 26 1
526 26 1
528 26 2
529 26 1
530 26 1
556 26 1
619 26 1
686 26 1
739 26 1
740 26 1
725 27 1
62 28 1
335 28 1
392 28 1
110 29 1
177 29 1
178 29 1
363 29 1
364 29 1
365 29 1
504 29 1
660 29 1
188 30 1
223 30 1
543 30 1
544 30 1
4 31 2
592 31 1
124 32 1
126 32 1
239 32 1
282 33 1
61 34 1
580 34 1
581 34 1
107 35 1
224 35 1
357 35 1
183 36 1
265 36 1
485 36 1
345 37 1
18 38 1
70 38 1
116 38 1
273 38 1
723 38 1
235 39 1
269 39 1
717 39 1
187 40 1
419 40 1
482 40 1
13 41 1
74 41 1
626 41 1
60 42 1
120 42 1
150 42 1
396 42 1
474 42 1
137 43 1
140 43 1
270 43 2
624 43 1
625 43 2
709 43 1
92 44 2
167 44 1
207 44 2
237 44 1
453 44 2
667 44 1
9 45 1
10 45 1
64 45 1
594 46 1
595 46 2
596 46 2
20 47 1
288 47 1
675 47 1
174 48 1
175 48 1
186 48 1
191 48 1
470 48 1
629 48 1
630 48 1
2 49 1
76 49 1
157 49 6
445 49 2
597 49 2
632 49 3
662 49 1
734 49 1
735 49 1
26 50 1
302 50 1
303 50 1
444 50 1
24 51 1
52 51 1
718 51 1
24 52 1
51 52 1
718 52 1
214 53 1
317 53 1
428 53 1
562 53 1
563 53 1
598 53 1
627 53 1
93 54 1
130 54 1
254 54 1
457 54 1
104 55 1
331 55 1
383 55 1
291 56 1
653 56 1
58 57 1
57 58 1
237 59 1
417 59 1
42 60 1
120 60 1
150 60 1
396 60 1
431 60 1
615 60 1
34 61 1
134 61 1
266 61 1
267 61 1
580 61 1
581 61 1
657 61 1
28 62 1
335 62 1
392 62 1
221 63 1
9 64 1
10 64 1
45 64 1
185 65 1
414 65 1
415 65 1
99 66 1
311 66 1
319 66 1
636 66 1
637 66 1
638 66 1
639 66 1
732 67 1
94 68 1
142 68 1
655 68 1
569 69 1
693 69 1
694 69 1
695 69 1
38 70 1
116 70 1
273 70 1
455 71 2
107 72 1
339 72 1
687 73 1
13 74 1
41 74 1
626 74 1
3 75 1
164 75 1
489 75 1
49 76 1
157 76 1
445 76 1
87 77 1
451 77 1
566 77 1
243 78 1
460 78 1
712 78 1
491 79 1
492 79 1
493 79 1
494 79 1
495 79 1
621 80 1
622 80 1
217 81 1
219 81 1
339 81 1
102 82 1
103 82 1
154 82 1
576 82 1
577 83 1
710 83 1
711 83 1
105 84 1
320 84 1
389 84 1
490 84 1
145 85 1
327 85 1
358 85 1
367 86 1
538 86 1
77 87 1
451 87 1
566 87 1
111 88 1
163 89 1
190 89 1
610 90 1
611 90 1
324 91 1
44 92 2
97 92 1
167 92 1
207 92 2
237 92 1
359 92 1
361 92 1
425 92 1
430 92 1
453 92 2
586 92 1
667 92 1
54 93 1
130 93 1
254 93 1
457 93 1
68 94 1
142 94 1
655 94 1
193 95 1
429 95 1
676 95 1
459 96 1
469 96 1
603 96 1
604 96 1
605 96 1
606 96 1
607 96 1
92 97 1
430 97 1
234 98 1
253 98 1
66 99 1
311 99 1
319 99 1
636 99 1
637 99 1
638 99 1
639 99 1
220 100 1
276 100 1
423 100 1
454 100 1
564 100 1
565 100 1
553 101 1
554 101 1
82 102 1
103 102 1
154 102 1
576 102 1
82 103 1
102 103 1
154 103 1
576 103 1
55 104 1
331 104 1
383 104 1
84 105 1
320 105 1
389 105 1
490 105 1
8 106 1
17 106 1
210 106 1
35 107 1
72 107 1
182 107 1
224 107 1
339 107 1
357 107 2
379 107 1
4 108 1
139 108 1
307 108 1
334 108 1
372 108 1
373 108 1
112 109 1
29 110 1
177 110 1
178 110 2
363 110 1
364 110 1
365 110 1
446 110 1
504 110 1
88 111 1
109 112 1
195 112 1
583 112 1
584 112 2
204 113 1
478 113 2
700 113 1
701 113 1
702 113 1
703 113 1
488 114 1
162 115 1
173 115 2
208 115 1
218 115 1
362 115 1
38 116 1
70 116 1
273 116 2
171 117 1
447 117 1
486 117 1
487 117 1
246 118 1
250 118 2
559 118 1
560 118 1
663 118 1
664 118 1
159 119 1
241 119 1
323 119 1
391 119 1
42 120 1
60 120 1
150 120 1
396 120 1
205 121 1
233 121 1
247 121 1
161 122 1
472 122 1
473 122 1
23 123 1
623 123 1
32 124 1
126 124 1
238 124 2
239 124 3
245 124 1
259 124 1
475 124 1
736 124 1
737 124 1
5 125 1
567 125 1
32 126 1
124 126 1
239 126 1
513 127 1
514 127 1
618 128 1
312 129 1
497 129 1
498 129 1
54 130 1
93 130 1
254 130 1
457 130 1
170 131 2
448 131 1
502 131 1
570 131 1
458 132 1
179 133 1
180 133 2
315 133 1
342 133 2
343 133 1
437 133 1
540 133 1
61 134 1
657 134 1
172 135 1
381 136 1
420 136 1
426 136 1
635 136 1
43 137 1
270 137 1
625 137 1
709 137 1
230 138 1
108 139 1
334 139 1
43 140 1
270 140 1
624 140 1
625 140 1
194 141 1
229 141 1
277 141 1
278 141 1
573 141 1
574 141 1
68 142 1
94 142 1
655 142 1
399 143 1
256 144 1
392 144 1
85 145 1
327 145 1
358 145 1
147 146 1
155 146 1
719 146 1
146 147 1
155 147 1
719 147 1
661 148 1
209 149 1
42 150 1
60 150 1
120 150 1
396 150 1
346 151 2
347 151 1
348 151 2
466 151 1
593 152 1
620 153 1
82 154 1
102 154 1
103 154 1
576 154 1
146 155 1
147 155 1
719 155 1
421 156 1
422 156 1
503 156 1
49 157 6
76 157 1
445 157 2
597 157 1
632 157 3
734 157 1
735 157 1
651 158 1
119 159 1
241 159 1
323 159 1
391 159 1
283 160 1
284 160 1
122 161 1
473 161 1
515 161 1
523 161 1
115 162 1
89 163 1
190 163 1
386 163 1
729 163 1
3 164 1
75 164 1
489 164 1
186 165 1
189 165 1
395 166 2
477 166 2
571 166 1
44 167 1
92 167 1
207 167 1
237 167 1
453 167 1
667 167 1
1 168 1
22 168 1
602 168 1
541 169 1
542 169 1
131 170 2
448 170 1
479 170 2
502 170 1
550 170 2
551 170 2
570 170 1
117 171 1
447 171 1
486 171 1
487 171 1
135 172 1
115 173 2
218 173 2
48 174 1
175 174 1
186 174 1
48 175 1
174 175 1
186 175 2
189 175 1
547 175 1
198 176 1
29 177 1
110 177 1
178 177 1
363 177 1
364 177 1
365 177 1
504 177 1
29 178 1
110 178 2
177 178 1
363 178 1
364 178 1
365 178 1
446 178 1
504 178 1
133 179 1
315 179 3
342 179 5
343 179 2
389 179 1
437 179 3
509 179 1
510 179 1
511 179 1
512 179 1
561 179 1
133 180 2
342 180 2
343 180 1
437 180 1
540 180 1
336 181 1
524 181 1
107 182 1
357 182 1
379 182 1
36 183 1
265 183 1
485 183 1
10 184 2
11 184 1
244 184 1
285 184 1
286 184 1
351 184 1
612 184 1
65 185 1
236 185 1
414 185 1
415 185 1
15 186 1
48 186 1
165 186 1
174 186 1
175 186 2
189 186 3
547 186 1
628 186 1
40 187 1
419 187 1
482 187 1
30 188 1
223 188 1
543 188 1
544 188 1
15 189 1
165 189 1
175 189 1
186 189 3
223 189 1
386 189 1
547 189 1
575 189 1
628 189 1
89 190 1
163 190 1
48 191 1
470 191 1
629 191 1
630 191 1
376 192 1
95 193 1
352 193 1
429 193 1
676 193 1
141 194 1
573 194 1
574 194 1
112 195 1
271 195 1
364 195 1
225 196 1
226 196 1
658 196 1
406 197 1
407 197 1
176 198 1
221 199 1
201 200 1
200 201 1
202 201 1
203 201 1
201 202 1
201 203 1
113 204 1
478 204 1
121 205 1
233 205 1
247 205 1
360 206 1
44 207 2
92 207 2
167 207 1
237 207 1
453 207 2
667 207 1
115 208 1
275 208 1
362 208 1
149 209 1
210 209 1
211 209 1
8 210 1
17 210 1
106 210 1
209 210 1
211 210 1
209 211 1
210 211 1
213 212 2
438 212 1
545 212 1
546 212 3
212 213 2
438 213 1
546 213 2
53 214 1
656 215 2
674 215 1
252 216 1
354 216 1
81 217 1
219 217 1
339 217 1
115 218 1
173 218 2
81 219 1
217 219 1
339 219 1
100 220 1
340 220 1
21 221 2
63 221 1
199 221 1
300 221 1
314 221 1
608 221 1
742 221 1
341 222 1
728 222 1
30 223 1
188 223 1
189 223 1
543 223 1
544 223 1
575 223 1
35 224 1
107 224 1
357 224 1
196 225 1
226 225 1
658 225 1
196 226 1
225 226 1
658 226 1
384 227 1
405 227 1
294 228 1
413 228 1
714 228 1
715 228 1
716 228 1
141 229 1
277 229 1
138 230 1
19 231 1
410 231 1
412 231 1
452 231 1
240 232 1
121 233 1
205 233 1
247 233 1
98 234 1
253 234 1
39 235 1
269 235 1
717 235 1
185 236 1
44 237 1
59 237 1
92 237 1
167 237 1
207 237 1
417 237 1
453 237 1
667 237 1
124 238 2
239 238 1
245 238 1
736 238 1
737 238 1
32 239 1
124 239 3
126 239 1
238 239 1
232 240 1
119 241 1
159 241 1
323 241 1
391 241 1
409 242 1
673 242 1
78 243 1
460 243 1
712 243 1
10 244 1
184 244 1
124 245 1
238 245 1
736 245 1
737 245 1
118 246 1
250 246 1
663 246 1
664 246 1
121 247 1
205 247 1
233 247 1
261 248 1
680 248 1
342 249 1
118 250 2
246 250 1
559 250 1
560 250 1
663 250 1
664 250 1
299 251 2
350 251 1
374 251 2
375 251 1
468 251 2
216 252 1
354 252 1
98 253 1
234 253 1
54 254 1
93 254 1
130 254 1
457 254 1
4 255 1
616 255 2
617 255 1
144 256 1
392 256 1
364 257 1
387 258 1
124 259 1
589 260 1
590 260 1
591 260 1
248 261 1
680 261 1
297 262 1
582 262 1
555 263 1
289 264 1
290 264 1
36 265 1
183 265 1
485 265 1
61 266 1
267 266 2
268 266 1
398 266 1
61 267 1
266 267 2
268 267 1
398 267 1
266 268 1
267 268 1
398 268 1
39 269 1
235 269 1
717 269 1
43 270 2
137 270 1
140 270 1
624 270 1
625 270 2
709 270 1
195 271 1
330 272 1
532 272 1
533 272 1
534 272 1
38 273 1
70 273 1
116 273 2
730 274 1
731 274 1
208 275 1
100 276 1
331 276 1
423 276 1
454 276 1
564 276 1
565 276 1
141 277 1
229 277 1
141 278 1
280 279 1
424 279 1
279 280 1
424 280 1
338 281 1
369 281 1
33 282 1
160 283 1
284 283 1
160 284 1
283 284 1
184 285 1
286 285 1
612 285 1
184 286 1
285 286 1
612 286 1
633 287 1
634 287 1
20 288 1
47 288 1
675 288 1
264 289 1
290 289 1
264 290 1
289 290 1
56 291 1
653 291 1
16 292 1
373 293 1
228 294 1
413 294 1
714 294 1
715 294 1
716 294 1
296 295 1
295 296 1
262 297 1
582 297 1
572 298 1
251 299 2
374 299 2
468 299 2
221 300 1
608 300 1
366 301 3
411 301 3
665 301 2
666 301 1
26 302 1
50 302 1
303 302 1
444 302 1
26 303 1
50 303 1
302 303 1
444 303 1
305 304 1
337 304 1
464 304 1
726 304 1
304 305 1
337 305 1
464 305 1
726 305 1
408 306 1
465 306 1
13 307 1
108 307 1
372 307 1
679 308 1
341 309 1
472 310 1
523 310 1
66 311 1
99 311 1
319 311 1
636 311 1
637 311 1
638 311 1
639 311 1
129 312 1
497 312 1
498 312 1
316 313 1
432 313 1
21 314 1
221 314 1
742 314 1
133 315 1
179 315 3
342 315 3
343 315 2
389 315 1
437 315 2
313 316 1
432 316 1
53 317 1
562 317 1
563 317 1
531 318 1
66 319 1
99 319 1
311 319 1
636 319 1
637 319 1
638 319 1
639 319 1
84 320 1
105 320 1
389 320 1
490 320 1
397 321 1
640 321 1
450 322 1
119 323 1
159 323 1
241 323 1
391 323 1
400 323 1
91 324 1
668 325 1
669 325 1
670 325 1
741 326 1
85 327 1
145 327 1
358 327 1
6 328 1
329 328 1
6 329 1
328 329 1
272 330 1
532 330 1
533 330 1
534 330 1
55 331 1
104 331 1
276 331 1
383 331 1
378 332 1
25 333 1
26 333 1
411 333 1
525 333 2
526 333 1
527 333 1
601 333 1
654 333 1
659 333 1
671 333 1
672 333 1
686 333 1
108 334 1
139 334 1
28 335 1
62 335 1
392 335 1
181 336 1
524 336 1
304 337 1
305 337 1
464 337 1
726 337 1
281 338 1
369 338 1
72 339 1
81 339 1
107 339 1
217 339 1
219 339 1
220 340 1
222 341 1
309 341 1
689 341 2
690 341 1
691 341 1
692 341 1
133 342 2
179 342 5
180 342 2
249 342 1
315 342 3
343 342 3
389 342 1
437 342 4
509 342 1
510 342 1
511 342 1
512 342 1
561 342 1
133 343 1
179 343 2
180 343 1
315 343 2
342 343 3
437 343 3
16 344 1
37 345 1
404 345 1
724 345 1
151 346 2
347 346 1
348 346 2
466 346 1
151 347 1
346 347 1
348 347 1
151 348 2
346 348 2
347 348 1
466 348 1
7 349 1
251 350 1
375 350 1
10 351 1
11 351 1
184 351 1
193 352 1
377 353 1
499 353 1
500 353 1
501 353 1
216 354 1
252 354 1
356 355 1
355 356 1
35 357 1
107 357 2
182 357 1
224 357 1
379 357 1
85 358 1
145 358 1
327 358 1
92 359 1
586 359 1
206 360 1
92 361 1
425 361 1
115 362 1
208 362 1
29 363 1
110 363 1
177 363 1
178 363 1
364 363 1
365 363 1
504 363 1
29 364 1
110 364 1
177 364 1
178 364 1
195 364 1
257 364 1
363 364 1
365 364 1
504 364 1
29 365 1
110 365 1
177 365 1
178 365 1
363 365 1
364 365 1
504 365 1
301 366 3
402 366 1
411 366 8
441 366 1
442 366 2
463 366 1
467 366 1
665 366 2
666 366 1
688 366 1
738 366 1
86 367 1
538 367 1
393 368 1
588 368 1
281 369 1
338 369 1
371 370 1
370 371 1
108 372 1
307 372 1
108 373 1
293 373 1
251 374 2
299 374 2
468 374 2
251 375 1
350 375 1
192 376 1
353 377 1
499 377 1
500 377 1
501 377 1
332 378 1
107 379 1
182 379 1
357 379 1
456 380 1
685 380 1
136 381 1
420 381 1
426 381 1
635 381 1
16 382 1
55 383 1
104 383 1
331 383 1
227 384 1
405 384 1
387 385 1
163 386 1
189 386 1
652 386 1
729 386 1
258 387 1
385 387 1
401 387 2
609 387 1
394 388 1
418 388 1
84 389 1
105 389 1
179 389 1
315 389 1
320 389 1
342 389 1
490 389 1
496 390 1
119 391 1
159 391 1
241 391 1
323 391 1
28 392 1
62 392 1
144 392 1
256 392 1
335 392 1
368 393 1
588 393 1
388 394 1
418 394 1
166 395 2
477 395 2
571 395 1
42 396 1
60 396 1
120 396 1
150 396 1
321 397 1
640 397 1
266 398 1
267 398 1
268 398 1
143 399 1
323 400 1
387 401 2
366 402 1
411 402 1
442 402 1
738 402 1
435 403 2
440 403 2
646 403 1
647 403 1
648 403 1
649 403 1
650 403 1
681 403 1
682 403 1
683 403 1
684 403 1
345 404 1
227 405 1
384 405 1
197 406 1
407 406 1
197 407 1
406 407 1
306 408 1
465 408 1
242 409 1
673 409 1
231 410 1
301 411 3
333 411 1
366 411 8
402 411 1
441 411 1
442 411 2
463 411 1
467 411 1
665 411 2
666 411 1
688 411 1
738 411 1
19 412 1
231 412 1
228 413 1
294 413 1
714 413 1
715 413 1
716 413 1
65 414 1
185 414 1
415 414 1
65 415 1
185 415 1
414 415 1
12 416 1
59 417 1
237 417 1
388 418 1
394 418 1
40 419 1
187 419 1
482 419 1
136 420 1
381 420 1
426 420 1
635 420 1
156 421 1
422 421 1
503 421 1
156 422 1
421 422 1
503 422 1
508 422 1
100 423 1
276 423 1
454 423 1
564 423 1
565 423 1
279 424 1
280 424 1
92 425 1
361 425 1
136 426 1
381 426 1
420 426 1
635 426 1
16 427 1
53 428 1
95 429 1
193 429 1
676 429 1
92 430 1
97 430 1
60 431 1
615 431 1
313 432 1
316 432 1
439 433 1
443 433 1
727 433 1
483 434 1
484 434 1
403 435 2
440 435 2
646 435 1
647 435 1
648 435 1
649 435 1
650 435 1
681 435 1
682 435 1
683 435 1
684 435 1
26 436 1
739 436 1
740 436 1
133 437 1
179 437 3
180 437 1
315 437 2
342 437 4
343 437 3
561 437 1
587 437 1
212 438 1
213 438 1
546 438 1
433 439 1
403 440 2
435 440 2
646 440 1
647 440 1
648 440 1
649 440 1
650 440 1
681 440 1
682 440 1
683 440 1
684 440 1
366 441 1
411 441 1
442 441 1
366 442 2
402 442 1
411 442 2
441 442 1
738 442 1
433 443 1
727 443 1
26 444 1
50 444 1
302 444 1
303 444 1
49 445 2
76 445 1
157 445 2
597 445 1
110 446 1
178 446 1
117 447 1
171 447 1
486 447 1
487 447 1
131 448 1
170 448 1
502 448 1
585 449 1
322 450 1
77 451 1
87 451 1
566 451 1
231 452 1
44 453 2
92 453 2
167 453 1
207 453 2
237 453 1
667 453 1
100 454 1
276 454 1
423 454 1
564 454 1
565 454 1
71 455 2
380 456 1
685 456 1
54 457 1
93 457 1
130 457 1
254 457 1
132 458 1
96 459 1
469 459 1
603 459 1
604 459 1
605 459 1
606 459 1
607 459 1
78 460 1
243 460 1
712 460 1
505 461 1
506 461 1
507 461 1
631 462 1
366 463 1
411 463 1
467 463 2
733 463 1
304 464 1
305 464 1
337 464 1
726 464 1
306 465 1
408 465 1
151 466 1
346 466 1
348 466 1
366 467 1
411 467 1
463 467 2
733 467 1
251 468 2
299 468 2
374 468 2
96 469 1
459 469 1
603 469 1
604 469 1
605 469 1
606 469 1
607 469 1
48 470 1
191 470 1
629 470 1
630 470 1
548 471 1
549 471 1
122 472 1
310 472 1
473 472 1
523 472 1
122 473 1
161 473 1
472 473 1
515 473 3
522 473 2
523 473 3
42 474 1
124 475 1
557 476 1
558 476 1
166 477 2
395 477 2
571 477 1
113 478 2
204 478 1
170 479 2
550 479 1
551 479 1
481 480 1
578 480 1
579 480 1
480 481 1
40 482 1
187 482 1
419 482 1
434 483 1
484 483 1
434 484 1
483 484 1
36 485 1
183 485 1
265 485 1
117 486 1
171 486 1
447 486 1
487 486 1
117 487 1
171 487 1
447 487 1
486 487 1
114 488 1
3 489 1
75 489 1
164 489 1
84 490 1
105 490 1
320 490 1
389 490 1
79 491 1
492 491 1
493 491 1
494 491 1
495 491 1
79 492 1
491 492 1
493 492 1
494 492 1
495 492 1
79 493 1
491 493 1
492 493 1
494 493 1
495 493 1
79 494 1
491 494 1
492 494 1
493 494 1
495 494 1
79 495 1
491 495 1
492 495 1
493 495 1
494 495 1
390 496 1
129 497 1
312 497 1
498 497 1
129 498 1
312 498 1
497 498 1
353 499 1
377 499 1
500 499 1
501 499 1
353 500 1
377 500 1
499 500 1
501 500 1
353 501 1
377 501 1
499 501 1
500 501 1
131 502 1
170 502 1
448 502 1
156 503 1
421 503 1
422 503 1
29 504 1
110 504 1
177 504 1
178 504 1
363 504 1
364 504 1
365 504 1
461 505 1
506 505 1
507 505 1
461 506 1
505 506 1
507 506 1
461 507 1
505 507 1
506 507 1
422 508 1
179 509 1
342 509 1
510 509 1
511 509 1
512 509 1
179 510 1
342 510 1
509 510 1
511 510 1
512 510 1
179 511 1
342 511 1
509 511 1
510 511 1
512 511 1
179 512 1
342 512 1
509 512 1
510 512 1
511 512 1
127 513 1
514 513 1
127 514 1
513 514 1
161 515 1
473 515 3
516 515 1
517 515 1
518 515 1
522 515 1
523 515 3
515 516 1
517 516 1
518 516 1
515 517 1
516 517 1
518 517 1
515 518 1
516 518 1
517 518 1
520 519 1
521 519 1
519 520 1
521 520 1
519 521 1
520 521 1
473 522 2
515 522 1
523 522 1
161 523 1
310 523 1
472 523 1
473 523 3
515 523 3
522 523 1
181 524 1
336 524 1
25 525 1
26 525 1
333 525 2
526 525 2
527 525 1
686 525 1
26 526 1
333 526 1
525 526 2
527 526 1
528 526 1
529 526 1
530 526 1
333 527 1
525 527 1
526 527 1
26 528 2
526 528 1
529 528 1
530 528 1
556 528 1
26 529 1
526 529 1
528 529 1
530 529 1
26 530 1
526 530 1
528 530 1
529 530 1
318 531 1
272 532 1
330 532 1
533 532 1
534 532 1
272 533 1
330 533 1
532 533 1
534 533 1
272 534 1
330 534 1
532 534 1
533 534 1
536 535 1
537 535 1
535 536 1
537 536 1
535 537 1
536 537 1
86 538 1
367 538 1
568 539 1
133 540 1
180 540 1
169 541 1
542 541 1
169 542 1
541 542 1
30 543 1
188 543 1
223 543 1
544 543 1
30 544 1
188 544 1
223 544 1
543 544 1
212 545 1
212 546 3
213 546 2
438 546 1
175 547 1
186 547 1
189 547 1
471 548 1
549 548 1
471 549 1
548 549 1
170 550 2
479 550 1
551 550 1
170 551 2
479 551 1
550 551 1
2 552 1
101 553 1
554 553 1
101 554 1
553 554 1
263 555 1
26 556 1
528 556 1
476 557 1
558 557 1
476 558 1
557 558 1
118 559 1
250 559 1
560 559 1
118 560 1
250 560 1
559 560 1
179 561 1
342 561 1
437 561 1
53 562 1
317 562 1
563 562 1
53 563 1
317 563 1
562 563 1
100 564 1
276 564 1
423 564 1
454 564 1
565 564 1
100 565 1
276 565 1
423 565 1
454 565 1
564 565 1
77 566 1
87 566 1
451 566 1
5 567 1
125 567 1
539 568 1
69 569 1
131 570 1
170 570 1
166 571 1
395 571 1
477 571 1
298 572 1
141 573 1
194 573 1
574 573 1
141 574 1
194 574 1
573 574 1
189 575 1
223 575 1
82 576 1
102 576 1
103 576 1
154 576 1
83 577 1
480 578 1
579 578 1
480 579 1
578 579 1
34 580 1
61 580 1
581 580 1
34 581 1
61 581 1
580 581 1
262 582 1
297 582 1
112 583 1
112 584 2
449 585 1
92 586 1
359 586 1
437 587 1
368 588 1
393 588 1
260 589 1
590 589 1
591 589 1
260 590 1
589 590 1
591 590 1
260 591 1
589 591 1
590 591 1
4 592 1
31 592 1
152 593 1
46 594 1
595 594 1
596 594 1
46 595 2
594 595 1
596 595 2
46 596 2
594 596 1
595 596 2
49 597 2
157 597 1
445 597 1
53 598 1
14 599 1
600 599 1
14 600 1
599 600 1
333 601 1
1 602 1
22 602 1
168 602 1
96 603 1
459 603 1
469 603 1
604 603 1
605 603 1
606 603 1
607 603 1
96 604 1
459 604 1
469 604 1
603 604 1
605 604 1
606 604 1
607 604 1
96 605 1
459 605 1
469 605 1
603 605 1
604 605 1
606 605 1
607 605 1
96 606 1
459 606 1
469 606 1
603 606 1
604 606 1
605 606 1
607 606 1
96 607 1
459 607 1
469 607 1
603 607 1
604 607 1
605 607 1
606 607 1
221 608 1
300 608 1
387 609 1
90 610 1
90 611 1
184 612 1
285 612 1
286 612 1
614 613 1
613 614 1
60 615 1
431 615 1
255 616 2
617 616 1
255 617 1
616 617 1
128 618 1
26 619 1
153 620 1
80 621 1
622 621 1
80 622 1
621 622 1
23 623 1
123 623 1
43 624 1
140 624 1
270 624 1
625 624 1
43 625 2
137 625 1
140 625 1
270 625 2
624 625 1
709 625 1
13 626 1
41 626 1
74 626 1
53 627 1
15 628 1
186 628 1
189 628 1
48 629 1
191 629 1
470 629 1
630 629 1
48 630 1
191 630 1
470 630 1
629 630 1
462 631 1
49 632 3
157 632 3
287 633 1
634 633 1
287 634 1
633 634 1
136 635 1
381 635 1
420 635 1
426 635 1
66 636 1
99 636 1
311 636 1
319 636 1
637 636 1
638 636 1
639 636 1
66 637 1
99 637 1
311 637 1
319 637 1
636 637 1
638 637 1
639 637 1
66 638 1
99 638 1
311 638 1
319 638 1
636 638 1
637 638 1
639 638 1
66 639 1
99 639 1
311 639 1
319 639 1
636 639 1
637 639 1
638 639 1
321 640 1
397 640 1
642 641 1
643 641 1
644 641 1
645 641 1
641 642 1
643 642 1
644 642 1
645 642 1
641 643 1
642 643 1
644 643 1
645 643 1
641 644 1
642 644 1
643 644 1
645 644 1
641 645 1
642 645 1
643 645 1
644 645 1
403 646 1
435 646 1
440 646 1
647 646 1
648 646 1
649 646 1
650 646 1
403 647 1
435 647 1
440 647 1
646 647 1
648 647 1
649 647 1
650 647 1
403 648 1
435 648 1
440 648 1
646 648 1
647 648 1
649 648 1
650 648 1
403 649 1
435 649 1
440 649 1
646 649 1
647 649 1
648 649 1
650 649 1
403 650 1
435 650 1
440 650 1
646 650 1
647 650 1
648 650 1
649 650 1
158 651 1
386 652 1
56 653 1
291 653 1
333 654 1
68 655 1
94 655 1
142 655 1
215 656 2
674 656 1
61 657 1
134 657 1
196 658 1
225 658 1
226 658 1
333 659 1
29 660 1
148 661 1
49 662 1
118 663 1
246 663 1
250 663 1
664 663 1
118 664 1
246 664 1
250 664 1
663 664 1
301 665 2
366 665 2
411 665 2
666 665 1
301 666 1
366 666 1
411 666 1
665 666 1
44 667 1
92 667 1
167 667 1
207 667 1
237 667 1
453 667 1
325 668 1
669 668 1
670 668 1
325 669 1
668 669 1
670 669 1
325 670 1
668 670 1
669 670 1
333 671 1
672 671 1
333 672 1
671 672 1
242 673 1
409 673 1
215 674 1
656 674 1
20 675 1
47 675 1
288 675 1
95 676 1
193 676 1
429 676 1
678 677 1
677 678 1
308 679 1
248 680 1
261 680 1
403 681 1
435 681 1
440 681 1
682 681 1
683 681 1
684 681 1
403 682 1
435 682 1
440 682 1
681 682 1
683 682 1
684 682 1
403 683 1
435 683 1
440 683 1
681 683 1
682 683 1
684 683 1
403 684 1
435 684 1
440 684 1
681 684 1
682 684 1
683 684 1
380 685 1
456 685 1
25 686 1
26 686 1
333 686 1
525 686 1
73 687 1
366 688 1
411 688 1
341 689 2
690 689 1
691 689 1
692 689 1
341 690 1
689 690 1
691 690 1
692 690 1
341 691 1
689 691 1
690 691 1
692 691 1
341 692 1
689 692 1
690 692 1
691 692 1
69 693 1
694 693 1
695 693 1
69 694 1
693 694 1
695 694 1
69 695 1
693 695 1
694 695 1
697 696 1
698 696 1
699 696 1
696 697 1
698 697 1
699 697 1
696 698 1
697 698 1
699 698 1
696 699 1
697 699 1
698 699 1
113 700 1
701 700 1
702 700 1
703 700 1
113 701 1
700 701 1
702 701 1
703 701 1
113 702 1
700 702 1
701 702 1
703 702 1
113 703 1
700 703 1
701 703 1
702 703 1
705 704 1
704 705 1
707 706 1
708 706 1
706 707 1
708 707 2
713 707 1
706 708 1
707 708 2
713 708 1
43 709 1
137 709 1
270 709 1
625 709 1
83 710 1
711 710 1
83 711 1
710 711 1
78 712 1
243 712 1
460 712 1
707 713 1
708 713 1
228 714 1
294 714 1
413 714 1
715 714 1
716 714 1
228 715 1
294 715 1
413 715 1
714 715 1
716 715 1
228 716 1
294 716 1
413 716 1
714 716 1
715 716 1
39 717 1
235 717 1
269 717 1
24 718 1
51 718 1
52 718 1
146 719 1
147 719 1
155 719 1
721 720 1
722 720 1
720 721 1
722 721 1
720 722 1
721 722 1
18 723 1
38 723 1
345 724 1
27 725 1
304 726 1
305 726 1
337 726 1
464 726 1
433 727 1
443 727 1
222 728 1
163 729 1
386 729 1
274 730 1
731 730 1
274 731 1
730 731 1
67 732 1
463 733 1
467 733 1
49 734 1
157 734 1
735 734 1
49 735 1
157 735 1
734 735 1
124 736 1
238 736 1
245 736 1
737 736 1
124 737 1
238 737 1
245 737 1
736 737 1
366 738 1
402 738 1
411 738 1
442 738 1
26 739 1
436 739 1
740 739 1
26 740 1
436 740 1
739 740 1
326 741 1
21 742 1
221 742 1
314 742 1
744 743 1
743 744 1
746 745 1
745 746 1
