84 1 1
141 2 1
576 2 1
6 3 1
131 3 1
132 3 1
620 3 1
353 4 1
317 5 1
3 6 1
131 6 1
132 6 1
620 6 1
27 7 1
92 8 1
134 9 2
167 9 1
265 9 2
397 9 1
488 9 3
12 10 2
46 10 1
66 10 1
77 10 2
97 10 1
98 10 1
99 10 1
104 10 2
125 10 3
131 10 1
140 10 3
144 10 7
163 10 1
164 10 1
173 10 1
225 10 3
226 10 2
256 10 1
385 10 1
447 10 1
463 10 1
533 10 1
561 10 1
581 10 1
705 10 1
103 11 1
126 11 1
10 12 2
66 12 1
144 12 1
385 12 1
253 13 1
569 13 1
35 14 1
292 14 1
293 14 1
323 15 1
92 16 1
229 16 4
242 16 5
251 16 1
252 16 2
263 16 3
345 16 2
351 16 2
352 16 2
487 16 1
536 16 1
565 16 1
570 16 1
573 16 1
591 16 1
700 16 1
479 17 1
480 17 1
481 17 1
337 18 1
358 19 1
23 20 1
298 20 1
101 21 1
243 21 1
452 21 1
57 22 1
259 22 2
395 22 1
20 23 1
291 24 1
341 24 1
39 25 1
613 25 1
47 26 1
168 26 1
198 26 3
7 27 1
37 28 1
344 28 1
37 29 1
52 29 1
67 29 1
68 29 1
151 29 1
342 29 1
593 29 1
594 29 1
31 30 1
51 30 1
52 30 1
147 30 1
208 30 1
348 30 1
354 30 1
695 30 1
30 31 1
215 32 1
34 33 1
93 33 1
33 34 1
38 34 1
43 34 2
93 34 2
108 34 1
128 34 2
129 34 3
171 34 4
220 34 1
235 34 1
247 34 1
249 34 3
418 34 2
14 35 1
292 35 1
293 35 1
621 36 2
28 37 1
29 37 1
114 37 1
116 37 1
151 37 2
241 37 1
340 37 2
359 37 1
398 37 1
427 37 1
428 37 1
640 37 1
34 38 1
25 39 1
613 39 1
218 40 1
305 40 1
666 40 1
667 40 1
709 40 1
710 40 1
280 41 1
195 42 1
228 42 1
34 43 2
249 43 1
381 44 1
513 45 1
10 46 1
77 46 2
26 47 1
198 47 1
190 48 1
409 48 1
100 49 2
314 49 1
682 50 1
30 51 1
147 51 1
354 51 1
29 52 1
30 52 1
65 52 1
95 52 2
102 52 2
138 52 1
174 52 5
222 52 1
264 52 3
299 52 1
316 52 1
332 52 2
339 52 1
342 52 2
349 52 4
362 52 1
366 52 2
394 52 1
441 52 1
511 52 1
512 52 1
643 52 1
644 52 1
695 52 2
704 52 1
54 53 1
55 53 1
53 54 1
55 54 1
600 54 2
687 54 1
53 55 1
54 55 1
111 56 2
137 56 1
597 56 1
22 57 1
259 57 1
330 58 2
331 58 1
434 58 1
680 58 1
681 58 1
205 59 1
206 59 1
207 59 1
384 59 1
72 60 1
73 60 1
76 60 1
562 60 1
64 61 2
165 61 1
190 62 4
530 62 1
596 62 1
641 62 1
631 63 1
61 64 2
165 64 1
52 65 1
10 66 1
12 66 1
144 66 1
29 67 1
68 67 1
593 67 1
594 67 1
29 68 1
67 68 1
593 68 1
594 68 1
578 69 1
579 69 1
80 70 1
656 70 1
74 71 1
75 71 1
60 72 1
60 73 1
76 73 1
562 73 1
71 74 1
75 74 1
71 75 1
74 75 1
60 76 1
73 76 1
562 76 1
10 77 2
46 77 2
125 77 1
194 78 2
89 79 1
105 79 1
106 79 1
121 79 1
70 80 1
656 80 1
83 81 1
210 82 3
273 82 3
343 82 1
81 83 1
1 84 1
110 84 1
117 84 1
244 84 2
279 84 4
329 84 4
340 84 1
432 84 4
451 84 1
473 84 1
482 84 1
505 84 1
559 84 1
261 85 1
595 85 1
217 86 1
531 86 1
532 86 1
248 87 1
527 87 1
308 88 1
79 89 1
105 89 2
106 89 3
572 89 1
551 90 1
552 90 1
254 91 1
387 91 2
8 92 1
16 92 1
700 92 1
33 93 1
34 93 2
170 94 1
52 95 2
349 95 2
326 96 1
538 96 1
539 96 1
540 96 1
10 97 1
98 97 2
10 98 1
97 98 2
582 98 1
583 98 3
584 98 3
10 99 1
131 99 1
135 99 1
136 99 1
140 99 1
164 99 2
214 99 1
486 99 1
489 99 1
534 99 1
558 99 1
624 99 1
625 99 1
626 99 1
49 100 2
21 101 1
243 101 1
452 101 1
52 102 2
11 103 1
126 103 2
633 103 1
10 104 2
79 105 1
89 105 2
106 105 2
79 106 1
89 106 3
105 106 2
572 106 1
472 107 1
34 108 1
282 109 1
84 110 1
473 110 1
56 111 2
137 111 1
236 111 1
442 111 1
597 111 1
113 112 1
153 112 2
361 112 1
407 112 1
457 112 1
509 112 1
603 112 1
112 113 1
190 113 2
417 113 2
509 113 1
37 114 1
241 114 1
116 115 1
191 115 1
37 116 1
115 116 1
151 116 1
191 116 2
192 116 3
310 116 1
429 116 1
592 116 1
658 116 1
84 117 1
193 118 2
255 118 1
379 118 1
491 118 1
120 119 1
184 119 1
119 120 1
184 120 1
79 121 1
259 122 1
395 122 1
446 123 1
223 124 1
224 124 1
10 125 3
77 125 1
11 126 1
103 126 2
166 127 1
355 127 1
410 127 2
34 128 2
418 128 1
34 129 3
133 130 1
276 130 1
411 130 1
412 130 1
413 130 1
3 131 1
6 131 1
10 131 1
99 131 1
132 131 4
145 131 2
245 131 1
462 131 1
463 131 2
580 131 1
581 131 1
585 131 1
620 131 1
626 131 1
3 132 1
6 132 1
131 132 4
162 132 1
178 132 2
179 132 4
180 132 2
245 132 1
372 132 1
423 132 1
478 132 1
585 132 1
620 132 1
699 132 1
130 133 1
276 133 1
411 133 1
412 133 1
413 133 1
9 134 2
488 134 2
99 135 1
136 135 4
202 135 1
489 135 1
99 136 1
135 136 4
489 136 1
56 137 1
111 137 1
597 137 1
52 138 1
433 139 1
10 140 3
99 140 1
163 140 1
164 140 1
705 140 1
2 141 1
576 141 1
216 142 1
144 143 2
344 143 1
563 143 1
10 144 7
12 144 1
66 144 1
143 144 2
173 144 1
225 144 3
226 144 2
227 144 1
344 144 1
533 144 1
561 144 1
563 144 1
131 145 2
155 146 1
204 146 1
416 146 1
30 147 1
51 147 1
354 147 1
149 148 2
187 148 3
510 148 3
519 148 1
520 148 1
521 148 1
543 148 1
614 148 1
615 148 1
674 148 1
148 149 2
172 149 1
211 149 1
510 149 1
519 149 1
520 149 1
521 149 1
185 150 1
29 151 1
37 151 2
116 151 1
285 152 1
692 152 1
693 152 1
112 153 2
353 153 2
361 153 1
388 153 1
389 153 2
390 153 1
457 153 2
603 153 1
669 153 1
670 153 1
458 154 2
459 154 1
461 154 2
537 154 1
146 155 1
490 156 1
642 156 1
158 157 1
157 158 1
319 159 1
182 160 1
287 160 2
328 161 1
132 162 1
478 162 1
10 163 1
140 163 1
164 163 1
10 164 1
99 164 2
140 164 1
163 164 1
534 164 1
61 165 1
64 165 1
127 166 1
9 167 1
26 168 1
198 168 1
231 169 1
377 169 1
378 169 2
496 169 1
94 170 1
34 171 4
149 172 1
10 173 1
144 173 1
52 174 5
264 174 2
316 174 1
366 174 1
553 174 1
257 175 1
302 175 1
177 176 2
176 177 2
320 177 1
411 177 1
663 177 1
132 178 2
179 178 2
180 178 2
132 179 4
178 179 2
180 179 2
372 179 1
423 179 1
699 179 1
132 180 2
178 180 2
179 180 2
182 181 4
304 181 1
160 182 1
181 182 4
287 182 1
304 182 1
312 183 1
402 183 1
564 183 1
119 184 1
120 184 1
150 185 1
307 186 2
517 186 1
148 187 3
510 187 2
543 187 1
262 188 1
401 189 1
554 189 2
555 189 1
678 189 1
691 189 1
701 189 1
48 190 1
62 190 4
113 190 2
296 190 2
409 190 1
417 190 2
504 190 2
528 190 1
529 190 1
530 190 1
596 190 1
630 190 1
641 190 1
115 191 1
116 191 2
192 191 1
116 192 3
191 192 1
269 192 2
303 192 1
310 192 1
370 192 1
518 192 1
592 192 1
118 193 2
255 193 1
491 193 1
78 194 2
42 195 1
228 195 1
239 196 1
371 196 1
244 197 1
26 198 3
47 198 1
168 198 1
285 198 1
376 198 2
575 198 1
604 198 1
619 198 1
684 198 1
685 198 1
686 198 1
444 199 1
445 199 1
400 200 1
203 201 1
135 202 1
201 203 1
234 203 1
483 203 1
484 203 1
485 203 1
677 203 1
146 204 1
59 205 1
206 205 1
207 205 1
384 205 1
59 206 1
205 206 1
207 206 1
384 206 1
59 207 1
205 207 1
206 207 1
384 207 1
30 208 1
348 208 1
210 209 1
82 210 3
209 210 1
271 210 1
273 210 17
343 210 4
350 210 1
437 210 1
438 210 4
443 210 1
460 210 1
541 210 1
566 210 1
149 211 1
266 212 1
287 213 1
99 214 1
558 214 1
32 215 1
142 216 1
86 217 1
531 217 1
532 217 1
40 218 1
291 219 1
373 219 1
34 220 1
278 221 1
52 222 1
299 222 1
124 223 1
224 223 1
273 223 2
415 223 1
611 223 2
612 223 1
124 224 1
223 224 1
10 225 3
144 225 3
226 225 1
533 225 1
10 226 2
144 226 2
225 226 1
144 227 1
42 228 1
195 228 1
16 229 4
230 229 1
242 229 1
250 229 1
570 229 1
573 229 1
229 230 1
250 230 1
169 231 1
377 231 1
378 231 1
496 231 1
240 232 1
234 233 1
203 234 1
233 234 1
315 234 3
507 234 1
522 234 1
677 234 1
34 235 1
111 236 1
442 236 1
238 237 1
523 237 1
237 238 1
523 238 1
196 239 1
371 239 1
232 240 1
37 241 1
114 241 1
16 242 5
229 242 1
263 242 1
487 242 1
21 243 1
101 243 1
452 243 1
84 244 2
197 244 1
295 244 2
340 244 1
632 244 2
636 244 1
131 245 1
132 245 1
270 246 3
560 246 1
34 247 1
87 248 1
34 249 3
43 249 1
418 249 1
229 250 1
230 250 1
16 251 1
591 251 1
16 252 2
345 252 2
13 253 1
569 253 1
91 254 1
503 254 1
118 255 1
193 255 1
317 255 1
360 255 1
491 255 1
10 256 1
447 256 1
175 257 1
302 257 1
260 258 1
22 259 2
57 259 1
122 259 1
395 259 3
258 260 1
85 261 1
595 261 1
188 262 1
16 263 3
242 263 1
52 264 3
174 264 2
643 264 1
644 264 1
9 265 2
212 266 1
268 267 1
267 268 1
192 269 2
303 269 1
370 269 1
246 270 3
210 271 1
272 271 1
273 271 3
460 271 1
271 272 1
273 272 1
82 273 3
210 273 17
223 273 2
271 273 3
272 273 1
311 273 2
338 273 1
343 273 4
350 273 1
415 273 1
424 273 1
425 273 1
426 273 1
437 273 1
438 273 4
443 273 1
460 273 1
466 273 2
524 273 2
541 273 1
566 273 1
611 273 2
612 273 1
648 273 1
649 273 1
698 273 1
275 274 1
274 275 1
130 276 1
133 276 1
411 276 1
412 276 1
413 276 1
321 277 1
221 278 1
84 279 4
329 279 4
432 279 4
41 280 1
300 281 1
109 282 1
374 283 1
375 283 1
622 283 1
324 284 1
325 284 1
694 284 1
152 285 1
198 285 1
575 285 1
692 285 1
693 285 1
711 285 1
712 285 1
356 286 1
357 286 1
160 287 2
182 287 1
213 287 1
365 288 1
368 288 1
333 289 2
334 289 2
335 289 2
318 290 1
320 290 1
347 290 1
355 290 1
369 290 1
382 290 1
396 290 1
467 290 1
488 290 1
659 290 1
662 290 1
24 291 1
219 291 1
341 291 1
373 291 1
14 292 1
35 292 1
293 292 1
14 293 1
35 293 1
292 293 1
336 294 1
244 295 2
363 295 1
449 295 1
468 295 1
632 295 1
636 295 1
190 296 2
504 296 2
367 297 1
650 297 1
20 298 1
52 299 1
222 299 1
281 300 1
607 301 1
175 302 1
257 302 1
192 303 1
269 303 1
370 303 1
181 304 1
182 304 1
40 305 1
403 306 1
404 306 1
405 306 1
406 306 1
186 307 2
517 307 1
88 308 1
675 309 1
676 309 1
116 310 1
192 310 1
273 311 2
466 311 1
183 312 1
402 312 1
464 313 1
465 313 1
49 314 1
234 315 3
507 315 1
550 315 1
52 316 1
174 316 1
5 317 1
255 317 1
360 317 1
368 317 1
290 318 1
382 318 1
159 319 1
177 320 1
290 320 1
355 320 1
369 320 1
396 320 1
488 320 1
662 320 1
277 321 1
571 322 1
15 323 1
284 324 1
325 324 1
694 324 1
284 325 1
324 325 1
694 325 1
96 326 1
538 326 1
539 326 1
540 326 1
556 326 1
557 326 1
391 327 1
161 328 1
84 329 4
279 329 4
432 329 4
58 330 2
331 330 5
434 330 1
435 330 2
436 330 1
514 330 1
515 330 1
516 330 1
680 330 1
681 330 1
58 331 1
330 331 5
380 331 1
434 331 1
435 331 2
436 331 1
514 331 1
515 331 1
516 331 1
52 332 2
289 333 2
334 333 2
335 333 2
289 334 2
333 334 2
335 334 2
289 335 2
333 335 2
334 335 2
294 336 1
18 337 1
273 338 1
52 339 1
37 340 2
84 340 1
244 340 1
398 340 1
535 340 1
640 340 1
24 341 1
291 341 1
29 342 1
52 342 2
82 343 1
210 343 4
273 343 4
28 344 1
143 344 1
144 344 1
563 344 1
16 345 2
252 345 2
683 346 2
290 347 1
30 348 1
208 348 1
52 349 4
95 349 2
362 349 1
210 350 1
273 350 1
566 350 1
16 351 2
352 351 2
16 352 2
351 352 2
4 353 1
153 353 2
388 353 1
389 353 2
390 353 1
574 353 1
30 354 1
51 354 1
147 354 1
127 355 1
290 355 1
320 355 1
369 355 1
396 355 2
410 355 1
488 355 1
601 355 1
602 355 1
662 355 1
286 356 1
357 356 1
286 357 1
356 357 1
19 358 1
37 359 1
255 360 1
317 360 1
112 361 1
153 361 1
52 362 1
349 362 1
295 363 1
364 363 4
419 363 1
420 363 2
448 363 2
449 363 5
450 363 2
468 363 4
567 363 1
568 363 1
679 363 1
715 363 1
363 364 4
449 364 1
468 364 3
288 365 1
368 365 1
52 366 2
174 366 1
297 367 1
650 367 1
288 368 1
317 368 1
365 368 1
290 369 1
320 369 1
355 369 1
396 369 1
488 369 1
662 369 1
192 370 1
269 370 1
303 370 1
196 371 1
239 371 1
132 372 1
179 372 1
423 372 1
219 373 1
291 373 1
283 374 1
375 374 1
622 374 1
283 375 1
374 375 1
622 375 1
198 376 2
684 376 1
685 376 1
686 376 1
169 377 1
231 377 1
378 377 1
496 377 1
169 378 2
231 378 1
377 378 1
496 378 1
118 379 1
331 380 1
44 381 1
290 382 1
318 382 1
657 383 1
59 384 1
205 384 1
206 384 1
207 384 1
10 385 1
12 385 1
387 386 2
91 387 2
386 387 2
153 388 1
353 388 1
389 388 1
153 389 2
353 389 2
388 389 1
390 389 1
153 390 1
353 390 1
389 390 1
623 390 1
327 391 1
542 392 1
394 393 2
52 394 1
393 394 2
441 394 1
22 395 1
122 395 1
259 395 3
290 396 1
320 396 1
355 396 2
369 396 1
488 396 1
601 396 1
602 396 2
662 396 1
9 397 1
488 397 1
37 398 1
340 398 1
598 399 1
599 399 1
200 400 1
189 401 1
554 401 1
555 401 1
183 402 1
312 402 1
306 403 1
404 403 1
405 403 1
406 403 1
306 404 1
403 404 1
405 404 1
406 404 1
306 405 1
403 405 1
404 405 1
406 405 1
306 406 1
403 406 1
404 406 1
405 406 1
112 407 1
577 408 1
48 409 1
190 409 1
127 410 2
355 410 1
130 411 1
133 411 1
177 411 1
276 411 1
412 411 1
413 411 1
663 411 1
130 412 1
133 412 1
276 412 1
411 412 1
413 412 1
130 413 1
133 413 1
276 413 1
411 413 1
412 413 1
415 414 1
223 415 1
273 415 1
414 415 1
611 415 1
612 415 1
146 416 1
113 417 2
190 417 2
34 418 2
128 418 1
249 418 1
363 419 1
420 419 1
363 420 2
419 420 1
715 420 1
422 421 1
421 422 1
132 423 1
179 423 1
372 423 1
273 424 1
425 424 1
426 424 1
273 425 1
424 425 1
426 425 1
273 426 1
424 426 1
425 426 1
37 427 1
428 427 1
37 428 1
427 428 1
116 429 1
431 430 1
430 431 1
586 431 1
688 431 1
689 431 1
690 431 1
84 432 4
279 432 4
329 432 4
139 433 1
58 434 1
330 434 1
331 434 1
330 435 2
331 435 2
436 435 1
330 436 1
331 436 1
435 436 1
210 437 1
273 437 1
438 437 1
210 438 4
273 438 4
437 438 1
440 439 1
439 440 1
52 441 1
394 441 1
111 442 1
236 442 1
210 443 1
273 443 1
199 444 1
445 444 1
199 445 1
444 445 1
123 446 1
10 447 1
256 447 1
363 448 2
449 448 1
450 448 2
295 449 1
363 449 5
364 449 1
448 449 1
450 449 1
468 449 1
567 449 1
568 449 1
363 450 2
448 450 2
449 450 1
84 451 1
21 452 1
101 452 1
243 452 1
454 453 2
455 453 2
453 454 2
455 454 2
453 455 2
454 455 2
457 456 2
112 457 1
153 457 2
456 457 2
603 457 1
668 457 1
669 457 1
670 457 1
671 457 1
672 457 1
673 457 1
154 458 2
459 458 1
461 458 1
154 459 1
458 459 1
210 460 1
271 460 1
273 460 1
154 461 2
458 461 1
131 462 1
463 462 1
10 463 1
131 463 2
462 463 1
581 463 1
313 464 1
465 464 1
313 465 1
464 465 1
273 466 2
311 466 1
290 467 1
295 468 1
363 468 4
364 468 3
449 468 1
470 469 1
471 469 1
469 470 1
471 470 1
469 471 1
470 471 1
107 472 1
84 473 1
110 473 1
475 474 1
474 475 1
477 476 1
476 477 1
132 478 1
162 478 1
17 479 1
480 479 1
481 479 1
17 480 1
479 480 1
481 480 1
605 480 1
606 480 1
17 481 1
479 481 1
480 481 1
84 482 1
203 483 1
484 483 1
485 483 1
203 484 1
483 484 1
485 484 1
203 485 1
483 485 1
484 485 1
99 486 1
16 487 1
242 487 1
9 488 3
134 488 2
290 488 1
320 488 1
355 488 1
369 488 1
396 488 1
397 488 1
662 488 1
99 489 1
135 489 1
136 489 1
156 490 1
118 491 1
193 491 1
255 491 1
493 492 1
494 492 1
495 492 1
492 493 1
494 493 1
495 493 1
492 494 1
493 494 1
495 494 1
492 495 1
493 495 1
494 495 1
169 496 1
231 496 1
377 496 1
378 496 1
498 497 1
499 497 1
497 498 1
499 498 1
497 499 1
498 499 1
501 500 1
502 500 1
500 501 1
502 501 1
500 502 1
501 502 1
254 503 1
190 504 2
296 504 2
84 505 1
507 506 1
508 506 1
234 507 1
315 507 1
506 507 1
508 507 1
522 507 1
550 507 1
506 508 1
507 508 1
112 509 1
113 509 1
148 510 3
149 510 1
187 510 2
519 510 1
520 510 1
521 510 1
52 511 1
512 511 1
52 512 1
511 512 1
45 513 1
330 514 1
331 514 1
330 515 1
331 515 1
516 515 1
330 516 1
331 516 1
515 516 1
186 517 1
307 517 1
192 518 1
148 519 1
149 519 1
510 519 1
520 519 1
521 519 1
148 520 1
149 520 1
510 520 1
519 520 1
521 520 1
148 521 1
149 521 1
510 521 1
519 521 1
520 521 1
234 522 1
507 522 1
237 523 1
238 523 1
273 524 2
526 525 1
525 526 1
87 527 1
190 528 1
529 528 1
190 529 1
528 529 1
62 530 1
190 530 1
86 531 1
217 531 1
532 531 1
86 532 1
217 532 1
531 532 1
10 533 1
144 533 1
225 533 1
99 534 1
164 534 1
340 535 1
16 536 1
154 537 1
96 538 1
326 538 1
539 538 1
540 538 1
96 539 1
326 539 1
538 539 1
540 539 1
96 540 1
326 540 1
538 540 1
539 540 1
210 541 1
273 541 1
392 542 1
148 543 1
187 543 1
545 544 1
546 544 1
544 545 1
546 545 1
544 546 1
545 546 1
548 547 2
549 547 1
655 547 1
547 548 2
549 548 1
655 548 1
547 549 1
548 549 1
315 550 1
507 550 1
677 550 1
90 551 1
552 551 1
90 552 1
551 552 1
174 553 1
189 554 2
401 554 1
555 554 1
701 554 1
189 555 1
401 555 1
554 555 1
326 556 1
557 556 1
326 557 1
556 557 1
99 558 1
214 558 1
84 559 1
246 560 1
10 561 1
144 561 1
60 562 1
73 562 1
76 562 1
143 563 1
144 563 1
344 563 1
183 564 1
16 565 1
210 566 1
273 566 1
350 566 1
363 567 1
449 567 1
363 568 1
449 568 1
13 569 1
253 569 1
16 570 1
229 570 1
322 571 1
89 572 1
106 572 1
16 573 1
229 573 1
353 574 1
198 575 1
285 575 1
2 576 1
141 576 1
408 577 1
69 578 1
579 578 1
69 579 1
578 579 1
131 580 1
10 581 1
131 581 1
463 581 1
98 582 1
98 583 3
584 583 3
98 584 3
583 584 3
131 585 1
132 585 1
431 586 1
588 587 1
589 587 1
590 587 1
587 588 1
589 588 1
590 588 1
587 589 1
588 589 1
590 589 1
587 590 1
588 590 1
589 590 1
16 591 1
251 591 1
116 592 1
192 592 1
29 593 1
67 593 1
68 593 1
594 593 1
29 594 1
67 594 1
68 594 1
593 594 1
85 595 1
261 595 1
62 596 1
190 596 1
56 597 1
111 597 1
137 597 1
399 598 1
599 598 1
399 599 1
598 599 1
54 600 2
687 600 1
355 601 1
396 601 1
602 601 1
355 602 1
396 602 2
601 602 1
112 603 1
153 603 1
457 603 1
198 604 1
480 605 1
606 605 1
480 606 1
605 606 1
301 607 1
609 608 1
610 608 1
608 609 1
610 609 1
608 610 1
609 610 1
223 611 2
273 611 2
415 611 1
612 611 1
223 612 1
273 612 1
415 612 1
611 612 1
25 613 1
39 613 1
148 614 1
615 614 1
148 615 1
614 615 1
617 616 1
618 616 1
616 617 1
618 617 1
616 618 1
617 618 1
198 619 1
3 620 1
6 620 1
131 620 1
132 620 1
36 621 2
283 622 1
374 622 1
375 622 1
390 623 1
99 624 1
625 624 1
99 625 1
624 625 1
99 626 1
131 626 1
628 627 1
629 627 1
627 628 1
629 628 1
627 629 1
628 629 1
190 630 1
63 631 1
244 632 2
295 632 1
636 632 1
103 633 1
635 634 1
634 635 1
244 636 1
295 636 1
632 636 1
638 637 1
639 637 1
637 638 1
639 638 1
637 639 1
638 639 1
37 640 1
340 640 1
62 641 1
190 641 1
156 642 1
52 643 1
264 643 1
644 643 1
52 644 1
264 644 1
643 644 1
646 645 1
647 645 1
645 646 1
647 646 1
645 647 1
646 647 1
273 648 1
649 648 1
273 649 1
648 649 1
297 650 1
367 650 1
652 651 1
651 652 1
654 653 1
653 654 1
547 655 1
548 655 1
70 656 1
80 656 1
383 657 1
116 658 1
290 659 1
660 659 1
661 659 1
659 660 1
661 660 1
659 661 1
660 661 1
290 662 1
320 662 1
355 662 1
369 662 1
396 662 1
488 662 1
177 663 1
411 663 1
665 664 1
664 665 1
40 666 1
667 666 1
40 667 1
666 667 1
457 668 1
153 669 1
457 669 1
670 669 1
153 670 1
457 670 1
669 670 1
457 671 1
672 671 1
673 671 1
457 672 1
671 672 1
673 672 1
457 673 1
671 673 1
672 673 1
148 674 1
309 675 1
676 675 1
309 676 1
675 676 1
203 677 1
234 677 1
550 677 1
189 678 1
363 679 1
58 680 1
330 680 1
681 680 1
58 681 1
330 681 1
680 681 1
50 682 1
346 683 2
198 684 1
376 684 1
685 684 1
198 685 1
376 685 1
684 685 1
198 686 1
376 686 1
54 687 1
600 687 1
431 688 1
689 688 1
690 688 1
431 689 1
688 689 1
690 689 1
431 690 1
688 690 1
689 690 1
189 691 1
152 692 1
285 692 1
693 692 1
152 693 1
285 693 1
692 693 1
284 694 1
324 694 1
325 694 1
30 695 1
52 695 2
697 696 1
696 697 1
273 698 1
132 699 1
179 699 1
16 700 1
92 700 1
189 701 1
554 701 1
703 702 1
702 703 1
52 704 1
10 705 1
140 705 1
707 706 1
708 706 1
706 707 1
708 707 1
706 708 1
707 708 1
40 709 1
710 709 1
40 710 1
709 710 1
285 711 1
712 711 1
285 712 1
711 712 1
714 713 1
713 714 1
363 715 1
420 715 1
