27 1 1
108 1 1
281 1 1
415 1 1
796 1 1
797 1 1
140 2 1
507 2 1
685 2 1
686 2 1
687 2 1
688 2 1
465 3 1
838 3 1
839 3 1
840 3 1
841 3 1
842 3 1
5 4 1
21 4 1
375 4 1
541 4 1
542 4 1
4 5 1
21 5 1
375 5 1
541 5 1
542 5 1
82 6 1
144 6 1
145 6 1
214 7 1
219 7 1
106 8 1
269 8 1
364 8 1
366 8 1
118 9 1
127 9 1
284 9 1
330 9 1
593 9 2
612 9 1
637 9 1
638 9 1
639 9 1
651 9 1
11 10 1
12 10 1
156 10 1
354 10 1
355 10 1
446 10 1
805 10 1
10 11 1
12 11 1
83 11 1
156 11 1
225 11 1
247 11 1
274 11 1
317 11 1
354 11 1
355 11 1
360 11 1
404 11 1
419 11 1
446 11 1
510 11 1
592 11 1
783 11 1
805 11 1
10 12 1
11 12 1
155 12 1
156 12 1
212 12 1
244 12 1
354 12 1
355 12 1
440 12 1
441 12 1
446 12 1
805 12 1
157 13 1
815 13 1
15 14 1
20 14 1
21 14 1
103 14 1
14 15 1
20 15 1
21 15 1
103 15 1
34 16 2
59 16 1
336 16 1
421 16 1
762 16 1
852 16 1
98 17 1
114 17 1
115 17 1
306 17 1
370 17 1
397 17 1
778 17 1
779 17 1
780 17 1
455 18 1
470 18 1
624 18 1
625 18 1
626 18 1
38 19 1
71 19 1
139 19 1
399 19 1
533 19 1
534 19 1
535 19 1
536 19 1
537 19 1
14 20 1
15 20 1
21 20 1
103 20 1
4 21 1
5 21 1
14 21 1
15 21 1
20 21 1
103 21 1
109 21 1
154 21 1
375 21 1
445 21 1
541 21 1
542 21 1
629 21 1
89 22 1
290 22 1
348 22 1
464 22 1
278 23 1
521 23 1
800 24 1
37 25 1
158 25 1
287 25 1
315 25 1
331 25 1
390 25 1
664 25 1
760 25 1
761 25 1
212 26 1
223 26 1
231 26 1
1 27 1
108 27 1
281 27 1
415 27 1
796 27 1
797 27 1
199 28 1
377 28 1
442 28 1
490 28 1
574 28 1
575 28 1
576 28 1
577 28 1
197 29 1
391 29 1
412 29 1
463 29 1
588 29 1
838 29 1
31 30 1
34 30 1
819 30 1
30 31 1
34 31 1
819 31 1
33 32 1
34 32 1
59 32 1
410 32 1
436 32 1
846 32 1
847 32 1
32 33 1
34 33 1
59 33 1
410 33 1
436 33 1
846 33 1
847 33 1
16 34 2
30 34 1
31 34 1
32 34 1
33 34 1
59 34 3
97 34 1
153 34 1
336 34 1
410 34 1
421 34 1
436 34 2
481 34 1
762 34 1
818 34 1
819 34 2
820 34 1
846 34 1
847 34 1
852 34 1
866 34 1
867 34 1
868 34 1
171 35 1
480 35 1
632 35 1
817 35 1
352 36 1
25 37 1
158 37 1
287 37 1
315 37 1
331 37 1
390 37 1
760 37 1
761 37 1
19 38 1
71 38 1
139 38 1
399 38 1
533 38 1
534 38 1
535 38 1
536 38 1
537 38 1
136 39 1
154 39 1
155 39 1
280 39 1
657 39 1
48 40 2
138 40 1
175 40 1
245 40 1
263 40 1
285 40 1
353 40 1
456 40 1
471 40 1
545 40 1
63 41 1
84 41 1
102 41 2
128 41 1
211 41 1
257 41 1
320 41 1
396 41 1
630 41 1
631 41 1
633 41 1
194 42 2
509 42 1
683 42 1
821 42 1
52 43 1
173 43 1
174 43 2
238 43 1
239 43 1
243 43 1
290 43 1
355 43 1
600 43 1
645 43 1
646 43 1
647 43 1
706 43 1
707 43 1
789 43 1
224 44 1
229 44 1
119 45 1
596 45 1
597 45 1
180 46 1
186 46 1
196 46 1
236 46 1
384 46 1
386 46 1
872 46 1
873 46 1
874 46 1
875 46 1
876 46 1
877 46 1
878 46 1
157 47 1
181 47 1
227 47 1
371 47 1
853 47 1
854 47 1
908 47 1
40 48 2
138 48 2
175 48 1
195 48 1
199 48 1
245 48 1
286 48 1
335 48 1
443 48 1
456 48 1
222 49 1
86 50 1
56 51 1
402 51 1
43 52 1
290 52 1
706 52 1
707 52 1
179 53 1
55 54 1
56 54 2
251 54 2
848 54 2
849 54 1
865 54 1
54 55 1
56 55 1
251 55 1
848 55 1
849 55 1
51 56 1
54 56 2
55 56 1
150 56 1
251 56 2
290 56 1
339 56 1
358 56 1
402 56 1
405 56 1
546 56 1
774 56 1
848 56 2
849 56 1
865 56 1
106 57 1
269 57 1
365 57 1
869 57 1
870 57 1
871 57 1
489 58 1
503 58 1
504 58 1
506 58 1
16 59 1
32 59 1
33 59 1
34 59 3
336 59 1
410 59 1
436 59 2
481 59 1
846 59 1
847 59 1
852 59 1
866 59 1
867 59 1
868 59 1
316 60 1
483 60 1
648 60 1
649 60 1
241 61 1
341 61 1
485 61 1
505 61 1
786 61 1
249 62 1
41 63 1
102 63 1
128 63 1
633 63 1
290 64 1
491 64 1
495 64 1
110 65 1
122 65 1
822 65 1
114 66 1
312 66 1
347 66 1
494 66 1
722 67 1
799 67 1
69 68 1
72 68 1
77 68 1
137 68 1
68 69 1
72 69 1
77 69 1
137 69 1
90 70 1
116 70 2
284 70 2
326 70 1
332 70 1
379 70 2
434 70 1
675 70 1
19 71 1
38 71 1
139 71 1
399 71 1
533 71 1
534 71 1
535 71 1
536 71 1
537 71 1
744 71 1
68 72 1
69 72 1
77 72 1
137 72 1
615 73 1
616 73 1
293 74 1
357 74 1
463 74 1
708 74 1
709 74 2
710 74 1
150 75 1
405 75 1
547 75 1
627 75 1
628 75 1
431 76 1
68 77 1
69 77 1
72 77 1
137 77 1
329 78 1
532 79 1
621 80 1
87 81 1
89 81 1
112 81 1
113 81 1
129 81 1
6 82 1
144 82 1
145 82 1
185 82 1
191 82 1
205 82 1
242 82 1
292 82 1
398 82 3
595 82 1
737 82 1
748 82 1
749 82 2
750 82 1
751 82 1
752 82 2
806 82 1
11 83 1
247 83 1
274 83 1
317 83 1
404 83 1
419 83 1
592 83 1
41 84 1
312 85 1
50 86 1
81 87 1
89 87 1
112 87 1
113 87 1
129 87 1
113 88 1
233 88 1
349 88 1
22 89 1
81 89 1
87 89 1
112 89 1
113 89 1
129 89 1
290 89 1
348 89 1
464 89 1
496 89 1
70 90 1
116 90 2
284 90 2
326 90 2
351 90 1
434 90 2
403 91 1
558 91 1
301 92 1
168 93 2
187 93 1
510 93 2
598 93 2
747 93 1
126 94 1
515 94 1
516 94 1
517 94 1
518 94 1
293 95 1
294 95 1
408 95 1
720 95 1
721 95 1
138 96 1
199 96 1
200 96 1
232 96 1
286 96 1
366 96 1
907 96 1
34 97 1
111 97 1
153 97 1
159 97 1
617 97 1
618 97 1
808 97 1
818 97 1
819 97 1
820 97 1
17 98 1
155 98 1
158 98 1
285 98 1
397 98 1
460 98 1
461 98 1
492 98 1
778 98 1
779 98 1
780 98 1
738 99 1
739 99 1
740 99 1
741 99 1
146 100 1
192 100 1
230 100 2
260 100 1
290 100 1
298 100 1
358 100 1
369 100 1
433 100 1
511 100 1
512 100 1
513 100 1
712 100 1
713 100 1
714 100 1
171 101 1
358 101 1
632 101 1
634 101 1
635 101 1
636 101 1
659 101 1
41 102 2
63 102 1
128 102 1
147 102 1
155 102 1
193 102 1
396 102 1
416 102 1
630 102 1
631 102 1
633 102 1
14 103 1
15 103 1
20 103 1
21 103 1
106 103 1
360 103 1
437 103 1
539 103 1
540 103 1
254 104 1
302 104 2
318 104 1
332 104 1
405 104 1
439 104 1
571 104 2
572 104 1
726 104 1
727 104 1
728 104 1
729 104 1
730 104 1
189 105 1
8 106 1
57 106 1
103 106 1
269 106 4
360 106 1
364 106 1
365 106 3
366 106 2
367 106 1
373 106 1
409 106 1
437 106 1
527 106 1
539 106 1
540 106 1
869 106 1
870 106 1
871 106 1
132 107 1
337 107 1
345 107 1
374 107 1
411 107 1
599 107 1
833 107 1
834 107 1
835 107 1
836 107 1
837 107 1
1 108 1
27 108 1
281 108 1
415 108 1
796 108 1
797 108 1
21 109 1
125 109 1
154 109 1
165 109 1
237 109 1
427 109 1
445 109 1
587 109 1
588 109 1
629 109 1
65 110 1
122 110 1
290 110 1
348 110 1
459 110 1
479 110 1
519 110 1
520 110 1
822 110 1
97 111 1
159 111 1
808 111 1
81 112 1
87 112 1
89 112 1
113 112 1
129 112 1
81 113 1
87 113 1
88 113 1
89 113 1
112 113 1
129 113 1
149 113 1
233 113 1
310 113 1
349 113 1
407 113 1
439 113 1
661 113 1
17 114 1
66 114 1
115 114 1
306 114 1
312 114 1
347 114 1
370 114 1
494 114 1
17 115 1
114 115 1
306 115 1
370 115 1
70 116 2
90 116 2
284 116 2
326 116 2
379 116 1
434 116 2
160 117 1
205 117 1
206 117 1
276 117 1
500 117 1
9 118 1
210 118 1
277 118 1
320 118 1
380 118 1
499 118 1
830 118 1
45 119 1
238 119 1
252 119 2
532 119 1
560 119 1
562 119 1
596 119 2
597 119 1
600 119 1
812 119 1
122 120 1
138 120 1
140 120 1
122 121 1
139 121 1
141 121 1
342 121 1
711 121 1
65 122 1
110 122 1
120 122 1
121 122 1
138 122 2
139 122 2
140 122 2
141 122 1
152 122 1
290 122 1
308 122 1
342 122 2
422 122 2
487 122 1
711 122 1
822 122 1
124 123 4
169 123 3
371 123 2
417 123 1
549 123 1
550 123 1
551 123 1
552 123 1
756 123 1
757 123 1
843 123 1
123 124 4
169 124 3
371 124 2
417 124 1
549 124 1
550 124 1
551 124 1
552 124 1
756 124 1
757 124 1
843 124 1
109 125 1
165 125 1
190 125 1
207 125 1
452 125 1
489 125 1
501 125 1
502 125 1
94 126 1
131 126 1
151 126 2
294 126 2
420 126 1
515 126 1
516 126 1
517 126 1
518 126 1
583 126 1
679 126 1
680 126 1
681 126 2
682 126 2
9 127 1
152 127 1
724 127 1
725 127 1
41 128 1
63 128 1
102 128 1
633 128 1
81 129 1
87 129 1
89 129 1
112 129 1
113 129 1
199 129 1
201 129 1
575 129 1
892 129 1
893 129 1
894 129 1
895 129 1
896 129 1
131 130 1
338 130 1
424 130 1
791 130 1
126 131 1
130 131 1
151 131 1
294 131 1
338 131 1
424 131 1
681 131 1
682 131 1
791 131 1
107 132 1
345 132 1
599 132 1
670 133 1
671 133 1
672 133 1
203 134 1
823 134 1
824 134 1
183 135 1
290 135 1
39 136 1
154 136 1
155 136 1
280 136 1
657 136 1
68 137 1
69 137 1
72 137 1
77 137 1
40 138 1
48 138 2
96 138 1
120 138 1
122 138 2
140 138 1
175 138 1
195 138 2
199 138 2
200 138 1
232 138 2
245 138 1
286 138 3
308 138 1
335 138 2
366 138 1
443 138 1
456 138 1
907 138 1
19 139 1
38 139 1
71 139 1
121 139 1
122 139 2
141 139 1
290 139 1
342 139 1
399 139 1
533 139 1
534 139 1
535 139 2
536 139 1
537 139 1
548 139 1
711 139 1
2 140 1
120 140 1
122 140 2
138 140 1
240 140 1
507 140 1
685 140 2
686 140 2
687 140 2
688 140 2
816 140 1
855 140 1
856 140 1
121 141 1
122 141 1
139 141 1
342 141 1
711 141 1
162 142 1
202 142 1
393 142 1
689 142 1
690 142 1
691 142 1
692 142 1
693 142 1
694 142 1
695 142 1
696 142 1
697 142 1
755 143 1
6 144 1
82 144 1
145 144 1
6 145 1
82 145 1
144 145 1
100 146 1
192 146 1
260 146 1
290 146 2
298 146 1
348 146 1
358 146 1
465 146 1
712 146 1
713 146 1
714 146 1
102 147 1
155 147 4
177 147 1
193 147 1
266 147 2
274 147 2
352 147 1
360 147 2
416 147 1
753 147 1
603 148 1
113 149 1
310 149 1
407 149 1
439 149 1
661 149 1
56 150 1
75 150 1
405 150 2
546 150 1
547 150 1
627 150 1
628 150 1
774 150 1
803 150 1
126 151 2
131 151 1
294 151 2
679 151 1
680 151 1
681 151 2
682 151 2
122 152 1
127 152 1
422 152 1
724 152 1
725 152 1
34 153 1
97 153 1
818 153 1
819 153 1
820 153 1
21 154 1
39 154 1
109 154 1
136 154 1
155 154 1
280 154 1
445 154 1
629 154 1
657 154 1
12 155 1
39 155 1
98 155 1
102 155 1
136 155 1
147 155 4
154 155 1
158 155 1
177 155 1
193 155 1
212 155 2
244 155 1
259 155 1
266 155 1
274 155 4
280 155 1
352 155 1
360 155 2
372 155 1
397 155 1
416 155 1
440 155 1
441 155 1
492 155 1
605 155 1
657 155 1
735 155 1
736 155 1
753 155 1
777 155 1
828 155 1
10 156 1
11 156 1
12 156 1
354 156 1
355 156 1
446 156 1
805 156 1
13 157 1
47 157 1
815 157 1
908 157 1
25 158 1
37 158 1
98 158 1
155 158 1
287 158 1
315 158 1
331 158 1
390 158 1
492 158 1
760 158 1
761 158 1
97 159 1
111 159 1
808 159 1
117 160 1
204 160 1
205 160 1
206 160 1
276 160 1
500 160 1
405 161 1
478 161 1
628 161 1
142 162 1
202 162 1
393 162 1
689 162 1
690 162 1
691 162 1
692 162 1
693 162 1
694 162 1
695 162 1
696 162 1
697 162 1
281 163 1
314 163 1
392 163 1
250 164 1
109 165 1
125 165 1
333 166 1
743 166 1
272 167 1
93 168 2
238 168 1
510 168 3
598 168 2
123 169 3
124 169 3
371 169 2
417 169 1
549 169 1
550 169 1
551 169 1
552 169 1
756 169 1
757 169 1
843 169 1
463 170 1
797 170 1
879 170 1
880 170 1
35 171 1
101 171 1
358 171 1
480 171 1
632 171 2
634 171 1
635 171 1
636 171 1
817 171 1
275 172 1
43 173 1
174 173 1
239 173 1
43 174 2
173 174 1
192 174 1
239 174 1
243 174 1
290 174 1
40 175 1
48 175 1
138 175 1
245 175 1
456 175 1
216 176 1
217 176 1
147 177 1
155 177 1
266 177 1
352 177 1
753 177 1
253 178 2
784 178 1
785 178 1
53 179 1
46 180 1
186 180 1
196 180 1
236 180 1
384 180 1
386 180 1
872 180 1
873 180 1
874 180 1
875 180 1
876 180 1
877 180 1
878 180 1
47 181 1
227 181 1
371 181 1
853 181 1
854 181 1
829 182 1
135 183 1
290 183 1
429 184 1
608 184 1
609 184 1
82 185 1
191 185 1
46 186 1
180 186 1
196 186 1
236 186 1
384 186 1
386 186 1
872 186 1
873 186 1
874 186 1
875 186 1
876 186 1
877 186 1
878 186 1
93 187 1
388 188 1
105 189 1
125 190 1
207 190 1
452 190 1
489 190 1
501 190 1
502 190 1
82 191 1
185 191 1
100 192 1
146 192 1
174 192 1
260 192 1
290 192 2
298 192 1
358 192 1
498 192 1
524 192 2
525 192 1
526 192 1
602 192 1
604 192 1
712 192 1
713 192 1
714 192 1
102 193 1
147 193 1
155 193 1
416 193 1
42 194 2
821 194 1
48 195 1
138 195 2
199 195 1
232 195 1
286 195 2
335 195 2
443 195 1
46 196 1
180 196 1
186 196 1
236 196 1
384 196 1
386 196 1
872 196 1
873 196 1
874 196 1
875 196 1
876 196 1
877 196 1
878 196 1
29 197 1
391 197 1
412 197 1
463 197 1
588 197 1
838 197 1
255 198 1
825 198 1
826 198 1
827 198 1
28 199 1
48 199 1
96 199 1
129 199 1
138 199 2
195 199 1
200 199 1
201 199 1
232 199 1
286 199 2
335 199 1
366 199 1
377 199 1
442 199 1
443 199 1
490 199 1
574 199 1
575 199 2
576 199 1
577 199 1
892 199 1
893 199 1
894 199 1
895 199 1
896 199 1
907 199 1
96 200 1
138 200 1
199 200 1
232 200 1
286 200 1
366 200 1
907 200 1
129 201 1
199 201 1
575 201 1
892 201 1
893 201 1
894 201 1
895 201 1
896 201 1
142 202 1
162 202 1
393 202 1
689 202 1
690 202 1
691 202 1
692 202 1
693 202 1
694 202 1
695 202 1
696 202 1
697 202 1
134 203 1
823 203 1
824 203 1
160 204 1
82 205 1
117 205 1
160 205 1
206 205 1
276 205 1
500 205 1
117 206 1
160 206 1
205 206 1
276 206 1
500 206 1
125 207 1
190 207 1
452 207 1
489 207 1
501 207 1
502 207 1
209 208 1
208 209 1
222 209 1
700 209 1
701 209 1
702 209 1
118 210 1
277 210 1
41 211 1
257 211 1
320 211 1
12 212 1
26 212 1
155 212 2
223 212 1
231 212 1
244 212 1
259 212 1
372 212 1
397 212 1
440 212 1
441 212 1
605 212 1
444 213 1
7 214 1
219 214 1
265 215 1
275 215 1
362 215 1
368 215 1
413 215 1
734 215 1
176 216 1
217 216 1
389 216 1
531 216 1
176 217 1
216 217 1
745 217 1
228 218 1
7 219 1
214 219 1
273 220 1
309 220 1
360 220 1
403 221 1
559 221 1
49 222 1
209 222 1
700 222 1
701 222 1
702 222 1
26 223 1
212 223 1
231 223 1
44 224 1
229 224 1
11 225 1
231 225 1
360 225 1
510 225 1
596 225 1
598 225 1
783 225 1
256 226 1
405 226 1
493 226 1
644 226 1
47 227 1
181 227 1
371 227 1
853 227 1
854 227 1
218 228 1
44 229 1
224 229 1
100 230 2
369 230 1
511 230 1
512 230 1
513 230 1
26 231 1
212 231 1
223 231 1
225 231 1
318 231 1
435 231 1
596 231 1
598 231 1
96 232 1
138 232 2
195 232 1
199 232 1
200 232 1
286 232 2
335 232 1
366 232 1
907 232 1
88 233 1
113 233 1
349 233 1
305 234 1
395 235 1
46 236 1
180 236 1
186 236 1
196 236 1
384 236 1
386 236 1
872 236 1
873 236 1
874 236 1
875 236 1
876 236 1
877 236 1
878 236 1
109 237 1
427 237 1
587 237 1
588 237 1
43 238 1
119 238 1
168 238 1
268 238 1
321 238 1
510 238 1
596 238 3
600 238 3
650 238 1
678 238 1
705 238 1
771 238 1
43 239 1
173 239 1
174 239 1
140 240 1
688 240 1
816 240 1
61 241 1
341 241 1
485 241 1
505 241 1
786 241 1
82 242 1
398 242 1
43 243 1
174 243 1
12 244 1
155 244 1
212 244 1
440 244 1
441 244 1
40 245 1
48 245 1
138 245 1
175 245 1
456 245 1
288 246 1
11 247 1
83 247 1
274 247 2
298 247 1
317 247 1
404 247 1
419 247 1
592 247 1
788 247 1
613 248 1
614 248 1
62 249 1
582 249 1
586 249 1
164 250 1
54 251 2
55 251 1
56 251 2
848 251 2
849 251 1
865 251 1
119 252 2
532 252 1
560 252 1
562 252 1
812 252 1
178 253 2
258 253 1
476 253 2
477 253 1
573 253 1
845 253 1
104 254 1
571 254 1
726 254 1
727 254 1
728 254 1
198 255 1
825 255 1
826 255 1
827 255 1
226 256 1
405 256 1
493 256 1
644 256 1
41 257 1
211 257 1
320 257 1
253 258 1
476 258 1
477 258 1
845 258 1
155 259 1
212 259 1
372 259 1
397 259 1
605 259 1
100 260 1
146 260 1
192 260 1
290 260 1
298 260 1
358 260 1
712 260 1
713 260 1
714 260 1
372 261 1
754 261 1
522 262 1
40 263 1
471 263 1
563 264 1
215 265 1
275 265 1
362 265 1
368 265 1
413 265 1
734 265 1
147 266 2
155 266 1
177 266 1
352 266 1
753 266 1
343 267 1
426 267 1
807 267 1
238 268 1
321 268 1
650 268 1
8 269 1
57 269 1
106 269 4
364 269 1
365 269 3
366 269 2
367 269 1
373 269 1
409 269 1
527 269 1
869 269 1
870 269 1
871 269 1
564 270 1
565 270 1
566 270 1
291 271 1
514 271 1
167 272 1
220 273 1
309 273 1
360 273 1
11 274 1
83 274 1
147 274 2
155 274 4
247 274 2
298 274 1
317 274 1
360 274 2
404 274 1
419 274 1
447 274 1
468 274 1
591 274 1
592 274 1
632 274 1
658 274 1
777 274 1
788 274 1
828 274 1
172 275 1
215 275 1
265 275 1
362 275 1
368 275 1
413 275 1
594 275 1
734 275 1
117 276 1
160 276 1
205 276 1
206 276 1
500 276 1
118 277 1
210 277 1
23 278 1
521 278 1
280 279 1
340 279 1
39 280 1
136 280 1
154 280 1
155 280 1
279 280 1
340 280 1
657 280 1
804 280 1
1 281 1
27 281 1
108 281 1
163 281 1
283 281 1
285 281 1
314 281 1
392 281 1
415 281 1
611 281 1
796 281 1
797 281 1
283 282 2
611 282 1
281 283 1
282 283 2
381 283 1
382 283 1
383 283 1
438 283 1
468 283 1
611 283 2
791 283 1
813 283 1
814 283 1
9 284 1
70 284 2
90 284 2
116 284 2
326 284 3
330 284 1
332 284 1
379 284 1
434 284 2
675 284 1
40 285 1
98 285 1
281 285 1
303 285 1
387 285 1
460 285 1
461 285 1
790 285 1
48 286 1
96 286 1
138 286 3
195 286 2
199 286 2
200 286 1
232 286 2
335 286 2
366 286 1
443 286 1
907 286 1
25 287 1
37 287 1
158 287 1
315 287 1
331 287 1
390 287 1
760 287 1
761 287 1
246 288 1
406 289 1
831 289 1
832 289 1
22 290 1
43 290 1
52 290 1
56 290 1
64 290 1
89 290 1
100 290 1
110 290 1
122 290 1
135 290 1
139 290 1
146 290 2
174 290 1
183 290 1
192 290 2
260 290 1
298 290 1
339 290 2
348 290 5
358 290 4
395 290 1
459 290 1
464 290 1
465 290 3
469 290 1
475 290 1
486 290 2
491 290 2
495 290 1
640 290 1
641 290 1
642 290 1
643 290 1
699 290 1
706 290 1
707 290 1
712 290 1
713 290 1
714 290 1
719 290 1
844 290 1
271 291 1
514 291 1
82 292 1
74 293 1
95 293 1
294 293 2
408 293 1
463 293 1
484 293 1
720 293 1
721 293 1
851 293 1
95 294 1
126 294 2
131 294 1
151 294 2
293 294 2
334 294 1
359 294 1
408 294 1
679 294 1
680 294 1
681 294 2
682 294 2
698 294 1
720 294 1
721 294 1
723 294 2
781 294 1
782 294 1
296 295 1
295 296 1
538 297 1
100 298 1
146 298 1
192 298 1
247 298 1
260 298 1
274 298 1
290 298 1
358 298 1
712 298 1
713 298 1
714 298 1
788 298 1
324 299 1
553 299 1
554 299 1
555 299 1
556 299 1
557 299 1
665 300 1
666 300 1
667 300 1
668 300 1
92 301 1
104 302 2
439 302 1
571 302 1
572 302 1
285 303 1
387 303 1
790 303 1
328 304 1
234 305 1
17 306 1
114 306 1
115 306 1
370 306 1
886 307 1
887 307 1
888 307 1
889 307 1
122 308 1
138 308 1
220 309 1
273 309 1
360 309 1
113 310 1
149 310 1
407 310 1
439 310 1
661 310 1
325 311 1
787 311 1
66 312 1
85 312 1
114 312 1
347 312 1
468 312 1
494 312 1
677 312 1
363 313 1
596 313 1
598 313 1
704 313 1
163 314 1
281 314 1
392 314 1
25 315 1
37 315 1
158 315 1
287 315 1
331 315 1
390 315 1
760 315 1
761 315 1
60 316 1
483 316 1
648 316 1
649 316 1
11 317 1
83 317 1
247 317 1
274 317 1
404 317 1
419 317 1
592 317 1
104 318 1
231 318 1
332 318 1
435 318 1
722 318 1
662 319 1
663 319 1
755 319 1
41 320 1
118 320 1
211 320 1
257 320 1
380 320 1
499 320 1
830 320 1
238 321 1
268 321 1
323 321 1
600 321 2
650 321 1
769 322 1
321 323 1
600 323 1
299 324 1
553 324 1
554 324 1
555 324 1
556 324 1
557 324 1
311 325 1
787 325 1
70 326 1
90 326 2
116 326 2
284 326 3
434 326 2
449 327 1
304 328 1
78 329 1
9 330 1
284 330 1
468 330 1
25 331 1
37 331 1
158 331 1
287 331 1
315 331 1
390 331 1
760 331 1
761 331 1
70 332 1
104 332 1
284 332 1
318 332 1
379 332 1
675 332 1
166 333 1
743 333 1
294 334 1
723 334 1
781 334 1
782 334 1
48 335 1
138 335 2
195 335 2
199 335 1
232 335 1
286 335 2
443 335 1
16 336 1
34 336 1
59 336 1
852 336 1
107 337 1
374 337 1
411 337 1
833 337 1
834 337 1
835 337 1
836 337 1
837 337 1
130 338 1
131 338 1
424 338 1
791 338 1
56 339 1
290 339 2
358 339 2
459 339 1
472 339 1
473 339 1
719 339 1
881 339 1
882 339 1
279 340 1
280 340 1
61 341 1
241 341 1
485 341 1
505 341 2
786 341 2
850 341 1
121 342 1
122 342 2
139 342 1
141 342 1
422 342 1
487 342 1
711 342 1
267 343 1
426 343 1
807 343 1
595 344 1
107 345 1
132 345 1
599 345 1
347 346 1
358 346 1
66 347 1
114 347 1
312 347 1
346 347 1
358 347 1
494 347 1
22 348 1
89 348 1
110 348 1
146 348 1
290 348 5
358 348 1
459 348 1
464 348 1
465 348 3
475 348 1
486 348 2
491 348 1
640 348 1
641 348 1
642 348 1
643 348 1
844 348 1
88 349 1
113 349 1
233 349 1
361 349 1
450 349 1
451 349 1
458 349 1
488 349 1
883 349 1
884 349 1
885 349 1
360 350 1
437 350 1
539 350 1
540 350 1
90 351 1
669 351 1
798 351 1
36 352 1
147 352 1
155 352 1
177 352 1
266 352 1
753 352 1
40 353 1
10 354 1
11 354 1
12 354 1
156 354 1
355 354 1
446 354 1
805 354 1
10 355 1
11 355 1
12 355 1
43 355 1
156 355 1
354 355 1
446 355 1
789 355 1
805 355 1
543 356 1
684 356 1
74 357 1
56 358 1
100 358 1
101 358 1
146 358 1
171 358 1
192 358 1
260 358 1
290 358 4
298 358 1
339 358 2
346 358 1
347 358 1
348 358 1
465 358 1
486 358 1
632 358 1
634 358 1
635 358 1
636 358 1
640 358 1
641 358 1
642 358 1
643 358 1
712 358 1
713 358 1
714 358 1
719 358 1
294 359 1
698 359 1
11 360 1
103 360 1
106 360 1
147 360 2
155 360 2
220 360 1
225 360 1
273 360 1
274 360 2
309 360 1
350 360 1
401 360 1
428 360 1
437 360 2
466 360 1
510 360 1
539 360 2
540 360 2
783 360 1
909 360 1
349 361 1
450 361 1
451 361 1
458 361 1
488 361 1
883 361 1
884 361 1
885 361 1
215 362 1
265 362 1
275 362 1
368 362 1
413 362 1
734 362 1
313 363 1
704 363 1
8 364 1
106 364 1
269 364 1
366 364 1
57 365 1
106 365 3
269 365 3
366 365 1
367 365 1
373 365 1
409 365 1
527 365 1
869 365 1
870 365 1
871 365 1
8 366 1
96 366 1
106 366 2
138 366 1
199 366 1
200 366 1
232 366 1
269 366 2
286 366 1
364 366 1
365 366 1
373 366 1
527 366 1
907 366 1
106 367 1
269 367 1
365 367 1
409 367 1
215 368 1
265 368 1
275 368 1
362 368 1
413 368 1
734 368 1
100 369 1
230 369 1
17 370 1
114 370 1
115 370 1
306 370 1
47 371 1
123 371 2
124 371 2
169 371 2
181 371 1
227 371 1
756 371 1
757 371 1
843 371 1
853 371 1
854 371 1
155 372 1
212 372 1
259 372 1
261 372 1
397 372 1
605 372 1
754 372 1
801 372 1
802 372 1
106 373 1
269 373 1
365 373 1
366 373 1
527 373 1
107 374 1
337 374 1
411 374 1
833 374 1
834 374 1
835 374 1
836 374 1
837 374 1
4 375 1
5 375 1
21 375 1
541 375 1
542 375 1
418 376 1
28 377 1
199 377 1
442 377 1
490 377 1
574 377 1
575 377 1
576 377 1
577 377 1
660 378 1
70 379 2
116 379 1
284 379 1
332 379 1
675 379 1
118 380 1
320 380 1
499 380 1
830 380 1
283 381 1
382 381 1
383 381 1
438 381 1
468 381 1
791 381 1
813 381 1
814 381 1
283 382 1
381 382 1
383 382 1
438 382 1
468 382 1
791 382 1
813 382 1
814 382 1
283 383 1
381 383 1
382 383 1
438 383 1
468 383 1
791 383 1
813 383 1
814 383 1
46 384 1
180 384 1
186 384 1
196 384 1
236 384 1
386 384 1
872 384 1
873 384 1
874 384 1
875 384 1
876 384 1
877 384 1
878 384 1
523 385 1
46 386 1
180 386 1
186 386 1
196 386 1
236 386 1
384 386 1
872 386 1
873 386 1
874 386 1
875 386 1
876 386 1
877 386 1
878 386 1
285 387 1
303 387 1
790 387 1
188 388 1
216 389 1
25 390 1
37 390 1
158 390 1
287 390 1
315 390 1
331 390 1
760 390 1
761 390 1
29 391 1
197 391 1
412 391 1
463 391 1
588 391 1
838 391 1
163 392 1
281 392 1
314 392 1
142 393 1
162 393 1
202 393 1
689 393 1
690 393 1
691 393 1
692 393 1
693 393 1
694 393 1
695 393 1
696 393 1
697 393 1
544 394 1
235 395 1
290 395 1
41 396 1
102 396 1
630 396 1
631 396 1
17 397 1
98 397 1
155 397 1
212 397 1
259 397 1
372 397 1
605 397 1
778 397 1
779 397 1
780 397 1
82 398 3
242 398 1
595 398 1
749 398 1
750 398 1
751 398 1
752 398 2
806 398 1
19 399 1
38 399 1
71 399 1
139 399 1
533 399 1
534 399 1
535 399 1
536 399 1
537 399 1
428 400 1
454 400 1
455 400 1
474 400 1
360 401 1
428 401 1
466 401 1
51 402 1
56 402 1
91 403 1
221 403 1
558 403 1
559 403 1
11 404 1
83 404 1
247 404 1
274 404 1
317 404 1
419 404 1
592 404 1
56 405 1
75 405 1
104 405 1
150 405 2
161 405 1
226 405 1
256 405 1
478 405 1
493 405 1
546 405 2
547 405 2
627 405 1
628 405 2
644 405 1
774 405 1
289 406 1
831 406 1
832 406 1
113 407 1
149 407 1
310 407 1
439 407 1
661 407 1
95 408 1
293 408 1
294 408 1
720 408 1
721 408 1
106 409 1
269 409 1
365 409 1
367 409 1
32 410 1
33 410 1
34 410 1
59 410 1
436 410 1
846 410 1
847 410 1
107 411 1
337 411 1
374 411 1
833 411 1
834 411 1
835 411 1
836 411 1
837 411 1
29 412 1
197 412 1
391 412 1
463 412 1
588 412 1
838 412 1
215 413 1
265 413 1
275 413 1
362 413 1
368 413 1
734 413 1
560 414 1
561 414 1
562 414 1
1 415 1
27 415 1
108 415 1
281 415 1
796 415 1
797 415 1
102 416 1
147 416 1
155 416 1
193 416 1
123 417 1
124 417 1
169 417 1
549 417 1
550 417 1
551 417 1
552 417 1
376 418 1
11 419 1
83 419 1
247 419 1
274 419 1
317 419 1
404 419 1
592 419 1
126 420 1
583 420 1
16 421 1
34 421 1
762 421 1
122 422 2
152 422 1
342 422 1
487 422 1
468 423 1
130 424 1
131 424 1
338 424 1
791 424 1
747 425 1
763 425 1
764 425 1
765 425 1
766 425 1
767 425 1
768 425 1
267 426 1
343 426 1
807 426 1
109 427 1
237 427 1
587 427 1
588 427 1
360 428 1
400 428 1
401 428 1
454 428 1
455 428 1
466 428 1
474 428 1
184 429 1
608 429 1
609 429 1
462 430 1
889 430 1
897 430 1
898 430 1
899 430 1
900 430 1
901 430 1
902 430 1
903 430 1
904 430 1
905 430 1
906 430 1
76 431 1
770 432 1
100 433 1
70 434 1
90 434 2
116 434 2
284 434 2
326 434 2
231 435 1
318 435 1
32 436 1
33 436 1
34 436 2
59 436 2
410 436 1
481 436 1
846 436 1
847 436 1
866 436 1
867 436 1
868 436 1
103 437 1
106 437 1
350 437 1
360 437 2
539 437 2
540 437 2
283 438 1
381 438 1
382 438 1
383 438 1
468 438 1
791 438 1
813 438 1
814 438 1
104 439 1
113 439 1
149 439 1
302 439 1
310 439 1
407 439 1
571 439 1
572 439 1
661 439 1
12 440 1
155 440 1
212 440 1
244 440 1
441 440 1
12 441 1
155 441 1
212 441 1
244 441 1
440 441 1
28 442 1
199 442 1
377 442 1
490 442 1
574 442 1
575 442 1
576 442 1
577 442 1
48 443 1
138 443 1
195 443 1
199 443 1
286 443 1
335 443 1
213 444 1
21 445 1
109 445 1
154 445 1
629 445 1
10 446 1
11 446 1
12 446 1
156 446 1
354 446 1
355 446 1
805 446 1
274 447 1
468 447 1
591 447 1
453 448 1
327 449 1
349 450 1
361 450 1
451 450 1
458 450 1
488 450 1
883 450 1
884 450 1
885 450 1
349 451 1
361 451 1
450 451 1
458 451 1
488 451 1
883 451 1
884 451 1
885 451 1
125 452 1
190 452 1
207 452 1
489 452 1
501 452 1
502 452 1
448 453 1
400 454 1
428 454 1
455 454 1
474 454 1
18 455 1
400 455 1
428 455 1
454 455 1
470 455 2
474 455 1
497 455 1
624 455 1
625 455 1
626 455 1
40 456 1
48 456 1
138 456 1
175 456 1
245 456 1
606 457 1
607 457 1
349 458 1
361 458 1
450 458 1
451 458 1
488 458 1
883 458 1
884 458 1
885 458 1
110 459 1
290 459 1
339 459 1
348 459 1
472 459 1
473 459 1
881 459 1
882 459 1
98 460 1
285 460 1
461 460 1
98 461 1
285 461 1
460 461 1
430 462 1
889 462 1
897 462 1
898 462 1
899 462 1
900 462 1
901 462 1
902 462 1
903 462 1
904 462 1
905 462 1
906 462 1
29 463 1
74 463 1
170 463 1
197 463 1
293 463 1
391 463 1
412 463 1
588 463 1
797 463 1
838 463 1
879 463 1
880 463 1
22 464 1
89 464 1
290 464 1
348 464 1
3 465 1
146 465 1
290 465 3
348 465 3
358 465 1
475 465 1
486 465 2
491 465 1
640 465 1
641 465 1
642 465 1
643 465 1
838 465 1
839 465 2
840 465 1
841 465 2
842 465 1
844 465 1
360 466 1
401 466 1
428 466 1
600 467 1
274 468 1
283 468 1
312 468 1
330 468 1
381 468 1
382 468 1
383 468 1
423 468 1
438 468 1
447 468 1
591 468 1
611 468 1
677 468 1
791 468 1
813 468 1
814 468 1
290 469 1
699 469 1
18 470 1
455 470 2
497 470 1
624 470 1
625 470 1
626 470 1
40 471 1
263 471 1
339 472 1
459 472 1
473 472 1
881 472 1
882 472 1
339 473 1
459 473 1
472 473 1
881 473 1
882 473 1
400 474 1
428 474 1
454 474 1
455 474 1
290 475 1
348 475 1
465 475 1
486 475 1
491 475 1
844 475 1
253 476 2
258 476 1
477 476 1
573 476 1
845 476 1
253 477 1
258 477 1
476 477 1
845 477 1
161 478 1
405 478 1
628 478 1
110 479 1
519 479 1
520 479 1
35 480 1
171 480 1
632 480 1
817 480 1
34 481 1
59 481 1
436 481 1
866 481 1
867 481 1
868 481 1
742 482 1
60 483 1
316 483 1
648 483 1
649 483 1
293 484 1
851 484 1
61 485 1
241 485 1
341 485 1
505 485 1
786 485 1
290 486 2
348 486 2
358 486 1
465 486 2
475 486 1
491 486 1
640 486 1
641 486 1
642 486 1
643 486 1
844 486 1
122 487 1
342 487 1
422 487 1
349 488 1
361 488 1
450 488 1
451 488 1
458 488 1
883 488 1
884 488 1
885 488 1
58 489 1
125 489 1
190 489 1
207 489 1
452 489 1
501 489 1
502 489 1
503 489 1
504 489 1
506 489 1
28 490 1
199 490 1
377 490 1
442 490 1
574 490 1
575 490 1
576 490 1
577 490 1
64 491 1
290 491 2
348 491 1
465 491 1
475 491 1
486 491 1
495 491 1
844 491 1
98 492 1
155 492 1
158 492 1
795 492 1
226 493 1
256 493 1
405 493 1
644 493 1
66 494 1
114 494 1
312 494 1
347 494 1
64 495 1
290 495 1
491 495 1
89 496 1
455 497 1
470 497 1
192 498 1
524 498 1
525 498 1
526 498 1
118 499 1
320 499 1
380 499 1
830 499 1
117 500 1
160 500 1
205 500 1
206 500 1
276 500 1
125 501 1
190 501 1
207 501 1
452 501 1
489 501 1
502 501 1
125 502 1
190 502 1
207 502 1
452 502 1
489 502 1
501 502 1
58 503 1
489 503 1
504 503 1
506 503 1
58 504 1
489 504 1
503 504 1
506 504 1
61 505 1
241 505 1
341 505 2
485 505 1
786 505 2
850 505 1
58 506 1
489 506 1
503 506 1
504 506 1
2 507 1
140 507 1
685 507 1
686 507 1
687 507 1
688 507 1
703 508 1
42 509 1
683 509 1
11 510 1
93 510 2
168 510 3
225 510 1
238 510 1
360 510 1
598 510 2
600 510 1
783 510 1
100 511 1
230 511 1
512 511 1
513 511 1
100 512 1
230 512 1
511 512 1
513 512 1
100 513 1
230 513 1
511 513 1
512 513 1
271 514 1
291 514 1
94 515 1
126 515 1
516 515 1
517 515 1
518 515 1
94 516 1
126 516 1
515 516 1
517 516 1
518 516 1
94 517 1
126 517 1
515 517 1
516 517 1
518 517 1
94 518 1
126 518 1
515 518 1
516 518 1
517 518 1
110 519 1
479 519 1
520 519 1
110 520 1
479 520 1
519 520 1
23 521 1
278 521 1
262 522 1
385 523 1
192 524 2
498 524 1
525 524 1
526 524 1
604 524 1
192 525 1
498 525 1
524 525 1
526 525 1
192 526 1
498 526 1
524 526 1
525 526 1
106 527 1
269 527 1
365 527 1
366 527 1
373 527 1
529 528 1
530 528 1
528 529 1
530 529 1
528 530 1
529 530 1
216 531 1
79 532 1
119 532 1
252 532 1
560 532 1
562 532 1
19 533 1
38 533 1
71 533 1
139 533 1
399 533 1
534 533 1
535 533 1
536 533 1
537 533 1
19 534 1
38 534 1
71 534 1
139 534 1
399 534 1
533 534 1
535 534 1
536 534 1
537 534 1
19 535 1
38 535 1
71 535 1
139 535 2
399 535 1
533 535 1
534 535 1
536 535 1
537 535 1
548 535 1
19 536 1
38 536 1
71 536 1
139 536 1
399 536 1
533 536 1
534 536 1
535 536 1
537 536 1
19 537 1
38 537 1
71 537 1
139 537 1
399 537 1
533 537 1
534 537 1
535 537 1
536 537 1
297 538 1
103 539 1
106 539 1
350 539 1
360 539 2
437 539 2
540 539 2
103 540 1
106 540 1
350 540 1
360 540 2
437 540 2
539 540 2
4 541 1
5 541 1
21 541 1
375 541 1
542 541 1
4 542 1
5 542 1
21 542 1
375 542 1
541 542 1
356 543 1
394 544 1
40 545 1
56 546 1
150 546 1
405 546 2
547 546 1
774 546 1
75 547 1
150 547 1
405 547 2
546 547 1
627 547 1
628 547 1
139 548 1
535 548 1
123 549 1
124 549 1
169 549 1
417 549 1
550 549 1
551 549 1
552 549 1
123 550 1
124 550 1
169 550 1
417 550 1
549 550 1
551 550 1
552 550 1
123 551 1
124 551 1
169 551 1
417 551 1
549 551 1
550 551 1
552 551 1
123 552 1
124 552 1
169 552 1
417 552 1
549 552 1
550 552 1
551 552 1
299 553 1
324 553 1
554 553 1
555 553 1
556 553 1
557 553 1
299 554 1
324 554 1
553 554 1
555 554 1
556 554 1
557 554 1
299 555 1
324 555 1
553 555 1
554 555 1
556 555 1
557 555 1
299 556 1
324 556 1
553 556 1
554 556 1
555 556 1
557 556 1
299 557 1
324 557 1
553 557 1
554 557 1
555 557 1
556 557 1
91 558 1
403 558 1
221 559 1
403 559 1
119 560 1
252 560 1
414 560 1
532 560 1
561 560 1
562 560 3
582 560 1
583 560 1
715 560 1
716 560 1
717 560 1
718 560 1
414 561 1
560 561 1
562 561 1
119 562 1
252 562 1
414 562 1
532 562 1
560 562 3
561 562 1
582 562 2
583 562 1
715 562 1
716 562 1
717 562 1
718 562 1
746 562 1
264 563 1
270 564 1
565 564 1
566 564 1
270 565 1
564 565 1
566 565 1
270 566 1
564 566 1
565 566 1
568 567 1
569 567 1
570 567 1
567 568 1
569 568 1
570 568 1
567 569 1
568 569 1
570 569 1
567 570 1
568 570 1
569 570 1
104 571 2
254 571 1
302 571 1
439 571 1
572 571 1
726 571 1
727 571 1
728 571 1
104 572 1
302 572 1
439 572 1
571 572 1
253 573 1
476 573 1
28 574 1
199 574 1
377 574 1
442 574 1
490 574 1
575 574 1
576 574 1
577 574 1
28 575 1
129 575 1
199 575 2
201 575 1
377 575 1
442 575 1
490 575 1
574 575 1
576 575 1
577 575 1
892 575 1
893 575 1
894 575 1
895 575 1
896 575 1
28 576 1
199 576 1
377 576 1
442 576 1
490 576 1
574 576 1
575 576 1
577 576 1
28 577 1
199 577 1
377 577 1
442 577 1
490 577 1
574 577 1
575 577 1
576 577 1
579 578 1
578 579 1
581 580 1
580 581 1
249 582 1
560 582 1
562 582 2
583 582 1
715 582 1
716 582 1
717 582 1
718 582 1
746 582 1
126 583 1
420 583 1
560 583 1
562 583 1
582 583 1
715 583 1
716 583 1
717 583 1
718 583 1
585 584 1
584 585 1
249 586 1
109 587 1
237 587 1
427 587 1
588 587 1
29 588 1
109 588 1
197 588 1
237 588 1
391 588 1
412 588 1
427 588 1
463 588 1
587 588 1
838 588 1
590 589 1
589 590 1
274 591 1
447 591 1
468 591 1
11 592 1
83 592 1
247 592 1
274 592 1
317 592 1
404 592 1
419 592 1
9 593 2
275 594 1
82 595 1
344 595 1
398 595 1
750 595 1
751 595 1
752 595 1
45 596 1
119 596 2
225 596 1
231 596 1
238 596 3
313 596 1
597 596 1
598 596 2
600 596 2
601 596 1
45 597 1
119 597 1
596 597 1
93 598 2
168 598 2
225 598 1
231 598 1
313 598 1
510 598 2
596 598 2
107 599 1
132 599 1
345 599 1
43 600 1
119 600 1
238 600 3
321 600 2
323 600 1
467 600 1
510 600 1
596 600 2
596 601 1
192 602 1
148 603 1
192 604 1
524 604 1
155 605 1
212 605 1
259 605 1
372 605 1
397 605 1
457 606 1
607 606 1
610 606 1
457 607 1
606 607 1
184 608 1
429 608 1
609 608 1
184 609 1
429 609 1
608 609 1
606 610 1
281 611 1
282 611 1
283 611 2
468 611 1
9 612 1
248 613 1
614 613 1
248 614 1
613 614 1
73 615 1
616 615 1
73 616 1
615 616 1
97 617 1
618 617 1
97 618 1
617 618 1
620 619 1
619 620 1
80 621 1
623 622 1
622 623 1
18 624 1
455 624 1
470 624 1
625 624 1
626 624 1
18 625 1
455 625 1
470 625 1
624 625 1
626 625 1
18 626 1
455 626 1
470 626 1
624 626 1
625 626 1
75 627 1
150 627 1
405 627 1
547 627 1
628 627 1
75 628 1
150 628 1
161 628 1
405 628 2
478 628 1
547 628 1
627 628 1
21 629 1
109 629 1
154 629 1
445 629 1
41 630 1
102 630 1
396 630 1
631 630 1
41 631 1
102 631 1
396 631 1
630 631 1
35 632 1
101 632 1
171 632 2
274 632 1
358 632 1
480 632 1
634 632 1
635 632 1
636 632 1
817 632 1
41 633 1
63 633 1
102 633 1
128 633 1
101 634 1
171 634 1
358 634 1
632 634 1
635 634 1
636 634 1
101 635 1
171 635 1
358 635 1
632 635 1
634 635 1
636 635 1
101 636 1
171 636 1
358 636 1
632 636 1
634 636 1
635 636 1
9 637 1
638 637 1
639 637 1
9 638 1
637 638 1
639 638 1
9 639 1
637 639 1
638 639 1
290 640 1
348 640 1
358 640 1
465 640 1
486 640 1
641 640 1
642 640 1
643 640 1
290 641 1
348 641 1
358 641 1
465 641 1
486 641 1
640 641 1
642 641 1
643 641 1
290 642 1
348 642 1
358 642 1
465 642 1
486 642 1
640 642 1
641 642 1
643 642 1
290 643 1
348 643 1
358 643 1
465 643 1
486 643 1
640 643 1
641 643 1
642 643 1
226 644 1
256 644 1
405 644 1
493 644 1
43 645 1
646 645 1
647 645 1
43 646 1
645 646 1
647 646 1
43 647 1
645 647 1
646 647 1
60 648 1
316 648 1
483 648 1
649 648 1
60 649 1
316 649 1
483 649 1
648 649 1
238 650 1
268 650 1
321 650 1
9 651 1
653 652 1
654 652 1
655 652 1
656 652 1
652 653 1
654 653 1
655 653 1
656 653 1
652 654 1
653 654 1
655 654 1
656 654 1
652 655 1
653 655 1
654 655 1
656 655 1
652 656 1
653 656 1
654 656 1
655 656 1
39 657 1
136 657 1
154 657 1
155 657 1
280 657 1
274 658 1
101 659 1
378 660 1
113 661 1
149 661 1
310 661 1
407 661 1
439 661 1
319 662 1
663 662 1
319 663 1
662 663 1
676 663 1
25 664 1
300 665 1
666 665 1
667 665 1
668 665 1
300 666 1
665 666 1
667 666 1
668 666 1
300 667 1
665 667 1
666 667 1
668 667 1
300 668 1
665 668 1
666 668 1
667 668 1
351 669 1
798 669 1
133 670 1
671 670 1
672 670 1
133 671 1
670 671 1
672 671 1
133 672 1
670 672 1
671 672 1
674 673 1
673 674 1
70 675 1
284 675 1
332 675 1
379 675 1
663 676 1
312 677 1
468 677 1
238 678 1
126 679 1
151 679 1
294 679 1
680 679 1
681 679 1
682 679 1
126 680 1
151 680 1
294 680 1
679 680 1
681 680 1
682 680 1
126 681 2
131 681 1
151 681 2
294 681 2
679 681 1
680 681 1
682 681 2
126 682 2
131 682 1
151 682 2
294 682 2
679 682 1
680 682 1
681 682 2
42 683 1
509 683 1
356 684 1
2 685 1
140 685 2
507 685 1
686 685 2
687 685 2
688 685 1
855 685 1
856 685 1
2 686 1
140 686 2
507 686 1
685 686 2
687 686 2
688 686 1
855 686 1
856 686 1
2 687 1
140 687 2
507 687 1
685 687 2
686 687 2
688 687 1
855 687 1
856 687 1
2 688 1
140 688 2
240 688 1
507 688 1
685 688 1
686 688 1
687 688 1
816 688 1
142 689 1
162 689 1
202 689 1
393 689 1
690 689 1
691 689 1
692 689 1
693 689 1
694 689 1
695 689 1
696 689 1
697 689 1
142 690 1
162 690 1
202 690 1
393 690 1
689 690 1
691 690 1
692 690 1
693 690 1
694 690 1
695 690 1
696 690 1
697 690 1
142 691 1
162 691 1
202 691 1
393 691 1
689 691 1
690 691 1
692 691 1
693 691 1
694 691 1
695 691 1
696 691 1
697 691 1
142 692 1
162 692 1
202 692 1
393 692 1
689 692 1
690 692 1
691 692 1
693 692 1
694 692 1
695 692 1
696 692 1
697 692 1
142 693 1
162 693 1
202 693 1
393 693 1
689 693 1
690 693 1
691 693 1
692 693 1
694 693 1
695 693 1
696 693 1
697 693 1
142 694 1
162 694 1
202 694 1
393 694 1
689 694 1
690 694 1
691 694 1
692 694 1
693 694 1
695 694 1
696 694 1
697 694 1
142 695 1
162 695 1
202 695 1
393 695 1
689 695 1
690 695 1
691 695 1
692 695 1
693 695 1
694 695 1
696 695 1
697 695 1
142 696 1
162 696 1
202 696 1
393 696 1
689 696 1
690 696 1
691 696 1
692 696 1
693 696 1
694 696 1
695 696 1
697 696 1
142 697 1
162 697 1
202 697 1
393 697 1
689 697 1
690 697 1
691 697 1
692 697 1
693 697 1
694 697 1
695 697 1
696 697 1
294 698 1
359 698 1
290 699 1
469 699 1
209 700 1
222 700 1
701 700 1
702 700 1
209 701 1
222 701 1
700 701 1
702 701 1
209 702 1
222 702 1
700 702 1
701 702 1
508 703 1
313 704 1
363 704 1
238 705 1
43 706 1
52 706 1
290 706 1
707 706 1
43 707 1
52 707 1
290 707 1
706 707 1
74 708 1
709 708 1
710 708 1
74 709 2
708 709 1
710 709 1
74 710 1
708 710 1
709 710 1
121 711 1
122 711 1
139 711 1
141 711 1
342 711 1
100 712 1
146 712 1
192 712 1
260 712 1
290 712 1
298 712 1
358 712 1
713 712 1
714 712 1
100 713 1
146 713 1
192 713 1
260 713 1
290 713 1
298 713 1
358 713 1
712 713 1
714 713 1
100 714 1
146 714 1
192 714 1
260 714 1
290 714 1
298 714 1
358 714 1
712 714 1
713 714 1
560 715 1
562 715 1
582 715 1
583 715 1
716 715 1
717 715 1
718 715 1
560 716 1
562 716 1
582 716 1
583 716 1
715 716 1
717 716 1
718 716 1
560 717 1
562 717 1
582 717 1
583 717 1
715 717 1
716 717 1
718 717 1
560 718 1
562 718 1
582 718 1
583 718 1
715 718 1
716 718 1
717 718 1
290 719 1
339 719 1
358 719 1
95 720 1
293 720 1
294 720 1
408 720 1
721 720 1
95 721 1
293 721 1
294 721 1
408 721 1
720 721 1
67 722 1
318 722 1
799 722 1
294 723 2
334 723 1
781 723 1
782 723 1
127 724 1
152 724 1
725 724 1
127 725 1
152 725 1
724 725 1
104 726 1
254 726 1
571 726 1
727 726 1
728 726 1
104 727 1
254 727 1
571 727 1
726 727 1
728 727 1
104 728 1
254 728 1
571 728 1
726 728 1
727 728 1
104 729 1
730 729 1
104 730 1
729 730 1
732 731 1
733 731 1
731 732 1
733 732 1
731 733 1
732 733 1
215 734 1
265 734 1
275 734 1
362 734 1
368 734 1
413 734 1
155 735 1
736 735 1
155 736 1
735 736 1
82 737 1
99 738 1
739 738 1
740 738 1
741 738 1
99 739 1
738 739 1
740 739 1
741 739 1
99 740 1
738 740 1
739 740 1
741 740 1
99 741 1
738 741 1
739 741 1
740 741 1
482 742 1
166 743 1
333 743 1
71 744 1
217 745 1
562 746 1
582 746 1
93 747 1
425 747 1
763 747 1
764 747 1
765 747 1
766 747 1
767 747 1
768 747 1
82 748 1
82 749 2
398 749 1
752 749 1
806 749 1
82 750 1
398 750 1
595 750 1
751 750 1
752 750 1
82 751 1
398 751 1
595 751 1
750 751 1
752 751 1
82 752 2
398 752 2
595 752 1
749 752 1
750 752 1
751 752 1
806 752 1
147 753 1
155 753 1
177 753 1
266 753 1
352 753 1
261 754 1
372 754 1
143 755 1
319 755 1
123 756 1
124 756 1
169 756 1
371 756 1
757 756 1
123 757 1
124 757 1
169 757 1
371 757 1
756 757 1
759 758 1
758 759 1
25 760 1
37 760 1
158 760 1
287 760 1
315 760 1
331 760 1
390 760 1
761 760 1
25 761 1
37 761 1
158 761 1
287 761 1
315 761 1
331 761 1
390 761 1
760 761 1
16 762 1
34 762 1
421 762 1
425 763 1
747 763 1
764 763 1
765 763 1
766 763 1
767 763 1
768 763 1
425 764 1
747 764 1
763 764 1
765 764 1
766 764 1
767 764 1
768 764 1
425 765 1
747 765 1
763 765 1
764 765 1
766 765 1
767 765 1
768 765 1
425 766 1
747 766 1
763 766 1
764 766 1
765 766 1
767 766 1
768 766 1
425 767 1
747 767 1
763 767 1
764 767 1
765 767 1
766 767 1
768 767 1
425 768 1
747 768 1
763 768 1
764 768 1
765 768 1
766 768 1
767 768 1
322 769 1
432 770 1
238 771 1
773 772 1
772 773 1
56 774 1
150 774 1
405 774 1
546 774 1
776 775 1
775 776 1
155 777 1
274 777 1
17 778 1
98 778 1
397 778 1
779 778 1
780 778 1
17 779 1
98 779 1
397 779 1
778 779 1
780 779 1
17 780 1
98 780 1
397 780 1
778 780 1
779 780 1
294 781 1
334 781 1
723 781 1
782 781 1
294 782 1
334 782 1
723 782 1
781 782 1
11 783 1
225 783 1
360 783 1
510 783 1
178 784 1
785 784 1
178 785 1
784 785 1
61 786 1
241 786 1
341 786 2
485 786 1
505 786 2
850 786 1
311 787 1
325 787 1
247 788 1
274 788 1
298 788 1
43 789 1
355 789 1
285 790 1
303 790 1
387 790 1
130 791 1
131 791 1
283 791 1
338 791 1
381 791 1
382 791 1
383 791 1
424 791 1
438 791 1
468 791 1
813 791 1
814 791 1
793 792 1
794 792 1
792 793 1
794 793 1
792 794 1
793 794 1
492 795 1
1 796 1
27 796 1
108 796 1
281 796 1
415 796 1
797 796 1
1 797 1
27 797 1
108 797 1
170 797 1
281 797 1
415 797 1
463 797 1
796 797 1
857 797 1
858 797 1
859 797 1
860 797 1
861 797 1
862 797 1
863 797 1
864 797 1
879 797 1
880 797 1
351 798 1
669 798 1
67 799 1
722 799 1
24 800 1
372 801 1
802 801 1
372 802 1
801 802 1
150 803 1
280 804 1
10 805 1
11 805 1
12 805 1
156 805 1
354 805 1
355 805 1
446 805 1
82 806 1
398 806 1
749 806 1
752 806 1
267 807 1
343 807 1
426 807 1
97 808 1
111 808 1
159 808 1
810 809 1
811 809 1
809 810 1
811 810 1
809 811 1
810 811 1
119 812 1
252 812 1
283 813 1
381 813 1
382 813 1
383 813 1
438 813 1
468 813 1
791 813 1
814 813 1
283 814 1
381 814 1
382 814 1
383 814 1
438 814 1
468 814 1
791 814 1
813 814 1
13 815 1
157 815 1
140 816 1
240 816 1
688 816 1
35 817 1
171 817 1
480 817 1
632 817 1
34 818 1
97 818 1
153 818 1
819 818 1
820 818 1
30 819 1
31 819 1
34 819 2
97 819 1
153 819 1
818 819 1
820 819 1
34 820 1
97 820 1
153 820 1
818 820 1
819 820 1
42 821 1
194 821 1
65 822 1
110 822 1
122 822 1
134 823 1
203 823 1
824 823 1
134 824 1
203 824 1
823 824 1
198 825 1
255 825 1
826 825 1
827 825 1
198 826 1
255 826 1
825 826 1
827 826 1
198 827 1
255 827 1
825 827 1
826 827 1
155 828 1
274 828 1
890 828 1
891 828 1
182 829 1
118 830 1
320 830 1
380 830 1
499 830 1
289 831 1
406 831 1
832 831 1
289 832 1
406 832 1
831 832 1
107 833 1
337 833 1
374 833 1
411 833 1
834 833 1
835 833 1
836 833 1
837 833 1
107 834 1
337 834 1
374 834 1
411 834 1
833 834 1
835 834 1
836 834 1
837 834 1
107 835 1
337 835 1
374 835 1
411 835 1
833 835 1
834 835 1
836 835 1
837 835 1
107 836 1
337 836 1
374 836 1
411 836 1
833 836 1
834 836 1
835 836 1
837 836 1
107 837 1
337 837 1
374 837 1
411 837 1
833 837 1
834 837 1
835 837 1
836 837 1
3 838 1
29 838 1
197 838 1
391 838 1
412 838 1
463 838 1
465 838 1
588 838 1
839 838 1
840 838 1
841 838 1
842 838 1
3 839 1
465 839 2
838 839 1
840 839 1
841 839 2
842 839 1
3 840 1
465 840 1
838 840 1
839 840 1
841 840 1
842 840 1
3 841 1
465 841 2
838 841 1
839 841 2
840 841 1
842 841 1
3 842 1
465 842 1
838 842 1
839 842 1
840 842 1
841 842 1
123 843 1
124 843 1
169 843 1
371 843 1
290 844 1
348 844 1
465 844 1
475 844 1
486 844 1
491 844 1
253 845 1
258 845 1
476 845 1
477 845 1
32 846 1
33 846 1
34 846 1
59 846 1
410 846 1
436 846 1
847 846 1
32 847 1
33 847 1
34 847 1
59 847 1
410 847 1
436 847 1
846 847 1
54 848 2
55 848 1
56 848 2
251 848 2
849 848 1
865 848 1
54 849 1
55 849 1
56 849 1
251 849 1
848 849 1
341 850 1
505 850 1
786 850 1
293 851 1
484 851 1
16 852 1
34 852 1
59 852 1
336 852 1
47 853 1
181 853 1
227 853 1
371 853 1
854 853 1
47 854 1
181 854 1
227 854 1
371 854 1
853 854 1
140 855 1
685 855 1
686 855 1
687 855 1
856 855 1
140 856 1
685 856 1
686 856 1
687 856 1
855 856 1
797 857 1
858 857 1
859 857 1
860 857 1
861 857 1
862 857 1
863 857 1
864 857 1
797 858 1
857 858 1
859 858 1
860 858 1
861 858 1
862 858 1
863 858 1
864 858 1
797 859 1
857 859 1
858 859 1
860 859 1
861 859 1
862 859 1
863 859 1
864 859 1
797 860 1
857 860 1
858 860 1
859 860 1
861 860 1
862 860 1
863 860 1
864 860 1
797 861 1
857 861 1
858 861 1
859 861 1
860 861 1
862 861 1
863 861 1
864 861 1
797 862 1
857 862 1
858 862 1
859 862 1
860 862 1
861 862 1
863 862 1
864 862 1
797 863 1
857 863 1
858 863 1
859 863 1
860 863 1
861 863 1
862 863 1
864 863 1
797 864 1
857 864 1
858 864 1
859 864 1
860 864 1
861 864 1
862 864 1
863 864 1
54 865 1
56 865 1
251 865 1
848 865 1
34 866 1
59 866 1
436 866 1
481 866 1
867 866 1
868 866 1
34 867 1
59 867 1
436 867 1
481 867 1
866 867 1
868 867 1
34 868 1
59 868 1
436 868 1
481 868 1
866 868 1
867 868 1
57 869 1
106 869 1
269 869 1
365 869 1
870 869 1
871 869 1
57 870 1
106 870 1
269 870 1
365 870 1
869 870 1
871 870 1
57 871 1
106 871 1
269 871 1
365 871 1
869 871 1
870 871 1
46 872 1
180 872 1
186 872 1
196 872 1
236 872 1
384 872 1
386 872 1
873 872 1
874 872 1
875 872 1
876 872 1
877 872 1
878 872 1
46 873 1
180 873 1
186 873 1
196 873 1
236 873 1
384 873 1
386 873 1
872 873 1
874 873 1
875 873 1
876 873 1
877 873 1
878 873 1
46 874 1
180 874 1
186 874 1
196 874 1
236 874 1
384 874 1
386 874 1
872 874 1
873 874 1
875 874 1
876 874 1
877 874 1
878 874 1
46 875 1
180 875 1
186 875 1
196 875 1
236 875 1
384 875 1
386 875 1
872 875 1
873 875 1
874 875 1
876 875 1
877 875 1
878 875 1
46 876 1
180 876 1
186 876 1
196 876 1
236 876 1
384 876 1
386 876 1
872 876 1
873 876 1
874 876 1
875 876 1
877 876 1
878 876 1
46 877 1
180 877 1
186 877 1
196 877 1
236 877 1
384 877 1
386 877 1
872 877 1
873 877 1
874 877 1
875 877 1
876 877 1
878 877 1
46 878 1
180 878 1
186 878 1
196 878 1
236 878 1
384 878 1
386 878 1
872 878 1
873 878 1
874 878 1
875 878 1
876 878 1
877 878 1
170 879 1
463 879 1
797 879 1
880 879 1
170 880 1
463 880 1
797 880 1
879 880 1
339 881 1
459 881 1
472 881 1
473 881 1
882 881 1
339 882 1
459 882 1
472 882 1
473 882 1
881 882 1
349 883 1
361 883 1
450 883 1
451 883 1
458 883 1
488 883 1
884 883 1
885 883 1
349 884 1
361 884 1
450 884 1
451 884 1
458 884 1
488 884 1
883 884 1
885 884 1
349 885 1
361 885 1
450 885 1
451 885 1
458 885 1
488 885 1
883 885 1
884 885 1
307 886 1
887 886 1
888 886 1
889 886 1
307 887 1
886 887 1
888 887 1
889 887 1
307 888 1
886 888 1
887 888 1
889 888 1
307 889 1
430 889 1
462 889 1
886 889 1
887 889 1
888 889 1
897 889 1
898 889 1
899 889 1
900 889 1
901 889 1
902 889 1
903 889 1
904 889 1
905 889 1
906 889 1
828 890 1
891 890 1
828 891 1
890 891 1
129 892 1
199 892 1
201 892 1
575 892 1
893 892 1
894 892 1
895 892 1
896 892 1
129 893 1
199 893 1
201 893 1
575 893 1
892 893 1
894 893 1
895 893 1
896 893 1
129 894 1
199 894 1
201 894 1
575 894 1
892 894 1
893 894 1
895 894 1
896 894 1
129 895 1
199 895 1
201 895 1
575 895 1
892 895 1
893 895 1
894 895 1
896 895 1
129 896 1
199 896 1
201 896 1
575 896 1
892 896 1
893 896 1
894 896 1
895 896 1
430 897 1
462 897 1
889 897 1
898 897 1
899 897 1
900 897 1
901 897 1
902 897 1
903 897 1
904 897 1
905 897 1
906 897 1
430 898 1
462 898 1
889 898 1
897 898 1
899 898 1
900 898 1
901 898 1
902 898 1
903 898 1
904 898 1
905 898 1
906 898 1
430 899 1
462 899 1
889 899 1
897 899 1
898 899 1
900 899 1
901 899 1
902 899 1
903 899 1
904 899 1
905 899 1
906 899 1
430 900 1
462 900 1
889 900 1
897 900 1
898 900 1
899 900 1
901 900 1
902 900 1
903 900 1
904 900 1
905 900 1
906 900 1
430 901 1
462 901 1
889 901 1
897 901 1
898 901 1
899 901 1
900 901 1
902 901 1
903 901 1
904 901 1
905 901 1
906 901 1
430 902 1
462 902 1
889 902 1
897 902 1
898 902 1
899 902 1
900 902 1
901 902 1
903 902 1
904 902 1
905 902 1
906 902 1
430 903 1
462 903 1
889 903 1
897 903 1
898 903 1
899 903 1
900 903 1
901 903 1
902 903 1
904 903 1
905 903 1
906 903 1
430 904 1
462 904 1
889 904 1
897 904 1
898 904 1
899 904 1
900 904 1
901 904 1
902 904 1
903 904 1
905 904 1
906 904 1
430 905 1
462 905 1
889 905 1
897 905 1
898 905 1
899 905 1
900 905 1
901 905 1
902 905 1
903 905 1
904 905 1
906 905 1
430 906 1
462 906 1
889 906 1
897 906 1
898 906 1
899 906 1
900 906 1
901 906 1
902 906 1
903 906 1
904 906 1
905 906 1
96 907 1
138 907 1
199 907 1
200 907 1
232 907 1
286 907 1
366 907 1
47 908 1
157 908 1
360 909 1
