2 1 1
14 1 1
1 2 1
14 2 1
6 3 1
43 3 1
105 3 1
356 3 1
5 4 1
6 4 2
18 4 1
50 4 1
71 4 1
372 4 1
373 4 1
4 5 1
6 5 2
108 5 1
223 5 1
3 6 1
4 6 2
5 6 2
18 6 1
43 6 1
105 6 1
108 6 1
223 6 1
356 6 1
373 6 1
39 7 2
51 7 2
64 7 1
258 8 1
259 8 1
33 9 1
34 9 1
149 9 1
383 9 1
11 10 2
14 10 3
166 10 1
183 10 4
250 10 1
305 10 1
306 10 1
353 10 1
10 11 2
14 11 1
183 11 2
305 11 1
306 11 1
353 11 1
13 12 1
374 12 1
12 13 1
17 13 1
126 13 1
374 13 2
386 13 1
1 14 1
2 14 1
10 14 3
11 14 1
17 14 1
30 14 3
31 14 2
166 14 1
183 14 3
250 14 3
316 14 1
350 14 1
353 14 1
16 15 1
15 16 1
13 17 1
14 17 1
30 17 1
250 17 1
386 17 1
4 18 1
6 18 1
373 18 1
376 19 1
377 19 1
378 19 1
46 20 1
173 20 2
174 20 1
22 21 2
23 21 3
143 21 1
436 21 2
21 22 2
23 22 1
436 22 1
21 23 3
22 23 1
104 23 1
143 23 1
406 23 1
407 23 1
408 23 1
436 23 1
25 24 1
24 25 1
187 25 1
293 26 1
294 26 1
295 26 1
28 27 1
42 27 1
77 27 1
112 27 1
27 28 1
112 28 1
435 29 1
14 30 3
17 30 1
31 30 2
250 30 2
316 30 1
350 30 1
14 31 2
30 31 2
250 31 1
316 31 1
350 31 1
423 32 1
424 32 1
9 33 1
34 33 1
9 34 1
33 34 1
220 35 1
221 35 2
222 35 2
321 35 1
322 35 1
44 36 1
85 37 1
120 37 1
272 37 2
133 38 1
7 39 2
49 39 1
51 39 6
64 39 3
84 39 1
90 39 1
96 39 1
176 39 1
280 39 1
52 40 1
181 40 1
135 41 1
414 41 1
415 41 1
27 42 1
77 42 1
3 43 1
6 43 1
105 43 1
356 43 1
36 44 1
109 45 1
20 46 1
173 46 1
174 46 1
63 47 1
67 47 1
111 47 1
421 47 1
347 48 1
39 49 1
51 49 1
96 49 1
4 50 1
71 50 1
372 50 1
7 51 2
39 51 6
49 51 1
64 51 3
84 51 1
90 51 1
96 51 1
176 51 1
280 51 1
40 52 1
181 52 1
116 53 1
211 53 1
409 53 1
58 54 1
123 54 1
315 54 1
186 55 2
204 55 1
313 55 1
327 55 1
102 56 1
114 56 1
151 56 1
152 56 1
186 56 1
204 56 1
312 56 1
313 56 1
325 56 1
126 57 1
230 57 1
231 57 1
279 57 1
54 58 1
123 58 1
113 59 1
422 59 1
74 60 1
449 60 1
285 61 1
286 61 1
287 61 1
288 61 1
289 61 1
290 61 1
341 61 1
248 62 1
249 62 1
47 63 1
111 63 1
7 64 1
39 64 3
51 64 3
84 64 1
90 64 1
280 64 1
128 65 2
131 65 1
115 66 1
465 66 1
466 66 1
47 67 1
115 67 1
497 68 1
498 68 1
85 69 1
180 69 3
369 69 1
180 70 1
269 70 1
270 70 1
271 70 2
4 71 1
50 71 1
372 71 1
243 72 1
244 72 1
245 72 1
246 72 1
247 72 1
447 73 1
60 74 1
449 74 1
132 75 1
133 75 1
197 76 1
198 76 1
199 76 1
200 76 1
201 76 1
400 76 1
27 77 1
42 77 1
79 78 1
417 78 1
418 78 1
419 78 1
420 78 1
78 79 1
417 79 1
418 79 1
419 79 1
420 79 1
81 80 1
80 81 1
479 82 1
480 82 1
481 82 1
89 83 1
110 83 1
39 84 1
51 84 1
64 84 1
90 84 1
280 84 1
37 85 1
69 85 1
180 85 3
210 86 1
141 87 1
302 87 1
303 87 1
92 88 1
425 88 1
83 89 1
39 90 1
51 90 1
64 90 1
84 90 1
280 90 1
118 91 1
452 91 1
453 91 1
88 92 1
425 92 1
381 93 1
224 94 1
98 95 1
99 95 1
100 95 1
474 95 1
475 95 1
476 95 1
39 96 1
49 96 1
51 96 1
470 97 1
95 98 1
99 98 1
100 98 1
474 98 1
475 98 1
476 98 1
95 99 1
98 99 1
100 99 1
474 99 1
475 99 1
476 99 1
95 100 1
98 100 1
99 100 1
474 100 1
475 100 1
476 100 1
298 101 1
56 102 1
114 102 1
151 102 1
152 102 1
186 102 1
204 102 1
312 102 1
313 102 1
325 102 1
154 103 1
23 104 1
406 104 1
407 104 1
408 104 1
3 105 1
6 105 1
43 105 1
356 105 1
121 106 1
397 106 1
398 106 1
215 107 1
5 108 1
6 108 1
223 108 1
45 109 1
83 110 1
168 110 1
47 111 1
63 111 1
27 112 1
28 112 1
59 113 1
348 113 1
422 113 1
56 114 1
102 114 1
151 114 1
152 114 1
186 114 1
204 114 1
312 114 1
313 114 1
325 114 1
66 115 1
67 115 1
465 115 1
466 115 1
53 116 1
213 116 1
264 116 1
265 116 1
301 116 1
409 116 1
370 117 1
91 118 1
452 118 1
453 118 1
182 119 1
256 119 1
37 120 1
272 120 1
106 121 1
382 121 1
397 121 1
398 121 1
272 122 1
54 123 1
58 123 1
207 124 1
220 124 1
371 124 1
426 125 1
13 126 1
57 126 1
230 126 1
231 126 1
279 126 1
132 127 1
133 127 1
65 128 2
131 128 2
136 128 1
273 128 1
274 128 1
357 128 1
358 128 1
359 128 1
450 128 1
451 128 1
495 128 1
252 129 1
346 129 1
144 130 1
145 130 1
312 130 1
313 130 1
65 131 1
128 131 2
186 131 1
204 131 1
205 131 1
273 131 1
274 131 1
461 131 1
462 131 1
75 132 1
127 132 1
133 132 2
38 133 1
75 133 1
127 133 1
132 133 2
354 133 2
355 133 1
401 133 1
193 134 2
233 134 1
234 134 2
344 134 1
41 135 1
414 135 1
415 135 1
128 136 1
142 137 1
155 138 1
156 138 1
157 138 1
158 138 1
277 138 1
278 139 1
448 140 1
87 141 1
137 142 1
21 143 1
23 143 1
436 143 1
130 144 1
145 144 1
186 144 1
204 144 1
205 144 1
312 144 1
313 144 1
458 144 1
130 145 1
144 145 1
312 145 1
313 145 1
496 146 1
184 147 1
313 147 1
325 147 1
311 148 1
9 149 1
161 149 1
223 149 1
347 149 1
349 149 1
351 149 1
352 149 1
383 149 1
440 150 1
441 150 1
442 150 1
56 151 1
102 151 1
114 151 1
152 151 1
186 151 1
204 151 1
312 151 1
313 151 1
325 151 1
56 152 1
102 152 1
114 152 1
151 152 1
186 152 1
204 152 1
312 152 1
313 152 1
325 152 1
240 153 2
241 153 2
262 153 1
323 153 1
324 153 1
103 154 1
138 155 1
156 155 1
157 155 1
158 155 1
277 155 1
138 156 1
155 156 1
157 156 1
158 156 1
192 156 1
267 156 1
268 156 1
277 156 1
138 157 1
155 157 1
156 157 1
158 157 1
277 157 1
138 158 1
155 158 1
156 158 1
157 158 1
277 158 1
254 159 1
454 159 1
437 160 1
438 160 1
439 160 1
149 161 1
212 161 1
487 161 1
488 161 1
489 161 1
490 161 1
469 162 1
232 163 1
340 163 1
375 163 1
459 163 1
460 163 1
165 164 1
164 165 1
10 166 1
14 166 1
183 166 1
187 167 1
110 168 1
173 168 1
182 169 1
190 169 1
395 169 1
362 170 1
363 170 1
206 171 1
296 172 1
20 173 2
46 173 1
168 173 1
174 173 1
20 174 1
46 174 1
173 174 1
216 175 1
416 175 1
39 176 1
51 176 1
178 177 1
179 177 1
385 177 1
177 178 1
179 178 1
385 178 1
177 179 1
178 179 1
385 179 1
69 180 3
70 180 1
85 180 3
271 180 1
369 180 1
455 180 1
456 180 1
40 181 1
52 181 1
119 182 1
169 182 1
189 182 1
190 182 1
256 182 2
304 182 1
310 182 1
395 182 1
10 183 4
11 183 2
14 183 3
166 183 1
250 183 1
305 183 1
306 183 1
353 183 1
147 184 1
313 184 1
325 184 1
208 185 2
297 185 1
433 185 1
434 185 1
55 186 2
56 186 1
102 186 1
114 186 1
131 186 1
144 186 1
151 186 1
152 186 1
204 186 5
205 186 3
209 186 1
312 186 1
313 186 2
325 186 1
327 186 1
458 186 2
461 186 1
462 186 1
25 187 1
167 187 1
443 188 1
182 189 1
310 189 1
169 190 1
182 190 1
395 190 1
251 191 1
255 191 1
156 192 1
267 192 1
268 192 1
134 193 2
233 193 1
234 193 2
344 193 1
207 194 1
429 194 1
196 195 1
218 195 1
195 196 1
218 196 1
76 197 1
198 197 1
199 197 1
200 197 1
201 197 1
400 197 1
76 198 1
197 198 1
199 198 1
200 198 1
201 198 1
400 198 1
76 199 1
197 199 1
198 199 1
200 199 1
201 199 1
400 199 1
76 200 1
197 200 1
198 200 1
199 200 1
201 200 1
400 200 1
76 201 1
197 201 1
198 201 1
199 201 1
200 201 1
400 201 1
203 202 2
396 202 1
467 202 1
468 202 1
202 203 2
396 203 1
55 204 1
56 204 1
102 204 1
114 204 1
131 204 1
144 204 1
151 204 1
152 204 1
186 204 5
205 204 3
209 204 1
312 204 1
313 204 1
325 204 1
458 204 2
461 204 1
462 204 1
131 205 1
144 205 1
186 205 3
204 205 3
209 205 1
458 205 2
461 205 1
462 205 1
171 206 1
124 207 1
194 207 1
213 207 1
220 207 1
307 207 1
371 207 1
399 207 1
429 207 1
457 207 1
185 208 2
297 208 1
433 208 1
434 208 1
186 209 1
204 209 1
205 209 1
458 209 1
86 210 1
53 211 1
291 211 1
292 211 1
161 212 1
487 212 1
488 212 1
489 212 1
490 212 1
116 213 1
207 213 1
264 213 1
265 213 1
399 213 1
308 214 1
309 214 1
427 214 1
428 214 1
107 215 1
175 216 1
416 216 1
281 217 1
282 217 1
410 217 1
195 218 1
196 218 1
235 219 1
236 219 1
253 219 1
260 219 1
35 220 1
124 220 1
207 220 1
221 220 1
222 220 1
371 220 1
384 220 1
35 221 2
220 221 1
222 221 2
35 222 2
220 222 1
221 222 2
5 223 1
6 223 1
108 223 1
149 223 1
94 224 1
275 225 1
276 225 1
227 226 1
228 226 1
226 227 1
228 227 1
226 228 1
227 228 1
238 229 1
379 229 2
380 229 1
57 230 1
126 230 1
231 230 1
279 230 1
57 231 1
126 231 1
230 231 1
279 231 1
163 232 1
375 232 1
134 233 1
193 233 1
234 233 1
134 234 2
193 234 2
233 234 1
344 234 1
219 235 1
236 235 1
253 235 1
260 235 1
219 236 1
235 236 1
253 236 1
260 236 1
239 237 1
257 237 2
266 237 1
444 237 1
229 238 1
379 238 1
237 239 1
257 239 1
153 240 2
241 240 1
153 241 2
240 241 1
471 242 1
472 242 1
473 242 1
72 243 1
244 243 1
245 243 1
246 243 1
247 243 1
72 244 1
243 244 1
245 244 1
246 244 1
247 244 1
72 245 1
243 245 1
244 245 1
246 245 1
247 245 1
72 246 1
243 246 1
244 246 1
245 246 1
247 246 1
72 247 1
243 247 1
244 247 1
245 247 1
246 247 1
62 248 1
249 248 1
62 249 1
248 249 1
10 250 1
14 250 3
17 250 1
30 250 2
31 250 1
183 250 1
350 250 1
191 251 1
255 251 1
129 252 1
346 252 1
219 253 1
235 253 1
236 253 1
260 253 1
159 254 1
454 254 1
191 255 1
251 255 1
119 256 1
182 256 2
304 256 1
237 257 2
239 257 1
266 257 1
8 258 1
259 258 1
8 259 1
258 259 1
219 260 1
235 260 1
236 260 1
253 260 1
345 261 1
153 262 1
323 262 1
324 262 1
314 263 1
403 263 1
116 264 1
213 264 1
265 264 1
116 265 1
213 265 1
264 265 1
237 266 1
257 266 1
156 267 1
192 267 1
268 267 1
156 268 1
192 268 1
267 268 1
70 269 1
270 269 1
271 269 1
70 270 1
269 270 1
271 270 1
70 271 2
180 271 1
269 271 1
270 271 1
37 272 2
120 272 1
122 272 1
128 273 1
131 273 1
274 273 1
128 274 1
131 274 1
273 274 1
225 275 1
276 275 2
317 275 1
318 275 1
319 275 1
320 275 1
387 275 1
388 275 1
389 275 1
390 275 1
391 275 1
392 275 1
225 276 1
275 276 2
387 276 1
388 276 1
138 277 1
155 277 1
156 277 1
157 277 1
158 277 1
139 278 1
57 279 1
126 279 1
230 279 1
231 279 1
39 280 1
51 280 1
64 280 1
84 280 1
90 280 1
217 281 1
282 281 1
217 282 1
281 282 1
284 283 1
283 284 1
61 285 1
286 285 1
287 285 1
288 285 1
289 285 1
290 285 1
61 286 1
285 286 1
287 286 1
288 286 1
289 286 1
290 286 1
61 287 1
285 287 1
286 287 1
288 287 1
289 287 1
290 287 1
61 288 1
285 288 1
286 288 1
287 288 1
289 288 1
290 288 1
61 289 1
285 289 1
286 289 1
287 289 1
288 289 1
290 289 1
61 290 1
285 290 1
286 290 1
287 290 1
288 290 1
289 290 1
211 291 1
292 291 1
211 292 1
291 292 1
26 293 1
294 293 1
295 293 1
26 294 1
293 294 1
295 294 1
26 295 1
293 295 1
294 295 1
172 296 1
185 297 1
208 297 1
101 298 1
300 299 2
299 300 2
116 301 1
87 302 1
303 302 1
87 303 1
302 303 1
182 304 1
256 304 1
10 305 1
11 305 1
183 305 1
306 305 1
10 306 1
11 306 1
183 306 1
305 306 1
207 307 1
214 308 1
309 308 2
214 309 1
308 309 2
182 310 1
189 310 1
148 311 1
56 312 1
102 312 1
114 312 1
130 312 1
144 312 1
145 312 1
151 312 1
152 312 1
186 312 1
204 312 1
313 312 3
314 312 1
325 312 1
55 313 1
56 313 1
102 313 1
114 313 1
130 313 1
144 313 1
145 313 1
147 313 1
151 313 1
152 313 1
184 313 1
186 313 2
204 313 1
312 313 3
314 313 2
325 313 2
327 313 1
402 313 1
263 314 1
312 314 1
313 314 2
402 314 1
403 314 1
54 315 1
14 316 1
30 316 1
31 316 1
275 317 1
318 317 1
319 317 1
320 317 1
275 318 1
317 318 1
319 318 1
320 318 1
275 319 1
317 319 1
318 319 1
320 319 1
275 320 1
317 320 1
318 320 1
319 320 1
35 321 1
322 321 1
35 322 1
321 322 1
153 323 1
262 323 1
324 323 1
326 323 1
153 324 1
262 324 1
323 324 1
56 325 1
102 325 1
114 325 1
147 325 1
151 325 1
152 325 1
184 325 1
186 325 1
204 325 1
312 325 1
313 325 2
323 326 1
55 327 1
186 327 1
313 327 1
329 328 1
330 328 1
331 328 1
332 328 1
328 329 1
330 329 1
331 329 1
332 329 1
328 330 1
329 330 1
331 330 1
332 330 1
328 331 1
329 331 1
330 331 1
332 331 1
328 332 1
329 332 1
330 332 1
331 332 1
334 333 1
335 333 1
333 334 1
335 334 1
333 335 1
334 335 1
337 336 1
338 336 1
339 336 1
336 337 1
338 337 1
339 337 1
336 338 1
337 338 1
339 338 1
336 339 1
337 339 1
338 339 1
163 340 1
61 341 1
343 342 1
342 343 1
134 344 1
193 344 1
234 344 1
261 345 1
129 346 1
252 346 1
48 347 1
149 347 1
349 347 1
113 348 1
149 349 1
347 349 1
14 350 1
30 350 1
31 350 1
250 350 1
149 351 1
352 351 1
149 352 1
351 352 1
10 353 1
11 353 1
14 353 1
183 353 1
133 354 2
355 354 1
401 354 1
133 355 1
354 355 1
3 356 1
6 356 1
43 356 1
105 356 1
128 357 1
358 357 1
359 357 1
128 358 1
357 358 1
359 358 1
128 359 1
357 359 1
358 359 1
361 360 1
360 361 1
170 362 1
363 362 1
170 363 1
362 363 1
365 364 1
366 364 1
367 364 1
368 364 1
364 365 1
366 365 1
367 365 1
368 365 1
364 366 1
365 366 1
367 366 1
368 366 1
364 367 1
365 367 1
366 367 1
368 367 1
364 368 1
365 368 1
366 368 1
367 368 1
69 369 1
180 369 1
117 370 1
124 371 1
207 371 1
220 371 1
4 372 1
50 372 1
71 372 1
4 373 1
6 373 1
18 373 1
12 374 1
13 374 2
163 375 1
232 375 1
19 376 1
377 376 1
378 376 1
19 377 1
376 377 1
378 377 1
19 378 1
376 378 1
377 378 1
229 379 2
238 379 1
380 379 1
229 380 1
379 380 1
93 381 1
121 382 1
9 383 1
149 383 1
220 384 1
177 385 1
178 385 1
179 385 1
13 386 1
17 386 1
275 387 1
276 387 1
388 387 1
275 388 1
276 388 1
387 388 1
275 389 1
390 389 1
391 389 1
392 389 1
275 390 1
389 390 1
391 390 1
392 390 1
275 391 1
389 391 1
390 391 1
392 391 1
275 392 1
389 392 1
390 392 1
391 392 1
394 393 1
393 394 1
169 395 1
182 395 1
190 395 1
202 396 1
203 396 1
106 397 1
121 397 1
398 397 1
106 398 1
121 398 1
397 398 1
207 399 1
213 399 1
76 400 1
197 400 1
198 400 1
199 400 1
200 400 1
201 400 1
133 401 1
354 401 1
313 402 1
314 402 1
263 403 1
314 403 1
405 404 1
404 405 1
23 406 1
104 406 1
407 406 1
408 406 1
23 407 1
104 407 1
406 407 1
408 407 1
23 408 1
104 408 1
406 408 1
407 408 1
53 409 1
116 409 1
217 410 1
412 411 1
413 411 1
411 412 1
413 412 1
411 413 1
412 413 1
41 414 1
135 414 1
415 414 1
41 415 1
135 415 1
414 415 1
175 416 1
216 416 1
78 417 1
79 417 1
418 417 1
419 417 1
420 417 1
78 418 1
79 418 1
417 418 1
419 418 1
420 418 1
78 419 1
79 419 1
417 419 1
418 419 1
420 419 1
78 420 1
79 420 1
417 420 1
418 420 1
419 420 1
47 421 1
59 422 1
113 422 1
32 423 1
424 423 1
32 424 1
423 424 1
88 425 1
92 425 1
125 426 1
214 427 1
428 427 1
214 428 1
427 428 1
194 429 1
207 429 1
431 430 1
432 430 1
430 431 1
432 431 1
430 432 1
431 432 1
185 433 1
208 433 1
434 433 1
185 434 1
208 434 1
433 434 1
29 435 1
21 436 2
22 436 1
23 436 1
143 436 1
160 437 1
438 437 1
439 437 1
160 438 1
437 438 1
439 438 1
160 439 1
437 439 1
438 439 1
150 440 1
441 440 1
442 440 1
150 441 1
440 441 1
442 441 1
150 442 1
440 442 1
441 442 1
188 443 1
237 444 1
446 445 1
445 446 1
73 447 1
140 448 1
60 449 1
74 449 1
128 450 1
451 450 1
128 451 1
450 451 1
91 452 1
118 452 1
453 452 1
91 453 1
118 453 1
452 453 1
159 454 1
254 454 1
180 455 1
180 456 1
207 457 1
144 458 1
186 458 2
204 458 2
205 458 2
209 458 1
163 459 1
460 459 1
163 460 1
459 460 1
131 461 1
186 461 1
204 461 1
205 461 1
462 461 1
131 462 1
186 462 1
204 462 1
205 462 1
461 462 1
464 463 1
463 464 1
66 465 1
115 465 1
466 465 1
66 466 1
115 466 1
465 466 1
202 467 1
468 467 1
202 468 1
467 468 1
162 469 1
97 470 1
242 471 1
472 471 1
473 471 1
242 472 1
471 472 1
473 472 1
242 473 1
471 473 1
472 473 1
95 474 1
98 474 1
99 474 1
100 474 1
475 474 1
476 474 1
95 475 1
98 475 1
99 475 1
100 475 1
474 475 1
476 475 1
95 476 1
98 476 1
99 476 1
100 476 1
474 476 1
475 476 1
478 477 1
477 478 1
82 479 1
480 479 1
481 479 1
82 480 1
479 480 1
481 480 1
82 481 1
479 481 1
480 481 1
483 482 1
484 482 1
482 483 1
484 483 1
482 484 1
483 484 1
486 485 1
485 486 1
161 487 1
212 487 1
488 487 1
489 487 1
490 487 1
161 488 1
212 488 1
487 488 1
489 488 1
490 488 1
161 489 1
212 489 1
487 489 1
488 489 1
490 489 1
161 490 1
212 490 1
487 490 1
488 490 1
489 490 1
492 491 1
493 491 1
494 491 1
491 492 1
493 492 1
494 492 1
491 493 1
492 493 1
494 493 1
491 494 1
492 494 1
493 494 1
128 495 1
146 496 1
68 497 1
498 497 1
68 498 1
497 498 1
