450 1 1
14 2 1
22 2 1
396 2 1
515 2 1
637 2 1
834 2 1
1622 2 1
205 3 1
1628 3 1
31 4 1
32 4 1
12 5 1
15 5 1
75 5 1
195 5 1
958 5 1
1039 5 1
36 6 1
393 6 1
600 7 1
814 7 1
975 7 1
1082 7 1
1155 7 1
23 8 2
39 8 1
54 8 1
106 8 1
107 8 1
125 8 1
550 8 2
2311 8 1
341 9 1
11 10 2
178 10 1
653 10 1
1228 10 2
1232 10 1
1680 10 1
10 11 2
178 11 1
653 11 1
1228 11 2
1232 11 1
1680 11 1
5 12 1
15 12 1
195 12 1
201 12 1
345 12 1
580 12 1
601 12 1
609 12 1
681 12 1
682 12 1
836 12 1
1021 12 1
416 13 1
1421 13 1
1879 13 1
1880 13 1
2 14 1
22 14 1
380 14 1
396 14 1
421 14 1
515 14 1
574 14 1
613 14 1
637 14 2
897 14 1
957 14 1
1066 14 1
1300 14 1
5 15 1
12 15 1
195 15 1
725 15 1
821 15 1
1065 15 1
23 16 1
97 16 1
109 16 1
126 16 1
256 16 1
318 16 1
401 16 1
515 16 1
637 16 1
650 16 1
768 16 1
790 16 1
1002 16 1
1067 16 1
1095 16 1
1212 16 1
1832 16 1
109 17 1
112 17 1
232 17 1
353 17 1
354 17 1
657 18 1
1227 18 1
1677 18 1
46 19 1
75 19 1
104 20 1
211 20 1
303 20 1
324 20 1
358 20 1
364 20 1
820 21 1
951 21 1
1073 21 1
1074 21 1
1075 21 3
1744 21 2
2178 21 1
2 22 1
14 22 1
515 22 2
632 22 1
637 22 1
1060 22 1
1211 22 1
2457 22 1
2458 22 1
8 23 2
16 23 1
115 23 1
126 23 1
256 23 1
281 23 1
491 23 1
1056 23 1
2416 23 1
48 24 2
90 24 1
215 24 2
276 24 1
332 24 1
731 24 2
1276 24 1
2137 24 1
1595 25 1
162 26 1
2000 26 1
2023 26 1
865 27 1
480 28 1
848 28 1
841 29 1
1149 29 1
107 30 1
256 30 1
386 30 1
436 30 1
648 30 2
870 30 2
4 31 1
32 31 1
4 32 1
31 32 1
552 32 1
646 32 1
2158 32 1
108 33 1
2161 33 1
445 34 1
1604 34 1
678 35 1
1550 35 1
6 36 1
224 36 1
252 36 1
279 36 4
295 36 1
392 36 1
393 36 1
408 36 1
409 36 2
718 36 1
1032 36 2
1111 36 2
1287 36 1
79 37 1
103 37 1
2066 37 1
1061 38 1
8 39 1
125 39 1
588 39 1
2403 39 1
2404 39 1
764 40 1
145 41 1
2243 41 1
176 42 1
195 42 1
624 42 1
79 43 3
210 43 5
596 43 1
676 43 1
843 43 2
81 44 1
1008 44 2
1781 44 1
1785 44 1
1036 45 1
1121 45 1
19 46 1
75 46 1
260 47 1
24 48 2
90 48 1
215 48 3
276 48 2
332 48 1
731 48 2
1276 48 1
2137 48 1
489 49 1
490 49 1
511 50 1
1320 50 1
439 51 1
590 51 1
356 52 1
729 52 1
409 53 1
8 54 1
106 54 1
107 54 1
550 54 1
1328 55 1
2293 55 1
126 56 1
299 56 1
58 57 1
60 57 1
2321 57 1
57 58 1
60 58 1
83 59 1
583 59 1
800 59 1
1023 59 1
1456 59 1
2407 59 1
57 60 1
58 60 1
538 61 1
139 62 1
470 63 1
285 64 2
400 64 2
515 64 1
583 64 2
606 64 1
726 64 1
800 64 1
893 64 1
1497 64 2
2209 64 2
2428 64 1
2429 64 1
2430 64 1
2431 64 1
2432 64 1
2433 64 1
2434 64 1
2435 64 1
2436 64 1
76 65 1
84 65 1
309 65 1
310 65 1
589 66 1
421 67 1
547 67 1
829 68 1
983 68 1
1967 68 1
2123 68 2
2124 68 2
180 69 1
675 69 1
1620 69 1
1736 69 1
267 70 1
449 70 1
497 70 2
1517 70 1
2235 70 3
292 71 1
447 71 1
143 72 1
779 72 1
2165 73 1
1606 74 1
5 75 1
19 75 1
46 75 1
400 75 1
577 75 2
579 75 1
604 75 1
690 75 1
697 75 1
863 75 1
958 75 1
1039 75 1
1624 75 1
2129 75 1
65 76 1
84 76 2
134 76 1
239 76 1
78 77 1
1061 77 1
77 78 1
184 78 1
579 78 2
620 78 1
1061 78 1
1148 78 1
1258 78 2
1270 78 1
1588 78 1
1963 78 2
37 79 1
43 79 3
103 79 2
210 79 2
596 79 1
752 79 1
1297 79 1
1869 79 1
2066 79 1
2089 79 1
2090 79 1
2091 79 1
2157 79 1
549 80 1
44 81 1
747 81 1
1008 81 1
482 82 1
59 83 1
800 83 2
1023 83 1
1156 83 1
1456 83 1
2407 83 1
65 84 1
76 84 2
134 84 1
241 85 1
762 86 1
934 86 1
1107 86 1
88 87 1
418 87 2
681 87 1
1022 87 1
1089 87 1
1090 87 2
2385 87 1
87 88 1
418 88 1
1090 88 1
2385 88 1
1482 89 1
2125 89 1
2423 89 1
24 90 1
48 90 1
215 90 1
276 90 2
317 90 1
731 90 1
1266 90 1
533 91 1
848 91 1
93 92 2
240 92 1
92 93 2
240 93 2
304 93 1
1672 94 1
1673 94 1
670 95 1
307 96 1
357 96 1
549 96 1
16 97 1
109 97 1
129 97 1
300 97 1
442 98 1
443 98 1
123 99 1
124 99 1
377 99 1
424 99 1
446 99 1
801 99 1
1086 99 2
1764 99 1
1811 99 1
588 100 1
739 100 1
768 100 1
1013 100 1
2484 100 1
1432 101 1
1449 101 1
113 102 1
228 102 1
229 102 1
230 102 1
293 102 1
428 102 1
607 102 1
1137 102 1
37 103 1
79 103 2
146 103 2
274 103 1
556 103 1
691 103 1
766 103 1
875 103 1
898 103 1
899 103 1
1102 103 1
1123 103 1
1132 103 1
1869 103 1
2066 103 2
2156 103 1
2306 103 1
20 104 1
211 104 1
419 105 1
2111 105 1
8 106 1
54 106 1
107 106 1
550 106 1
8 107 1
30 107 1
54 107 1
106 107 1
256 107 1
386 107 1
550 107 2
648 107 1
665 107 1
870 107 1
33 108 1
1653 108 1
2161 108 1
16 109 1
17 109 1
97 109 1
112 109 1
386 110 1
544 110 1
648 110 1
773 110 1
787 110 1
902 110 1
2310 110 1
192 111 1
417 111 1
681 111 2
908 111 1
1022 111 2
1203 111 1
1313 111 1
17 112 1
109 112 1
102 113 1
293 113 1
428 113 1
441 114 1
2500 114 1
23 115 1
1259 116 1
1714 116 1
753 117 1
539 118 1
747 118 1
1889 118 1
1890 118 1
378 119 2
426 119 1
1457 119 1
131 120 1
368 120 1
433 120 1
1146 121 1
2154 121 1
1097 122 2
2384 122 2
2463 122 1
99 123 1
124 123 1
377 123 1
1086 123 1
1811 123 1
99 124 1
123 124 1
377 124 1
1086 124 1
1811 124 1
8 125 1
39 125 1
126 125 1
339 125 1
16 126 1
23 126 1
56 126 1
125 126 1
190 126 1
256 126 1
299 126 1
339 126 1
632 126 1
846 126 1
328 127 1
491 127 1
645 127 1
1707 128 1
97 129 1
288 129 1
300 129 1
339 129 1
1295 129 1
347 130 1
120 131 1
368 131 1
433 131 1
445 132 1
284 133 1
321 133 1
76 134 1
84 134 1
227 135 1
931 135 2
1255 136 1
2155 136 1
624 137 1
968 137 1
1843 137 1
2410 137 1
2411 137 1
1093 138 1
1094 138 1
1163 138 1
1821 138 1
62 139 1
340 140 1
279 141 1
176 142 1
231 142 1
257 142 1
72 143 1
720 143 1
779 143 1
1696 143 1
1697 143 3
1875 143 1
1381 144 1
1459 144 1
1758 144 1
41 145 1
2243 145 1
103 146 2
556 146 1
2156 146 1
2306 146 1
216 147 1
157 148 1
587 148 1
163 149 1
596 150 1
669 150 1
170 151 1
800 151 1
2271 151 1
212 152 1
154 153 1
609 153 1
942 153 1
1139 153 1
153 154 1
1139 154 1
451 155 1
631 156 2
991 156 2
1010 156 2
148 157 1
555 157 2
587 157 1
672 157 1
718 157 1
739 157 1
870 157 1
1033 157 1
1034 157 2
1035 157 1
1053 157 1
1160 157 1
2331 157 1
287 158 1
1625 158 1
1626 158 1
1627 158 1
614 159 1
686 159 1
726 159 1
823 159 1
990 159 1
1007 159 1
1030 159 3
1953 159 1
2202 159 2
2386 159 1
669 160 1
1976 160 1
1977 160 1
1978 160 1
635 161 1
688 161 1
808 161 1
1190 161 1
26 162 1
1824 162 1
1930 162 1
149 163 1
431 164 1
742 164 1
1329 164 1
478 165 1
1479 165 1
573 166 1
1070 166 1
1125 166 1
1585 166 1
1586 166 1
575 167 1
1044 167 1
1220 167 1
995 168 1
1042 168 1
1475 168 1
1590 168 1
1130 169 1
1217 169 1
151 170 1
2271 170 1
206 171 3
1083 171 1
1691 171 1
1692 171 1
591 172 1
621 172 1
667 172 1
195 173 1
575 173 1
744 173 1
802 173 1
854 173 1
1206 173 1
1743 173 1
2388 173 1
529 174 1
2480 174 1
2481 174 1
207 175 1
208 175 1
1126 175 1
2444 175 1
2445 175 1
42 176 1
142 176 1
195 176 1
289 176 1
624 176 1
920 177 1
1123 177 1
1131 177 5
2064 177 1
10 178 1
11 178 1
1228 178 1
1336 178 1
1680 178 1
1114 179 1
2127 179 1
2128 179 1
69 180 1
675 180 1
680 180 1
1736 180 2
331 181 1
841 181 1
2143 181 1
620 182 1
396 183 1
78 184 1
351 184 1
511 184 1
512 184 1
513 184 2
569 184 1
570 184 1
617 184 1
620 184 2
1042 184 1
1148 184 1
1193 184 1
1298 184 1
1338 184 1
1587 184 1
1588 184 1
2301 184 1
2302 184 1
2328 184 1
458 185 2
610 185 1
686 185 1
900 185 1
1078 185 1
1098 185 1
2258 185 1
2259 185 1
2272 185 1
544 186 1
1027 186 1
1142 186 1
345 187 2
1312 187 2
742 188 1
333 189 1
448 189 1
473 189 1
495 189 1
602 189 4
612 189 3
692 189 1
748 189 3
816 189 1
1279 189 1
126 190 1
801 190 1
998 190 1
801 191 1
111 192 1
731 192 2
751 192 1
1182 192 2
1203 192 1
619 193 1
655 193 1
680 193 1
1125 193 1
1154 193 1
1240 193 1
1619 193 1
1620 193 1
1621 193 1
498 194 1
950 194 1
1051 194 1
1354 194 2
1366 194 1
1518 194 2
2427 194 1
5 195 1
12 195 1
15 195 1
42 195 1
173 195 1
176 195 1
528 195 1
575 195 1
624 195 1
802 195 1
854 195 1
1137 195 1
1317 196 1
482 197 1
848 197 1
459 198 1
1643 198 1
2021 199 1
2022 199 1
2078 200 1
2079 200 1
12 201 1
345 201 1
580 201 1
747 201 2
760 201 1
1001 201 1
1021 201 1
1042 202 1
1157 202 1
492 203 1
2144 204 1
2145 204 1
2146 204 1
3 205 1
263 205 1
273 205 1
171 206 3
1083 206 1
1691 206 1
1692 206 1
175 207 1
208 207 1
1126 207 1
2444 207 1
2445 207 1
175 208 1
207 208 1
1126 208 1
2444 208 1
2445 208 1
455 209 1
43 210 5
79 210 2
485 210 1
596 210 2
1161 210 1
20 211 1
104 211 1
152 212 1
405 213 1
464 213 2
2281 213 2
2282 213 2
215 214 1
656 214 1
929 214 1
24 215 2
48 215 3
90 215 1
214 215 1
276 215 2
332 215 1
351 215 1
731 215 2
1230 215 1
1276 215 1
1819 215 1
1820 215 1
2137 215 1
147 216 1
445 216 1
1140 216 1
1848 216 1
1849 216 1
219 217 1
347 217 1
1363 218 2
1472 218 2
217 219 1
347 219 1
505 220 1
1607 220 1
1960 220 1
626 221 1
784 221 1
292 222 1
1589 222 1
1021 223 1
1055 223 1
1184 223 1
36 224 1
548 225 1
2378 226 1
135 227 1
931 227 1
102 228 1
229 228 1
230 228 1
746 228 1
1216 228 1
1463 228 1
1557 228 1
1901 228 1
102 229 1
228 229 1
230 229 1
102 230 1
228 230 1
229 230 1
142 231 1
17 232 1
353 232 1
354 232 1
666 233 1
1649 233 1
1991 233 1
1567 234 1
757 235 1
290 236 1
1186 236 1
382 237 1
558 238 1
568 238 1
819 238 1
1353 238 1
1635 238 1
76 239 1
92 240 1
93 240 2
262 240 1
304 240 1
85 241 1
264 241 1
370 241 1
398 241 1
399 241 1
508 241 1
952 241 1
979 241 1
1722 241 1
1737 241 1
307 242 1
661 242 1
261 243 1
521 243 1
1512 243 1
1448 244 1
257 245 1
1861 245 2
373 246 1
1623 246 1
248 247 1
1729 247 1
1730 247 1
1731 247 1
247 248 1
1462 248 1
1729 248 1
1730 248 1
1731 248 1
250 249 3
861 249 2
943 249 1
988 249 2
989 249 1
1731 249 1
1927 249 2
1928 249 1
249 250 3
861 250 1
988 250 1
989 250 1
1927 250 2
307 251 1
36 252 1
307 252 1
391 252 1
718 252 1
1287 252 1
1435 252 1
2065 253 1
1964 254 1
829 255 1
832 255 1
1968 255 1
16 256 1
23 256 1
30 256 1
107 256 1
126 256 1
386 256 1
648 256 1
870 256 1
142 257 1
245 257 1
712 258 1
897 258 1
775 259 1
47 260 1
419 260 1
243 261 1
269 261 1
270 261 1
240 262 1
205 263 1
241 264 1
398 264 2
1553 264 1
1722 264 1
2046 265 1
366 266 1
70 267 1
2262 267 1
301 268 1
367 268 1
261 269 1
270 269 2
356 269 1
359 269 1
360 269 1
365 269 1
375 269 1
391 269 2
462 269 1
1970 269 1
2010 269 1
2280 269 1
261 270 1
269 270 2
363 270 1
365 270 2
391 270 1
710 271 1
273 272 5
205 273 1
272 273 5
308 273 1
450 273 1
612 273 1
103 274 1
520 274 1
1132 274 1
460 275 1
731 275 1
1061 275 1
1704 275 1
1705 275 1
24 276 1
48 276 2
90 276 2
215 276 2
317 276 1
731 276 1
1266 276 1
1103 277 1
1615 278 1
36 279 4
141 279 1
291 279 1
295 279 1
392 279 1
403 279 4
409 279 1
430 279 2
550 279 1
786 279 1
798 279 4
803 279 2
1334 279 1
1790 280 1
2260 280 1
23 281 1
299 281 2
491 281 1
750 281 1
1306 281 1
1814 281 1
596 282 1
1641 283 1
2084 283 1
2312 283 1
133 284 1
321 284 1
64 285 2
800 285 1
893 285 1
1167 286 1
158 287 1
1625 287 1
1626 287 1
1627 287 1
129 288 1
339 288 1
444 288 1
606 288 1
609 288 1
626 288 1
1295 288 1
1311 288 1
2142 288 1
176 289 1
236 290 1
1186 290 1
279 291 1
71 292 1
222 292 1
319 292 1
628 292 2
630 292 1
809 292 2
964 292 1
1128 292 1
1129 292 1
1589 292 1
102 293 1
113 293 1
428 293 1
676 294 1
36 295 1
279 295 1
298 295 1
392 295 1
411 295 1
307 296 1
432 296 1
1441 296 1
780 297 1
295 298 1
411 298 1
56 299 1
126 299 1
281 299 2
491 299 1
631 299 1
689 299 1
806 299 1
991 299 1
97 300 1
129 300 1
268 301 1
367 301 1
2218 302 1
20 303 1
324 303 1
358 303 1
361 303 1
364 303 1
93 304 1
240 304 1
691 305 1
520 306 1
96 307 1
242 307 1
251 307 1
252 307 1
296 307 1
357 307 1
432 307 1
595 307 1
1441 307 1
2357 307 1
2358 307 1
2359 307 1
273 308 1
450 308 1
612 308 1
65 309 1
310 309 1
65 310 1
309 310 1
820 310 2
848 311 1
2099 311 1
2190 312 1
463 313 2
476 313 1
477 313 1
481 313 1
1410 313 1
2189 313 1
480 314 1
801 315 1
894 315 1
849 316 3
1678 316 1
2072 316 1
90 317 1
276 317 1
1266 317 1
16 318 1
343 318 1
650 318 1
1002 318 1
292 319 1
2208 319 1
1366 320 1
2032 320 1
2080 320 1
133 321 1
284 321 1
372 322 1
601 323 1
1046 323 1
20 324 1
303 324 1
358 324 1
364 324 1
337 325 1
1798 325 1
626 326 1
1081 326 1
965 327 1
1292 327 1
1695 327 1
127 328 1
491 328 1
645 328 1
582 329 1
350 330 1
1768 330 1
1769 330 1
1770 330 1
1771 330 1
1772 330 1
1773 330 1
181 331 1
607 331 1
841 331 1
24 332 1
48 332 1
215 332 1
731 332 1
1276 332 1
2137 332 1
189 333 1
448 333 1
473 333 1
602 333 1
612 333 1
748 333 1
349 334 1
369 335 1
1450 335 1
1515 335 1
394 336 1
566 336 3
915 336 2
1272 336 3
1273 336 2
1321 336 1
1936 336 1
325 337 1
1798 337 1
866 338 1
125 339 1
126 339 1
129 339 1
288 339 1
1295 339 1
2244 339 1
140 340 1
9 341 1
909 341 1
2138 341 1
480 342 1
714 342 1
848 342 1
980 342 1
1503 342 1
1676 342 1
318 343 1
874 343 1
798 344 1
1038 344 1
12 345 1
187 345 2
201 345 1
580 345 1
1021 345 1
1312 345 2
2461 345 1
2225 346 1
130 347 1
217 347 1
219 347 1
351 347 2
712 347 1
798 347 1
862 347 2
917 347 1
930 347 1
1061 347 1
357 348 1
389 348 1
1345 348 1
1574 348 1
334 349 1
419 349 1
599 349 1
801 349 1
1071 349 1
1600 349 2
2097 349 1
2405 349 1
330 350 1
1768 350 1
1769 350 1
1770 350 1
1771 350 1
1772 350 1
1773 350 1
184 351 1
215 351 1
347 351 2
604 351 1
862 351 2
930 351 1
1054 351 1
1061 351 1
1189 351 1
1230 351 1
1241 351 1
1275 351 1
1819 351 1
1820 351 1
868 352 1
1062 352 2
1107 352 1
1248 352 1
1257 352 1
1660 352 1
2151 352 1
17 353 1
232 353 1
354 353 1
17 354 1
232 354 1
353 354 1
1711 355 1
2070 355 1
52 356 1
269 356 1
391 356 2
454 356 1
462 356 2
504 356 1
728 356 1
729 356 1
1287 356 1
96 357 1
307 357 1
348 357 1
1345 357 1
1719 357 1
1720 357 1
20 358 1
303 358 1
324 358 1
364 358 1
269 359 1
1543 359 1
1970 359 1
269 360 1
303 361 1
1174 362 2
1415 362 3
1745 362 1
1746 362 1
1789 362 2
270 363 1
365 363 1
1392 363 1
1970 363 1
20 364 1
303 364 1
324 364 1
358 364 1
269 365 1
270 365 2
363 365 1
391 365 3
407 365 1
266 366 1
268 367 1
301 367 1
120 368 1
131 368 1
406 368 1
433 368 1
924 368 1
335 369 1
407 369 1
241 370 1
399 370 2
508 370 1
736 370 1
1151 370 1
1177 370 1
1374 370 1
1547 370 1
1993 370 1
2337 370 1
2507 370 1
823 371 1
322 372 1
398 372 1
246 373 1
1341 373 1
1438 373 1
1453 373 1
1623 373 1
2355 374 1
2453 374 1
269 375 1
453 375 1
465 375 1
1188 375 1
1298 375 1
1712 375 1
2314 375 2
657 376 1
690 376 1
934 376 1
1110 376 1
1207 376 2
1261 376 2
1842 376 1
1843 376 2
2153 376 1
2334 376 1
99 377 1
123 377 1
124 377 1
424 377 1
1086 377 1
1811 377 1
1979 377 1
119 378 2
426 378 1
1448 378 1
1457 378 1
981 379 1
1417 379 1
2126 379 1
14 380 1
396 380 1
419 380 1
427 380 1
531 380 1
563 380 3
1828 380 1
2475 380 1
1261 381 2
1725 381 1
1821 381 1
237 382 1
2261 382 1
884 383 1
1301 383 1
1323 383 1
2449 383 1
1076 384 1
2109 384 1
403 385 1
452 385 1
1533 385 2
1893 385 1
1950 385 1
30 386 1
107 386 1
110 386 1
256 386 1
544 386 1
648 386 2
787 386 1
870 386 1
717 387 1
1346 387 1
1396 387 1
399 388 1
1897 388 1
348 389 1
1815 390 1
252 391 1
269 391 2
270 391 1
356 391 2
365 391 3
407 391 1
462 391 1
1435 391 1
36 392 1
279 392 1
295 392 1
6 393 1
36 393 1
336 394 1
1321 394 1
1936 394 1
2205 394 1
880 395 1
921 395 1
1192 395 1
2395 395 1
2477 395 1
2 396 1
14 396 1
183 396 1
380 396 1
498 397 1
678 397 1
1556 397 1
241 398 1
264 398 2
372 398 1
429 398 1
1076 398 1
1722 398 1
241 399 1
370 399 2
388 399 1
508 399 1
1335 399 1
1384 399 1
1417 399 1
1547 399 3
1897 399 2
1922 399 1
1993 399 1
64 400 2
75 400 1
583 400 2
671 400 1
1105 400 1
1497 400 2
1623 400 1
1800 400 1
1911 400 1
2209 400 2
16 401 1
589 401 1
790 401 3
913 401 1
967 401 1
1067 401 1
1600 401 1
680 402 1
1264 402 1
1456 402 1
279 403 4
385 403 1
430 403 2
1334 403 1
1384 403 1
1387 403 1
1950 403 1
857 404 1
1085 404 1
213 405 1
464 405 1
526 405 3
550 405 1
589 405 1
740 405 1
788 405 1
854 405 1
872 405 1
1136 405 1
2281 405 1
2282 405 1
368 406 1
803 406 1
924 406 1
365 407 1
369 407 1
391 407 1
36 408 1
36 409 2
53 409 1
279 409 1
424 409 1
1096 409 2
1111 409 1
1117 409 1
1141 409 1
1283 409 1
1331 409 1
1979 409 1
1428 410 1
1443 410 1
1452 410 1
295 411 1
298 411 1
675 412 1
801 412 1
856 413 1
1926 414 1
460 415 1
618 415 1
1171 415 2
1302 415 1
2502 415 1
13 416 1
1421 416 1
1470 416 1
1879 416 1
1880 416 1
111 417 1
2141 417 1
87 418 2
88 418 1
681 418 1
1022 418 1
1090 418 1
2385 418 1
105 419 1
260 419 1
349 419 1
380 419 1
420 419 1
531 419 1
563 419 3
755 419 1
801 419 2
805 419 1
1263 419 1
1828 419 1
2097 419 1
2111 419 1
419 420 1
14 421 1
67 421 1
547 421 1
613 421 1
475 422 1
1721 422 1
805 423 2
99 424 1
377 424 1
409 424 1
481 424 2
549 424 2
660 424 1
802 424 2
808 424 2
918 424 1
937 424 1
1117 424 1
1141 424 4
1226 424 1
1261 424 2
1356 424 2
1925 424 1
1928 424 1
1979 424 4
2209 424 3
2211 424 1
2425 424 1
2426 424 1
524 425 1
119 426 1
378 426 1
380 427 1
779 427 1
797 427 2
846 427 3
2475 427 1
102 428 1
113 428 1
293 428 1
398 429 1
1417 429 1
279 430 2
403 430 2
550 430 1
786 430 1
838 430 1
1063 430 2
1278 430 1
1378 430 2
1383 430 1
1384 430 2
1387 430 1
1594 430 1
1596 430 1
1597 430 1
164 431 1
527 431 1
534 431 1
742 431 1
1329 431 1
296 432 1
307 432 1
1441 432 1
120 433 1
131 433 1
368 433 1
435 434 2
1427 434 2
1938 434 1
434 435 2
1572 435 1
30 436 1
648 436 1
870 436 1
438 437 3
883 437 1
1952 437 1
437 438 3
883 438 1
1952 438 1
51 439 1
590 439 1
625 439 1
683 439 1
715 439 1
719 439 1
972 439 1
1024 439 1
1173 439 1
1803 439 1
2305 439 1
2492 439 1
571 440 1
586 440 1
1000 440 1
114 441 1
2500 441 1
98 442 1
443 442 2
982 442 1
1100 442 1
1145 442 1
1571 442 1
1862 442 1
98 443 1
442 443 2
1145 443 1
288 444 1
511 444 1
527 444 1
795 444 1
922 444 1
1050 444 1
1183 444 1
1184 444 2
1310 444 1
1311 444 2
2026 444 1
34 445 1
132 445 1
216 445 1
1140 445 1
1214 445 2
1604 445 1
1848 445 1
1849 445 1
2103 445 1
99 446 1
1086 446 1
1764 446 1
71 447 1
189 448 1
333 448 1
473 448 1
602 448 1
612 448 1
748 448 1
70 449 1
497 449 1
2235 449 1
1 450 1
273 450 1
308 450 1
612 450 1
155 451 1
597 451 1
826 451 1
385 452 1
1533 452 1
375 453 1
2314 453 1
356 454 1
462 454 1
209 455 1
2055 455 1
1144 456 1
2092 456 1
1381 457 1
1454 457 1
185 458 2
900 458 1
1078 458 1
2272 458 1
198 459 1
486 459 1
557 459 1
641 459 1
770 459 1
1643 459 1
2070 459 1
275 460 1
415 460 1
731 460 1
1061 460 1
1171 460 1
1704 460 1
1705 460 1
470 461 1
1420 461 1
269 462 1
356 462 2
391 462 1
454 462 1
466 462 1
467 462 1
313 463 2
476 463 1
213 464 2
405 464 1
1314 464 1
2075 464 1
2076 464 1
2077 464 1
2281 464 2
2282 464 2
375 465 1
1188 465 1
2314 465 1
462 466 1
467 466 1
462 467 1
466 467 1
947 467 1
781 468 1
1393 468 2
1423 468 1
1795 468 1
1796 468 1
1816 468 1
470 469 1
471 469 1
480 469 1
1891 469 1
2279 469 1
63 470 1
461 470 1
469 470 1
469 471 1
1891 471 1
626 472 1
716 472 1
872 472 1
189 473 1
333 473 1
448 473 1
602 473 1
612 473 1
748 473 1
2317 473 1
860 474 1
422 475 1
313 476 1
463 476 1
477 476 1
481 476 1
1437 476 1
2412 476 1
313 477 1
476 477 1
481 477 3
2045 477 1
165 478 1
1479 478 1
2175 479 1
2176 479 2
28 480 1
314 480 1
342 480 1
469 480 1
541 480 1
831 480 1
848 480 5
1503 480 1
1783 480 1
1784 480 1
2179 480 1
313 481 1
424 481 2
476 481 1
477 481 3
802 481 2
1261 481 2
1356 481 2
2045 481 1
82 482 1
197 482 1
848 482 2
876 482 1
886 482 1
835 483 1
1444 484 1
210 485 1
596 485 1
459 486 1
2081 487 1
1126 488 1
1404 488 1
1477 488 1
49 489 1
490 489 1
49 490 1
489 490 1
23 491 1
127 491 1
281 491 1
299 491 1
328 491 1
534 491 1
536 491 1
645 491 1
681 491 2
689 491 1
911 491 1
1015 491 1
1222 491 1
203 492 1
1422 493 1
546 494 1
189 495 1
602 495 1
603 495 1
692 495 1
748 495 1
816 495 1
1540 496 1
70 497 2
449 497 1
2235 497 1
194 498 1
397 498 1
1354 498 1
1376 498 1
1462 498 1
1468 498 1
2226 498 1
2427 498 1
2039 499 1
501 500 1
502 500 1
500 501 1
502 501 1
1738 501 1
2029 501 1
500 502 1
501 502 1
1247 503 1
2012 503 1
356 504 1
728 504 1
220 505 1
535 505 1
1607 505 1
2199 505 1
1384 506 1
1547 506 1
2313 506 1
1900 507 1
1993 507 1
2506 507 1
241 508 1
370 508 1
399 508 1
1396 508 1
2494 508 1
2495 508 1
510 509 1
511 509 1
512 509 1
513 509 1
537 509 2
910 509 1
1303 509 2
2286 509 1
2287 509 1
2333 509 1
2395 509 1
509 510 1
511 510 1
512 510 1
513 510 1
2395 510 1
50 511 1
184 511 1
444 511 1
509 511 1
510 511 1
512 511 1
513 511 3
514 511 1
527 511 1
620 511 1
1039 511 1
1050 511 3
1259 511 2
1318 511 1
1320 511 1
1326 511 1
1338 511 1
1973 511 1
2395 511 1
184 512 1
509 512 1
510 512 1
511 512 1
513 512 3
2393 512 1
2395 512 1
184 513 2
509 513 1
510 513 1
511 513 3
512 513 3
620 513 1
1326 513 1
1338 513 1
2393 513 1
2395 513 1
511 514 1
2 515 1
14 515 1
16 515 1
22 515 2
64 515 1
637 515 2
1211 515 1
1212 515 1
1324 515 1
2457 515 1
2458 515 1
517 516 1
565 516 1
1463 516 1
516 517 1
1394 517 1
594 518 2
1527 518 1
561 519 2
274 520 1
306 520 1
592 520 1
243 521 1
1411 521 1
1512 521 1
1005 522 1
1595 523 1
425 524 1
678 525 2
1068 525 1
1380 525 1
1640 525 1
405 526 3
550 526 1
589 526 1
740 526 1
788 526 2
792 526 2
854 526 1
880 526 2
1370 526 2
1417 526 2
1592 526 2
431 527 1
444 527 1
511 527 1
534 527 1
1050 527 1
195 528 1
1137 528 1
174 529 1
2009 529 1
2480 529 1
2481 529 1
702 530 1
380 531 1
419 531 1
563 531 1
906 532 2
1262 532 1
1769 532 1
1791 532 2
1792 532 1
1793 532 2
1794 532 1
91 533 1
848 533 1
431 534 1
491 534 1
527 534 1
536 534 1
681 534 1
505 535 1
491 536 1
534 536 1
681 536 1
509 537 2
755 537 1
910 537 1
1050 537 1
1259 537 1
1303 537 1
1713 537 1
1714 537 2
2333 537 1
61 538 1
1919 538 2
118 539 1
747 539 1
1889 539 1
1890 539 1
541 540 2
594 540 1
1548 540 2
480 541 1
540 541 2
542 541 1
543 541 2
560 541 1
594 541 2
595 541 1
848 541 1
882 541 2
1406 541 1
1548 541 1
2035 541 1
2036 541 1
2037 541 1
2038 541 2
2316 541 1
541 542 1
543 542 1
541 543 2
542 543 1
594 543 1
110 544 1
186 544 1
386 544 1
648 544 1
787 544 1
1027 544 1
1142 544 1
2067 545 1
2068 545 1
2069 545 1
494 546 1
67 547 1
421 547 1
225 548 1
80 549 1
96 549 1
424 549 2
721 549 1
808 549 1
959 549 1
2209 549 1
2389 549 1
2390 549 1
8 550 2
54 550 1
106 550 1
107 550 2
279 550 1
405 550 1
430 550 1
526 550 1
665 550 1
760 550 1
788 550 1
2311 550 1
781 551 1
1574 551 1
32 552 1
646 552 1
2158 552 1
1191 553 1
1488 554 1
157 555 2
870 555 1
1033 555 1
1034 555 2
1035 555 1
1160 555 1
2331 555 1
103 556 1
146 556 1
2156 556 1
459 557 1
238 558 1
568 558 1
1353 558 1
1635 558 1
622 559 1
623 559 1
634 559 1
1016 559 1
1190 559 1
2278 559 1
541 560 1
2038 560 1
519 561 2
1396 562 1
1750 562 1
1751 562 3
1752 562 1
380 563 3
419 563 3
531 563 1
1263 563 1
1828 563 1
1461 564 1
1499 564 1
516 565 1
1463 565 1
336 566 3
915 566 3
1272 566 5
1273 566 3
1476 567 1
1498 567 1
1546 567 1
238 568 1
558 568 1
1353 568 1
1635 568 1
184 569 1
570 569 1
964 569 1
184 570 1
569 570 1
440 571 1
586 571 1
1000 571 1
1840 572 1
166 573 1
1070 573 1
1585 573 1
1586 573 1
14 574 1
957 574 1
1066 574 1
167 575 1
173 575 1
195 575 1
591 575 1
687 575 1
802 575 1
854 575 1
1044 575 1
581 576 1
801 576 2
953 576 1
987 576 1
75 577 2
579 577 1
604 577 1
690 577 1
1624 577 1
684 578 1
2346 578 1
2347 578 1
75 579 1
78 579 2
577 579 1
604 579 1
690 579 1
1258 579 2
1270 579 1
1624 579 1
1963 579 2
12 580 1
201 580 1
345 580 1
604 580 1
1012 580 1
1021 580 1
1049 580 1
1315 580 1
576 581 1
987 581 1
2309 581 1
329 582 1
59 583 1
64 583 2
400 583 2
1135 583 1
1497 583 2
2209 583 2
2323 583 1
1264 584 1
1573 584 1
775 585 1
1870 585 1
440 586 1
571 586 1
1000 586 1
148 587 1
157 587 1
39 588 1
100 588 1
681 588 1
739 588 1
768 588 1
1003 588 1
1013 588 1
2484 588 1
66 589 1
401 589 1
405 589 1
526 589 1
854 589 1
913 589 1
967 589 1
1600 589 1
51 590 1
439 590 1
743 590 1
744 590 1
1048 590 1
2339 590 1
172 591 1
575 591 1
621 591 1
667 591 1
687 591 1
705 591 1
520 592 1
663 593 1
664 593 2
518 594 2
540 594 1
541 594 2
543 594 1
1527 594 1
307 595 1
541 595 1
1551 595 1
2035 595 1
2036 595 1
2511 595 1
43 596 1
79 596 1
150 596 1
210 596 2
282 596 1
485 596 1
669 596 2
844 596 1
451 597 1
826 597 1
611 598 1
1896 598 1
349 599 1
1039 599 1
1210 599 2
1253 599 1
1254 599 2
1280 599 1
1339 599 1
1600 599 1
1636 599 1
1637 599 1
1931 599 1
2019 599 1
2469 599 1
2470 599 1
2471 599 1
7 600 1
814 600 1
975 600 1
1082 600 1
1155 600 1
12 601 1
323 601 1
609 601 1
681 601 1
682 601 1
836 601 1
1046 601 1
189 602 4
333 602 1
448 602 1
473 602 1
495 602 1
612 602 2
692 602 1
748 602 3
816 602 1
817 602 1
887 602 1
1279 602 1
495 603 1
75 604 1
351 604 1
577 604 1
579 604 1
580 604 1
690 604 1
1012 604 1
1049 604 1
1054 604 1
1189 604 1
1196 604 1
1275 604 1
1315 604 1
1624 604 1
931 605 1
64 606 1
288 606 1
609 606 1
896 606 1
987 606 1
102 607 1
331 607 1
827 608 1
930 608 1
1963 608 1
2320 608 1
12 609 1
153 609 1
288 609 1
601 609 1
606 609 1
681 609 1
682 609 1
836 609 1
942 609 1
185 610 1
686 610 1
1098 610 1
598 611 1
869 611 1
189 612 3
273 612 1
308 612 1
333 612 1
448 612 1
450 612 1
473 612 1
602 612 2
642 612 1
650 612 1
748 612 3
1813 612 1
14 613 1
421 613 1
159 614 1
686 614 1
713 614 1
726 614 1
823 614 1
1953 614 1
842 615 1
617 616 1
878 616 1
184 617 1
616 617 1
878 617 1
1042 617 1
1193 617 1
1298 617 1
2302 617 1
415 618 1
809 618 1
1171 618 1
1311 618 1
193 619 1
655 619 1
680 619 1
1125 619 1
1147 619 1
1154 619 1
1240 619 1
1619 619 1
1620 619 1
1621 619 1
2047 619 1
78 620 1
182 620 1
184 620 2
511 620 1
513 620 1
1148 620 1
1338 620 1
1588 620 1
172 621 1
591 621 1
667 621 1
559 622 1
623 622 1
1016 622 1
559 623 1
622 623 1
1016 623 1
2327 623 1
2335 623 1
42 624 1
137 624 1
176 624 1
195 624 1
968 624 1
1304 624 1
1305 624 1
439 625 1
719 625 1
1173 625 1
221 626 1
288 626 1
326 626 1
472 626 1
627 626 1
706 626 1
778 626 1
784 626 1
797 626 1
811 626 3
1081 626 1
2142 626 1
626 627 1
292 628 2
630 628 1
809 628 1
1128 628 2
1129 628 1
1589 628 1
707 629 3
1156 629 2
1716 629 1
1717 629 2
1718 629 1
292 630 1
628 630 1
631 630 1
809 630 1
1589 630 1
156 631 2
299 631 1
630 631 1
991 631 5
1010 631 2
1205 631 1
2476 631 1
22 632 1
126 632 1
1060 632 1
669 633 1
765 633 1
791 633 2
845 633 1
865 633 1
1481 633 1
1975 633 1
2101 633 1
559 634 1
949 634 1
1103 634 1
1190 634 1
2177 634 1
161 635 1
1190 635 1
2459 636 1
2 637 1
14 637 2
16 637 1
22 637 1
515 637 2
1212 637 1
1300 637 1
1614 638 1
640 639 3
641 639 3
1616 639 1
639 640 3
641 640 3
1239 640 1
1240 640 2
1616 640 1
2417 640 1
459 641 1
639 641 3
640 641 3
770 641 1
1616 641 1
612 642 1
650 642 1
644 643 1
643 644 1
127 645 1
328 645 1
491 645 1
32 646 1
552 646 1
1286 646 1
2158 646 1
648 647 1
649 647 1
30 648 2
107 648 1
110 648 1
256 648 1
386 648 2
436 648 1
544 648 1
647 648 1
649 648 2
700 648 1
787 648 1
870 648 2
647 649 1
648 649 2
700 649 1
704 649 2
2018 649 1
2406 649 1
2472 649 1
16 650 1
318 650 1
612 650 1
642 650 1
1002 650 1
1181 650 1
2083 651 1
1179 652 1
1242 652 1
1243 652 1
2329 652 1
2330 652 1
10 653 1
11 653 1
1228 653 1
1232 653 1
1657 654 1
1658 654 2
1905 654 1
1906 654 1
1980 654 1
1981 654 1
193 655 1
619 655 1
680 655 1
1125 655 1
1154 655 1
1240 655 1
1619 655 1
1620 655 1
1621 655 1
214 656 1
929 656 1
18 657 1
376 657 1
668 657 1
1041 657 1
1110 657 1
1197 657 1
1207 657 3
1227 657 1
1677 657 1
1842 657 1
1843 657 1
2024 657 1
2214 657 2
912 658 1
1133 658 1
2082 658 1
847 659 1
424 660 1
808 660 1
2209 660 1
242 661 1
711 662 1
762 662 1
789 662 1
1231 662 1
1316 662 1
593 663 1
664 663 1
593 664 2
663 664 1
2408 664 1
107 665 1
550 665 1
233 666 1
1649 666 1
1991 666 1
172 667 1
591 667 1
621 667 1
756 667 1
839 667 1
657 668 1
1110 668 1
1197 668 1
150 669 1
160 669 1
596 669 2
633 669 1
765 669 1
844 669 1
845 669 1
865 669 1
1481 669 1
1555 669 1
1975 669 1
1976 669 1
1977 669 1
1978 669 1
95 670 1
1697 670 2
400 671 1
1623 671 1
157 672 1
718 672 1
739 672 1
1053 672 1
1187 672 1
1191 673 1
676 674 1
69 675 1
180 675 1
412 675 1
680 675 1
758 675 1
904 675 1
1732 675 1
1733 675 1
1734 675 2
1736 675 1
1737 675 1
1738 675 1
43 676 1
294 676 1
674 676 1
843 676 2
1125 676 1
1951 677 1
35 678 1
397 678 1
525 678 2
937 678 1
1068 678 1
1069 678 1
1380 678 1
1640 678 1
1641 678 1
2255 679 1
180 680 1
193 680 1
402 680 1
619 680 1
655 680 1
675 680 1
1125 680 1
1154 680 1
1240 680 1
1264 680 1
1456 680 1
1619 680 1
1620 680 1
1621 680 1
1736 680 1
12 681 1
87 681 1
111 681 2
418 681 1
491 681 2
534 681 1
536 681 1
588 681 1
601 681 1
609 681 1
682 681 1
836 681 1
1015 681 1
1022 681 3
1182 681 1
1203 681 1
1313 681 1
12 682 1
601 682 1
609 682 1
681 682 1
836 682 1
439 683 1
1024 683 1
1025 683 1
1104 683 1
1208 683 1
2305 683 2
578 684 1
2346 684 1
2347 684 1
2369 684 1
2366 685 1
2379 685 1
159 686 1
185 686 1
610 686 1
614 686 1
726 686 1
823 686 1
900 686 1
1098 686 1
1953 686 1
575 687 1
591 687 1
161 688 1
808 688 1
299 689 1
491 689 1
75 690 1
376 690 1
577 690 1
579 690 1
604 690 1
1110 690 1
1207 690 1
1624 690 1
103 691 1
305 691 1
899 691 1
2062 691 1
2156 691 1
189 692 1
495 692 1
602 692 1
748 692 1
816 692 1
1918 693 1
1152 694 1
1509 694 1
815 695 1
723 696 1
1735 696 1
1807 696 1
1808 696 1
2152 696 1
75 697 1
863 697 1
2129 697 1
1670 698 1
1671 698 1
1583 699 1
2273 699 1
2303 699 1
648 700 1
649 700 1
704 700 1
2472 700 1
2168 701 1
530 702 1
1974 702 1
979 703 1
1531 703 1
649 704 2
700 704 1
2406 704 1
2472 704 1
591 705 1
626 706 1
1072 706 1
629 707 3
1156 707 1
1716 707 1
1717 707 1
2485 708 1
1679 709 1
271 710 1
896 710 1
998 710 1
1337 710 1
1340 710 1
2322 710 1
662 711 1
789 711 1
258 712 1
347 712 1
897 712 1
614 713 1
342 714 1
715 714 1
791 714 3
980 714 1
1684 714 1
439 715 1
714 715 1
1024 715 1
472 716 1
872 716 1
387 717 1
1690 717 1
36 718 1
157 718 1
252 718 1
672 718 1
739 718 1
1053 718 1
1287 718 1
439 719 1
625 719 1
1173 719 1
143 720 1
721 720 1
1696 720 1
1697 720 1
1698 720 1
549 721 1
720 721 1
956 721 1
1698 721 1
1043 722 1
1044 722 1
1205 722 1
696 723 1
725 724 1
1065 724 1
1708 724 1
15 725 1
724 725 1
821 725 1
1065 725 2
1708 725 1
64 726 1
159 726 1
614 726 1
686 726 1
823 726 1
1953 726 1
2428 726 1
2429 726 1
2430 726 1
2431 726 1
2432 726 1
2433 726 1
2434 726 1
2435 726 1
2436 726 1
1669 727 1
2169 727 1
2170 727 1
2171 727 1
356 728 1
504 728 1
729 728 1
1949 728 1
52 729 1
356 729 1
728 729 1
1949 729 1
1489 730 1
24 731 2
48 731 2
90 731 1
192 731 2
215 731 2
275 731 1
276 731 1
332 731 1
460 731 1
799 731 1
922 731 1
923 731 1
1061 731 1
1182 731 2
1276 731 1
1704 731 1
1705 731 1
2137 731 1
907 732 1
1797 733 1
791 734 1
736 735 1
737 735 2
1177 735 1
1178 735 1
1473 735 1
1520 735 1
370 736 1
735 736 1
1177 736 3
1178 736 2
1473 736 1
1775 736 1
1776 736 1
1948 736 1
2337 736 1
735 737 2
1349 737 2
1473 737 2
1520 737 1
854 738 1
1741 738 1
100 739 1
157 739 1
588 739 1
672 739 1
718 739 1
768 739 1
1013 739 1
1053 739 2
2484 739 1
405 740 1
526 740 1
791 740 1
1235 740 1
1742 740 1
779 741 1
1064 741 1
164 742 1
188 742 1
431 742 1
1329 742 1
590 743 1
744 743 1
1048 743 1
173 744 1
590 744 1
743 744 1
1048 744 1
1743 744 1
1087 745 1
228 746 1
787 746 1
1463 746 1
1777 746 1
1778 746 1
1901 746 1
81 747 1
118 747 1
201 747 2
539 747 1
760 747 1
1001 747 1
1889 747 2
1890 747 1
189 748 3
333 748 1
448 748 1
473 748 1
495 748 1
602 748 3
612 748 3
692 748 1
770 748 2
783 748 1
816 748 1
1456 749 1
281 750 1
1814 750 1
192 751 1
1306 751 1
79 752 1
1297 752 1
2157 752 1
117 753 1
755 754 1
801 754 1
419 755 1
537 755 1
754 755 1
761 755 1
801 755 2
1251 755 1
2016 755 1
667 756 1
235 757 1
788 757 1
675 758 1
1733 758 1
1190 759 1
2063 759 1
201 760 1
550 760 1
747 760 1
808 760 1
1001 760 1
2456 760 1
755 761 1
818 761 3
840 761 1
1101 761 1
1135 761 1
1219 761 1
1238 761 2
1251 761 1
1844 761 1
1845 761 2
1846 761 1
1847 761 1
86 762 1
662 762 1
933 762 1
934 762 1
968 762 1
1095 762 2
1107 762 1
1156 762 1
1231 762 2
1246 762 1
1316 762 1
1332 762 1
1688 762 1
1728 762 1
1833 762 1
1841 762 1
2447 762 1
962 763 2
1123 763 1
40 764 1
1118 764 2
633 765 1
669 765 1
845 765 1
865 765 1
1481 765 1
1975 765 1
103 766 1
898 766 1
794 767 1
16 768 1
100 768 1
588 768 1
739 768 1
1013 768 1
1031 768 1
2484 768 1
1269 769 1
459 770 1
641 770 1
748 770 2
783 770 1
881 771 1
938 771 1
1811 771 2
901 772 1
902 772 2
1122 772 1
1602 772 1
1990 772 1
2034 772 1
110 773 1
2310 773 1
851 774 1
259 775 1
585 775 1
1102 775 1
1615 775 1
1867 775 1
1868 775 1
1869 775 1
1333 776 1
1863 777 1
1864 777 1
1865 777 1
626 778 1
2122 778 1
72 779 1
143 779 1
427 779 1
741 779 1
1064 779 1
297 780 1
833 780 1
2100 780 1
468 781 1
551 781 1
1423 781 1
1574 781 1
1795 781 1
1796 781 1
1399 782 1
748 783 1
770 783 1
1121 783 1
221 784 1
626 784 1
831 785 1
1689 785 1
1850 785 1
279 786 1
430 786 1
1378 786 1
110 787 1
386 787 1
544 787 1
648 787 1
746 787 1
1777 787 1
1778 787 1
405 788 1
526 788 2
550 788 1
757 788 1
889 788 1
662 789 1
711 789 1
16 790 1
401 790 3
1067 790 1
1237 790 1
1245 790 1
1246 790 3
633 791 2
714 791 3
734 791 1
740 791 1
1217 791 1
1590 791 1
1684 791 1
1742 791 1
526 792 2
880 792 2
1370 792 2
1417 792 2
1592 792 2
1874 792 1
808 793 2
971 793 4
972 793 6
1221 793 1
1565 793 4
1566 793 1
1688 793 2
1709 793 1
767 794 1
444 795 1
1184 795 1
797 796 1
427 797 2
626 797 1
796 797 1
808 797 1
1039 797 1
1113 797 1
1213 797 1
1397 797 1
1502 797 1
2446 797 1
279 798 4
344 798 1
347 798 1
803 798 2
917 798 1
1038 798 1
731 799 1
59 800 1
64 800 1
83 800 2
151 800 1
285 800 1
802 800 1
893 800 1
1023 800 1
1456 800 1
1912 800 1
2407 800 2
99 801 1
190 801 1
191 801 1
315 801 1
349 801 1
412 801 1
419 801 2
576 801 2
754 801 1
755 801 2
894 801 1
896 801 1
953 801 3
965 801 1
998 801 2
1250 801 1
1267 801 1
1268 801 1
1591 801 1
2097 801 1
2180 801 1
2181 801 1
173 802 1
195 802 1
424 802 2
481 802 2
575 802 1
800 802 1
854 802 1
927 802 1
928 802 1
1118 802 1
1261 802 2
1356 802 2
279 803 2
406 803 1
798 803 2
990 804 1
1028 804 1
419 805 1
423 805 2
299 806 1
1924 806 1
2377 807 1
161 808 1
424 808 2
549 808 1
660 808 1
688 808 1
760 808 1
793 808 2
797 808 1
852 808 1
853 808 1
971 808 1
972 808 2
1119 808 1
1397 808 1
1502 808 1
1702 808 1
1703 808 4
2209 808 2
2304 808 1
2437 808 1
2446 808 1
2456 808 1
2488 808 1
292 809 2
618 809 1
628 809 1
630 809 1
964 809 2
1589 809 1
2120 810 1
2174 810 1
626 811 3
925 811 1
926 811 1
1131 811 1
1901 811 1
1190 812 1
1903 812 1
1904 812 1
1282 813 1
1663 813 1
7 814 1
600 814 1
975 814 1
1082 814 1
1155 814 1
695 815 1
189 816 1
495 816 1
602 816 1
692 816 1
748 816 1
602 817 1
761 818 3
840 818 1
1101 818 1
1135 818 1
1219 818 1
1238 818 2
1844 818 1
1845 818 2
1846 818 1
1847 818 1
238 819 1
1166 819 1
21 820 1
310 820 2
948 820 1
1075 820 6
1102 820 1
1618 820 1
1869 820 1
15 821 1
725 821 1
1065 821 1
824 822 1
1951 822 1
159 823 1
371 823 1
614 823 1
686 823 1
726 823 1
1029 823 1
1953 823 1
822 824 1
2501 825 1
451 826 1
597 826 1
608 827 1
1963 827 1
2320 827 1
1009 828 1
2356 828 1
68 829 1
255 829 1
835 829 5
855 829 1
983 829 2
1121 829 1
1164 829 2
1225 829 1
1289 829 1
1646 829 1
1647 829 1
1916 829 1
1917 829 1
1966 829 1
1967 829 1
1968 829 1
1969 829 1
1559 830 1
1560 830 1
1561 830 1
480 831 1
785 831 1
833 831 1
965 831 1
1850 831 1
255 832 1
780 833 1
831 833 1
2 834 1
837 834 1
999 834 1
1622 834 1
483 835 1
829 835 5
1969 835 1
12 836 1
601 836 1
609 836 1
681 836 1
682 836 1
834 837 1
430 838 1
1063 838 1
1278 838 1
1470 838 1
2363 838 1
2364 838 1
2365 838 1
667 839 1
761 840 1
818 840 1
939 840 1
1101 840 2
1238 840 1
1351 840 1
1358 840 1
1844 840 1
29 841 1
181 841 1
331 841 1
1149 841 1
615 842 1
43 843 2
676 843 2
596 844 1
669 844 1
904 844 1
994 844 1
633 845 1
669 845 1
765 845 1
865 845 1
1481 845 1
1975 845 1
126 846 1
427 846 3
659 847 1
1382 847 2
1965 847 2
28 848 1
91 848 1
197 848 1
311 848 1
342 848 1
480 848 5
482 848 2
533 848 1
541 848 1
886 848 1
963 848 1
1384 848 1
1480 848 1
1510 848 1
1642 848 1
1676 848 1
2115 848 1
2227 848 1
2241 848 1
2242 848 1
316 849 3
2072 849 1
958 850 1
1982 850 1
774 851 1
1376 851 1
1477 851 1
808 852 1
808 853 1
173 854 1
195 854 1
405 854 1
526 854 1
575 854 1
589 854 1
738 854 1
802 854 1
829 855 1
983 855 1
1225 855 1
413 856 1
404 857 1
1085 857 1
1150 857 1
1166 857 1
1474 857 1
978 858 1
891 859 1
474 860 1
867 860 1
871 860 1
249 861 2
250 861 1
988 861 3
989 861 2
347 862 2
351 862 2
880 862 1
930 862 2
1061 862 1
1222 862 1
75 863 1
697 863 1
2129 863 1
973 864 1
1004 864 1
27 865 1
633 865 1
669 865 1
765 865 1
845 865 1
1481 865 1
1975 865 1
338 866 1
860 867 1
871 867 1
352 868 1
1062 868 1
1107 868 2
1248 868 1
1257 868 1
1660 868 1
2134 868 1
611 869 1
30 870 2
107 870 1
157 870 1
256 870 1
386 870 1
436 870 1
555 870 1
648 870 2
1034 870 1
1160 870 1
2331 870 1
860 871 1
867 871 1
405 872 1
472 872 1
716 872 1
1264 873 1
1322 873 1
343 874 1
103 875 1
482 876 1
1932 877 1
1933 877 1
1934 877 1
1935 877 1
616 878 1
617 878 1
902 879 1
1026 879 1
1195 879 1
1299 879 1
395 880 1
526 880 2
792 880 2
862 880 1
930 880 1
1014 880 1
1180 880 1
1215 880 1
1222 880 1
1271 880 1
1370 880 2
1417 880 2
1592 880 2
2395 880 2
2477 880 1
771 881 1
938 881 1
1811 881 1
541 882 2
2037 882 1
437 883 1
438 883 1
383 884 1
1018 885 1
1065 885 2
482 886 1
848 886 1
602 887 1
1136 888 1
788 889 1
1495 889 1
1455 890 1
859 891 1
2130 891 1
2059 892 1
64 893 1
285 893 1
800 893 1
315 894 1
801 894 1
2093 895 1
606 896 1
710 896 1
801 896 1
987 896 1
14 897 1
258 897 1
712 897 1
961 897 1
103 898 1
766 898 1
103 899 1
691 899 1
185 900 1
458 900 1
686 900 1
772 901 1
902 901 1
110 902 1
772 902 2
879 902 1
901 902 1
1026 902 1
1122 902 1
1195 902 1
904 903 1
1782 903 1
1873 903 1
675 904 1
844 904 1
903 904 1
994 904 3
1058 904 1
1194 904 1
1734 904 1
1872 904 1
1873 904 3
1976 904 2
1063 905 1
1959 905 1
1990 905 1
1994 905 1
2033 905 1
2034 905 1
2051 905 1
2052 905 1
2163 905 2
532 906 2
1134 906 1
1253 906 1
1262 906 1
1769 906 1
1791 906 1
1792 906 1
1793 906 1
1794 906 1
2096 906 1
732 907 1
111 908 1
2098 908 1
341 909 1
2138 909 1
509 910 1
537 910 1
1234 910 1
1942 910 1
1943 910 1
491 911 1
1222 911 1
658 912 1
1133 912 1
2082 912 1
401 913 1
589 913 1
967 913 1
1600 913 1
2414 913 1
2415 913 1
1290 914 1
2210 914 1
336 915 2
566 915 3
1272 915 3
1273 915 3
1134 916 2
1936 916 1
347 917 1
798 917 1
424 918 1
1226 918 1
1602 919 1
1990 919 1
177 920 1
1123 920 1
1131 920 1
2064 920 1
395 921 1
444 922 1
731 922 1
923 922 1
1011 922 1
1184 922 1
731 923 1
922 923 1
368 924 1
406 924 1
997 924 2
2324 924 1
2325 924 1
811 925 1
926 925 1
1901 925 2
811 926 1
925 926 1
1755 926 1
1901 926 2
802 927 1
928 927 1
802 928 1
927 928 1
214 929 1
656 929 1
347 930 1
351 930 1
608 930 1
862 930 2
880 930 1
1041 930 1
1057 930 1
1061 930 1
1222 930 1
135 931 2
227 931 1
605 931 1
1937 931 1
2248 932 1
2249 932 1
762 933 1
934 933 1
968 933 1
1095 933 1
86 934 1
376 934 1
762 934 1
933 934 1
1095 934 1
1107 934 1
1251 934 1
1261 934 1
1843 934 1
2307 935 1
2308 935 1
1174 936 1
1558 936 1
2135 936 1
424 937 1
678 937 1
1248 937 1
1772 937 1
1928 937 1
1930 937 1
771 938 1
881 938 1
1811 938 1
840 939 1
1351 939 1
1358 939 1
1165 940 1
2284 940 1
1395 941 1
1756 941 1
153 942 1
609 942 1
249 943 1
1162 944 1
1133 945 1
1800 946 1
1971 946 1
467 947 1
820 948 1
1618 948 1
634 949 1
1103 949 1
2177 949 1
194 950 1
1518 950 1
21 951 1
1073 951 1
1074 951 1
1075 951 1
241 952 1
979 952 2
1737 952 1
576 953 1
801 953 3
1250 953 1
1361 954 1
1362 954 2
1417 954 1
1484 954 1
1999 954 1
1040 955 1
721 956 1
14 957 1
574 957 1
1066 957 1
5 958 1
75 958 1
850 958 1
1039 958 1
549 959 1
1103 960 1
897 961 1
763 962 2
1102 962 1
1123 962 4
1863 962 1
1871 962 1
2107 962 1
848 963 1
292 964 1
569 964 1
809 964 2
327 965 1
801 965 1
831 965 1
1897 966 1
1902 966 1
401 967 1
589 967 1
913 967 1
1600 967 1
137 968 1
624 968 1
762 968 1
933 968 1
1095 968 1
970 969 1
969 970 1
793 971 4
808 971 1
972 971 4
1703 971 1
1803 971 1
439 972 1
793 972 6
808 972 2
971 972 4
1330 972 1
1565 972 1
1568 972 3
1569 972 1
1570 972 2
1571 972 2
1688 972 1
1803 972 2
864 973 1
1004 973 1
1487 974 1
7 975 1
600 975 1
814 975 1
1082 975 1
1155 975 1
1218 976 1
1080 977 1
858 978 1
241 979 1
703 979 1
952 979 2
996 979 1
1070 979 1
1419 979 1
1497 979 1
1531 979 2
1667 979 2
1668 979 2
1737 979 1
342 980 1
714 980 1
379 981 1
1417 981 1
2126 981 1
442 982 1
1100 982 1
1571 982 1
1862 982 1
68 983 1
829 983 2
855 983 1
1225 983 1
1605 983 1
1967 983 1
1172 984 1
1603 984 1
2252 985 1
2253 985 1
2254 985 1
1108 986 1
1898 986 1
1899 986 1
576 987 1
581 987 1
606 987 1
896 987 1
249 988 2
250 988 1
861 988 3
989 988 2
249 989 1
250 989 1
861 989 2
988 989 2
159 990 1
804 990 1
1028 990 1
156 991 2
299 991 1
631 991 5
1010 991 2
993 992 1
992 993 1
844 994 1
904 994 3
1872 994 1
1873 994 1
1976 994 1
168 995 1
1042 995 1
979 996 1
1541 996 1
924 997 2
2324 997 1
2325 997 1
190 998 1
710 998 1
801 998 2
1267 998 1
1268 998 1
1307 998 1
1337 998 1
1340 998 1
2322 998 1
2401 998 1
834 999 1
440 1000 1
571 1000 1
586 1000 1
201 1001 1
747 1001 1
760 1001 1
16 1002 1
318 1002 1
650 1002 1
588 1003 1
864 1004 1
973 1004 1
1209 1004 1
1253 1004 1
1598 1004 1
522 1005 1
1017 1006 1
159 1007 1
1030 1007 1
44 1008 2
81 1008 1
828 1009 1
2190 1009 1
2356 1009 1
156 1010 2
631 1010 2
991 1010 2
922 1011 1
580 1012 1
604 1012 1
1049 1012 1
1315 1012 1
100 1013 1
588 1013 1
739 1013 1
768 1013 1
2484 1013 1
880 1014 1
491 1015 1
681 1015 1
559 1016 1
622 1016 1
623 1016 1
1006 1017 1
885 1018 1
1065 1018 1
1020 1019 1
2058 1019 1
2348 1019 1
1019 1020 1
2348 1020 1
12 1021 1
201 1021 1
223 1021 1
345 1021 1
580 1021 1
1055 1021 1
1184 1021 1
87 1022 1
111 1022 2
418 1022 1
681 1022 3
1313 1022 1
59 1023 1
83 1023 1
800 1023 1
1456 1023 1
2407 1023 1
439 1024 1
683 1024 1
715 1024 1
1104 1024 1
683 1025 1
1208 1025 1
2305 1025 1
879 1026 1
902 1026 1
1191 1026 1
1195 1026 1
186 1027 1
544 1027 1
1142 1027 1
804 1028 1
990 1028 1
823 1029 1
159 1030 3
1007 1030 1
2202 1030 1
2386 1030 1
768 1031 1
36 1032 2
1111 1032 1
157 1033 1
555 1033 1
1034 1033 1
1035 1033 1
157 1034 2
555 1034 2
870 1034 1
1033 1034 1
1035 1034 1
1160 1034 1
2331 1034 1
157 1035 1
555 1035 1
1033 1035 1
1034 1035 1
45 1036 1
2355 1037 1
344 1038 1
798 1038 1
5 1039 1
75 1039 1
511 1039 1
599 1039 1
797 1039 1
958 1039 1
1113 1039 1
1204 1039 1
1210 1039 1
1259 1039 1
1931 1039 1
955 1040 1
657 1041 1
930 1041 1
168 1042 1
184 1042 1
202 1042 1
617 1042 1
995 1042 1
1157 1042 1
1193 1042 1
1298 1042 1
1804 1042 1
2302 1042 1
722 1043 1
1044 1043 1
167 1044 1
575 1044 1
722 1044 1
1043 1044 1
1096 1045 1
1331 1045 1
323 1046 1
601 1046 1
1122 1047 1
2281 1047 1
2400 1047 1
590 1048 1
743 1048 1
744 1048 1
580 1049 1
604 1049 1
1012 1049 1
1315 1049 1
444 1050 1
511 1050 3
527 1050 1
537 1050 1
1318 1050 1
2473 1050 1
2474 1050 1
194 1051 1
1354 1051 1
2464 1052 1
2465 1052 1
2466 1052 1
157 1053 1
672 1053 1
718 1053 1
739 1053 2
351 1054 1
604 1054 1
1189 1054 1
1275 1054 1
223 1055 1
1021 1055 1
1184 1055 1
23 1056 1
930 1057 1
904 1058 1
1194 1058 1
2402 1059 1
22 1060 1
632 1060 1
38 1061 1
77 1061 1
78 1061 1
275 1061 1
347 1061 1
351 1061 1
460 1061 1
731 1061 1
862 1061 1
930 1061 1
1704 1061 1
1705 1061 1
352 1062 2
868 1062 1
1107 1062 1
1143 1062 1
1246 1062 1
1248 1062 1
1257 1062 1
1660 1062 1
2151 1062 1
430 1063 2
838 1063 1
905 1063 1
1278 1063 1
1594 1063 1
741 1064 1
779 1064 1
15 1065 1
724 1065 1
725 1065 2
821 1065 1
885 1065 2
1018 1065 1
1708 1065 1
14 1066 1
574 1066 1
957 1066 1
16 1067 1
401 1067 1
790 1067 1
525 1068 1
678 1068 1
1471 1068 1
2150 1068 1
678 1069 1
1681 1069 2
2270 1069 1
166 1070 1
573 1070 1
979 1070 1
1585 1070 1
1586 1070 1
349 1071 1
1600 1071 1
706 1072 1
1833 1072 1
21 1073 1
951 1073 1
1074 1073 1
1075 1073 1
21 1074 1
951 1074 1
1073 1074 1
1075 1074 1
21 1075 3
820 1075 6
951 1075 1
1073 1075 1
1074 1075 1
1102 1075 1
1744 1075 1
384 1076 1
398 1076 1
1537 1076 1
1665 1076 1
2439 1076 1
2448 1076 1
1174 1077 1
185 1078 1
458 1078 1
2272 1078 1
1580 1079 1
1581 1079 1
1582 1079 1
1583 1079 1
1584 1079 1
1803 1079 1
977 1080 1
326 1081 1
626 1081 1
7 1082 1
600 1082 1
814 1082 1
975 1082 1
1155 1082 1
171 1083 1
206 1083 1
1699 1084 1
1700 1084 1
1701 1084 1
404 1085 1
857 1085 1
99 1086 2
123 1086 1
124 1086 1
377 1086 1
446 1086 1
1764 1086 1
1811 1086 1
745 1087 1
1866 1087 1
1481 1088 1
1644 1088 2
1645 1088 1
1802 1088 1
87 1089 1
1090 1089 1
87 1090 2
88 1090 1
418 1090 1
1089 1090 1
2385 1090 1
1092 1091 1
1158 1091 1
1091 1092 1
1158 1092 1
138 1093 1
1094 1093 1
1163 1093 1
1821 1093 1
138 1094 1
1093 1094 1
1163 1094 1
1821 1094 1
16 1095 1
762 1095 2
933 1095 1
934 1095 1
968 1095 1
1156 1095 1
1251 1095 1
1832 1095 1
1833 1095 1
409 1096 2
1045 1096 1
1185 1096 1
1283 1096 1
1331 1096 2
2503 1096 1
122 1097 2
2384 1097 1
2463 1097 1
185 1098 1
610 1098 1
686 1098 1
1293 1099 1
1812 1099 1
442 1100 1
982 1100 1
1571 1100 1
1862 1100 1
761 1101 1
818 1101 1
840 1101 2
1238 1101 1
1844 1101 1
103 1102 1
775 1102 1
820 1102 1
962 1102 1
1075 1102 1
1123 1102 2
1869 1102 1
277 1103 1
634 1103 1
949 1103 1
960 1103 1
1192 1103 1
2177 1103 1
2478 1103 1
2479 1103 1
683 1104 1
1024 1104 1
2268 1104 1
400 1105 1
1710 1105 1
1711 1105 3
1800 1105 1
1877 1105 1
1811 1106 1
1920 1106 1
1921 1106 1
86 1107 1
352 1107 1
762 1107 1
868 1107 2
934 1107 1
1062 1107 1
1248 1107 1
1257 1107 1
1660 1107 1
2134 1107 1
986 1108 1
1109 1108 1
1898 1108 1
1899 1108 1
2394 1108 1
1108 1109 1
2394 1109 1
376 1110 1
657 1110 1
668 1110 1
690 1110 1
1197 1110 1
1207 1110 1
36 1111 2
409 1111 1
1032 1111 1
1262 1112 1
1686 1112 2
1688 1112 1
1989 1112 1
797 1113 1
1039 1113 1
179 1114 1
1116 1115 3
1117 1115 1
1118 1115 5
1954 1115 1
1955 1115 2
1986 1115 2
1987 1115 1
1115 1116 3
1117 1116 1
1118 1116 3
1954 1116 1
1955 1116 2
1986 1116 1
409 1117 1
424 1117 1
1115 1117 1
1116 1117 1
1118 1117 1
1141 1117 1
1955 1117 1
1979 1117 1
764 1118 2
802 1118 1
1115 1118 5
1116 1118 3
1117 1118 1
1954 1118 1
1955 1118 2
1986 1118 2
1987 1118 1
2057 1118 1
2442 1118 1
2467 1118 1
2468 1118 1
808 1119 1
1995 1120 1
45 1121 1
783 1121 1
829 1121 1
1837 1121 1
772 1122 1
902 1122 1
1047 1122 1
2281 1122 1
2400 1122 1
103 1123 1
177 1123 1
763 1123 1
920 1123 1
962 1123 4
1102 1123 2
1131 1123 1
1319 1123 1
1462 1123 1
1834 1123 1
1863 1123 1
1869 1123 1
2064 1123 1
2104 1123 1
2105 1123 1
2106 1123 1
2107 1123 2
2108 1123 1
2027 1124 1
166 1125 1
193 1125 1
619 1125 1
655 1125 1
676 1125 1
680 1125 1
1154 1125 1
1240 1125 1
1619 1125 1
1620 1125 1
1621 1125 1
2028 1125 1
175 1126 1
207 1126 1
208 1126 1
488 1126 1
1127 1126 1
1370 1126 1
1402 1126 1
1592 1126 1
2032 1126 2
2444 1126 1
2445 1126 1
1126 1127 1
292 1128 1
628 1128 2
1129 1128 1
292 1129 1
628 1129 1
1128 1129 1
169 1130 1
1217 1130 2
177 1131 5
811 1131 1
920 1131 1
1123 1131 1
2064 1131 1
103 1132 1
274 1132 1
658 1133 1
912 1133 1
945 1133 1
2082 1133 1
906 1134 1
916 1134 2
1253 1134 1
1936 1134 1
2096 1134 1
2332 1134 1
583 1135 1
761 1135 1
818 1135 1
1169 1135 1
1219 1135 3
1238 1135 1
1845 1135 1
1846 1135 1
1941 1135 1
405 1136 1
888 1136 1
102 1137 1
195 1137 1
528 1137 1
2153 1138 1
153 1139 1
154 1139 1
216 1140 1
445 1140 1
1848 1140 1
1849 1140 1
409 1141 1
424 1141 4
1117 1141 1
1979 1141 3
186 1142 1
544 1142 1
1027 1142 1
1062 1143 1
1246 1143 1
456 1144 1
2092 1144 1
442 1145 1
443 1145 1
121 1146 1
2154 1146 2
2285 1146 1
619 1147 1
2047 1147 1
78 1148 1
184 1148 1
620 1148 1
1588 1148 1
29 1149 1
841 1149 1
1478 1149 1
857 1150 1
1166 1150 1
370 1151 1
694 1152 1
1509 1152 1
1224 1153 1
1654 1153 1
1664 1153 1
193 1154 1
619 1154 1
655 1154 1
680 1154 1
1125 1154 1
1240 1154 1
1619 1154 1
1620 1154 1
1621 1154 1
7 1155 1
600 1155 1
814 1155 1
975 1155 1
1082 1155 1
83 1156 1
629 1156 2
707 1156 1
762 1156 1
1095 1156 1
1246 1156 1
1717 1156 2
1718 1156 1
1833 1156 1
2159 1156 1
202 1157 1
1042 1157 1
2455 1157 1
1091 1158 1
1092 1158 1
2030 1159 1
2031 1159 1
2044 1159 1
2283 1159 1
157 1160 1
555 1160 1
870 1160 1
1034 1160 1
2331 1160 1
210 1161 1
944 1162 1
138 1163 1
1093 1163 1
1094 1163 1
1821 1163 1
829 1164 2
1260 1164 1
1646 1164 1
1647 1164 1
1916 1164 1
1917 1164 1
940 1165 1
2284 1165 1
819 1166 1
857 1166 1
1150 1166 1
286 1167 1
1296 1168 1
2071 1168 1
1135 1169 1
1219 1169 1
1495 1170 1
415 1171 2
460 1171 1
618 1171 1
984 1172 1
1603 1172 1
439 1173 1
625 1173 1
719 1173 1
362 1174 2
936 1174 1
1077 1174 1
1415 1174 2
1789 1174 2
2135 1174 1
1445 1175 1
2234 1176 1
370 1177 1
735 1177 1
736 1177 3
1178 1177 2
2337 1177 1
735 1178 1
736 1178 2
1177 1178 2
652 1179 1
2329 1179 1
2330 1179 1
880 1180 1
1271 1180 1
650 1181 1
192 1182 2
681 1182 1
731 1182 2
1203 1182 1
444 1183 1
1310 1183 1
1311 1183 1
223 1184 1
444 1184 2
795 1184 1
922 1184 1
1021 1184 1
1055 1184 1
1096 1185 1
2503 1185 1
236 1186 1
290 1186 1
672 1187 1
375 1188 1
465 1188 1
2314 1188 1
351 1189 1
604 1189 1
1054 1189 1
1275 1189 1
161 1190 1
559 1190 1
634 1190 1
635 1190 1
759 1190 1
812 1190 1
1903 1190 1
1904 1190 1
2063 1190 1
553 1191 1
673 1191 1
1026 1191 1
395 1192 1
1103 1192 1
2478 1192 1
2479 1192 1
184 1193 1
617 1193 1
1042 1193 1
1298 1193 1
2302 1193 1
904 1194 1
1058 1194 1
879 1195 1
902 1195 1
1026 1195 1
604 1196 1
1309 1196 1
657 1197 1
668 1197 1
1110 1197 1
2496 1198 1
1200 1199 1
1199 1200 1
1202 1201 2
1252 1201 1
1274 1201 1
1201 1202 2
1252 1202 1
1274 1202 1
1316 1202 1
111 1203 1
192 1203 1
681 1203 1
1182 1203 1
1039 1204 1
1210 1204 1
631 1205 1
722 1205 1
2476 1205 1
173 1206 1
376 1207 2
657 1207 3
690 1207 1
1110 1207 1
1842 1207 1
1843 1207 1
683 1208 1
1025 1208 1
2305 1208 1
1004 1209 1
1253 1209 1
1598 1209 1
599 1210 2
1039 1210 1
1204 1210 1
1339 1210 1
1931 1210 1
2469 1210 1
2470 1210 1
2471 1210 1
22 1211 1
515 1211 1
2457 1211 1
2458 1211 1
16 1212 1
515 1212 1
637 1212 1
797 1213 1
445 1214 2
2103 1214 1
880 1215 1
2395 1215 1
228 1216 1
1557 1216 1
169 1217 1
791 1217 1
1130 1217 2
976 1218 1
761 1219 1
818 1219 1
1135 1219 3
1169 1219 1
1238 1219 1
1258 1219 1
1845 1219 1
1846 1219 1
1941 1219 2
167 1220 1
793 1221 1
1565 1221 1
1566 1221 1
491 1222 1
862 1222 1
880 1222 1
911 1222 1
930 1222 1
1277 1223 1
1321 1223 1
1153 1224 1
1654 1224 1
829 1225 1
855 1225 1
983 1225 1
424 1226 1
918 1226 1
18 1227 1
657 1227 1
1677 1227 1
10 1228 2
11 1228 2
178 1228 1
653 1228 1
1232 1228 1
1680 1228 1
1308 1229 1
215 1230 1
351 1230 1
1819 1230 1
1820 1230 1
662 1231 1
762 1231 2
1316 1231 1
1332 1231 1
2447 1231 1
10 1232 1
11 1232 1
653 1232 1
1228 1232 1
1246 1233 1
2111 1233 1
910 1234 1
1942 1234 1
1943 1234 1
740 1235 1
2315 1236 1
790 1237 1
761 1238 2
818 1238 2
840 1238 1
1101 1238 1
1135 1238 1
1219 1238 1
1844 1238 1
1845 1238 1
1846 1238 1
640 1239 1
1240 1239 1
193 1240 1
619 1240 1
640 1240 2
655 1240 1
680 1240 1
1125 1240 1
1154 1240 1
1239 1240 1
1619 1240 1
1620 1240 1
1621 1240 1
2417 1240 1
351 1241 1
1291 1241 1
652 1242 1
1243 1242 1
652 1243 1
1242 1243 1
1259 1244 1
1714 1244 1
1724 1244 1
790 1245 1
1246 1245 1
762 1246 1
790 1246 3
1062 1246 1
1143 1246 1
1156 1246 1
1233 1246 1
1245 1246 1
1841 1246 1
2111 1246 1
2133 1246 1
2159 1246 1
2160 1246 1
503 1247 1
2012 1247 1
352 1248 1
868 1248 1
937 1248 1
1062 1248 1
1107 1248 1
1257 1248 1
1660 1248 1
1772 1248 1
1930 1248 1
2250 1249 1
801 1250 1
953 1250 1
755 1251 1
761 1251 1
934 1251 1
1095 1251 1
1201 1252 1
1202 1252 1
599 1253 1
906 1253 1
1004 1253 1
1134 1253 1
1209 1253 1
1254 1253 1
1280 1253 1
1598 1253 1
1636 1253 1
1637 1253 1
2096 1253 1
599 1254 2
1253 1254 1
1280 1254 1
1636 1254 1
1637 1254 1
2019 1254 1
136 1255 1
1265 1255 1
1327 1256 1
1913 1256 1
352 1257 1
868 1257 1
1062 1257 1
1107 1257 1
1248 1257 1
1660 1257 1
78 1258 2
579 1258 2
1219 1258 1
1270 1258 1
1963 1258 2
116 1259 1
511 1259 2
537 1259 1
1039 1259 1
1244 1259 1
1714 1259 3
1724 1259 1
1973 1259 1
1164 1260 1
376 1261 2
381 1261 2
424 1261 2
481 1261 2
802 1261 2
934 1261 1
1356 1261 2
1725 1261 1
1821 1261 1
1843 1261 1
532 1262 1
906 1262 1
1112 1262 1
1685 1262 1
1686 1262 2
1687 1262 1
1688 1262 1
1769 1262 1
1794 1262 1
419 1263 1
563 1263 1
402 1264 1
584 1264 1
680 1264 1
873 1264 1
1322 1264 1
1456 1264 1
1573 1264 1
1255 1265 1
90 1266 1
276 1266 1
317 1266 1
801 1267 1
998 1267 1
1268 1267 1
801 1268 1
998 1268 1
1267 1268 1
769 1269 1
78 1270 1
579 1270 1
1258 1270 1
1963 1270 1
880 1271 1
1180 1271 1
1320 1271 2
1961 1271 2
336 1272 3
566 1272 5
915 1272 3
1273 1272 3
336 1273 2
566 1273 3
915 1273 3
1272 1273 3
1201 1274 1
1202 1274 1
351 1275 1
604 1275 1
1054 1275 1
1189 1275 1
24 1276 1
48 1276 1
215 1276 1
332 1276 1
731 1276 1
2137 1276 1
1223 1277 1
1321 1277 1
430 1278 1
838 1278 1
1063 1278 1
189 1279 1
602 1279 1
599 1280 1
1253 1280 1
1254 1280 1
1636 1280 1
1637 1280 1
1573 1281 1
813 1282 1
1663 1282 1
409 1283 1
1096 1283 1
1285 1284 1
1284 1285 1
646 1286 1
36 1287 1
252 1287 1
356 1287 1
718 1287 1
1319 1288 1
1801 1288 1
829 1289 1
1966 1289 1
914 1290 1
1241 1291 1
327 1292 1
1099 1293 1
1812 1293 1
2251 1294 1
129 1295 1
288 1295 1
339 1295 1
1168 1296 1
2071 1296 1
79 1297 1
752 1297 1
2157 1297 1
184 1298 1
375 1298 1
617 1298 1
1042 1298 1
1193 1298 1
1712 1298 1
2302 1298 1
879 1299 1
14 1300 1
637 1300 1
383 1301 1
1323 1301 1
2449 1301 1
415 1302 1
509 1303 2
537 1303 1
2286 1303 1
2287 1303 1
2333 1303 1
624 1304 1
1305 1304 1
624 1305 1
1304 1305 1
281 1306 1
751 1306 1
998 1307 1
2401 1307 1
1229 1308 1
1196 1309 1
444 1310 1
1183 1310 1
1311 1310 1
288 1311 1
444 1311 2
618 1311 1
1183 1311 1
1310 1311 1
187 1312 2
345 1312 2
111 1313 1
681 1313 1
1022 1313 1
464 1314 1
2075 1314 1
2076 1314 1
580 1315 1
604 1315 1
1012 1315 1
1049 1315 1
662 1316 1
762 1316 1
1202 1316 1
1231 1316 1
196 1317 1
511 1318 1
1050 1318 1
1123 1319 1
1288 1319 1
1462 1319 1
1801 1319 1
2107 1319 1
50 1320 1
511 1320 1
1271 1320 2
1961 1320 2
336 1321 1
394 1321 1
1223 1321 1
1277 1321 1
1936 1321 1
873 1322 1
1264 1322 1
383 1323 1
1301 1323 1
2449 1323 1
515 1324 1
2105 1325 1
511 1326 1
513 1326 1
1256 1327 1
1913 1327 1
55 1328 1
2293 1328 1
164 1329 1
431 1329 1
742 1329 1
972 1330 1
1568 1330 1
1570 1330 1
1571 1330 1
409 1331 1
1045 1331 1
1096 1331 2
762 1332 1
1231 1332 1
2447 1332 1
776 1333 1
279 1334 1
403 1334 1
2438 1334 1
399 1335 1
1417 1335 1
1532 1335 2
1547 1335 1
2493 1335 1
178 1336 1
710 1337 1
998 1337 1
1340 1337 1
2322 1337 1
184 1338 1
511 1338 1
513 1338 1
620 1338 1
599 1339 1
1210 1339 1
2469 1339 1
2470 1339 1
2471 1339 1
710 1340 1
998 1340 1
1337 1340 1
2322 1340 1
373 1341 1
1424 1341 1
1438 1341 2
2319 1342 1
1344 1343 1
1599 1343 1
1343 1344 1
348 1345 1
357 1345 1
387 1346 1
1347 1346 1
1348 1346 1
1396 1346 1
1476 1346 1
1498 1346 1
1346 1347 1
1346 1348 1
1476 1348 1
1498 1348 1
737 1349 2
1473 1349 1
1423 1350 1
1451 1350 1
1574 1350 1
840 1351 1
939 1351 1
1358 1351 1
1390 1351 1
1402 1352 1
238 1353 1
558 1353 1
568 1353 1
1405 1353 1
1406 1353 1
1521 1353 1
1552 1353 2
1554 1353 1
1635 1353 1
1638 1353 1
1639 1353 1
194 1354 2
498 1354 1
1051 1354 1
2427 1354 1
1412 1355 1
424 1356 2
481 1356 2
802 1356 2
1261 1356 2
1358 1357 1
1359 1357 1
840 1358 1
939 1358 1
1351 1358 1
1357 1358 1
1359 1358 3
1544 1358 1
1545 1358 1
1357 1359 1
1358 1359 3
1400 1359 1
1544 1359 1
1545 1359 1
2343 1360 1
2454 1360 1
954 1361 1
1362 1361 1
1364 1361 1
954 1362 2
1361 1362 1
1417 1362 1
218 1363 2
1472 1363 3
1361 1364 1
2229 1365 1
194 1366 1
320 1366 1
2032 1366 1
2080 1366 1
1368 1367 1
1367 1368 1
1534 1369 1
1542 1369 1
526 1370 2
792 1370 2
880 1370 2
1126 1370 1
1389 1370 2
1417 1370 2
1538 1370 1
1592 1370 4
1593 1370 1
1506 1371 2
1527 1371 1
1965 1372 1
1575 1373 1
1576 1373 1
370 1374 1
2507 1374 1
2017 1375 1
498 1376 1
851 1376 1
1477 1376 1
1513 1377 1
430 1378 2
786 1378 1
1640 1379 1
525 1380 1
678 1380 1
1640 1380 3
144 1381 1
457 1381 1
1454 1381 1
1496 1381 1
847 1382 2
1965 1382 2
430 1383 1
1384 1383 1
399 1384 1
403 1384 1
430 1384 2
506 1384 1
848 1384 1
1383 1384 1
1387 1384 1
1547 1384 1
2313 1384 1
1388 1385 1
1513 1385 1
2341 1385 1
1468 1386 1
403 1387 1
430 1387 1
1384 1387 1
1536 1387 2
2265 1387 1
2266 1387 1
2296 1387 1
1385 1388 1
1513 1388 1
2341 1388 1
1370 1389 2
1538 1389 1
1539 1389 2
1592 1389 2
1593 1389 1
1706 1389 1
1972 1389 1
1351 1390 1
1433 1391 1
363 1392 1
1970 1392 1
468 1393 2
517 1394 1
1923 1394 1
941 1395 1
1562 1395 1
387 1396 1
508 1396 1
562 1396 1
1346 1396 1
1750 1396 1
1751 1396 1
1752 1396 1
797 1397 1
808 1397 1
1502 1397 1
2446 1397 1
1400 1398 1
782 1399 1
1359 1400 1
1398 1400 1
1402 1401 1
1403 1401 1
2419 1401 1
1126 1402 1
1352 1402 1
1401 1402 1
1403 1402 2
1639 1402 1
1822 1402 1
2006 1402 1
2420 1402 1
2421 1402 1
1401 1403 1
1402 1403 2
1472 1403 1
2006 1403 2
2418 1403 1
488 1404 1
1524 1404 1
1525 1404 1
1526 1404 1
1528 1404 1
2187 1404 1
2247 1404 1
1353 1405 1
1406 1405 1
1476 1405 1
1490 1405 1
1498 1405 1
1520 1405 1
1521 1405 1
1759 1405 1
1760 1405 1
1763 1405 1
541 1406 1
1353 1406 1
1405 1406 1
1521 1406 1
2038 1406 1
2316 1406 1
1429 1407 2
1409 1408 2
1408 1409 2
313 1410 1
1415 1410 1
521 1411 1
1355 1412 1
1413 1412 1
1412 1413 1
2102 1414 1
362 1415 3
1174 1415 2
1410 1415 1
1745 1415 1
1746 1415 1
1789 1415 2
1817 1415 1
1818 1415 1
2213 1416 1
379 1417 1
399 1417 1
429 1417 1
526 1417 2
792 1417 2
880 1417 2
954 1417 1
981 1417 1
1335 1417 1
1362 1417 1
1370 1417 2
1547 1417 1
1592 1417 2
2126 1417 1
1669 1418 1
1699 1418 1
1701 1418 1
2344 1418 2
2345 1418 2
2375 1418 1
2376 1418 1
2413 1418 1
979 1419 1
1497 1419 1
461 1420 1
13 1421 1
416 1421 1
1879 1421 1
1880 1421 1
493 1422 1
468 1423 1
781 1423 1
1350 1423 1
1451 1423 1
1574 1423 1
1795 1423 1
1796 1423 1
1341 1424 1
1438 1424 3
1453 1424 1
1823 1424 1
1438 1425 1
1427 1426 1
1428 1426 1
434 1427 2
1426 1427 1
1428 1427 1
410 1428 1
1426 1428 1
1427 1428 1
1443 1428 1
1452 1428 1
1407 1429 2
1430 1429 1
1576 1429 1
1429 1430 1
1530 1431 1
1531 1431 2
101 1432 1
1391 1433 1
1486 1434 1
1519 1434 1
1774 1434 1
1900 1434 2
252 1435 1
391 1435 1
1439 1436 1
1659 1436 1
476 1437 1
373 1438 1
1341 1438 2
1424 1438 3
1425 1438 1
1453 1438 2
1823 1438 1
1436 1439 1
1659 1439 1
1458 1440 1
1491 1440 1
1892 1440 1
296 1441 1
307 1441 1
432 1441 1
1617 1442 1
410 1443 1
1428 1443 1
1452 1443 1
484 1444 1
1761 1444 2
1762 1444 2
1886 1444 1
1175 1445 1
2422 1446 1
1501 1447 1
1608 1447 1
1609 1447 1
1610 1447 1
1790 1447 1
244 1448 1
378 1448 1
101 1449 1
335 1450 1
1350 1451 1
1423 1451 1
1574 1451 1
410 1452 1
1428 1452 1
1443 1452 1
373 1453 1
1424 1453 1
1438 1453 2
457 1454 1
1381 1454 1
2162 1454 1
890 1455 1
59 1456 1
83 1456 1
402 1456 1
680 1456 1
749 1456 1
800 1456 1
1023 1456 1
1264 1456 1
1876 1456 1
2407 1456 1
119 1457 1
378 1457 1
1440 1458 1
144 1459 1
2011 1460 1
564 1461 1
1499 1461 1
248 1462 1
498 1462 1
1123 1462 1
1319 1462 1
1463 1462 1
1468 1462 1
2107 1462 1
2226 1462 1
228 1463 1
516 1463 1
565 1463 1
746 1463 1
1462 1463 1
1901 1463 1
1465 1464 1
1464 1465 1
1467 1466 1
1476 1466 1
1715 1466 1
1466 1467 1
1476 1467 1
1715 1467 1
498 1468 1
1386 1468 1
1462 1468 1
2226 1468 1
2229 1468 1
2228 1469 1
416 1470 1
838 1470 1
1068 1471 1
2114 1471 1
218 1472 2
1363 1472 3
1403 1472 1
2418 1472 1
735 1473 1
736 1473 1
737 1473 2
1349 1473 1
1491 1473 1
1892 1473 1
857 1474 1
168 1475 1
1590 1475 1
567 1476 1
1346 1476 1
1348 1476 1
1405 1476 1
1466 1476 1
1467 1476 1
1490 1476 1
1498 1476 4
1500 1476 1
1546 1476 1
1715 1476 3
1749 1476 1
2182 1476 1
488 1477 1
851 1477 1
1376 1477 1
1492 1477 1
1611 1477 1
1612 1477 1
1613 1477 1
2025 1477 1
1149 1478 1
165 1479 1
478 1479 1
848 1480 1
2115 1480 1
633 1481 1
669 1481 1
765 1481 1
845 1481 1
865 1481 1
1088 1481 1
1486 1481 1
1644 1481 1
1645 1481 1
1740 1481 1
1975 1481 1
89 1482 1
2423 1482 1
1489 1483 1
1514 1483 1
2409 1483 1
954 1484 1
2318 1484 1
2498 1485 1
2499 1485 1
1434 1486 1
1481 1486 1
1487 1486 1
1740 1486 1
974 1487 1
1486 1487 1
1554 1487 1
2164 1487 1
554 1488 1
730 1489 1
1483 1489 1
1948 1489 1
2342 1489 1
2409 1489 1
1405 1490 1
1476 1490 1
1498 1490 1
1440 1491 1
1473 1491 1
1883 1491 1
1892 1491 2
1477 1492 1
1494 1493 1
1493 1494 1
889 1495 1
1170 1495 1
1381 1496 1
64 1497 2
400 1497 2
583 1497 2
979 1497 1
1419 1497 1
2015 1497 1
2109 1497 1
2110 1497 1
2209 1497 2
567 1498 1
1346 1498 1
1348 1498 1
1405 1498 1
1476 1498 4
1490 1498 1
1546 1498 1
564 1499 1
1461 1499 1
1476 1500 1
2182 1500 1
1447 1501 1
1790 1501 1
797 1502 1
808 1502 1
1397 1502 1
2446 1502 1
342 1503 1
480 1503 1
1505 1504 1
1504 1505 1
1371 1506 2
1723 1506 1
2219 1507 1
1881 1508 1
1882 1508 1
1883 1508 1
694 1509 1
1152 1509 1
848 1510 1
1642 1510 1
2195 1511 1
243 1512 1
521 1512 1
1377 1513 1
1385 1513 1
1388 1513 1
2341 1513 1
1483 1514 1
335 1515 1
1860 1516 1
70 1517 1
2235 1517 1
194 1518 2
950 1518 1
1434 1519 1
735 1520 1
737 1520 1
1405 1520 1
1353 1521 1
1405 1521 1
1406 1521 1
2508 1522 1
2424 1523 1
1404 1524 1
1525 1524 1
1526 1524 1
1404 1525 1
1524 1525 1
1526 1525 1
1404 1526 1
1524 1526 1
1525 1526 1
518 1527 1
594 1527 1
1371 1527 1
1404 1528 1
2504 1529 1
2505 1529 1
1431 1530 1
1531 1530 1
703 1531 1
979 1531 2
1431 1531 2
1530 1531 1
1335 1532 2
1763 1532 1
1807 1532 1
1808 1532 1
1900 1532 1
385 1533 2
452 1533 1
1369 1534 1
1542 1534 1
1998 1535 2
1387 1536 2
2265 1536 1
2266 1536 1
1076 1537 1
2497 1537 1
1370 1538 1
1389 1538 1
1592 1538 1
1389 1539 2
1706 1539 1
496 1540 1
996 1541 1
1369 1542 1
1534 1542 1
359 1543 1
1970 1543 1
2326 1543 1
1358 1544 1
1359 1544 1
1545 1544 1
1358 1545 1
1359 1545 1
1544 1545 1
567 1546 1
1476 1546 1
1498 1546 1
370 1547 1
399 1547 3
506 1547 1
1335 1547 1
1384 1547 1
1417 1547 1
1993 1547 1
2313 1547 1
540 1548 2
541 1548 1
1620 1549 1
2010 1549 1
2460 1549 1
35 1550 1
2269 1550 1
595 1551 1
2511 1551 1
1353 1552 2
1554 1552 1
1638 1552 1
1639 1552 1
264 1553 1
1353 1554 1
1487 1554 1
1552 1554 1
1638 1554 1
2164 1554 1
669 1555 1
397 1556 1
228 1557 1
1216 1557 1
936 1558 1
830 1559 1
1560 1559 1
1561 1559 1
830 1560 1
1559 1560 1
1561 1560 1
830 1561 1
1559 1561 1
1560 1561 1
1395 1562 1
1564 1563 2
1563 1564 2
793 1565 4
972 1565 1
1221 1565 1
1566 1565 1
1688 1565 2
1709 1565 1
793 1566 1
1221 1566 1
1565 1566 1
234 1567 1
972 1568 3
1330 1568 1
1569 1568 1
1570 1568 2
1571 1568 2
972 1569 1
1568 1569 1
972 1570 2
1330 1570 1
1568 1570 2
1571 1570 2
442 1571 1
972 1571 2
982 1571 1
1100 1571 1
1330 1571 1
1568 1571 2
1570 1571 2
1862 1571 1
435 1572 1
584 1573 1
1264 1573 1
1281 1573 1
348 1574 1
551 1574 1
781 1574 1
1350 1574 1
1423 1574 1
1451 1574 1
1655 1574 1
1656 1574 1
1373 1575 1
1576 1575 1
1373 1576 1
1429 1576 1
1575 1576 1
1996 1576 1
1997 1576 1
1578 1577 1
1579 1577 1
1577 1578 1
1579 1578 1
1577 1579 1
1578 1579 1
1079 1580 1
1581 1580 1
1582 1580 1
1583 1580 1
1584 1580 1
1079 1581 1
1580 1581 1
1582 1581 1
1583 1581 1
1584 1581 1
1079 1582 1
1580 1582 1
1581 1582 1
1583 1582 1
1584 1582 1
699 1583 1
1079 1583 1
1580 1583 1
1581 1583 1
1582 1583 1
1584 1583 1
2273 1583 1
1079 1584 1
1580 1584 1
1581 1584 1
1582 1584 1
1583 1584 1
166 1585 1
573 1585 1
1070 1585 1
1586 1585 1
166 1586 1
573 1586 1
1070 1586 1
1585 1586 1
184 1587 1
78 1588 1
184 1588 1
620 1588 1
1148 1588 1
222 1589 1
292 1589 1
628 1589 1
630 1589 1
809 1589 1
168 1590 1
791 1590 1
1475 1590 1
801 1591 1
526 1592 2
792 1592 2
880 1592 2
1126 1592 1
1370 1592 4
1389 1592 2
1417 1592 2
1538 1592 1
1593 1592 1
1370 1593 1
1389 1593 1
1592 1593 1
430 1594 1
1063 1594 1
25 1595 1
523 1595 1
430 1596 1
1597 1596 1
430 1597 1
1596 1597 1
1004 1598 1
1209 1598 1
1253 1598 1
1343 1599 1
349 1600 2
401 1600 1
589 1600 1
599 1600 1
913 1600 1
967 1600 1
1071 1600 1
1602 1601 1
772 1602 1
919 1602 1
1601 1602 1
1990 1602 2
2034 1602 1
984 1603 1
1172 1603 1
34 1604 1
445 1604 1
983 1605 1
74 1606 1
220 1607 1
505 1607 1
1447 1608 1
1609 1608 1
1610 1608 1
1447 1609 1
1608 1609 1
1610 1609 1
1447 1610 1
1608 1610 1
1609 1610 1
1477 1611 1
1612 1611 1
1613 1611 1
1477 1612 1
1611 1612 1
1613 1612 1
1477 1613 1
1611 1613 1
1612 1613 1
638 1614 1
278 1615 1
775 1615 1
639 1616 1
640 1616 1
641 1616 1
1442 1617 1
820 1618 1
948 1618 1
193 1619 1
619 1619 1
655 1619 1
680 1619 1
1125 1619 1
1154 1619 1
1240 1619 1
1620 1619 1
1621 1619 1
69 1620 1
193 1620 1
619 1620 1
655 1620 1
680 1620 1
1125 1620 1
1154 1620 1
1240 1620 1
1549 1620 1
1619 1620 1
1621 1620 1
2010 1620 1
2460 1620 1
193 1621 1
619 1621 1
655 1621 1
680 1621 1
1125 1621 1
1154 1621 1
1240 1621 1
1619 1621 1
1620 1621 1
2 1622 1
834 1622 1
246 1623 1
373 1623 1
400 1623 1
671 1623 1
75 1624 1
577 1624 1
579 1624 1
604 1624 1
690 1624 1
158 1625 1
287 1625 1
1626 1625 1
1627 1625 1
158 1626 1
287 1626 1
1625 1626 1
1627 1626 1
158 1627 1
287 1627 1
1625 1627 1
1626 1627 1
3 1628 1
1629 1628 1
1628 1629 1
1631 1630 1
1630 1631 1
1633 1632 1
1634 1632 1
1632 1633 1
1634 1633 1
1632 1634 1
1633 1634 1
238 1635 1
558 1635 1
568 1635 1
1353 1635 1
599 1636 1
1253 1636 1
1254 1636 1
1280 1636 1
1637 1636 1
599 1637 1
1253 1637 1
1254 1637 1
1280 1637 1
1636 1637 1
1353 1638 1
1552 1638 1
1554 1638 1
1353 1639 1
1402 1639 1
1552 1639 1
2420 1639 1
2421 1639 1
525 1640 1
678 1640 1
1379 1640 1
1380 1640 3
1681 1640 2
283 1641 1
678 1641 1
2312 1641 1
848 1642 1
1510 1642 1
198 1643 1
459 1643 1
1088 1644 2
1481 1644 1
1645 1644 1
1088 1645 1
1481 1645 1
1644 1645 1
2185 1645 1
2186 1645 1
2277 1645 1
829 1646 1
1164 1646 1
1647 1646 1
829 1647 1
1164 1647 1
1646 1647 1
1649 1648 1
233 1649 1
666 1649 1
1648 1649 1
1991 1649 1
1651 1650 1
1652 1650 1
1650 1651 1
1652 1651 1
1650 1652 1
1651 1652 1
108 1653 1
2183 1653 1
1153 1654 1
1224 1654 1
1664 1654 1
1665 1654 1
1666 1654 1
2387 1654 1
1574 1655 1
1656 1655 1
1574 1656 1
1655 1656 1
654 1657 1
1658 1657 1
654 1658 2
1657 1658 1
1980 1658 1
1981 1658 1
1436 1659 1
1439 1659 1
352 1660 1
868 1660 1
1062 1660 1
1107 1660 1
1248 1660 1
1257 1660 1
1662 1661 1
1661 1662 1
813 1663 1
1282 1663 1
1153 1664 1
1654 1664 1
1076 1665 1
1654 1665 1
1666 1665 1
2448 1665 1
1654 1666 1
1665 1666 1
979 1667 2
1668 1667 3
979 1668 2
1667 1668 3
727 1669 1
1418 1669 1
698 1670 1
1671 1670 1
698 1671 1
1670 1671 1
94 1672 1
1673 1672 1
94 1673 1
1672 1673 1
1675 1674 1
1674 1675 1
342 1676 1
848 1676 1
18 1677 1
657 1677 1
1227 1677 1
316 1678 1
709 1679 1
10 1680 1
11 1680 1
178 1680 1
1228 1680 1
1069 1681 2
1640 1681 2
2270 1681 1
1683 1682 1
1682 1683 1
1876 1683 1
714 1684 1
791 1684 1
1262 1685 1
1686 1685 2
1687 1685 2
1688 1685 2
1112 1686 2
1262 1686 2
1685 1686 2
1687 1686 2
1688 1686 3
1988 1686 1
1989 1686 1
1262 1687 1
1685 1687 2
1686 1687 2
1688 1687 2
762 1688 1
793 1688 2
972 1688 1
1112 1688 1
1262 1688 1
1565 1688 2
1685 1688 2
1686 1688 3
1687 1688 2
1728 1688 1
1989 1688 1
785 1689 1
717 1690 1
1864 1690 1
171 1691 1
206 1691 1
171 1692 1
206 1692 1
1694 1693 1
1693 1694 1
327 1695 1
143 1696 1
720 1696 1
1697 1696 1
143 1697 3
670 1697 2
720 1697 1
1696 1697 1
1875 1697 1
720 1698 1
721 1698 1
1084 1699 1
1418 1699 1
1700 1699 1
1701 1699 1
2238 1699 1
1084 1700 1
1699 1700 1
1701 1700 1
1084 1701 1
1418 1701 1
1699 1701 1
1700 1701 1
808 1702 1
1703 1702 1
808 1703 4
971 1703 1
1702 1703 1
2304 1703 2
2437 1703 1
275 1704 1
460 1704 1
731 1704 1
1061 1704 1
1705 1704 1
275 1705 1
460 1705 1
731 1705 1
1061 1705 1
1704 1705 1
1389 1706 1
1539 1706 1
128 1707 1
724 1708 1
725 1708 1
1065 1708 1
793 1709 1
1565 1709 1
1105 1710 1
1711 1710 1
355 1711 1
1105 1711 3
1710 1711 1
2070 1711 1
375 1712 1
1298 1712 1
537 1713 1
116 1714 1
537 1714 2
1244 1714 1
1259 1714 3
1724 1714 1
1466 1715 1
1467 1715 1
1476 1715 3
1749 1715 1
629 1716 1
707 1716 1
629 1717 2
707 1717 1
1156 1717 2
1718 1717 1
629 1718 1
1156 1718 1
1717 1718 1
357 1719 1
1720 1719 1
1735 1719 1
2297 1719 2
357 1720 1
1719 1720 1
422 1721 1
241 1722 1
264 1722 1
398 1722 1
1506 1723 1
1244 1724 1
1259 1724 1
1714 1724 1
381 1725 1
1261 1725 1
1726 1725 1
1727 1725 1
1821 1725 1
1725 1726 1
1727 1726 1
1725 1727 1
1726 1727 1
762 1728 1
1688 1728 1
247 1729 1
248 1729 1
1730 1729 1
1731 1729 1
247 1730 1
248 1730 1
1729 1730 1
1731 1730 1
247 1731 1
248 1731 1
249 1731 1
1729 1731 1
1730 1731 1
1928 1731 1
675 1732 1
675 1733 1
758 1733 1
675 1734 2
904 1734 1
696 1735 1
1719 1735 1
1739 1735 1
2297 1735 1
69 1736 1
180 1736 2
675 1736 1
680 1736 1
241 1737 1
675 1737 1
952 1737 1
979 1737 1
1738 1737 1
2212 1737 1
501 1738 1
675 1738 1
1737 1738 1
2029 1738 1
1735 1739 1
1481 1740 1
1486 1740 1
738 1741 1
740 1742 1
791 1742 1
173 1743 1
744 1743 1
21 1744 2
1075 1744 1
2178 1744 1
362 1745 1
1415 1745 1
1746 1745 1
362 1746 1
1415 1746 1
1745 1746 1
1748 1747 1
1747 1748 1
1476 1749 1
1715 1749 1
562 1750 1
1396 1750 1
1751 1750 1
1752 1750 1
562 1751 3
1396 1751 1
1750 1751 1
1752 1751 1
562 1752 1
1396 1752 1
1750 1752 1
1751 1752 1
1754 1753 1
1753 1754 1
926 1755 1
941 1756 1
1757 1756 1
1756 1757 1
144 1758 1
1405 1759 1
1760 1759 1
1405 1760 1
1759 1760 1
1444 1761 2
1762 1761 2
1444 1762 2
1761 1762 2
1405 1763 1
1532 1763 1
1900 1763 2
99 1764 1
446 1764 1
1086 1764 1
1766 1765 1
1767 1765 1
1765 1766 1
1767 1766 1
1765 1767 1
1766 1767 1
330 1768 1
350 1768 1
1769 1768 1
1770 1768 1
1771 1768 1
1772 1768 1
1773 1768 1
330 1769 1
350 1769 1
532 1769 1
906 1769 1
1262 1769 1
1768 1769 1
1770 1769 1
1771 1769 1
1772 1769 1
1773 1769 1
1794 1769 1
330 1770 1
350 1770 1
1768 1770 1
1769 1770 1
1771 1770 1
1772 1770 2
1773 1770 1
1858 1770 1
1859 1770 1
330 1771 1
350 1771 1
1768 1771 1
1769 1771 1
1770 1771 1
1772 1771 1
1773 1771 1
330 1772 1
350 1772 1
937 1772 1
1248 1772 1
1768 1772 1
1769 1772 1
1770 1772 2
1771 1772 1
1773 1772 1
1858 1772 1
1859 1772 1
1930 1772 1
330 1773 1
350 1773 1
1768 1773 1
1769 1773 1
1770 1773 1
1771 1773 1
1772 1773 1
1434 1774 1
736 1775 1
1776 1775 1
736 1776 1
1775 1776 1
746 1777 1
787 1777 1
1778 1777 1
746 1778 1
787 1778 1
1777 1778 1
1780 1779 1
1779 1780 1
44 1781 1
903 1782 1
480 1783 1
1784 1783 1
480 1784 1
1783 1784 1
44 1785 1
1787 1786 1
1788 1786 1
1789 1786 1
1786 1787 1
1788 1787 1
1789 1787 1
1786 1788 1
1787 1788 1
1789 1788 1
362 1789 2
1174 1789 2
1415 1789 2
1786 1789 1
1787 1789 1
1788 1789 1
280 1790 1
1447 1790 1
1501 1790 1
2260 1790 1
532 1791 2
906 1791 1
1792 1791 1
1793 1791 3
1856 1791 1
1857 1791 1
1929 1791 1
1930 1791 1
2338 1791 1
532 1792 1
906 1792 1
1791 1792 1
1793 1792 1
532 1793 2
906 1793 1
1791 1793 3
1792 1793 1
2338 1793 1
532 1794 1
906 1794 1
1262 1794 1
1769 1794 1
468 1795 1
781 1795 1
1423 1795 1
1796 1795 1
468 1796 1
781 1796 1
1423 1796 1
1795 1796 1
733 1797 1
325 1798 1
337 1798 1
1800 1799 1
400 1800 1
946 1800 1
1105 1800 1
1799 1800 1
1971 1800 1
1288 1801 1
1319 1801 1
1088 1802 1
439 1803 1
971 1803 1
972 1803 2
1079 1803 1
1042 1804 1
1806 1805 1
1805 1806 1
696 1807 1
1532 1807 1
1808 1807 2
696 1808 1
1532 1808 1
1807 1808 2
1810 1809 1
1809 1810 1
99 1811 1
123 1811 1
124 1811 1
377 1811 1
771 1811 2
881 1811 1
938 1811 1
1086 1811 1
1106 1811 1
1920 1811 1
1099 1812 1
1293 1812 1
612 1813 1
281 1814 1
750 1814 1
390 1815 1
468 1816 1
1415 1817 1
1818 1817 1
1415 1818 1
1817 1818 1
215 1819 1
351 1819 1
1230 1819 1
1820 1819 1
215 1820 1
351 1820 1
1230 1820 1
1819 1820 1
138 1821 1
381 1821 1
1093 1821 1
1094 1821 1
1163 1821 1
1261 1821 1
1725 1821 1
1402 1822 1
1424 1823 1
1438 1823 1
162 1824 1
1826 1825 1
1825 1826 1
2191 1826 1
2192 1826 1
1828 1827 1
1829 1827 1
380 1828 1
419 1828 1
563 1828 1
1827 1828 1
1829 1828 1
1827 1829 1
1828 1829 1
1831 1830 1
1830 1831 1
16 1832 1
1095 1832 1
762 1833 1
1072 1833 1
1095 1833 1
1156 1833 1
1123 1834 1
1835 1834 1
1836 1834 1
1834 1835 1
1834 1836 1
1121 1837 1
1839 1838 1
1838 1839 1
572 1840 1
762 1841 1
1246 1841 1
376 1842 1
657 1842 1
1207 1842 1
1843 1842 1
137 1843 1
376 1843 2
657 1843 1
934 1843 1
1207 1843 1
1261 1843 1
1842 1843 1
2410 1843 1
2411 1843 1
761 1844 1
818 1844 1
840 1844 1
1101 1844 1
1238 1844 1
761 1845 2
818 1845 2
1135 1845 1
1219 1845 1
1238 1845 1
1846 1845 1
1847 1845 1
761 1846 1
818 1846 1
1135 1846 1
1219 1846 1
1238 1846 1
1845 1846 1
761 1847 1
818 1847 1
1845 1847 1
216 1848 1
445 1848 1
1140 1848 1
1849 1848 1
216 1849 1
445 1849 1
1140 1849 1
1848 1849 1
785 1850 1
831 1850 1
1852 1851 1
1853 1851 1
1851 1852 1
1851 1853 1
1855 1854 1
1854 1855 1
1791 1856 1
1857 1856 1
1791 1857 1
1856 1857 1
1770 1858 1
1772 1858 1
1859 1858 1
1770 1859 1
1772 1859 1
1858 1859 1
1516 1860 1
245 1861 2
442 1862 1
982 1862 1
1100 1862 1
1571 1862 1
777 1863 1
962 1863 1
1123 1863 1
1864 1863 1
1865 1863 1
2198 1863 1
777 1864 1
1690 1864 1
1863 1864 1
1865 1864 1
2168 1864 1
777 1865 1
1863 1865 1
1864 1865 1
1087 1866 1
775 1867 1
775 1868 1
79 1869 1
103 1869 1
775 1869 1
820 1869 1
1102 1869 1
1123 1869 1
2050 1869 1
2090 1869 1
2091 1869 1
2440 1869 1
2441 1869 1
585 1870 1
962 1871 1
904 1872 1
994 1872 1
1873 1872 1
903 1873 1
904 1873 3
994 1873 1
1872 1873 1
792 1874 1
143 1875 1
1697 1875 1
1456 1876 1
1683 1876 1
1105 1877 1
1878 1877 1
1877 1878 1
13 1879 1
416 1879 1
1421 1879 1
1880 1879 1
13 1880 1
416 1880 1
1421 1880 1
1879 1880 1
1508 1881 1
1882 1881 1
1883 1881 1
1508 1882 1
1881 1882 1
1883 1882 1
1491 1883 1
1508 1883 1
1881 1883 1
1882 1883 1
1885 1884 1
1884 1885 1
1444 1886 1
1888 1887 1
1887 1888 1
118 1889 1
539 1889 1
747 1889 2
1890 1889 1
118 1890 1
539 1890 1
747 1890 1
1889 1890 1
469 1891 1
471 1891 1
1440 1892 1
1473 1892 1
1491 1892 2
385 1893 1
1895 1894 1
1894 1895 1
598 1896 1
388 1897 1
399 1897 2
966 1897 1
1900 1897 2
1902 1897 1
986 1898 1
1108 1898 1
1899 1898 1
986 1899 1
1108 1899 1
1898 1899 1
507 1900 1
1434 1900 2
1532 1900 1
1763 1900 2
1897 1900 2
1990 1900 1
1993 1900 1
2506 1900 1
228 1901 1
746 1901 1
811 1901 1
925 1901 2
926 1901 2
1463 1901 1
966 1902 1
1897 1902 1
2192 1902 1
812 1903 1
1190 1903 1
1904 1903 1
812 1904 1
1190 1904 1
1903 1904 1
2336 1904 1
654 1905 1
1906 1905 1
2380 1905 1
2381 1905 1
2382 1905 1
2383 1905 1
654 1906 1
1905 1906 1
1908 1907 1
1907 1908 1
2184 1908 1
2462 1908 1
1910 1909 1
1909 1910 1
400 1911 1
800 1912 1
1256 1913 1
1327 1913 1
1915 1914 1
1914 1915 1
829 1916 1
1164 1916 1
1917 1916 1
829 1917 1
1164 1917 1
1916 1917 1
2166 1917 1
2167 1917 1
693 1918 1
538 1919 2
1106 1920 1
1811 1920 1
1106 1921 1
399 1922 1
1394 1923 1
806 1924 1
424 1925 1
414 1926 1
249 1927 2
250 1927 2
249 1928 1
424 1928 1
937 1928 1
1731 1928 1
1791 1929 1
1930 1929 1
162 1930 1
937 1930 1
1248 1930 1
1772 1930 1
1791 1930 1
1929 1930 1
2474 1930 1
2509 1930 1
2510 1930 1
599 1931 1
1039 1931 1
1210 1931 1
877 1932 1
1933 1932 1
1934 1932 1
1935 1932 1
877 1933 1
1932 1933 1
1934 1933 1
1935 1933 1
877 1934 1
1932 1934 1
1933 1934 1
1935 1934 1
877 1935 1
1932 1935 1
1933 1935 1
1934 1935 1
336 1936 1
394 1936 1
916 1936 1
1134 1936 1
1321 1936 1
931 1937 1
434 1938 1
1940 1939 1
1939 1940 1
1135 1941 1
1219 1941 2
910 1942 1
1234 1942 1
1943 1942 1
910 1943 1
1234 1943 1
1942 1943 1
1945 1944 1
1944 1945 1
2001 1945 1
2206 1945 1
2207 1945 1
1947 1946 1
1946 1947 1
736 1948 1
1489 1948 1
2342 1948 1
728 1949 1
729 1949 1
385 1950 1
403 1950 1
677 1951 1
822 1951 1
437 1952 1
438 1952 1
159 1953 1
614 1953 1
686 1953 1
726 1953 1
823 1953 1
1115 1954 1
1116 1954 1
1118 1954 1
1955 1954 1
1115 1955 2
1116 1955 2
1117 1955 1
1118 1955 2
1954 1955 1
1957 1956 1
1958 1956 1
1956 1957 1
1958 1957 1
1956 1958 1
1957 1958 1
905 1959 1
220 1960 1
1271 1961 2
1320 1961 2
1962 1961 1
1961 1962 1
78 1963 2
579 1963 2
608 1963 1
827 1963 1
1258 1963 2
1270 1963 1
2320 1963 1
254 1964 1
847 1965 2
1372 1965 1
1382 1965 2
829 1966 1
1289 1966 1
68 1967 1
829 1967 1
983 1967 1
255 1968 1
829 1968 1
829 1969 1
835 1969 1
269 1970 1
359 1970 1
363 1970 1
1392 1970 1
1543 1970 1
2326 1970 1
946 1971 1
1800 1971 1
1389 1972 1
511 1973 1
1259 1973 1
702 1974 1
633 1975 1
669 1975 1
765 1975 1
845 1975 1
865 1975 1
1481 1975 1
160 1976 1
669 1976 1
904 1976 2
994 1976 1
1977 1976 2
1978 1976 1
160 1977 1
669 1977 1
1976 1977 2
1978 1977 1
160 1978 1
669 1978 1
1976 1978 1
1977 1978 1
377 1979 1
409 1979 1
424 1979 4
1117 1979 1
1141 1979 3
654 1980 1
1658 1980 1
1981 1980 1
654 1981 1
1658 1981 1
1980 1981 1
850 1982 1
1984 1983 2
1985 1983 1
2300 1983 1
1983 1984 2
1985 1984 1
1983 1985 1
1984 1985 1
1115 1986 2
1116 1986 1
1118 1986 2
1115 1987 1
1118 1987 1
1686 1988 1
2020 1988 1
1112 1989 1
1686 1989 1
1688 1989 1
772 1990 1
905 1990 1
919 1990 1
1602 1990 2
1900 1990 1
2033 1990 1
2034 1990 2
233 1991 1
666 1991 1
1649 1991 1
2443 1992 1
370 1993 1
399 1993 1
507 1993 1
1547 1993 1
1900 1993 1
2506 1993 1
905 1994 1
1120 1995 1
1576 1996 1
1997 1996 2
1576 1997 1
1996 1997 2
1535 1998 2
2233 1998 1
954 1999 1
26 2000 1
1945 2001 1
2002 2001 1
2001 2002 1
2004 2003 3
2005 2003 2
2003 2004 3
2005 2004 2
2003 2005 2
2004 2005 2
1402 2006 1
1403 2006 2
2008 2007 1
2007 2008 1
529 2009 1
269 2010 1
1549 2010 1
1620 2010 1
2460 2010 1
1460 2011 1
503 2012 1
1247 2012 1
2014 2013 1
2013 2014 1
1497 2015 1
755 2016 1
1375 2017 1
649 2018 1
599 2019 1
1254 2019 1
1988 2020 1
199 2021 1
2022 2021 1
199 2022 1
2021 2022 1
26 2023 1
657 2024 1
1477 2025 1
444 2026 1
1124 2027 1
1125 2028 1
501 2029 1
1738 2029 1
1159 2030 1
2031 2030 1
1159 2031 1
2030 2031 1
320 2032 1
1126 2032 2
1366 2032 1
2080 2032 1
905 2033 1
1990 2033 1
2034 2033 1
772 2034 1
905 2034 1
1602 2034 1
1990 2034 2
2033 2034 1
541 2035 1
595 2035 1
2036 2035 1
541 2036 1
595 2036 1
2035 2036 1
541 2037 1
882 2037 1
541 2038 2
560 2038 1
1406 2038 1
2316 2038 1
2368 2038 1
499 2039 1
2041 2040 1
2042 2040 1
2043 2040 1
2040 2041 1
2042 2041 1
2043 2041 1
2040 2042 1
2041 2042 1
2043 2042 1
2040 2043 1
2041 2043 1
2042 2043 1
1159 2044 1
477 2045 1
481 2045 1
265 2046 1
619 2047 1
1147 2047 1
2049 2048 1
2352 2048 1
2048 2049 1
1869 2050 1
905 2051 1
2052 2051 1
905 2052 1
2051 2052 1
2054 2053 1
2053 2054 1
455 2055 1
2057 2056 1
1118 2057 1
2056 2057 1
2442 2057 1
1019 2058 1
892 2059 1
2061 2060 1
2060 2061 1
691 2062 1
759 2063 1
1190 2063 1
177 2064 1
920 2064 1
1123 2064 1
1131 2064 1
253 2065 1
37 2066 1
79 2066 1
103 2066 2
545 2067 1
2068 2067 1
2069 2067 1
545 2068 1
2067 2068 1
2069 2068 1
545 2069 1
2067 2069 1
2068 2069 1
355 2070 1
459 2070 1
1711 2070 1
1168 2071 1
1296 2071 1
316 2072 1
849 2072 1
2074 2073 1
2073 2074 1
2136 2074 1
464 2075 1
1314 2075 1
2076 2075 1
464 2076 1
1314 2076 1
2075 2076 1
464 2077 1
200 2078 1
2079 2078 1
200 2079 1
2078 2079 1
320 2080 1
1366 2080 1
2032 2080 1
487 2081 1
658 2082 1
912 2082 1
1133 2082 1
651 2083 1
283 2084 1
2086 2085 1
2085 2086 1
2088 2087 1
2087 2088 1
2172 2088 1
79 2089 1
79 2090 1
1869 2090 1
2091 2090 1
79 2091 1
1869 2091 1
2090 2091 1
456 2092 1
1144 2092 1
895 2093 1
2095 2094 1
2094 2095 1
906 2096 1
1134 2096 1
1253 2096 1
349 2097 1
419 2097 1
801 2097 1
908 2098 1
311 2099 1
2100 2099 1
780 2100 1
2099 2100 1
633 2101 1
1414 2102 1
445 2103 1
1214 2103 1
1123 2104 1
2105 2104 1
1123 2105 1
1325 2105 1
2104 2105 1
1123 2106 1
962 2107 1
1123 2107 2
1319 2107 1
1462 2107 1
1123 2108 1
384 2109 1
1497 2109 1
2110 2109 1
1497 2110 1
2109 2110 1
105 2111 1
419 2111 1
1233 2111 1
1246 2111 1
2113 2112 1
2112 2113 1
1471 2114 1
848 2115 1
1480 2115 1
2117 2116 1
2116 2117 1
2119 2118 1
2120 2118 1
2121 2118 1
2118 2119 1
2120 2119 1
2121 2119 1
810 2120 1
2118 2120 1
2119 2120 1
2121 2120 1
2118 2121 1
2119 2121 1
2120 2121 1
778 2122 1
68 2123 2
2124 2123 4
68 2124 2
2123 2124 4
2139 2124 1
2140 2124 1
89 2125 1
379 2126 1
981 2126 1
1417 2126 1
179 2127 1
2128 2127 1
179 2128 1
2127 2128 1
75 2129 1
697 2129 1
863 2129 1
891 2130 1
2132 2131 1
2131 2132 1
1246 2133 1
868 2134 1
1107 2134 1
936 2135 1
1174 2135 1
2074 2136 1
24 2137 1
48 2137 1
215 2137 1
332 2137 1
731 2137 1
1276 2137 1
341 2138 1
909 2138 1
2124 2139 1
2140 2139 1
2124 2140 1
2139 2140 1
417 2141 1
288 2142 1
626 2142 1
181 2143 1
204 2144 1
2145 2144 1
2146 2144 1
204 2145 1
2144 2145 1
2146 2145 1
204 2146 1
2144 2146 1
2145 2146 1
2148 2147 1
2149 2147 1
2147 2148 1
2149 2148 1
2147 2149 1
2148 2149 1
1068 2150 1
352 2151 1
1062 2151 1
696 2152 1
376 2153 1
1138 2153 1
2334 2153 1
121 2154 1
1146 2154 2
2285 2154 1
136 2155 1
103 2156 1
146 2156 1
556 2156 1
691 2156 1
79 2157 1
752 2157 1
1297 2157 1
32 2158 1
552 2158 1
646 2158 1
1156 2159 1
1246 2159 1
1246 2160 1
33 2161 1
108 2161 1
1454 2162 1
905 2163 2
1487 2164 1
1554 2164 1
73 2165 1
1917 2166 1
2167 2166 1
1917 2167 1
2166 2167 1
701 2168 1
1864 2168 1
727 2169 1
2170 2169 1
2171 2169 1
727 2170 1
2169 2170 1
2171 2170 1
727 2171 1
2169 2171 1
2170 2171 1
2088 2172 1
2173 2172 1
2172 2173 1
810 2174 1
479 2175 1
2176 2175 1
479 2176 2
2175 2176 1
634 2177 1
949 2177 1
1103 2177 1
21 2178 1
1744 2178 1
480 2179 1
801 2180 1
2181 2180 1
801 2181 1
2180 2181 1
1476 2182 1
1500 2182 1
1653 2183 1
1908 2184 1
1645 2185 1
2186 2185 1
1645 2186 1
2185 2186 1
1404 2187 1
2188 2187 1
2187 2188 1
313 2189 1
312 2190 1
1009 2190 1
1826 2191 1
2192 2191 1
1826 2192 1
1902 2192 1
2191 2192 1
2194 2193 1
2193 2194 1
1511 2195 1
2197 2196 1
2196 2197 1
1863 2198 1
505 2199 1
2201 2200 1
2200 2201 1
159 2202 2
1030 2202 1
2204 2203 1
2203 2204 1
394 2205 1
1945 2206 1
1945 2207 1
319 2208 1
64 2209 2
400 2209 2
424 2209 3
549 2209 1
583 2209 2
660 2209 1
808 2209 2
1497 2209 2
2211 2209 1
914 2210 1
424 2211 1
2209 2211 1
1737 2212 1
1416 2213 1
657 2214 2
2216 2215 1
2217 2215 1
2215 2216 1
2217 2216 1
2215 2217 1
2216 2217 1
302 2218 1
1507 2219 1
2221 2220 1
2222 2220 1
2220 2221 1
2222 2221 1
2220 2222 1
2221 2222 1
2224 2223 1
2223 2224 1
346 2225 1
498 2226 1
1462 2226 1
1468 2226 1
848 2227 1
1469 2228 1
1365 2229 1
1468 2229 1
2231 2230 1
2232 2230 1
2230 2231 1
2232 2231 1
2230 2232 1
2231 2232 1
1998 2233 1
1176 2234 1
70 2235 3
449 2235 1
497 2235 1
1517 2235 1
2237 2236 1
2236 2237 1
1699 2238 1
2240 2239 1
2239 2240 1
848 2241 1
2242 2241 1
848 2242 1
2241 2242 1
41 2243 1
145 2243 1
339 2244 1
2246 2245 1
2245 2246 1
1404 2247 1
932 2248 1
932 2249 1
1249 2250 1
1294 2251 1
985 2252 1
2253 2252 1
2254 2252 1
985 2253 1
2252 2253 1
2254 2253 1
985 2254 1
2252 2254 1
2253 2254 1
679 2255 1
2257 2256 1
2256 2257 1
185 2258 1
2259 2258 1
185 2259 1
2258 2259 1
280 2260 1
1790 2260 1
382 2261 1
267 2262 1
2264 2263 1
2263 2264 1
1387 2265 1
1536 2265 1
2266 2265 1
1387 2266 1
1536 2266 1
2265 2266 1
2268 2267 1
1104 2268 1
2267 2268 1
2288 2268 1
1550 2269 1
1069 2270 1
1681 2270 1
151 2271 1
170 2271 1
185 2272 1
458 2272 1
1078 2272 1
699 2273 1
1583 2273 1
2275 2274 1
2276 2274 1
2274 2275 1
2276 2275 1
2274 2276 1
2275 2276 1
1645 2277 1
559 2278 1
2367 2278 1
469 2279 1
269 2280 1
213 2281 2
405 2281 1
464 2281 2
1047 2281 1
1122 2281 1
2282 2281 2
2400 2281 1
213 2282 2
405 2282 1
464 2282 2
2281 2282 2
1159 2283 1
940 2284 1
1165 2284 1
1146 2285 1
2154 2285 1
509 2286 1
1303 2286 1
2287 2286 1
509 2287 1
1303 2287 1
2286 2287 1
2268 2288 1
2290 2289 1
2291 2289 1
2292 2289 1
2289 2290 1
2291 2290 1
2292 2290 1
2289 2291 1
2290 2291 1
2292 2291 1
2289 2292 1
2290 2292 1
2291 2292 1
55 2293 1
1328 2293 1
2295 2294 1
2294 2295 1
1387 2296 1
1719 2297 2
1735 2297 1
2299 2298 1
2298 2299 1
1983 2300 1
184 2301 1
184 2302 1
617 2302 1
1042 2302 1
1193 2302 1
1298 2302 1
699 2303 1
808 2304 1
1703 2304 2
2437 2304 1
439 2305 1
683 2305 2
1025 2305 1
1208 2305 1
103 2306 1
146 2306 1
935 2307 1
2308 2307 1
935 2308 1
2307 2308 1
581 2309 1
110 2310 1
773 2310 1
8 2311 1
550 2311 1
283 2312 1
1641 2312 1
506 2313 1
1384 2313 1
1547 2313 1
375 2314 2
453 2314 1
465 2314 1
1188 2314 1
1236 2315 1
541 2316 1
1406 2316 1
2038 2316 1
473 2317 1
1484 2318 1
1342 2319 1
608 2320 1
827 2320 1
1963 2320 1
57 2321 1
710 2322 1
998 2322 1
1337 2322 1
1340 2322 1
583 2323 1
924 2324 1
997 2324 1
2325 2324 1
924 2325 1
997 2325 1
2324 2325 1
1543 2326 1
1970 2326 1
623 2327 1
184 2328 1
652 2329 1
1179 2329 1
2330 2329 1
652 2330 1
1179 2330 1
2329 2330 1
157 2331 1
555 2331 1
870 2331 1
1034 2331 1
1160 2331 1
1134 2332 1
509 2333 1
537 2333 1
1303 2333 1
376 2334 1
2153 2334 1
623 2335 1
1904 2336 1
2343 2336 1
370 2337 1
736 2337 1
1177 2337 1
1791 2338 1
1793 2338 1
590 2339 1
2340 2339 1
2339 2340 1
1385 2341 1
1388 2341 1
1513 2341 1
1489 2342 1
1948 2342 1
1360 2343 1
2336 2343 1
1418 2344 2
2345 2344 2
1418 2345 2
2344 2345 2
578 2346 1
684 2346 1
2347 2346 1
578 2347 1
684 2347 1
2346 2347 1
1019 2348 1
1020 2348 1
2350 2349 1
2351 2349 1
2349 2350 1
2351 2350 1
2349 2351 1
2350 2351 1
2048 2352 1
2354 2353 1
2353 2354 1
374 2355 1
1037 2355 1
2453 2355 1
828 2356 1
1009 2356 1
307 2357 1
2358 2357 1
2359 2357 1
307 2358 1
2357 2358 1
2359 2358 1
307 2359 1
2357 2359 1
2358 2359 1
2361 2360 1
2362 2360 1
2360 2361 1
2362 2361 1
2360 2362 1
2361 2362 1
838 2363 1
2364 2363 1
2365 2363 1
838 2364 1
2363 2364 1
2365 2364 1
838 2365 1
2363 2365 1
2364 2365 1
685 2366 1
2367 2366 1
2379 2366 1
2278 2367 1
2366 2367 1
2038 2368 1
684 2369 1
2371 2370 1
2372 2370 1
2370 2371 1
2372 2371 1
2370 2372 1
2371 2372 1
2374 2373 1
2373 2374 1
1418 2375 1
2376 2375 1
1418 2376 1
2375 2376 1
807 2377 1
226 2378 1
685 2379 1
2366 2379 1
1905 2380 1
2381 2380 1
2382 2380 1
2383 2380 1
1905 2381 1
2380 2381 1
2382 2381 1
2383 2381 1
1905 2382 1
2380 2382 1
2381 2382 1
2383 2382 1
1905 2383 1
2380 2383 1
2381 2383 1
2382 2383 1
122 2384 2
1097 2384 1
2463 2384 1
87 2385 1
88 2385 1
418 2385 1
1090 2385 1
159 2386 1
1030 2386 1
1654 2387 1
173 2388 1
549 2389 1
2390 2389 1
549 2390 1
2389 2390 1
2392 2391 1
2391 2392 1
512 2393 1
513 2393 1
1108 2394 1
1109 2394 1
395 2395 1
509 2395 1
510 2395 1
511 2395 1
512 2395 1
513 2395 1
880 2395 2
1215 2395 1
2477 2395 1
2397 2396 1
2396 2397 1
2399 2398 1
2398 2399 1
1047 2400 1
1122 2400 1
2281 2400 1
998 2401 1
1307 2401 1
1059 2402 1
39 2403 1
2404 2403 1
39 2404 1
2403 2404 1
349 2405 1
649 2406 1
704 2406 1
59 2407 1
83 2407 1
800 2407 2
1023 2407 1
1456 2407 1
664 2408 1
1483 2409 1
1489 2409 1
137 2410 1
1843 2410 1
2411 2410 1
137 2411 1
1843 2411 1
2410 2411 1
476 2412 1
1418 2413 1
913 2414 1
2415 2414 1
913 2415 1
2414 2415 1
23 2416 1
640 2417 1
1240 2417 1
1403 2418 1
1472 2418 1
1401 2419 1
1402 2420 1
1639 2420 1
2421 2420 1
1402 2421 1
1639 2421 1
2420 2421 1
1446 2422 1
89 2423 1
1482 2423 1
1523 2424 1
424 2425 1
2426 2425 1
424 2426 1
2425 2426 1
194 2427 1
498 2427 1
1354 2427 1
64 2428 1
726 2428 1
2429 2428 1
2430 2428 1
2431 2428 1
2432 2428 1
2433 2428 1
2434 2428 1
2435 2428 1
2436 2428 1
64 2429 1
726 2429 1
2428 2429 1
2430 2429 1
2431 2429 1
2432 2429 1
2433 2429 1
2434 2429 1
2435 2429 1
2436 2429 1
64 2430 1
726 2430 1
2428 2430 1
2429 2430 1
2431 2430 1
2432 2430 1
2433 2430 1
2434 2430 1
2435 2430 1
2436 2430 1
64 2431 1
726 2431 1
2428 2431 1
2429 2431 1
2430 2431 1
2432 2431 1
2433 2431 1
2434 2431 1
2435 2431 1
2436 2431 1
64 2432 1
726 2432 1
2428 2432 1
2429 2432 1
2430 2432 1
2431 2432 1
2433 2432 1
2434 2432 1
2435 2432 1
2436 2432 1
64 2433 1
726 2433 1
2428 2433 1
2429 2433 1
2430 2433 1
2431 2433 1
2432 2433 1
2434 2433 1
2435 2433 1
2436 2433 1
64 2434 1
726 2434 1
2428 2434 1
2429 2434 1
2430 2434 1
2431 2434 1
2432 2434 1
2433 2434 1
2435 2434 1
2436 2434 1
64 2435 1
726 2435 1
2428 2435 1
2429 2435 1
2430 2435 1
2431 2435 1
2432 2435 1
2433 2435 1
2434 2435 1
2436 2435 1
64 2436 1
726 2436 1
2428 2436 1
2429 2436 1
2430 2436 1
2431 2436 1
2432 2436 1
2433 2436 1
2434 2436 1
2435 2436 1
808 2437 1
1703 2437 1
2304 2437 1
1334 2438 1
1076 2439 1
1869 2440 1
1869 2441 1
1118 2442 1
2057 2442 1
1992 2443 1
175 2444 1
207 2444 1
208 2444 1
1126 2444 1
2445 2444 1
175 2445 1
207 2445 1
208 2445 1
1126 2445 1
2444 2445 1
797 2446 1
808 2446 1
1397 2446 1
1502 2446 1
762 2447 1
1231 2447 1
1332 2447 1
1076 2448 1
1665 2448 1
383 2449 1
1301 2449 1
1323 2449 1
2451 2450 1
2452 2450 1
2450 2451 1
2452 2451 1
2450 2452 1
2451 2452 1
374 2453 1
2355 2453 1
1360 2454 1
1157 2455 1
760 2456 1
808 2456 1
22 2457 1
515 2457 1
1211 2457 1
2458 2457 1
22 2458 1
515 2458 1
1211 2458 1
2457 2458 1
636 2459 1
1549 2460 1
1620 2460 1
2010 2460 1
345 2461 1
1908 2462 1
122 2463 1
1097 2463 1
2384 2463 1
1052 2464 1
2465 2464 1
2466 2464 1
1052 2465 1
2464 2465 1
2466 2465 1
1052 2466 1
2464 2466 1
2465 2466 1
1118 2467 1
2468 2467 1
1118 2468 1
2467 2468 1
599 2469 1
1210 2469 1
1339 2469 1
2470 2469 1
2471 2469 1
599 2470 1
1210 2470 1
1339 2470 1
2469 2470 1
2471 2470 1
599 2471 1
1210 2471 1
1339 2471 1
2469 2471 1
2470 2471 1
649 2472 1
700 2472 1
704 2472 1
1050 2473 1
2474 2473 1
1050 2474 1
1930 2474 1
2473 2474 1
2509 2474 1
2510 2474 1
380 2475 1
427 2475 1
631 2476 1
1205 2476 1
395 2477 1
880 2477 1
2395 2477 1
1103 2478 1
1192 2478 1
2479 2478 1
1103 2479 1
1192 2479 1
2478 2479 1
174 2480 1
529 2480 1
2481 2480 1
174 2481 1
529 2481 1
2480 2481 1
2483 2482 1
2482 2483 1
100 2484 1
588 2484 1
739 2484 1
768 2484 1
1013 2484 1
708 2485 1
2487 2486 1
2486 2487 1
808 2488 1
2490 2489 1
2491 2489 1
2489 2490 1
2491 2490 1
2489 2491 1
2490 2491 1
439 2492 1
1335 2493 1
508 2494 1
2495 2494 1
508 2495 1
2494 2495 1
1198 2496 1
1537 2497 1
1485 2498 1
2499 2498 1
1485 2499 1
2498 2499 1
114 2500 1
441 2500 1
825 2501 1
415 2502 1
1096 2503 1
1185 2503 1
1529 2504 1
2505 2504 1
1529 2505 1
2504 2505 1
507 2506 1
1900 2506 1
1993 2506 1
370 2507 1
1374 2507 1
1522 2508 1
1930 2509 1
2474 2509 1
2510 2509 1
1930 2510 1
2474 2510 1
2509 2510 1
595 2511 1
1551 2511 1
