2 1 2
1495 1 2
1 2 2
1495 2 2
86 3 1
221 3 1
1451 4 1
1452 4 1
1453 4 1
1454 4 1
603 5 1
604 5 1
605 5 1
657 6 1
52 7 1
588 7 1
591 7 1
1589 7 1
61 8 1
1554 8 1
1555 8 1
1556 8 1
120 9 1
1532 9 1
497 10 1
498 10 1
22 11 1
1540 11 1
1541 11 1
1542 11 1
1543 11 1
123 12 1
1127 12 1
1128 12 1
1129 12 1
57 13 1
1023 13 1
1024 13 1
49 14 1
1569 14 1
70 15 2
126 15 2
1206 15 1
1211 15 1
1226 15 1
69 16 1
1586 16 1
817 17 1
19 18 1
503 18 1
18 19 1
487 19 1
488 19 1
489 19 1
496 19 1
500 19 1
501 19 1
502 19 1
503 19 2
1244 20 1
1245 20 1
1247 20 1
530 21 2
531 21 2
11 22 1
1540 22 1
1541 22 1
1542 22 1
1543 22 1
24 23 1
160 23 1
161 23 1
162 23 1
163 23 1
23 24 1
160 24 1
161 24 1
162 24 1
163 24 1
699 25 1
700 25 1
128 26 1
902 26 1
751 27 1
113 28 1
663 28 1
51 29 1
66 29 1
140 29 1
781 29 1
783 29 1
932 29 1
933 29 2
1000 29 1
1117 29 1
1119 29 1
1426 29 1
1476 29 1
1477 29 1
1478 29 1
36 30 1
37 30 1
151 30 2
254 30 1
255 30 1
692 30 1
693 30 1
703 30 1
137 31 1
526 31 1
34 32 1
117 32 1
643 32 1
219 33 1
220 33 1
1014 33 1
1015 33 1
32 34 1
117 34 1
643 34 1
49 35 1
1496 35 1
1497 35 1
1498 35 1
30 36 1
151 36 1
703 36 1
30 37 1
254 37 1
255 37 1
687 37 1
688 37 1
689 37 1
438 38 1
439 38 1
440 38 1
441 38 1
951 39 1
274 40 1
116 41 1
1203 41 1
1204 41 1
1205 41 1
1427 41 1
1428 41 1
1429 41 1
1430 41 1
234 42 1
437 42 1
474 42 1
368 43 1
369 43 1
370 43 1
371 43 1
372 43 1
373 43 1
374 43 1
85 44 1
1021 44 1
1022 44 1
1040 45 1
1217 45 1
536 46 1
919 47 1
175 48 6
550 48 1
564 48 1
577 48 4
694 48 1
695 48 1
696 48 1
697 48 1
698 48 1
747 48 4
748 48 1
14 49 1
35 49 1
1465 49 2
1496 49 2
1497 49 3
1498 49 2
1499 49 1
1569 49 1
1580 50 1
1581 50 1
29 51 1
66 51 1
933 51 1
1426 51 1
7 52 1
588 52 1
591 52 1
1407 52 1
1589 52 1
54 53 1
490 53 1
491 53 1
492 53 1
53 54 1
490 54 1
491 54 1
492 54 1
1276 55 1
778 56 1
13 57 1
1023 57 1
1024 57 1
403 58 3
537 58 1
538 58 1
989 58 1
1008 58 1
1009 58 1
826 59 1
87 60 1
1572 60 1
8 61 1
1554 61 1
1555 61 1
1556 61 1
947 62 1
67 63 1
84 63 1
1456 63 2
1457 63 1
1458 63 1
1595 63 1
1001 64 2
120 65 1
1002 65 1
1003 65 1
1532 65 1
1533 65 1
29 66 1
51 66 1
933 66 1
1426 66 1
63 67 1
1456 67 1
1595 67 1
1459 68 1
1460 68 1
1461 68 1
16 69 1
1586 69 1
15 70 2
126 70 2
1206 70 1
465 71 1
466 71 1
104 72 1
1148 72 1
1149 72 1
1150 72 1
1151 72 1
1063 73 2
1064 73 1
1065 73 1
419 74 1
420 74 1
421 74 1
247 75 1
248 75 1
660 76 2
661 76 1
662 76 2
578 77 5
579 77 1
1012 77 1
1207 77 1
1262 77 1
1564 77 1
114 78 1
963 78 1
964 78 1
965 78 1
966 78 1
82 79 1
634 79 1
677 79 1
678 79 1
1455 79 1
827 80 1
828 80 1
1488 81 1
79 82 1
634 82 1
677 82 1
678 82 1
1455 82 1
397 83 2
960 83 1
1596 83 1
1597 83 1
63 84 1
1456 84 1
1457 84 1
1458 84 1
44 85 1
1021 85 1
1022 85 1
3 86 1
221 86 1
529 86 1
530 86 1
531 86 1
641 86 1
642 86 1
808 86 1
809 86 1
1378 86 1
1379 86 1
1380 86 1
60 87 1
1572 87 1
728 88 1
888 88 1
144 89 1
1177 89 1
1125 90 1
1213 90 1
108 91 1
109 91 2
1228 91 1
93 92 1
509 92 1
510 92 1
92 93 1
509 93 1
510 93 1
952 94 1
953 94 1
954 94 1
955 94 1
690 95 2
691 95 2
839 96 1
1113 97 1
1114 97 1
448 98 1
449 98 1
1212 99 1
235 100 1
236 100 1
237 100 1
238 100 1
329 101 3
1236 101 3
1466 101 2
1467 101 1
1535 101 1
1536 101 1
1537 101 1
152 102 1
847 102 1
848 102 1
776 103 2
72 104 1
151 104 1
378 104 2
379 104 1
380 104 1
381 104 3
382 104 4
385 104 1
616 104 2
617 104 1
618 104 1
619 104 1
972 104 1
973 104 1
1006 104 1
1007 104 1
1148 104 1
1149 104 2
1150 104 3
1151 104 1
1175 104 1
1176 104 1
1208 104 1
1209 104 1
1210 104 1
1214 104 1
1215 104 1
1216 104 1
1315 104 1
1579 104 1
300 105 1
200 106 1
201 106 1
108 107 2
134 107 1
524 107 2
525 107 1
680 107 2
874 107 1
875 107 2
1254 107 2
1371 107 2
1372 107 2
1373 107 2
1598 107 1
91 108 1
107 108 2
109 108 3
144 108 1
524 108 2
525 108 1
738 108 1
874 108 1
875 108 2
962 108 2
1071 108 1
1072 108 1
1191 108 1
1228 108 1
1363 108 1
91 109 2
108 109 3
875 109 1
1071 109 1
1072 109 1
1228 109 1
1538 109 1
1539 109 1
1468 110 1
652 111 1
1239 112 1
1240 112 1
28 113 1
663 113 1
78 114 1
963 114 1
964 114 1
965 114 1
966 114 1
118 115 1
1435 115 1
41 116 1
1427 116 1
1428 116 1
1429 116 1
1430 116 1
32 117 1
34 117 1
188 117 1
643 117 2
681 117 1
895 117 1
1103 117 1
115 118 1
1435 118 1
158 119 1
804 119 1
818 119 1
1346 119 2
1347 119 2
1348 119 2
9 120 1
65 120 1
835 120 1
836 120 1
1158 120 1
1285 120 1
1402 120 1
1532 120 3
1533 120 2
122 121 1
123 121 1
121 122 1
123 122 1
12 123 1
121 123 1
122 123 1
383 123 1
1120 123 1
1127 123 1
1128 123 1
1129 123 1
1544 123 1
446 124 1
447 124 1
993 125 1
994 125 1
995 125 1
15 126 2
70 126 2
1206 126 1
905 127 1
906 127 1
907 127 1
26 128 1
902 128 1
239 129 3
240 129 1
241 129 3
1016 129 2
1017 129 1
539 130 1
540 130 4
541 130 2
542 130 2
543 130 2
544 130 1
1181 130 1
1182 130 1
1364 130 1
1365 130 1
135 131 1
915 131 1
1225 131 1
519 132 1
520 132 1
521 132 1
522 132 1
523 132 1
571 133 1
572 133 1
573 133 1
107 134 1
1598 134 1
131 135 1
915 135 1
1225 135 1
541 136 1
707 136 1
708 136 1
709 136 1
710 136 1
711 136 1
712 136 1
713 136 1
31 137 1
526 137 1
1443 137 1
664 138 1
665 138 1
920 139 1
921 139 1
29 140 1
781 140 2
783 140 2
1000 140 2
1117 140 2
1118 140 1
1119 140 2
1476 140 1
1477 140 1
1478 140 1
418 141 2
1090 142 1
212 143 1
1291 143 1
1292 143 2
1486 143 1
1487 143 1
89 144 1
108 144 1
1013 144 1
1177 144 1
1183 144 1
1184 144 1
1191 144 1
1286 144 1
1313 144 1
1314 144 1
1356 144 1
1357 144 3
1358 144 1
1359 144 1
1360 144 1
1361 144 1
1362 144 1
1377 144 1
917 145 1
918 145 1
1404 146 1
1405 146 1
1406 146 1
913 147 1
182 148 1
214 149 1
215 149 2
560 149 1
561 149 1
153 150 1
282 150 1
283 150 1
284 150 1
30 151 2
36 151 1
104 151 1
378 151 1
692 151 1
693 151 1
703 151 1
1150 151 1
1175 151 1
1176 151 1
102 152 1
847 152 2
848 152 1
908 152 1
150 153 1
282 153 1
283 153 1
284 153 1
745 153 1
746 153 2
1133 154 1
1134 154 1
1135 154 1
1136 154 1
744 155 1
929 155 1
938 155 1
1093 155 1
1094 155 1
1050 156 1
1051 156 1
1052 156 1
1053 156 1
1054 156 1
1055 156 1
1056 156 1
1057 156 1
635 157 1
636 157 1
119 158 1
804 158 1
183 159 1
184 159 1
23 160 1
24 160 1
161 160 1
162 160 1
163 160 1
23 161 1
24 161 1
160 161 1
162 161 1
163 161 1
23 162 1
24 162 1
160 162 1
161 162 1
163 162 1
23 163 1
24 163 1
160 163 1
161 163 1
162 163 1
165 164 1
164 165 1
169 166 1
170 166 1
171 166 1
168 167 1
167 168 1
166 169 1
170 169 1
171 169 1
1025 169 1
166 170 1
169 170 1
171 170 1
166 171 1
169 171 1
170 171 1
173 172 1
174 172 1
172 173 1
174 173 1
172 174 1
173 174 1
48 175 6
352 175 1
360 175 1
527 175 1
528 175 1
551 175 3
552 175 1
564 175 1
577 175 4
613 175 1
614 175 1
615 175 1
747 175 4
748 175 1
837 175 1
870 175 1
924 175 1
925 175 2
997 175 2
1026 175 1
1027 175 1
1028 175 1
1195 175 2
1196 175 1
1197 175 1
177 176 1
176 177 1
179 178 1
180 178 1
181 178 1
178 179 1
180 179 1
181 179 1
178 180 1
179 180 1
181 180 1
178 181 1
179 181 1
180 181 1
148 182 1
159 183 1
184 183 1
159 184 1
183 184 1
186 185 1
187 185 1
185 186 1
187 186 1
185 187 1
186 187 1
117 188 1
190 189 1
189 190 1
194 191 1
193 192 1
192 193 1
191 194 1
196 195 1
197 195 1
198 195 1
199 195 1
195 196 1
197 196 1
198 196 1
199 196 1
195 197 1
196 197 1
198 197 1
199 197 1
195 198 1
196 198 1
197 198 1
199 198 1
195 199 1
196 199 1
197 199 1
198 199 1
106 200 1
201 200 1
106 201 1
200 201 1
203 202 1
202 203 1
205 204 1
428 204 1
429 204 2
679 204 1
204 205 1
207 206 1
208 206 1
209 206 1
210 206 1
206 207 1
208 207 1
209 207 1
210 207 1
206 208 1
207 208 1
209 208 1
210 208 1
206 209 1
207 209 1
208 209 1
210 209 1
206 210 1
207 210 1
208 210 1
209 210 1
212 211 1
213 211 1
1336 211 1
1337 211 1
143 212 1
211 212 1
213 212 2
450 212 2
1198 212 2
1199 212 1
1587 212 1
1588 212 1
211 213 1
212 213 2
450 213 1
1198 213 1
1199 213 1
149 214 1
215 214 1
149 215 2
214 215 1
560 215 1
561 215 1
217 216 1
218 216 1
219 216 1
220 216 1
216 217 1
218 217 1
219 217 1
220 217 1
216 218 1
217 218 1
219 218 1
220 218 1
33 219 1
216 219 1
217 219 1
218 219 1
220 219 5
805 219 1
806 219 1
807 219 2
1014 219 1
1015 219 1
1130 219 1
1131 219 1
1132 219 1
1567 219 1
1568 219 1
33 220 1
216 220 1
217 220 1
218 220 1
219 220 5
805 220 1
806 220 1
807 220 2
1014 220 1
1015 220 1
1130 220 1
1131 220 1
1132 220 1
1567 220 1
1568 220 1
3 221 1
86 221 1
223 222 1
224 222 1
225 222 1
226 222 1
227 222 1
228 222 1
229 222 1
230 222 1
222 223 1
224 223 1
225 223 1
226 223 1
227 223 1
228 223 1
229 223 1
230 223 1
222 224 1
223 224 1
225 224 1
226 224 1
227 224 1
228 224 1
229 224 1
230 224 1
222 225 1
223 225 1
224 225 1
226 225 1
227 225 1
228 225 1
229 225 1
230 225 1
222 226 1
223 226 1
224 226 1
225 226 1
227 226 1
228 226 1
229 226 1
230 226 1
222 227 1
223 227 1
224 227 1
225 227 1
226 227 1
228 227 1
229 227 1
230 227 1
222 228 1
223 228 1
224 228 1
225 228 1
226 228 1
227 228 1
229 228 1
230 228 1
222 229 1
223 229 1
224 229 1
225 229 1
226 229 1
227 229 1
228 229 1
230 229 1
222 230 1
223 230 1
224 230 1
225 230 1
226 230 1
227 230 1
228 230 1
229 230 1
232 231 1
233 231 1
231 232 1
233 232 1
231 233 1
232 233 1
42 234 1
100 235 1
236 235 1
237 235 1
238 235 1
100 236 1
235 236 1
237 236 1
238 236 1
100 237 1
235 237 1
236 237 1
238 237 1
100 238 1
235 238 1
236 238 1
237 238 1
129 239 3
240 239 1
241 239 3
1016 239 1
1017 239 1
1293 239 1
1294 239 1
129 240 1
239 240 1
241 240 1
129 241 3
239 241 3
240 241 1
1016 241 1
1017 241 1
243 242 2
244 242 2
898 242 1
242 243 2
244 243 2
898 243 1
242 244 2
243 244 2
898 244 1
246 245 2
245 246 2
75 247 1
248 247 1
75 248 1
247 248 1
250 249 1
251 249 1
249 250 1
251 250 1
249 251 1
250 251 1
253 252 1
384 252 1
704 252 1
1338 252 1
1339 252 1
252 253 1
30 254 1
37 254 1
255 254 1
30 255 1
37 255 1
254 255 1
257 256 1
258 256 1
256 257 1
258 257 1
256 258 1
257 258 1
435 259 1
673 259 1
674 259 1
675 259 1
676 259 1
261 260 1
262 260 1
260 261 1
262 261 1
260 262 1
261 262 1
264 263 1
263 264 1
266 265 1
267 265 1
265 266 1
267 266 1
265 267 1
266 267 1
269 268 1
270 268 1
268 269 1
270 269 1
268 270 1
269 270 1
272 271 1
273 271 1
271 272 1
273 272 1
1037 272 1
1038 272 1
1431 272 1
271 273 1
272 273 1
40 274 1
276 275 1
277 275 1
275 276 1
277 276 1
275 277 1
276 277 1
279 278 1
280 278 1
281 278 1
278 279 1
280 279 1
281 279 1
278 280 1
279 280 1
281 280 1
278 281 1
279 281 1
280 281 1
150 282 1
153 282 1
283 282 1
284 282 1
150 283 1
153 283 1
282 283 1
284 283 1
150 284 1
153 284 1
282 284 1
283 284 1
286 285 1
285 286 1
288 287 1
289 287 1
310 287 1
311 287 1
1189 287 1
1190 287 1
1191 287 1
1192 287 1
1193 287 1
1194 287 1
287 288 1
289 288 1
287 289 1
288 289 1
291 290 1
292 290 2
293 290 2
294 290 1
290 291 1
292 291 1
293 291 1
290 292 2
291 292 1
293 292 2
294 292 1
290 293 2
291 293 1
292 293 2
294 293 1
290 294 1
292 294 1
293 294 1
296 295 1
297 295 1
298 295 1
295 296 1
297 296 1
298 296 1
295 297 1
296 297 1
298 297 1
295 298 1
296 298 1
297 298 1
301 299 1
105 300 1
299 301 1
303 302 1
302 303 1
305 304 1
306 304 1
304 305 1
306 305 1
304 306 1
305 306 1
308 307 1
309 307 1
307 308 1
309 308 1
307 309 1
308 309 1
287 310 1
311 310 1
287 311 1
310 311 1
458 311 1
459 311 1
460 311 1
461 311 1
313 312 1
314 312 1
315 312 1
1409 312 1
1410 312 2
1411 312 1
312 313 1
314 313 1
315 313 1
312 314 1
313 314 1
315 314 1
312 315 1
313 315 1
314 315 1
317 316 1
316 317 1
319 318 1
320 318 2
321 318 1
322 318 1
323 318 1
324 318 1
325 318 1
330 318 1
331 318 1
332 318 1
333 318 1
334 318 1
335 318 1
336 318 1
472 318 1
473 318 1
318 319 1
320 319 1
321 319 1
322 319 1
323 319 1
324 319 1
325 319 1
318 320 2
319 320 1
321 320 1
322 320 1
323 320 1
324 320 1
325 320 1
330 320 1
331 320 1
332 320 1
333 320 1
334 320 1
335 320 1
336 320 1
318 321 1
319 321 1
320 321 1
322 321 1
323 321 1
324 321 1
325 321 1
318 322 1
319 322 1
320 322 1
321 322 1
323 322 1
324 322 1
325 322 1
318 323 1
319 323 1
320 323 1
321 323 1
322 323 1
324 323 1
325 323 1
318 324 1
319 324 1
320 324 1
321 324 1
322 324 1
323 324 1
325 324 1
318 325 1
319 325 1
320 325 1
321 325 1
322 325 1
323 325 1
324 325 1
327 326 1
328 326 1
326 327 1
328 327 1
326 328 1
327 328 1
499 328 1
718 328 1
976 328 1
101 329 3
583 329 2
1091 329 1
1092 329 1
1231 329 1
1236 329 3
1466 329 2
1467 329 1
1535 329 1
1536 329 1
1537 329 1
1576 329 1
1577 329 1
318 330 1
320 330 1
331 330 1
332 330 1
333 330 1
334 330 1
335 330 1
336 330 1
318 331 1
320 331 1
330 331 1
332 331 1
333 331 1
334 331 1
335 331 1
336 331 1
318 332 1
320 332 1
330 332 1
331 332 1
333 332 1
334 332 1
335 332 1
336 332 1
318 333 1
320 333 1
330 333 1
331 333 1
332 333 1
334 333 1
335 333 1
336 333 1
318 334 1
320 334 1
330 334 1
331 334 1
332 334 1
333 334 1
335 334 1
336 334 1
318 335 1
320 335 1
330 335 1
331 335 1
332 335 1
333 335 1
334 335 1
336 335 1
318 336 1
320 336 1
330 336 1
331 336 1
332 336 1
333 336 1
334 336 1
335 336 1
338 337 1
339 337 1
337 338 1
339 338 1
337 339 1
338 339 1
341 340 1
340 341 1
343 342 1
342 343 1
345 344 1
346 344 1
347 344 1
344 345 1
346 345 1
347 345 1
344 346 1
345 346 1
347 346 1
344 347 1
345 347 1
346 347 1
349 348 1
350 348 1
351 348 1
348 349 1
350 349 1
351 349 1
348 350 1
349 350 1
351 350 1
348 351 1
349 351 1
350 351 1
175 352 1
353 352 1
354 352 1
837 352 1
352 353 1
354 353 1
352 354 1
353 354 1
356 355 1
355 356 1
767 356 1
1152 356 1
358 357 1
359 357 1
357 358 1
359 358 1
357 359 1
358 359 1
175 360 1
362 361 1
363 361 1
361 362 1
363 362 1
361 363 1
362 363 1
365 364 1
366 364 1
364 365 1
366 365 1
364 366 1
365 366 1
1144 366 1
1145 366 1
1146 366 1
1147 366 1
375 367 1
376 367 1
43 368 1
369 368 1
370 368 1
371 368 1
372 368 1
373 368 1
374 368 1
43 369 1
368 369 1
370 369 1
371 369 1
372 369 1
373 369 1
374 369 1
43 370 1
368 370 1
369 370 1
371 370 1
372 370 1
373 370 1
374 370 1
43 371 1
368 371 1
369 371 1
370 371 1
372 371 1
373 371 1
374 371 1
43 372 1
368 372 1
369 372 1
370 372 1
371 372 1
373 372 1
374 372 1
43 373 1
368 373 1
369 373 1
370 373 1
371 373 1
372 373 1
374 373 1
43 374 1
368 374 1
369 374 1
370 374 1
371 374 1
372 374 1
373 374 1
367 375 1
376 375 1
367 376 1
375 376 1
402 377 1
1137 377 1
104 378 2
151 378 1
379 378 1
380 378 1
381 378 1
382 378 1
1150 378 1
1175 378 1
1176 378 1
104 379 1
378 379 1
380 379 1
381 379 1
382 379 1
104 380 1
378 380 1
379 380 1
381 380 1
382 380 1
104 381 3
378 381 1
379 381 1
380 381 1
382 381 2
616 381 1
972 381 1
973 381 1
1579 381 1
104 382 4
378 382 1
379 382 1
380 382 1
381 382 2
385 382 1
616 382 2
617 382 1
618 382 1
619 382 1
972 382 1
973 382 1
1479 382 1
1480 382 1
1481 382 1
123 383 1
1107 383 1
252 384 1
104 385 1
382 385 1
387 386 1
881 386 1
386 387 1
389 388 1
390 388 1
388 389 1
390 389 1
388 390 1
389 390 1
392 391 1
391 392 1
394 393 1
395 393 1
393 394 1
395 394 1
393 395 1
394 395 1
397 396 1
400 396 1
83 397 2
396 397 1
454 397 1
455 397 1
780 397 2
838 397 1
960 397 2
961 397 1
1596 397 1
1597 397 1
399 398 1
398 399 1
396 400 1
402 401 1
403 401 1
377 402 1
401 402 1
403 402 1
1137 402 1
58 403 3
401 403 1
402 403 1
537 403 1
538 403 1
989 403 1
1008 403 1
1009 403 1
405 404 1
404 405 1
407 406 1
408 406 2
1559 406 1
1560 406 1
1561 406 1
406 407 1
408 407 1
406 408 2
407 408 1
410 409 1
411 409 1
412 409 1
413 409 1
409 410 1
411 410 1
412 410 1
413 410 1
409 411 1
410 411 1
412 411 1
413 411 1
409 412 1
410 412 1
411 412 1
413 412 3
863 412 1
864 412 1
926 412 1
927 412 1
409 413 1
410 413 1
411 413 1
412 413 3
863 413 1
864 413 1
926 413 1
927 413 1
934 413 1
935 413 1
415 414 1
416 414 1
417 414 1
414 415 1
416 415 1
417 415 1
414 416 1
415 416 1
417 416 2
414 417 1
415 417 1
416 417 2
141 418 2
74 419 1
420 419 1
421 419 1
74 420 1
419 420 1
421 420 1
74 421 1
419 421 1
420 421 1
423 422 1
422 423 1
1269 423 1
1270 423 1
1271 423 1
425 424 1
426 424 1
424 425 1
426 425 1
424 426 1
425 426 1
1124 427 1
204 428 1
429 428 1
204 429 2
428 429 1
679 429 1
431 430 1
432 430 1
433 430 1
434 430 1
435 430 1
436 430 1
430 431 1
432 431 1
433 431 1
434 431 1
435 431 1
436 431 1
430 432 1
431 432 1
433 432 1
434 432 1
435 432 1
436 432 1
430 433 1
431 433 1
432 433 1
434 433 1
435 433 1
436 433 1
430 434 1
431 434 1
432 434 1
433 434 1
435 434 1
436 434 1
259 435 1
430 435 1
431 435 1
432 435 1
433 435 1
434 435 1
436 435 1
673 435 1
674 435 1
675 435 1
676 435 1
430 436 1
431 436 1
432 436 1
433 436 1
434 436 1
435 436 1
42 437 1
38 438 1
439 438 1
440 438 1
441 438 1
38 439 1
438 439 1
440 439 1
441 439 1
38 440 1
438 440 1
439 440 1
441 440 1
38 441 1
438 441 1
439 441 1
440 441 1
443 442 1
1267 442 1
1268 442 1
442 443 1
669 443 1
445 444 1
444 445 1
124 446 1
447 446 1
124 447 1
446 447 1
1394 447 2
1432 447 1
1578 447 1
98 448 1
449 448 1
98 449 1
448 449 1
212 450 2
213 450 1
451 450 2
452 450 1
453 450 2
813 450 1
943 450 1
944 450 1
945 450 1
946 450 1
1198 450 2
1199 450 1
1587 450 1
1588 450 1
450 451 2
452 451 1
453 451 3
813 451 2
943 451 1
944 451 1
945 451 1
946 451 1
1097 451 1
450 452 1
451 452 1
453 452 1
450 453 2
451 453 3
452 453 1
813 453 3
814 453 1
815 453 1
943 453 1
944 453 1
945 453 1
946 453 1
1097 453 1
397 454 1
455 454 1
397 455 1
454 455 1
457 456 1
456 457 1
311 458 1
459 458 1
460 458 1
461 458 1
639 458 1
640 458 1
1218 458 1
1219 458 1
1220 458 1
1227 458 1
311 459 1
458 459 1
460 459 1
461 459 1
1241 459 1
1242 459 1
1243 459 1
311 460 1
458 460 1
459 460 1
461 460 1
311 461 1
458 461 1
459 461 1
460 461 1
463 462 1
464 462 1
462 463 1
464 463 1
462 464 1
463 464 1
71 465 1
466 465 1
71 466 1
465 466 1
468 467 1
469 467 9
479 467 4
601 467 2
602 467 1
758 467 1
896 467 3
1036 467 1
1169 467 2
1268 467 1
1352 467 1
1353 467 2
1450 467 1
1503 467 1
467 468 1
469 468 1
467 469 9
468 469 1
479 469 1
601 469 2
602 469 1
758 469 1
896 469 2
1036 469 1
1169 469 1
1351 469 1
1353 469 1
1450 469 1
471 470 1
470 471 1
318 472 1
473 472 1
318 473 1
472 473 1
42 474 1
476 475 1
475 476 1
478 477 1
477 478 1
467 479 4
469 479 1
1169 479 1
1352 479 1
1353 479 2
481 480 1
482 480 1
483 480 1
1384 480 2
1385 480 2
1386 480 1
1387 480 1
1388 480 1
1389 480 1
1390 480 2
480 481 1
482 481 1
483 481 1
480 482 1
481 482 1
483 482 1
480 483 1
481 483 1
482 483 1
485 484 1
486 484 1
484 485 1
486 485 1
484 486 1
485 486 1
19 487 1
488 487 1
489 487 1
19 488 1
487 488 1
489 488 1
19 489 1
487 489 1
488 489 1
53 490 1
54 490 1
491 490 1
492 490 1
53 491 1
54 491 1
490 491 1
492 491 1
53 492 1
54 492 1
490 492 1
491 492 1
494 493 1
493 494 1
705 494 1
706 494 1
496 495 1
19 496 1
495 496 1
500 496 1
501 496 1
502 496 1
503 496 1
10 497 1
498 497 1
10 498 1
497 498 1
328 499 1
19 500 1
496 500 1
501 500 1
502 500 1
503 500 1
19 501 1
496 501 1
500 501 1
502 501 1
503 501 1
19 502 1
496 502 1
500 502 1
501 502 1
503 502 1
18 503 1
19 503 2
496 503 1
500 503 1
501 503 1
502 503 1
505 504 1
504 505 1
507 506 1
508 506 1
506 507 1
508 507 1
506 508 1
507 508 1
92 509 1
93 509 1
510 509 1
92 510 1
93 510 1
509 510 1
512 511 1
511 512 1
606 512 1
607 512 1
608 512 1
609 512 1
610 512 1
514 513 1
515 513 1
516 513 1
517 513 1
518 513 1
513 514 1
515 514 1
516 514 1
517 514 1
518 514 1
513 515 1
514 515 1
516 515 1
517 515 1
518 515 1
513 516 1
514 516 1
515 516 1
517 516 1
518 516 1
513 517 1
514 517 1
515 517 1
516 517 1
518 517 1
513 518 1
514 518 1
515 518 1
516 518 1
517 518 1
132 519 1
520 519 1
521 519 1
522 519 1
523 519 1
132 520 1
519 520 1
521 520 1
522 520 1
523 520 1
132 521 1
519 521 1
520 521 1
522 521 1
523 521 1
132 522 1
519 522 1
520 522 1
521 522 1
523 522 1
132 523 1
519 523 1
520 523 1
521 523 1
522 523 1
107 524 2
108 524 2
525 524 1
874 524 1
875 524 1
107 525 1
108 525 1
524 525 1
31 526 1
137 526 1
175 527 1
528 527 1
175 528 1
527 528 1
86 529 1
530 529 1
531 529 1
21 530 2
86 530 1
529 530 1
531 530 5
894 530 1
1200 530 1
1201 530 1
1202 530 1
21 531 2
86 531 1
529 531 1
530 531 5
894 531 1
1200 531 1
1201 531 1
1202 531 1
533 532 1
532 533 1
535 534 1
1287 534 1
1288 534 1
534 535 1
46 536 1
58 537 1
403 537 1
538 537 1
58 538 1
403 538 1
537 538 1
130 539 1
540 539 1
541 539 1
542 539 1
543 539 1
544 539 1
130 540 4
539 540 1
541 540 2
542 540 2
543 540 2
544 540 1
1181 540 1
1182 540 1
1364 540 1
1365 540 1
130 541 2
136 541 1
539 541 1
540 541 2
542 541 2
543 541 2
544 541 1
707 541 1
708 541 1
709 541 1
710 541 1
711 541 1
712 541 1
713 541 1
1181 541 1
1182 541 1
130 542 2
539 542 1
540 542 2
541 542 2
543 542 2
544 542 1
1181 542 1
1182 542 1
130 543 2
539 543 1
540 543 2
541 543 2
542 543 2
544 543 1
1181 543 1
1182 543 1
130 544 1
539 544 1
540 544 1
541 544 1
542 544 1
543 544 1
546 545 1
547 545 1
545 546 1
547 546 1
545 547 1
546 547 1
549 548 1
548 549 1
48 550 1
175 551 3
552 551 1
925 551 1
1195 551 3
1196 551 1
1197 551 1
1342 551 1
1343 551 1
175 552 1
551 552 1
554 553 1
555 553 1
556 553 1
557 553 1
558 553 1
559 553 1
553 554 1
555 554 1
556 554 1
557 554 1
558 554 1
559 554 1
553 555 1
554 555 1
556 555 1
557 555 1
558 555 1
559 555 1
553 556 1
554 556 1
555 556 1
557 556 1
558 556 1
559 556 1
553 557 1
554 557 1
555 557 1
556 557 1
558 557 1
559 557 1
553 558 1
554 558 1
555 558 1
556 558 1
557 558 1
559 558 1
553 559 1
554 559 1
555 559 1
556 559 1
557 559 1
558 559 1
149 560 1
215 560 1
561 560 1
149 561 1
215 561 1
560 561 1
563 562 1
562 563 1
48 564 1
175 564 1
566 565 1
567 565 1
565 566 1
567 566 1
565 567 1
566 567 1
569 568 1
570 568 1
568 569 1
570 569 1
568 570 1
569 570 1
133 571 1
572 571 1
573 571 1
133 572 1
571 572 1
573 572 1
133 573 1
571 573 1
572 573 1
575 574 1
576 574 1
574 575 1
576 575 1
574 576 1
575 576 1
48 577 4
175 577 4
747 577 3
77 578 5
579 578 1
1012 578 1
1207 578 1
1262 578 1
1564 578 1
77 579 1
578 579 1
581 580 1
582 580 1
580 581 1
582 581 1
580 582 1
581 582 1
822 582 1
823 582 1
329 583 2
584 583 1
1091 583 1
1092 583 1
1231 583 1
1374 583 1
583 584 1
1250 584 1
586 585 1
585 586 1
588 587 1
589 587 1
590 587 1
591 587 1
7 588 1
52 588 1
587 588 1
589 588 2
590 588 2
591 588 4
670 588 1
671 588 1
672 588 1
967 588 1
1589 588 1
587 589 1
588 589 2
590 589 1
591 589 2
967 589 1
587 590 1
588 590 2
589 590 1
591 590 3
670 590 1
671 590 1
672 590 1
998 590 1
999 590 1
1000 590 1
7 591 1
52 591 1
587 591 1
588 591 4
589 591 2
590 591 3
670 591 1
671 591 1
672 591 1
967 591 1
998 591 1
999 591 1
1000 591 1
1589 591 1
593 592 1
594 592 1
595 592 2
596 592 2
865 592 1
866 592 1
867 592 1
592 593 1
594 593 1
595 593 1
596 593 1
592 594 1
593 594 1
595 594 1
596 594 1
592 595 2
593 595 1
594 595 1
596 595 2
865 595 1
866 595 1
867 595 1
592 596 2
593 596 1
594 596 1
595 596 2
865 596 1
866 596 1
867 596 1
598 597 2
597 598 2
1585 598 1
600 599 1
599 600 1
467 601 2
469 601 2
602 601 1
467 602 1
469 602 1
601 602 1
5 603 1
604 603 1
605 603 1
5 604 1
603 604 1
605 604 1
5 605 1
603 605 1
604 605 1
512 606 1
607 606 1
608 606 1
609 606 1
610 606 1
512 607 1
606 607 1
608 607 1
609 607 1
610 607 1
512 608 1
606 608 1
607 608 1
609 608 1
610 608 1
512 609 1
606 609 1
607 609 1
608 609 1
610 609 1
512 610 1
606 610 1
607 610 1
608 610 1
609 610 1
612 611 1
611 612 1
175 613 1
614 613 1
615 613 1
175 614 1
613 614 1
615 614 1
175 615 1
613 615 1
614 615 1
104 616 2
381 616 1
382 616 2
617 616 1
618 616 1
619 616 1
972 616 1
973 616 1
104 617 1
382 617 1
616 617 1
618 617 1
619 617 1
104 618 1
382 618 1
616 618 1
617 618 1
619 618 1
104 619 1
382 619 1
616 619 1
617 619 1
618 619 1
621 620 1
622 620 1
623 620 1
620 621 1
622 621 1
623 621 1
620 622 1
621 622 1
623 622 1
620 623 1
621 623 1
622 623 1
625 624 1
624 625 1
1474 625 1
1475 625 1
627 626 1
626 627 1
629 628 1
628 629 1
631 630 1
632 630 1
633 630 1
634 630 3
678 630 2
1277 630 1
1482 630 1
1483 630 1
630 631 1
632 631 1
633 631 1
634 631 1
630 632 1
631 632 1
633 632 1
634 632 3
677 632 1
678 632 1
803 632 1
630 633 1
631 633 1
632 633 1
634 633 8
1004 633 1
1005 633 1
1278 633 2
1279 633 2
1316 633 1
1317 633 1
1318 633 1
1319 633 1
1327 633 1
1328 633 2
1340 633 1
1395 633 1
1396 633 1
1397 633 1
79 634 1
82 634 1
630 634 3
631 634 1
632 634 3
633 634 8
677 634 2
678 634 4
803 634 1
1004 634 1
1005 634 1
1277 634 1
1278 634 2
1279 634 2
1316 634 1
1317 634 1
1318 634 1
1319 634 1
1327 634 1
1328 634 2
1340 634 1
1395 634 1
1396 634 1
1397 634 1
1455 634 1
1482 634 1
1483 634 1
157 635 1
636 635 1
157 636 1
635 636 1
638 637 1
637 638 1
777 638 1
458 639 1
640 639 1
458 640 1
639 640 1
86 641 1
642 641 1
86 642 1
641 642 1
32 643 1
34 643 1
117 643 2
645 644 1
644 645 1
647 646 1
648 646 1
646 647 1
648 647 1
646 648 1
647 648 1
650 649 1
651 649 1
649 650 1
651 650 1
649 651 1
650 651 1
111 652 1
795 653 1
796 653 1
797 653 1
655 654 1
656 654 1
658 654 1
659 654 1
654 655 1
656 655 1
654 656 1
655 656 1
759 656 2
6 657 1
654 658 1
659 658 1
654 659 1
658 659 1
76 660 2
661 660 1
662 660 3
1224 660 1
76 661 1
660 661 1
662 661 1
76 662 2
660 662 3
661 662 1
1224 662 1
28 663 1
113 663 1
138 664 1
665 664 1
138 665 1
664 665 1
667 666 1
668 666 2
666 667 1
668 667 1
666 668 2
667 668 1
443 669 1
1058 669 1
588 670 1
590 670 1
591 670 1
671 670 1
672 670 1
588 671 1
590 671 1
591 671 1
670 671 1
672 671 1
588 672 1
590 672 1
591 672 1
670 672 1
671 672 1
259 673 1
435 673 1
674 673 1
675 673 1
676 673 1
259 674 1
435 674 1
673 674 1
675 674 1
676 674 1
1246 674 2
259 675 1
435 675 1
673 675 1
674 675 1
676 675 1
259 676 1
435 676 1
673 676 1
674 676 1
675 676 1
79 677 1
82 677 1
632 677 1
634 677 2
678 677 2
1455 677 1
79 678 1
82 678 1
630 678 2
632 678 1
634 678 4
677 678 2
1277 678 1
1455 678 1
1482 678 1
1483 678 1
204 679 1
429 679 1
107 680 2
875 680 1
117 681 1
683 682 1
1232 682 2
1233 682 1
1234 682 1
1263 682 1
1264 682 1
682 683 1
685 684 1
686 684 1
684 685 1
686 685 1
684 686 1
685 686 1
37 687 1
688 687 1
689 687 1
37 688 1
687 688 1
689 688 1
37 689 1
687 689 1
688 689 1
95 690 2
691 690 2
95 691 2
690 691 2
30 692 1
151 692 1
693 692 1
30 693 1
151 693 1
692 693 1
48 694 1
695 694 1
696 694 1
697 694 1
698 694 1
48 695 1
694 695 1
696 695 1
697 695 1
698 695 1
48 696 1
694 696 1
695 696 1
697 696 1
698 696 1
819 696 1
48 697 1
694 697 1
695 697 1
696 697 1
698 697 1
48 698 1
694 698 1
695 698 1
696 698 1
697 698 1
25 699 1
700 699 1
25 700 1
699 700 1
702 701 1
701 702 1
30 703 1
36 703 1
151 703 1
252 704 1
494 705 1
706 705 1
494 706 1
705 706 1
136 707 1
541 707 1
708 707 1
709 707 1
710 707 1
711 707 1
712 707 1
713 707 1
136 708 1
541 708 1
707 708 1
709 708 1
710 708 1
711 708 1
712 708 1
713 708 1
136 709 1
541 709 1
707 709 1
708 709 1
710 709 1
711 709 1
712 709 1
713 709 1
136 710 1
541 710 1
707 710 1
708 710 1
709 710 1
711 710 1
712 710 1
713 710 1
136 711 1
541 711 1
707 711 1
708 711 1
709 711 1
710 711 1
712 711 1
713 711 1
136 712 1
541 712 1
707 712 1
708 712 1
709 712 1
710 712 1
711 712 1
713 712 1
136 713 1
541 713 1
707 713 1
708 713 1
709 713 1
710 713 1
711 713 1
712 713 1
715 714 2
716 714 2
717 714 2
714 715 2
716 715 2
717 715 2
714 716 2
715 716 2
717 716 2
714 717 2
715 717 2
716 717 2
328 718 1
719 718 1
718 719 1
721 720 1
722 720 1
723 720 1
1044 720 1
1045 720 1
720 721 1
722 721 1
723 721 1
720 722 1
721 722 1
723 722 1
720 723 1
721 723 1
722 723 1
725 724 1
726 724 1
724 725 1
726 725 1
724 726 1
725 726 1
1170 727 2
1171 727 2
1172 727 1
1173 727 2
1174 727 2
88 728 1
888 728 1
730 729 1
729 730 1
996 730 1
732 731 1
731 732 1
734 733 1
735 733 1
733 734 1
735 734 1
733 735 1
734 735 1
737 736 1
738 736 1
736 737 1
738 737 1
108 738 1
736 738 1
737 738 1
962 738 1
1363 738 1
740 739 1
739 740 1
742 741 1
743 741 1
741 742 1
743 742 1
741 743 1
742 743 1
155 744 1
153 745 1
746 745 1
153 746 2
745 746 1
48 747 4
175 747 4
577 747 3
748 747 1
48 748 1
175 748 1
747 748 1
750 749 1
749 750 1
27 751 1
753 752 1
754 752 1
755 752 1
756 752 1
757 752 1
752 753 1
754 753 1
755 753 1
756 753 1
757 753 1
752 754 1
753 754 1
755 754 1
756 754 1
757 754 1
752 755 1
753 755 1
754 755 1
756 755 1
757 755 1
752 756 1
753 756 1
754 756 1
755 756 1
757 756 1
766 756 1
752 757 1
753 757 1
754 757 1
755 757 1
756 757 1
467 758 1
469 758 1
656 759 2
761 760 1
762 760 1
763 760 1
764 760 1
765 760 1
760 761 1
762 761 1
763 761 1
764 761 1
765 761 1
760 762 1
761 762 1
763 762 1
764 762 1
765 762 1
760 763 1
761 763 1
762 763 1
764 763 1
765 763 1
760 764 1
761 764 1
762 764 1
763 764 1
765 764 1
760 765 1
761 765 1
762 765 1
763 765 1
764 765 1
756 766 1
356 767 1
769 768 1
768 769 1
771 770 1
1062 770 1
1185 770 1
1422 770 1
770 771 1
773 772 2
774 772 1
775 772 2
772 773 2
774 773 1
775 773 2
772 774 1
773 774 1
775 774 1
772 775 2
773 775 2
774 775 1
103 776 2
638 777 1
56 778 1
992 779 1
397 780 2
29 781 1
140 781 2
782 781 1
783 781 3
1000 781 2
1117 781 2
1118 781 1
1119 781 2
1476 781 1
1477 781 1
1478 781 1
781 782 1
783 782 1
29 783 1
140 783 2
781 783 3
782 783 1
1000 783 2
1117 783 2
1118 783 1
1119 783 2
1476 783 1
1477 783 1
1478 783 1
785 784 1
784 785 1
787 786 1
788 786 1
786 787 1
788 787 1
786 788 1
787 788 1
790 789 1
789 790 1
792 791 1
793 791 1
794 791 1
791 792 1
793 792 1
794 792 1
791 793 1
792 793 1
794 793 1
791 794 1
792 794 1
793 794 1
653 795 1
796 795 1
797 795 1
653 796 1
795 796 1
797 796 1
653 797 1
795 797 1
796 797 1
799 798 1
798 799 1
1272 800 1
1273 800 1
802 801 1
801 802 1
632 803 1
634 803 1
119 804 1
158 804 1
219 805 1
220 805 1
806 805 1
807 805 1
219 806 1
220 806 1
805 806 1
807 806 1
219 807 2
220 807 2
805 807 1
806 807 1
1130 807 1
1131 807 1
1132 807 1
86 808 1
809 808 1
86 809 1
808 809 1
811 810 1
812 810 1
816 810 1
810 811 1
812 811 1
810 812 1
811 812 1
450 813 1
451 813 2
453 813 3
814 813 1
815 813 1
943 813 1
944 813 1
945 813 1
946 813 1
1097 813 1
453 814 1
813 814 1
815 814 1
453 815 1
813 815 1
814 815 1
810 816 1
17 817 1
119 818 1
696 819 1
821 820 1
820 821 1
582 822 1
823 822 1
582 823 1
822 823 1
825 824 1
824 825 1
897 825 1
59 826 1
80 827 1
828 827 1
80 828 1
827 828 1
830 829 1
831 829 1
832 829 1
833 829 1
834 829 1
829 830 1
831 830 1
832 830 1
833 830 1
834 830 1
829 831 1
830 831 1
832 831 1
833 831 1
834 831 1
829 832 1
830 832 1
831 832 1
833 832 1
834 832 1
829 833 1
830 833 1
831 833 1
832 833 1
834 833 1
829 834 1
830 834 1
831 834 1
832 834 1
833 834 1
120 835 1
836 835 1
120 836 1
835 836 1
175 837 1
352 837 1
397 838 1
96 839 1
841 840 1
840 841 1
843 842 1
844 842 1
842 843 1
844 843 1
842 844 1
843 844 1
846 845 1
845 846 1
102 847 1
152 847 2
848 847 1
908 847 1
102 848 1
152 848 1
847 848 1
850 849 1
849 850 1
852 851 1
853 851 1
854 851 1
855 851 1
851 852 1
853 852 1
854 852 1
855 852 1
851 853 1
852 853 1
854 853 1
855 853 1
851 854 1
852 854 1
853 854 1
855 854 1
851 855 1
852 855 1
853 855 1
854 855 1
857 856 1
858 856 1
856 857 1
858 857 1
856 858 1
857 858 1
860 859 1
859 860 1
862 861 1
861 862 1
412 863 1
413 863 1
864 863 1
412 864 1
413 864 1
863 864 1
592 865 1
595 865 1
596 865 1
866 865 1
867 865 1
592 866 1
595 866 1
596 866 1
865 866 1
867 866 1
592 867 1
595 867 1
596 867 1
865 867 1
866 867 1
869 868 1
868 869 1
175 870 1
925 870 1
872 871 1
873 871 1
871 872 1
873 872 1
871 873 1
872 873 1
107 874 1
108 874 1
524 874 1
875 874 1
107 875 2
108 875 2
109 875 1
524 875 1
680 875 1
874 875 1
1071 875 1
1072 875 1
877 876 1
878 876 1
876 877 1
878 877 1
876 878 1
877 878 1
880 879 1
879 880 1
386 881 1
883 882 1
884 882 1
882 883 1
884 883 2
1329 883 1
882 884 1
883 884 2
1329 884 1
977 885 1
887 886 1
888 886 1
889 886 1
886 887 1
888 887 1
889 887 1
88 888 1
728 888 1
886 888 1
887 888 1
889 888 1
886 889 1
887 889 1
888 889 1
891 890 1
892 890 1
893 890 1
890 891 1
892 891 1
893 891 1
890 892 1
891 892 1
893 892 1
890 893 1
891 893 1
892 893 1
530 894 1
531 894 1
982 894 1
983 894 2
984 894 2
1534 894 1
117 895 1
467 896 3
469 896 2
825 897 1
242 898 1
243 898 1
244 898 1
900 899 1
901 899 1
899 900 1
899 901 1
26 902 1
128 902 1
904 903 1
903 904 1
127 905 1
906 905 1
907 905 1
127 906 1
905 906 1
907 906 1
127 907 1
905 907 1
906 907 1
152 908 1
847 908 1
910 909 1
909 910 1
912 911 1
911 912 1
147 913 1
915 914 1
916 914 1
131 915 1
135 915 1
914 915 1
916 915 1
1225 915 1
914 916 1
915 916 1
145 917 1
918 917 1
145 918 1
917 918 1
936 918 1
937 918 1
47 919 1
139 920 1
921 920 1
139 921 1
920 921 1
923 922 1
922 923 1
175 924 1
925 924 1
175 925 2
551 925 1
870 925 1
924 925 1
997 925 1
1195 925 1
1342 925 1
1343 925 1
412 926 1
413 926 1
927 926 1
412 927 1
413 927 1
926 927 1
1229 928 1
1230 928 1
155 929 1
931 930 2
930 931 2
29 932 1
933 932 1
29 933 2
51 933 1
66 933 1
932 933 1
1426 933 1
413 934 1
935 934 1
413 935 1
934 935 1
918 936 1
937 936 1
918 937 1
936 937 1
155 938 1
940 939 1
941 939 1
942 939 1
939 940 1
941 940 1
942 940 1
939 941 1
940 941 1
942 941 1
939 942 1
940 942 1
941 942 1
450 943 1
451 943 1
453 943 1
813 943 1
944 943 1
945 943 1
946 943 1
450 944 1
451 944 1
453 944 1
813 944 1
943 944 1
945 944 1
946 944 1
450 945 1
451 945 1
453 945 1
813 945 1
943 945 1
944 945 1
946 945 1
450 946 1
451 946 1
453 946 1
813 946 1
943 946 1
944 946 1
945 946 1
62 947 1
949 948 1
950 948 1
948 949 1
950 949 1
948 950 1
949 950 1
39 951 1
94 952 1
953 952 1
954 952 1
955 952 1
94 953 1
952 953 1
954 953 1
955 953 1
94 954 1
952 954 1
953 954 1
955 954 1
94 955 1
952 955 1
953 955 1
954 955 1
957 956 1
956 957 1
959 958 2
958 959 2
1081 959 1
1082 959 1
1086 959 2
83 960 1
397 960 2
961 960 1
1596 960 1
1597 960 1
397 961 1
960 961 1
108 962 2
738 962 1
1363 962 1
78 963 1
114 963 1
964 963 1
965 963 1
966 963 1
78 964 1
114 964 1
963 964 1
965 964 1
966 964 1
78 965 1
114 965 1
963 965 1
964 965 1
966 965 1
78 966 1
114 966 1
963 966 1
964 966 1
965 966 1
588 967 1
589 967 1
591 967 1
969 968 1
970 968 1
971 968 1
968 969 1
970 969 1
971 969 1
968 970 1
969 970 1
971 970 1
968 971 1
969 971 1
970 971 1
104 972 1
381 972 1
382 972 1
616 972 1
973 972 1
104 973 1
381 973 1
382 973 1
616 973 1
972 973 1
975 974 2
974 975 2
328 976 1
885 977 1
979 978 1
978 979 1
981 980 1
980 981 1
894 982 1
983 982 1
984 982 1
894 983 2
982 983 1
984 983 2
1534 983 1
894 984 2
982 984 1
983 984 2
1534 984 1
986 985 1
987 985 1
988 985 1
985 986 1
987 986 1
988 986 1
985 987 1
986 987 1
988 987 1
985 988 1
986 988 1
987 988 1
58 989 1
403 989 1
991 990 1
990 991 1
779 992 1
125 993 1
994 993 1
995 993 1
125 994 1
993 994 1
995 994 1
125 995 1
993 995 1
994 995 1
730 996 1
175 997 2
925 997 1
590 998 1
591 998 1
999 998 1
1000 998 1
590 999 1
591 999 1
998 999 1
1000 999 1
29 1000 1
140 1000 2
590 1000 1
591 1000 1
781 1000 2
783 1000 2
998 1000 1
999 1000 1
1117 1000 2
1118 1000 1
1119 1000 2
1476 1000 1
1477 1000 1
1478 1000 1
64 1001 2
65 1002 1
1003 1002 1
65 1003 1
1002 1003 1
633 1004 1
634 1004 1
1005 1004 1
633 1005 1
634 1005 1
1004 1005 1
104 1006 1
1007 1006 1
104 1007 1
1006 1007 1
58 1008 1
403 1008 1
1009 1008 1
58 1009 1
403 1009 1
1008 1009 1
1011 1010 1
1590 1010 1
1591 1010 1
1592 1010 1
1010 1011 1
77 1012 1
578 1012 1
144 1013 1
33 1014 1
219 1014 1
220 1014 1
1015 1014 1
33 1015 1
219 1015 1
220 1015 1
1014 1015 1
129 1016 2
239 1016 1
241 1016 1
1017 1016 1
129 1017 1
239 1017 1
241 1017 1
1016 1017 1
1341 1018 1
1020 1019 2
1019 1020 2
44 1021 1
85 1021 1
1022 1021 1
44 1022 1
85 1022 1
1021 1022 1
13 1023 1
57 1023 1
1024 1023 1
13 1024 1
57 1024 1
1023 1024 1
169 1025 1
175 1026 1
1027 1026 2
1028 1026 1
175 1027 1
1026 1027 2
1028 1027 1
175 1028 1
1026 1028 1
1027 1028 1
1502 1028 1
1030 1029 1
1029 1030 1
1423 1030 1
1424 1030 1
1425 1030 1
1032 1031 1
1031 1032 1
1235 1032 1
1449 1032 1
1547 1032 1
1034 1033 1
1035 1033 1
1033 1034 1
1035 1034 1
1033 1035 1
1034 1035 1
467 1036 1
469 1036 1
272 1037 1
1038 1037 1
272 1038 1
1037 1038 1
1040 1039 1
1041 1039 1
1042 1039 1
1043 1039 1
45 1040 1
1039 1040 1
1041 1040 1
1042 1040 1
1043 1040 1
1217 1040 1
1039 1041 1
1040 1041 1
1042 1041 1
1043 1041 1
1039 1042 1
1040 1042 1
1041 1042 1
1043 1042 1
1039 1043 1
1040 1043 1
1041 1043 1
1042 1043 1
720 1044 1
1045 1044 1
720 1045 1
1044 1045 1
1157 1046 1
1048 1047 1
1049 1047 1
1047 1048 1
1049 1048 1
1047 1049 1
1048 1049 1
156 1050 1
1051 1050 1
1052 1050 1
1053 1050 1
1054 1050 1
1055 1050 1
1056 1050 1
1057 1050 1
156 1051 1
1050 1051 1
1052 1051 1
1053 1051 1
1054 1051 1
1055 1051 1
1056 1051 1
1057 1051 1
156 1052 1
1050 1052 1
1051 1052 1
1053 1052 1
1054 1052 1
1055 1052 1
1056 1052 1
1057 1052 1
156 1053 1
1050 1053 1
1051 1053 1
1052 1053 1
1054 1053 1
1055 1053 1
1056 1053 1
1057 1053 1
156 1054 1
1050 1054 1
1051 1054 1
1052 1054 1
1053 1054 1
1055 1054 1
1056 1054 1
1057 1054 1
156 1055 1
1050 1055 1
1051 1055 1
1052 1055 1
1053 1055 1
1054 1055 1
1056 1055 1
1057 1055 1
156 1056 1
1050 1056 1
1051 1056 1
1052 1056 1
1053 1056 1
1054 1056 1
1055 1056 1
1057 1056 1
156 1057 1
1050 1057 1
1051 1057 1
1052 1057 1
1053 1057 1
1054 1057 1
1055 1057 1
1056 1057 1
669 1058 1
1060 1059 1
1061 1059 1
1059 1060 1
1061 1060 1
1059 1061 1
1060 1061 1
770 1062 1
73 1063 2
1064 1063 1
1065 1063 1
73 1064 1
1063 1064 1
1065 1064 1
73 1065 1
1063 1065 1
1064 1065 1
1067 1066 1
1066 1067 1
1069 1068 1
1070 1068 1
1068 1069 1
1070 1069 1
1068 1070 1
1069 1070 1
108 1071 1
109 1071 1
875 1071 1
1072 1071 1
108 1072 1
109 1072 1
875 1072 1
1071 1072 1
1074 1073 1
1075 1073 1
1073 1074 1
1075 1074 1
1073 1075 1
1074 1075 1
1077 1076 1
1076 1077 1
1079 1078 1
1080 1078 1
1078 1079 1
1080 1079 1
1078 1080 1
1079 1080 1
959 1081 1
1082 1081 1
959 1082 1
1081 1082 1
1084 1083 1
1085 1083 1
1083 1084 1
1085 1084 1
1083 1085 1
1084 1085 1
959 1086 2
1088 1087 1
1089 1087 1
1087 1088 1
1089 1088 1
1087 1089 1
1088 1089 1
142 1090 1
329 1091 1
583 1091 1
1092 1091 1
329 1092 1
583 1092 1
1091 1092 1
155 1093 1
1094 1093 1
155 1094 1
1093 1094 1
1096 1095 1
1095 1096 1
451 1097 1
453 1097 1
813 1097 1
1099 1098 1
1098 1099 1
1101 1100 1
1102 1100 1
1100 1101 1
1102 1101 1
1100 1102 1
1101 1102 1
117 1103 1
1105 1104 1
1106 1104 1
1104 1105 1
1106 1105 1
1104 1106 1
1105 1106 1
383 1107 1
1109 1108 1
1110 1108 1
1111 1108 1
1112 1108 1
1108 1109 1
1110 1109 1
1111 1109 1
1112 1109 1
1108 1110 1
1109 1110 1
1111 1110 1
1112 1110 1
1108 1111 1
1109 1111 1
1110 1111 1
1112 1111 1
1108 1112 1
1109 1112 1
1110 1112 1
1111 1112 1
97 1113 1
1114 1113 2
1115 1113 1
1116 1113 1
97 1114 1
1113 1114 2
1115 1114 1
1116 1114 1
1113 1115 1
1114 1115 1
1116 1115 1
1113 1116 1
1114 1116 1
1115 1116 1
29 1117 1
140 1117 2
781 1117 2
783 1117 2
1000 1117 2
1118 1117 1
1119 1117 2
1476 1117 1
1477 1117 1
1478 1117 1
140 1118 1
781 1118 1
783 1118 1
1000 1118 1
1117 1118 1
1119 1118 1
29 1119 1
140 1119 2
781 1119 2
783 1119 2
1000 1119 2
1117 1119 2
1118 1119 1
1476 1119 1
1477 1119 1
1478 1119 1
123 1120 1
1514 1121 1
1123 1122 1
1122 1123 1
427 1124 1
90 1125 1
1126 1125 1
1213 1125 1
1125 1126 1
12 1127 1
123 1127 1
1128 1127 1
1129 1127 1
12 1128 1
123 1128 1
1127 1128 1
1129 1128 1
12 1129 1
123 1129 1
1127 1129 1
1128 1129 1
219 1130 1
220 1130 1
807 1130 1
1131 1130 1
1132 1130 1
219 1131 1
220 1131 1
807 1131 1
1130 1131 1
1132 1131 1
219 1132 1
220 1132 1
807 1132 1
1130 1132 1
1131 1132 1
154 1133 1
1134 1133 1
1135 1133 1
1136 1133 1
154 1134 1
1133 1134 1
1135 1134 1
1136 1134 1
154 1135 1
1133 1135 1
1134 1135 1
1136 1135 1
154 1136 1
1133 1136 1
1134 1136 1
1135 1136 1
377 1137 1
402 1137 1
1139 1138 1
1138 1139 1
1141 1140 1
1142 1140 1
1143 1140 1
1140 1141 1
1142 1141 1
1143 1141 1
1140 1142 1
1141 1142 1
1143 1142 1
1140 1143 1
1141 1143 1
1142 1143 1
366 1144 1
1145 1144 1
1146 1144 1
1147 1144 1
366 1145 1
1144 1145 1
1146 1145 1
1147 1145 1
366 1146 1
1144 1146 1
1145 1146 1
1147 1146 1
366 1147 1
1144 1147 1
1145 1147 1
1146 1147 1
72 1148 1
104 1148 1
1149 1148 1
1150 1148 1
1151 1148 1
72 1149 1
104 1149 2
1148 1149 1
1150 1149 1
1151 1149 1
1208 1149 1
1209 1149 1
1210 1149 1
72 1150 1
104 1150 3
151 1150 1
378 1150 1
1148 1150 1
1149 1150 1
1151 1150 1
1175 1150 1
1176 1150 1
1315 1150 1
72 1151 1
104 1151 1
1148 1151 1
1149 1151 1
1150 1151 1
356 1152 1
1154 1153 1
1155 1153 1
1156 1153 1
1153 1154 1
1155 1154 1
1156 1154 1
1153 1155 1
1154 1155 1
1156 1155 1
1153 1156 1
1154 1156 1
1155 1156 1
1046 1157 1
120 1158 1
1159 1158 1
1285 1158 1
1158 1159 1
1161 1160 1
1160 1161 1
1163 1162 1
1164 1162 1
1165 1162 1
1166 1162 1
1167 1162 1
1168 1162 1
1162 1163 1
1164 1163 1
1165 1163 1
1166 1163 1
1167 1163 1
1168 1163 1
1162 1164 1
1163 1164 1
1165 1164 1
1166 1164 1
1167 1164 1
1168 1164 1
1162 1165 1
1163 1165 1
1164 1165 1
1166 1165 1
1167 1165 1
1168 1165 1
1162 1166 1
1163 1166 1
1164 1166 1
1165 1166 1
1167 1166 1
1168 1166 1
1162 1167 1
1163 1167 1
1164 1167 1
1165 1167 1
1166 1167 1
1168 1167 1
1162 1168 1
1163 1168 1
1164 1168 1
1165 1168 1
1166 1168 1
1167 1168 1
467 1169 2
469 1169 1
479 1169 1
1450 1169 1
727 1170 2
1171 1170 2
1172 1170 1
1173 1170 2
1174 1170 2
727 1171 2
1170 1171 2
1172 1171 1
1173 1171 2
1174 1171 2
727 1172 1
1170 1172 1
1171 1172 1
1173 1172 1
1174 1172 1
727 1173 2
1170 1173 2
1171 1173 2
1172 1173 1
1174 1173 2
727 1174 2
1170 1174 2
1171 1174 2
1172 1174 1
1173 1174 2
104 1175 1
151 1175 1
378 1175 1
1150 1175 1
1176 1175 1
104 1176 1
151 1176 1
378 1176 1
1150 1176 1
1175 1176 1
89 1177 1
144 1177 1
1179 1178 1
1180 1178 1
1178 1179 1
1180 1179 1
1289 1179 1
1290 1179 1
1178 1180 1
1179 1180 1
130 1181 1
540 1181 1
541 1181 1
542 1181 1
543 1181 1
1182 1181 1
130 1182 1
540 1182 1
541 1182 1
542 1182 1
543 1182 1
1181 1182 1
144 1183 1
1184 1183 1
144 1184 1
1183 1184 1
770 1185 1
1187 1186 1
1186 1187 1
1281 1188 1
1282 1188 1
1283 1188 1
1284 1188 1
1408 1188 1
287 1189 1
1190 1189 1
1191 1189 1
1192 1189 1
1193 1189 1
1194 1189 1
287 1190 1
1189 1190 1
1191 1190 1
1192 1190 1
1193 1190 1
1194 1190 1
108 1191 1
144 1191 1
287 1191 1
1189 1191 1
1190 1191 1
1192 1191 1
1193 1191 1
1194 1191 1
287 1192 1
1189 1192 1
1190 1192 1
1191 1192 1
1193 1192 1
1194 1192 1
287 1193 1
1189 1193 1
1190 1193 1
1191 1193 1
1192 1193 1
1194 1193 1
287 1194 1
1189 1194 1
1190 1194 1
1191 1194 1
1192 1194 1
1193 1194 1
175 1195 2
551 1195 3
925 1195 1
1196 1195 1
1197 1195 1
1342 1195 1
1343 1195 1
175 1196 1
551 1196 1
1195 1196 1
1197 1196 1
175 1197 1
551 1197 1
1195 1197 1
1196 1197 1
212 1198 2
213 1198 1
450 1198 2
1199 1198 1
1587 1198 1
1588 1198 1
212 1199 1
213 1199 1
450 1199 1
1198 1199 1
530 1200 1
531 1200 1
1201 1200 1
1202 1200 1
530 1201 1
531 1201 1
1200 1201 1
1202 1201 1
530 1202 1
531 1202 1
1200 1202 1
1201 1202 1
41 1203 1
1204 1203 1
1205 1203 1
41 1204 1
1203 1204 1
1205 1204 1
41 1205 1
1203 1205 1
1204 1205 1
15 1206 1
70 1206 1
126 1206 1
77 1207 1
578 1207 1
104 1208 1
1149 1208 1
1209 1208 1
1210 1208 1
104 1209 1
1149 1209 1
1208 1209 1
1210 1209 1
104 1210 1
1149 1210 1
1208 1210 1
1209 1210 1
15 1211 1
99 1212 1
90 1213 1
1125 1213 1
104 1214 1
1215 1214 1
1216 1214 1
104 1215 1
1214 1215 1
1216 1215 1
104 1216 1
1214 1216 1
1215 1216 1
45 1217 1
1040 1217 1
458 1218 1
1219 1218 1
1220 1218 1
458 1219 1
1218 1219 1
1220 1219 1
458 1220 1
1218 1220 1
1219 1220 1
1222 1221 1
1223 1221 1
1221 1222 1
1223 1222 1
1221 1223 1
1222 1223 1
660 1224 1
662 1224 1
131 1225 1
135 1225 1
915 1225 1
15 1226 1
458 1227 1
91 1228 1
108 1228 1
109 1228 1
928 1229 1
1230 1229 1
928 1230 1
1229 1230 1
329 1231 1
583 1231 1
682 1232 2
1233 1232 1
1234 1232 1
1263 1232 1
1264 1232 1
682 1233 1
1232 1233 1
1234 1233 1
682 1234 1
1232 1234 1
1233 1234 1
1032 1235 1
101 1236 3
329 1236 3
1466 1236 2
1467 1236 1
1535 1236 1
1536 1236 1
1537 1236 1
1238 1237 1
1237 1238 1
112 1239 1
1240 1239 1
112 1240 1
1239 1240 1
459 1241 1
1242 1241 1
1243 1241 1
459 1242 1
1241 1242 1
1243 1242 1
459 1243 1
1241 1243 1
1242 1243 1
20 1244 1
1245 1244 2
1247 1244 1
20 1245 1
1244 1245 2
1247 1245 1
674 1246 2
20 1247 1
1244 1247 1
1245 1247 1
1249 1248 1
1248 1249 1
584 1250 1
1252 1251 1
1253 1251 1
1251 1252 1
1253 1252 1
1251 1253 1
1252 1253 1
107 1254 2
1256 1255 1
1257 1255 1
1255 1256 1
1257 1256 1
1255 1257 1
1256 1257 1
1259 1258 1
1260 1258 1
1261 1258 1
1258 1259 1
1260 1259 1
1261 1259 1
1258 1260 1
1259 1260 1
1261 1260 1
1258 1261 1
1259 1261 1
1260 1261 1
77 1262 1
578 1262 1
682 1263 1
1232 1263 1
1264 1263 1
682 1264 1
1232 1264 1
1263 1264 1
1266 1265 1
1265 1266 1
442 1267 1
1268 1267 1
442 1268 1
467 1268 1
1267 1268 1
1320 1268 1
1321 1268 1
1322 1268 1
1503 1268 1
423 1269 1
1270 1269 1
1271 1269 1
423 1270 1
1269 1270 1
1271 1270 1
423 1271 1
1269 1271 1
1270 1271 1
800 1272 1
1273 1272 1
800 1273 1
1272 1273 1
1275 1274 1
1274 1275 1
55 1276 1
630 1277 1
634 1277 1
678 1277 1
633 1278 2
634 1278 2
1279 1278 2
1340 1278 1
633 1279 2
634 1279 2
1278 1279 2
1340 1279 1
1403 1280 1
1188 1281 1
1188 1282 1
1283 1282 1
1284 1282 1
1188 1283 1
1282 1283 1
1284 1283 1
1188 1284 1
1282 1284 1
1283 1284 1
120 1285 1
1158 1285 1
144 1286 1
534 1287 1
1288 1287 1
534 1288 1
1287 1288 1
1179 1289 1
1290 1289 1
1179 1290 1
1289 1290 1
143 1291 1
1292 1291 1
143 1292 2
1291 1292 1
1486 1292 1
1487 1292 1
239 1293 1
1294 1293 1
239 1294 1
1293 1294 1
1296 1295 1
1297 1295 1
1298 1295 1
1299 1295 1
1300 1295 1
1295 1296 1
1297 1296 1
1298 1296 1
1299 1296 1
1300 1296 1
1295 1297 1
1296 1297 1
1298 1297 1
1299 1297 1
1300 1297 1
1295 1298 1
1296 1298 1
1297 1298 1
1299 1298 1
1300 1298 1
1295 1299 1
1296 1299 1
1297 1299 1
1298 1299 1
1300 1299 1
1295 1300 1
1296 1300 1
1297 1300 1
1298 1300 1
1299 1300 1
1302 1301 1
1303 1301 1
1304 1301 1
1305 1301 1
1306 1301 1
1307 1301 1
1301 1302 1
1303 1302 1
1304 1302 1
1305 1302 1
1306 1302 1
1307 1302 1
1301 1303 1
1302 1303 1
1304 1303 1
1305 1303 1
1306 1303 1
1307 1303 1
1301 1304 1
1302 1304 1
1303 1304 1
1305 1304 1
1306 1304 1
1307 1304 1
1301 1305 1
1302 1305 1
1303 1305 1
1304 1305 1
1306 1305 1
1307 1305 1
1301 1306 1
1302 1306 1
1303 1306 1
1304 1306 1
1305 1306 1
1307 1306 1
1301 1307 1
1302 1307 1
1303 1307 1
1304 1307 1
1305 1307 1
1306 1307 1
1309 1308 1
1310 1308 1
1311 1308 1
1312 1308 1
1308 1309 1
1310 1309 1
1311 1309 1
1312 1309 1
1308 1310 1
1309 1310 1
1311 1310 1
1312 1310 1
1308 1311 1
1309 1311 1
1310 1311 1
1312 1311 1
1308 1312 1
1309 1312 1
1310 1312 1
1311 1312 1
144 1313 1
1314 1313 1
144 1314 1
1313 1314 1
104 1315 1
1150 1315 1
633 1316 1
634 1316 1
1317 1316 1
1318 1316 1
1319 1316 1
633 1317 1
634 1317 1
1316 1317 1
1318 1317 1
1319 1317 1
633 1318 1
634 1318 1
1316 1318 1
1317 1318 1
1319 1318 1
633 1319 1
634 1319 1
1316 1319 1
1317 1319 1
1318 1319 1
1268 1320 1
1321 1320 1
1322 1320 1
1268 1321 1
1320 1321 1
1322 1321 1
1268 1322 1
1320 1322 1
1321 1322 1
1324 1323 1
1325 1323 1
1326 1323 1
1323 1324 1
1325 1324 1
1326 1324 1
1323 1325 1
1324 1325 1
1326 1325 1
1323 1326 1
1324 1326 1
1325 1326 1
633 1327 1
634 1327 1
1328 1327 1
633 1328 2
634 1328 2
1327 1328 1
883 1329 1
884 1329 1
1331 1330 1
1330 1331 1
1333 1332 1
1332 1333 1
1335 1334 1
1334 1335 1
211 1336 1
1337 1336 1
211 1337 1
1336 1337 1
252 1338 1
1339 1338 1
252 1339 1
1338 1339 1
633 1340 1
634 1340 1
1278 1340 1
1279 1340 1
1018 1341 1
551 1342 1
925 1342 1
1195 1342 1
1343 1342 1
551 1343 1
925 1343 1
1195 1343 1
1342 1343 1
1345 1344 2
1344 1345 2
119 1346 2
1347 1346 2
1348 1346 2
119 1347 2
1346 1347 2
1348 1347 2
119 1348 2
1346 1348 2
1347 1348 2
1350 1349 1
1349 1350 1
469 1351 1
467 1352 1
479 1352 1
1353 1352 1
467 1353 2
469 1353 1
479 1353 2
1352 1353 1
1355 1354 1
1354 1355 1
144 1356 1
1357 1356 1
1358 1356 1
1359 1356 1
1360 1356 1
1361 1356 1
1362 1356 1
144 1357 3
1356 1357 1
1358 1357 1
1359 1357 1
1360 1357 1
1361 1357 1
1362 1357 1
1377 1357 1
144 1358 1
1356 1358 1
1357 1358 1
1359 1358 1
1360 1358 1
1361 1358 1
1362 1358 1
144 1359 1
1356 1359 1
1357 1359 1
1358 1359 1
1360 1359 1
1361 1359 1
1362 1359 1
144 1360 1
1356 1360 1
1357 1360 1
1358 1360 1
1359 1360 1
1361 1360 1
1362 1360 1
144 1361 1
1356 1361 1
1357 1361 1
1358 1361 1
1359 1361 1
1360 1361 1
1362 1361 1
144 1362 1
1356 1362 1
1357 1362 1
1358 1362 1
1359 1362 1
1360 1362 1
1361 1362 1
108 1363 1
738 1363 1
962 1363 1
130 1364 1
540 1364 1
1365 1364 1
130 1365 1
540 1365 1
1364 1365 1
1367 1366 1
1366 1367 1
1369 1368 1
1370 1368 1
1368 1369 1
1370 1369 1
1368 1370 1
1369 1370 1
107 1371 2
1372 1371 2
1373 1371 2
107 1372 2
1371 1372 2
1373 1372 2
107 1373 2
1371 1373 2
1372 1373 2
583 1374 1
1376 1375 1
1375 1376 1
144 1377 1
1357 1377 1
86 1378 1
1379 1378 1
1380 1378 1
86 1379 1
1378 1379 1
1380 1379 1
86 1380 1
1378 1380 1
1379 1380 1
1382 1381 1
1383 1381 1
1381 1382 1
1383 1382 1
1381 1383 1
1382 1383 1
480 1384 2
1385 1384 2
1386 1384 1
1387 1384 1
1388 1384 1
1389 1384 1
1390 1384 2
480 1385 2
1384 1385 2
1386 1385 1
1387 1385 1
1388 1385 1
1389 1385 1
1390 1385 2
480 1386 1
1384 1386 1
1385 1386 1
1387 1386 1
1388 1386 1
1389 1386 1
1390 1386 1
480 1387 1
1384 1387 1
1385 1387 1
1386 1387 1
1388 1387 1
1389 1387 1
1390 1387 1
480 1388 1
1384 1388 1
1385 1388 1
1386 1388 1
1387 1388 1
1389 1388 1
1390 1388 1
480 1389 1
1384 1389 1
1385 1389 1
1386 1389 1
1387 1389 1
1388 1389 1
1390 1389 1
480 1390 2
1384 1390 2
1385 1390 2
1386 1390 1
1387 1390 1
1388 1390 1
1389 1390 1
1392 1391 1
1393 1391 1
1391 1392 1
1393 1392 1
1391 1393 1
1392 1393 1
447 1394 2
1578 1394 1
633 1395 1
634 1395 1
1396 1395 1
1397 1395 1
633 1396 1
634 1396 1
1395 1396 1
1397 1396 1
633 1397 1
634 1397 1
1395 1397 1
1396 1397 1
1399 1398 1
1400 1398 1
1401 1398 1
1398 1399 1
1400 1399 1
1401 1399 1
1398 1400 1
1399 1400 1
1401 1400 1
1398 1401 1
1399 1401 1
1400 1401 1
120 1402 1
1280 1403 1
146 1404 1
1405 1404 1
1406 1404 1
146 1405 1
1404 1405 1
1406 1405 1
146 1406 1
1404 1406 1
1405 1406 1
52 1407 1
1188 1408 1
312 1409 1
1410 1409 1
1411 1409 1
312 1410 2
1409 1410 1
1411 1410 1
312 1411 1
1409 1411 1
1410 1411 1
1413 1412 1
1414 1412 1
1415 1412 1
1416 1412 1
1412 1413 1
1414 1413 1
1415 1413 1
1416 1413 1
1412 1414 1
1413 1414 1
1415 1414 1
1416 1414 1
1412 1415 1
1413 1415 1
1414 1415 1
1416 1415 1
1412 1416 1
1413 1416 1
1414 1416 1
1415 1416 1
1418 1417 1
1419 1417 1
1420 1417 1
1421 1417 1
1417 1418 1
1419 1418 1
1420 1418 1
1421 1418 1
1417 1419 1
1418 1419 1
1420 1419 1
1421 1419 1
1417 1420 1
1418 1420 1
1419 1420 1
1421 1420 1
1417 1421 1
1418 1421 1
1419 1421 1
1420 1421 1
770 1422 1
1030 1423 1
1424 1423 1
1425 1423 1
1030 1424 1
1423 1424 1
1425 1424 1
1030 1425 1
1423 1425 1
1424 1425 1
29 1426 1
51 1426 1
66 1426 1
933 1426 1
41 1427 1
116 1427 1
1428 1427 1
1429 1427 1
1430 1427 1
41 1428 1
116 1428 1
1427 1428 1
1429 1428 1
1430 1428 1
41 1429 1
116 1429 1
1427 1429 1
1428 1429 1
1430 1429 1
41 1430 1
116 1430 1
1427 1430 1
1428 1430 1
1429 1430 1
272 1431 1
447 1432 1
1434 1433 1
1433 1434 1
115 1435 1
118 1435 1
1437 1436 1
1438 1436 1
1439 1436 1
1440 1436 1
1436 1437 1
1438 1437 1
1439 1437 1
1440 1437 1
1436 1438 1
1437 1438 1
1439 1438 1
1440 1438 1
1436 1439 1
1437 1439 1
1438 1439 1
1440 1439 1
1436 1440 1
1437 1440 1
1438 1440 1
1439 1440 1
1442 1441 1
1562 1441 1
1563 1441 1
1441 1442 1
137 1443 1
1445 1444 1
1446 1444 1
1444 1445 1
1446 1445 1
1444 1446 1
1445 1446 1
1448 1447 1
1447 1448 1
1032 1449 1
467 1450 1
469 1450 1
1169 1450 1
4 1451 1
1452 1451 1
1453 1451 1
1454 1451 1
4 1452 1
1451 1452 1
1453 1452 1
1454 1452 1
4 1453 1
1451 1453 1
1452 1453 1
1454 1453 1
4 1454 1
1451 1454 1
1452 1454 1
1453 1454 1
79 1455 1
82 1455 1
634 1455 1
677 1455 1
678 1455 1
63 1456 2
67 1456 1
84 1456 1
1457 1456 1
1458 1456 1
1595 1456 1
63 1457 1
84 1457 1
1456 1457 1
1458 1457 1
63 1458 1
84 1458 1
1456 1458 1
1457 1458 1
68 1459 1
1460 1459 1
1461 1459 1
68 1460 1
1459 1460 1
1461 1460 1
68 1461 1
1459 1461 1
1460 1461 1
1463 1462 1
1464 1462 1
1462 1463 1
1464 1463 1
1462 1464 1
1463 1464 1
49 1465 2
101 1466 2
329 1466 2
1236 1466 2
1467 1466 1
1535 1466 1
1536 1466 1
1537 1466 1
101 1467 1
329 1467 1
1236 1467 1
1466 1467 1
110 1468 1
1470 1469 1
1471 1469 1
1472 1469 1
1473 1469 1
1469 1470 1
1471 1470 1
1472 1470 1
1473 1470 1
1469 1471 1
1470 1471 1
1472 1471 1
1473 1471 1
1469 1472 1
1470 1472 1
1471 1472 1
1473 1472 1
1469 1473 1
1470 1473 1
1471 1473 1
1472 1473 1
625 1474 1
1475 1474 1
625 1475 1
1474 1475 1
29 1476 1
140 1476 1
781 1476 1
783 1476 1
1000 1476 1
1117 1476 1
1119 1476 1
1477 1476 1
1478 1476 1
29 1477 1
140 1477 1
781 1477 1
783 1477 1
1000 1477 1
1117 1477 1
1119 1477 1
1476 1477 1
1478 1477 1
29 1478 1
140 1478 1
781 1478 1
783 1478 1
1000 1478 1
1117 1478 1
1119 1478 1
1476 1478 1
1477 1478 1
382 1479 1
1480 1479 1
1481 1479 1
382 1480 1
1479 1480 1
1481 1480 1
382 1481 1
1479 1481 1
1480 1481 1
630 1482 1
634 1482 1
678 1482 1
1483 1482 1
630 1483 1
634 1483 1
678 1483 1
1482 1483 1
1485 1484 1
1484 1485 1
1515 1485 1
1516 1485 1
1517 1485 1
1518 1485 1
143 1486 1
1292 1486 1
1487 1486 1
143 1487 1
1292 1487 1
1486 1487 1
81 1488 1
1490 1489 1
1491 1489 1
1489 1490 1
1491 1490 1
1489 1491 1
1490 1491 1
1493 1492 1
1494 1492 1
1492 1493 1
1494 1493 1
1492 1494 1
1493 1494 1
1 1495 2
2 1495 2
1503 1495 1
35 1496 1
49 1496 2
1497 1496 2
1498 1496 2
1499 1496 1
35 1497 1
49 1497 3
1496 1497 2
1498 1497 2
1499 1497 1
35 1498 1
49 1498 2
1496 1498 2
1497 1498 2
1499 1498 1
49 1499 1
1496 1499 1
1497 1499 1
1498 1499 1
1501 1500 1
1500 1501 1
1028 1502 1
467 1503 1
1268 1503 1
1495 1503 1
1504 1503 1
1503 1504 1
1506 1505 1
1507 1505 1
1505 1506 1
1507 1506 1
1505 1507 1
1506 1507 1
1509 1508 1
1510 1508 1
1511 1508 1
1508 1509 1
1510 1509 1
1511 1509 1
1508 1510 1
1509 1510 1
1511 1510 1
1508 1511 1
1509 1511 1
1510 1511 1
1513 1512 1
1512 1513 1
1121 1514 1
1485 1515 1
1516 1515 1
1517 1515 1
1518 1515 1
1485 1516 1
1515 1516 1
1517 1516 1
1518 1516 1
1485 1517 1
1515 1517 1
1516 1517 1
1518 1517 1
1485 1518 1
1515 1518 1
1516 1518 1
1517 1518 1
1520 1519 1
1521 1519 1
1519 1520 1
1521 1520 1
1519 1521 1
1520 1521 1
1523 1522 1
1524 1522 1
1522 1523 1
1524 1523 1
1522 1524 1
1523 1524 1
1526 1525 1
1527 1525 1
1525 1526 1
1527 1526 1
1525 1527 1
1526 1527 1
1529 1528 1
1530 1528 1
1531 1528 1
1528 1529 1
1530 1529 1
1531 1529 1
1528 1530 1
1529 1530 1
1531 1530 1
1528 1531 1
1529 1531 1
1530 1531 1
9 1532 1
65 1532 1
120 1532 3
1533 1532 2
65 1533 1
120 1533 2
1532 1533 2
894 1534 1
983 1534 1
984 1534 1
101 1535 1
329 1535 1
1236 1535 1
1466 1535 1
1536 1535 1
1537 1535 1
101 1536 1
329 1536 1
1236 1536 1
1466 1536 1
1535 1536 1
1537 1536 1
101 1537 1
329 1537 1
1236 1537 1
1466 1537 1
1535 1537 1
1536 1537 1
109 1538 1
1539 1538 1
109 1539 1
1538 1539 1
11 1540 1
22 1540 1
1541 1540 1
1542 1540 1
1543 1540 1
11 1541 1
22 1541 1
1540 1541 1
1542 1541 1
1543 1541 1
11 1542 1
22 1542 1
1540 1542 1
1541 1542 1
1543 1542 1
11 1543 1
22 1543 1
1540 1543 1
1541 1543 1
1542 1543 1
123 1544 1
1546 1545 1
1545 1546 1
1032 1547 1
1549 1548 1
1550 1548 1
1551 1548 1
1548 1549 1
1550 1549 1
1551 1549 1
1548 1550 1
1549 1550 1
1551 1550 1
1548 1551 1
1549 1551 1
1550 1551 1
1553 1552 1
1552 1553 1
8 1554 1
61 1554 1
1555 1554 1
1556 1554 1
8 1555 1
61 1555 1
1554 1555 1
1556 1555 1
8 1556 1
61 1556 1
1554 1556 1
1555 1556 1
1558 1557 1
1557 1558 1
406 1559 1
1560 1559 1
1561 1559 1
406 1560 1
1559 1560 1
1561 1560 1
406 1561 1
1559 1561 1
1560 1561 1
1441 1562 1
1563 1562 1
1441 1563 1
1562 1563 1
77 1564 1
578 1564 1
1566 1565 1
1565 1566 1
219 1567 1
220 1567 1
1568 1567 1
219 1568 1
220 1568 1
1567 1568 1
14 1569 1
49 1569 1
1571 1570 1
1570 1571 1
60 1572 1
87 1572 1
1574 1573 1
1575 1573 1
1573 1574 1
1575 1574 1
1573 1575 1
1574 1575 1
329 1576 1
1577 1576 1
329 1577 1
1576 1577 1
447 1578 1
1394 1578 1
104 1579 1
381 1579 1
50 1580 1
1581 1580 1
50 1581 1
1580 1581 1
1583 1582 1
1584 1582 1
1582 1583 1
1584 1583 1
1582 1584 1
1583 1584 1
598 1585 1
16 1586 1
69 1586 1
212 1587 1
450 1587 1
1198 1587 1
1588 1587 1
212 1588 1
450 1588 1
1198 1588 1
1587 1588 1
7 1589 1
52 1589 1
588 1589 1
591 1589 1
1010 1590 1
1591 1590 1
1592 1590 1
1010 1591 1
1590 1591 1
1592 1591 1
1010 1592 1
1590 1592 1
1591 1592 1
1594 1593 1
1593 1594 1
63 1595 1
67 1595 1
1456 1595 1
83 1596 1
397 1596 1
960 1596 1
1597 1596 1
83 1597 1
397 1597 1
960 1597 1
1596 1597 1
107 1598 1
134 1598 1
