131 1 1
175 1 1
645 1 1
21 2 1
323 2 1
26 3 2
34 3 2
98 3 2
526 3 1
126 4 1
306 4 1
372 4 1
159 5 1
694 5 1
729 6 1
9 7 1
137 8 1
172 8 1
7 9 1
51 10 1
52 10 1
44 11 1
283 11 1
13 12 1
14 12 1
17 12 1
41 12 1
356 12 1
371 12 2
577 12 1
12 13 1
14 13 1
356 13 1
371 13 1
12 14 1
13 14 1
27 14 2
32 14 2
37 14 1
43 14 1
213 14 2
236 14 1
356 14 1
371 14 1
588 14 1
609 14 1
808 14 1
141 15 2
263 15 2
264 15 2
87 16 1
192 16 1
244 16 1
296 16 1
345 16 1
12 17 1
25 17 1
41 17 1
163 17 1
195 17 1
272 17 1
371 17 1
577 17 1
38 18 1
817 18 1
818 18 1
305 19 2
943 19 1
176 20 1
965 20 1
966 20 1
967 20 1
2 21 1
230 21 1
323 21 1
107 22 1
698 22 1
500 23 2
534 23 2
615 23 2
186 24 1
217 24 2
218 24 2
320 24 2
17 25 1
163 25 1
195 25 1
272 25 1
3 26 2
34 26 2
98 26 2
526 26 1
14 27 2
32 27 1
43 27 1
213 27 1
236 27 1
609 27 1
808 27 1
518 28 1
902 28 1
59 29 1
78 29 1
646 29 1
237 30 1
238 30 1
853 30 1
45 31 1
14 32 2
27 32 1
35 32 1
37 32 2
40 32 1
185 32 1
213 32 2
310 32 1
397 32 1
588 32 1
609 32 1
225 33 2
328 33 1
357 33 1
732 33 2
3 34 2
26 34 2
98 34 2
526 34 1
32 35 1
37 35 1
40 35 1
185 35 1
231 36 1
14 37 1
32 37 2
35 37 1
40 37 1
185 37 1
213 37 1
588 37 1
18 38 1
817 38 1
818 38 1
267 39 1
720 39 1
928 39 1
32 40 1
35 40 1
37 40 1
185 40 1
12 41 1
17 41 1
371 41 1
577 41 1
57 42 1
407 42 1
501 42 1
781 42 1
782 42 1
783 42 1
784 42 1
14 43 1
27 43 1
236 43 1
808 43 1
11 44 1
128 44 1
130 44 1
131 44 1
202 44 2
205 44 1
267 44 1
283 44 1
31 45 1
195 46 1
610 46 1
973 47 1
974 47 1
152 48 3
50 49 1
359 49 1
360 49 1
49 50 1
359 50 1
360 50 1
10 51 1
52 51 1
10 52 1
51 52 1
264 53 1
214 54 1
528 55 1
532 55 1
931 55 1
932 55 1
62 56 1
78 56 1
367 56 1
423 56 1
42 57 1
407 57 1
501 57 1
781 57 1
782 57 1
783 57 1
784 57 1
247 58 1
318 58 1
375 58 1
29 59 1
78 59 1
646 59 1
112 60 1
389 60 1
848 60 1
100 61 1
137 61 1
391 61 1
56 62 1
367 62 1
102 63 1
167 63 1
268 63 1
944 63 1
81 64 1
69 65 1
837 65 1
334 66 1
335 66 1
86 67 1
94 68 1
288 68 1
315 68 1
923 68 1
65 69 1
837 69 1
71 70 1
496 70 1
70 71 1
496 71 1
73 72 1
72 73 1
562 73 1
75 74 1
759 74 1
74 75 1
759 75 1
430 76 1
458 76 1
725 77 1
726 77 1
29 78 1
56 78 1
59 78 1
180 78 1
185 78 1
259 78 1
264 78 1
423 78 1
433 78 1
451 78 1
646 78 1
949 78 1
427 79 1
437 79 1
81 80 2
439 80 1
825 80 1
64 81 1
80 81 2
439 81 1
825 81 1
121 82 1
314 82 1
246 83 1
953 83 1
954 83 1
140 84 1
764 84 1
146 85 1
67 86 1
16 87 1
192 87 1
168 88 1
112 89 2
114 89 1
344 89 1
402 89 1
410 89 1
917 89 1
918 89 1
91 90 1
119 90 1
197 90 1
303 90 2
389 90 3
634 90 1
90 91 1
92 91 1
634 91 1
741 91 1
91 92 1
741 92 1
130 93 1
176 93 1
202 93 1
208 93 1
239 93 1
276 93 2
282 93 2
385 93 1
488 93 3
619 93 1
637 93 1
672 93 1
806 93 1
856 93 1
948 93 1
68 94 1
138 94 3
265 94 2
274 94 1
288 94 1
315 94 3
456 94 1
662 94 3
836 94 1
923 94 1
495 95 1
756 95 1
97 96 1
149 96 1
224 96 1
96 97 1
149 97 1
224 97 1
3 98 2
26 98 2
34 98 2
526 98 1
106 99 1
109 99 1
228 99 1
612 99 1
61 100 1
101 100 1
103 100 1
104 100 1
137 100 1
307 100 1
391 100 1
100 101 1
103 101 1
104 101 1
136 101 1
146 101 1
155 101 1
156 101 1
227 101 1
307 101 1
494 101 1
63 102 1
167 102 1
944 102 1
100 103 1
101 103 1
104 103 2
307 103 1
100 104 1
101 104 1
103 104 2
307 104 1
516 105 1
99 106 1
228 106 1
229 106 1
377 106 1
22 107 1
698 107 1
109 108 1
229 108 1
610 108 1
99 109 1
108 109 1
228 109 1
229 109 2
610 109 2
111 110 2
154 110 1
235 110 1
240 110 3
258 110 3
265 110 1
465 110 1
555 110 1
632 110 1
644 110 1
937 110 1
110 111 2
240 111 2
258 111 2
60 112 1
89 112 2
114 112 1
344 112 1
389 112 1
402 112 1
848 112 1
917 112 1
918 112 1
115 113 2
198 113 1
202 113 1
260 113 1
680 113 1
757 113 1
797 113 1
890 113 1
968 113 1
89 114 1
112 114 1
113 115 2
160 115 1
175 115 1
198 115 4
202 115 1
260 115 2
291 115 3
451 115 1
559 115 1
645 115 1
680 115 2
739 115 1
757 115 1
773 115 1
850 115 1
872 115 1
890 115 1
962 115 1
117 116 1
245 116 1
285 116 1
561 116 1
584 116 1
671 116 1
736 116 1
919 116 1
933 116 1
116 117 1
601 118 1
830 118 1
90 119 1
197 119 1
389 119 1
873 120 1
82 121 1
314 121 1
123 122 1
260 122 1
292 122 1
122 123 1
202 123 1
208 123 1
260 123 2
292 123 2
939 123 1
940 123 1
793 124 1
126 125 2
616 125 1
624 125 1
4 126 1
125 126 2
306 126 1
372 126 1
616 126 1
624 126 1
128 127 5
205 127 2
267 127 1
469 127 1
767 127 1
896 127 1
44 128 1
127 128 5
168 128 1
169 128 1
170 128 1
202 128 2
205 128 9
267 128 6
316 128 4
469 128 1
554 128 2
626 128 1
720 128 3
723 128 2
761 128 1
767 128 1
896 128 2
276 129 1
468 129 1
565 129 1
683 129 1
718 129 1
44 130 1
93 130 1
131 130 1
202 130 1
385 130 1
469 130 1
1 131 1
44 131 1
130 131 1
153 131 3
171 131 1
175 131 1
201 131 1
202 131 2
285 131 1
403 131 1
455 131 3
519 131 1
527 131 1
540 131 1
553 131 2
554 131 2
591 131 2
629 131 1
635 131 1
645 131 1
651 131 2
652 131 2
653 131 3
658 131 1
746 131 1
747 131 1
771 131 1
798 131 2
215 132 1
941 132 1
788 133 1
789 133 1
790 133 1
137 134 1
153 134 1
557 134 1
560 134 1
568 134 3
583 134 1
650 134 1
691 134 1
717 134 1
776 134 1
777 134 1
864 134 1
888 134 3
889 134 1
384 135 1
414 135 1
415 135 1
778 135 1
101 136 1
155 136 1
156 136 1
8 137 1
61 137 1
100 137 1
134 137 1
172 137 1
391 137 1
94 138 3
265 138 1
274 138 1
315 138 1
662 138 2
836 138 1
140 139 3
929 139 1
84 140 1
139 140 3
764 140 1
929 140 1
15 141 2
263 141 2
264 141 2
391 142 1
164 143 1
145 144 1
144 145 1
85 146 1
101 146 1
161 146 1
172 146 1
251 146 1
311 146 1
333 146 1
355 146 1
494 146 1
611 146 1
434 147 1
165 148 4
459 148 1
681 148 1
695 148 1
955 148 1
960 148 1
96 149 1
97 149 1
224 149 1
895 150 1
152 151 2
827 151 1
48 152 3
151 152 2
154 152 1
233 152 3
271 152 2
302 152 2
304 152 3
348 152 3
369 152 1
667 152 1
668 152 1
674 152 1
716 152 1
727 152 1
827 152 1
131 153 3
134 153 1
554 153 1
568 153 1
583 153 1
589 153 1
635 153 1
110 154 1
152 154 1
309 154 1
369 154 2
632 154 1
674 154 1
101 155 1
136 155 1
156 155 1
101 156 1
136 156 1
155 156 1
541 156 1
627 156 1
936 156 1
223 157 1
408 157 1
573 157 1
765 157 1
252 158 1
253 158 1
585 158 3
602 158 2
755 158 1
847 158 1
897 158 1
5 159 1
694 159 1
115 160 1
291 160 1
701 160 1
146 161 1
913 162 1
17 163 1
25 163 1
195 163 1
272 163 1
143 164 1
148 165 4
166 165 1
165 166 1
63 167 1
102 167 1
944 167 1
88 168 1
128 168 1
169 168 1
170 168 1
128 169 1
168 169 1
170 169 2
440 169 1
128 170 1
168 170 1
169 170 2
440 170 1
131 171 1
285 171 1
519 171 1
648 171 1
879 171 1
8 172 1
137 172 1
146 172 1
611 172 1
386 173 1
521 173 1
670 173 1
961 173 1
458 174 1
462 174 1
769 174 1
1 175 1
115 175 1
131 175 1
559 175 1
645 175 2
962 175 1
20 176 1
93 176 1
806 176 1
346 177 1
219 178 1
220 178 1
221 178 1
887 179 1
78 180 1
265 180 1
370 180 1
433 180 2
435 180 1
453 180 2
633 180 1
182 181 1
181 182 1
774 182 1
775 182 1
757 183 1
758 183 1
320 184 1
32 185 1
35 185 1
37 185 1
40 185 1
78 185 1
259 185 1
264 185 1
24 186 1
187 186 1
324 186 1
186 187 1
189 188 1
191 188 1
614 188 1
188 189 1
191 189 1
614 189 1
226 190 1
364 190 1
574 190 1
880 190 1
188 191 1
189 191 1
614 191 1
16 192 1
87 192 1
194 193 1
195 193 1
196 193 1
630 193 1
193 194 1
195 194 1
196 194 1
630 194 1
17 195 1
25 195 1
46 195 1
163 195 1
193 195 1
194 195 1
196 195 1
263 195 1
272 195 1
581 195 1
610 195 1
630 195 1
193 196 1
194 196 1
195 196 1
630 196 1
90 197 1
119 197 1
389 197 1
113 198 1
115 198 4
260 198 2
680 198 2
757 198 1
491 199 1
358 200 1
361 200 1
612 200 1
131 201 1
202 201 1
44 202 2
93 202 1
113 202 1
115 202 1
123 202 1
128 202 2
130 202 1
131 202 2
201 202 1
205 202 1
208 202 3
240 202 1
267 202 1
291 202 1
422 202 1
451 202 1
488 202 1
563 202 1
706 202 1
761 202 1
773 202 1
856 202 1
939 202 1
940 202 1
947 202 1
968 202 1
537 203 1
810 203 1
811 203 1
820 203 1
256 204 1
257 204 1
432 204 1
930 204 1
44 205 1
127 205 2
128 205 9
202 205 1
267 205 2
316 205 2
469 205 1
554 205 2
767 205 1
896 205 2
207 206 1
206 207 1
93 208 1
123 208 1
202 208 3
240 208 1
488 208 2
939 208 1
940 208 1
947 208 1
261 209 1
262 209 1
424 210 1
492 210 1
523 210 1
610 211 1
232 212 1
321 212 1
322 212 1
14 213 2
27 213 1
32 213 2
37 213 1
588 213 1
609 213 1
54 214 1
132 215 1
941 215 1
766 216 1
24 217 2
218 217 2
319 217 1
320 217 2
617 217 1
24 218 2
217 218 2
320 218 2
178 219 1
220 219 1
221 219 1
178 220 1
219 220 1
221 220 1
178 221 1
219 221 1
220 221 1
223 222 2
465 222 1
470 222 1
157 223 1
222 223 2
408 223 1
465 223 1
470 223 1
471 223 1
472 223 1
473 223 2
483 223 1
484 223 1
96 224 1
97 224 1
149 224 1
33 225 2
328 225 1
357 225 1
732 225 2
190 226 1
364 226 1
574 226 1
880 226 1
101 227 1
99 228 1
106 228 1
109 228 1
229 228 1
377 228 1
106 229 1
108 229 1
109 229 2
228 229 1
377 229 1
610 229 2
21 230 1
502 230 1
36 231 1
212 232 1
321 232 1
322 232 1
152 233 3
302 233 1
668 233 1
443 234 1
618 234 1
915 234 1
110 235 1
14 236 1
27 236 1
43 236 1
808 236 1
30 237 1
238 237 1
853 237 1
30 238 1
237 238 1
853 238 1
93 239 1
240 239 1
287 239 1
498 239 1
637 239 1
110 240 3
111 240 2
202 240 1
208 240 1
239 240 1
258 240 4
263 240 1
647 240 1
242 241 2
243 241 4
558 241 1
975 241 1
241 242 2
243 242 2
241 243 4
242 243 2
558 243 1
975 243 1
16 244 1
345 244 1
116 245 1
919 245 1
83 246 1
953 246 1
954 246 1
58 247 1
318 247 1
375 247 1
249 248 2
250 248 2
248 249 2
250 249 2
248 250 2
249 250 2
146 251 1
355 251 1
158 252 1
253 252 1
897 252 1
158 253 1
252 253 1
897 253 1
255 254 1
390 254 1
254 255 1
390 255 1
737 255 1
738 255 1
863 255 1
204 256 1
257 256 1
204 257 1
256 257 1
110 258 3
111 258 2
240 258 4
78 259 1
185 259 1
264 259 2
394 259 1
942 259 1
113 260 1
115 260 2
122 260 1
123 260 2
198 260 2
291 260 2
292 260 2
336 260 2
470 260 2
559 260 2
590 260 2
642 260 2
680 260 2
715 260 3
719 260 1
757 260 1
914 260 1
946 260 2
209 261 1
262 261 1
209 262 1
261 262 1
15 263 2
141 263 2
195 263 1
240 263 1
264 263 2
581 263 1
15 264 2
53 264 1
78 264 1
141 264 2
185 264 1
259 264 2
263 264 2
394 264 1
942 264 1
94 265 2
110 265 1
138 265 1
180 265 1
315 265 2
433 265 1
633 265 1
662 265 1
709 266 1
39 267 1
44 267 1
127 267 1
128 267 6
202 267 1
205 267 2
469 267 1
720 267 3
723 267 2
767 267 1
928 267 1
63 268 1
270 269 1
269 270 1
152 271 2
304 271 1
348 271 2
17 272 1
25 272 1
163 272 1
195 272 1
373 273 1
94 274 1
138 274 1
276 275 1
277 275 1
278 275 1
279 275 1
280 275 1
281 275 1
282 275 1
93 276 2
129 276 1
275 276 1
277 276 1
278 276 1
279 276 1
280 276 1
281 276 1
282 276 3
683 276 1
275 277 1
276 277 1
278 277 1
279 277 1
280 277 1
281 277 1
282 277 1
275 278 1
276 278 1
277 278 1
279 278 1
280 278 1
281 278 1
282 278 1
275 279 1
276 279 1
277 279 1
278 279 1
280 279 1
281 279 1
282 279 1
275 280 1
276 280 1
277 280 1
278 280 1
279 280 1
281 280 1
282 280 1
275 281 1
276 281 1
277 281 1
278 281 1
279 281 1
280 281 1
282 281 1
93 282 2
275 282 1
276 282 3
277 282 1
278 282 1
279 282 1
280 282 1
281 282 1
11 283 1
44 283 1
419 284 1
420 284 1
438 284 1
116 285 1
131 285 1
171 285 1
519 285 1
287 286 2
886 286 1
239 287 1
286 287 2
562 287 3
768 287 1
859 287 1
860 287 1
886 287 1
68 288 1
94 288 1
315 288 1
923 288 1
290 289 1
289 290 1
115 291 3
160 291 1
202 291 1
260 291 2
336 291 2
451 291 1
452 291 1
470 291 2
524 291 1
559 291 2
590 291 2
642 291 2
739 291 1
773 291 1
946 291 2
122 292 1
123 292 2
260 292 2
294 293 1
388 293 1
497 293 1
661 293 1
666 293 2
910 293 1
293 294 1
666 294 1
910 294 1
383 295 1
16 296 1
298 297 1
592 297 1
297 298 1
592 298 1
300 299 1
301 299 1
899 299 1
299 300 1
301 300 1
899 300 1
299 301 1
300 301 1
899 301 1
152 302 2
233 302 1
304 302 1
90 303 2
389 303 1
152 304 3
271 304 1
302 304 1
348 304 2
19 305 2
943 305 1
4 306 1
126 306 1
372 306 1
100 307 1
101 307 1
103 307 1
104 307 1
972 308 1
154 309 1
32 310 1
397 310 1
146 311 1
333 311 1
313 312 1
312 313 1
665 313 1
824 313 1
82 314 1
121 314 1
68 315 1
94 315 3
138 315 1
265 315 2
288 315 1
662 315 1
923 315 1
128 316 4
205 316 2
896 316 1
638 317 1
823 317 1
58 318 1
247 318 1
375 318 1
217 319 1
320 319 1
347 319 2
617 319 1
24 320 2
184 320 1
217 320 2
218 320 2
319 320 1
347 320 1
457 320 1
857 320 1
858 320 1
212 321 1
232 321 1
322 321 1
212 322 1
232 322 1
321 322 1
2 323 1
21 323 1
186 324 1
326 325 2
327 325 2
849 325 2
325 326 2
327 326 6
643 326 4
849 326 2
325 327 2
326 327 6
643 327 4
849 327 2
33 328 1
225 328 1
357 328 1
732 328 1
330 329 1
329 330 1
332 331 1
331 332 1
146 333 1
311 333 1
66 334 1
335 334 2
951 334 1
952 334 1
66 335 1
334 335 2
951 335 1
952 335 1
260 336 2
291 336 2
470 336 2
559 336 2
590 336 2
642 336 2
946 336 2
908 337 1
498 338 2
499 338 2
696 339 1
697 339 1
698 339 1
699 339 1
700 339 1
341 340 1
512 340 1
815 340 1
340 341 1
512 341 1
815 341 1
343 342 1
342 343 1
89 344 1
112 344 1
402 344 1
917 344 1
918 344 1
16 345 1
244 345 1
177 346 1
319 347 2
320 347 1
152 348 3
271 348 2
304 348 2
655 348 1
656 348 1
350 349 1
351 349 1
489 349 1
349 350 1
351 350 1
489 350 1
349 351 1
350 351 1
489 351 1
490 352 1
714 352 1
480 353 1
481 353 1
796 354 1
146 355 1
251 355 1
12 356 1
13 356 1
14 356 1
371 356 1
33 357 1
225 357 1
328 357 1
732 357 1
200 358 1
361 358 1
612 358 1
49 359 1
50 359 1
360 359 1
49 360 1
50 360 1
359 360 1
200 361 1
358 361 1
612 361 1
363 362 1
362 363 1
190 364 1
226 364 1
365 364 1
366 364 1
574 364 1
657 364 1
880 364 1
881 364 1
364 365 1
366 365 1
657 365 1
881 365 1
364 366 1
365 366 1
657 366 1
881 366 1
56 367 1
62 367 1
748 368 2
152 369 1
154 369 2
674 369 1
180 370 1
435 370 1
12 371 2
13 371 1
14 371 1
17 371 1
41 371 1
356 371 1
577 371 1
4 372 1
126 372 1
306 372 1
273 373 1
441 374 1
58 375 1
247 375 1
318 375 1
792 376 1
106 377 1
228 377 1
229 377 1
631 378 1
380 379 1
379 380 1
382 381 3
514 381 1
659 381 2
728 381 1
381 382 3
514 382 1
659 382 2
728 382 1
295 383 1
135 384 1
414 384 1
415 384 1
778 384 1
93 385 1
130 385 1
173 386 1
521 386 1
670 386 1
961 386 1
466 387 1
760 387 1
293 388 1
661 388 1
666 388 1
60 389 1
90 389 3
112 389 1
119 389 1
197 389 1
303 389 1
848 389 1
254 390 1
255 390 1
61 391 1
100 391 1
137 391 1
142 391 1
834 392 2
575 393 1
576 393 1
710 393 1
711 393 1
712 393 1
713 393 1
259 394 1
264 394 1
942 394 1
405 395 1
742 396 1
743 396 1
744 396 1
32 397 1
310 397 1
911 398 1
600 399 1
898 399 1
401 400 1
688 400 1
689 400 1
400 401 1
688 401 1
689 401 1
89 402 1
112 402 1
344 402 1
917 402 1
918 402 1
131 403 1
553 403 1
676 404 1
677 404 1
678 404 1
679 404 1
395 405 1
465 406 1
546 406 1
574 406 1
791 406 1
42 407 1
57 407 1
501 407 1
781 407 1
782 407 1
783 407 1
784 407 1
157 408 1
223 408 1
431 409 1
969 409 1
89 410 1
831 411 1
832 411 1
833 411 1
416 412 1
417 412 1
482 412 1
950 412 1
639 413 1
845 413 1
846 413 1
135 414 1
384 414 1
415 414 1
778 414 1
135 415 1
384 415 1
414 415 1
778 415 1
412 416 1
417 416 1
482 416 1
950 416 1
412 417 1
416 417 1
482 417 1
950 417 1
733 418 1
284 419 1
420 419 1
438 419 1
284 420 1
419 420 1
438 420 1
425 421 1
826 421 1
202 422 1
563 422 1
56 423 1
78 423 1
210 424 1
492 424 1
523 424 1
421 425 1
826 425 1
428 426 1
429 426 1
79 427 1
437 427 1
426 428 1
429 428 1
426 429 1
428 429 1
76 430 1
458 430 1
409 431 1
969 431 1
204 432 1
930 432 1
78 433 1
180 433 2
265 433 1
633 433 1
147 434 1
180 435 1
370 435 1
874 436 1
79 437 1
427 437 1
284 438 1
419 438 1
420 438 1
80 439 1
81 439 1
825 439 1
169 440 1
170 440 1
374 441 1
802 442 1
803 442 1
804 442 1
805 442 1
234 443 1
618 443 1
454 444 1
460 444 1
461 444 1
449 445 1
463 445 1
682 445 1
582 446 1
745 446 1
720 447 1
723 447 1
724 447 1
821 448 1
445 449 1
463 449 1
682 449 1
891 450 1
78 451 1
115 451 1
202 451 1
291 451 1
773 451 1
291 452 1
524 452 1
180 453 2
444 454 1
460 454 1
461 454 1
131 455 3
540 455 1
553 455 1
554 455 1
629 455 1
651 455 2
652 455 2
94 456 1
662 456 1
320 457 1
76 458 1
174 458 1
430 458 1
462 458 1
769 458 1
148 459 1
960 459 1
444 460 1
454 460 1
461 460 1
444 461 1
454 461 1
460 461 1
174 462 1
458 462 1
769 462 1
445 463 1
449 463 1
682 463 1
734 464 1
110 465 1
222 465 1
223 465 1
406 465 1
470 465 5
525 465 1
533 465 1
546 465 1
570 465 1
571 465 1
573 465 1
574 465 2
578 465 2
579 465 2
613 465 1
644 465 1
762 465 1
763 465 1
791 465 1
909 465 1
937 465 1
387 466 1
760 466 1
659 467 1
660 467 1
840 467 1
841 467 1
129 468 1
565 468 1
718 468 1
127 469 1
128 469 1
130 469 1
205 469 1
267 469 1
767 469 1
222 470 1
223 470 1
260 470 2
291 470 2
336 470 2
465 470 5
525 470 1
559 470 2
578 470 2
579 470 2
590 470 2
642 470 2
946 470 2
223 471 1
472 471 1
223 472 1
471 472 1
223 473 2
749 474 1
750 474 1
730 475 1
731 475 1
903 476 1
871 477 1
864 478 1
865 478 1
809 479 1
353 480 1
481 480 1
353 481 1
480 481 1
412 482 1
416 482 1
417 482 1
950 482 1
223 483 1
223 484 1
568 485 1
566 486 1
567 486 3
594 486 1
595 486 1
599 486 1
807 486 2
548 487 1
934 487 1
935 487 1
93 488 3
202 488 1
208 488 2
672 488 1
947 488 1
948 488 1
349 489 1
350 489 1
351 489 1
352 490 1
714 490 1
199 491 1
210 492 1
424 492 1
523 492 1
854 493 1
855 493 1
101 494 1
146 494 1
95 495 1
756 495 1
70 496 1
71 496 1
293 497 1
239 498 1
338 498 2
499 498 2
338 499 2
498 499 2
23 500 2
534 500 3
615 500 3
663 500 1
664 500 1
42 501 1
57 501 1
407 501 1
781 501 1
782 501 1
783 501 1
784 501 1
230 502 1
549 503 1
550 503 1
551 503 1
552 503 1
505 504 1
504 505 1
515 505 1
513 506 1
514 506 1
662 506 1
511 507 1
636 507 5
654 507 2
901 507 1
964 507 2
851 508 1
628 509 1
882 509 1
869 510 1
870 510 1
507 511 1
340 512 1
341 512 1
815 512 1
506 513 1
514 513 1
662 513 1
381 514 1
382 514 1
506 514 1
513 514 1
662 514 2
728 514 1
505 515 1
105 516 1
531 517 1
705 517 1
28 518 1
902 518 1
131 519 1
171 519 1
285 519 1
536 520 1
538 520 1
173 521 1
386 521 1
522 521 1
670 521 1
961 521 1
521 522 1
210 523 1
424 523 1
492 523 1
291 524 1
452 524 1
465 525 1
470 525 1
3 526 1
26 526 1
34 526 1
98 526 1
131 527 1
591 527 1
747 527 1
55 528 1
532 528 1
931 528 1
932 528 1
822 529 1
785 530 1
786 530 1
787 530 1
517 531 1
705 531 1
55 532 1
528 532 1
931 532 1
932 532 1
465 533 1
23 534 2
500 534 3
615 534 3
663 534 1
664 534 1
553 535 1
580 535 1
938 535 1
520 536 1
538 536 1
203 537 1
810 537 1
811 537 1
520 538 1
536 538 1
567 539 1
740 539 1
131 540 1
455 540 1
554 540 1
629 540 1
651 540 1
652 540 1
156 541 1
627 541 1
936 541 1
543 542 1
544 542 1
545 542 1
883 542 1
884 542 1
885 542 1
542 543 1
544 543 1
545 543 1
883 543 1
884 543 1
885 543 1
542 544 1
543 544 1
545 544 1
883 544 1
884 544 1
885 544 1
542 545 1
543 545 1
544 545 1
883 545 1
884 545 1
885 545 1
406 546 1
465 546 1
574 546 1
791 546 1
916 547 1
487 548 1
934 548 1
935 548 1
503 549 1
550 549 1
551 549 1
552 549 1
503 550 1
549 550 1
551 550 1
552 550 1
503 551 1
549 551 1
550 551 1
552 551 1
503 552 1
549 552 1
550 552 1
551 552 1
131 553 2
403 553 1
455 553 1
535 553 1
580 553 1
128 554 2
131 554 2
153 554 1
205 554 2
455 554 1
540 554 1
629 554 1
651 554 1
652 554 1
110 555 1
812 555 1
835 555 1
568 556 1
875 556 1
876 556 1
134 557 1
717 557 1
864 557 1
241 558 1
243 558 1
912 558 1
115 559 1
175 559 1
260 559 2
291 559 2
336 559 2
470 559 2
590 559 2
642 559 2
645 559 1
946 559 2
962 559 1
134 560 1
116 561 1
584 561 1
933 561 1
73 562 1
287 562 3
626 562 1
202 563 1
422 563 1
592 564 1
956 564 1
957 564 1
129 565 1
468 565 1
718 565 1
486 566 1
567 566 1
486 567 3
539 567 1
566 567 1
740 567 1
807 567 2
134 568 3
153 568 1
485 568 1
556 568 1
589 568 1
776 568 1
777 568 1
866 568 1
875 568 1
876 568 1
888 568 1
889 568 1
570 569 1
571 569 1
572 569 1
573 569 1
801 569 1
465 570 1
569 570 1
571 570 2
572 570 1
573 570 2
801 570 1
465 571 1
569 571 1
570 571 2
572 571 1
573 571 2
801 571 1
569 572 1
570 572 1
571 572 1
573 572 2
596 572 1
597 572 1
598 572 1
735 572 1
801 572 1
157 573 1
465 573 1
569 573 1
570 573 2
571 573 2
572 573 2
735 573 1
765 573 1
801 573 1
190 574 1
226 574 1
364 574 1
406 574 1
465 574 2
546 574 1
640 574 1
762 574 1
763 574 1
791 574 1
880 574 1
900 574 1
393 575 1
576 575 1
710 575 1
711 575 1
712 575 1
713 575 2
393 576 1
575 576 1
710 576 1
711 576 1
712 576 1
713 576 1
12 577 1
17 577 1
41 577 1
371 577 1
465 578 2
470 578 2
579 578 2
465 579 2
470 579 2
578 579 2
535 580 1
553 580 1
195 581 1
263 581 1
446 582 1
745 582 1
134 583 1
153 583 1
116 584 1
561 584 1
707 584 1
708 584 1
933 584 1
158 585 3
602 585 2
755 585 1
847 585 1
587 586 1
586 587 1
14 588 1
32 588 1
37 588 1
213 588 1
153 589 1
568 589 1
260 590 2
291 590 2
336 590 2
470 590 2
559 590 2
642 590 2
904 590 1
946 590 2
131 591 2
527 591 1
746 591 1
747 591 1
297 592 1
298 592 1
564 592 1
956 592 1
957 592 1
675 593 1
770 593 1
486 594 1
595 594 1
486 595 1
594 595 1
572 596 1
597 596 1
598 596 1
572 597 1
596 597 1
598 597 1
572 598 1
596 598 1
597 598 1
486 599 1
399 600 1
898 600 1
118 601 1
830 601 1
158 602 2
585 602 2
847 602 1
772 603 1
717 604 1
606 605 1
607 605 1
608 605 1
605 606 1
607 606 1
608 606 1
605 607 1
606 607 1
608 607 1
605 608 1
606 608 1
607 608 1
14 609 1
27 609 1
32 609 1
213 609 1
46 610 1
108 610 1
109 610 2
195 610 1
211 610 1
229 610 2
146 611 1
172 611 1
99 612 1
200 612 1
358 612 1
361 612 1
465 613 1
188 614 1
189 614 1
191 614 1
23 615 2
500 615 3
534 615 3
663 615 1
664 615 1
125 616 1
126 616 1
624 616 1
217 617 1
319 617 1
234 618 1
443 618 1
93 619 1
621 620 1
622 620 1
623 620 1
620 621 1
622 621 1
623 621 1
620 622 1
621 622 1
623 622 1
620 623 1
621 623 1
622 623 1
125 624 1
126 624 1
616 624 1
641 625 1
819 625 1
128 626 1
562 626 1
156 627 1
541 627 1
936 627 1
509 628 1
882 628 1
131 629 1
455 629 1
540 629 1
554 629 1
651 629 1
652 629 1
193 630 1
194 630 1
195 630 1
196 630 1
378 631 1
906 631 1
110 632 1
154 632 1
180 633 1
265 633 1
433 633 1
90 634 1
91 634 1
131 635 1
153 635 1
507 636 5
654 636 2
901 636 1
963 636 1
964 636 2
93 637 1
239 637 1
317 638 1
413 639 1
845 639 1
846 639 1
574 640 1
625 641 1
260 642 2
291 642 2
336 642 2
470 642 2
559 642 2
590 642 2
946 642 2
326 643 4
327 643 4
110 644 1
465 644 1
937 644 1
1 645 1
115 645 1
131 645 1
175 645 2
559 645 1
962 645 1
29 646 1
59 646 1
78 646 1
240 647 1
171 648 1
669 649 1
907 649 1
134 650 1
888 650 1
131 651 2
455 651 2
540 651 1
554 651 1
629 651 1
652 651 2
131 652 2
455 652 2
540 652 1
554 652 1
629 652 1
651 652 2
131 653 3
658 653 1
798 653 1
507 654 2
636 654 2
348 655 1
656 655 1
348 656 1
655 656 1
364 657 1
365 657 1
366 657 1
881 657 1
131 658 1
653 658 1
381 659 2
382 659 2
467 659 1
660 659 1
840 659 1
841 659 1
467 660 1
659 660 1
840 660 1
841 660 1
293 661 1
388 661 1
666 661 1
94 662 3
138 662 2
265 662 1
315 662 1
456 662 1
506 662 1
513 662 1
514 662 2
836 662 1
500 663 1
534 663 1
615 663 1
664 663 1
500 664 1
534 664 1
615 664 1
663 664 1
313 665 1
293 666 2
294 666 1
388 666 1
661 666 1
910 666 1
152 667 1
152 668 1
233 668 1
649 669 1
907 669 1
173 670 1
386 670 1
521 670 1
961 670 1
116 671 1
93 672 1
488 672 1
905 673 1
152 674 1
154 674 1
369 674 1
593 675 1
404 676 1
677 676 1
678 676 1
679 676 1
404 677 1
676 677 1
678 677 1
679 677 1
404 678 1
676 678 1
677 678 1
679 678 1
404 679 1
676 679 1
677 679 1
678 679 1
113 680 1
115 680 2
198 680 2
260 680 2
757 680 1
148 681 1
445 682 1
449 682 1
463 682 1
129 683 1
276 683 1
685 684 2
686 684 1
687 684 1
690 684 1
684 685 2
686 685 1
687 685 1
690 685 1
684 686 1
685 686 1
687 686 1
684 687 1
685 687 1
686 687 1
400 688 1
401 688 1
689 688 1
400 689 1
401 689 1
688 689 1
684 690 1
685 690 1
134 691 1
693 692 1
692 693 1
5 694 1
159 694 1
148 695 1
339 696 1
697 696 1
698 696 1
699 696 1
700 696 1
339 697 1
696 697 1
698 697 1
699 697 1
700 697 1
22 698 1
107 698 1
339 698 1
696 698 1
697 698 1
699 698 1
700 698 1
339 699 1
696 699 1
697 699 1
698 699 1
700 699 1
339 700 1
696 700 1
697 700 1
698 700 1
699 700 1
160 701 1
703 702 3
704 702 1
852 702 1
702 703 3
704 703 1
852 703 1
702 704 1
703 704 1
517 705 1
531 705 1
202 706 1
584 707 1
708 707 1
584 708 1
707 708 1
266 709 1
393 710 1
575 710 1
576 710 1
711 710 1
712 710 1
713 710 1
393 711 1
575 711 1
576 711 1
710 711 1
712 711 1
713 711 1
393 712 1
575 712 1
576 712 1
710 712 1
711 712 1
713 712 1
393 713 1
575 713 2
576 713 1
710 713 1
711 713 1
712 713 1
352 714 1
490 714 1
260 715 3
152 716 1
134 717 1
557 717 1
604 717 1
864 717 1
129 718 1
468 718 1
565 718 1
260 719 1
39 720 1
128 720 3
267 720 3
447 720 1
723 720 3
724 720 1
722 721 1
721 722 1
839 722 1
128 723 2
267 723 2
447 723 1
720 723 3
724 723 1
447 724 1
720 724 1
723 724 1
77 725 1
726 725 1
77 726 1
725 726 1
152 727 1
381 728 1
382 728 1
514 728 1
6 729 1
475 730 1
731 730 1
475 731 1
730 731 1
33 732 2
225 732 2
328 732 1
357 732 1
418 733 1
464 734 1
572 735 1
573 735 1
116 736 1
255 737 1
738 737 1
255 738 1
737 738 1
115 739 1
291 739 1
539 740 1
567 740 1
91 741 1
92 741 1
396 742 1
743 742 1
744 742 1
396 743 1
742 743 1
744 743 1
396 744 1
742 744 1
743 744 1
446 745 1
582 745 1
131 746 1
591 746 1
131 747 1
527 747 1
591 747 1
368 748 2
474 749 1
750 749 1
474 750 1
749 750 1
752 751 1
753 751 1
754 751 1
751 752 1
753 752 1
754 752 1
751 753 1
752 753 1
754 753 1
751 754 1
752 754 1
753 754 1
158 755 1
585 755 1
95 756 1
495 756 1
113 757 1
115 757 1
183 757 1
198 757 1
260 757 1
680 757 1
758 757 1
183 758 1
757 758 1
74 759 1
75 759 1
387 760 1
466 760 1
128 761 1
202 761 1
465 762 1
574 762 1
763 762 1
465 763 1
574 763 1
762 763 1
84 764 1
140 764 1
157 765 1
573 765 1
216 766 1
127 767 1
128 767 1
205 767 1
267 767 1
469 767 1
287 768 1
174 769 1
458 769 1
462 769 1
593 770 1
131 771 1
603 772 1
115 773 1
202 773 1
291 773 1
451 773 1
182 774 1
775 774 1
182 775 1
774 775 1
134 776 1
568 776 1
777 776 1
134 777 1
568 777 1
776 777 1
135 778 1
384 778 1
414 778 1
415 778 1
780 779 1
779 780 1
42 781 1
57 781 1
407 781 1
501 781 1
782 781 1
783 781 1
784 781 1
42 782 1
57 782 1
407 782 1
501 782 1
781 782 1
783 782 1
784 782 1
42 783 1
57 783 1
407 783 1
501 783 1
781 783 1
782 783 1
784 783 1
42 784 1
57 784 1
407 784 1
501 784 1
781 784 1
782 784 1
783 784 1
530 785 1
786 785 1
787 785 1
530 786 1
785 786 1
787 786 1
530 787 1
785 787 1
786 787 1
133 788 1
789 788 1
790 788 1
133 789 1
788 789 1
790 789 1
133 790 1
788 790 1
789 790 1
406 791 1
465 791 1
546 791 1
574 791 1
376 792 1
124 793 1
795 794 1
794 795 1
354 796 1
113 797 1
131 798 2
653 798 1
800 799 1
813 799 1
799 800 1
569 801 1
570 801 1
571 801 1
572 801 1
573 801 1
442 802 1
803 802 1
804 802 1
805 802 1
442 803 1
802 803 1
804 803 1
805 803 1
442 804 1
802 804 1
803 804 1
805 804 1
442 805 1
802 805 1
803 805 1
804 805 1
93 806 1
176 806 1
842 806 1
486 807 2
567 807 2
14 808 1
27 808 1
43 808 1
236 808 1
479 809 1
203 810 1
537 810 1
811 810 1
203 811 1
537 811 1
810 811 1
555 812 1
799 813 1
815 814 1
816 814 1
340 815 1
341 815 1
512 815 1
814 815 1
816 815 1
814 816 1
815 816 1
18 817 1
38 817 1
818 817 1
18 818 1
38 818 1
817 818 1
625 819 1
203 820 1
448 821 1
529 822 1
317 823 1
313 824 1
80 825 1
81 825 1
439 825 1
421 826 1
425 826 1
151 827 1
152 827 1
829 828 1
828 829 1
118 830 1
601 830 1
411 831 1
832 831 1
833 831 1
411 832 1
831 832 1
833 832 1
411 833 1
831 833 1
832 833 1
392 834 2
555 835 1
94 836 1
138 836 1
662 836 1
65 837 1
69 837 1
945 838 1
722 839 1
467 840 1
659 840 1
660 840 1
841 840 1
467 841 1
659 841 1
660 841 1
840 841 1
806 842 1
844 843 1
843 844 1
413 845 1
639 845 1
846 845 1
413 846 1
639 846 1
845 846 1
158 847 1
585 847 1
602 847 1
60 848 1
112 848 1
389 848 1
325 849 2
326 849 2
327 849 2
115 850 1
508 851 1
702 852 1
703 852 1
30 853 1
237 853 1
238 853 1
493 854 1
855 854 1
493 855 1
854 855 1
93 856 1
202 856 1
320 857 1
858 857 1
320 858 1
857 858 1
287 859 1
860 859 1
287 860 1
859 860 1
862 861 1
861 862 1
255 863 1
134 864 1
478 864 1
557 864 1
717 864 1
865 864 1
478 865 1
864 865 1
568 866 1
868 867 1
867 868 1
510 869 1
870 869 1
510 870 1
869 870 1
477 871 1
115 872 1
120 873 1
436 874 1
556 875 1
568 875 1
876 875 1
556 876 1
568 876 1
875 876 1
878 877 1
877 878 1
171 879 1
190 880 1
226 880 1
364 880 1
574 880 1
364 881 1
365 881 1
366 881 1
657 881 1
509 882 1
628 882 1
542 883 1
543 883 1
544 883 1
545 883 1
884 883 1
885 883 1
542 884 1
543 884 1
544 884 1
545 884 1
883 884 1
885 884 1
542 885 1
543 885 1
544 885 1
545 885 1
883 885 1
884 885 1
286 886 1
287 886 1
179 887 1
134 888 3
568 888 1
650 888 1
889 888 1
134 889 1
568 889 1
888 889 1
113 890 1
115 890 1
450 891 1
893 892 1
894 892 1
892 893 1
894 893 1
892 894 1
893 894 1
150 895 1
127 896 1
128 896 2
205 896 2
316 896 1
158 897 1
252 897 1
253 897 1
399 898 1
600 898 1
299 899 1
300 899 1
301 899 1
574 900 1
507 901 1
636 901 1
28 902 1
518 902 1
476 903 1
590 904 1
673 905 1
631 906 1
649 907 1
669 907 1
337 908 1
465 909 1
293 910 1
294 910 1
666 910 1
398 911 1
558 912 1
162 913 1
260 914 1
234 915 1
547 916 1
89 917 1
112 917 1
344 917 1
402 917 1
918 917 1
89 918 1
112 918 1
344 918 1
402 918 1
917 918 1
116 919 1
245 919 1
921 920 1
922 920 1
920 921 1
922 921 1
920 922 1
921 922 1
68 923 1
94 923 1
288 923 1
315 923 1
925 924 1
926 924 1
927 924 1
924 925 1
926 925 1
927 925 1
924 926 1
925 926 1
927 926 1
924 927 1
925 927 1
926 927 1
39 928 1
267 928 1
139 929 1
140 929 1
204 930 1
432 930 1
55 931 1
528 931 1
532 931 1
932 931 1
55 932 1
528 932 1
532 932 1
931 932 1
116 933 1
561 933 1
584 933 1
487 934 1
548 934 1
935 934 1
487 935 1
548 935 1
934 935 1
156 936 1
541 936 1
627 936 1
110 937 1
465 937 1
644 937 1
535 938 1
123 939 1
202 939 1
208 939 1
940 939 1
123 940 1
202 940 1
208 940 1
939 940 1
132 941 1
215 941 1
259 942 1
264 942 1
394 942 1
19 943 1
305 943 1
63 944 1
102 944 1
167 944 1
838 945 1
260 946 2
291 946 2
336 946 2
470 946 2
559 946 2
590 946 2
642 946 2
202 947 1
208 947 1
488 947 1
93 948 1
488 948 1
78 949 1
412 950 1
416 950 1
417 950 1
482 950 1
334 951 1
335 951 1
952 951 1
334 952 1
335 952 1
951 952 1
83 953 1
246 953 1
954 953 1
83 954 1
246 954 1
953 954 1
148 955 1
564 956 1
592 956 1
957 956 1
564 957 1
592 957 1
956 957 1
959 958 1
958 959 1
148 960 1
459 960 1
173 961 1
386 961 1
521 961 1
670 961 1
115 962 1
175 962 1
559 962 1
645 962 1
636 963 1
507 964 2
636 964 2
20 965 1
966 965 1
967 965 1
20 966 1
965 966 1
967 966 1
20 967 1
965 967 1
966 967 1
113 968 1
202 968 1
409 969 1
431 969 1
971 970 1
970 971 1
308 972 1
47 973 1
974 973 1
47 974 1
973 974 1
241 975 1
243 975 1
