24 1 1
17 2 1
121 2 1
339 2 1
39 3 1
185 3 1
188 3 1
280 3 1
53 4 1
181 4 3
345 4 1
6 5 1
172 5 1
349 5 1
5 6 1
172 6 1
349 6 1
8 7 3
164 7 1
306 7 1
324 7 1
325 7 1
7 8 3
164 8 1
306 8 1
324 8 1
325 8 1
28 9 1
127 9 1
242 9 1
258 10 1
259 10 1
260 10 1
341 11 1
195 12 2
218 12 1
124 13 1
126 13 1
138 13 1
276 13 1
161 14 1
283 14 1
96 15 1
268 15 1
111 16 1
237 16 1
2 17 1
121 17 4
130 17 3
298 17 1
309 17 1
310 17 1
339 17 3
19 18 1
137 18 1
158 18 1
270 18 1
362 18 1
363 18 1
18 19 1
137 19 1
158 19 1
270 19 1
362 19 1
363 19 1
334 20 1
29 21 1
308 21 1
287 22 1
288 22 1
148 23 1
1 24 1
26 25 1
27 25 1
163 25 1
223 25 1
25 26 1
27 26 1
163 26 1
223 26 1
25 27 1
26 27 1
115 27 1
163 27 3
198 27 1
223 27 1
224 27 1
251 27 1
271 27 1
272 27 1
346 27 1
9 28 1
127 28 1
242 28 1
21 29 1
308 29 1
33 30 1
145 31 1
229 32 1
30 33 1
37 34 1
38 34 2
43 34 1
99 34 2
181 34 2
296 34 1
357 34 1
36 35 1
210 35 1
35 36 1
210 36 1
303 36 1
304 36 1
34 37 1
34 38 2
99 38 1
181 38 3
3 39 1
185 39 1
188 39 1
280 39 1
41 40 2
42 40 2
103 40 1
40 41 2
42 41 2
103 41 1
40 42 2
41 42 2
49 42 1
93 42 1
103 42 1
34 43 1
296 43 1
342 44 1
343 44 1
344 44 1
46 45 1
47 45 1
261 45 1
262 45 1
45 46 1
47 46 1
261 46 1
262 46 1
45 47 1
46 47 1
261 47 1
262 47 1
90 48 1
228 48 1
234 48 1
42 49 1
93 49 1
57 50 1
100 50 1
181 50 1
351 51 1
216 52 1
4 53 1
181 53 1
55 54 1
211 54 1
350 54 1
54 55 1
211 55 1
350 55 1
254 56 1
50 57 1
99 57 1
100 57 1
181 57 1
213 57 1
64 58 1
297 58 1
144 59 3
142 60 1
74 61 1
89 61 1
77 62 1
219 62 1
368 62 1
66 63 1
241 63 1
336 63 1
58 64 1
297 64 1
72 65 1
63 66 1
241 66 1
243 67 1
121 68 1
264 68 1
159 69 1
175 69 1
71 70 1
127 70 1
292 70 1
70 71 1
127 71 1
292 71 1
65 72 1
295 73 3
61 74 1
193 75 1
153 76 1
62 77 1
166 77 1
168 77 1
219 77 1
368 77 1
303 78 2
80 79 1
244 79 1
79 80 1
244 80 1
300 81 1
83 82 1
180 82 2
246 82 2
247 82 1
274 82 1
82 83 1
180 83 1
246 83 1
113 84 2
293 84 1
220 85 1
221 85 1
322 85 1
128 86 1
169 87 1
212 87 1
92 88 1
215 88 2
294 88 1
61 89 1
48 90 1
323 90 1
102 91 1
281 91 1
282 91 1
88 92 1
215 92 1
42 93 1
49 93 1
176 93 1
187 93 1
265 93 1
299 94 1
196 95 1
15 96 1
268 96 1
134 97 1
139 97 1
267 98 1
34 99 2
38 99 1
57 99 1
131 99 1
181 99 2
213 99 1
214 99 1
266 99 1
357 99 1
50 100 1
57 100 1
181 100 1
279 101 1
91 102 1
40 103 1
41 103 1
42 103 1
366 103 1
367 103 1
232 104 1
329 104 1
330 104 1
149 105 1
257 105 1
230 106 1
278 107 1
173 108 1
186 108 1
284 108 1
312 109 1
313 109 1
314 109 1
141 110 1
16 111 1
237 111 1
248 112 1
249 112 1
84 113 2
151 113 1
293 113 1
305 113 1
321 114 1
27 115 1
198 115 1
271 115 1
272 115 1
131 116 2
174 116 1
354 116 1
150 117 1
182 117 1
119 118 1
120 118 1
118 119 1
120 119 1
129 119 1
155 119 1
333 119 1
118 120 1
119 120 1
2 121 1
17 121 4
68 121 1
130 121 3
264 121 1
298 121 1
309 121 1
310 121 1
339 121 3
152 122 1
159 122 1
160 122 1
320 123 1
13 124 1
126 124 1
138 124 1
276 124 1
136 125 1
252 125 1
13 126 1
124 126 1
138 126 1
276 126 1
9 127 1
28 127 1
70 127 1
71 127 1
242 127 1
292 127 1
86 128 1
119 129 1
146 129 1
155 129 1
333 129 1
17 130 3
121 130 3
298 130 1
309 130 1
310 130 1
339 130 2
99 131 1
116 131 2
174 131 1
225 131 2
133 132 3
256 132 1
263 132 1
132 133 3
256 133 1
263 133 1
97 134 1
139 134 1
184 135 1
185 135 1
289 135 1
125 136 1
252 136 1
18 137 1
19 137 1
158 137 1
270 137 1
362 137 1
363 137 1
13 138 1
124 138 1
126 138 1
276 138 1
97 139 1
134 139 1
364 140 1
365 140 1
110 141 1
60 142 1
190 143 1
59 144 3
146 144 1
217 144 1
298 144 1
31 145 1
129 146 1
144 146 1
217 146 1
298 146 1
208 147 1
331 147 1
23 148 1
105 149 1
257 149 1
117 150 1
182 150 1
113 151 1
176 151 1
122 152 1
159 152 1
160 152 1
76 153 1
206 154 1
208 154 1
119 155 1
129 155 1
333 155 1
285 156 1
352 156 1
353 156 1
192 157 1
197 157 1
209 157 1
236 157 1
18 158 1
19 158 1
137 158 1
270 158 1
362 158 1
363 158 1
69 159 1
122 159 1
152 159 1
160 159 1
175 159 1
191 159 1
122 160 1
152 160 1
159 160 1
14 161 1
283 161 1
175 162 1
176 162 1
25 163 1
26 163 1
27 163 3
223 163 1
251 163 1
355 163 1
7 164 1
8 164 1
207 165 1
245 165 1
338 165 1
77 166 1
168 166 1
307 167 1
77 168 1
166 168 1
87 169 1
212 169 1
201 170 1
202 170 1
203 170 1
229 171 1
5 172 1
6 172 1
349 172 1
108 173 1
186 173 1
284 173 1
116 174 1
131 174 1
176 174 2
69 175 1
159 175 1
162 175 1
176 175 2
183 175 2
93 176 1
151 176 1
162 176 1
174 176 2
175 176 2
187 176 1
194 176 1
326 176 1
335 176 1
178 177 1
179 177 1
277 177 1
177 178 1
179 178 1
177 179 1
178 179 1
82 180 2
83 180 1
246 180 1
4 181 3
34 181 2
38 181 3
50 181 1
53 181 1
57 181 1
99 181 2
100 181 1
231 181 1
345 181 1
117 182 1
150 182 1
175 183 2
135 184 1
185 184 1
289 184 1
3 185 1
39 185 1
135 185 1
184 185 1
188 185 1
189 185 1
280 185 1
289 185 2
290 185 1
291 185 1
108 186 1
173 186 1
284 186 1
93 187 1
176 187 1
3 188 1
39 188 1
185 188 1
280 188 1
185 189 1
143 190 1
159 191 1
157 192 1
197 192 1
209 192 1
236 192 1
75 193 1
176 194 1
335 194 2
12 195 2
95 196 1
157 197 1
192 197 1
209 197 1
236 197 1
27 198 1
115 198 1
271 198 1
272 198 1
317 199 1
318 199 1
319 199 1
359 200 1
360 200 1
361 200 1
170 201 1
202 201 1
203 201 5
224 201 1
273 201 2
340 201 1
170 202 1
201 202 1
203 202 1
170 203 1
201 203 5
202 203 1
224 203 1
273 203 2
340 203 1
250 204 1
311 205 1
154 206 1
208 206 1
165 207 1
245 207 1
338 207 1
147 208 1
154 208 1
206 208 1
331 208 1
157 209 1
192 209 1
197 209 1
236 209 1
35 210 1
36 210 1
54 211 1
55 211 1
350 211 1
87 212 1
169 212 1
57 213 1
99 213 1
99 214 1
266 214 1
88 215 2
92 215 1
52 216 1
144 217 1
146 217 1
298 217 1
12 218 1
62 219 1
77 219 1
368 219 1
85 220 1
221 220 1
322 220 1
85 221 1
220 221 1
322 221 1
275 222 1
356 222 1
25 223 1
26 223 1
27 223 1
163 223 1
27 224 1
201 224 1
203 224 1
340 224 1
131 225 2
238 225 1
286 226 1
315 227 1
316 227 1
48 228 1
234 228 1
32 229 1
171 229 1
106 230 1
235 230 1
255 230 1
181 231 1
104 232 1
329 232 1
330 232 1
358 233 1
48 234 1
228 234 1
230 235 1
157 236 1
192 236 1
197 236 1
209 236 1
16 237 1
111 237 1
225 238 1
240 239 1
253 239 1
239 240 1
253 240 1
63 241 1
66 241 1
9 242 1
28 242 1
127 242 1
67 243 1
79 244 1
80 244 1
165 245 1
207 245 1
338 245 1
82 246 2
83 246 1
180 246 1
247 246 1
82 247 1
246 247 1
112 248 1
249 248 1
112 249 1
248 249 1
204 250 1
27 251 1
163 251 1
125 252 1
136 252 1
239 253 1
240 253 1
56 254 1
230 255 1
132 256 1
133 256 1
105 257 1
149 257 1
10 258 1
259 258 1
260 258 1
10 259 1
258 259 1
260 259 1
10 260 1
258 260 1
259 260 1
45 261 1
46 261 1
47 261 1
262 261 1
45 262 1
46 262 1
47 262 1
261 262 1
132 263 1
133 263 1
68 264 1
121 264 1
93 265 1
99 266 1
214 266 1
98 267 1
15 268 1
96 268 1
270 269 1
18 270 1
19 270 1
137 270 1
158 270 1
269 270 1
362 270 1
363 270 1
27 271 1
115 271 1
198 271 1
272 271 1
27 272 1
115 272 1
198 272 1
271 272 1
201 273 2
203 273 2
82 274 1
222 275 1
13 276 1
124 276 1
126 276 1
138 276 1
177 277 1
107 278 1
101 279 1
3 280 1
39 280 1
185 280 1
188 280 1
91 281 1
282 281 1
91 282 1
281 282 1
14 283 1
161 283 1
108 284 1
173 284 1
186 284 1
156 285 1
226 286 1
22 287 1
288 287 1
22 288 1
287 288 1
135 289 1
184 289 1
185 289 2
290 289 1
291 289 1
185 290 1
289 290 1
291 290 1
185 291 1
289 291 1
290 291 1
70 292 1
71 292 1
127 292 1
84 293 1
113 293 1
88 294 1
73 295 3
34 296 1
43 296 1
58 297 1
64 297 1
17 298 1
121 298 1
130 298 1
144 298 1
146 298 1
217 298 1
309 298 1
310 298 1
94 299 1
81 300 1
302 301 1
332 301 1
301 302 1
36 303 1
78 303 2
304 303 1
36 304 1
303 304 1
113 305 1
7 306 1
8 306 1
167 307 1
21 308 1
29 308 1
17 309 1
121 309 1
130 309 1
298 309 1
310 309 1
17 310 1
121 310 1
130 310 1
298 310 1
309 310 1
205 311 1
109 312 1
313 312 1
314 312 1
109 313 1
312 313 1
314 313 1
109 314 1
312 314 1
313 314 1
227 315 1
316 315 1
227 316 1
315 316 1
199 317 1
318 317 1
319 317 1
199 318 1
317 318 1
319 318 1
199 319 1
317 319 1
318 319 1
123 320 1
114 321 1
85 322 1
220 322 1
221 322 1
90 323 1
7 324 1
8 324 1
325 324 1
7 325 1
8 325 1
324 325 1
176 326 1
328 327 1
327 328 1
104 329 1
232 329 1
330 329 1
104 330 1
232 330 1
329 330 1
147 331 1
208 331 1
301 332 1
119 333 1
129 333 1
155 333 1
20 334 1
176 335 1
194 335 2
337 335 1
63 336 1
335 337 1
165 338 1
207 338 1
245 338 1
2 339 1
17 339 3
121 339 3
130 339 2
201 340 1
203 340 1
224 340 1
11 341 1
44 342 1
343 342 1
344 342 1
44 343 1
342 343 1
344 343 1
44 344 1
342 344 1
343 344 1
4 345 1
181 345 1
27 346 1
348 347 1
347 348 1
5 349 1
6 349 1
172 349 1
54 350 1
55 350 1
211 350 1
51 351 1
156 352 1
353 352 1
156 353 1
352 353 1
116 354 1
163 355 1
222 356 1
34 357 1
99 357 1
233 358 1
200 359 1
360 359 1
361 359 1
200 360 1
359 360 1
361 360 1
200 361 1
359 361 1
360 361 1
18 362 1
19 362 1
137 362 1
158 362 1
270 362 1
363 362 1
18 363 1
19 363 1
137 363 1
158 363 1
270 363 1
362 363 1
140 364 1
365 364 1
140 365 1
364 365 1
103 366 1
367 366 1
103 367 1
366 367 1
62 368 1
77 368 1
219 368 1
