32 1 2
5 2 1
194 2 1
195 2 1
196 2 1
22 3 2
47 4 1
66 4 1
2 5 1
179 5 1
194 5 1
195 5 1
196 5 1
157 6 1
8 7 1
9 7 1
10 7 1
11 7 1
188 7 1
7 8 1
9 8 1
10 8 1
7 9 1
8 9 1
10 9 1
7 10 1
8 10 1
9 10 1
31 10 1
104 10 1
172 10 1
7 11 1
188 11 1
131 12 1
23 13 3
24 13 3
25 13 3
15 14 1
136 14 1
14 15 1
136 15 1
17 16 1
166 16 1
16 17 1
166 17 2
167 17 1
33 18 1
54 18 2
80 18 1
122 18 1
150 18 1
229 18 1
20 19 2
21 19 1
48 19 1
74 19 1
117 19 1
151 19 1
19 20 2
19 21 1
117 21 1
3 22 2
13 23 3
24 23 3
25 23 3
13 24 3
23 24 3
25 24 3
43 24 3
85 24 1
89 24 1
100 24 1
101 24 1
112 24 1
128 24 1
135 24 1
138 24 1
156 24 1
13 25 3
23 25 3
24 25 3
43 26 1
118 26 1
62 27 2
110 27 2
174 28 3
175 28 1
176 28 1
177 28 3
44 29 1
35 30 1
128 30 1
201 30 1
202 30 1
10 31 1
104 31 1
172 31 1
173 31 1
1 32 2
18 33 1
43 33 1
91 33 1
145 33 2
189 33 2
230 33 1
231 33 1
232 33 1
233 33 1
185 34 1
30 35 1
128 35 1
201 35 1
202 35 1
37 36 1
59 36 1
211 36 1
36 37 1
59 37 1
211 37 1
168 38 2
111 39 1
161 39 1
181 39 1
203 39 1
204 39 1
137 40 1
138 40 2
169 40 2
170 40 2
160 41 1
146 42 1
147 42 1
24 43 3
26 43 1
33 43 1
85 43 1
91 43 4
118 43 1
125 43 3
128 43 1
132 43 2
138 43 1
145 43 1
190 43 1
29 44 1
77 45 1
206 45 1
48 46 1
83 46 1
4 47 1
48 47 1
66 47 2
19 48 1
46 48 1
47 48 1
66 48 1
83 48 1
151 48 3
152 48 1
178 48 1
50 49 1
53 49 1
210 49 1
49 50 1
53 50 1
210 50 1
52 51 3
54 51 3
205 51 1
51 52 3
54 52 3
205 52 1
49 53 1
50 53 1
210 53 1
18 54 2
51 54 3
52 54 3
205 54 1
57 55 2
63 55 1
64 55 1
234 55 1
235 55 1
180 56 1
55 57 2
68 58 1
73 58 1
153 58 1
154 58 1
155 58 1
36 59 1
37 59 1
211 59 1
162 60 1
163 60 1
164 60 1
165 60 1
92 61 1
93 61 1
27 62 2
55 63 1
64 63 1
234 63 1
235 63 1
55 64 1
63 64 1
234 64 1
235 64 1
109 65 1
141 65 1
4 66 1
47 66 2
48 66 1
124 67 1
58 68 1
73 68 1
153 68 1
154 68 1
155 68 1
80 69 1
217 69 1
140 70 1
77 71 1
218 71 1
115 72 1
58 73 1
68 73 1
153 73 1
154 73 1
155 73 1
19 74 1
78 75 1
171 75 1
77 76 3
96 76 3
45 77 1
71 77 1
76 77 3
96 77 3
206 77 1
218 77 1
75 78 1
171 78 1
80 79 1
81 79 1
108 79 1
18 80 1
69 80 1
79 80 1
81 80 1
108 80 1
122 80 2
217 80 1
79 81 1
80 81 1
108 81 1
84 82 1
158 82 1
46 83 1
48 83 1
82 84 1
158 84 1
24 85 1
43 85 1
93 85 1
95 85 2
87 86 1
88 86 1
86 87 1
88 87 1
197 87 1
198 87 1
86 88 1
87 88 1
24 89 1
112 89 1
116 90 2
159 90 1
191 90 1
192 90 1
193 90 1
33 91 1
43 91 4
125 91 3
145 91 1
61 92 1
93 92 1
61 93 1
85 93 1
92 93 1
95 93 1
214 94 1
215 94 1
85 95 2
93 95 1
76 96 3
77 96 3
98 97 1
216 97 1
97 98 1
139 98 1
102 99 1
113 99 1
119 99 1
121 99 1
24 100 1
156 100 1
24 101 1
102 101 1
119 101 1
120 101 1
121 101 1
135 101 1
99 102 1
101 102 1
103 102 1
113 102 2
114 102 1
119 102 5
120 102 2
121 102 4
212 102 1
102 103 1
113 103 1
114 103 1
119 103 1
10 104 1
31 104 1
172 104 1
106 105 2
107 105 2
105 106 2
107 106 2
105 107 2
106 107 2
79 108 1
80 108 1
81 108 1
65 109 1
141 109 1
27 110 2
39 111 1
24 112 1
89 112 1
99 113 1
102 113 2
103 113 1
114 113 1
119 113 2
121 113 1
102 114 1
103 114 1
113 114 1
119 114 1
72 115 1
90 116 2
159 116 1
19 117 1
21 117 1
26 118 1
43 118 1
99 119 1
101 119 1
102 119 5
103 119 1
113 119 2
114 119 1
120 119 2
121 119 4
212 119 1
101 120 1
102 120 2
119 120 2
121 120 2
99 121 1
101 121 1
102 121 4
113 121 1
119 121 4
120 121 2
212 121 1
18 122 1
80 122 2
133 123 1
134 123 1
67 124 1
43 125 3
91 125 3
127 126 1
126 127 1
24 128 1
30 128 1
35 128 1
43 128 1
129 128 2
130 128 1
182 128 1
183 128 2
184 128 2
201 128 1
202 128 1
128 129 2
130 129 1
182 129 1
183 129 1
184 129 1
128 130 1
129 130 1
12 131 1
43 132 2
190 132 1
123 133 1
134 133 1
123 134 1
133 134 1
24 135 1
101 135 1
14 136 1
15 136 1
40 137 1
138 137 1
24 138 1
40 138 2
43 138 1
137 138 1
169 138 1
170 138 1
213 138 1
98 139 1
70 140 1
65 141 1
109 141 1
143 142 1
144 142 1
142 143 1
144 143 1
142 144 1
143 144 1
33 145 2
43 145 1
91 145 1
42 146 1
147 146 1
42 147 1
146 147 1
149 148 1
148 149 1
18 150 1
19 151 1
48 151 3
152 151 1
48 152 1
151 152 1
58 153 1
68 153 1
73 153 1
154 153 1
155 153 1
58 154 1
68 154 1
73 154 1
153 154 1
155 154 1
58 155 1
68 155 1
73 155 1
153 155 1
154 155 1
24 156 1
100 156 1
6 157 1
82 158 1
84 158 1
90 159 1
116 159 1
41 160 1
39 161 1
60 162 1
163 162 1
164 162 1
165 162 1
60 163 1
162 163 1
164 163 1
165 163 1
60 164 1
162 164 1
163 164 1
165 164 1
60 165 1
162 165 1
163 165 1
164 165 1
16 166 1
17 166 2
167 166 1
17 167 1
166 167 1
38 168 2
40 169 2
138 169 1
170 169 2
40 170 2
138 170 1
169 170 2
75 171 1
78 171 1
10 172 1
31 172 1
104 172 1
31 173 1
28 174 3
175 174 1
176 174 1
177 174 3
28 175 1
174 175 1
176 175 1
177 175 1
28 176 1
174 176 1
175 176 1
177 176 1
28 177 3
174 177 3
175 177 1
176 177 1
48 178 1
5 179 1
56 180 1
39 181 1
128 182 1
129 182 1
183 182 1
184 182 1
128 183 2
129 183 1
182 183 1
184 183 2
128 184 2
129 184 1
182 184 1
183 184 2
34 185 1
187 186 1
186 187 1
7 188 1
11 188 1
33 189 2
43 190 1
132 190 1
90 191 1
192 191 1
193 191 1
90 192 1
191 192 1
193 192 1
90 193 1
191 193 1
192 193 1
2 194 1
5 194 1
195 194 1
196 194 1
2 195 1
5 195 1
194 195 1
196 195 1
2 196 1
5 196 1
194 196 1
195 196 1
87 197 1
198 197 1
87 198 1
197 198 1
200 199 1
199 200 1
30 201 1
35 201 1
128 201 1
202 201 1
30 202 1
35 202 1
128 202 1
201 202 1
39 203 1
204 203 1
39 204 1
203 204 1
51 205 1
52 205 1
54 205 1
45 206 1
77 206 1
208 207 1
209 207 1
207 208 1
209 208 1
207 209 1
208 209 1
49 210 1
50 210 1
53 210 1
36 211 1
37 211 1
59 211 1
102 212 1
119 212 1
121 212 1
138 213 1
94 214 1
215 214 1
94 215 1
214 215 1
97 216 1
69 217 1
80 217 1
71 218 1
77 218 1
220 219 1
221 219 1
222 219 1
219 220 1
221 220 1
222 220 1
219 221 1
220 221 1
222 221 1
219 222 1
220 222 1
221 222 1
224 223 1
225 223 1
226 223 1
227 223 1
228 223 1
223 224 1
225 224 1
226 224 1
227 224 1
228 224 1
223 225 1
224 225 1
226 225 1
227 225 1
228 225 1
223 226 1
224 226 1
225 226 1
227 226 1
228 226 1
223 227 1
224 227 1
225 227 1
226 227 1
228 227 1
223 228 1
224 228 1
225 228 1
226 228 1
227 228 1
18 229 1
33 230 1
231 230 1
232 230 1
233 230 1
33 231 1
230 231 1
232 231 1
233 231 1
33 232 1
230 232 1
231 232 1
233 232 1
33 233 1
230 233 1
231 233 1
232 233 1
55 234 1
63 234 1
64 234 1
235 234 1
55 235 1
63 235 1
64 235 1
234 235 1
