965 1 1
966 1 1
5 2 1
24 2 1
648 2 1
38 3 1
39 3 1
183 3 1
240 3 1
900 3 1
7 4 1
25 4 1
26 4 1
44 4 1
59 4 1
63 4 1
66 4 1
73 4 1
2 5 1
24 5 1
648 5 1
472 6 1
842 6 1
4 7 1
44 7 1
66 7 1
80 8 2
81 8 2
138 8 2
159 8 1
472 8 1
33 9 1
34 9 1
1046 9 1
113 10 1
944 10 1
947 10 1
948 10 1
110 11 1
37 12 1
430 13 1
1122 13 1
67 14 1
86 14 1
267 15 1
269 15 1
569 15 1
1135 15 1
17 16 1
1003 16 1
16 17 1
1003 17 1
83 18 1
84 18 1
984 18 1
777 19 1
778 19 1
89 20 1
455 20 1
456 20 1
500 20 1
368 21 1
23 22 1
22 23 1
2 24 1
5 24 1
648 24 1
4 25 1
73 25 1
4 26 1
59 26 1
63 26 1
61 27 1
94 27 1
790 28 1
133 29 1
252 29 2
356 29 1
358 29 1
377 29 1
472 29 1
920 29 1
231 30 1
386 31 1
570 31 1
1065 31 1
879 32 1
9 33 1
34 33 1
1046 33 1
9 34 1
33 34 1
1046 34 1
1001 35 1
1002 35 1
57 36 1
88 36 1
153 36 1
12 37 1
3 38 1
183 38 1
240 38 1
3 39 1
900 39 1
276 40 1
847 40 1
848 40 1
849 40 1
850 40 1
851 40 1
858 40 1
859 40 1
504 41 1
511 41 1
963 41 1
964 41 1
43 42 1
171 42 1
172 42 1
652 42 1
42 43 1
171 43 2
172 43 1
652 43 1
1032 43 1
4 44 1
7 44 1
66 44 1
123 45 1
218 45 1
657 45 2
866 45 1
867 45 1
74 46 1
75 46 1
78 46 1
352 46 1
380 46 1
933 46 1
70 47 1
188 47 2
275 47 1
288 47 3
298 47 1
353 47 1
396 47 1
535 47 1
1056 47 1
1111 47 1
693 48 1
50 49 1
98 49 1
357 49 1
49 50 1
98 50 1
357 50 1
156 51 1
53 52 1
79 52 1
361 52 1
481 52 1
52 53 1
79 53 1
361 53 1
481 53 1
134 54 1
141 54 1
150 54 1
168 54 1
193 54 1
797 54 1
798 54 1
799 54 1
800 54 1
1035 54 1
56 55 1
179 55 1
541 55 1
793 55 1
55 56 1
179 56 1
541 56 1
793 56 1
36 57 1
88 57 1
153 57 1
76 58 1
197 58 1
1133 58 1
1134 58 1
4 59 1
26 59 1
63 59 1
789 60 1
27 61 1
94 61 1
126 62 1
841 62 1
4 63 1
26 63 1
59 63 1
979 64 1
998 65 1
999 65 1
1000 65 1
4 66 1
7 66 1
44 66 1
14 67 1
86 67 1
69 68 1
133 68 1
1106 68 1
68 69 1
133 69 1
1106 69 1
47 70 1
188 70 1
288 70 1
298 70 1
353 70 1
72 71 1
206 71 1
207 71 1
213 71 1
922 71 1
923 71 1
1136 71 1
71 72 1
207 72 1
922 72 1
923 72 1
4 73 1
25 73 1
46 74 1
78 74 1
933 74 1
46 75 1
352 75 1
380 75 1
58 76 1
197 76 1
1133 76 1
1134 76 1
374 77 1
375 77 1
376 77 1
379 77 1
46 78 1
74 78 1
933 78 1
52 79 1
53 79 1
361 79 1
481 79 1
8 80 2
81 80 2
138 80 2
159 80 1
472 80 1
8 81 2
80 81 2
132 81 1
138 81 3
159 81 1
179 81 1
183 81 1
302 81 1
389 81 1
390 81 1
472 81 1
93 82 1
160 82 1
18 83 1
84 83 1
984 83 1
18 84 1
83 84 1
984 84 1
195 85 1
550 85 1
551 85 1
14 86 1
67 86 1
761 87 1
36 88 1
57 88 1
153 88 1
20 89 1
455 89 1
456 89 1
500 89 1
128 90 1
421 90 1
977 90 1
978 90 1
92 91 1
91 92 1
239 92 1
82 93 1
160 93 1
27 94 1
61 94 1
565 95 1
744 95 1
745 95 1
474 96 3
549 96 2
672 96 1
1033 96 1
182 97 1
941 97 1
49 98 1
50 98 1
357 98 1
100 99 1
99 100 1
190 101 1
1071 101 1
1072 101 1
1073 101 1
393 102 1
394 102 1
763 102 1
764 102 1
765 102 1
766 102 1
808 102 1
104 103 1
136 103 1
155 103 1
623 103 1
103 104 1
136 104 3
155 104 3
623 104 3
106 105 1
107 105 1
108 105 1
529 105 1
105 106 1
107 106 1
108 106 1
529 106 1
105 107 1
106 107 1
108 107 1
529 107 1
105 108 1
106 108 1
107 108 1
529 108 1
1054 109 1
11 110 1
241 111 1
242 111 1
217 112 1
478 112 1
862 112 1
871 112 1
876 112 1
10 113 1
177 113 1
944 113 2
947 113 1
948 113 2
161 114 1
285 114 1
382 115 2
383 115 2
372 116 2
498 117 1
739 117 1
740 117 1
521 118 1
1078 118 1
232 119 1
860 119 1
522 120 1
1146 120 1
1147 120 1
1148 120 1
1149 120 1
122 121 1
265 121 1
494 121 1
903 121 1
121 122 1
265 122 1
494 122 1
903 122 1
45 123 1
218 123 1
866 123 1
867 123 1
459 124 1
967 124 1
1016 125 1
1017 125 1
62 126 1
841 126 1
440 127 1
90 128 1
421 128 1
977 128 1
978 128 1
315 129 1
316 129 1
333 129 1
142 130 1
164 130 1
169 130 1
162 131 1
174 131 1
970 131 1
81 132 1
183 132 1
389 132 1
390 132 1
29 133 1
68 133 1
69 133 1
140 133 1
159 133 2
164 133 1
166 133 2
167 133 2
252 133 1
312 133 1
472 133 2
564 133 1
590 133 1
591 133 1
592 133 1
593 133 1
640 133 1
730 133 1
997 133 1
1106 133 1
54 134 1
141 134 1
150 134 1
168 134 1
797 134 1
798 134 1
799 134 1
800 134 1
525 135 1
103 136 1
104 136 3
155 136 3
623 136 3
655 137 1
8 138 2
80 138 2
81 138 3
159 138 1
179 138 1
302 138 1
472 138 1
1094 139 1
133 140 1
144 140 1
164 140 4
165 140 1
166 140 1
167 140 1
288 140 1
356 140 4
409 140 1
424 140 2
454 140 1
533 140 1
590 140 2
591 140 1
592 140 1
593 140 1
640 140 4
54 141 1
134 141 1
150 141 1
168 141 1
797 141 1
798 141 1
799 141 1
800 141 1
130 142 1
164 142 1
169 142 1
171 143 1
367 143 2
441 143 2
478 143 1
539 143 1
561 143 3
563 143 2
731 143 2
969 143 1
1004 143 1
140 144 1
409 144 1
291 145 1
292 145 2
559 145 1
560 145 1
1119 145 2
181 146 1
283 146 1
1070 146 1
148 147 1
149 147 2
221 147 2
270 147 2
147 148 1
149 148 1
221 148 1
270 148 1
147 149 2
148 149 1
221 149 2
270 149 2
54 150 1
134 150 1
141 150 1
168 150 1
797 150 1
798 150 1
799 150 1
800 150 1
919 151 1
921 151 1
991 152 3
36 153 1
57 153 1
88 153 1
224 154 1
103 155 1
104 155 3
136 155 3
623 155 3
51 156 1
1156 157 1
839 158 1
8 159 1
80 159 1
81 159 1
133 159 2
138 159 1
312 159 1
472 159 4
564 159 1
730 159 1
1069 159 1
82 160 1
93 160 1
114 161 1
285 161 1
131 162 1
174 162 1
970 162 1
192 163 1
359 163 1
1161 163 1
130 164 1
133 164 1
140 164 4
142 164 1
166 164 2
167 164 2
169 164 1
171 164 1
356 164 3
406 164 3
444 164 1
534 164 2
564 164 1
590 164 2
640 164 1
690 164 1
936 164 1
937 164 1
938 164 1
997 164 1
1038 164 1
140 165 1
191 165 1
356 165 1
533 165 2
1058 165 1
133 166 2
140 166 1
164 166 2
167 166 3
590 166 2
591 166 1
592 166 1
593 166 1
640 166 1
997 166 1
133 167 2
140 167 1
164 167 2
166 167 3
590 167 2
591 167 1
592 167 1
593 167 1
640 167 1
997 167 1
54 168 1
134 168 1
141 168 1
150 168 1
797 168 1
798 168 1
799 168 1
800 168 1
130 169 1
142 169 1
164 169 1
1028 170 1
1029 170 1
1030 170 1
1031 170 1
42 171 1
43 171 2
143 171 1
164 171 1
172 171 1
406 171 1
478 171 1
652 171 1
1032 171 1
42 172 1
43 172 1
171 172 1
652 172 1
1114 173 1
1115 173 1
1116 173 1
1117 173 1
131 174 1
162 174 1
970 174 1
196 175 1
387 176 1
593 176 1
1143 176 1
113 177 1
944 177 2
945 177 1
946 177 1
948 177 1
435 178 2
55 179 1
56 179 1
81 179 1
138 179 1
302 179 1
530 179 1
531 179 1
541 179 1
793 179 1
861 180 1
146 181 1
283 181 3
524 181 1
1070 181 1
1079 181 1
97 182 1
941 182 1
3 183 1
38 183 1
81 183 1
132 183 1
240 183 1
389 183 1
390 183 1
801 184 1
802 184 1
803 184 1
186 185 1
185 186 1
189 187 2
822 187 1
823 187 1
960 187 1
961 187 1
962 187 1
47 188 2
70 188 1
288 188 2
298 188 1
353 188 1
396 188 1
535 188 1
1056 188 1
187 189 2
822 189 1
823 189 1
960 189 1
961 189 1
962 189 1
101 190 1
194 190 1
493 190 1
1071 190 1
1072 190 2
1073 190 1
165 191 1
1058 191 1
163 192 1
359 192 1
1161 192 1
54 193 1
1035 193 1
190 194 1
493 194 1
1072 194 1
85 195 1
550 195 1
551 195 1
175 196 1
58 197 1
76 197 1
1133 197 1
1134 197 1
199 198 1
200 198 1
201 198 1
1009 198 1
198 199 1
200 199 1
201 199 1
1009 199 1
198 200 1
199 200 1
201 200 1
1009 200 1
198 201 1
199 201 1
200 201 1
1009 201 1
203 202 1
934 202 1
935 202 1
202 203 1
934 203 1
935 203 1
447 204 1
255 205 1
258 205 1
758 205 1
759 205 1
71 206 1
213 206 1
1136 206 1
71 207 1
72 207 1
922 207 1
923 207 1
904 208 1
907 208 1
908 208 1
834 209 1
915 210 1
244 211 1
323 211 1
1100 211 1
238 212 1
243 212 1
589 212 1
71 213 1
206 213 1
1136 213 1
1126 214 1
1127 214 1
568 215 1
1086 215 1
1087 215 1
236 216 1
641 216 1
642 216 1
112 217 1
45 218 1
123 218 1
866 218 1
867 218 1
762 219 1
302 220 1
428 220 1
432 220 1
147 221 2
148 221 1
149 221 2
270 221 2
373 222 1
638 223 2
639 223 2
154 224 1
1075 225 1
1076 225 1
599 226 1
600 226 1
601 226 1
602 226 1
597 227 1
255 228 1
388 228 1
968 228 1
407 229 1
409 229 1
410 229 1
373 230 1
30 231 1
119 232 1
860 232 1
237 233 1
890 233 1
891 233 1
892 233 1
235 234 1
580 234 1
581 234 2
582 234 1
583 234 1
584 234 1
645 234 1
717 234 1
1099 234 1
234 235 1
580 235 1
581 235 1
582 235 1
583 235 1
584 235 1
216 236 1
641 236 1
642 236 1
233 237 1
890 237 2
891 237 1
892 237 1
894 237 1
895 237 1
212 238 1
243 238 1
589 238 1
92 239 1
3 240 1
38 240 1
183 240 1
111 241 1
242 241 1
111 242 1
241 242 1
212 243 1
238 243 1
589 243 1
211 244 1
323 244 1
1100 244 1
247 245 2
770 245 1
1005 245 1
1006 245 1
250 246 2
360 246 1
722 246 1
245 247 2
770 247 1
1005 247 1
1006 247 1
288 248 3
535 248 2
996 248 3
1082 248 1
257 249 1
649 249 1
650 249 1
246 250 2
360 250 1
722 250 1
1131 251 1
1132 251 1
29 252 2
133 252 1
299 252 1
472 252 1
920 252 2
254 253 1
603 253 1
253 254 1
259 254 1
300 254 1
403 254 1
603 254 1
708 254 1
709 254 1
710 254 1
205 255 1
228 255 1
258 255 1
388 255 1
758 255 1
759 255 1
968 255 1
398 256 1
833 256 1
249 257 1
273 257 1
649 257 1
650 257 1
1027 257 1
205 258 1
255 258 1
758 258 1
759 258 1
254 259 1
300 259 1
403 259 2
708 259 1
709 259 1
710 259 2
261 260 1
1074 260 1
260 261 1
1074 261 1
395 262 1
752 262 1
753 262 1
719 263 1
971 263 1
972 263 1
540 264 1
121 265 1
122 265 1
494 265 1
903 265 1
414 266 1
562 266 1
15 267 1
269 267 1
569 267 1
1135 267 1
491 268 1
15 269 1
267 269 1
569 269 1
1135 269 1
147 270 2
148 270 1
149 270 2
221 270 2
354 271 1
499 271 1
506 272 1
507 272 1
508 272 1
257 273 1
1027 273 1
508 274 1
653 274 1
654 274 1
47 275 1
288 275 1
1111 275 1
40 276 1
702 277 1
703 277 1
992 277 1
993 277 1
840 278 1
720 279 1
721 279 1
453 280 1
1025 280 1
527 281 1
613 281 1
643 282 1
146 283 1
181 283 3
524 283 1
1070 283 1
1079 283 1
503 284 1
1123 284 1
114 285 1
161 285 1
288 286 1
474 286 1
535 286 1
288 287 4
350 287 2
351 287 4
396 287 1
476 287 1
477 287 1
526 287 1
1036 287 1
47 288 3
70 288 1
140 288 1
188 288 2
248 288 3
275 288 1
286 288 1
287 288 4
298 288 1
350 288 3
351 288 4
353 288 1
396 288 2
414 288 1
424 288 1
436 288 1
460 288 1
474 288 2
476 288 1
477 288 1
535 288 5
996 288 4
1033 288 1
1056 288 1
1082 288 1
1111 288 2
307 289 1
976 289 1
1088 290 1
145 291 1
559 291 1
560 291 1
145 292 2
1119 292 2
611 293 2
612 293 2
413 294 1
1130 294 1
914 295 1
297 296 1
296 297 1
47 298 1
70 298 1
188 298 1
288 298 1
353 298 1
252 299 1
254 300 1
259 300 1
403 300 1
708 300 1
709 300 1
710 300 1
325 301 1
326 301 1
327 301 1
81 302 1
138 302 1
179 302 1
220 302 1
428 302 1
432 302 3
451 302 1
452 302 1
458 302 1
1011 302 2
1012 302 2
309 303 1
319 303 1
328 303 1
317 304 1
334 304 1
344 304 1
451 305 1
452 305 1
672 305 1
341 306 1
342 306 1
515 306 1
516 306 1
517 306 1
1015 306 1
289 307 1
976 307 1
330 308 1
335 308 1
345 308 1
975 308 1
1118 308 1
303 309 1
319 309 1
328 309 1
786 310 1
528 311 1
902 311 1
133 312 1
159 312 1
472 312 1
492 313 2
514 313 1
789 314 1
1050 314 1
1051 314 1
1052 314 1
129 315 1
316 315 2
331 315 1
333 315 2
928 315 1
129 316 1
315 316 2
331 316 1
333 316 3
604 316 1
928 316 1
304 317 1
334 317 1
344 317 1
1023 318 1
303 319 1
309 319 1
328 319 1
852 320 1
853 320 1
322 321 1
811 321 1
812 321 1
813 321 1
321 322 1
384 322 1
811 322 1
812 322 1
813 322 1
843 322 1
844 322 1
845 322 1
211 323 1
244 323 1
324 323 4
576 323 2
780 323 2
980 323 1
981 323 1
1061 323 1
1062 323 1
1063 323 1
1064 323 1
1100 323 1
323 324 4
576 324 2
980 324 1
981 324 1
1061 324 1
1062 324 1
1063 324 1
1064 324 1
301 325 1
326 325 2
327 325 1
301 326 1
325 326 2
327 326 1
301 327 1
325 327 1
326 327 1
303 328 1
309 328 1
319 328 1
644 329 2
645 329 5
646 329 5
647 329 1
742 329 1
743 329 1
885 329 1
886 329 1
308 330 1
975 330 1
315 331 1
316 331 1
333 331 1
928 331 1
343 332 1
751 332 1
129 333 1
315 333 2
316 333 3
331 333 1
604 333 2
928 333 1
304 334 1
317 334 1
344 334 1
308 335 1
345 335 1
1013 336 1
1014 336 1
486 337 1
487 337 1
571 337 1
572 337 1
423 338 1
513 338 1
675 338 1
927 339 1
696 340 3
697 340 3
698 340 3
831 340 1
832 340 1
306 341 1
342 341 1
515 341 1
516 341 1
517 341 1
1015 341 1
306 342 1
341 342 1
515 342 1
516 342 1
517 342 1
1015 342 1
332 343 1
751 343 1
304 344 1
317 344 1
334 344 1
308 345 1
335 345 1
750 346 1
348 347 1
349 347 1
518 347 1
347 348 1
349 348 1
518 348 1
347 349 1
348 349 1
518 349 1
287 350 2
288 350 3
351 350 2
287 351 4
288 351 4
350 351 2
396 351 1
476 351 1
477 351 1
46 352 1
75 352 1
380 352 1
47 353 1
70 353 1
188 353 1
288 353 1
298 353 1
271 354 1
499 354 1
418 355 1
1095 355 1
1096 355 1
29 356 1
140 356 4
164 356 3
165 356 1
358 356 1
377 356 1
533 356 1
49 357 1
50 357 1
98 357 1
29 358 1
356 358 1
377 358 1
163 359 1
192 359 1
1161 359 1
246 360 1
250 360 1
722 360 1
52 361 1
53 361 1
79 361 1
481 361 1
363 362 1
364 362 1
727 362 1
728 362 1
729 362 1
362 363 1
364 363 1
581 363 1
727 363 1
728 363 1
729 363 1
794 363 2
826 363 1
827 363 1
1080 363 1
1081 363 1
362 364 1
363 364 1
727 364 1
728 364 1
729 364 1
399 365 1
700 365 1
701 365 1
367 366 1
672 366 1
143 367 2
366 367 1
471 367 1
561 367 2
672 367 2
731 367 4
916 367 1
1150 367 1
1151 367 1
1152 367 1
21 368 1
490 369 1
434 370 3
577 370 1
814 371 1
815 371 1
816 371 1
116 372 2
222 373 1
230 373 1
77 374 1
375 374 1
376 374 1
379 374 1
77 375 1
374 375 1
376 375 1
379 375 1
77 376 1
374 376 1
375 376 1
379 376 1
29 377 1
356 377 1
358 377 1
846 378 1
847 378 1
848 378 1
849 378 1
850 378 1
851 378 1
77 379 1
374 379 1
375 379 1
376 379 1
46 380 1
75 380 1
352 380 1
863 381 1
864 381 1
115 382 2
383 382 2
115 383 2
382 383 2
322 384 1
843 384 1
844 384 1
845 384 1
882 385 2
883 385 1
884 385 2
31 386 1
570 386 4
1065 386 1
176 387 1
593 387 1
1143 387 1
228 388 1
255 388 1
968 388 1
81 389 1
132 389 1
183 389 1
390 389 1
81 390 1
132 390 1
183 390 1
389 390 1
865 391 1
1107 392 1
1108 392 1
1109 392 1
1110 392 1
102 393 1
808 393 1
102 394 1
763 394 1
764 394 1
765 394 1
766 394 1
262 395 1
752 395 1
753 395 1
47 396 1
188 396 1
287 396 1
288 396 2
351 396 1
415 396 1
476 396 1
477 396 1
535 396 1
1056 396 2
1057 396 1
1091 396 1
1092 396 1
1093 396 1
1024 397 1
256 398 1
833 398 1
365 399 1
700 399 1
701 399 1
1138 399 1
1139 399 1
1140 399 1
1141 399 1
1142 399 1
636 400 1
637 400 1
448 401 1
1039 401 1
482 402 1
893 402 1
254 403 1
259 403 2
300 403 1
708 403 1
709 403 1
710 403 2
509 404 1
691 404 3
692 404 2
707 404 1
412 405 1
469 405 1
470 405 1
820 405 1
821 405 1
164 406 3
171 406 1
444 406 1
942 406 1
943 406 2
229 407 1
409 407 4
410 407 3
1043 407 1
427 408 1
467 408 1
140 409 1
144 409 1
229 409 1
407 409 4
410 409 6
731 409 1
732 409 2
749 409 1
936 409 1
937 409 1
938 409 1
1042 409 1
1043 409 2
1068 409 1
1097 409 1
1098 409 1
229 410 1
407 410 3
409 410 6
749 410 1
936 410 1
937 410 1
938 410 1
1042 410 1
1043 410 1
1097 410 1
1098 410 1
672 411 1
1053 411 1
405 412 1
469 412 1
470 412 1
596 412 1
820 412 1
821 412 1
294 413 1
1130 413 1
266 414 1
288 414 1
546 414 1
562 414 1
870 414 1
974 414 1
1111 414 1
396 415 1
1056 415 1
1057 415 1
450 416 1
475 416 1
1059 416 1
1060 416 1
662 417 1
663 417 1
355 418 1
1095 418 1
1096 418 1
420 419 1
466 419 1
723 419 1
724 419 1
419 420 1
466 420 2
478 420 1
547 420 1
723 420 3
724 420 1
726 420 1
90 421 1
128 421 1
977 421 1
978 421 1
678 422 5
679 422 1
901 422 1
1026 422 1
1047 422 1
1048 422 1
338 423 1
513 423 1
675 423 1
140 424 2
288 424 1
454 424 1
640 424 1
426 425 2
425 426 2
408 427 1
467 427 1
220 428 1
302 428 1
432 428 1
656 429 1
13 430 1
518 430 1
632 430 1
684 430 1
805 430 2
807 430 1
809 430 1
810 430 2
1122 430 1
983 431 1
220 432 1
302 432 3
428 432 1
458 432 1
1011 432 2
1012 432 2
523 433 1
532 433 1
370 434 3
577 434 1
178 435 2
288 436 1
460 436 1
804 437 1
439 438 1
461 438 1
573 438 1
574 438 1
575 438 1
438 439 1
461 439 1
573 439 1
574 439 1
575 439 1
127 440 1
143 441 2
969 441 1
1004 441 1
443 442 1
464 442 1
973 442 1
442 443 1
464 443 1
519 443 2
520 443 2
554 443 1
555 443 2
621 443 2
973 443 1
164 444 1
406 444 1
445 444 1
444 445 1
598 446 2
806 446 1
204 447 1
401 448 1
1039 448 1
465 449 1
545 449 1
760 449 1
1010 449 1
416 450 1
475 450 1
1059 450 1
1060 450 1
302 451 1
305 451 1
452 451 2
672 451 1
302 452 1
305 452 1
451 452 2
672 452 1
280 453 1
1025 453 1
140 454 1
424 454 1
640 454 1
20 455 1
89 455 1
456 455 2
500 455 1
791 455 1
792 455 1
20 456 1
89 456 1
455 456 2
500 456 1
791 456 1
792 456 1
694 457 1
695 457 1
302 458 1
432 458 1
1011 458 1
1012 458 1
124 459 1
967 459 1
288 460 1
436 460 1
1044 460 1
1066 460 1
1067 460 1
438 461 1
439 461 1
573 461 1
574 461 1
575 461 1
982 462 1
854 463 1
442 464 1
443 464 1
973 464 1
449 465 1
545 465 1
419 466 1
420 466 2
723 466 2
724 466 1
726 466 1
408 467 1
427 467 1
830 468 1
405 469 1
412 469 1
470 469 1
820 469 1
821 469 1
405 470 1
412 470 1
469 470 1
820 470 1
821 470 1
367 471 1
512 471 1
651 471 1
672 471 1
691 471 1
6 472 1
8 472 1
29 472 1
80 472 1
81 472 1
133 472 2
138 472 1
159 472 4
252 472 1
312 472 1
842 472 1
1069 472 1
614 473 1
96 474 3
286 474 1
288 474 2
535 474 2
549 474 1
672 474 2
731 474 1
996 474 1
1033 474 2
416 475 1
450 475 1
1059 475 1
1060 475 1
287 476 1
288 476 1
351 476 1
396 476 1
477 476 1
287 477 1
288 477 1
351 477 1
396 477 1
476 477 1
112 478 1
143 478 1
171 478 1
420 478 1
543 478 4
544 478 1
547 478 4
548 478 1
699 478 1
723 478 1
480 479 1
725 479 1
479 480 1
725 480 1
880 480 1
881 480 1
52 481 1
53 481 1
79 481 1
361 481 1
402 482 1
893 482 1
1049 483 1
658 484 1
659 484 1
660 484 1
661 484 1
817 485 1
818 485 1
819 485 1
337 486 1
487 486 1
571 486 1
572 486 1
337 487 1
486 487 1
571 487 1
572 487 1
489 488 1
899 488 1
488 489 1
899 489 1
369 490 1
268 491 1
313 492 2
514 492 2
190 493 1
194 493 1
1072 493 1
121 494 1
122 494 1
265 494 1
903 494 1
913 495 1
905 496 1
906 496 1
824 497 1
825 497 1
117 498 1
739 498 1
740 498 1
271 499 1
354 499 1
20 500 1
89 500 1
455 500 1
456 500 1
502 501 1
670 501 1
671 501 1
501 502 1
670 502 1
671 502 1
284 503 1
1123 503 1
41 504 1
511 504 1
963 504 1
964 504 1
506 505 1
507 505 1
508 505 1
272 506 1
505 506 1
507 506 2
508 506 2
272 507 1
505 507 1
506 507 2
508 507 2
272 508 1
274 508 1
505 508 1
506 508 2
507 508 2
653 508 1
654 508 1
404 509 1
691 509 1
707 509 1
1137 510 1
41 511 1
504 511 1
963 511 1
964 511 1
471 512 1
691 512 1
1040 512 1
1041 512 1
338 513 1
423 513 1
675 513 1
313 514 1
492 514 2
306 515 1
341 515 1
342 515 1
516 515 1
517 515 1
1015 515 1
306 516 1
341 516 1
342 516 1
515 516 1
517 516 1
1015 516 1
306 517 1
341 517 1
342 517 1
515 517 1
516 517 1
1015 517 1
347 518 1
348 518 1
349 518 1
430 518 1
684 518 2
685 518 1
686 518 1
805 518 1
807 518 1
443 519 2
520 519 2
554 519 2
555 519 3
621 519 2
443 520 2
519 520 2
554 520 1
555 520 2
621 520 2
118 521 1
1078 521 1
120 522 1
1146 522 1
1147 522 1
1148 522 1
1149 522 1
433 523 1
532 523 1
181 524 1
283 524 1
135 525 1
287 526 1
1036 526 1
281 527 1
613 527 1
311 528 1
902 528 1
105 529 1
106 529 1
107 529 1
108 529 1
179 530 1
531 530 1
179 531 1
530 531 1
433 532 1
523 532 1
140 533 1
165 533 2
356 533 1
164 534 2
47 535 1
188 535 1
248 535 2
286 535 1
288 535 5
396 535 1
474 535 2
996 535 3
1033 535 1
1056 535 1
537 536 1
538 536 1
536 537 1
538 537 1
536 538 1
537 538 1
877 538 1
878 538 1
143 539 1
563 539 1
264 540 1
55 541 1
56 541 1
179 541 1
793 541 1
1128 542 1
1129 542 1
478 543 4
544 543 1
547 543 2
699 543 1
478 544 1
543 544 1
547 544 1
548 544 1
449 545 1
465 545 1
414 546 1
420 547 1
478 547 4
543 547 2
544 547 1
548 547 4
723 547 1
1037 547 1
478 548 1
544 548 1
547 548 4
1037 548 1
96 549 2
474 549 1
85 550 1
195 550 1
551 550 1
85 551 1
195 551 1
550 551 1
676 552 1
677 552 1
741 553 1
779 553 1
443 554 1
519 554 2
520 554 1
555 554 2
621 554 1
443 555 2
519 555 3
520 555 2
554 555 2
621 555 3
622 555 1
557 556 2
558 556 2
556 557 2
558 557 2
556 558 2
557 558 2
145 559 1
291 559 1
560 559 1
145 560 1
291 560 1
559 560 1
143 561 3
367 561 2
563 561 1
731 561 2
266 562 1
414 562 1
143 563 2
539 563 1
561 563 1
133 564 1
159 564 1
164 564 1
730 564 1
95 565 1
744 565 1
745 565 1
1144 566 1
1145 566 1
957 567 1
958 567 1
959 567 1
215 568 1
1086 568 1
1087 568 1
15 569 1
267 569 1
269 569 1
1135 569 1
31 570 1
386 570 4
954 570 2
955 570 1
956 570 1
1034 570 1
1055 570 1
1065 570 1
337 571 1
486 571 1
487 571 1
572 571 1
337 572 1
486 572 1
487 572 1
571 572 1
438 573 1
439 573 1
461 573 1
574 573 1
575 573 1
438 574 1
439 574 1
461 574 1
573 574 1
575 574 1
438 575 1
439 575 1
461 575 1
573 575 1
574 575 1
323 576 2
324 576 2
980 576 1
981 576 1
370 577 1
434 577 1
579 578 2
578 579 2
234 580 1
235 580 1
581 580 2
582 580 2
583 580 1
584 580 1
783 580 1
794 580 1
234 581 2
235 581 1
363 581 1
580 581 2
582 581 2
583 581 1
584 581 1
645 581 1
717 581 1
781 581 1
782 581 1
783 581 2
784 581 1
785 581 1
794 581 2
826 581 1
827 581 1
1099 581 1
234 582 1
235 582 1
580 582 2
581 582 2
583 582 1
584 582 1
783 582 1
794 582 1
234 583 1
235 583 1
580 583 1
581 583 1
582 583 1
584 583 1
234 584 1
235 584 1
580 584 1
581 584 1
582 584 1
583 584 1
586 585 1
587 585 1
588 585 1
585 586 1
587 586 1
588 586 1
585 587 1
586 587 1
588 587 1
585 588 1
586 588 1
587 588 1
212 589 1
238 589 1
243 589 1
133 590 1
140 590 2
164 590 2
166 590 2
167 590 2
591 590 1
592 590 1
593 590 1
133 591 1
140 591 1
166 591 1
167 591 1
590 591 1
592 591 1
593 591 1
133 592 1
140 592 1
166 592 1
167 592 1
590 592 1
591 592 1
593 592 1
133 593 1
140 593 1
166 593 1
167 593 1
176 593 1
387 593 1
590 593 1
591 593 1
592 593 1
1143 593 1
595 594 1
594 595 1
412 596 1
733 596 1
734 596 1
735 596 1
227 597 1
615 597 1
616 597 1
617 597 1
618 597 1
446 598 2
226 599 1
600 599 1
601 599 1
602 599 1
226 600 1
599 600 1
601 600 1
602 600 1
226 601 1
599 601 1
600 601 1
602 601 1
226 602 1
599 602 1
600 602 1
601 602 1
253 603 1
254 603 1
316 604 1
333 604 2
606 605 1
607 605 1
608 605 1
605 606 1
607 606 1
608 606 1
605 607 1
606 607 1
608 607 1
605 608 1
606 608 1
607 608 1
610 609 1
609 610 1
293 611 2
612 611 2
293 612 2
611 612 2
281 613 1
527 613 1
473 614 1
597 615 1
616 615 1
617 615 1
618 615 1
597 616 1
615 616 1
617 616 1
618 616 1
597 617 1
615 617 1
616 617 1
618 617 1
597 618 1
615 618 1
616 618 1
617 618 1
620 619 1
619 620 1
443 621 2
519 621 2
520 621 2
554 621 1
555 621 3
622 621 2
555 622 1
621 622 2
103 623 1
104 623 3
136 623 3
155 623 3
625 624 1
626 624 1
627 624 1
624 625 1
626 625 1
627 625 1
624 626 1
625 626 1
627 626 1
624 627 1
625 627 1
626 627 1
629 628 1
630 628 1
631 628 1
628 629 1
630 629 1
631 629 1
628 630 1
629 630 1
631 630 1
628 631 1
629 631 1
630 631 1
430 632 1
634 633 1
635 633 1
633 634 1
635 634 1
633 635 1
634 635 1
400 636 1
637 636 1
400 637 1
636 637 1
223 638 2
639 638 2
223 639 2
638 639 2
133 640 1
140 640 4
164 640 1
166 640 1
167 640 1
424 640 1
454 640 1
997 640 1
216 641 1
236 641 1
642 641 1
216 642 1
236 642 1
641 642 1
282 643 1
329 644 2
645 644 2
646 644 2
647 644 1
234 645 1
329 645 5
581 645 1
644 645 2
646 645 5
647 645 1
717 645 1
742 645 1
743 645 1
885 645 1
886 645 1
1099 645 1
329 646 5
644 646 2
645 646 5
647 646 1
742 646 1
743 646 1
885 646 1
886 646 1
329 647 1
644 647 1
645 647 1
646 647 1
2 648 1
5 648 1
24 648 1
249 649 1
257 649 1
650 649 1
249 650 1
257 650 1
649 650 1
471 651 1
42 652 1
43 652 1
171 652 1
172 652 1
274 653 1
508 653 1
654 653 1
274 654 1
508 654 1
653 654 1
137 655 1
429 656 1
45 657 2
484 658 1
659 658 1
660 658 1
661 658 1
484 659 1
658 659 1
660 659 1
661 659 1
484 660 1
658 660 1
659 660 1
661 660 1
484 661 1
658 661 1
659 661 1
660 661 1
417 662 1
663 662 1
417 663 1
662 663 1
665 664 2
666 664 2
667 664 2
664 665 2
666 665 3
667 665 2
748 665 1
749 665 1
664 666 2
665 666 3
667 666 2
748 666 1
749 666 1
664 667 2
665 667 2
666 667 2
669 668 1
668 669 1
501 670 1
502 670 1
671 670 1
501 671 1
502 671 1
670 671 1
96 672 1
305 672 1
366 672 1
367 672 2
411 672 1
451 672 1
452 672 1
471 672 1
474 672 2
731 672 1
1053 672 1
674 673 1
673 674 1
338 675 1
423 675 1
513 675 1
552 676 1
677 676 1
552 677 1
676 677 1
422 678 5
679 678 1
901 678 1
1026 678 1
1047 678 1
1048 678 1
422 679 1
678 679 1
681 680 1
680 681 1
683 682 1
682 683 1
430 684 1
518 684 2
685 684 1
686 684 3
805 684 1
807 684 1
952 684 2
518 685 1
684 685 1
686 685 1
518 686 1
684 686 3
685 686 1
952 686 3
688 687 1
689 687 1
687 688 1
689 688 1
687 689 1
688 689 1
164 690 1
404 691 3
471 691 1
509 691 1
512 691 1
692 691 2
707 691 2
1089 691 1
1090 691 1
404 692 2
691 692 2
48 693 1
457 694 1
695 694 1
457 695 1
694 695 1
340 696 3
697 696 3
698 696 3
831 696 1
832 696 1
340 697 3
696 697 3
698 697 3
831 697 1
832 697 1
340 698 3
696 698 3
697 698 3
831 698 1
832 698 1
478 699 1
543 699 1
365 700 1
399 700 1
701 700 1
365 701 1
399 701 1
700 701 1
277 702 1
703 702 1
277 703 1
702 703 1
705 704 1
706 704 1
711 704 1
712 704 1
713 704 1
714 704 1
704 705 1
706 705 1
704 706 1
705 706 1
404 707 1
509 707 1
691 707 2
1089 707 1
1090 707 1
254 708 1
259 708 1
300 708 1
403 708 1
709 708 1
710 708 1
254 709 1
259 709 1
300 709 1
403 709 1
708 709 1
710 709 1
254 710 1
259 710 2
300 710 1
403 710 2
708 710 1
709 710 1
704 711 1
712 711 1
713 711 1
714 711 1
704 712 1
711 712 1
713 712 1
714 712 1
704 713 1
711 713 1
712 713 1
714 713 1
704 714 1
711 714 1
712 714 1
713 714 1
716 715 1
717 715 1
718 715 1
715 716 1
717 716 1
718 716 1
234 717 1
581 717 1
645 717 1
715 717 1
716 717 1
718 717 1
835 717 1
836 717 1
837 717 1
838 717 1
1099 717 1
715 718 1
716 718 1
717 718 1
263 719 1
279 720 1
721 720 1
279 721 1
720 721 1
246 722 1
250 722 1
360 722 1
419 723 1
420 723 3
466 723 2
478 723 1
547 723 1
724 723 1
726 723 1
419 724 1
420 724 1
466 724 1
723 724 1
479 725 1
480 725 1
420 726 1
466 726 1
723 726 1
362 727 1
363 727 1
364 727 1
728 727 1
729 727 1
362 728 1
363 728 1
364 728 1
727 728 1
729 728 1
362 729 1
363 729 1
364 729 1
727 729 1
728 729 1
133 730 1
159 730 1
564 730 1
143 731 2
367 731 4
409 731 1
474 731 1
561 731 2
672 731 1
732 731 1
916 731 1
1150 731 1
1151 731 1
1152 731 1
409 732 2
731 732 1
596 733 1
734 733 1
735 733 1
596 734 1
733 734 1
735 734 1
596 735 1
733 735 1
734 735 1
737 736 1
738 736 1
736 737 1
738 737 1
736 738 1
737 738 1
117 739 1
498 739 1
740 739 1
117 740 1
498 740 1
739 740 1
553 741 1
329 742 1
645 742 1
646 742 1
743 742 1
329 743 1
645 743 1
646 743 1
742 743 1
95 744 1
565 744 1
745 744 1
95 745 1
565 745 1
744 745 1
747 746 1
746 747 1
665 748 1
666 748 1
749 748 1
409 749 1
410 749 1
665 749 1
666 749 1
748 749 1
346 750 1
332 751 1
343 751 1
262 752 1
395 752 1
753 752 1
262 753 1
395 753 1
752 753 1
755 754 1
756 754 1
757 754 1
754 755 1
756 755 1
757 755 1
754 756 1
755 756 1
757 756 1
754 757 1
755 757 1
756 757 1
205 758 1
255 758 1
258 758 1
759 758 1
205 759 1
255 759 1
258 759 1
758 759 1
449 760 1
87 761 1
219 762 1
102 763 1
394 763 1
764 763 2
765 763 1
766 763 1
102 764 1
394 764 1
763 764 2
765 764 1
766 764 1
102 765 1
394 765 1
763 765 1
764 765 1
766 765 1
102 766 1
394 766 1
763 766 1
764 766 1
765 766 1
768 767 1
769 767 1
767 768 1
769 768 1
767 769 1
768 769 1
245 770 1
247 770 1
772 771 3
773 771 3
774 771 3
771 772 3
773 772 3
774 772 3
771 773 3
772 773 3
774 773 3
771 774 3
772 774 3
773 774 3
776 775 1
775 776 1
1007 776 1
1008 776 1
19 777 1
778 777 1
19 778 1
777 778 1
553 779 1
323 780 2
581 781 1
782 781 2
783 781 1
784 781 1
785 781 1
918 781 1
581 782 1
781 782 2
783 782 1
784 782 1
785 782 1
918 782 1
580 783 1
581 783 2
582 783 1
781 783 1
782 783 1
784 783 1
785 783 1
794 783 1
581 784 1
781 784 1
782 784 1
783 784 1
785 784 1
581 785 1
781 785 1
782 785 1
783 785 1
784 785 1
310 786 1
788 787 1
787 788 1
60 789 1
314 789 1
1050 789 1
1051 789 1
1052 789 1
28 790 1
455 791 1
456 791 1
792 791 1
455 792 1
456 792 1
791 792 1
55 793 1
56 793 1
179 793 1
541 793 1
363 794 2
580 794 1
581 794 2
582 794 1
783 794 1
826 794 1
827 794 1
1080 794 1
1081 794 1
796 795 1
795 796 1
54 797 1
134 797 1
141 797 1
150 797 1
168 797 1
798 797 1
799 797 1
800 797 1
54 798 1
134 798 1
141 798 1
150 798 1
168 798 1
797 798 1
799 798 1
800 798 1
54 799 1
134 799 1
141 799 1
150 799 1
168 799 1
797 799 1
798 799 1
800 799 1
54 800 1
134 800 1
141 800 1
150 800 1
168 800 1
797 800 1
798 800 1
799 800 1
184 801 1
802 801 1
803 801 1
184 802 1
801 802 1
803 802 1
184 803 1
801 803 1
802 803 1
437 804 1
430 805 2
518 805 1
684 805 1
807 805 1
446 806 1
430 807 1
518 807 1
684 807 1
805 807 1
102 808 1
393 808 1
430 809 1
810 809 1
430 810 2
809 810 1
321 811 1
322 811 1
812 811 1
813 811 1
321 812 1
322 812 1
811 812 1
813 812 1
321 813 1
322 813 1
811 813 1
812 813 1
371 814 1
815 814 1
816 814 1
371 815 1
814 815 1
816 815 1
371 816 1
814 816 1
815 816 1
485 817 1
818 817 1
819 817 1
485 818 1
817 818 1
819 818 1
485 819 1
817 819 1
818 819 1
405 820 1
412 820 1
469 820 1
470 820 1
821 820 1
405 821 1
412 821 1
469 821 1
470 821 1
820 821 1
187 822 1
189 822 1
823 822 1
187 823 1
189 823 1
822 823 1
497 824 1
825 824 1
497 825 1
824 825 1
363 826 1
581 826 1
794 826 1
827 826 1
363 827 1
581 827 1
794 827 1
826 827 1
829 828 1
828 829 1
468 830 1
340 831 1
696 831 1
697 831 1
698 831 1
832 831 1
340 832 1
696 832 1
697 832 1
698 832 1
831 832 1
256 833 1
398 833 1
209 834 1
717 835 1
836 835 1
837 835 1
838 835 1
717 836 1
835 836 1
837 836 1
838 836 1
717 837 1
835 837 1
836 837 1
838 837 1
717 838 1
835 838 1
836 838 1
837 838 1
158 839 1
278 840 1
62 841 1
126 841 1
6 842 1
472 842 1
322 843 1
384 843 1
844 843 1
845 843 1
322 844 1
384 844 1
843 844 1
845 844 1
322 845 1
384 845 1
843 845 1
844 845 1
378 846 1
847 846 1
848 846 1
849 846 1
850 846 1
851 846 1
40 847 1
378 847 1
846 847 1
848 847 2
849 847 2
850 847 2
851 847 2
858 847 1
859 847 1
40 848 1
378 848 1
846 848 1
847 848 2
849 848 2
850 848 2
851 848 2
858 848 1
859 848 1
40 849 1
378 849 1
846 849 1
847 849 2
848 849 2
850 849 2
851 849 2
858 849 1
859 849 1
40 850 1
378 850 1
846 850 1
847 850 2
848 850 2
849 850 2
851 850 2
858 850 1
859 850 1
40 851 1
378 851 1
846 851 1
847 851 2
848 851 2
849 851 2
850 851 2
858 851 1
859 851 1
320 852 1
853 852 1
320 853 1
852 853 1
463 854 1
856 855 1
857 855 1
855 856 1
857 856 1
855 857 1
856 857 1
40 858 1
847 858 1
848 858 1
849 858 1
850 858 1
851 858 1
859 858 1
40 859 1
847 859 1
848 859 1
849 859 1
850 859 1
851 859 1
858 859 1
119 860 1
232 860 1
180 861 1
112 862 1
871 862 1
381 863 1
864 863 1
381 864 1
863 864 1
391 865 1
45 866 1
123 866 1
218 866 1
867 866 1
45 867 1
123 867 1
218 867 1
866 867 1
869 868 1
868 869 1
414 870 1
112 871 1
862 871 1
873 872 1
874 872 1
875 872 1
949 872 1
950 872 1
951 872 1
953 872 1
872 873 1
874 873 1
875 873 1
872 874 1
873 874 1
875 874 1
872 875 1
873 875 1
874 875 1
112 876 1
538 877 1
878 877 1
538 878 1
877 878 1
32 879 1
480 880 1
881 880 1
480 881 1
880 881 1
385 882 2
883 882 1
884 882 2
385 883 1
882 883 1
884 883 1
385 884 2
882 884 2
883 884 1
329 885 1
645 885 1
646 885 1
886 885 1
329 886 1
645 886 1
646 886 1
885 886 1
888 887 1
889 887 1
887 888 1
889 888 1
887 889 1
888 889 1
233 890 1
237 890 2
891 890 1
892 890 1
894 890 1
895 890 1
233 891 1
237 891 1
890 891 1
892 891 1
233 892 1
237 892 1
890 892 1
891 892 1
402 893 1
482 893 1
237 894 1
890 894 1
895 894 1
237 895 1
890 895 1
894 895 1
897 896 1
898 896 1
896 897 1
898 897 1
896 898 1
897 898 1
488 899 1
489 899 1
3 900 1
39 900 1
422 901 1
678 901 1
311 902 1
528 902 1
121 903 1
122 903 1
265 903 1
494 903 1
208 904 1
496 905 1
906 905 1
496 906 1
905 906 1
208 907 1
908 907 1
208 908 1
907 908 1
910 909 1
911 909 1
912 909 1
909 910 1
911 910 1
912 910 1
909 911 1
910 911 1
912 911 1
909 912 1
910 912 1
911 912 1
495 913 1
295 914 1
210 915 1
367 916 1
731 916 1
918 917 1
781 918 1
782 918 1
917 918 1
151 919 1
29 920 1
252 920 2
151 921 1
71 922 1
72 922 1
207 922 1
923 922 1
71 923 1
72 923 1
207 923 1
922 923 1
925 924 2
926 924 2
924 925 2
926 925 2
924 926 2
925 926 2
339 927 1
315 928 1
316 928 1
331 928 1
333 928 1
930 929 1
931 929 1
932 929 1
929 930 1
931 930 1
932 930 1
929 931 1
930 931 1
932 931 1
929 932 1
930 932 1
931 932 1
46 933 1
74 933 1
78 933 1
202 934 1
203 934 1
935 934 1
202 935 1
203 935 1
934 935 1
164 936 1
409 936 1
410 936 1
937 936 5
938 936 5
1042 936 2
1043 936 1
1077 936 2
1160 936 1
164 937 1
409 937 1
410 937 1
936 937 5
938 937 5
1042 937 2
1043 937 1
1077 937 2
1160 937 1
164 938 1
409 938 1
410 938 1
936 938 5
937 938 5
1042 938 2
1043 938 1
1077 938 2
1160 938 1
940 939 1
939 940 1
97 941 1
182 941 1
406 942 1
943 942 1
406 943 2
942 943 1
10 944 1
113 944 2
177 944 2
945 944 1
946 944 1
947 944 1
948 944 2
177 945 1
944 945 1
946 945 1
177 946 1
944 946 1
945 946 1
10 947 1
113 947 1
944 947 1
948 947 1
10 948 1
113 948 2
177 948 1
944 948 2
947 948 1
872 949 1
950 949 2
951 949 2
953 949 1
872 950 1
949 950 2
951 950 2
953 950 1
872 951 1
949 951 2
950 951 2
953 951 1
684 952 2
686 952 3
872 953 1
949 953 1
950 953 1
951 953 1
570 954 2
955 954 1
956 954 1
570 955 1
954 955 1
956 955 1
570 956 1
954 956 1
955 956 1
567 957 1
958 957 1
959 957 1
567 958 1
957 958 1
959 958 1
567 959 1
957 959 1
958 959 1
187 960 1
189 960 1
961 960 1
962 960 1
187 961 1
189 961 1
960 961 1
962 961 1
187 962 1
189 962 1
960 962 1
961 962 1
41 963 1
504 963 1
511 963 1
964 963 1
41 964 1
504 964 1
511 964 1
963 964 1
1 965 1
966 965 1
1 966 1
965 966 1
124 967 1
459 967 1
228 968 1
255 968 1
388 968 1
143 969 1
441 969 1
131 970 1
162 970 1
174 970 1
263 971 1
972 971 1
263 972 1
971 972 1
442 973 1
443 973 1
464 973 1
414 974 1
308 975 1
330 975 1
289 976 1
307 976 1
90 977 1
128 977 1
421 977 1
978 977 1
90 978 1
128 978 1
421 978 1
977 978 1
64 979 1
323 980 1
324 980 1
576 980 1
981 980 1
323 981 1
324 981 1
576 981 1
980 981 1
462 982 1
431 983 1
18 984 1
83 984 1
84 984 1
986 985 1
987 985 1
988 985 1
985 986 1
987 986 1
988 986 1
985 987 1
986 987 1
988 987 1
985 988 1
986 988 1
987 988 1
990 989 1
989 990 1
152 991 3
277 992 1
993 992 1
277 993 1
992 993 1
995 994 1
994 995 1
248 996 3
288 996 4
474 996 1
535 996 3
1033 996 1
1082 996 1
133 997 1
164 997 1
166 997 1
167 997 1
640 997 1
65 998 1
999 998 1
1000 998 1
65 999 1
998 999 1
1000 999 1
65 1000 1
998 1000 1
999 1000 1
35 1001 1
1002 1001 1
35 1002 1
1001 1002 1
16 1003 1
17 1003 1
143 1004 1
441 1004 1
245 1005 1
247 1005 1
1006 1005 1
245 1006 1
247 1006 1
1005 1006 1
776 1007 1
1008 1007 1
776 1008 1
1007 1008 1
198 1009 1
199 1009 1
200 1009 1
201 1009 1
449 1010 1
302 1011 2
432 1011 2
458 1011 1
1012 1011 2
302 1012 2
432 1012 2
458 1012 1
1011 1012 2
336 1013 1
1014 1013 1
336 1014 1
1013 1014 1
306 1015 1
341 1015 1
342 1015 1
515 1015 1
516 1015 1
517 1015 1
125 1016 1
1017 1016 1
125 1017 1
1016 1017 1
1019 1018 1
1020 1018 1
1018 1019 1
1020 1019 1
1018 1020 1
1019 1020 1
1022 1021 1
1021 1022 1
318 1023 1
397 1024 1
280 1025 1
453 1025 1
422 1026 1
678 1026 1
257 1027 1
273 1027 1
170 1028 1
1029 1028 1
1030 1028 1
1031 1028 1
170 1029 1
1028 1029 1
1030 1029 1
1031 1029 1
170 1030 1
1028 1030 1
1029 1030 1
1031 1030 1
170 1031 1
1028 1031 1
1029 1031 1
1030 1031 1
43 1032 1
171 1032 1
96 1033 1
288 1033 1
474 1033 2
535 1033 1
996 1033 1
570 1034 1
54 1035 1
193 1035 1
287 1036 1
526 1036 1
547 1037 1
548 1037 1
164 1038 1
401 1039 1
448 1039 1
512 1040 1
1041 1040 1
512 1041 1
1040 1041 1
409 1042 1
410 1042 1
936 1042 2
937 1042 2
938 1042 2
1043 1042 1
1077 1042 1
407 1043 1
409 1043 2
410 1043 1
936 1043 1
937 1043 1
938 1043 1
1042 1043 1
460 1044 1
1045 1044 1
1066 1044 1
1067 1044 1
1044 1045 1
9 1046 1
33 1046 1
34 1046 1
422 1047 1
678 1047 1
1048 1047 1
422 1048 1
678 1048 1
1047 1048 1
483 1049 1
314 1050 1
789 1050 1
1051 1050 1
1052 1050 1
314 1051 1
789 1051 1
1050 1051 1
1052 1051 1
314 1052 1
789 1052 1
1050 1052 1
1051 1052 1
411 1053 1
672 1053 1
109 1054 1
570 1055 1
47 1056 1
188 1056 1
288 1056 1
396 1056 2
415 1056 1
535 1056 1
1057 1056 1
396 1057 1
415 1057 1
1056 1057 1
165 1058 1
191 1058 1
416 1059 1
450 1059 1
475 1059 1
1060 1059 1
416 1060 1
450 1060 1
475 1060 1
1059 1060 1
323 1061 1
324 1061 1
1062 1061 1
1063 1061 1
1064 1061 1
323 1062 1
324 1062 1
1061 1062 1
1063 1062 1
1064 1062 1
323 1063 1
324 1063 1
1061 1063 1
1062 1063 1
1064 1063 1
323 1064 1
324 1064 1
1061 1064 1
1062 1064 1
1063 1064 1
31 1065 1
386 1065 1
570 1065 1
460 1066 1
1044 1066 1
1067 1066 1
460 1067 1
1044 1067 1
1066 1067 1
409 1068 1
159 1069 1
472 1069 1
146 1070 1
181 1070 1
283 1070 1
101 1071 1
190 1071 1
1072 1071 1
1073 1071 1
101 1072 1
190 1072 2
194 1072 1
493 1072 1
1071 1072 1
1073 1072 1
101 1073 1
190 1073 1
1071 1073 1
1072 1073 1
260 1074 1
261 1074 1
225 1075 1
1076 1075 1
225 1076 1
1075 1076 1
936 1077 2
937 1077 2
938 1077 2
1042 1077 1
1160 1077 1
118 1078 1
521 1078 1
181 1079 1
283 1079 1
363 1080 1
794 1080 1
1081 1080 1
363 1081 1
794 1081 1
1080 1081 1
248 1082 1
288 1082 1
996 1082 1
1084 1083 2
1085 1083 2
1112 1083 1
1113 1083 1
1083 1084 2
1085 1084 3
1112 1084 1
1113 1084 1
1124 1084 1
1125 1084 1
1083 1085 2
1084 1085 3
1112 1085 1
1113 1085 1
1124 1085 1
1125 1085 1
215 1086 1
568 1086 1
1087 1086 1
215 1087 1
568 1087 1
1086 1087 1
290 1088 1
691 1089 1
707 1089 1
1090 1089 1
691 1090 1
707 1090 1
1089 1090 1
396 1091 1
1092 1091 1
1093 1091 1
396 1092 1
1091 1092 1
1093 1092 1
396 1093 1
1091 1093 1
1092 1093 1
139 1094 1
355 1095 1
418 1095 1
1096 1095 1
355 1096 1
418 1096 1
1095 1096 1
409 1097 1
410 1097 1
1098 1097 1
409 1098 1
410 1098 1
1097 1098 1
234 1099 1
581 1099 1
645 1099 1
717 1099 1
211 1100 1
244 1100 1
323 1100 1
1102 1101 1
1103 1101 1
1104 1101 1
1105 1101 1
1101 1102 1
1103 1102 1
1104 1102 1
1105 1102 1
1101 1103 1
1102 1103 1
1104 1103 1
1105 1103 1
1101 1104 1
1102 1104 1
1103 1104 1
1105 1104 1
1101 1105 1
1102 1105 1
1103 1105 1
1104 1105 1
68 1106 1
69 1106 1
133 1106 1
392 1107 1
1108 1107 1
1109 1107 1
1110 1107 1
392 1108 1
1107 1108 1
1109 1108 1
1110 1108 1
392 1109 1
1107 1109 1
1108 1109 1
1110 1109 1
392 1110 1
1107 1110 1
1108 1110 1
1109 1110 1
47 1111 1
275 1111 1
288 1111 2
414 1111 1
1083 1112 1
1084 1112 1
1085 1112 1
1113 1112 1
1083 1113 1
1084 1113 1
1085 1113 1
1112 1113 1
173 1114 1
1115 1114 1
1116 1114 1
1117 1114 1
173 1115 1
1114 1115 1
1116 1115 1
1117 1115 1
173 1116 1
1114 1116 1
1115 1116 1
1117 1116 1
173 1117 1
1114 1117 1
1115 1117 1
1116 1117 1
308 1118 1
145 1119 2
292 1119 2
1121 1120 1
1120 1121 1
13 1122 1
430 1122 1
284 1123 1
503 1123 1
1084 1124 1
1085 1124 1
1125 1124 1
1084 1125 1
1085 1125 1
1124 1125 1
214 1126 1
1127 1126 1
214 1127 1
1126 1127 1
542 1128 1
1129 1128 1
542 1129 1
1128 1129 1
294 1130 1
413 1130 1
251 1131 1
1132 1131 1
251 1132 1
1131 1132 1
58 1133 1
76 1133 1
197 1133 1
1134 1133 1
58 1134 1
76 1134 1
197 1134 1
1133 1134 1
15 1135 1
267 1135 1
269 1135 1
569 1135 1
71 1136 1
206 1136 1
213 1136 1
510 1137 1
399 1138 1
1139 1138 1
1140 1138 1
1141 1138 1
1142 1138 1
399 1139 1
1138 1139 1
1140 1139 1
1141 1139 1
1142 1139 1
399 1140 1
1138 1140 1
1139 1140 1
1141 1140 1
1142 1140 1
399 1141 1
1138 1141 1
1139 1141 1
1140 1141 1
1142 1141 1
399 1142 1
1138 1142 1
1139 1142 1
1140 1142 1
1141 1142 1
176 1143 1
387 1143 1
593 1143 1
566 1144 1
1145 1144 1
566 1145 1
1144 1145 1
120 1146 1
522 1146 1
1147 1146 1
1148 1146 1
1149 1146 1
120 1147 1
522 1147 1
1146 1147 1
1148 1147 1
1149 1147 1
120 1148 1
522 1148 1
1146 1148 1
1147 1148 1
1149 1148 1
120 1149 1
522 1149 1
1146 1149 1
1147 1149 1
1148 1149 1
367 1150 1
731 1150 1
1151 1150 1
1152 1150 1
367 1151 1
731 1151 1
1150 1151 1
1152 1151 1
367 1152 1
731 1152 1
1150 1152 1
1151 1152 1
1154 1153 1
1155 1153 1
1153 1154 1
1155 1154 1
1153 1155 1
1154 1155 1
157 1156 1
1158 1157 1
1159 1157 1
1157 1158 1
1159 1158 1
1157 1159 1
1158 1159 1
936 1160 1
937 1160 1
938 1160 1
1077 1160 1
163 1161 1
192 1161 1
359 1161 1
