270 1 1
374 1 1
5 2 2
247 2 2
452 2 1
489 2 1
613 2 1
616 2 1
1229 2 1
93 3 1
138 3 1
961 3 1
13 4 1
16 4 1
2 5 2
247 5 2
452 5 1
489 5 1
613 5 1
616 5 1
1229 5 1
192 6 1
195 6 1
402 6 1
480 6 1
981 6 2
19 7 1
158 8 1
207 8 1
165 9 1
258 9 1
100 10 1
385 10 1
370 11 1
522 11 1
335 12 1
1051 12 1
4 13 1
16 13 1
1131 14 1
24 15 3
36 15 6
95 15 2
112 15 2
160 15 1
167 15 2
173 15 3
185 15 2
186 15 2
269 15 1
291 15 1
305 15 11
343 15 2
353 15 1
387 15 1
468 15 4
567 15 1
578 15 1
628 15 3
674 15 2
923 15 1
924 15 1
925 15 1
1023 15 2
1107 15 2
1108 15 2
1335 15 3
1337 15 1
1338 15 1
1359 15 1
4 16 1
13 16 1
44 17 1
238 17 1
1156 17 1
1157 17 1
182 18 1
7 19 1
107 20 1
244 20 1
343 20 1
417 20 1
443 20 1
715 20 1
1071 20 1
287 21 1
710 21 1
388 22 1
494 22 1
775 22 1
898 22 1
1188 23 2
1203 23 2
15 24 3
112 24 2
173 24 3
185 24 2
186 24 2
305 24 2
468 24 1
628 24 3
674 24 2
1107 24 2
1108 24 2
1337 24 1
1338 24 1
405 25 1
721 25 1
765 25 1
46 26 1
93 26 1
272 26 1
880 26 1
881 26 1
882 26 1
38 27 1
192 27 2
311 27 1
361 27 1
412 27 1
413 27 1
454 27 2
465 27 1
579 27 1
606 27 1
614 27 1
622 27 1
633 27 1
639 27 1
640 27 1
107 28 1
236 28 1
37 29 2
150 29 1
431 29 1
599 29 1
997 29 1
998 29 1
1115 29 1
1219 30 1
1220 30 1
1227 30 1
133 31 1
136 31 1
287 31 1
331 31 1
418 31 1
481 31 1
1022 31 1
315 32 1
973 32 1
974 32 1
975 32 1
976 32 1
72 33 1
251 33 1
735 33 1
35 34 1
175 34 1
221 34 1
222 34 1
223 34 1
224 34 1
34 35 1
175 35 1
221 35 1
222 35 1
223 35 1
224 35 1
15 36 6
305 36 3
326 36 1
343 36 1
418 36 1
468 36 3
924 36 1
925 36 1
29 37 2
599 37 1
997 37 1
998 37 1
27 38 1
41 38 1
105 38 1
232 38 1
233 38 1
289 38 1
311 38 1
421 38 1
454 38 1
465 38 1
909 38 1
53 39 1
250 40 1
263 40 1
418 40 2
583 40 1
608 40 2
38 41 1
232 41 1
233 41 1
909 41 1
59 42 1
300 42 1
301 42 1
75 43 1
716 43 1
1278 43 1
17 44 1
124 45 1
163 45 1
184 45 1
219 45 1
280 45 1
402 45 1
629 45 1
886 45 1
887 45 1
888 45 1
889 45 1
26 46 1
93 46 1
272 46 2
437 46 1
880 46 1
881 46 1
882 46 1
48 47 1
442 47 1
47 48 1
367 48 1
369 48 1
442 48 1
602 48 1
142 49 1
610 49 1
217 50 1
324 50 1
325 50 1
518 50 1
899 50 1
309 51 1
323 51 1
582 52 1
610 52 1
39 53 1
350 53 1
360 53 1
411 53 1
501 53 1
635 53 1
714 53 1
1010 53 1
1306 53 1
1307 53 1
55 54 1
82 54 1
54 55 1
82 55 1
90 56 1
69 57 1
213 57 1
316 57 1
744 57 1
286 58 1
396 58 1
515 58 1
534 58 1
591 58 1
595 58 1
687 58 1
1083 58 1
42 59 1
300 59 1
301 59 1
335 60 1
409 60 1
1400 61 1
1401 61 1
455 62 1
901 62 1
902 62 2
903 62 2
653 63 1
883 63 1
153 64 1
909 64 1
205 65 1
1008 65 1
1054 65 1
1055 65 1
73 66 1
120 67 1
337 67 2
1205 67 2
1206 67 4
1411 67 1
193 68 1
314 68 1
346 68 1
509 68 1
57 69 1
744 69 1
131 70 1
749 71 1
806 71 1
807 71 1
1276 71 1
33 72 1
251 72 1
735 72 1
66 73 1
83 74 3
178 74 3
197 74 1
254 74 1
266 74 2
288 74 2
352 74 1
395 74 2
598 74 1
43 75 1
716 75 1
1278 75 1
1008 76 1
1222 76 1
205 77 1
453 77 1
1008 77 1
193 78 1
328 78 1
521 78 1
982 79 1
163 80 1
177 80 1
204 80 1
143 81 1
259 81 1
517 81 1
572 81 1
638 81 1
641 81 1
54 82 1
55 82 1
74 83 3
178 83 3
197 83 1
423 84 1
99 85 3
308 85 1
387 85 2
612 85 2
838 85 1
508 86 1
828 86 1
1362 86 1
1252 87 1
1253 87 1
732 88 1
895 88 1
896 88 1
897 88 1
756 89 1
56 90 1
1006 91 1
166 92 1
321 92 1
526 92 1
625 92 1
3 93 1
26 93 1
46 93 1
201 93 2
245 93 1
272 93 1
277 93 1
370 93 1
383 93 1
446 93 1
494 93 1
880 93 1
881 93 1
882 93 1
1024 93 1
270 94 2
271 94 2
295 94 1
401 94 1
425 94 1
635 94 1
1328 94 1
15 95 2
532 95 1
950 95 1
226 96 1
833 96 1
532 97 1
949 97 1
232 98 1
419 98 1
445 98 1
990 98 1
1220 98 1
1226 98 1
1227 98 1
85 99 3
308 99 1
387 99 2
612 99 2
838 99 1
10 100 1
385 100 1
157 101 1
1203 101 1
1207 101 1
1208 101 1
1209 101 1
1210 101 1
1211 101 1
149 102 1
310 102 1
1332 102 1
130 103 1
762 104 1
1369 104 1
1370 104 1
1371 104 1
38 105 1
180 106 1
20 107 1
28 107 1
236 107 1
343 107 2
655 108 1
1103 108 1
298 109 1
328 109 1
620 109 1
621 109 1
724 110 1
1053 110 1
618 111 1
1192 111 1
15 112 2
24 112 2
173 112 2
185 112 2
186 112 2
305 112 2
628 112 2
674 112 2
1107 112 2
1108 112 2
793 113 1
1201 113 1
159 114 2
626 114 2
743 115 1
1240 115 1
118 116 1
119 116 1
242 116 1
351 116 1
392 116 1
345 117 1
116 118 1
242 118 1
392 118 1
116 119 1
351 119 1
390 119 1
447 119 1
561 119 2
948 119 1
1035 119 1
67 120 1
1206 120 1
1213 121 1
507 122 1
468 123 1
652 123 1
45 124 1
163 124 1
184 124 1
402 124 1
629 124 1
886 124 1
887 124 1
888 124 1
889 124 1
345 125 1
227 126 1
357 126 1
393 126 1
516 126 1
913 126 1
322 127 1
454 127 1
542 127 1
890 127 1
355 128 2
474 128 1
723 128 1
787 128 1
1089 128 1
1090 128 1
203 129 3
283 129 1
358 129 2
440 129 1
477 129 1
800 129 1
944 129 1
945 129 1
103 130 1
70 131 1
277 132 1
326 132 1
343 132 1
385 132 1
404 132 1
31 133 1
136 133 2
418 133 2
925 133 1
1022 133 1
978 134 1
328 135 1
519 135 1
31 136 1
133 136 2
418 136 2
925 136 1
1022 136 1
279 137 1
3 138 1
623 138 1
647 138 1
961 138 1
1372 138 1
1373 138 1
1413 138 1
1414 138 1
216 139 4
829 139 2
1322 139 4
1323 139 3
1324 139 2
1345 139 2
1346 139 1
179 140 1
298 140 1
303 140 1
345 140 1
347 140 1
351 140 2
390 140 1
447 140 1
519 140 1
569 140 1
683 140 1
797 140 1
305 141 1
410 141 1
49 142 1
460 142 1
563 142 1
610 142 1
81 143 1
194 143 1
278 143 1
572 143 1
638 143 1
641 143 1
249 144 1
380 144 1
473 144 1
802 144 1
1183 144 1
1230 144 1
146 145 1
554 145 1
764 145 1
1325 145 1
1326 145 1
1417 145 1
1418 145 1
145 146 1
1417 146 1
1418 146 1
385 147 1
404 147 1
373 148 1
785 148 1
102 149 1
310 149 1
1332 149 1
29 150 1
1115 150 1
1122 151 1
1123 151 1
239 152 1
730 152 1
1241 152 1
1242 152 1
64 153 1
299 153 1
420 153 1
429 153 1
909 153 1
1273 154 1
1274 154 1
712 155 1
739 155 1
1395 155 1
1231 156 1
1232 156 1
101 157 1
1203 157 1
1207 157 1
1208 157 1
1209 157 1
1210 157 1
1211 157 1
8 158 1
207 158 1
114 159 2
626 159 2
15 160 1
269 160 1
168 161 1
805 161 1
1339 161 1
1340 161 1
1341 161 1
289 162 1
376 162 1
605 162 1
648 162 1
1336 162 1
45 163 1
80 163 1
124 163 1
177 163 1
184 163 1
204 163 1
402 163 1
629 163 1
886 163 1
887 163 1
888 163 1
889 163 1
275 164 2
1052 164 2
1053 164 2
9 165 1
258 165 1
92 166 1
279 166 1
321 166 1
507 166 1
526 166 1
625 166 2
694 166 1
15 167 2
344 167 1
844 167 1
1023 167 1
161 168 1
805 168 1
1339 168 1
1340 168 1
1341 168 1
876 169 1
877 169 1
338 170 1
225 171 1
248 171 1
331 171 2
803 171 1
1197 171 1
753 172 2
755 172 1
786 172 1
809 172 2
15 173 3
24 173 3
112 173 2
185 173 2
186 173 2
305 173 2
468 173 1
628 173 3
674 173 2
1107 173 2
1108 173 2
1337 173 1
1338 173 1
188 174 1
383 174 1
34 175 1
35 175 1
221 175 1
222 175 1
223 175 1
224 175 1
984 176 1
1132 176 1
1133 176 1
1134 176 1
1135 176 1
1136 176 1
80 177 1
163 177 1
204 177 1
74 178 3
83 178 3
197 178 1
814 178 1
1070 178 1
140 179 1
303 179 1
345 179 1
347 179 1
351 179 1
390 179 2
447 179 3
797 179 1
106 180 1
646 181 1
1283 181 1
1284 181 1
1285 181 1
1286 181 1
1287 181 1
18 182 1
218 183 1
296 183 1
45 184 1
124 184 1
163 184 1
402 184 1
629 184 1
886 184 1
887 184 1
888 184 1
889 184 1
15 185 2
24 185 2
112 185 2
173 185 2
186 185 2
305 185 2
628 185 2
674 185 2
1107 185 2
1108 185 2
15 186 2
24 186 2
112 186 2
173 186 2
185 186 2
305 186 2
628 186 2
674 186 2
1091 186 1
1107 186 2
1108 186 2
531 187 1
608 187 1
934 187 1
935 187 1
174 188 1
383 188 1
333 189 1
501 189 1
1062 189 1
629 190 1
788 191 1
1031 191 1
6 192 1
27 192 2
195 192 2
242 192 1
287 192 1
305 192 1
331 192 1
363 192 1
412 192 1
413 192 1
425 192 1
555 192 1
579 192 1
614 192 1
893 192 1
924 192 1
926 192 1
68 193 1
78 193 1
314 193 1
328 193 1
346 193 1
509 193 1
521 193 1
143 194 1
278 194 1
341 194 1
411 194 1
442 194 1
564 194 1
602 194 1
6 195 1
192 195 2
211 195 2
242 195 1
343 195 1
505 195 1
893 195 1
989 195 1
1014 195 1
763 196 1
74 197 1
83 197 1
178 197 1
202 198 1
1184 198 1
343 199 1
394 199 1
494 199 1
208 200 1
209 200 1
979 200 1
93 201 2
1024 201 1
198 202 1
1184 202 1
129 203 3
283 203 1
358 203 1
440 203 1
477 203 1
800 203 1
945 203 1
80 204 1
163 204 1
177 204 1
65 205 1
77 205 1
453 205 1
1008 205 2
1054 205 1
1055 205 1
1212 206 2
8 207 1
158 207 1
200 208 1
209 208 1
979 208 1
200 209 1
208 209 1
979 209 1
1043 210 1
1044 210 1
1066 210 1
195 211 2
287 211 1
343 211 2
364 211 1
407 211 1
446 211 1
449 211 1
505 211 1
834 211 1
835 211 1
839 211 1
1014 211 1
988 212 1
1012 212 1
57 213 1
316 213 1
798 214 1
806 214 1
817 215 1
1151 215 1
139 216 4
829 216 2
1322 216 4
1323 216 3
1324 216 2
1345 216 2
1346 216 1
50 217 1
324 217 1
325 217 1
518 217 1
899 217 1
183 218 1
296 218 1
45 219 1
280 219 1
937 220 1
938 220 1
939 220 1
940 220 1
34 221 1
35 221 1
175 221 1
222 221 1
223 221 1
224 221 1
486 221 1
535 221 1
536 221 1
669 221 1
750 221 1
34 222 1
35 222 1
175 222 1
221 222 1
223 222 1
224 222 1
34 223 1
35 223 1
175 223 1
221 223 1
222 223 1
224 223 1
34 224 1
35 224 1
175 224 1
221 224 1
222 224 1
223 224 1
171 225 1
331 225 1
803 225 1
96 226 1
291 226 1
293 226 1
294 226 1
463 226 1
496 226 1
754 226 2
832 226 2
833 226 1
126 227 1
357 227 1
393 227 1
516 227 1
913 227 1
229 228 1
230 228 1
231 228 1
228 229 1
230 229 1
231 229 1
228 230 1
229 230 1
231 230 1
228 231 1
229 231 1
230 231 1
38 232 1
41 232 1
98 232 1
233 232 1
419 232 1
445 232 1
597 232 1
598 232 1
658 232 1
720 232 1
909 232 1
990 232 1
38 233 1
41 233 1
232 233 1
909 233 1
249 234 1
354 234 1
767 235 1
777 235 1
778 235 1
853 235 1
28 236 1
107 236 1
334 237 1
601 237 1
1097 237 1
17 238 1
1156 238 1
1157 238 1
152 239 1
730 239 1
618 240 1
758 240 1
759 240 1
760 240 1
260 241 1
580 241 1
634 241 1
116 242 1
118 242 1
192 242 1
195 242 1
392 242 1
893 242 1
825 243 2
20 244 1
715 244 1
856 244 1
857 244 1
858 244 1
1071 244 1
93 245 1
277 245 1
446 245 1
529 246 1
2 247 2
5 247 2
452 247 1
489 247 1
613 247 1
616 247 1
1229 247 1
171 248 1
331 248 1
1197 248 1
144 249 1
234 249 1
354 249 1
677 249 1
1230 249 1
40 250 1
608 250 1
33 251 1
72 251 1
735 251 1
284 252 1
285 252 1
331 253 1
410 253 1
74 254 1
581 254 1
598 254 1
615 254 1
1189 254 1
261 255 1
584 256 1
523 257 1
597 257 1
598 257 2
678 257 1
1063 257 1
1064 257 1
1065 257 1
9 258 1
165 258 1
81 259 1
445 259 1
517 259 1
989 259 1
241 260 1
580 260 1
634 260 1
255 261 1
447 261 1
487 261 1
573 261 1
577 261 2
585 261 2
602 261 3
659 261 2
661 261 2
679 261 2
689 261 1
291 262 1
40 263 1
418 263 1
608 263 1
423 264 1
560 265 1
666 265 1
679 265 1
74 266 2
268 267 1
332 267 1
377 267 1
464 267 1
621 267 1
636 267 2
692 267 1
771 267 1
772 267 1
779 267 1
824 267 1
1321 267 2
1389 267 1
1409 267 1
267 268 1
771 268 1
772 268 1
15 269 1
160 269 1
1 270 1
94 270 2
271 270 3
295 270 1
327 270 1
368 270 1
374 270 1
384 270 1
399 270 1
400 270 1
401 270 1
414 270 1
425 270 2
437 270 1
492 270 1
530 270 1
635 270 3
636 270 2
1328 270 1
94 271 2
270 271 3
295 271 1
401 271 1
425 271 2
635 271 2
636 271 1
859 271 1
860 271 1
861 271 1
862 271 1
863 271 1
864 271 1
865 271 1
866 271 1
867 271 1
868 271 1
869 271 1
1087 271 1
1088 271 1
1328 271 1
26 272 1
46 272 2
93 272 1
437 272 1
662 272 1
663 272 1
670 272 1
880 272 1
881 272 1
882 272 1
1352 272 1
1018 273 1
1019 273 1
685 274 1
164 275 2
330 275 2
921 275 1
1052 275 2
1053 275 2
625 276 1
1412 276 1
93 277 1
132 277 1
245 277 1
326 277 1
343 277 1
385 277 1
404 277 1
446 277 1
594 277 1
143 278 1
194 278 1
137 279 1
166 279 1
380 279 1
512 279 1
532 279 2
821 279 2
1049 279 1
1149 279 1
1150 279 1
45 280 1
219 280 1
469 281 1
831 282 1
1318 282 1
1319 282 1
1320 282 1
129 283 1
203 283 1
440 283 1
800 283 1
252 284 1
285 284 1
252 285 1
284 285 1
58 286 1
534 286 1
687 286 1
21 287 1
31 287 1
192 287 1
211 287 1
326 287 1
363 287 2
364 287 1
372 287 1
374 287 1
397 287 1
407 287 1
418 287 1
434 287 1
469 287 1
481 287 2
488 287 1
499 287 1
543 287 1
555 287 2
710 287 1
74 288 2
38 289 1
162 289 1
340 289 1
421 289 1
605 289 1
1025 289 2
1030 289 1
1336 289 1
559 290 1
15 291 1
226 291 1
262 291 1
293 291 1
294 291 1
439 291 1
463 291 1
478 291 1
479 291 1
520 291 1
562 291 2
587 291 1
631 291 1
665 291 1
668 291 2
680 291 2
691 291 1
699 291 1
790 291 1
791 291 1
792 291 1
992 291 1
1177 291 1
1390 291 1
1391 291 1
1392 291 1
1393 291 1
433 292 1
226 293 1
291 293 1
294 293 3
463 293 2
496 293 1
610 293 1
226 294 1
291 294 1
293 294 3
463 294 2
610 294 1
94 295 1
270 295 1
271 295 1
635 295 1
1328 295 1
183 296 1
218 296 1
624 297 1
1288 297 1
109 298 1
140 298 1
328 298 1
519 298 1
569 298 1
620 298 1
621 298 2
153 299 1
420 299 1
429 299 1
42 300 1
59 300 1
301 300 1
42 301 1
59 301 1
300 301 1
748 302 1
987 302 1
140 303 1
179 303 1
347 303 1
447 303 1
797 303 1
371 304 2
396 304 1
885 304 1
15 305 11
24 305 2
36 305 3
112 305 2
141 305 1
173 305 2
185 305 2
186 305 2
192 305 1
331 305 1
410 305 1
425 305 1
578 305 1
628 305 2
674 305 2
850 305 1
851 305 1
852 305 1
923 305 1
924 305 2
925 305 1
926 305 1
927 305 2
1107 305 2
1108 305 2
1335 305 3
1359 305 1
1403 305 1
313 306 2
380 306 2
761 306 1
762 306 1
781 306 2
782 306 1
845 306 1
846 306 2
847 306 1
996 306 1
609 307 1
85 308 1
99 308 1
387 308 1
838 308 1
51 309 1
323 309 1
102 310 1
149 310 1
822 310 1
1332 310 1
27 311 1
38 311 1
312 311 1
322 311 1
454 311 1
465 311 1
311 312 1
322 312 1
306 313 2
380 313 2
761 313 1
762 313 1
781 313 2
782 313 1
845 313 1
846 313 2
847 313 1
996 313 1
68 314 1
193 314 1
346 314 1
426 314 1
509 314 1
514 314 1
32 315 1
973 315 1
974 315 1
975 315 1
976 315 1
57 316 1
213 316 1
1297 317 1
1298 317 1
1299 317 1
1300 317 1
1301 317 1
1302 317 1
1303 317 1
378 318 1
390 318 1
447 318 1
645 319 1
1178 319 1
1179 319 1
1180 319 1
1181 319 1
1182 319 1
840 320 1
841 320 2
842 320 1
1033 320 1
92 321 1
166 321 1
526 321 1
625 321 1
127 322 1
311 322 1
312 322 1
890 322 1
51 323 1
309 323 1
50 324 1
217 324 1
325 324 1
518 324 1
899 324 1
50 325 1
217 325 1
324 325 1
518 325 1
899 325 1
36 326 1
132 326 1
277 326 1
287 326 1
343 326 1
385 326 1
404 326 1
418 326 2
434 326 2
456 326 1
270 327 1
368 327 1
399 327 1
414 327 1
78 328 1
109 328 1
135 328 1
193 328 1
298 328 1
519 328 1
521 328 1
620 328 1
621 328 1
462 329 1
470 329 2
541 329 1
693 329 1
957 329 1
275 330 2
921 330 1
31 331 1
171 331 2
192 331 1
225 331 1
248 331 1
253 331 1
305 331 1
410 331 1
425 331 1
494 331 1
537 331 1
803 331 1
924 331 1
926 331 1
1197 331 1
267 332 1
824 332 1
1321 332 1
189 333 1
501 333 1
1062 333 1
237 334 1
601 334 1
12 335 1
60 335 1
409 335 1
422 335 1
461 335 1
482 335 1
493 335 1
900 335 1
1051 335 1
784 336 1
1394 336 1
67 337 2
1205 337 2
1206 337 2
170 338 1
458 339 1
289 340 1
194 341 1
411 341 1
507 341 1
564 341 5
602 341 4
855 342 1
1310 342 1
1311 342 1
15 343 2
20 343 1
36 343 1
107 343 2
132 343 1
195 343 1
199 343 1
211 343 2
277 343 1
326 343 1
385 343 1
387 343 1
394 343 1
404 343 1
468 343 1
484 343 1
494 343 1
505 343 1
597 343 1
660 343 1
795 343 1
839 343 1
167 344 1
844 344 1
117 345 1
125 345 1
140 345 1
179 345 1
351 345 2
387 345 2
390 345 2
447 345 1
68 346 1
193 346 1
314 346 1
509 346 1
140 347 1
179 347 1
303 347 1
447 347 1
797 347 1
380 348 1
695 349 1
843 349 2
1315 349 1
1316 349 1
1317 349 1
53 350 1
501 350 1
1010 350 1
116 351 1
119 351 1
140 351 2
179 351 1
345 351 2
390 351 2
447 351 1
451 351 1
506 351 1
570 351 2
611 351 1
683 351 2
836 351 1
74 352 1
395 352 1
15 353 1
378 353 1
389 353 1
1158 353 1
1159 353 2
1160 353 1
1233 353 1
1234 353 1
1254 353 2
1366 353 1
1367 353 1
234 354 1
249 354 1
356 354 1
359 354 1
482 354 1
128 355 2
448 355 2
474 355 1
477 355 1
673 355 1
684 355 2
723 355 1
787 355 1
854 355 1
354 356 1
359 356 1
482 356 1
126 357 1
227 357 1
393 357 1
516 357 1
913 357 1
129 358 2
203 358 1
944 358 1
988 358 1
1092 358 1
354 359 1
356 359 1
482 359 1
53 360 1
411 360 1
27 361 1
454 361 1
1060 362 1
1061 362 1
192 363 1
287 363 2
407 363 1
555 363 1
590 363 1
211 364 1
287 364 1
391 364 1
407 364 1
524 364 1
432 365 1
1013 365 1
588 366 1
738 366 1
48 367 1
369 367 1
602 367 1
270 368 1
327 368 1
399 368 1
414 368 1
48 369 1
367 369 1
602 369 1
11 370 1
93 370 1
522 370 1
304 371 2
396 371 1
885 371 1
891 371 1
287 372 1
374 372 1
469 372 1
148 373 1
785 373 1
1 374 1
270 374 1
287 374 1
372 374 1
469 374 1
592 375 1
162 376 1
648 376 1
267 377 1
416 377 1
464 377 1
527 377 2
751 377 2
769 377 1
804 377 2
815 377 1
914 377 3
917 377 1
318 378 1
353 378 1
389 378 1
390 378 1
447 378 1
436 379 1
484 379 1
144 380 1
279 380 1
306 380 2
313 380 2
348 380 1
437 380 1
457 380 3
761 380 2
762 380 3
781 380 2
782 380 1
801 380 1
802 380 2
830 380 1
845 380 1
846 380 2
847 380 1
991 380 1
996 380 1
1045 380 1
1049 380 1
1146 380 1
1415 380 1
1420 380 1
382 381 1
918 381 1
381 382 1
918 382 1
93 383 1
174 383 1
188 383 1
270 384 1
10 385 1
100 385 1
132 385 1
147 385 1
277 385 1
326 385 1
343 385 1
386 385 1
387 385 1
404 385 5
435 385 1
437 385 1
466 385 1
538 385 1
709 385 1
894 385 1
1402 385 1
385 386 1
387 386 2
404 386 1
768 386 1
936 386 2
1402 386 1
15 387 1
85 387 2
99 387 2
308 387 1
343 387 1
345 387 2
385 387 1
386 387 2
437 387 1
476 387 1
494 387 1
537 387 1
557 387 1
612 387 2
662 387 1
688 387 1
709 387 1
773 387 1
838 387 2
910 387 3
911 387 1
912 387 1
936 387 2
1358 387 1
22 388 1
494 388 1
775 388 1
898 388 1
932 388 1
353 389 1
378 389 1
119 390 1
140 390 1
179 390 2
318 390 1
345 390 2
351 390 2
378 390 1
394 390 1
447 390 6
495 390 1
561 390 1
774 390 1
364 391 1
524 391 1
116 392 1
118 392 1
242 392 1
126 393 1
227 393 1
357 393 1
516 393 1
913 393 1
199 394 1
343 394 1
390 394 1
447 394 1
494 394 1
497 394 1
561 394 2
1032 394 1
1174 394 1
1291 394 1
74 395 2
352 395 1
58 396 1
304 396 1
371 396 1
287 397 1
543 397 1
703 398 1
270 399 1
327 399 1
368 399 1
414 399 1
270 400 1
492 400 1
94 401 1
270 401 1
271 401 1
425 401 1
6 402 1
45 402 1
124 402 1
163 402 1
184 402 1
480 402 1
629 402 1
886 402 1
887 402 1
888 402 1
889 402 1
930 403 1
931 403 1
132 404 1
147 404 1
277 404 1
326 404 1
343 404 1
385 404 5
386 404 1
435 404 1
466 404 1
894 404 1
1402 404 1
25 405 1
721 405 1
765 405 1
425 406 1
459 406 1
635 406 1
1368 406 1
211 407 1
287 407 1
363 407 1
364 407 1
589 407 1
590 407 2
656 408 1
922 408 1
60 409 1
335 409 1
472 409 1
496 409 1
141 410 1
253 410 1
305 410 1
331 410 1
425 410 1
459 410 1
928 410 1
929 410 1
53 411 1
194 411 1
341 411 1
360 411 1
564 411 1
602 411 1
27 412 1
192 412 1
27 413 1
192 413 1
579 413 1
614 413 1
270 414 1
327 414 1
368 414 1
399 414 1
741 415 1
1007 415 1
377 416 1
527 416 1
751 416 1
20 417 1
31 418 1
36 418 1
40 418 2
133 418 2
136 418 2
263 418 1
287 418 1
326 418 2
434 418 1
462 418 2
470 418 2
583 418 1
608 418 1
925 418 1
1022 418 1
98 419 1
232 419 1
445 419 2
990 419 1
153 420 1
299 420 1
429 420 1
38 421 1
289 421 1
335 422 1
84 423 1
264 423 1
430 423 1
498 423 1
1034 423 1
1022 424 1
94 425 1
192 425 1
270 425 2
271 425 2
305 425 1
331 425 1
401 425 1
406 425 1
410 425 1
459 425 3
635 425 2
636 425 1
740 425 1
859 425 1
860 425 1
861 425 1
862 425 1
863 425 1
864 425 1
865 425 1
866 425 1
867 425 1
868 425 1
869 425 1
924 425 1
926 425 1
928 425 1
929 425 3
970 425 1
971 425 2
972 425 1
1342 425 1
1347 425 1
1348 425 1
1368 425 1
1398 425 1
1399 425 1
314 426 1
627 427 1
465 428 1
559 428 1
153 429 1
299 429 1
420 429 1
423 430 1
1034 430 1
29 431 1
553 431 1
365 432 1
1013 432 1
1094 432 1
1095 432 1
1096 432 1
292 433 1
287 434 1
326 434 2
418 434 1
456 434 1
385 435 1
404 435 1
894 435 1
379 436 1
437 436 2
484 436 1
46 437 1
270 437 1
272 437 1
380 437 1
385 437 1
387 437 1
436 437 2
475 437 1
476 437 1
485 437 1
491 437 2
497 437 2
530 437 1
538 437 1
637 437 1
696 437 1
697 437 1
1040 437 1
1041 437 1
1042 437 1
1084 437 1
1259 437 1
1260 437 1
1360 437 1
1421 437 1
1422 437 1
446 438 1
600 438 1
995 438 1
291 439 1
562 439 1
668 439 1
129 440 1
203 440 1
283 440 1
800 440 1
442 441 1
47 442 1
48 442 1
194 442 1
441 442 1
20 443 1
539 444 1
546 444 1
98 445 1
232 445 1
259 445 1
419 445 2
989 445 1
990 445 1
93 446 1
211 446 1
245 446 1
277 446 1
438 446 1
449 446 3
550 446 1
600 446 1
834 446 1
835 446 1
995 446 1
119 447 1
140 447 1
179 447 3
261 447 1
303 447 1
318 447 1
345 447 1
347 447 1
351 447 1
378 447 1
390 447 6
394 447 1
495 447 1
561 447 1
602 447 1
679 447 1
689 447 1
797 447 1
355 448 2
673 448 1
684 448 2
211 449 1
446 449 3
834 449 1
835 449 1
1110 449 3
1289 450 1
1290 450 1
351 451 1
506 451 1
570 451 1
611 451 1
2 452 1
5 452 1
247 452 1
489 452 1
613 452 1
616 452 1
1229 452 1
77 453 1
205 453 1
1008 453 2
1009 453 1
27 454 2
38 454 1
127 454 1
311 454 1
361 454 1
465 454 1
542 454 1
62 455 1
902 455 1
903 455 1
326 456 1
434 456 1
468 456 1
503 456 1
380 457 3
830 457 1
1045 457 1
1420 457 1
339 458 1
468 458 1
406 459 1
410 459 1
425 459 3
635 459 1
761 459 1
928 459 1
929 459 1
1011 459 1
1347 459 1
1348 459 1
1368 459 1
142 460 1
563 460 1
335 461 1
329 462 1
418 462 2
470 462 6
541 462 1
586 462 1
693 462 1
1022 462 2
226 463 1
291 463 1
293 463 2
294 463 2
267 464 1
377 464 1
27 465 1
38 465 1
311 465 1
428 465 1
454 465 1
559 465 2
385 466 1
404 466 1
704 466 1
528 467 2
15 468 4
24 468 1
36 468 3
123 468 1
173 468 1
343 468 1
456 468 1
458 468 1
596 468 4
628 468 1
652 468 1
811 468 1
1337 468 1
1338 468 1
1410 468 1
281 469 1
287 469 1
372 469 1
374 469 1
329 470 2
418 470 2
462 470 6
500 470 1
541 470 1
586 470 1
693 470 1
957 470 1
1022 470 2
1225 471 1
409 472 1
144 473 1
1183 473 1
128 474 1
355 474 1
723 474 1
437 475 1
1040 475 2
1041 475 1
1112 475 2
1194 475 1
1195 475 1
1196 475 1
1355 475 2
1356 475 2
387 476 1
437 476 1
491 476 1
494 476 1
497 476 1
537 476 1
690 476 1
711 476 1
1084 476 1
1141 476 1
1397 476 1
129 477 1
203 477 1
355 477 1
945 477 1
291 478 1
587 478 1
291 479 1
520 479 1
576 479 1
631 479 1
680 479 1
874 479 1
992 479 1
6 480 1
402 480 1
31 481 1
287 481 2
335 482 1
354 482 1
356 482 1
359 482 1
1086 483 1
343 484 1
379 484 1
436 484 1
597 484 1
660 484 1
795 484 1
437 485 1
1042 485 1
221 486 1
535 486 3
536 486 2
669 486 1
750 486 1
261 487 1
701 487 1
1343 487 1
287 488 1
499 488 1
555 488 1
1198 488 2
2 489 1
5 489 1
247 489 1
452 489 1
613 489 1
616 489 1
1161 489 2
1162 489 1
1229 489 1
1147 490 1
1148 490 2
437 491 2
476 491 1
497 491 3
1084 491 2
270 492 1
400 492 1
335 493 1
22 494 1
93 494 1
199 494 1
331 494 1
343 494 1
387 494 1
388 494 1
394 494 1
476 494 1
537 494 2
557 494 1
558 494 1
630 494 1
775 494 3
898 494 1
958 494 1
959 494 1
960 494 1
1141 494 1
390 495 1
447 495 1
226 496 1
293 496 1
409 496 1
833 496 1
394 497 1
437 497 2
476 497 1
491 497 3
637 497 1
697 497 1
893 497 1
1084 497 2
423 498 1
287 499 1
488 499 1
555 499 1
470 500 1
53 501 1
189 501 1
333 501 1
350 501 1
1010 501 1
1062 501 1
1131 502 1
456 503 1
1109 503 1
1119 504 1
195 505 1
211 505 1
343 505 1
351 506 1
451 506 1
570 506 1
611 506 1
122 507 1
166 507 1
341 507 1
564 507 1
602 507 1
86 508 1
828 508 1
1362 508 1
68 509 1
193 509 1
314 509 1
346 509 1
512 510 1
813 510 1
512 511 1
574 511 2
575 511 1
279 512 1
510 512 1
511 512 1
532 512 1
574 512 2
611 512 1
813 512 1
1350 512 1
545 513 1
711 513 1
1361 513 1
314 514 1
58 515 1
591 515 1
1083 515 1
126 516 1
227 516 1
357 516 1
393 516 1
913 516 1
81 517 1
259 517 1
50 518 1
217 518 1
324 518 1
325 518 1
899 518 1
135 519 1
140 519 1
298 519 1
328 519 1
569 519 1
291 520 1
479 520 1
631 520 1
680 520 1
992 520 1
78 521 1
193 521 1
328 521 1
11 522 1
370 522 1
257 523 1
598 523 1
678 523 1
1063 523 1
1064 523 1
1065 523 1
364 524 1
391 524 1
566 525 1
92 526 1
166 526 1
321 526 1
625 526 1
377 527 2
416 527 1
751 527 1
467 528 2
246 529 1
270 530 1
437 530 1
533 530 1
1374 530 1
1375 530 1
1376 530 1
1377 530 1
1378 530 1
1379 530 1
187 531 1
608 531 2
619 531 1
934 531 1
935 531 1
977 531 1
983 531 1
984 531 1
985 531 1
1190 531 1
1191 531 1
95 532 1
97 532 1
279 532 2
512 532 1
949 532 1
950 532 1
530 533 1
1374 533 1
1375 533 1
1376 533 1
1377 533 1
1378 533 1
1379 533 1
58 534 1
286 534 1
687 534 1
221 535 1
486 535 3
536 535 1
669 535 1
750 535 1
221 536 1
486 536 2
535 536 1
540 536 1
552 536 1
636 536 1
657 536 1
669 536 1
750 536 1
751 536 1
783 536 1
816 536 2
1351 536 1
331 537 1
387 537 1
476 537 1
494 537 2
773 537 2
910 537 1
1141 537 1
385 538 1
437 538 1
444 539 1
546 539 1
536 540 1
636 540 1
751 540 1
783 540 1
329 541 1
462 541 1
470 541 1
693 541 1
127 542 1
454 542 1
287 543 1
397 543 1
962 544 1
513 545 1
711 545 1
1361 545 1
444 546 1
539 546 1
550 547 1
675 547 1
550 548 1
627 548 1
571 549 1
446 550 1
547 550 1
548 550 1
627 550 3
672 550 1
675 550 1
702 550 1
706 550 2
707 550 1
708 550 1
1155 550 1
1145 551 1
536 552 1
816 552 1
431 553 1
145 554 1
764 554 1
1325 554 1
1326 554 1
192 555 1
287 555 2
363 555 1
488 555 1
499 555 1
1067 556 1
387 557 1
494 557 1
494 558 1
290 559 1
428 559 1
465 559 2
265 560 1
666 560 1
679 560 1
119 561 2
390 561 1
394 561 2
447 561 1
1032 561 1
1035 561 1
291 562 2
439 562 1
668 562 2
142 563 1
460 563 1
194 564 1
341 564 5
411 564 1
507 564 1
602 564 4
1292 564 1
566 565 1
525 566 1
565 566 1
737 566 1
746 566 1
780 566 1
15 567 1
643 568 1
1365 568 1
140 569 1
298 569 1
519 569 1
351 570 2
451 570 1
506 570 1
611 570 1
683 570 1
549 571 1
81 572 1
143 572 1
638 572 1
641 572 1
261 573 1
511 574 2
512 574 2
575 574 1
611 574 1
511 575 1
574 575 1
479 576 1
874 576 1
261 577 2
679 577 1
15 578 1
305 578 1
1359 578 1
27 579 1
192 579 1
413 579 1
614 579 1
241 580 1
260 580 1
634 580 1
254 581 1
52 582 1
610 582 1
40 583 1
418 583 1
256 584 1
261 585 2
659 585 2
661 585 2
462 586 1
470 586 1
1022 586 1
291 587 1
478 587 1
366 588 1
738 588 1
892 588 1
407 589 1
363 590 1
407 590 2
1111 590 1
58 591 1
515 591 1
1083 591 1
375 592 1
1257 593 1
1258 593 1
277 594 1
58 595 1
468 596 4
232 597 1
257 597 1
343 597 1
484 597 1
598 597 2
660 597 1
795 597 1
875 597 1
74 598 1
232 598 1
254 598 1
257 598 2
523 598 1
597 598 2
678 598 1
1063 598 1
1064 598 1
1065 598 1
29 599 1
37 599 1
997 599 1
998 599 1
438 600 1
446 600 1
995 600 1
237 601 1
334 601 1
48 602 1
194 602 1
261 602 3
341 602 4
367 602 1
369 602 1
411 602 1
447 602 1
507 602 1
564 602 4
679 602 1
689 602 1
878 603 1
879 603 1
1202 604 1
162 605 1
289 605 1
1336 605 1
27 606 1
1330 607 1
1331 607 1
40 608 2
187 608 1
250 608 1
263 608 1
418 608 1
531 608 2
619 608 1
934 608 1
935 608 1
983 608 1
984 608 1
985 608 1
307 609 1
49 610 1
52 610 1
142 610 1
293 610 1
294 610 1
582 610 1
351 611 1
451 611 1
506 611 1
512 611 1
570 611 1
574 611 1
752 611 1
1251 611 1
85 612 2
99 612 2
387 612 2
2 613 1
5 613 1
247 613 1
452 613 1
489 613 1
616 613 1
1229 613 1
27 614 1
192 614 1
413 614 1
579 614 1
254 615 1
1189 615 1
2 616 1
5 616 1
247 616 1
452 616 1
489 616 1
613 616 1
681 616 1
837 616 1
1229 616 1
724 617 1
964 617 1
965 617 1
111 618 1
240 618 1
758 618 1
759 618 1
760 618 1
1192 618 1
531 619 1
608 619 1
983 619 1
984 619 1
985 619 1
109 620 1
298 620 1
328 620 1
621 620 1
109 621 1
267 621 1
298 621 2
328 621 1
620 621 1
636 621 1
1389 621 1
27 622 1
138 623 1
1372 623 1
1373 623 1
297 624 1
1288 624 1
92 625 1
166 625 2
276 625 1
321 625 1
526 625 1
694 625 1
1412 625 1
114 626 2
159 626 2
427 627 1
548 627 1
550 627 3
707 627 1
15 628 3
24 628 3
112 628 2
173 628 3
185 628 2
186 628 2
305 628 2
468 628 1
674 628 2
1107 628 2
1108 628 2
1337 628 1
1338 628 1
45 629 1
124 629 1
163 629 1
184 629 1
190 629 1
402 629 1
886 629 1
887 629 1
888 629 1
889 629 1
494 630 1
775 630 1
958 630 1
959 630 1
960 630 1
291 631 1
479 631 1
520 631 1
680 631 1
992 631 1
1039 632 1
27 633 1
241 634 1
260 634 1
580 634 1
53 635 1
94 635 1
270 635 3
271 635 2
295 635 1
406 635 1
425 635 2
459 635 1
636 635 2
714 635 1
1306 635 1
1307 635 1
1328 635 1
1368 635 1
267 636 2
270 636 2
271 636 1
425 636 1
536 636 1
540 636 1
621 636 1
635 636 2
692 636 1
751 636 1
779 636 1
783 636 1
1389 636 1
1409 636 1
437 637 1
497 637 1
697 637 2
81 638 1
143 638 1
572 638 1
641 638 1
27 639 1
640 639 1
27 640 1
639 640 1
81 641 1
143 641 1
572 641 1
638 641 1
1419 642 1
568 643 1
1365 643 1
1193 644 2
319 645 1
1178 645 1
1179 645 1
1180 645 1
1181 645 1
1182 645 1
181 646 1
1269 646 1
1270 646 1
1271 646 1
1272 646 1
1283 646 1
1284 646 1
1285 646 1
1286 646 1
1287 646 1
138 647 1
1413 647 1
1414 647 1
162 648 1
376 648 1
650 649 1
651 649 1
676 649 1
649 650 1
651 650 1
676 650 1
649 651 1
650 651 1
676 651 1
123 652 1
468 652 1
63 653 1
883 653 1
906 654 1
907 654 1
908 654 1
108 655 1
1103 655 1
408 656 1
536 657 1
816 657 1
1351 657 1
232 658 1
720 658 1
261 659 2
585 659 2
661 659 2
343 660 1
484 660 1
597 660 1
795 660 1
261 661 2
585 661 2
659 661 2
272 662 1
387 662 1
663 662 3
670 662 1
686 662 2
698 662 2
919 662 1
920 662 1
1352 662 1
272 663 1
662 663 3
670 663 1
686 663 2
698 663 1
1352 663 1
980 664 1
291 665 1
680 665 1
1177 665 1
265 666 1
560 666 1
679 666 1
1221 667 1
291 668 2
439 668 1
562 668 2
221 669 1
486 669 1
535 669 1
536 669 1
750 669 1
272 670 1
662 670 1
663 670 1
1352 670 1
799 671 1
1275 671 1
1364 671 1
550 672 1
702 672 1
355 673 1
448 673 1
684 673 1
15 674 2
24 674 2
112 674 2
173 674 2
185 674 2
186 674 2
305 674 2
628 674 2
1107 674 2
1108 674 2
547 675 1
550 675 1
649 676 1
650 676 1
651 676 1
249 677 1
884 677 1
1085 677 1
257 678 1
523 678 1
598 678 1
1063 678 1
1064 678 1
1065 678 1
261 679 2
265 679 1
447 679 1
560 679 1
577 679 1
602 679 1
666 679 1
689 679 1
291 680 2
479 680 1
520 680 1
631 680 1
665 680 1
691 680 2
966 680 1
992 680 1
1177 680 1
616 681 1
837 681 1
820 682 1
961 682 1
1131 682 1
1304 682 1
1305 682 1
140 683 1
351 683 2
570 683 1
355 684 2
448 684 2
673 684 1
274 685 1
662 686 2
663 686 2
698 686 1
58 687 1
286 687 1
534 687 1
387 688 1
1358 688 1
261 689 1
447 689 1
602 689 1
679 689 1
476 690 1
711 690 1
1397 690 1
291 691 1
680 691 2
966 691 1
1390 691 1
1391 691 1
1392 691 1
1393 691 1
267 692 1
636 692 1
779 692 1
1409 692 1
329 693 1
462 693 1
470 693 1
541 693 1
166 694 1
625 694 1
349 695 1
843 695 1
437 696 1
1259 696 1
1260 696 1
437 697 1
497 697 1
637 697 2
662 698 2
663 698 1
686 698 1
919 698 1
920 698 1
291 699 1
790 699 1
791 699 1
792 699 1
751 700 1
794 700 1
810 700 1
487 701 1
550 702 1
672 702 1
398 703 1
466 704 1
1005 705 1
1006 705 1
550 706 2
708 706 1
1155 706 1
550 707 1
627 707 1
550 708 1
706 708 1
1155 708 1
385 709 1
387 709 1
21 710 1
287 710 1
476 711 1
513 711 1
545 711 1
690 711 1
1361 711 1
1397 711 1
155 712 1
739 712 1
1395 712 1
1001 713 1
1002 713 1
53 714 1
635 714 1
1306 714 1
1307 714 1
20 715 1
244 715 1
1071 715 1
43 716 1
75 716 1
1278 716 1
718 717 1
840 717 1
841 717 1
717 718 1
719 718 1
840 718 1
841 718 1
870 718 1
871 718 1
872 718 1
873 718 1
718 719 1
870 719 1
871 719 1
872 719 1
873 719 1
232 720 1
658 720 1
25 721 1
405 721 1
765 721 1
1061 722 1
1204 722 1
128 723 1
355 723 1
474 723 1
110 724 1
617 724 1
964 724 1
965 724 1
1053 724 1
751 725 2
1349 725 2
729 726 1
1277 727 1
1214 728 1
726 729 1
152 730 1
239 730 1
731 730 1
888 730 1
1329 730 1
730 731 1
888 731 1
1329 731 1
88 732 1
896 732 1
904 733 1
905 733 1
1056 734 1
1057 734 1
1068 734 1
1118 734 1
33 735 1
72 735 1
251 735 1
1308 736 1
1309 736 1
566 737 1
746 737 1
366 738 1
588 738 1
155 739 1
712 739 1
826 739 1
827 739 1
1295 739 2
1296 739 2
1354 739 1
1395 739 1
425 740 1
1398 740 1
415 741 1
1007 741 1
1363 742 1
115 743 1
1240 743 1
57 744 1
69 744 1
1215 745 1
566 746 1
737 746 1
973 747 1
1116 747 1
1117 747 1
302 748 1
987 748 1
71 749 1
806 749 1
807 749 1
1276 749 1
221 750 1
486 750 1
535 750 1
536 750 1
669 750 1
377 751 2
416 751 1
527 751 1
536 751 1
540 751 1
636 751 1
700 751 1
725 751 2
783 751 1
794 751 1
810 751 1
1349 751 2
611 752 1
1251 752 1
172 753 2
809 753 2
226 754 2
832 754 2
172 755 1
786 755 1
89 756 1
1385 757 1
1386 757 1
1387 757 1
1388 757 1
240 758 1
618 758 1
759 758 1
760 758 1
240 759 1
618 759 1
758 759 1
760 759 1
240 760 1
618 760 1
758 760 1
759 760 1
306 761 1
313 761 1
380 761 2
459 761 1
762 761 2
781 761 1
782 761 1
812 761 1
846 761 1
996 761 1
1353 761 1
104 762 1
306 762 1
313 762 1
380 762 3
761 762 2
781 762 1
782 762 1
801 762 1
808 762 1
812 762 1
846 762 1
996 762 1
1146 762 3
1344 762 1
1353 762 1
1369 762 1
1370 762 1
1371 762 1
1415 762 1
196 763 1
145 764 1
554 764 1
1325 764 1
1326 764 1
25 765 1
405 765 1
721 765 1
1093 766 1
235 767 1
777 767 1
778 767 1
853 767 1
386 768 1
377 769 1
804 769 1
1243 770 1
1244 770 1
1245 770 1
1246 770 3
1247 770 1
1248 770 3
1249 770 1
1250 770 1
1327 770 1
267 771 1
268 771 1
772 771 1
267 772 1
268 772 1
771 772 1
387 773 1
537 773 2
910 773 1
390 774 1
22 775 1
388 775 1
494 775 3
630 775 1
898 775 1
958 775 1
959 775 1
960 775 1
1050 776 1
235 777 1
767 777 1
778 777 1
853 777 1
235 778 1
767 778 1
777 778 1
853 778 1
267 779 1
636 779 1
692 779 1
1409 779 1
566 780 1
306 781 2
313 781 2
380 781 2
761 781 1
762 781 1
782 781 1
845 781 1
846 781 2
847 781 1
996 781 1
306 782 1
313 782 1
380 782 1
761 782 1
762 782 1
781 782 1
846 782 1
996 782 1
536 783 1
540 783 1
636 783 1
751 783 1
336 784 1
1394 784 1
148 785 1
373 785 1
172 786 1
755 786 1
128 787 1
355 787 1
191 788 1
1031 788 1
1228 789 1
291 790 1
699 790 1
791 790 1
792 790 1
291 791 1
699 791 1
790 791 1
792 791 1
291 792 1
699 792 1
790 792 1
791 792 1
113 793 1
1201 793 1
700 794 1
751 794 1
810 794 1
343 795 1
484 795 1
597 795 1
660 795 1
796 795 1
795 796 1
140 797 1
179 797 1
303 797 1
347 797 1
447 797 1
214 798 1
806 798 1
671 799 1
1364 799 1
129 800 1
203 800 1
283 800 1
440 800 1
380 801 1
762 801 1
1146 801 1
144 802 1
380 802 2
171 803 1
225 803 1
331 803 1
377 804 2
769 804 1
815 804 1
161 805 1
168 805 1
1339 805 1
1340 805 1
1341 805 1
71 806 1
214 806 1
749 806 1
798 806 1
807 806 1
1276 806 1
71 807 1
749 807 1
806 807 1
1276 807 1
762 808 1
812 808 1
1146 808 1
1353 808 1
1415 808 1
172 809 2
753 809 2
700 810 1
751 810 1
794 810 1
468 811 1
1410 811 1
761 812 1
762 812 1
808 812 1
963 812 1
1146 812 1
1353 812 2
1415 812 1
510 813 1
512 813 1
178 814 1
377 815 1
804 815 1
536 816 2
552 816 1
657 816 1
1351 816 1
215 817 1
1151 817 1
819 818 1
818 819 1
682 820 1
961 820 1
1131 820 1
1304 820 1
1305 820 1
279 821 2
310 822 1
1246 823 1
1327 823 1
267 824 1
332 824 1
1321 824 1
243 825 2
1128 825 1
1129 825 1
1130 825 1
739 826 1
827 826 2
1354 826 2
1381 826 1
1382 826 1
739 827 1
826 827 2
1354 827 2
1381 827 1
1382 827 1
86 828 1
508 828 1
1362 828 1
1416 828 1
139 829 2
216 829 2
1322 829 2
1323 829 1
1345 829 1
380 830 1
457 830 1
1420 830 1
282 831 1
226 832 2
754 832 2
96 833 1
226 833 1
496 833 1
211 834 1
446 834 1
449 834 1
835 834 1
211 835 1
446 835 1
449 835 1
834 835 1
351 836 1
616 837 1
681 837 1
85 838 1
99 838 1
308 838 1
387 838 2
910 838 1
911 838 1
912 838 1
211 839 1
343 839 1
320 840 1
717 840 1
718 840 1
841 840 2
842 840 1
320 841 2
717 841 1
718 841 1
840 841 2
842 841 1
1033 841 1
320 842 1
840 842 1
841 842 1
349 843 2
695 843 1
167 844 1
344 844 1
306 845 1
313 845 1
380 845 1
781 845 1
846 845 1
847 845 1
306 846 2
313 846 2
380 846 2
761 846 1
762 846 1
781 846 2
782 846 1
845 846 1
847 846 1
996 846 1
306 847 1
313 847 1
380 847 1
781 847 1
845 847 1
846 847 1
849 848 1
848 849 1
967 849 2
968 849 2
969 849 1
986 849 1
305 850 1
851 850 1
852 850 1
305 851 1
850 851 1
852 851 1
305 852 1
850 852 1
851 852 1
235 853 1
767 853 1
777 853 1
778 853 1
355 854 1
342 855 1
244 856 1
857 856 1
858 856 1
244 857 1
856 857 1
858 857 1
244 858 1
856 858 1
857 858 1
271 859 1
425 859 1
860 859 1
861 859 1
862 859 1
863 859 1
864 859 1
865 859 1
866 859 1
867 859 1
868 859 1
869 859 1
271 860 1
425 860 1
859 860 1
861 860 1
862 860 1
863 860 1
864 860 1
865 860 1
866 860 1
867 860 1
868 860 1
869 860 1
271 861 1
425 861 1
859 861 1
860 861 1
862 861 1
863 861 1
864 861 1
865 861 1
866 861 1
867 861 1
868 861 1
869 861 1
271 862 1
425 862 1
859 862 1
860 862 1
861 862 1
863 862 1
864 862 1
865 862 1
866 862 1
867 862 1
868 862 1
869 862 1
271 863 1
425 863 1
859 863 1
860 863 1
861 863 1
862 863 1
864 863 1
865 863 1
866 863 1
867 863 1
868 863 1
869 863 1
271 864 1
425 864 1
859 864 1
860 864 1
861 864 1
862 864 1
863 864 1
865 864 1
866 864 1
867 864 1
868 864 1
869 864 1
271 865 1
425 865 1
859 865 1
860 865 1
861 865 1
862 865 1
863 865 1
864 865 1
866 865 1
867 865 1
868 865 1
869 865 1
271 866 1
425 866 1
859 866 1
860 866 1
861 866 1
862 866 1
863 866 1
864 866 1
865 866 1
867 866 1
868 866 1
869 866 1
271 867 1
425 867 1
859 867 1
860 867 1
861 867 1
862 867 1
863 867 1
864 867 1
865 867 1
866 867 1
868 867 1
869 867 1
271 868 1
425 868 1
859 868 1
860 868 1
861 868 1
862 868 1
863 868 1
864 868 1
865 868 1
866 868 1
867 868 1
869 868 1
271 869 1
425 869 1
859 869 1
860 869 1
861 869 1
862 869 1
863 869 1
864 869 1
865 869 1
866 869 1
867 869 1
868 869 1
718 870 1
719 870 1
871 870 1
872 870 1
873 870 1
718 871 1
719 871 1
870 871 1
872 871 1
873 871 1
718 872 1
719 872 1
870 872 1
871 872 1
873 872 1
718 873 1
719 873 1
870 873 1
871 873 1
872 873 1
479 874 1
576 874 1
597 875 1
169 876 1
877 876 1
169 877 1
876 877 1
603 878 1
879 878 1
603 879 1
878 879 1
26 880 1
46 880 1
93 880 1
272 880 1
881 880 1
882 880 1
26 881 1
46 881 1
93 881 1
272 881 1
880 881 1
882 881 1
26 882 1
46 882 1
93 882 1
272 882 1
880 882 1
881 882 1
63 883 1
653 883 1
677 884 1
304 885 1
371 885 1
45 886 1
124 886 1
163 886 1
184 886 1
402 886 1
629 886 1
887 886 1
888 886 1
889 886 1
45 887 1
124 887 1
163 887 1
184 887 1
402 887 1
629 887 1
886 887 1
888 887 1
889 887 1
45 888 1
124 888 1
163 888 1
184 888 1
402 888 1
629 888 1
730 888 1
731 888 1
886 888 1
887 888 1
889 888 1
1329 888 1
45 889 1
124 889 1
163 889 1
184 889 1
402 889 1
629 889 1
886 889 1
887 889 1
888 889 1
127 890 1
322 890 1
371 891 1
588 892 1
192 893 1
195 893 1
242 893 1
497 893 1
385 894 1
404 894 1
435 894 1
88 895 1
88 896 1
732 896 1
88 897 1
22 898 1
388 898 1
494 898 1
775 898 1
50 899 1
217 899 1
324 899 1
325 899 1
518 899 1
335 900 1
62 901 1
902 901 1
903 901 1
62 902 2
455 902 1
901 902 1
903 902 2
62 903 2
455 903 1
901 903 1
902 903 2
733 904 1
905 904 1
733 905 1
904 905 1
654 906 1
907 906 1
908 906 1
654 907 1
906 907 1
908 907 1
654 908 1
906 908 1
907 908 1
38 909 1
41 909 1
64 909 1
153 909 1
232 909 1
233 909 1
387 910 3
537 910 1
773 910 1
838 910 1
911 910 1
912 910 1
387 911 1
838 911 1
910 911 1
912 911 1
387 912 1
838 912 1
910 912 1
911 912 1
126 913 1
227 913 1
357 913 1
393 913 1
516 913 1
377 914 3
917 914 1
916 915 1
915 916 1
377 917 1
914 917 1
381 918 1
382 918 1
662 919 1
698 919 1
920 919 1
662 920 1
698 920 1
919 920 1
275 921 1
330 921 1
408 922 1
15 923 1
305 923 1
15 924 1
36 924 1
192 924 1
305 924 2
331 924 1
425 924 1
926 924 1
15 925 1
36 925 1
133 925 1
136 925 1
305 925 1
418 925 1
192 926 1
305 926 1
331 926 1
425 926 1
924 926 1
305 927 2
410 928 1
425 928 1
459 928 1
929 928 1
410 929 1
425 929 3
459 929 1
928 929 1
970 929 1
971 929 1
972 929 1
403 930 1
931 930 1
933 930 1
403 931 1
930 931 1
388 932 1
930 933 1
187 934 1
531 934 1
608 934 1
935 934 1
187 935 1
531 935 1
608 935 1
934 935 1
386 936 2
387 936 2
220 937 1
938 937 1
939 937 1
940 937 1
220 938 1
937 938 1
939 938 1
940 938 1
220 939 1
937 939 1
938 939 1
940 939 1
220 940 1
937 940 1
938 940 1
939 940 1
942 941 1
943 941 1
941 942 1
943 942 1
941 943 1
942 943 1
129 944 1
358 944 1
129 945 1
203 945 1
477 945 1
947 946 1
946 947 1
119 948 1
97 949 1
532 949 1
95 950 1
532 950 1
952 951 1
951 952 1
955 952 1
956 952 1
954 953 1
953 954 1
952 955 1
956 955 1
952 956 1
955 956 1
329 957 1
470 957 1
494 958 1
630 958 1
775 958 1
959 958 1
960 958 1
494 959 1
630 959 1
775 959 1
958 959 1
960 959 1
494 960 1
630 960 1
775 960 1
958 960 1
959 960 1
3 961 1
138 961 1
682 961 1
820 961 1
1131 961 1
1304 961 1
1305 961 1
544 962 1
812 963 1
617 964 1
724 964 1
965 964 1
617 965 1
724 965 1
964 965 1
680 966 1
691 966 1
849 967 2
968 967 1
969 967 1
849 968 2
967 968 1
849 969 1
967 969 1
425 970 1
929 970 1
971 970 1
972 970 1
425 971 2
929 971 1
970 971 1
972 971 1
425 972 1
929 972 1
970 972 1
971 972 1
32 973 1
315 973 1
747 973 1
974 973 1
975 973 1
976 973 1
1116 973 1
1117 973 1
32 974 1
315 974 1
973 974 1
975 974 1
976 974 1
32 975 1
315 975 1
973 975 1
974 975 1
976 975 1
32 976 1
315 976 1
973 976 1
974 976 1
975 976 1
531 977 1
134 978 1
200 979 1
208 979 1
209 979 1
664 980 1
6 981 2
79 982 1
531 983 1
608 983 1
619 983 1
984 983 1
985 983 1
176 984 1
531 984 1
608 984 1
619 984 1
983 984 1
985 984 1
1132 984 1
1133 984 1
1134 984 1
1135 984 1
1136 984 1
531 985 1
608 985 1
619 985 1
983 985 1
984 985 1
849 986 1
302 987 1
748 987 1
212 988 1
358 988 1
195 989 1
259 989 1
445 989 1
98 990 1
232 990 1
419 990 1
445 990 1
380 991 1
291 992 1
479 992 1
520 992 1
631 992 1
680 992 1
994 993 1
993 994 1
438 995 1
446 995 1
600 995 1
306 996 1
313 996 1
380 996 1
761 996 1
762 996 1
781 996 1
782 996 1
846 996 1
29 997 1
37 997 1
599 997 1
998 997 1
29 998 1
37 998 1
599 998 1
997 998 1
1000 999 1
999 1000 1
713 1001 1
1002 1001 1
713 1002 1
1001 1002 1
1004 1003 1
1005 1003 1
1006 1003 2
1003 1004 1
1005 1004 1
1006 1004 1
705 1005 1
1003 1005 1
1004 1005 1
1006 1005 2
91 1006 1
705 1006 1
1003 1006 2
1004 1006 1
1005 1006 2
415 1007 1
741 1007 1
65 1008 1
76 1008 1
77 1008 1
205 1008 2
453 1008 2
1009 1008 1
1038 1008 1
1054 1008 1
1055 1008 1
1222 1008 1
453 1009 1
1008 1009 1
53 1010 1
350 1010 1
501 1010 1
459 1011 1
212 1012 1
365 1013 1
432 1013 1
195 1014 1
211 1014 1
1016 1015 1
1017 1015 1
1015 1016 1
1017 1016 1
1015 1017 1
1016 1017 1
273 1018 1
1019 1018 1
273 1019 1
1018 1019 1
1021 1020 1
1020 1021 1
31 1022 1
133 1022 1
136 1022 1
418 1022 1
424 1022 1
462 1022 2
470 1022 2
586 1022 1
15 1023 2
167 1023 1
93 1024 1
201 1024 1
289 1025 2
1030 1025 1
1027 1026 1
1028 1026 1
1029 1026 1
1026 1027 1
1028 1027 1
1029 1027 1
1026 1028 1
1027 1028 1
1029 1028 1
1026 1029 1
1027 1029 1
1028 1029 1
289 1030 1
1025 1030 1
191 1031 1
788 1031 1
394 1032 1
561 1032 1
320 1033 1
841 1033 1
423 1034 1
430 1034 1
119 1035 1
561 1035 1
1037 1036 1
1036 1037 1
1008 1038 1
632 1039 1
437 1040 1
475 1040 2
1041 1040 1
1194 1040 1
1195 1040 1
437 1041 1
475 1041 1
1040 1041 1
437 1042 1
485 1042 1
210 1043 1
1044 1043 1
210 1044 1
1043 1044 1
380 1045 1
457 1045 1
1047 1046 1
1048 1046 1
1046 1047 1
1048 1047 1
1046 1048 1
1047 1048 1
279 1049 1
380 1049 1
776 1050 1
12 1051 1
335 1051 1
164 1052 2
275 1052 2
1053 1052 2
110 1053 1
164 1053 2
275 1053 2
724 1053 1
1052 1053 2
65 1054 1
205 1054 1
1008 1054 1
1055 1054 1
65 1055 1
205 1055 1
1008 1055 1
1054 1055 1
734 1056 1
1057 1056 1
734 1057 1
1056 1057 1
1059 1058 1
1058 1059 1
362 1060 1
1061 1060 1
362 1061 1
722 1061 1
1060 1061 1
1204 1061 1
189 1062 1
333 1062 1
501 1062 1
257 1063 1
523 1063 1
598 1063 1
678 1063 1
1064 1063 1
1065 1063 1
257 1064 1
523 1064 1
598 1064 1
678 1064 1
1063 1064 1
1065 1064 1
257 1065 1
523 1065 1
598 1065 1
678 1065 1
1063 1065 1
1064 1065 1
210 1066 1
556 1067 1
734 1068 1
1163 1069 1
178 1070 1
20 1071 1
244 1071 1
715 1071 1
1073 1072 1
1074 1072 1
1075 1072 1
1076 1072 1
1077 1072 1
1078 1072 1
1072 1073 1
1074 1073 1
1075 1073 1
1076 1073 1
1077 1073 1
1078 1073 1
1072 1074 1
1073 1074 1
1075 1074 1
1076 1074 1
1077 1074 1
1078 1074 1
1072 1075 1
1073 1075 1
1074 1075 1
1076 1075 1
1077 1075 1
1078 1075 1
1072 1076 1
1073 1076 1
1074 1076 1
1075 1076 1
1077 1076 1
1078 1076 1
1072 1077 1
1073 1077 1
1074 1077 1
1075 1077 1
1076 1077 1
1078 1077 1
1072 1078 1
1073 1078 1
1074 1078 1
1075 1078 1
1076 1078 1
1077 1078 1
1080 1079 1
1079 1080 1
1082 1081 1
1081 1082 1
58 1083 1
515 1083 1
591 1083 1
437 1084 1
476 1084 1
491 1084 2
497 1084 2
677 1085 1
483 1086 1
271 1087 1
1088 1087 1
271 1088 1
1087 1088 1
128 1089 1
1090 1089 1
128 1090 1
1089 1090 1
186 1091 1
358 1092 1
766 1093 1
432 1094 1
1095 1094 1
1096 1094 1
432 1095 1
1094 1095 1
1096 1095 1
432 1096 1
1094 1096 1
1095 1096 1
237 1097 1
1099 1098 1
1098 1099 1
1101 1100 1
1102 1100 1
1100 1101 1
1102 1101 1
1100 1102 1
1101 1102 1
108 1103 1
655 1103 1
1105 1104 1
1106 1104 1
1104 1105 1
1106 1105 1
1104 1106 1
1105 1106 1
15 1107 2
24 1107 2
112 1107 2
173 1107 2
185 1107 2
186 1107 2
305 1107 2
628 1107 2
674 1107 2
1108 1107 2
15 1108 2
24 1108 2
112 1108 2
173 1108 2
185 1108 2
186 1108 2
305 1108 2
628 1108 2
674 1108 2
1107 1108 2
503 1109 1
449 1110 3
590 1111 1
475 1112 2
1114 1113 1
1113 1114 1
29 1115 1
150 1115 1
747 1116 1
973 1116 1
1117 1116 1
747 1117 1
973 1117 1
1116 1117 1
734 1118 1
504 1119 1
1121 1120 1
1120 1121 1
151 1122 1
1123 1122 1
151 1123 1
1122 1123 1
1125 1124 1
1124 1125 1
1127 1126 1
1126 1127 1
825 1128 1
1129 1128 1
1130 1128 1
825 1129 1
1128 1129 1
1130 1129 1
825 1130 1
1128 1130 1
1129 1130 1
14 1131 1
502 1131 1
682 1131 1
820 1131 1
961 1131 1
1304 1131 1
1305 1131 1
176 1132 1
984 1132 1
1133 1132 1
1134 1132 1
1135 1132 1
1136 1132 1
176 1133 1
984 1133 1
1132 1133 1
1134 1133 1
1135 1133 1
1136 1133 1
176 1134 1
984 1134 1
1132 1134 1
1133 1134 1
1135 1134 1
1136 1134 1
176 1135 1
984 1135 1
1132 1135 1
1133 1135 1
1134 1135 1
1136 1135 1
176 1136 1
984 1136 1
1132 1136 1
1133 1136 1
1134 1136 1
1135 1136 1
1138 1137 1
1139 1137 1
1140 1137 1
1137 1138 1
1139 1138 1
1140 1138 1
1137 1139 1
1138 1139 1
1140 1139 1
1137 1140 1
1138 1140 1
1139 1140 1
476 1141 1
494 1141 1
537 1141 1
1143 1142 1
1142 1143 1
1237 1144 1
1238 1144 1
1239 1144 1
551 1145 1
380 1146 1
762 1146 3
801 1146 1
808 1146 1
812 1146 1
1344 1146 1
1353 1146 1
1415 1146 1
490 1147 1
1148 1147 1
490 1148 2
1147 1148 1
279 1149 1
1150 1149 1
279 1150 1
1149 1150 1
215 1151 1
817 1151 1
1153 1152 1
1154 1152 1
1152 1153 1
1154 1153 1
1152 1154 1
1153 1154 1
550 1155 1
706 1155 1
708 1155 1
17 1156 1
238 1156 1
1157 1156 1
17 1157 1
238 1157 1
1156 1157 1
353 1158 1
1159 1158 1
1160 1158 1
353 1159 2
1158 1159 1
1160 1159 1
1233 1159 1
1234 1159 1
353 1160 1
1158 1160 1
1159 1160 1
489 1161 2
1162 1161 1
489 1162 1
1161 1162 1
1069 1163 1
1165 1164 1
1166 1164 1
1164 1165 1
1166 1165 1
1164 1166 1
1165 1166 1
1168 1167 1
1169 1167 1
1170 1167 1
1171 1167 1
1167 1168 1
1169 1168 1
1170 1168 1
1171 1168 1
1167 1169 1
1168 1169 1
1170 1169 1
1171 1169 1
1167 1170 1
1168 1170 1
1169 1170 1
1171 1170 1
1167 1171 1
1168 1171 1
1169 1171 1
1170 1171 1
1173 1172 1
1172 1173 1
394 1174 1
1176 1175 1
1175 1176 1
291 1177 1
665 1177 1
680 1177 1
319 1178 1
645 1178 1
1179 1178 1
1180 1178 1
1181 1178 1
1182 1178 1
319 1179 1
645 1179 1
1178 1179 1
1180 1179 1
1181 1179 1
1182 1179 1
319 1180 1
645 1180 1
1178 1180 1
1179 1180 1
1181 1180 1
1182 1180 1
319 1181 1
645 1181 1
1178 1181 1
1179 1181 1
1180 1181 1
1182 1181 1
319 1182 1
645 1182 1
1178 1182 1
1179 1182 1
1180 1182 1
1181 1182 1
144 1183 1
473 1183 1
198 1184 1
202 1184 1
1186 1185 1
1185 1186 1
1188 1187 1
23 1188 2
1187 1188 1
1203 1188 2
254 1189 1
615 1189 1
531 1190 1
1191 1190 1
531 1191 1
1190 1191 1
111 1192 1
618 1192 1
644 1193 2
475 1194 1
1040 1194 1
1195 1194 1
475 1195 1
1040 1195 1
1194 1195 1
475 1196 1
171 1197 1
248 1197 1
331 1197 1
488 1198 2
1200 1199 1
1199 1200 1
113 1201 1
793 1201 1
604 1202 1
23 1203 2
101 1203 1
157 1203 1
1188 1203 2
1207 1203 1
1208 1203 1
1209 1203 1
1210 1203 1
1211 1203 1
722 1204 1
1061 1204 1
67 1205 2
337 1205 2
1206 1205 2
67 1206 4
120 1206 1
337 1206 2
1205 1206 2
101 1207 1
157 1207 1
1203 1207 1
1208 1207 1
1209 1207 1
1210 1207 1
1211 1207 1
101 1208 1
157 1208 1
1203 1208 1
1207 1208 1
1209 1208 1
1210 1208 1
1211 1208 1
101 1209 1
157 1209 1
1203 1209 1
1207 1209 1
1208 1209 1
1210 1209 1
1211 1209 1
101 1210 1
157 1210 1
1203 1210 1
1207 1210 1
1208 1210 1
1209 1210 1
1211 1210 1
101 1211 1
157 1211 1
1203 1211 1
1207 1211 1
1208 1211 1
1209 1211 1
1210 1211 1
206 1212 2
121 1213 1
728 1214 1
745 1215 1
1217 1216 1
1218 1216 1
1216 1217 1
1218 1217 1
1216 1218 1
1217 1218 1
30 1219 1
1220 1219 2
1227 1219 1
30 1220 1
98 1220 1
1219 1220 2
1226 1220 1
1227 1220 2
1255 1220 1
1256 1220 1
667 1221 1
76 1222 1
1008 1222 1
1224 1223 1
1223 1224 1
471 1225 1
98 1226 1
1220 1226 1
1227 1226 1
30 1227 1
98 1227 1
1219 1227 1
1220 1227 2
1226 1227 1
789 1228 1
2 1229 1
5 1229 1
247 1229 1
452 1229 1
489 1229 1
613 1229 1
616 1229 1
144 1230 1
249 1230 1
156 1231 1
1232 1231 1
156 1232 1
1231 1232 1
353 1233 1
1159 1233 1
1234 1233 1
353 1234 1
1159 1234 1
1233 1234 1
1236 1235 1
1235 1236 1
1144 1237 1
1238 1237 1
1239 1237 1
1144 1238 1
1237 1238 1
1239 1238 1
1144 1239 1
1237 1239 1
1238 1239 1
115 1240 1
743 1240 1
152 1241 1
1242 1241 1
152 1242 1
1241 1242 1
770 1243 1
1244 1243 1
1245 1243 1
1246 1243 1
1247 1243 1
1248 1243 1
770 1244 1
1243 1244 1
1245 1244 1
1246 1244 1
1247 1244 1
1248 1244 1
770 1245 1
1243 1245 1
1244 1245 1
1246 1245 2
1247 1245 1
1248 1245 2
1327 1245 1
1357 1245 1
770 1246 3
823 1246 1
1243 1246 1
1244 1246 1
1245 1246 2
1247 1246 1
1248 1246 4
1249 1246 1
1250 1246 1
1327 1246 3
1357 1246 1
770 1247 1
1243 1247 1
1244 1247 1
1245 1247 1
1246 1247 1
1248 1247 1
770 1248 3
1243 1248 1
1244 1248 1
1245 1248 2
1246 1248 4
1247 1248 1
1249 1248 1
1250 1248 1
1327 1248 2
1357 1248 1
770 1249 1
1246 1249 1
1248 1249 1
1250 1249 2
1327 1249 1
770 1250 1
1246 1250 1
1248 1250 1
1249 1250 2
1327 1250 1
611 1251 1
752 1251 1
87 1252 1
1253 1252 1
87 1253 1
1252 1253 1
353 1254 2
1366 1254 1
1367 1254 1
1220 1255 1
1256 1255 1
1220 1256 1
1255 1256 1
593 1257 1
1258 1257 1
593 1258 1
1257 1258 1
437 1259 1
696 1259 1
1260 1259 1
437 1260 1
696 1260 1
1259 1260 1
1262 1261 1
1263 1261 1
1264 1261 2
1396 1261 1
1261 1262 1
1263 1262 1
1264 1262 1
1261 1263 1
1262 1263 1
1264 1263 1
1261 1264 2
1262 1264 1
1263 1264 1
1396 1264 1
1266 1265 1
1267 1265 1
1268 1265 1
1265 1266 1
1267 1266 1
1268 1266 1
1265 1267 1
1266 1267 1
1268 1267 1
1265 1268 1
1266 1268 1
1267 1268 1
646 1269 1
1270 1269 1
1271 1269 1
1272 1269 1
646 1270 1
1269 1270 1
1271 1270 1
1272 1270 1
646 1271 1
1269 1271 1
1270 1271 1
1272 1271 1
646 1272 1
1269 1272 1
1270 1272 1
1271 1272 1
154 1273 1
1274 1273 1
154 1274 1
1273 1274 1
671 1275 1
71 1276 1
749 1276 1
806 1276 1
807 1276 1
727 1277 1
43 1278 1
75 1278 1
716 1278 1
1280 1279 1
1281 1279 1
1282 1279 1
1279 1280 1
1281 1280 1
1282 1280 1
1279 1281 1
1280 1281 1
1282 1281 1
1279 1282 1
1280 1282 1
1281 1282 1
181 1283 1
646 1283 1
1284 1283 1
1285 1283 1
1286 1283 1
1287 1283 1
1380 1283 1
181 1284 1
646 1284 1
1283 1284 1
1285 1284 1
1286 1284 1
1287 1284 1
181 1285 1
646 1285 1
1283 1285 1
1284 1285 1
1286 1285 1
1287 1285 1
181 1286 1
646 1286 1
1283 1286 1
1284 1286 1
1285 1286 1
1287 1286 1
181 1287 1
646 1287 1
1283 1287 1
1284 1287 1
1285 1287 1
1286 1287 1
297 1288 1
624 1288 1
450 1289 1
1290 1289 1
450 1290 1
1289 1290 1
394 1291 1
564 1292 1
1294 1293 1
1293 1294 1
739 1295 2
1296 1295 2
739 1296 2
1295 1296 2
317 1297 1
1298 1297 1
1299 1297 1
1300 1297 1
1301 1297 1
1302 1297 1
1303 1297 1
317 1298 1
1297 1298 1
1299 1298 1
1300 1298 1
1301 1298 1
1302 1298 1
1303 1298 1
317 1299 1
1297 1299 1
1298 1299 1
1300 1299 1
1301 1299 1
1302 1299 1
1303 1299 1
317 1300 1
1297 1300 1
1298 1300 1
1299 1300 1
1301 1300 1
1302 1300 1
1303 1300 1
317 1301 1
1297 1301 1
1298 1301 1
1299 1301 1
1300 1301 1
1302 1301 1
1303 1301 1
317 1302 1
1297 1302 1
1298 1302 1
1299 1302 1
1300 1302 1
1301 1302 1
1303 1302 1
317 1303 1
1297 1303 1
1298 1303 1
1299 1303 1
1300 1303 1
1301 1303 1
1302 1303 1
682 1304 1
820 1304 1
961 1304 1
1131 1304 1
1305 1304 1
682 1305 1
820 1305 1
961 1305 1
1131 1305 1
1304 1305 1
53 1306 1
635 1306 1
714 1306 1
1307 1306 1
53 1307 1
635 1307 1
714 1307 1
1306 1307 1
736 1308 1
1309 1308 1
736 1309 1
1308 1309 1
342 1310 1
1311 1310 1
342 1311 1
1310 1311 1
1313 1312 1
1314 1312 1
1312 1313 1
1314 1313 1
1312 1314 1
1313 1314 1
349 1315 1
1316 1315 1
1317 1315 1
349 1316 1
1315 1316 1
1317 1316 1
349 1317 1
1315 1317 1
1316 1317 1
282 1318 1
1319 1318 1
1320 1318 1
282 1319 1
1318 1319 1
1320 1319 1
282 1320 1
1318 1320 1
1319 1320 1
267 1321 2
332 1321 1
824 1321 1
139 1322 4
216 1322 4
829 1322 2
1323 1322 3
1324 1322 2
1345 1322 2
1346 1322 1
139 1323 3
216 1323 3
829 1323 1
1322 1323 3
1324 1323 2
1345 1323 2
1346 1323 1
139 1324 2
216 1324 2
1322 1324 2
1323 1324 2
1345 1324 1
1346 1324 1
145 1325 1
554 1325 1
764 1325 1
1326 1325 1
145 1326 1
554 1326 1
764 1326 1
1325 1326 1
770 1327 1
823 1327 1
1245 1327 1
1246 1327 3
1248 1327 2
1249 1327 1
1250 1327 1
1357 1327 1
94 1328 1
270 1328 1
271 1328 1
295 1328 1
635 1328 1
730 1329 1
731 1329 1
888 1329 1
607 1330 1
1331 1330 1
607 1331 1
1330 1331 1
102 1332 1
149 1332 1
310 1332 1
1334 1333 1
1333 1334 1
15 1335 3
305 1335 3
162 1336 1
289 1336 1
605 1336 1
15 1337 1
24 1337 1
173 1337 1
468 1337 1
628 1337 1
1338 1337 1
15 1338 1
24 1338 1
173 1338 1
468 1338 1
628 1338 1
1337 1338 1
161 1339 1
168 1339 1
805 1339 1
1340 1339 1
1341 1339 1
161 1340 1
168 1340 1
805 1340 1
1339 1340 1
1341 1340 1
161 1341 1
168 1341 1
805 1341 1
1339 1341 1
1340 1341 1
425 1342 1
487 1343 1
762 1344 1
1146 1344 1
139 1345 2
216 1345 2
829 1345 1
1322 1345 2
1323 1345 2
1324 1345 1
1346 1345 1
139 1346 1
216 1346 1
1322 1346 1
1323 1346 1
1324 1346 1
1345 1346 1
425 1347 1
459 1347 1
1348 1347 1
425 1348 1
459 1348 1
1347 1348 1
725 1349 2
751 1349 2
512 1350 1
536 1351 1
657 1351 1
816 1351 1
272 1352 1
662 1352 1
663 1352 1
670 1352 1
761 1353 1
762 1353 1
808 1353 1
812 1353 2
1146 1353 1
1415 1353 1
739 1354 1
826 1354 2
827 1354 2
1381 1354 1
1382 1354 1
475 1355 2
1356 1355 2
475 1356 2
1355 1356 2
1245 1357 1
1246 1357 1
1248 1357 1
1327 1357 1
387 1358 1
688 1358 1
15 1359 1
305 1359 1
578 1359 1
437 1360 1
513 1361 1
545 1361 1
711 1361 1
86 1362 1
508 1362 1
828 1362 1
742 1363 1
671 1364 1
799 1364 1
568 1365 1
643 1365 1
353 1366 1
1254 1366 1
1367 1366 1
353 1367 1
1254 1367 1
1366 1367 1
406 1368 1
425 1368 1
459 1368 1
635 1368 1
104 1369 1
762 1369 1
1370 1369 1
1371 1369 1
104 1370 1
762 1370 1
1369 1370 1
1371 1370 1
104 1371 1
762 1371 1
1369 1371 1
1370 1371 1
138 1372 1
623 1372 1
1373 1372 1
138 1373 1
623 1373 1
1372 1373 1
530 1374 1
533 1374 1
1375 1374 1
1376 1374 1
1377 1374 1
1378 1374 1
1379 1374 1
530 1375 1
533 1375 1
1374 1375 1
1376 1375 1
1377 1375 1
1378 1375 1
1379 1375 1
530 1376 1
533 1376 1
1374 1376 1
1375 1376 1
1377 1376 1
1378 1376 1
1379 1376 1
530 1377 1
533 1377 1
1374 1377 1
1375 1377 1
1376 1377 1
1378 1377 1
1379 1377 1
530 1378 1
533 1378 1
1374 1378 1
1375 1378 1
1376 1378 1
1377 1378 1
1379 1378 1
530 1379 1
533 1379 1
1374 1379 1
1375 1379 1
1376 1379 1
1377 1379 1
1378 1379 1
1283 1380 1
826 1381 1
827 1381 1
1354 1381 1
1382 1381 1
826 1382 1
827 1382 1
1354 1382 1
1381 1382 1
1384 1383 1
1383 1384 1
757 1385 1
1386 1385 1
1387 1385 1
1388 1385 1
757 1386 1
1385 1386 1
1387 1386 1
1388 1386 1
757 1387 1
1385 1387 1
1386 1387 1
1388 1387 1
757 1388 1
1385 1388 1
1386 1388 1
1387 1388 1
267 1389 1
621 1389 1
636 1389 1
291 1390 1
691 1390 1
1391 1390 1
1392 1390 1
1393 1390 1
291 1391 1
691 1391 1
1390 1391 1
1392 1391 1
1393 1391 1
291 1392 1
691 1392 1
1390 1392 1
1391 1392 1
1393 1392 1
291 1393 1
691 1393 1
1390 1393 1
1391 1393 1
1392 1393 1
336 1394 1
784 1394 1
155 1395 1
712 1395 1
739 1395 1
1261 1396 1
1264 1396 1
476 1397 1
690 1397 1
711 1397 1
425 1398 1
740 1398 1
425 1399 1
61 1400 1
1401 1400 1
61 1401 1
1400 1401 1
385 1402 1
386 1402 1
404 1402 1
305 1403 1
1405 1404 1
1406 1404 1
1407 1404 1
1408 1404 1
1404 1405 1
1406 1405 1
1407 1405 1
1408 1405 1
1404 1406 1
1405 1406 1
1407 1406 1
1408 1406 1
1404 1407 1
1405 1407 1
1406 1407 1
1408 1407 1
1404 1408 1
1405 1408 1
1406 1408 1
1407 1408 1
267 1409 1
636 1409 1
692 1409 1
779 1409 1
468 1410 1
811 1410 1
67 1411 1
276 1412 1
625 1412 1
138 1413 1
647 1413 1
1414 1413 1
138 1414 1
647 1414 1
1413 1414 1
380 1415 1
762 1415 1
808 1415 1
812 1415 1
1146 1415 1
1353 1415 1
828 1416 1
145 1417 1
146 1417 1
1418 1417 1
145 1418 1
146 1418 1
1417 1418 1
642 1419 1
380 1420 1
457 1420 1
830 1420 1
437 1421 1
1422 1421 1
437 1422 1
1421 1422 1
