117 1 1
22 2 1
145 2 1
7 3 1
484 3 1
46 4 1
136 5 1
266 5 1
346 5 1
12 6 1
96 6 5
119 6 1
556 6 1
558 6 4
820 6 1
954 6 3
991 6 1
1060 6 2
1137 6 2
1148 6 1
3 7 1
146 8 1
114 9 1
154 9 1
18 10 1
125 10 1
149 11 1
584 11 2
6 12 1
96 12 1
119 12 1
820 12 1
17 13 1
195 13 1
497 13 1
801 13 1
84 14 1
441 15 1
489 15 1
525 15 1
18 16 1
57 16 2
13 17 1
10 18 1
16 18 1
57 18 1
125 18 1
385 18 2
570 18 1
589 18 1
620 18 1
861 18 1
863 18 1
884 18 1
169 19 1
235 19 1
45 20 2
53 20 1
84 20 1
85 20 2
155 20 1
159 20 2
160 20 2
161 20 1
162 20 1
72 21 1
657 21 1
2 22 1
331 23 1
445 23 1
184 24 1
237 24 1
348 24 1
31 25 1
46 25 1
341 26 1
459 26 1
180 27 2
182 27 1
183 27 1
226 27 6
227 27 1
354 27 1
411 27 1
482 27 2
519 27 1
536 27 1
538 27 1
592 27 2
601 27 1
614 27 1
634 27 1
34 28 1
38 29 1
88 29 1
89 29 1
214 29 1
789 29 2
47 30 1
25 31 1
155 32 1
621 32 1
140 33 1
265 33 1
28 34 1
837 35 1
37 36 1
858 36 1
36 37 1
858 37 1
29 38 1
39 38 1
170 38 1
172 38 1
173 38 1
174 38 1
789 38 1
822 38 1
38 39 1
172 39 1
174 39 1
80 40 2
209 40 1
1048 40 1
1096 40 1
392 41 1
564 41 1
136 42 2
142 42 2
81 43 1
958 44 2
20 45 2
4 46 1
25 46 1
176 46 2
202 46 1
212 46 1
413 46 1
552 46 1
1153 46 1
30 47 1
389 47 1
396 47 1
1146 47 1
1147 47 1
180 48 1
183 48 1
50 49 1
51 49 1
49 50 1
51 50 1
49 51 1
50 51 1
177 52 2
454 52 1
455 52 1
1105 52 1
20 53 1
155 53 1
280 54 1
374 54 1
127 55 1
281 55 1
453 55 2
120 56 1
133 56 1
134 56 1
161 56 1
328 56 1
407 56 1
564 56 1
578 56 1
774 56 1
782 56 1
1124 56 1
16 57 2
18 57 1
170 58 1
173 58 1
433 58 1
472 58 1
301 59 1
394 59 1
431 59 1
1152 59 1
1160 59 1
487 60 1
67 61 1
475 62 1
68 63 1
83 63 1
348 63 1
1109 63 1
243 64 2
275 64 2
400 64 1
401 64 1
443 64 1
444 64 1
464 64 1
470 64 2
471 64 6
485 64 1
495 64 1
496 64 1
507 64 2
666 64 1
781 64 1
833 64 1
857 64 1
901 64 1
968 64 3
974 64 1
1043 64 2
1080 64 1
1016 65 2
255 66 1
256 66 1
61 67 1
77 67 1
112 67 1
239 67 1
316 67 1
746 67 1
859 67 1
931 67 1
63 68 1
1109 68 1
75 69 1
76 69 1
309 70 1
952 71 1
21 72 1
657 72 1
287 73 1
502 73 1
646 73 1
836 73 1
1079 73 1
86 74 3
1058 74 2
69 75 1
76 75 1
69 76 1
75 76 1
67 77 1
576 77 1
165 78 1
138 79 1
40 80 2
209 80 1
43 81 1
792 82 1
793 82 3
63 83 1
348 83 1
14 84 1
20 84 1
85 84 1
159 84 1
160 84 1
161 84 2
162 84 1
20 85 2
84 85 1
93 85 1
134 85 1
159 85 1
160 85 2
161 85 2
162 85 1
234 85 1
298 85 1
356 85 1
649 85 1
74 86 3
312 86 1
1058 86 2
1075 87 2
1076 87 1
1077 87 1
1078 87 1
29 88 1
213 88 1
214 88 1
789 88 2
1097 88 1
29 89 1
497 90 1
679 91 1
97 92 1
388 92 1
85 93 1
134 93 1
161 93 1
234 93 1
298 93 1
356 93 1
649 93 1
1130 94 1
1142 94 1
106 95 1
524 95 1
6 96 5
12 96 1
113 96 1
119 96 1
157 96 3
182 96 1
391 96 2
447 96 1
539 96 1
550 96 2
558 96 5
616 96 3
665 96 1
677 96 1
701 96 1
820 96 2
851 96 1
954 96 3
1059 96 2
1089 96 1
92 97 1
388 97 1
980 98 1
726 99 1
331 100 1
445 100 1
446 100 1
539 101 1
1085 101 1
1107 101 1
1108 101 1
318 102 1
589 102 1
618 102 1
923 102 1
1053 102 1
1054 102 1
1055 102 1
315 103 1
751 104 1
885 105 1
886 105 1
887 105 1
95 106 1
524 106 1
924 107 1
925 107 1
926 107 1
436 108 1
437 108 1
672 109 1
111 110 1
110 111 1
67 112 1
461 112 1
469 112 1
96 113 1
157 113 1
616 113 1
701 113 1
9 114 1
154 114 1
839 115 1
145 116 2
229 116 1
292 116 1
1 117 1
846 118 1
6 119 1
12 119 1
96 119 1
820 119 1
56 120 1
133 120 1
323 121 1
1145 121 1
204 122 1
592 122 1
371 123 1
379 123 1
380 123 1
422 123 1
133 124 1
134 124 2
155 124 1
234 124 1
1099 124 1
10 125 1
18 125 1
625 126 1
1027 126 1
1028 126 1
55 127 1
453 127 1
972 128 1
973 128 1
1088 128 1
136 129 1
212 130 1
428 130 1
132 131 2
199 131 1
131 132 2
199 132 1
56 133 1
120 133 1
124 133 1
134 133 1
161 133 1
404 133 1
405 133 1
486 133 1
491 133 1
56 134 1
85 134 1
93 134 1
124 134 2
133 134 1
161 134 1
234 134 1
244 134 1
271 134 1
298 134 1
356 134 1
578 134 1
649 134 1
744 134 1
745 134 1
1099 134 1
136 135 1
798 135 1
5 136 1
42 136 2
129 136 1
135 136 1
142 136 2
266 136 1
798 136 1
180 137 2
79 138 1
273 138 1
423 138 1
442 138 1
825 138 1
217 139 1
33 140 1
150 140 2
167 141 1
303 141 1
339 141 2
862 141 1
42 142 2
136 142 2
230 142 1
168 143 1
496 143 1
359 144 1
412 144 1
1143 144 1
2 145 1
116 145 2
288 145 1
292 145 1
1119 145 1
8 146 1
147 146 2
288 146 1
146 147 2
671 148 1
11 149 1
584 149 1
140 150 2
622 151 1
194 152 1
606 152 1
876 152 1
573 153 1
9 154 1
114 154 1
20 155 1
32 155 1
53 155 1
124 155 1
234 155 1
621 155 1
627 155 1
283 156 1
289 156 1
608 156 1
96 157 3
113 157 1
616 157 3
701 157 2
334 158 1
419 158 1
512 158 1
20 159 2
84 159 1
85 159 1
160 159 1
161 159 1
162 159 1
20 160 2
84 160 1
85 160 2
159 160 1
161 160 1
162 160 1
20 161 1
56 161 1
84 161 2
85 161 2
93 161 1
133 161 1
134 161 1
159 161 1
160 161 1
162 161 1
207 161 1
234 161 5
298 161 1
356 161 1
467 161 3
486 161 1
491 161 1
507 161 3
539 161 1
540 161 2
564 161 1
632 161 1
649 161 7
661 161 1
670 161 1
674 161 6
752 161 2
753 161 3
774 161 1
782 161 1
820 161 1
829 161 1
850 161 1
930 161 1
1103 161 2
20 162 1
84 162 1
85 162 1
159 162 1
160 162 1
161 162 1
628 163 1
523 164 1
78 165 1
220 166 1
230 166 1
345 166 1
369 166 1
698 166 3
1128 166 1
141 167 1
303 167 1
862 167 1
143 168 1
496 168 1
19 169 1
235 169 1
38 170 1
58 170 1
171 170 1
173 170 3
278 170 1
410 170 1
822 170 1
170 171 1
278 171 1
410 171 1
38 172 1
39 172 1
174 172 4
293 172 1
365 172 1
408 172 1
1158 172 1
38 173 1
58 173 1
170 173 3
822 173 1
38 174 1
39 174 1
172 174 4
293 174 1
365 174 1
408 174 1
1158 174 1
600 175 1
871 175 1
46 176 2
413 176 2
52 177 2
454 177 4
455 177 3
1105 177 1
179 178 3
335 178 1
582 178 1
594 178 2
595 178 2
596 178 1
178 179 3
335 179 1
560 179 1
582 179 1
594 179 2
595 179 2
596 179 1
787 179 1
27 180 2
48 180 1
137 180 2
182 180 2
183 180 2
185 180 1
205 180 1
226 180 1
307 180 1
378 180 1
634 180 1
665 180 1
1004 180 1
277 181 1
27 182 1
96 182 1
180 182 2
183 182 1
507 182 1
634 182 1
662 182 1
820 182 1
954 182 1
27 183 1
48 183 1
180 183 2
182 183 1
341 183 2
343 183 1
634 183 1
1120 183 1
1159 183 1
24 184 1
237 184 4
348 184 1
357 184 1
617 184 1
902 184 1
180 185 1
187 186 1
186 187 1
384 187 1
203 188 1
402 188 2
757 188 1
192 189 1
213 189 1
382 189 1
391 189 5
860 189 1
191 190 1
190 191 1
189 192 1
304 192 6
391 192 1
284 193 1
152 194 1
414 194 1
588 194 1
606 194 1
876 194 2
1038 194 1
13 195 1
479 196 1
574 196 1
1062 197 1
580 198 1
736 198 1
131 199 1
132 199 1
362 200 1
386 200 1
393 200 1
391 201 1
481 201 1
46 202 1
1153 202 1
188 203 1
402 203 1
122 204 1
219 204 1
338 204 1
592 204 1
611 204 1
645 204 1
1000 204 1
1001 204 1
180 205 1
206 205 1
539 205 2
542 205 1
638 205 1
733 205 1
781 205 1
1090 205 1
205 206 1
161 207 1
234 207 1
507 207 1
670 207 1
528 208 1
40 209 1
80 209 1
428 209 1
639 210 1
675 210 1
383 211 1
46 212 1
130 212 1
213 212 1
336 212 1
428 212 1
810 212 1
88 213 1
189 213 1
212 213 1
295 213 1
336 213 1
382 213 1
391 213 1
633 213 1
810 213 1
953 213 3
29 214 1
88 214 1
789 214 1
626 215 1
1013 215 1
506 216 1
139 217 1
1023 218 1
204 219 1
645 219 1
166 220 1
369 220 1
1128 220 1
222 221 1
221 222 1
513 222 1
934 222 1
996 223 1
353 224 1
488 224 1
500 224 1
529 224 1
732 224 1
665 225 1
820 225 1
27 226 6
180 226 1
227 226 1
354 226 1
411 226 1
482 226 2
509 226 1
519 226 1
536 226 1
538 226 1
592 226 2
614 226 1
1029 226 3
27 227 1
226 227 1
519 227 1
262 228 1
294 228 1
295 228 1
116 229 1
142 230 1
166 230 1
300 230 2
698 230 1
232 231 1
231 232 1
234 233 1
85 234 1
93 234 1
124 234 1
134 234 1
155 234 1
161 234 5
207 234 1
233 234 1
298 234 1
356 234 1
499 234 1
507 234 1
539 234 1
540 234 2
632 234 1
649 234 4
752 234 1
753 234 1
820 234 1
829 234 1
19 235 1
169 235 1
308 236 2
24 237 1
184 237 4
348 237 1
357 237 1
399 237 1
902 237 1
1104 237 1
875 238 1
67 239 1
316 239 1
859 239 1
591 240 1
888 241 1
287 242 1
375 242 2
438 242 1
644 242 1
800 242 1
64 243 2
275 243 3
400 243 2
401 243 1
470 243 3
714 243 3
833 243 1
1084 243 1
1150 243 1
134 244 1
794 245 1
795 245 1
247 246 2
248 246 2
249 246 1
250 246 1
366 246 1
367 246 1
246 247 2
248 247 3
249 247 2
250 247 1
259 247 1
366 247 1
367 247 1
246 248 2
247 248 3
249 248 5
250 248 1
259 248 2
366 248 1
367 248 1
416 248 1
246 249 1
247 249 2
248 249 5
250 249 1
259 249 2
366 249 1
367 249 1
416 249 1
246 250 1
247 250 1
248 250 1
249 250 1
366 250 1
367 250 1
351 251 1
602 251 1
950 251 1
1036 251 1
484 252 1
254 253 1
253 254 1
66 255 1
256 255 1
66 256 1
255 256 1
258 257 1
259 257 1
257 258 1
259 258 1
247 259 1
248 259 2
249 259 2
257 259 1
258 259 1
473 259 1
856 259 1
261 260 1
260 261 1
228 262 1
294 262 2
295 262 2
358 262 1
360 262 6
361 262 2
448 262 3
457 262 1
557 262 1
881 262 1
1014 262 1
1111 262 2
1112 262 2
1135 262 1
265 263 1
435 263 2
495 263 1
607 263 2
824 263 1
265 264 1
33 265 1
263 265 1
264 265 1
539 265 1
5 266 1
136 266 1
493 267 2
311 268 1
349 268 1
658 268 2
659 268 2
939 268 1
1068 268 1
324 269 2
615 269 1
722 269 1
932 269 2
933 269 1
344 270 1
721 270 1
722 270 1
723 270 1
134 271 1
744 271 1
745 271 1
290 272 1
138 273 1
296 274 1
297 274 1
563 274 1
936 274 1
64 275 2
243 275 3
691 275 1
714 275 3
827 275 1
999 275 1
1043 275 3
1141 275 3
1161 275 1
462 276 1
181 277 1
170 278 1
171 278 1
410 278 1
391 279 1
397 279 1
682 279 1
54 280 1
374 280 1
55 281 1
453 281 1
929 282 1
156 283 1
289 283 1
608 283 1
193 284 1
286 285 1
837 285 1
285 286 1
73 287 1
242 287 1
836 287 1
145 288 1
146 288 1
1119 288 1
156 289 1
283 289 1
608 289 1
272 290 1
506 291 1
116 292 1
145 292 1
368 292 1
1156 292 1
172 293 1
174 293 1
300 293 1
408 293 1
832 293 1
228 294 1
262 294 2
295 294 5
329 294 1
395 294 1
403 294 1
457 294 1
1014 294 1
213 295 1
228 295 1
262 295 2
294 295 5
329 295 1
403 295 1
440 295 1
457 295 1
1014 295 1
1138 295 1
274 296 1
297 296 1
274 297 1
296 297 1
85 298 1
93 298 1
134 298 1
161 298 1
234 298 1
356 298 1
649 298 1
373 299 1
230 300 2
293 300 1
319 300 2
333 300 1
364 300 1
372 300 1
820 300 1
834 300 1
59 301 1
394 301 1
431 301 1
796 302 1
797 302 1
818 302 1
941 302 1
942 302 1
943 302 1
944 302 1
945 302 1
946 302 1
947 302 1
948 302 1
949 302 1
950 302 1
951 302 1
141 303 1
167 303 1
862 303 1
192 304 6
355 304 1
317 305 1
376 305 1
613 305 1
451 306 1
180 307 1
671 307 1
676 307 1
236 308 2
1037 308 1
70 309 1
570 309 1
553 310 1
268 311 1
349 311 1
658 311 1
659 311 1
1068 311 1
86 312 1
313 312 1
312 313 1
546 314 1
565 314 1
103 315 1
67 316 1
239 316 1
355 316 1
449 316 1
859 316 1
305 317 1
376 317 1
613 317 1
102 318 1
589 318 1
618 318 1
923 318 1
1053 318 1
1054 318 1
1055 318 1
300 319 2
364 319 1
703 320 1
740 321 1
928 321 1
826 322 1
121 323 1
406 323 1
1145 323 1
269 324 2
615 324 1
932 324 2
933 324 1
409 325 1
480 326 1
489 326 2
499 326 1
500 326 2
640 326 1
764 326 1
816 326 1
817 326 1
818 326 1
819 326 1
938 326 1
1065 327 1
56 328 1
407 328 1
1124 328 1
294 329 1
295 329 1
970 330 1
23 331 1
100 331 1
445 331 3
446 331 1
682 331 1
333 332 1
300 333 1
332 333 1
158 334 1
419 334 1
512 334 1
178 335 1
179 335 1
594 335 1
212 336 1
213 336 1
810 336 1
483 337 1
204 338 1
384 338 2
567 338 1
141 339 2
577 340 1
590 340 1
963 340 1
26 341 1
183 341 2
342 341 2
343 341 3
426 341 1
427 341 1
459 341 1
460 341 1
516 341 1
562 341 2
823 341 1
1017 341 1
1159 341 1
341 342 2
343 342 1
516 342 1
562 342 1
183 343 1
341 343 3
342 343 1
270 344 1
721 344 1
722 344 1
166 345 1
698 345 1
5 346 1
835 347 1
24 348 1
63 348 1
83 348 1
184 348 1
237 348 1
268 349 1
311 349 1
478 349 1
504 349 1
505 349 1
507 349 1
508 349 1
566 349 1
593 349 1
648 349 1
658 349 1
659 349 1
916 349 1
1068 349 1
1035 350 1
251 351 1
602 351 1
950 351 1
1036 351 1
987 352 1
224 353 1
27 354 1
226 354 1
411 354 1
536 354 1
304 355 1
316 355 1
85 356 1
93 356 1
134 356 1
161 356 1
234 356 1
298 356 1
649 356 1
184 357 1
237 357 1
262 358 1
881 358 1
144 359 1
1143 359 1
262 360 6
361 360 2
448 360 2
557 360 1
1111 360 2
1112 360 2
1135 360 1
262 361 2
360 361 2
448 361 1
1111 361 2
1112 361 1
200 362 1
386 362 1
393 362 1
833 363 1
300 364 1
319 364 1
172 365 1
174 365 1
1158 365 1
246 366 1
247 366 1
248 366 1
249 366 1
250 366 1
367 366 1
246 367 1
247 367 1
248 367 1
249 367 1
250 367 1
366 367 1
292 368 1
1156 368 1
166 369 1
220 369 1
1128 369 1
452 370 1
1106 370 1
123 371 1
379 371 1
380 371 1
422 371 1
300 372 1
299 373 1
54 374 1
280 374 1
242 375 2
438 375 1
305 376 1
317 376 1
613 376 1
456 377 1
180 378 1
579 378 1
911 378 1
123 379 1
371 379 1
380 379 1
422 379 1
123 380 1
371 380 1
379 380 1
422 380 1
809 381 1
189 382 1
213 382 1
391 382 1
211 383 1
187 384 1
338 384 2
511 384 1
517 384 1
18 385 2
620 385 1
200 386 1
362 386 1
393 386 1
563 387 1
92 388 1
97 388 1
47 389 1
396 389 1
1146 389 1
1147 389 1
652 390 6
1020 390 3
96 391 2
189 391 5
192 391 1
201 391 1
213 391 1
279 391 1
382 391 1
397 391 7
398 391 2
481 391 1
483 391 1
539 391 1
550 391 8
568 391 1
592 391 1
604 391 1
682 391 5
780 391 1
860 391 1
1008 391 1
1024 391 1
1025 391 1
1026 391 1
1083 391 1
1162 391 1
41 392 1
564 392 1
200 393 1
362 393 1
386 393 1
59 394 1
301 394 1
431 394 1
294 395 1
47 396 1
389 396 1
1146 396 1
1147 396 1
279 397 1
391 397 7
398 397 2
483 397 1
682 397 5
780 397 1
1008 397 2
1009 397 1
1126 397 1
1129 397 1
391 398 2
397 398 2
237 399 1
64 400 1
243 400 2
401 400 1
470 400 1
1150 400 1
64 401 1
243 401 1
400 401 1
470 401 1
188 402 2
203 402 1
757 402 1
294 403 1
295 403 1
133 404 1
405 404 1
133 405 1
404 405 1
323 406 1
56 407 1
328 407 1
1124 407 1
172 408 1
174 408 1
293 408 1
325 409 1
170 410 1
171 410 1
278 410 1
27 411 1
226 411 1
354 411 1
536 411 1
144 412 1
46 413 1
176 413 2
534 413 2
194 414 1
588 414 1
876 414 1
1038 414 1
775 415 1
776 415 1
248 416 1
249 416 1
1110 417 1
907 418 1
908 418 1
909 418 1
910 418 1
158 419 1
334 419 1
512 419 1
559 419 1
490 420 1
656 421 1
123 422 1
371 422 1
379 422 1
380 422 1
138 423 1
444 423 1
1139 423 1
456 424 1
452 425 1
967 425 1
341 426 1
427 426 1
341 427 1
426 427 1
1114 427 1
1115 427 1
130 428 1
209 428 1
212 428 1
514 428 1
619 429 1
554 430 1
59 431 1
301 431 1
394 431 1
530 432 1
58 433 1
472 433 1
457 434 2
458 434 2
783 434 1
263 435 2
495 435 1
108 436 1
437 436 2
976 436 1
108 437 1
436 437 2
976 437 1
242 438 1
375 438 1
836 439 1
854 439 3
900 439 1
961 439 1
295 440 1
1138 440 1
15 441 1
489 441 1
525 441 1
138 442 1
825 442 1
64 443 1
471 443 1
974 443 1
64 444 1
423 444 1
864 444 2
866 444 1
867 444 1
971 444 1
23 445 1
100 445 1
331 445 3
446 445 1
100 446 1
331 446 1
445 446 1
96 447 1
665 447 1
820 447 1
262 448 3
360 448 2
361 448 1
557 448 1
1111 448 1
1112 448 1
1135 448 1
316 449 1
891 450 1
892 450 1
306 451 1
370 452 1
425 452 1
967 452 1
1106 452 1
55 453 2
127 453 1
281 453 1
52 454 1
177 454 4
455 454 2
52 455 1
177 455 3
454 455 2
1105 455 1
377 456 1
424 456 1
262 457 1
294 457 1
295 457 1
434 457 2
458 457 3
783 457 1
1014 457 1
434 458 2
457 458 3
783 458 1
26 459 1
341 459 1
341 460 1
516 460 2
112 461 1
469 461 1
276 462 1
630 463 1
64 464 1
470 464 1
496 465 1
878 466 1
161 467 3
507 467 3
541 467 1
930 467 1
469 468 1
572 468 1
610 468 1
112 469 1
461 469 1
468 469 1
572 469 1
610 469 1
64 470 2
243 470 3
400 470 1
401 470 1
464 470 1
1084 470 1
64 471 6
443 471 1
507 471 1
666 471 1
781 471 1
820 471 1
857 471 2
901 471 2
968 471 2
974 471 1
1021 471 2
1066 471 1
1067 471 1
58 472 1
433 472 1
259 473 1
856 473 1
493 474 1
799 474 1
62 475 1
739 476 1
729 477 1
349 478 1
566 478 1
196 479 1
574 479 1
326 480 1
640 480 1
201 481 1
391 481 1
27 482 2
226 482 2
592 482 1
614 482 1
337 483 1
391 483 1
397 483 1
682 483 1
3 484 1
252 484 1
64 485 1
495 485 1
505 485 1
507 485 2
133 486 1
161 486 1
491 486 1
60 487 1
224 488 1
529 488 1
15 489 1
326 489 2
441 489 1
499 489 2
515 489 1
525 489 1
683 489 1
764 489 2
955 489 1
956 489 1
957 489 1
1086 489 2
1087 489 2
420 490 1
133 491 1
161 491 1
486 491 1
635 492 1
636 492 1
267 493 2
474 493 1
799 493 1
765 494 1
64 495 1
263 495 1
435 495 1
485 495 1
507 495 1
64 496 1
143 496 1
168 496 1
465 496 1
968 496 1
13 497 1
90 497 1
801 497 2
802 497 1
812 498 2
824 498 1
840 498 1
893 498 1
234 499 1
326 499 1
489 499 2
507 499 1
764 499 1
1086 499 1
1087 499 1
224 500 1
326 500 2
532 500 1
550 500 1
633 500 1
690 500 1
1101 501 1
1102 501 1
73 502 1
855 503 1
349 504 1
505 504 1
811 504 1
349 505 1
485 505 1
504 505 1
507 505 1
216 506 1
291 506 1
64 507 2
161 507 3
182 507 1
207 507 1
234 507 1
349 507 1
467 507 3
471 507 1
485 507 2
495 507 1
499 507 1
505 507 1
541 507 1
670 507 1
820 507 1
857 507 1
349 508 1
226 509 1
538 509 1
664 510 1
1052 510 1
384 511 1
158 512 1
334 512 1
419 512 1
222 513 1
934 513 1
428 514 1
489 515 1
522 515 2
955 515 1
956 515 1
957 515 4
1086 515 1
1118 515 2
1154 515 1
1155 515 1
341 516 1
342 516 1
460 516 2
551 516 1
562 516 1
685 516 1
384 517 1
653 518 1
654 518 1
27 519 1
226 519 1
227 519 1
1034 520 1
1022 521 1
515 522 2
957 522 3
1086 522 1
1118 522 2
1154 522 1
1155 522 1
164 523 1
95 524 1
106 524 1
15 525 1
441 525 1
489 525 1
780 526 1
852 527 1
853 527 1
208 528 1
224 529 1
488 529 1
738 529 1
432 530 1
633 531 1
813 531 1
500 532 1
690 532 1
741 533 1
769 533 1
962 533 1
413 534 2
1002 535 2
1003 535 1
27 536 1
226 536 1
354 536 1
411 536 1
597 537 1
27 538 1
226 538 1
509 538 1
601 538 1
96 539 1
101 539 1
161 539 1
205 539 2
234 539 1
265 539 1
391 539 1
540 539 7
541 539 1
542 539 6
550 539 1
669 539 3
673 539 2
684 539 3
706 539 1
790 539 9
791 539 1
814 539 1
815 539 1
879 539 1
880 539 1
979 539 3
990 539 1
1085 539 2
1090 539 1
1107 539 1
1108 539 1
1121 539 1
1123 539 2
1125 539 1
161 540 2
234 540 2
539 540 7
541 540 1
542 540 2
649 540 1
684 540 3
706 540 1
790 540 2
979 540 1
990 540 1
467 541 1
507 541 1
539 541 1
540 541 1
542 541 1
205 542 1
539 542 6
540 542 2
541 542 1
790 542 1
979 542 3
1085 542 1
544 543 1
678 543 1
543 544 1
569 544 2
678 544 1
784 544 3
1157 544 1
643 545 1
314 546 1
565 546 1
922 546 1
548 547 2
549 547 2
550 547 2
1100 547 1
547 548 2
549 548 2
550 548 2
1100 548 1
547 549 2
548 549 2
550 549 2
1100 549 1
96 550 2
391 550 8
500 550 1
539 550 1
547 550 2
548 550 2
549 550 2
568 550 1
592 550 3
604 550 1
1024 550 1
1025 550 1
1083 550 1
1100 550 1
516 551 1
710 551 1
711 551 1
46 552 1
310 553 1
430 554 1
927 555 1
975 555 1
6 556 1
991 556 1
262 557 1
360 557 1
448 557 1
1135 557 1
6 558 4
96 558 5
954 558 2
419 559 1
179 560 1
561 560 1
607 560 1
786 560 2
787 560 1
788 560 1
560 561 1
702 561 1
712 561 1
341 562 2
342 562 1
516 562 1
823 562 1
274 563 1
387 563 1
935 563 1
936 563 3
937 563 1
41 564 1
56 564 1
161 564 1
392 564 1
782 564 1
314 565 1
546 565 1
349 566 1
478 566 1
338 567 1
391 568 1
550 568 1
592 568 1
544 569 2
784 569 2
18 570 1
309 570 1
863 570 1
616 571 1
468 572 1
469 572 1
610 572 1
153 573 1
196 574 1
479 574 1
806 574 1
599 575 1
828 575 1
77 576 1
340 577 1
590 577 1
963 577 1
56 578 1
134 578 1
605 578 1
918 578 1
1061 578 1
378 579 1
911 579 1
198 580 1
736 580 1
1074 580 1
821 581 1
178 582 1
179 582 1
594 582 1
595 582 1
596 582 1
868 583 2
11 584 2
149 584 1
586 585 1
588 585 1
589 585 1
894 585 1
585 586 1
588 586 1
589 586 1
894 586 1
1033 587 1
194 588 1
414 588 1
585 588 1
586 588 1
589 588 1
876 588 1
894 588 1
1038 588 1
18 589 1
102 589 1
318 589 1
585 589 1
586 589 1
588 589 1
606 589 2
618 589 1
807 589 1
808 589 1
876 589 1
877 589 1
884 589 1
894 589 1
917 589 1
923 589 1
1053 589 1
1054 589 1
1055 589 1
340 590 1
577 590 1
963 590 1
240 591 1
27 592 2
122 592 1
204 592 1
226 592 2
391 592 1
482 592 1
550 592 3
568 592 1
614 592 1
349 593 1
178 594 2
179 594 2
335 594 1
582 594 1
595 594 1
596 594 1
178 595 2
179 595 2
582 595 1
594 595 1
596 595 1
178 596 1
179 596 1
582 596 1
594 596 1
595 596 1
537 597 1
773 598 1
849 598 1
850 598 1
865 598 1
575 599 1
828 599 1
175 600 1
871 600 1
27 601 1
538 601 1
251 602 1
351 602 1
950 602 1
1036 602 1
612 603 1
391 604 1
550 604 1
1024 604 1
578 605 1
152 606 1
194 606 1
589 606 2
876 606 2
877 606 1
263 607 2
560 607 1
699 607 1
786 607 1
156 608 1
283 608 1
289 608 1
909 609 1
910 609 1
989 609 1
468 610 1
469 610 1
572 610 1
204 611 1
603 612 1
655 612 1
305 613 1
317 613 1
376 613 1
27 614 1
226 614 1
482 614 1
592 614 1
269 615 1
324 615 1
932 615 1
933 615 1
96 616 3
113 616 1
157 616 3
571 616 1
701 616 1
184 617 1
102 618 1
318 618 1
589 618 1
923 618 1
1053 618 1
1054 618 1
1055 618 1
429 619 1
18 620 1
385 620 1
32 621 1
155 621 1
151 622 1
624 623 1
623 624 1
126 625 1
1027 625 1
1028 625 1
215 626 1
1013 626 1
155 627 1
163 628 1
1091 629 1
463 630 1
707 631 1
708 631 1
709 631 1
777 631 2
889 631 1
890 631 1
161 632 1
234 632 1
649 632 1
752 632 1
753 632 1
213 633 1
500 633 1
531 633 1
813 633 1
838 633 1
1098 633 1
27 634 1
180 634 1
182 634 1
183 634 1
492 635 1
636 635 2
492 636 1
635 636 2
663 636 1
685 637 2
205 638 1
733 638 1
210 639 1
675 639 2
690 639 1
326 640 1
480 640 1
762 640 1
763 640 1
764 640 1
647 641 1
1030 642 1
545 643 1
242 644 1
800 644 1
204 645 1
219 645 1
73 646 1
641 647 1
349 648 1
85 649 1
93 649 1
134 649 1
161 649 7
234 649 4
298 649 1
356 649 1
540 649 1
632 649 1
665 649 1
674 649 2
752 649 2
753 649 3
820 649 2
829 649 1
770 650 1
772 650 1
1136 650 1
770 651 2
771 651 1
772 651 2
1144 651 1
390 652 6
1020 652 3
518 653 1
654 653 1
518 654 1
653 654 1
612 655 1
421 656 1
21 657 1
72 657 1
268 658 2
311 658 1
349 658 1
659 658 2
939 658 1
1068 658 1
268 659 2
311 659 1
349 659 1
658 659 2
939 659 1
1068 659 1
1131 660 1
1132 660 1
161 661 1
665 661 1
674 661 1
182 662 1
636 663 1
510 664 1
1052 664 1
96 665 1
180 665 1
225 665 1
447 665 1
649 665 1
661 665 1
820 665 7
1073 665 3
1103 665 1
1113 665 1
1149 665 1
64 666 1
471 666 1
968 666 1
668 667 1
964 667 1
965 667 1
966 667 1
667 668 1
966 668 1
539 669 3
161 670 1
207 670 1
507 670 1
671 670 1
679 670 1
148 671 1
307 671 1
670 671 1
676 671 1
679 671 3
681 671 1
940 671 1
109 672 1
539 673 2
790 673 2
814 673 1
815 673 1
161 674 6
649 674 2
661 674 1
753 674 1
774 674 1
1103 674 2
210 675 1
639 675 2
690 675 1
307 676 1
671 676 1
96 677 1
543 678 1
544 678 1
91 679 1
670 679 1
671 679 3
940 679 1
969 680 1
995 680 2
671 681 1
279 682 1
331 682 1
391 682 5
397 682 5
483 682 1
780 682 1
1008 682 1
489 683 1
764 683 1
539 684 3
540 684 3
706 684 1
516 685 1
637 685 2
687 686 2
688 686 2
689 686 2
693 686 1
694 686 1
695 686 1
686 687 2
688 687 2
689 687 2
686 688 2
687 688 2
689 688 3
686 689 2
687 689 2
688 689 3
500 690 1
532 690 1
639 690 1
675 690 1
275 691 1
766 692 1
767 692 1
768 692 1
686 693 1
694 693 1
686 694 1
693 694 1
686 695 1
730 695 1
731 695 1
697 696 1
696 697 1
737 697 1
166 698 3
230 698 1
345 698 1
607 699 1
700 699 2
699 700 2
96 701 1
113 701 1
157 701 2
616 701 1
561 702 1
320 703 1
705 704 1
704 705 1
539 706 1
540 706 1
684 706 1
631 707 1
708 707 1
709 707 1
631 708 1
707 708 1
709 708 1
631 709 1
707 709 1
708 709 1
551 710 1
711 710 1
551 711 1
710 711 1
561 712 1
715 713 1
243 714 3
275 714 3
713 715 1
717 716 1
716 717 1
719 718 1
720 718 1
718 719 1
720 719 1
718 720 1
719 720 1
270 721 1
344 721 1
722 721 1
269 722 1
270 722 1
344 722 1
721 722 1
270 723 1
725 724 1
726 724 1
724 725 1
726 725 1
99 726 1
724 726 1
725 726 1
785 726 1
841 726 1
845 726 1
869 726 1
870 726 1
959 726 1
1140 726 1
728 727 1
727 728 1
477 729 1
695 730 1
731 730 1
695 731 1
730 731 1
224 732 1
205 733 1
638 733 1
735 734 1
734 735 1
198 736 1
580 736 1
697 737 1
529 738 1
476 739 1
321 740 1
533 741 1
743 742 1
742 743 1
134 744 1
271 744 1
745 744 1
134 745 1
271 745 1
744 745 1
67 746 1
748 747 1
749 747 1
750 747 1
747 748 1
749 748 1
750 748 2
747 749 1
748 749 1
750 749 1
747 750 1
748 750 2
749 750 1
104 751 1
161 752 2
234 752 1
632 752 1
649 752 2
753 752 2
161 753 3
234 753 1
632 753 1
649 753 3
674 753 1
752 753 2
755 754 3
756 754 3
758 754 1
759 754 1
760 754 1
761 754 1
754 755 3
756 755 3
758 755 1
759 755 1
754 756 3
755 756 3
758 756 1
759 756 1
188 757 1
402 757 1
754 758 1
755 758 1
756 758 1
759 758 1
754 759 1
755 759 1
756 759 1
758 759 1
754 760 1
761 760 1
754 761 1
760 761 1
640 762 1
763 762 1
640 763 1
762 763 1
326 764 1
489 764 2
499 764 1
640 764 1
683 764 1
494 765 1
692 766 1
767 766 1
768 766 1
984 766 1
692 767 1
766 767 1
768 767 1
692 768 1
766 768 1
767 768 1
533 769 1
650 770 1
651 770 2
771 770 1
772 770 3
1136 770 1
1144 770 1
651 771 1
770 771 1
772 771 1
650 772 1
651 772 2
770 772 3
771 772 1
1116 772 1
1136 772 1
1144 772 1
598 773 1
849 773 1
850 773 1
56 774 1
161 774 1
674 774 1
415 775 1
776 775 1
415 776 1
775 776 1
631 777 2
779 778 1
778 779 1
391 780 1
397 780 1
526 780 1
682 780 1
64 781 1
205 781 1
471 781 1
56 782 1
161 782 1
564 782 1
434 783 1
457 783 1
458 783 1
544 784 3
569 784 2
1157 784 1
726 785 1
560 786 2
607 786 1
179 787 1
560 787 1
560 788 1
29 789 2
38 789 1
88 789 2
214 789 1
1097 789 1
539 790 9
540 790 2
542 790 1
673 790 2
791 790 1
814 790 1
815 790 1
979 790 1
990 790 1
1123 790 2
1125 790 1
539 791 1
790 791 1
82 792 1
793 792 1
82 793 3
792 793 1
245 794 1
795 794 1
245 795 1
794 795 1
302 796 1
797 796 1
302 797 1
796 797 1
135 798 1
136 798 1
474 799 1
493 799 1
242 800 1
644 800 1
13 801 1
497 801 2
802 801 1
497 802 1
801 802 1
804 803 1
805 803 1
803 804 1
805 804 1
803 805 1
804 805 1
574 806 1
589 807 1
808 807 1
589 808 1
807 808 1
381 809 1
212 810 1
213 810 1
336 810 1
504 811 1
498 812 2
531 813 1
633 813 1
539 814 1
673 814 1
790 814 1
815 814 1
539 815 1
673 815 1
790 815 1
814 815 1
326 816 1
817 816 1
818 816 1
819 816 1
326 817 1
816 817 1
818 817 1
819 817 1
302 818 1
326 818 1
816 818 1
817 818 1
819 818 1
941 818 1
942 818 1
943 818 1
944 818 1
945 818 1
946 818 1
947 818 1
948 818 1
949 818 1
950 818 1
951 818 1
326 819 1
816 819 1
817 819 1
818 819 1
6 820 1
12 820 1
96 820 2
119 820 1
161 820 1
182 820 1
225 820 1
234 820 1
300 820 1
447 820 1
471 820 1
507 820 1
649 820 2
665 820 7
829 820 1
830 820 3
831 820 1
901 820 1
988 820 1
1073 820 3
1103 820 1
1113 820 1
581 821 1
38 822 1
170 822 1
173 822 1
341 823 1
562 823 1
263 824 1
498 824 1
840 824 1
138 825 1
442 825 1
1122 825 1
322 826 1
275 827 1
575 828 1
599 828 1
161 829 1
234 829 1
649 829 1
820 829 1
820 830 3
831 830 1
820 831 1
830 831 1
293 832 1
64 833 1
243 833 1
363 833 1
300 834 1
347 835 1
73 836 1
287 836 1
439 836 1
854 836 1
35 837 1
285 837 1
633 838 1
115 839 1
498 840 1
824 840 1
726 841 1
842 841 1
843 841 1
844 841 1
845 841 1
841 842 1
843 842 1
844 842 1
841 843 1
842 843 1
844 843 1
841 844 1
842 844 1
843 844 1
726 845 1
841 845 1
118 846 1
848 847 1
847 848 1
598 849 1
773 849 1
850 849 1
161 850 1
598 850 1
773 850 1
849 850 1
96 851 1
954 851 1
1089 851 2
527 852 1
853 852 1
527 853 1
852 853 1
439 854 3
836 854 1
503 855 1
259 856 1
473 856 1
64 857 1
471 857 2
507 857 1
36 858 1
37 858 1
67 859 1
239 859 1
316 859 1
189 860 1
391 860 1
18 861 1
141 862 1
167 862 1
303 862 1
18 863 1
570 863 1
444 864 2
866 864 1
598 865 1
444 866 1
864 866 1
444 867 1
583 868 2
726 869 1
870 869 1
726 870 1
869 870 1
175 871 1
600 871 1
873 872 1
874 872 1
872 873 1
874 873 1
872 874 1
873 874 1
238 875 1
152 876 1
194 876 2
414 876 1
588 876 1
589 876 1
606 876 2
877 876 1
1038 876 1
589 877 1
606 877 1
876 877 1
466 878 1
539 879 1
539 880 1
262 881 1
358 881 1
883 882 1
882 883 1
18 884 1
589 884 1
105 885 1
886 885 1
105 886 1
885 886 1
105 887 1
241 888 1
631 889 1
890 889 1
631 890 1
889 890 1
450 891 1
892 891 1
450 892 1
891 892 1
498 893 1
585 894 1
586 894 1
588 894 1
589 894 1
895 894 1
894 895 1
897 896 1
898 896 1
899 896 1
896 897 1
898 897 1
899 897 1
896 898 1
897 898 1
899 898 1
896 899 1
897 899 1
898 899 1
439 900 1
64 901 1
471 901 2
820 901 1
968 901 1
184 902 1
237 902 1
904 903 1
905 903 1
906 903 1
903 904 1
905 904 1
906 904 1
903 905 1
904 905 1
906 905 1
903 906 1
904 906 1
905 906 1
418 907 1
908 907 1
909 907 1
910 907 1
418 908 1
907 908 1
909 908 1
910 908 1
418 909 1
609 909 1
907 909 1
908 909 1
910 909 2
989 909 1
418 910 1
609 910 1
907 910 1
908 910 1
909 910 2
989 910 1
378 911 1
579 911 1
913 912 2
912 913 2
915 914 1
914 915 1
349 916 1
589 917 1
578 918 1
919 918 1
918 919 1
921 920 1
920 921 1
546 922 1
102 923 1
318 923 1
589 923 1
618 923 1
1053 923 1
1054 923 1
1055 923 1
107 924 1
925 924 1
926 924 1
107 925 1
924 925 1
926 925 1
107 926 1
924 926 1
925 926 1
555 927 1
321 928 1
282 929 1
161 930 1
467 930 1
67 931 1
269 932 2
324 932 2
615 932 1
933 932 1
269 933 1
324 933 1
615 933 1
932 933 1
222 934 1
513 934 1
563 935 1
274 936 1
563 936 3
563 937 1
326 938 1
268 939 1
658 939 1
659 939 1
671 940 1
679 940 1
302 941 1
818 941 1
942 941 1
943 941 1
944 941 1
945 941 1
946 941 1
947 941 1
948 941 1
949 941 1
950 941 1
951 941 1
302 942 1
818 942 1
941 942 1
943 942 1
944 942 1
945 942 1
946 942 1
947 942 1
948 942 1
949 942 1
950 942 1
951 942 1
302 943 1
818 943 1
941 943 1
942 943 1
944 943 1
945 943 1
946 943 1
947 943 1
948 943 1
949 943 1
950 943 1
951 943 1
302 944 1
818 944 1
941 944 1
942 944 1
943 944 1
945 944 1
946 944 1
947 944 1
948 944 1
949 944 1
950 944 1
951 944 1
302 945 1
818 945 1
941 945 1
942 945 1
943 945 1
944 945 1
946 945 1
947 945 1
948 945 1
949 945 1
950 945 1
951 945 1
302 946 1
818 946 1
941 946 1
942 946 1
943 946 1
944 946 1
945 946 1
947 946 1
948 946 1
949 946 1
950 946 1
951 946 1
302 947 1
818 947 1
941 947 1
942 947 1
943 947 1
944 947 1
945 947 1
946 947 1
948 947 1
949 947 1
950 947 1
951 947 1
302 948 1
818 948 1
941 948 1
942 948 1
943 948 1
944 948 1
945 948 1
946 948 1
947 948 1
949 948 1
950 948 1
951 948 1
302 949 1
818 949 1
941 949 1
942 949 1
943 949 1
944 949 1
945 949 1
946 949 1
947 949 1
948 949 1
950 949 1
951 949 1
251 950 1
302 950 1
351 950 1
602 950 1
818 950 1
941 950 1
942 950 1
943 950 1
944 950 1
945 950 1
946 950 1
947 950 1
948 950 1
949 950 1
951 950 1
1036 950 1
302 951 1
818 951 1
941 951 1
942 951 1
943 951 1
944 951 1
945 951 1
946 951 1
947 951 1
948 951 1
949 951 1
950 951 1
71 952 1
213 953 3
6 954 3
96 954 3
182 954 1
558 954 2
851 954 1
1060 954 2
1089 954 1
489 955 1
515 955 1
956 955 1
957 955 1
1151 955 1
489 956 1
515 956 1
955 956 1
957 956 1
489 957 1
515 957 4
522 957 3
955 957 1
956 957 1
1086 957 1
1118 957 2
1154 957 1
1155 957 1
44 958 2
726 959 1
960 959 1
1140 959 1
959 960 1
439 961 1
533 962 1
1007 962 1
340 963 1
577 963 1
590 963 1
667 964 1
965 964 1
667 965 1
964 965 1
667 966 1
668 966 1
425 967 1
452 967 1
64 968 3
471 968 2
496 968 1
666 968 1
901 968 1
680 969 1
330 970 1
444 971 1
128 972 1
973 972 1
128 973 1
972 973 1
64 974 1
443 974 1
471 974 1
555 975 1
436 976 1
437 976 1
978 977 1
977 978 1
539 979 3
540 979 1
542 979 3
790 979 1
1085 979 1
98 980 1
982 981 1
983 981 1
981 982 1
983 982 1
981 983 1
982 983 1
766 984 1
986 985 1
985 986 1
352 987 1
820 988 1
609 989 1
909 989 1
910 989 1
539 990 1
540 990 1
790 990 1
6 991 1
556 991 1
992 991 1
991 992 1
994 993 1
993 994 1
680 995 2
1081 995 1
1082 995 1
223 996 1
998 997 1
997 998 1
275 999 1
204 1000 1
1001 1000 1
1005 1000 1
1006 1000 1
204 1001 1
1000 1001 1
535 1002 2
1003 1002 1
535 1003 1
1002 1003 1
180 1004 1
1000 1005 1
1006 1005 1
1000 1006 1
1005 1006 1
962 1007 1
391 1008 1
397 1008 2
682 1008 1
1009 1008 1
397 1009 1
1008 1009 1
1011 1010 1
1012 1010 1
1010 1011 1
1012 1011 1
1010 1012 1
1011 1012 1
215 1013 1
626 1013 1
262 1014 1
294 1014 1
295 1014 1
457 1014 1
1016 1015 1
65 1016 2
1015 1016 1
1049 1016 1
341 1017 1
1019 1018 1
1018 1019 1
390 1020 3
652 1020 3
471 1021 2
521 1022 1
218 1023 1
391 1024 1
550 1024 1
604 1024 1
391 1025 1
550 1025 1
391 1026 1
126 1027 1
625 1027 1
1028 1027 1
126 1028 1
625 1028 1
1027 1028 1
226 1029 3
642 1030 1
1032 1031 1
1031 1032 1
587 1033 1
520 1034 1
350 1035 1
251 1036 1
351 1036 1
602 1036 1
950 1036 1
308 1037 1
194 1038 1
414 1038 1
588 1038 1
876 1038 1
1040 1039 1
1041 1039 1
1042 1039 1
1039 1040 1
1041 1040 1
1042 1040 1
1039 1041 1
1040 1041 1
1042 1041 1
1039 1042 1
1040 1042 1
1041 1042 1
64 1043 2
275 1043 3
1045 1044 1
1046 1044 1
1047 1044 1
1044 1045 1
1046 1045 1
1047 1045 1
1044 1046 1
1045 1046 1
1047 1046 1
1044 1047 1
1045 1047 1
1046 1047 1
40 1048 1
1016 1049 1
1051 1050 1
1050 1051 1
510 1052 1
664 1052 1
102 1053 1
318 1053 1
589 1053 1
618 1053 1
923 1053 1
1054 1053 1
1055 1053 1
102 1054 1
318 1054 1
589 1054 1
618 1054 1
923 1054 1
1053 1054 1
1055 1054 1
102 1055 1
318 1055 1
589 1055 1
618 1055 1
923 1055 1
1053 1055 1
1054 1055 1
1057 1056 1
1056 1057 1
74 1058 2
86 1058 2
96 1059 2
6 1060 2
954 1060 2
578 1061 1
197 1062 1
1064 1063 1
1063 1064 1
327 1065 1
471 1066 1
1067 1066 1
471 1067 1
1066 1067 1
268 1068 1
311 1068 1
349 1068 1
658 1068 1
659 1068 1
1070 1069 1
1071 1069 1
1072 1069 1
1069 1070 1
1071 1070 1
1072 1070 1
1069 1071 1
1070 1071 1
1072 1071 1
1069 1072 1
1070 1072 1
1071 1072 1
665 1073 3
820 1073 3
1113 1073 1
580 1074 1
87 1075 2
1076 1075 1
1077 1075 1
87 1076 1
1075 1076 1
1077 1076 1
87 1077 1
1075 1077 1
1076 1077 1
87 1078 1
73 1079 1
64 1080 1
1127 1080 1
995 1081 1
1082 1081 1
995 1082 1
1081 1082 1
391 1083 1
550 1083 1
243 1084 1
470 1084 1
101 1085 1
539 1085 2
542 1085 1
979 1085 1
1107 1085 1
1108 1085 1
489 1086 2
499 1086 1
515 1086 1
522 1086 1
957 1086 1
1087 1086 2
1118 1086 1
1154 1086 1
1155 1086 1
489 1087 2
499 1087 1
1086 1087 2
128 1088 1
96 1089 1
851 1089 2
954 1089 1
205 1090 1
539 1090 1
629 1091 1
1093 1092 1
1094 1092 1
1095 1092 1
1092 1093 1
1094 1093 1
1095 1093 1
1092 1094 1
1093 1094 1
1095 1094 1
1092 1095 1
1093 1095 1
1094 1095 1
40 1096 1
88 1097 1
789 1097 1
633 1098 1
124 1099 1
134 1099 1
547 1100 1
548 1100 1
549 1100 1
550 1100 1
501 1101 1
1102 1101 1
501 1102 1
1101 1102 1
161 1103 2
665 1103 1
674 1103 2
820 1103 1
237 1104 1
52 1105 1
177 1105 1
455 1105 1
370 1106 1
452 1106 1
101 1107 1
539 1107 1
1085 1107 1
1108 1107 1
101 1108 1
539 1108 1
1085 1108 1
1107 1108 1
63 1109 1
68 1109 1
417 1110 1
262 1111 2
360 1111 2
361 1111 2
448 1111 1
1112 1111 1
262 1112 2
360 1112 2
361 1112 1
448 1112 1
1111 1112 1
665 1113 1
820 1113 1
1073 1113 1
427 1114 1
1115 1114 1
427 1115 1
1114 1115 1
772 1116 1
1145 1117 1
515 1118 2
522 1118 2
957 1118 2
1086 1118 1
1154 1118 1
1155 1118 1
145 1119 1
288 1119 1
183 1120 1
539 1121 1
825 1122 1
539 1123 2
790 1123 2
56 1124 1
328 1124 1
407 1124 1
539 1125 1
790 1125 1
397 1126 1
1129 1126 1
1080 1127 1
166 1128 1
220 1128 1
369 1128 1
397 1129 1
1126 1129 1
94 1130 1
1142 1130 1
660 1131 1
1132 1131 1
660 1132 1
1131 1132 1
1134 1133 1
1133 1134 1
262 1135 1
360 1135 1
448 1135 1
557 1135 1
650 1136 1
770 1136 1
772 1136 1
6 1137 2
1148 1137 1
295 1138 1
440 1138 1
423 1139 1
726 1140 1
959 1140 1
275 1141 3
94 1142 1
1130 1142 1
144 1143 1
359 1143 1
651 1144 1
770 1144 1
772 1144 1
121 1145 1
323 1145 1
1117 1145 1
47 1146 1
389 1146 1
396 1146 1
1147 1146 1
47 1147 1
389 1147 1
396 1147 1
1146 1147 1
6 1148 1
1137 1148 1
665 1149 1
243 1150 1
400 1150 1
955 1151 1
59 1152 1
46 1153 1
202 1153 1
515 1154 1
522 1154 1
957 1154 1
1086 1154 1
1118 1154 1
1155 1154 1
515 1155 1
522 1155 1
957 1155 1
1086 1155 1
1118 1155 1
1154 1155 1
292 1156 1
368 1156 1
544 1157 1
784 1157 1
172 1158 1
174 1158 1
365 1158 1
183 1159 1
341 1159 1
59 1160 1
275 1161 1
391 1162 1
