3 1 1
7 1 1
19 1 1
26 1 1
52 1 1
14 2 1
142 2 1
399 2 1
1 3 1
7 3 1
26 3 1
52 3 1
114 4 1
231 4 2
360 4 1
361 4 1
24 5 1
26 5 1
13 6 1
30 6 1
39 6 1
1 7 1
3 7 1
26 7 1
52 7 1
224 8 1
247 8 1
248 8 1
277 8 1
308 8 1
104 9 1
143 9 1
287 10 1
60 11 1
84 11 1
310 12 1
6 13 1
30 13 1
39 13 1
2 14 1
399 14 1
67 15 1
68 15 1
409 16 1
343 17 1
344 17 1
345 17 1
21 18 1
42 18 1
1 19 1
32 20 1
33 20 2
40 20 2
42 20 1
89 20 1
131 20 1
307 20 1
18 21 1
42 21 1
109 22 1
241 22 1
324 22 2
29 23 1
111 23 2
120 23 1
121 23 1
146 23 1
182 23 2
184 23 1
199 23 1
211 23 1
362 23 2
363 23 2
5 24 1
26 24 1
56 25 2
64 25 1
107 25 3
135 25 1
180 25 1
256 25 1
257 25 1
279 25 2
310 25 1
328 25 2
391 25 1
404 25 1
447 25 1
448 25 1
1 26 1
3 26 1
5 26 1
7 26 1
24 26 1
52 26 1
66 27 1
159 28 1
160 28 1
23 29 1
113 29 1
120 29 1
121 29 1
147 29 1
300 29 1
6 30 1
13 30 1
39 30 1
193 31 1
20 32 1
429 32 1
20 33 2
40 33 2
375 33 1
376 33 1
379 33 1
166 34 1
221 34 1
319 35 1
424 35 1
413 36 1
423 36 1
320 37 1
66 38 2
113 38 1
183 38 1
276 38 1
6 39 1
13 39 1
30 39 1
461 39 1
20 40 2
33 40 2
131 40 1
375 40 1
376 40 1
129 41 1
18 42 1
20 42 1
21 42 1
84 42 1
106 42 1
218 42 1
307 42 1
331 43 1
332 43 1
132 44 2
475 44 1
139 45 1
181 45 1
349 46 1
436 47 1
58 48 1
63 48 2
136 49 1
138 50 1
174 51 1
1 52 1
3 52 1
7 52 1
26 52 1
56 53 1
299 53 1
93 54 1
112 54 3
197 54 1
351 54 1
457 54 1
466 54 1
397 55 1
25 56 2
53 56 1
310 56 1
449 56 1
80 57 1
271 57 1
439 57 1
48 58 1
63 58 2
157 58 1
104 59 1
303 59 1
11 60 1
72 60 1
84 60 2
209 60 1
88 61 1
458 62 1
48 63 2
58 63 2
141 63 1
157 63 1
234 63 1
25 64 1
202 64 2
326 64 1
327 64 3
328 64 1
404 64 1
128 65 1
188 65 1
251 65 1
27 66 1
38 66 2
113 66 1
183 66 1
276 66 1
15 67 1
68 67 2
101 67 1
267 67 1
15 68 1
67 68 2
267 68 1
340 68 1
195 69 1
252 69 1
215 70 1
275 70 1
84 71 1
218 71 1
278 71 1
284 71 1
306 71 1
329 71 1
60 72 1
84 72 1
209 72 1
255 73 1
369 73 1
384 73 1
385 73 1
206 74 1
235 74 1
286 74 1
307 74 1
478 74 1
76 75 1
77 75 1
78 75 3
291 75 1
464 75 1
75 76 1
78 76 1
75 77 1
78 77 1
230 77 1
231 77 1
75 78 3
76 78 1
77 78 1
204 78 1
291 78 1
374 78 1
113 79 1
354 79 1
57 80 1
161 80 1
186 80 1
269 80 1
271 80 1
368 80 1
439 80 1
311 81 1
313 81 1
246 82 1
119 83 1
333 83 1
334 83 1
11 84 1
42 84 1
60 84 2
71 84 1
72 84 1
178 84 1
202 84 1
209 84 1
218 84 1
284 84 1
339 85 1
380 85 1
295 86 1
98 87 1
155 87 1
61 88 1
20 89 1
105 89 1
446 89 1
91 90 1
283 90 1
321 90 1
347 90 1
441 90 1
90 91 1
283 91 1
321 91 1
347 91 1
441 91 1
151 92 1
201 92 1
54 93 1
130 93 1
193 93 1
223 93 1
336 93 1
442 93 1
200 94 1
318 95 1
172 96 1
249 96 1
180 97 1
226 97 1
87 98 1
155 98 1
274 99 1
244 100 1
245 100 1
67 101 1
362 102 1
165 103 1
167 103 1
259 103 1
280 103 1
296 103 1
9 104 1
59 104 1
143 104 1
303 104 1
89 105 1
148 105 1
180 105 1
204 105 1
226 105 1
446 105 1
462 105 1
42 106 1
205 106 1
209 106 1
218 106 1
226 106 1
227 106 1
469 106 1
25 107 3
108 107 1
135 107 1
170 107 1
279 107 3
310 107 1
342 107 1
107 108 1
279 108 1
342 108 1
22 109 1
241 109 1
324 109 1
225 110 1
261 110 1
422 110 1
23 111 2
146 111 1
182 111 2
184 111 1
362 111 2
363 111 2
54 112 3
457 112 1
29 113 1
38 113 1
66 113 1
79 113 1
147 113 1
276 113 1
300 113 1
354 113 1
4 114 1
116 115 1
117 115 1
291 115 1
115 116 1
117 116 1
291 116 1
115 117 1
116 117 1
291 117 1
314 118 1
83 119 1
333 119 1
334 119 1
23 120 1
29 120 1
121 120 1
23 121 1
29 121 1
120 121 1
132 122 1
238 122 1
335 122 1
378 122 1
124 123 1
125 123 1
215 123 1
325 123 1
123 124 1
125 124 1
123 125 1
124 125 1
216 126 1
226 126 1
426 127 1
427 127 1
65 128 1
140 128 1
251 128 1
445 128 1
41 129 1
248 129 1
93 130 1
20 131 1
40 131 1
44 132 2
122 132 1
227 132 1
230 132 1
231 132 1
335 132 1
378 132 1
475 132 1
134 133 1
171 133 1
470 133 1
471 133 1
133 134 1
171 134 1
470 134 1
471 134 1
25 135 1
107 135 1
279 135 1
49 136 1
346 137 1
50 138 1
45 139 1
181 139 1
128 140 1
445 140 1
63 141 1
234 141 1
2 142 1
9 143 1
104 143 1
405 144 1
342 145 1
23 146 1
111 146 1
182 146 1
184 146 1
362 146 1
363 146 1
29 147 1
113 147 1
300 147 1
105 148 1
149 148 1
177 148 1
178 148 1
180 148 2
290 148 1
291 148 1
302 148 1
305 148 1
309 148 1
315 148 1
465 148 1
148 149 1
290 149 1
291 149 1
465 149 1
180 150 1
92 151 1
201 151 1
173 152 1
272 153 1
292 153 1
293 153 1
316 153 1
416 154 1
417 154 1
87 155 1
98 155 1
411 156 1
58 157 1
63 157 1
401 158 1
402 158 1
412 158 1
28 159 1
160 159 1
28 160 1
159 160 1
80 161 1
163 162 1
162 163 1
189 164 2
190 164 1
191 164 2
103 165 1
34 166 1
221 166 1
103 167 1
259 167 1
392 168 1
283 169 1
321 169 1
107 170 1
310 170 1
433 170 1
133 171 1
134 171 1
470 171 1
471 171 1
96 172 1
249 172 1
152 173 1
228 173 1
229 173 1
51 174 1
179 175 1
400 175 1
230 176 1
148 177 1
178 177 1
222 177 1
84 178 1
148 178 1
177 178 1
203 178 1
244 178 1
288 178 1
323 178 1
454 178 1
175 179 1
400 179 1
25 180 1
97 180 1
105 180 1
148 180 2
150 180 1
210 180 2
226 180 1
244 180 1
245 180 1
285 180 1
315 180 1
403 180 1
418 180 1
430 180 1
462 180 1
45 181 1
139 181 1
23 182 2
111 182 2
146 182 1
184 182 1
362 182 2
363 182 2
38 183 1
66 183 1
23 184 1
111 184 1
146 184 1
182 184 1
362 184 1
363 184 1
218 185 1
306 185 1
80 186 1
269 186 1
368 186 1
301 187 2
421 187 1
65 188 1
164 189 2
190 189 2
191 189 2
164 190 1
189 190 2
191 190 1
164 191 2
189 191 2
190 191 1
373 192 1
31 193 1
93 193 1
223 193 1
463 193 1
244 194 1
69 195 1
252 195 1
260 196 1
54 197 1
351 197 1
220 198 1
23 199 1
211 199 2
212 199 1
315 199 1
94 200 1
92 201 1
151 201 1
315 201 1
64 202 2
84 202 1
327 202 1
178 203 1
218 203 1
304 203 1
78 204 1
105 204 1
374 204 1
106 205 1
209 205 1
74 206 1
235 206 1
386 206 1
443 206 1
208 207 1
207 208 1
60 209 1
72 209 1
84 209 1
106 209 1
205 209 1
180 210 2
226 210 2
230 210 1
245 210 1
255 210 1
262 210 1
403 210 1
23 211 1
199 211 2
212 211 2
315 211 2
199 212 1
211 212 2
315 212 2
301 213 1
337 214 1
338 214 1
70 215 1
123 215 1
235 215 1
275 215 1
325 215 1
126 216 1
226 216 1
254 217 1
425 217 1
42 218 1
71 218 1
84 218 1
106 218 1
185 218 1
203 218 1
279 218 1
284 218 1
297 218 1
306 218 1
317 218 1
307 219 1
198 220 1
34 221 1
166 221 1
177 222 1
406 222 1
93 223 1
193 223 1
8 224 1
247 224 1
248 224 1
308 224 1
110 225 1
97 226 1
105 226 1
106 226 1
126 226 1
180 226 1
210 226 2
216 226 1
262 226 1
462 226 1
106 227 1
132 227 1
230 227 1
231 227 1
239 227 1
348 227 1
173 228 1
229 228 1
173 229 1
228 229 1
77 230 1
132 230 1
176 230 1
210 230 1
227 230 1
231 230 2
255 230 1
4 231 2
77 231 1
132 231 1
227 231 1
230 231 2
295 231 1
437 232 1
341 233 1
63 234 1
141 234 1
74 235 1
206 235 1
215 235 1
315 235 1
369 236 1
398 237 1
122 238 1
227 239 1
348 239 1
253 240 1
381 240 1
22 241 1
109 241 1
324 241 1
268 242 1
264 243 1
281 243 1
298 243 1
100 244 1
178 244 1
180 244 1
194 244 1
245 244 1
353 244 1
100 245 1
180 245 1
210 245 1
244 245 1
456 245 1
82 246 1
8 247 1
224 247 1
248 247 1
308 247 1
8 248 1
129 248 1
224 248 1
247 248 1
308 248 1
96 249 1
172 249 1
273 250 1
65 251 1
128 251 1
69 252 1
195 252 1
240 253 1
381 253 1
217 254 1
425 254 1
73 255 1
210 255 1
230 255 1
294 255 1
307 255 1
369 255 1
444 255 2
25 256 1
257 256 1
328 256 1
352 256 1
393 256 1
394 256 1
447 256 1
448 256 1
25 257 1
256 257 1
328 257 1
447 257 1
448 257 1
259 258 2
103 259 1
167 259 1
258 259 2
428 259 1
196 260 1
110 261 1
210 262 1
226 262 1
393 262 1
395 262 1
432 263 1
243 264 1
281 264 1
266 265 1
431 265 1
265 266 1
431 266 1
67 267 1
68 267 1
242 268 1
80 269 1
186 269 1
368 269 1
455 270 1
57 271 1
80 271 1
439 271 1
153 272 1
292 272 1
293 272 1
316 272 1
250 273 1
99 274 1
330 274 1
70 275 1
215 275 1
38 276 1
66 276 1
113 276 1
8 277 1
71 278 1
306 278 1
329 278 1
25 279 2
107 279 3
108 279 1
135 279 1
218 279 1
297 279 1
342 279 1
103 280 1
296 280 1
243 281 1
264 281 1
283 282 1
90 283 1
91 283 1
169 283 1
282 283 1
321 283 2
347 283 1
441 283 1
71 284 1
84 284 1
218 284 1
180 285 1
74 286 1
307 286 1
478 286 1
10 287 1
178 288 1
452 289 1
453 289 1
148 290 1
149 290 1
291 290 1
465 290 1
75 291 1
78 291 1
115 291 1
116 291 1
117 291 1
148 291 1
149 291 1
290 291 1
465 291 1
153 292 1
272 292 1
293 292 1
316 292 1
153 293 1
272 293 1
292 293 1
316 293 1
255 294 1
444 294 1
86 295 1
231 295 1
103 296 1
280 296 1
218 297 1
279 297 1
243 298 1
53 299 1
29 300 1
113 300 1
147 300 1
187 301 2
213 301 1
421 301 1
148 302 1
59 303 1
104 303 1
312 303 1
203 304 1
148 305 1
71 306 1
185 306 1
218 306 1
278 306 1
329 306 1
20 307 1
42 307 1
74 307 1
219 307 1
255 307 1
286 307 1
312 307 1
444 307 1
478 307 1
479 307 1
480 307 1
481 307 1
8 308 1
224 308 1
247 308 1
248 308 1
148 309 1
12 310 1
25 310 1
56 310 1
107 310 1
170 310 1
396 310 1
81 311 1
313 311 1
303 312 1
307 312 1
81 313 1
311 313 1
118 314 1
148 315 1
180 315 1
199 315 1
201 315 1
211 315 2
212 315 2
235 315 1
153 316 1
272 316 1
292 316 1
293 316 1
218 317 1
95 318 1
35 319 1
424 319 1
37 320 1
90 321 1
91 321 1
169 321 1
283 321 2
347 321 1
441 321 1
440 322 1
178 323 1
454 323 1
22 324 2
109 324 1
241 324 1
123 325 1
215 325 1
64 326 1
327 326 2
459 326 1
460 326 1
64 327 3
202 327 1
326 327 2
459 327 1
460 327 1
25 328 2
64 328 1
256 328 1
257 328 1
404 328 1
447 328 1
448 328 1
71 329 1
278 329 1
306 329 1
274 330 1
43 331 1
332 331 1
43 332 1
331 332 1
83 333 1
119 333 1
334 333 1
83 334 1
119 334 1
333 334 1
122 335 1
132 335 1
378 335 1
93 336 1
214 337 1
338 337 1
214 338 1
337 338 1
85 339 1
380 339 1
68 340 1
233 341 1
107 342 1
108 342 1
145 342 1
279 342 1
17 343 1
344 343 1
345 343 1
17 344 1
343 344 1
345 344 1
17 345 1
343 345 1
344 345 1
137 346 1
90 347 1
91 347 1
283 347 1
321 347 1
441 347 1
227 348 1
239 348 1
46 349 1
438 350 1
54 351 1
197 351 1
256 352 1
244 353 1
79 354 1
113 354 1
356 355 1
355 356 1
358 357 1
359 357 1
364 357 1
365 357 1
366 357 1
367 357 1
357 358 1
359 358 1
357 359 1
358 359 1
4 360 1
361 360 1
4 361 1
360 361 1
23 362 2
102 362 1
111 362 2
146 362 1
182 362 2
184 362 1
363 362 2
23 363 2
111 363 2
146 363 1
182 363 2
184 363 1
362 363 2
357 364 1
365 364 1
366 364 1
367 364 1
357 365 1
364 365 1
366 365 1
367 365 1
357 366 1
364 366 1
365 366 1
367 366 1
357 367 1
364 367 1
365 367 1
366 367 1
80 368 1
186 368 1
269 368 1
73 369 1
236 369 1
255 369 1
371 370 1
372 370 1
370 371 1
372 371 1
370 372 1
371 372 1
192 373 1
78 374 1
204 374 1
377 374 1
33 375 1
40 375 1
376 375 1
33 376 1
40 376 1
375 376 1
374 377 1
122 378 1
132 378 1
335 378 1
33 379 1
85 380 1
339 380 1
240 381 1
253 381 1
383 382 1
382 383 1
73 384 1
385 384 1
73 385 1
384 385 1
206 386 1
388 387 1
389 387 1
390 387 1
387 388 1
387 389 1
387 390 1
25 391 1
168 392 1
256 393 1
262 393 1
394 393 1
395 393 1
256 394 1
393 394 1
262 395 1
393 395 1
310 396 1
55 397 1
237 398 1
2 399 1
14 399 1
175 400 1
179 400 1
158 401 1
402 401 1
158 402 1
401 402 1
180 403 1
210 403 1
25 404 1
64 404 1
328 404 1
144 405 1
222 406 1
408 407 1
407 408 1
16 409 1
411 410 1
156 411 1
410 411 1
158 412 1
36 413 1
415 414 1
414 415 1
154 416 1
417 416 1
154 417 1
416 417 1
180 418 1
420 419 1
419 420 1
187 421 1
301 421 1
110 422 1
36 423 1
35 424 1
319 424 1
217 425 1
254 425 1
127 426 1
427 426 1
127 427 1
426 427 1
259 428 1
32 429 1
180 430 1
265 431 1
266 431 1
263 432 1
170 433 1
435 434 1
434 435 1
47 436 1
232 437 1
350 438 1
57 439 1
80 439 1
271 439 1
322 440 1
90 441 1
91 441 1
283 441 1
321 441 1
347 441 1
93 442 1
206 443 1
255 444 2
294 444 1
307 444 1
128 445 1
140 445 1
89 446 1
105 446 1
25 447 1
256 447 1
257 447 1
328 447 1
448 447 1
25 448 1
256 448 1
257 448 1
328 448 1
447 448 1
56 449 1
451 450 1
450 451 1
289 452 1
453 452 1
289 453 1
452 453 1
178 454 1
323 454 1
270 455 1
245 456 1
54 457 1
112 457 1
62 458 1
326 459 1
327 459 1
460 459 1
326 460 1
327 460 1
459 460 1
39 461 1
105 462 1
180 462 1
226 462 1
193 463 1
75 464 1
148 465 1
149 465 1
290 465 1
291 465 1
54 466 1
468 467 1
467 468 1
106 469 1
133 470 1
134 470 1
171 470 1
471 470 1
133 471 1
134 471 1
171 471 1
470 471 1
473 472 1
474 472 1
472 473 1
474 473 1
472 474 1
473 474 1
44 475 1
132 475 1
477 476 1
476 477 1
74 478 1
286 478 1
307 478 1
307 479 1
480 479 1
481 479 1
307 480 1
479 480 1
481 480 1
307 481 1
479 481 1
480 481 1
483 482 1
484 482 1
482 483 1
484 483 1
482 484 1
483 484 1
