1246 1 1
240 2 1
713 2 1
29 3 1
126 3 1
127 3 1
57 4 1
437 4 1
442 4 1
1125 4 1
90 5 1
135 5 1
770 5 1
771 5 1
772 5 1
773 5 1
241 6 1
410 6 2
860 6 1
832 7 1
82 8 1
382 8 1
431 8 1
16 9 1
41 9 1
119 9 3
203 9 2
350 9 3
870 9 1
96 10 1
113 10 1
117 10 1
358 10 1
445 10 1
464 10 1
516 10 1
528 10 1
584 10 1
630 10 1
634 10 1
794 10 1
795 10 1
17 11 1
199 11 1
229 12 1
257 12 1
356 12 1
1283 12 1
208 13 1
947 13 1
556 14 1
775 14 1
776 14 1
146 15 1
188 15 1
9 16 1
119 16 1
350 16 1
11 17 1
199 17 1
19 18 1
519 18 1
558 18 1
664 18 1
18 19 1
272 19 1
303 19 1
360 19 1
373 19 1
459 19 1
519 19 1
521 19 1
558 19 1
664 19 1
48 20 1
136 20 1
532 20 1
534 20 1
130 21 1
178 21 1
412 21 1
62 22 1
86 22 1
683 22 1
1258 22 1
122 23 1
665 23 1
401 24 1
1028 24 1
163 25 2
210 25 1
552 25 1
554 25 1
753 25 1
294 26 1
517 26 1
64 27 1
65 27 1
607 27 1
862 27 1
108 28 1
110 28 1
144 28 1
315 28 1
353 28 3
540 28 1
541 28 1
547 28 1
563 28 1
574 28 1
580 28 1
3 29 1
126 29 1
127 29 1
129 30 1
1272 30 1
1273 30 1
125 31 1
128 31 1
428 31 1
278 32 1
587 32 1
1173 32 1
52 33 1
341 33 1
192 34 1
83 35 1
114 35 1
266 35 1
427 35 1
466 35 1
150 36 1
230 36 1
896 36 1
684 37 1
958 37 1
392 38 1
224 39 1
377 39 1
398 39 1
54 40 2
265 40 1
280 40 1
355 40 1
383 40 1
407 40 1
655 40 1
1078 40 1
9 41 1
92 41 1
94 41 1
119 41 2
120 41 1
121 41 1
203 41 1
350 41 1
868 41 1
869 41 1
59 42 1
148 42 1
281 42 1
44 43 1
43 44 1
72 44 1
84 44 1
110 44 1
160 44 1
165 44 1
346 44 1
535 44 1
582 44 1
819 44 1
820 44 1
954 44 1
1234 45 1
258 46 1
551 46 1
552 46 1
554 46 1
137 47 1
141 47 1
20 48 1
136 48 1
532 48 1
534 48 1
897 49 1
379 50 1
586 50 1
596 50 1
53 51 1
74 51 1
212 51 1
33 52 1
341 52 1
51 53 1
74 53 1
212 53 1
40 54 2
265 54 1
566 54 1
655 54 1
1139 54 1
1140 54 1
749 55 1
750 55 1
225 56 1
501 56 1
4 57 1
437 57 1
442 57 1
1125 57 1
238 58 1
261 58 1
289 58 1
505 58 1
575 58 1
600 58 1
670 58 1
42 59 1
148 59 4
184 59 2
281 59 1
669 59 1
690 59 1
833 59 2
1236 59 1
289 60 1
399 60 1
581 60 1
600 60 1
148 61 3
322 61 1
600 61 1
619 61 2
688 61 1
748 61 1
22 62 1
86 62 1
133 62 1
157 62 1
194 62 1
254 62 1
255 62 1
262 62 1
331 62 1
361 62 3
423 62 1
424 62 1
545 62 1
599 62 1
603 62 1
651 62 1
683 62 1
686 62 1
109 63 2
123 63 1
145 63 1
182 63 1
243 63 1
515 63 1
606 63 1
612 63 1
614 63 1
27 64 1
65 64 1
607 64 1
862 64 1
27 65 1
64 65 1
607 65 1
862 65 1
194 66 1
255 66 1
376 66 1
504 67 1
639 67 1
676 67 1
1051 67 1
1052 67 1
1053 67 1
1054 67 1
1055 67 1
435 68 1
1060 68 1
1061 68 1
488 69 1
722 69 1
723 69 1
1097 70 1
213 71 2
277 71 1
278 71 1
615 71 2
1102 71 1
44 72 1
820 72 1
774 73 1
51 74 1
53 74 1
212 74 1
291 75 1
546 75 2
1155 75 1
201 76 1
616 76 1
629 76 1
950 76 1
624 77 1
625 77 1
965 78 1
279 79 1
633 79 1
1216 79 1
411 80 1
1171 80 1
1172 80 1
374 81 1
447 81 1
8 82 1
382 82 1
431 82 1
35 83 1
119 83 1
121 83 1
1126 83 1
44 84 1
110 84 1
160 84 1
165 84 1
535 84 1
166 85 1
404 85 1
436 85 1
693 85 1
1260 85 1
1261 85 1
1262 85 1
1263 85 1
22 86 1
62 86 1
683 86 1
141 87 1
816 87 1
782 88 1
103 89 1
104 89 1
161 89 1
1141 89 1
1142 89 1
1143 89 1
5 90 1
135 90 1
770 90 1
771 90 1
772 90 1
773 90 1
112 91 1
296 91 1
41 92 1
94 92 1
119 92 1
120 92 1
121 92 1
868 92 1
869 92 1
190 93 1
714 93 1
41 94 1
92 94 1
119 94 1
120 94 1
121 94 1
868 94 1
869 94 1
641 95 2
642 95 2
10 96 1
113 96 1
117 96 1
358 96 1
445 96 1
464 96 1
516 96 1
528 96 1
584 96 1
630 96 1
634 96 1
794 96 1
795 96 1
195 97 1
275 97 1
1089 97 1
1090 97 1
1091 97 1
1092 97 1
1093 97 1
1094 97 1
1111 98 1
1112 98 1
171 99 2
221 99 3
495 99 3
589 99 2
646 99 2
674 99 1
900 99 1
901 99 2
1049 99 1
1100 99 1
1101 99 1
187 100 1
102 101 1
611 101 1
101 102 1
611 102 1
89 103 1
104 103 1
161 103 1
1141 103 1
1142 103 1
1143 103 1
89 104 1
103 104 1
161 104 1
1141 104 1
1142 104 1
1143 104 1
915 105 1
782 106 1
966 106 1
997 106 1
108 107 1
548 107 1
602 107 1
28 108 1
107 108 1
353 108 1
548 108 1
602 108 1
63 109 2
28 110 1
44 110 1
84 110 1
144 110 1
160 110 1
165 110 1
535 110 2
563 110 2
580 110 1
1235 110 1
1277 111 1
1278 111 1
1279 111 1
1280 111 1
1281 111 1
91 112 1
296 112 1
10 113 1
96 113 1
117 113 1
358 113 1
445 113 1
464 113 1
516 113 1
528 113 1
584 113 1
630 113 1
634 113 1
794 113 1
795 113 1
35 114 1
116 115 1
216 115 1
218 115 1
598 115 1
115 116 1
216 116 1
218 116 1
598 116 1
10 117 1
96 117 1
113 117 1
245 117 1
294 117 1
351 117 1
358 117 1
405 117 1
445 117 1
464 117 1
516 117 1
528 117 1
584 117 1
591 117 1
630 117 1
634 117 1
794 117 1
795 117 1
354 118 1
511 118 1
9 119 3
16 119 1
41 119 2
83 119 1
92 119 1
94 119 1
120 119 1
121 119 2
129 119 1
130 119 1
203 119 2
350 119 3
418 119 1
419 119 1
434 119 1
549 119 1
689 119 1
868 119 1
869 119 1
870 119 1
1007 119 1
1008 119 1
1126 119 1
41 120 1
92 120 1
94 120 1
119 120 1
121 120 1
868 120 1
869 120 1
41 121 1
83 121 1
92 121 1
94 121 1
119 121 2
120 121 1
672 121 1
868 121 1
869 121 1
870 121 1
1126 121 1
23 122 1
141 122 1
189 122 2
190 122 1
652 122 1
665 122 1
888 122 1
1108 122 1
1194 122 1
63 123 1
145 123 1
243 123 1
612 123 1
330 124 1
31 125 1
128 125 1
428 125 2
1077 125 1
3 126 1
29 126 1
127 126 1
3 127 1
29 127 1
126 127 1
31 128 1
125 128 1
129 128 1
209 128 1
341 128 1
391 128 1
428 128 1
433 128 1
460 128 1
498 128 2
672 128 1
724 128 1
725 128 1
727 128 1
728 128 1
945 128 2
1126 128 1
1135 128 1
1241 128 1
1242 128 1
1243 128 1
30 129 1
119 129 1
128 129 1
130 129 1
139 129 1
141 129 1
155 129 1
169 129 1
378 129 1
418 129 1
419 129 1
434 129 1
498 129 1
515 129 1
516 129 1
672 129 2
673 129 1
675 129 1
689 129 2
796 129 1
870 129 1
945 129 2
1007 129 1
1008 129 1
1035 129 2
1126 129 2
1127 129 1
1128 129 1
1129 129 1
1191 129 1
1272 129 1
1273 129 1
21 130 1
119 130 1
129 130 1
143 130 3
175 130 1
176 130 1
177 130 1
178 130 1
412 130 1
418 130 1
419 130 2
434 130 1
458 130 1
689 130 1
1007 130 1
1008 130 1
298 131 1
1230 131 1
1231 131 1
939 132 1
62 133 1
157 133 1
361 133 1
423 133 1
662 133 2
298 134 1
432 134 1
623 134 1
5 135 1
90 135 1
770 135 1
771 135 1
772 135 1
773 135 1
20 136 1
48 136 1
532 136 1
534 136 1
47 137 1
154 138 2
180 138 1
191 138 2
202 138 1
471 138 1
476 138 1
627 138 2
779 138 1
780 138 1
129 139 1
515 139 1
672 139 1
1127 139 1
1128 139 1
1088 140 1
47 141 1
87 141 1
122 141 1
129 141 1
189 141 1
652 141 1
816 141 1
888 141 1
945 141 1
1035 141 1
172 142 1
320 142 1
513 142 1
635 142 1
130 143 3
175 143 1
176 143 1
177 143 1
419 143 1
458 143 1
28 144 1
110 144 1
563 144 1
580 144 1
63 145 1
123 145 1
243 145 1
271 145 1
309 145 1
612 145 2
1249 145 1
15 146 1
188 146 1
148 147 1
754 147 1
42 148 1
59 148 4
61 148 3
147 148 1
184 148 2
281 148 1
600 148 1
619 148 2
690 148 1
748 148 1
754 148 1
833 148 2
179 149 1
183 149 1
185 149 1
248 149 1
933 149 1
36 150 1
220 151 1
286 151 1
287 151 1
288 151 1
343 151 1
365 151 1
153 152 6
372 152 1
414 152 1
456 152 1
620 152 1
621 152 1
622 152 1
691 152 1
152 153 6
372 153 1
414 153 1
456 153 1
620 153 1
621 153 1
622 153 1
691 153 1
138 154 2
180 154 1
191 154 2
202 154 1
471 154 1
627 154 1
779 154 1
780 154 1
129 155 1
1126 155 1
221 156 1
62 157 1
133 157 1
361 157 1
423 157 1
159 158 1
242 158 1
548 158 1
158 159 1
242 159 1
548 159 1
44 160 1
84 160 1
110 160 1
165 160 1
335 160 1
535 160 1
695 160 1
89 161 1
103 161 1
104 161 1
1141 161 1
1142 161 1
1143 161 1
1214 162 1
1215 162 1
25 163 2
210 163 1
552 163 1
554 163 1
753 163 1
648 164 1
44 165 1
84 165 1
110 165 1
160 165 1
535 165 1
85 166 1
404 166 1
436 166 1
693 166 1
1260 166 1
1261 166 1
1262 166 1
1263 166 1
245 167 1
294 167 1
421 167 1
468 167 1
591 167 1
1274 167 1
181 168 1
129 169 1
1035 169 1
420 170 1
99 171 2
221 171 2
589 171 2
900 171 1
901 171 2
1049 171 1
142 172 1
320 172 1
513 172 2
635 172 1
1156 173 1
755 174 1
758 174 1
130 175 1
143 175 1
176 175 1
177 175 1
458 175 1
130 176 1
143 176 1
175 176 1
177 176 1
458 176 1
130 177 1
143 177 1
175 177 1
176 177 1
458 177 1
21 178 1
130 178 1
412 178 1
149 179 1
183 179 1
185 179 1
248 179 1
933 179 1
138 180 1
154 180 1
191 180 1
1266 180 1
1267 180 1
168 181 1
63 182 1
515 182 1
149 183 1
179 183 1
185 183 1
248 183 1
933 183 1
59 184 2
148 184 2
833 184 2
149 185 1
179 185 1
183 185 1
248 185 1
933 185 1
300 186 1
679 186 1
842 186 1
100 187 1
15 188 1
146 188 1
122 189 2
141 189 1
190 189 1
652 189 1
888 189 1
93 190 1
122 190 1
189 190 1
953 190 1
138 191 2
154 191 2
180 191 1
202 191 1
471 191 1
627 191 1
779 191 1
780 191 1
34 192 1
283 193 1
346 193 1
453 193 1
954 193 1
1173 193 1
1285 193 1
62 194 1
66 194 1
255 194 2
376 194 1
686 194 1
97 195 1
275 195 1
1089 195 1
1090 195 1
1091 195 1
1092 195 1
1093 195 1
1094 195 1
384 196 1
402 196 1
454 196 1
1275 196 1
1276 196 1
284 197 1
509 197 1
818 197 1
222 198 1
290 198 1
506 198 1
522 198 1
550 198 1
11 199 1
17 199 1
663 200 1
777 200 1
778 200 1
76 201 1
616 201 1
629 201 1
950 201 1
138 202 1
154 202 1
191 202 1
471 202 1
627 202 1
779 202 1
780 202 1
9 203 2
41 203 1
119 203 2
350 203 2
870 203 1
1013 204 1
211 205 1
759 205 1
207 206 1
831 206 1
206 207 1
831 207 1
13 208 1
947 208 1
128 209 1
285 209 1
341 209 1
384 209 1
391 209 3
433 209 3
451 209 1
460 209 2
498 209 1
659 209 1
660 209 1
724 209 3
725 209 2
726 209 1
727 209 2
728 209 2
873 209 1
874 209 1
875 209 1
876 209 1
1135 209 1
1282 209 1
25 210 1
163 210 1
205 211 1
759 211 1
51 212 1
53 212 1
74 212 1
71 213 2
615 213 2
352 214 1
1119 214 1
1120 214 1
482 215 3
115 216 1
116 216 1
218 216 1
598 216 1
530 217 1
115 218 1
116 218 1
216 218 1
598 218 1
1250 219 1
151 220 1
286 220 1
287 220 1
288 220 1
99 221 3
156 221 1
171 221 2
495 221 1
589 221 2
900 221 1
901 221 2
1049 221 1
1100 221 1
1101 221 1
198 222 1
290 222 1
506 222 1
522 222 1
550 222 1
529 223 1
608 223 1
609 223 1
1264 223 1
39 224 1
377 224 1
398 224 1
56 225 1
501 225 1
241 226 1
316 226 1
860 226 1
500 227 1
484 228 1
12 229 1
257 229 1
356 229 1
1283 229 1
36 230 1
568 230 1
807 230 1
524 231 1
544 231 1
561 231 1
595 231 1
276 232 1
317 232 1
946 233 1
1232 234 1
268 235 1
269 235 1
270 235 1
295 235 1
359 235 1
393 235 1
910 236 1
940 236 1
1066 236 1
1067 236 1
1068 236 1
351 237 1
585 237 1
58 238 1
514 238 1
600 238 1
670 238 1
249 239 1
751 239 1
752 239 1
2 240 1
6 241 1
226 241 1
316 241 1
410 241 3
860 241 4
861 241 1
158 242 1
159 242 1
548 242 1
63 243 1
123 243 1
145 243 1
612 243 1
1110 244 1
117 245 1
167 245 1
294 245 2
351 245 1
405 245 1
421 245 1
468 245 1
591 245 2
1274 245 1
943 246 1
1081 246 1
1082 246 1
1083 246 1
1084 246 1
368 247 1
386 247 1
1071 247 1
1220 247 1
1221 247 1
1222 247 1
1223 247 1
1224 247 1
1225 247 1
1226 247 1
149 248 1
179 248 1
183 248 1
185 248 1
933 248 1
239 249 1
751 249 1
752 249 1
678 250 1
369 251 1
968 251 1
969 251 1
1137 252 1
1138 252 1
839 253 1
62 254 1
62 255 1
66 255 1
194 255 2
376 255 1
686 255 1
906 256 1
1259 256 1
12 257 1
229 257 1
267 257 1
356 257 1
442 257 2
1027 257 1
1205 257 2
1206 257 1
1207 257 1
1208 257 1
1217 257 1
1218 257 1
1283 257 1
46 258 1
551 258 1
552 258 1
554 258 1
656 259 1
1251 259 1
289 260 1
298 260 1
426 260 1
594 260 1
58 261 1
289 261 1
505 261 1
575 261 1
62 262 1
361 262 1
424 262 1
536 263 1
657 263 1
1238 263 1
998 264 1
999 264 1
1000 264 1
1001 264 1
1002 264 1
1003 264 1
1004 264 1
40 265 1
54 265 1
35 266 1
257 267 1
1027 267 1
235 268 1
269 268 1
270 268 1
295 268 1
359 268 1
393 268 1
235 269 1
268 269 1
270 269 1
295 269 1
359 269 1
393 269 1
235 270 1
268 270 1
269 270 1
295 270 1
359 270 1
393 270 1
145 271 1
309 271 1
612 271 1
1249 271 1
19 272 1
282 272 1
303 272 1
360 272 1
459 272 1
645 272 1
274 273 1
450 273 1
899 273 1
273 274 1
450 274 1
899 274 1
97 275 1
195 275 1
1089 275 1
1090 275 1
1091 275 1
1092 275 1
1093 275 1
1094 275 1
232 276 1
317 276 1
71 277 1
278 277 1
1102 277 1
32 278 1
71 278 1
277 278 1
587 278 1
1102 278 1
1173 278 1
79 279 1
326 279 1
633 279 1
1216 279 1
40 280 1
355 280 1
42 281 1
59 281 1
148 281 1
272 282 1
645 282 1
193 283 1
346 283 1
453 283 1
954 283 1
1173 283 1
1285 283 1
197 284 1
509 284 1
818 284 1
209 285 1
323 285 1
384 285 1
451 285 1
873 285 1
874 285 1
875 285 1
876 285 1
151 286 1
220 286 1
287 286 1
288 286 1
151 287 1
220 287 1
286 287 1
288 287 1
387 287 2
388 287 2
416 287 1
508 287 1
573 287 2
638 287 1
653 287 2
1163 287 1
151 288 1
220 288 1
286 288 1
287 288 1
58 289 1
60 289 1
260 289 1
261 289 1
298 289 1
399 289 1
426 289 1
505 289 1
575 289 1
581 289 1
594 289 1
600 289 1
198 290 1
222 290 1
506 290 1
522 290 1
550 290 1
75 291 1
345 291 1
358 291 1
366 291 2
546 291 1
562 291 1
592 291 1
597 291 1
601 291 1
941 291 1
942 291 1
1155 291 1
319 292 1
694 292 1
692 293 1
26 294 1
117 294 1
167 294 1
245 294 2
339 294 1
351 294 1
367 294 1
405 294 1
421 294 1
468 294 1
485 294 1
517 294 1
591 294 2
644 294 1
649 294 1
760 294 1
761 294 1
762 294 1
1274 294 1
235 295 1
268 295 1
269 295 1
270 295 1
359 295 1
393 295 1
91 296 1
112 296 1
637 297 1
131 298 1
134 298 1
260 298 1
289 298 1
299 298 1
426 298 1
594 298 1
1230 298 1
1231 298 1
298 299 1
186 300 1
679 300 1
842 300 1
371 301 1
342 302 1
19 303 1
272 303 1
360 303 1
459 303 1
307 304 1
308 304 1
576 304 1
763 304 1
764 304 1
765 304 1
766 304 1
520 305 1
1042 305 1
1017 306 1
304 307 1
308 307 1
576 307 1
763 307 1
764 307 1
765 307 1
766 307 1
304 308 1
307 308 1
576 308 1
763 308 1
764 308 1
765 308 1
766 308 1
145 309 1
271 309 1
612 309 1
1249 309 1
525 310 1
1195 310 1
1196 310 1
312 311 1
581 311 1
600 311 1
311 312 1
581 312 1
600 312 1
406 313 1
1062 314 1
28 315 1
353 315 1
540 315 1
541 315 1
547 315 1
574 315 1
226 316 1
241 316 1
860 316 1
232 317 1
276 317 1
319 318 1
292 319 1
318 319 1
694 319 1
142 320 1
172 320 1
513 320 1
635 320 1
374 321 1
449 321 1
538 321 1
701 321 1
702 321 1
1237 321 1
61 322 1
590 322 1
626 322 1
688 322 1
835 322 1
285 323 1
338 324 1
481 325 1
1018 325 1
1144 325 1
279 326 1
440 327 1
1114 327 1
329 328 1
328 329 1
636 329 1
643 329 1
124 330 1
62 331 1
361 331 1
545 331 1
599 331 1
603 331 1
651 331 1
443 332 1
536 332 1
565 332 1
613 332 1
1050 332 1
565 333 1
571 334 1
160 335 1
527 336 1
559 336 1
666 337 1
667 337 2
324 338 1
294 339 1
644 339 1
489 340 1
490 340 1
1021 340 1
1022 340 1
1023 340 1
33 341 1
52 341 1
128 341 1
209 341 1
391 341 1
433 341 1
460 341 1
498 341 1
724 341 1
725 341 1
727 341 1
728 341 1
1135 341 1
302 342 1
151 343 1
365 343 1
442 344 1
291 345 1
366 345 1
592 345 1
941 345 1
942 345 1
44 346 1
193 346 1
283 346 1
408 346 1
453 346 1
582 346 1
685 346 1
935 346 1
936 346 1
954 346 2
1173 346 1
1285 346 1
348 347 1
564 347 1
1197 347 1
1198 347 1
347 348 1
442 349 2
1199 349 1
1286 349 1
1287 349 1
1288 349 1
9 350 3
16 350 1
41 350 1
119 350 3
203 350 2
870 350 1
117 351 1
237 351 1
245 351 1
294 351 1
405 351 1
585 351 1
591 351 1
214 352 1
1119 352 1
1120 352 1
28 353 3
108 353 1
315 353 1
540 353 1
541 353 1
547 353 1
574 353 1
118 354 1
511 354 1
40 355 1
280 355 1
12 356 1
229 356 1
257 356 1
1283 356 1
358 357 1
10 358 1
96 358 1
113 358 1
117 358 1
291 358 1
357 358 1
366 358 1
445 358 1
464 358 1
516 358 1
528 358 1
562 358 1
584 358 1
597 358 1
601 358 1
630 358 1
634 358 1
794 358 1
795 358 1
235 359 1
268 359 1
269 359 1
270 359 1
295 359 1
393 359 1
19 360 1
272 360 1
303 360 1
459 360 1
62 361 3
133 361 1
157 361 1
262 361 1
331 361 1
423 361 1
424 361 1
545 361 1
599 361 1
603 361 1
651 361 1
537 362 1
567 362 1
1159 362 1
364 363 1
1098 363 1
1099 363 1
363 364 1
1098 364 1
1099 364 1
151 365 1
343 365 1
291 366 2
345 366 1
358 366 1
562 366 1
592 366 1
597 366 1
601 366 1
941 366 1
942 366 1
1086 366 1
294 367 1
247 368 1
386 368 1
1071 368 1
1220 368 1
1221 368 1
1222 368 1
1223 368 1
1224 368 1
1225 368 1
1226 368 1
251 369 1
579 369 1
618 369 1
792 369 1
793 369 1
968 369 1
969 369 1
640 370 1
301 371 1
152 372 1
153 372 1
19 373 1
521 373 1
81 374 1
321 374 1
447 374 1
499 375 1
502 375 1
617 375 1
1147 375 1
66 376 1
194 376 1
255 376 1
39 377 1
224 377 1
398 377 1
129 378 1
689 378 1
870 378 1
50 379 1
586 379 1
596 379 1
422 380 1
422 381 1
438 381 1
8 382 1
82 382 1
431 382 1
40 383 1
407 383 1
1078 383 1
196 384 1
209 384 1
285 384 1
402 384 1
451 384 1
454 384 1
873 384 1
874 384 1
875 384 1
876 384 1
1275 384 1
1276 384 1
388 385 1
573 385 1
628 385 1
859 385 1
247 386 1
368 386 1
1071 386 1
1220 386 1
1221 386 1
1222 386 1
1223 386 1
1224 386 1
1225 386 1
1226 386 1
287 387 2
388 387 2
416 387 1
508 387 1
573 387 2
638 387 1
653 387 2
1160 387 1
1161 387 1
1162 387 1
1163 387 1
287 388 2
385 388 1
387 388 2
416 388 1
508 388 1
573 388 3
628 388 1
638 388 1
653 388 2
1163 388 1
962 389 1
461 390 1
668 390 1
128 391 1
209 391 3
341 391 1
433 391 3
460 391 2
498 391 1
659 391 1
660 391 1
724 391 3
725 391 2
726 391 1
727 391 2
728 391 2
1135 391 1
1282 391 1
38 392 1
235 393 1
268 393 1
269 393 1
270 393 1
295 393 1
359 393 1
439 394 1
510 394 1
512 394 1
895 394 1
415 395 1
1109 395 1
861 396 2
917 396 1
729 397 1
730 397 1
731 397 1
1034 397 1
39 398 1
224 398 1
377 398 1
60 399 1
289 399 1
581 399 1
600 399 1
1037 400 1
1038 400 1
24 401 1
1028 401 1
196 402 1
384 402 1
454 402 1
1275 402 1
1276 402 1
422 403 1
757 403 1
85 404 1
166 404 1
436 404 1
693 404 1
1260 404 1
1261 404 1
1262 404 1
1263 404 1
117 405 1
245 405 1
294 405 1
351 405 1
591 405 1
313 406 1
40 407 1
383 407 1
1078 407 1
346 408 1
685 408 1
935 408 1
936 408 1
413 409 1
767 409 1
6 410 2
241 410 3
860 410 5
861 410 1
80 411 1
1171 411 1
1172 411 1
21 412 1
130 412 1
178 412 1
409 413 1
767 413 1
152 414 1
153 414 1
620 414 1
395 415 1
1109 415 1
287 416 1
387 416 1
388 416 1
573 416 1
653 416 1
1163 416 1
1036 417 1
119 418 1
129 418 1
130 418 1
419 418 1
434 418 1
689 418 1
1007 418 1
1008 418 1
119 419 1
129 419 1
130 419 2
143 419 1
418 419 1
434 419 1
689 419 1
1007 419 1
1008 419 1
170 420 1
167 421 1
245 421 1
294 421 1
468 421 1
591 421 1
1274 421 1
380 422 1
381 422 1
403 422 1
438 422 1
757 422 1
62 423 1
133 423 1
157 423 1
361 423 1
62 424 1
262 424 1
361 424 1
610 425 1
260 426 1
289 426 1
298 426 1
594 426 1
35 427 1
466 427 1
31 428 1
125 428 2
128 428 1
1077 428 1
862 429 1
1247 429 1
1248 429 1
463 430 1
492 430 1
1202 430 1
1203 430 1
1204 430 1
8 431 1
82 431 1
382 431 1
134 432 1
128 433 1
209 433 3
341 433 1
391 433 3
460 433 2
498 433 1
659 433 1
660 433 1
724 433 3
725 433 2
726 433 1
727 433 2
728 433 2
1135 433 1
1282 433 1
119 434 1
129 434 1
130 434 1
418 434 1
419 434 1
689 434 1
1007 434 1
1008 434 1
68 435 1
1060 435 1
1061 435 1
85 436 1
166 436 1
404 436 1
693 436 1
1260 436 1
1261 436 1
1262 436 1
1263 436 1
4 437 1
57 437 1
442 437 1
1125 437 1
381 438 1
422 438 1
394 439 1
510 439 1
895 439 1
327 440 1
1114 440 1
444 441 1
4 442 1
57 442 1
257 442 2
344 442 1
349 442 2
437 442 1
1125 442 1
1136 442 1
1199 442 1
1217 442 1
1218 442 2
1219 442 1
1286 442 1
1287 442 1
1288 442 1
332 443 1
497 443 1
536 443 1
565 443 1
613 443 1
1050 443 1
1254 443 1
441 444 1
10 445 1
96 445 1
113 445 1
117 445 1
358 445 1
464 445 1
516 445 1
528 445 1
584 445 1
630 445 1
634 445 1
794 445 1
795 445 1
557 446 1
81 447 1
374 447 1
1148 448 1
1149 448 1
321 449 1
1237 449 1
273 450 1
274 450 1
899 450 1
209 451 1
285 451 1
384 451 1
873 451 1
874 451 1
875 451 1
876 451 1
959 452 1
193 453 1
283 453 1
346 453 1
954 453 1
1173 453 1
1285 453 1
196 454 1
384 454 1
402 454 1
1275 454 1
1276 454 1
884 455 1
885 455 1
886 455 1
887 455 1
152 456 1
153 456 1
1239 457 1
1240 457 1
130 458 1
143 458 1
175 458 1
176 458 1
177 458 1
19 459 1
272 459 1
303 459 1
360 459 1
128 460 1
209 460 2
341 460 1
391 460 2
433 460 2
498 460 1
724 460 2
725 460 2
726 460 1
727 460 2
728 460 2
1135 460 1
390 461 1
668 461 1
987 462 1
988 462 1
989 462 1
990 462 1
991 462 1
992 462 1
993 462 1
994 462 1
430 463 1
492 463 1
1202 463 1
1203 463 1
1204 463 1
10 464 1
96 464 1
113 464 1
117 464 1
358 464 1
445 464 1
516 464 1
528 464 1
584 464 1
630 464 1
634 464 1
794 464 1
795 464 1
475 465 1
934 465 1
35 466 1
427 466 1
518 467 1
708 467 1
167 468 1
245 468 1
294 468 1
421 468 1
591 468 1
1274 468 1
1284 469 1
569 470 1
785 470 1
786 470 1
787 470 1
138 471 1
154 471 1
191 471 1
202 471 1
627 471 1
779 471 1
780 471 1
881 472 1
1033 473 1
1105 474 1
1106 474 1
1107 474 1
465 475 1
138 476 1
627 476 1
1150 477 1
479 478 1
480 478 1
973 478 1
974 478 1
975 478 1
478 479 1
480 479 1
973 479 1
974 479 1
975 479 1
478 480 1
479 480 1
973 480 1
974 480 1
975 480 1
325 481 1
1121 481 1
1144 481 1
215 482 3
716 483 1
717 483 1
718 483 1
719 483 1
228 484 1
294 485 1
487 486 1
696 486 1
697 486 1
486 487 1
696 487 1
697 487 1
69 488 1
722 488 1
723 488 1
340 489 1
490 489 1
1021 489 1
1022 489 1
1023 489 1
340 490 1
489 490 1
1021 490 1
1022 490 1
1023 490 1
1178 491 1
1179 491 1
1180 491 1
430 492 1
463 492 1
1202 492 1
1203 492 1
1204 492 1
650 493 2
1132 493 1
1227 494 1
99 495 3
221 495 1
646 495 2
674 495 1
1100 495 1
1101 495 1
1166 496 1
1167 496 1
443 497 1
128 498 2
129 498 1
209 498 1
341 498 1
391 498 1
433 498 1
460 498 1
672 498 1
724 498 1
725 498 1
727 498 1
728 498 1
945 498 1
1126 498 1
1135 498 1
375 499 1
502 499 1
227 500 1
56 501 1
225 501 1
375 502 1
499 502 1
952 503 1
67 504 1
639 504 1
676 504 1
1051 504 1
1052 504 1
1053 504 1
1054 504 1
1055 504 1
58 505 1
261 505 1
289 505 1
575 505 1
198 506 1
222 506 1
290 506 1
522 506 1
550 506 1
635 507 1
287 508 1
387 508 1
388 508 1
573 508 1
638 508 1
653 508 1
197 509 1
284 509 1
818 509 1
394 510 1
439 510 1
895 510 1
118 511 1
354 511 1
394 512 1
142 513 1
172 513 2
320 513 1
635 513 1
238 514 1
63 515 1
129 515 1
139 515 1
182 515 1
672 515 1
1127 515 1
1128 515 1
10 516 1
96 516 1
113 516 1
117 516 1
129 516 1
358 516 1
445 516 1
464 516 1
528 516 1
584 516 1
630 516 1
634 516 1
794 516 1
795 516 1
796 516 1
26 517 1
294 517 1
467 518 1
708 518 1
18 519 1
19 519 1
558 519 1
664 519 1
305 520 1
912 520 1
913 520 1
1042 520 1
19 521 1
373 521 1
880 521 1
198 522 1
222 522 1
290 522 1
506 522 1
550 522 1
1079 523 1
1228 523 1
231 524 1
544 524 1
561 524 1
595 524 1
310 525 1
1195 525 1
1196 525 1
544 526 1
1029 526 1
336 527 1
559 527 1
10 528 1
96 528 1
113 528 1
117 528 1
358 528 1
445 528 1
464 528 1
516 528 1
584 528 1
630 528 1
634 528 1
794 528 1
795 528 1
223 529 1
608 529 1
609 529 2
1264 529 1
1265 529 1
217 530 1
1069 531 1
20 532 1
48 532 1
136 532 1
534 532 1
852 533 1
853 533 1
854 533 1
855 533 1
856 533 1
20 534 1
48 534 1
136 534 1
532 534 1
44 535 1
84 535 1
110 535 2
160 535 1
165 535 1
563 535 1
1235 535 1
263 536 1
332 536 1
443 536 1
565 536 1
613 536 2
657 536 1
695 536 2
905 536 2
932 536 2
1050 536 2
1086 536 1
1087 536 1
1238 536 1
362 537 1
321 538 1
701 538 1
702 538 1
1009 539 1
1010 539 1
28 540 1
315 540 1
353 540 1
541 540 1
547 540 1
574 540 1
28 541 1
315 541 1
353 541 1
540 541 1
547 541 1
574 541 1
543 542 1
542 543 1
231 544 1
524 544 1
526 544 1
561 544 1
595 544 1
62 545 1
331 545 1
361 545 1
599 545 1
603 545 1
651 545 1
75 546 2
291 546 1
1155 546 1
28 547 1
315 547 1
353 547 1
540 547 1
541 547 1
574 547 1
107 548 1
108 548 1
158 548 1
159 548 1
242 548 1
602 548 1
119 549 1
198 550 1
222 550 1
290 550 1
506 550 1
522 550 1
46 551 1
258 551 1
552 551 1
554 551 1
25 552 1
46 552 1
163 552 1
258 552 1
551 552 1
553 552 1
554 552 3
604 552 1
753 552 1
909 552 1
552 553 1
554 553 1
604 553 1
909 553 1
25 554 1
46 554 1
163 554 1
258 554 1
551 554 1
552 554 3
553 554 1
577 554 1
604 554 1
753 554 1
909 554 1
916 554 1
1043 554 1
1044 554 1
1045 554 1
560 555 1
791 555 1
14 556 1
446 557 1
18 558 1
19 558 1
519 558 1
664 558 1
336 559 1
527 559 1
555 560 1
791 560 1
231 561 1
524 561 1
544 561 1
595 561 1
291 562 1
358 562 1
366 562 1
597 562 1
601 562 1
28 563 1
110 563 2
144 563 1
535 563 1
580 563 1
1235 563 1
347 564 1
332 565 1
333 565 1
443 565 1
536 565 1
613 565 1
821 565 1
1050 565 1
54 566 1
1139 566 1
1140 566 1
362 567 1
230 568 1
470 569 1
785 569 1
786 569 1
787 569 1
806 570 1
334 571 1
658 571 1
659 571 1
1229 571 1
1233 571 1
1146 572 1
287 573 2
385 573 1
387 573 2
388 573 3
416 573 1
508 573 1
628 573 1
638 573 1
653 573 2
1163 573 1
28 574 1
315 574 1
353 574 1
540 574 1
541 574 1
547 574 1
58 575 1
261 575 1
289 575 1
505 575 1
304 576 1
307 576 1
308 576 1
763 576 1
764 576 1
765 576 1
766 576 1
554 577 1
1005 577 1
1006 577 1
1270 578 1
1271 578 1
369 579 1
618 579 1
28 580 1
110 580 1
144 580 1
563 580 1
60 581 1
289 581 1
311 581 1
312 581 1
399 581 1
600 581 2
44 582 1
346 582 1
954 582 1
797 583 1
10 584 1
96 584 1
113 584 1
117 584 1
358 584 1
445 584 1
464 584 1
516 584 1
528 584 1
630 584 1
634 584 1
794 584 1
795 584 1
237 585 1
351 585 1
50 586 1
379 586 1
596 586 1
32 587 1
278 587 1
1173 587 1
1113 588 1
99 589 2
171 589 2
221 589 2
900 589 1
901 589 2
1049 589 1
322 590 1
626 590 1
835 590 1
117 591 1
167 591 1
245 591 2
294 591 2
351 591 1
405 591 1
421 591 1
468 591 1
1274 591 1
291 592 1
345 592 1
366 592 1
941 592 1
942 592 1
639 593 1
654 593 1
722 593 1
919 593 1
920 593 1
921 593 1
922 593 1
923 593 1
924 593 1
260 594 1
289 594 1
298 594 1
426 594 1
231 595 1
524 595 1
544 595 1
561 595 1
50 596 1
379 596 1
586 596 1
291 597 1
358 597 1
366 597 1
562 597 1
601 597 1
115 598 1
116 598 1
216 598 1
218 598 1
62 599 1
331 599 1
361 599 1
545 599 1
603 599 1
651 599 1
58 600 1
60 600 1
61 600 1
148 600 1
238 600 1
289 600 1
311 600 1
312 600 1
399 600 1
581 600 2
670 600 3
291 601 1
358 601 1
366 601 1
562 601 1
597 601 1
605 601 1
107 602 1
108 602 1
548 602 1
62 603 1
331 603 1
361 603 1
545 603 1
599 603 1
651 603 1
552 604 1
553 604 1
554 604 1
909 604 1
601 605 1
63 606 1
614 606 1
27 607 1
64 607 1
65 607 1
862 607 1
223 608 1
529 608 1
609 608 1
1264 608 1
223 609 1
529 609 2
608 609 1
1264 609 1
1265 609 1
425 610 1
101 611 1
102 611 1
63 612 1
123 612 1
145 612 2
243 612 1
271 612 1
309 612 1
1249 612 1
332 613 1
443 613 1
536 613 2
565 613 1
782 613 1
1050 613 2
63 614 1
606 614 1
71 615 2
213 615 2
76 616 1
201 616 1
629 616 1
950 616 1
375 617 1
1147 617 1
369 618 1
579 618 1
61 619 2
148 619 2
748 619 1
152 620 1
153 620 1
414 620 1
152 621 1
153 621 1
152 622 1
153 622 1
134 623 1
77 624 1
625 624 2
77 625 1
624 625 2
322 626 1
590 626 1
835 626 1
138 627 2
154 627 1
191 627 1
202 627 1
471 627 1
476 627 1
779 627 1
780 627 1
385 628 1
388 628 1
573 628 1
76 629 1
201 629 1
616 629 1
950 629 1
10 630 1
96 630 1
113 630 1
117 630 1
358 630 1
445 630 1
464 630 1
516 630 1
528 630 1
584 630 1
634 630 1
794 630 1
795 630 1
910 631 1
911 631 1
680 632 1
681 632 1
79 633 1
279 633 1
1216 633 1
10 634 1
96 634 1
113 634 1
117 634 1
358 634 1
445 634 1
464 634 1
516 634 1
528 634 1
584 634 1
630 634 1
794 634 1
795 634 1
142 635 1
172 635 1
320 635 1
507 635 1
513 635 1
329 636 1
907 636 1
908 636 1
297 637 1
287 638 1
387 638 1
388 638 1
508 638 1
573 638 1
653 638 1
67 639 1
504 639 1
593 639 1
654 639 1
676 639 1
722 639 1
919 639 1
920 639 1
921 639 1
922 639 1
923 639 1
924 639 1
1051 639 1
1052 639 1
1053 639 1
1054 639 1
1055 639 1
370 640 1
95 641 2
642 641 2
95 642 2
641 642 2
329 643 1
294 644 1
339 644 1
272 645 1
282 645 1
99 646 2
495 646 2
674 646 1
1085 647 1
164 648 1
294 649 1
493 650 2
671 650 1
811 650 1
1132 650 1
1133 650 1
62 651 1
331 651 1
361 651 1
545 651 1
599 651 1
603 651 1
122 652 1
141 652 1
189 652 1
888 652 1
287 653 2
387 653 2
388 653 2
416 653 1
508 653 1
573 653 2
638 653 1
1163 653 1
593 654 1
639 654 1
722 654 1
919 654 1
920 654 1
921 654 1
922 654 1
923 654 1
924 654 1
40 655 1
54 655 1
259 656 1
1251 656 1
263 657 1
536 657 1
1238 657 1
571 658 1
659 658 1
1229 658 1
1233 658 1
209 659 1
391 659 1
433 659 1
571 659 1
658 659 1
660 659 1
700 659 1
724 659 1
1229 659 2
1233 659 1
1282 659 1
209 660 1
391 660 1
433 660 1
659 660 1
724 660 1
1282 660 1
798 661 1
799 661 1
800 661 1
801 661 1
802 661 1
803 661 1
133 662 2
200 663 1
18 664 1
19 664 1
519 664 1
558 664 1
23 665 1
122 665 1
337 666 1
667 666 1
337 667 2
666 667 1
390 668 1
461 668 1
59 669 1
1236 669 1
58 670 1
238 670 1
600 670 3
650 671 1
1133 671 1
121 672 1
128 672 1
129 672 2
139 672 1
498 672 1
515 672 1
870 672 1
945 672 1
1126 672 1
1127 672 1
1128 672 1
129 673 1
99 674 1
495 674 1
646 674 1
129 675 1
67 676 1
504 676 1
639 676 1
1051 676 1
1052 676 1
1053 676 1
1054 676 1
1055 676 1
914 677 1
250 678 1
186 679 1
300 679 1
842 679 1
632 680 1
681 680 1
632 681 1
680 681 1
1134 682 1
22 683 1
62 683 1
86 683 1
37 684 1
958 684 1
346 685 1
408 685 1
935 685 1
936 685 1
62 686 1
194 686 1
255 686 1
877 687 1
878 687 1
879 687 1
880 687 1
61 688 1
322 688 1
119 689 1
129 689 2
130 689 1
378 689 1
418 689 1
419 689 1
434 689 1
870 689 1
1007 689 1
1008 689 1
59 690 1
148 690 1
152 691 1
153 691 1
293 692 1
85 693 1
166 693 1
404 693 1
436 693 1
1260 693 1
1261 693 1
1262 693 1
1263 693 1
292 694 1
319 694 1
160 695 1
536 695 2
905 695 1
932 695 1
1048 695 1
1086 695 1
1087 695 1
486 696 1
487 696 1
697 696 1
486 697 1
487 697 1
696 697 1
699 698 1
698 699 1
659 700 1
321 701 1
538 701 1
702 701 1
321 702 1
538 702 1
701 702 1
704 703 1
705 703 1
703 704 1
705 704 1
703 705 1
704 705 1
707 706 1
706 707 1
467 708 1
518 708 1
710 709 1
711 709 1
712 709 1
709 710 1
711 710 1
712 710 1
709 711 1
710 711 1
712 711 1
709 712 1
710 712 1
711 712 1
2 713 1
93 714 1
1170 715 1
483 716 1
717 716 1
718 716 1
719 716 1
483 717 1
716 717 1
718 717 1
719 717 1
483 718 1
716 718 1
717 718 1
719 718 1
483 719 1
716 719 1
717 719 1
718 719 1
721 720 1
720 721 1
69 722 1
488 722 1
593 722 1
639 722 1
654 722 1
723 722 1
919 722 1
920 722 1
921 722 1
922 722 1
923 722 1
924 722 1
69 723 1
488 723 1
722 723 1
128 724 1
209 724 3
341 724 1
391 724 3
433 724 3
460 724 2
498 724 1
659 724 1
660 724 1
725 724 2
726 724 1
727 724 2
728 724 2
1135 724 1
1282 724 1
128 725 1
209 725 2
341 725 1
391 725 2
433 725 2
460 725 2
498 725 1
724 725 2
726 725 1
727 725 2
728 725 2
1135 725 1
209 726 1
391 726 1
433 726 1
460 726 1
724 726 1
725 726 1
727 726 1
728 726 1
128 727 1
209 727 2
341 727 1
391 727 2
433 727 2
460 727 2
498 727 1
724 727 2
725 727 2
726 727 1
728 727 2
1135 727 1
128 728 1
209 728 2
341 728 1
391 728 2
433 728 2
460 728 2
498 728 1
724 728 2
725 728 2
726 728 1
727 728 2
1135 728 1
397 729 1
730 729 1
731 729 1
397 730 1
729 730 1
731 730 1
397 731 1
729 731 1
730 731 1
733 732 1
734 732 1
735 732 1
736 732 1
737 732 1
738 732 1
739 732 1
740 732 1
741 732 1
742 732 1
732 733 1
734 733 1
735 733 1
736 733 1
737 733 1
738 733 1
739 733 1
740 733 1
741 733 1
742 733 1
732 734 1
733 734 1
735 734 1
736 734 1
737 734 1
738 734 1
739 734 1
740 734 1
741 734 1
742 734 1
732 735 1
733 735 1
734 735 1
736 735 1
737 735 1
738 735 1
739 735 1
740 735 1
741 735 1
742 735 1
732 736 1
733 736 1
734 736 1
735 736 1
737 736 1
738 736 1
739 736 1
740 736 1
741 736 1
742 736 1
732 737 1
733 737 1
734 737 1
735 737 1
736 737 1
738 737 1
739 737 1
740 737 1
741 737 1
742 737 1
732 738 1
733 738 1
734 738 1
735 738 1
736 738 1
737 738 1
739 738 1
740 738 1
741 738 1
742 738 1
732 739 1
733 739 1
734 739 1
735 739 1
736 739 1
737 739 1
738 739 1
740 739 1
741 739 1
742 739 1
732 740 1
733 740 1
734 740 1
735 740 1
736 740 1
737 740 1
738 740 1
739 740 1
741 740 1
742 740 1
732 741 1
733 741 1
734 741 1
735 741 1
736 741 1
737 741 1
738 741 1
739 741 1
740 741 1
742 741 1
732 742 1
733 742 1
734 742 1
735 742 1
736 742 1
737 742 1
738 742 1
739 742 1
740 742 1
741 742 1
744 743 1
743 744 1
746 745 1
747 745 1
745 746 1
747 746 1
745 747 1
746 747 1
61 748 1
148 748 1
619 748 1
55 749 1
750 749 1
55 750 1
749 750 1
239 751 1
249 751 1
752 751 1
239 752 1
249 752 1
751 752 1
25 753 1
163 753 1
552 753 1
554 753 1
147 754 1
148 754 1
174 755 1
756 755 1
758 755 1
755 756 1
403 757 1
422 757 1
174 758 1
755 758 1
205 759 1
211 759 1
294 760 1
761 760 1
762 760 1
294 761 1
760 761 1
762 761 1
294 762 1
760 762 1
761 762 1
304 763 1
307 763 1
308 763 1
576 763 1
764 763 1
765 763 1
766 763 1
304 764 1
307 764 1
308 764 1
576 764 1
763 764 1
765 764 1
766 764 1
304 765 1
307 765 1
308 765 1
576 765 1
763 765 1
764 765 1
766 765 1
304 766 1
307 766 1
308 766 1
576 766 1
763 766 1
764 766 1
765 766 1
409 767 1
413 767 1
769 768 2
1164 768 1
1165 768 1
768 769 2
1164 769 1
1165 769 1
5 770 1
90 770 1
135 770 1
771 770 1
772 770 1
773 770 1
5 771 1
90 771 1
135 771 1
770 771 1
772 771 1
773 771 1
5 772 1
90 772 1
135 772 1
770 772 1
771 772 1
773 772 1
5 773 1
90 773 1
135 773 1
770 773 1
771 773 1
772 773 1
73 774 1
14 775 1
776 775 1
14 776 1
775 776 1
1153 776 1
1154 776 1
200 777 1
778 777 1
200 778 1
777 778 1
138 779 1
154 779 1
191 779 1
202 779 1
471 779 1
627 779 1
780 779 1
138 780 1
154 780 1
191 780 1
202 780 1
471 780 1
627 780 1
779 780 1
783 781 1
784 781 1
88 782 1
106 782 1
613 782 1
781 783 1
784 783 1
781 784 1
783 784 1
470 785 1
569 785 1
786 785 1
787 785 1
470 786 1
569 786 1
785 786 1
787 786 1
470 787 1
569 787 1
785 787 1
786 787 1
789 788 1
790 788 1
788 789 1
790 789 1
788 790 1
789 790 1
555 791 1
560 791 1
369 792 1
793 792 1
369 793 1
792 793 1
10 794 1
96 794 1
113 794 1
117 794 1
358 794 1
445 794 1
464 794 1
516 794 1
528 794 1
584 794 1
630 794 1
634 794 1
795 794 1
10 795 1
96 795 1
113 795 1
117 795 1
358 795 1
445 795 1
464 795 1
516 795 1
528 795 1
584 795 1
630 795 1
634 795 1
794 795 1
129 796 1
516 796 1
583 797 1
661 798 1
799 798 1
800 798 1
801 798 1
802 798 1
803 798 1
661 799 1
798 799 1
800 799 1
801 799 1
802 799 1
803 799 1
661 800 1
798 800 1
799 800 1
801 800 1
802 800 1
803 800 1
661 801 1
798 801 1
799 801 1
800 801 1
802 801 1
803 801 1
661 802 1
798 802 1
799 802 1
800 802 1
801 802 1
803 802 1
661 803 1
798 803 1
799 803 1
800 803 1
801 803 1
802 803 1
805 804 1
804 805 1
570 806 1
230 807 1
809 808 1
808 809 1
811 810 1
650 811 1
810 811 1
813 812 1
814 812 1
815 812 1
816 812 1
817 812 1
812 813 1
814 813 1
815 813 1
816 813 1
817 813 1
812 814 1
813 814 1
815 814 1
816 814 1
817 814 1
812 815 1
813 815 1
814 815 1
816 815 1
817 815 1
87 816 1
141 816 1
812 816 1
813 816 1
814 816 1
815 816 1
817 816 1
812 817 1
813 817 1
814 817 1
815 817 1
816 817 1
197 818 1
284 818 1
509 818 1
44 819 1
44 820 1
72 820 1
565 821 1
823 822 1
822 823 1
825 824 1
824 825 1
827 826 1
828 826 1
829 826 1
830 826 1
826 827 1
828 827 1
829 827 1
830 827 1
826 828 1
827 828 1
829 828 1
830 828 1
826 829 1
827 829 1
828 829 1
830 829 1
826 830 1
827 830 1
828 830 1
829 830 1
206 831 1
207 831 1
7 832 1
59 833 2
148 833 2
184 833 2
835 834 1
322 835 1
590 835 1
626 835 1
834 835 1
837 836 1
838 836 1
836 837 1
838 837 1
836 838 1
837 838 1
253 839 1
841 840 1
840 841 1
186 842 1
300 842 1
679 842 1
844 843 1
843 844 1
846 845 1
847 845 1
848 845 1
849 845 1
850 845 1
851 845 1
845 846 1
847 846 1
848 846 1
849 846 1
850 846 1
851 846 1
845 847 1
846 847 1
848 847 1
849 847 1
850 847 1
851 847 1
845 848 1
846 848 1
847 848 1
849 848 1
850 848 1
851 848 1
845 849 1
846 849 1
847 849 1
848 849 1
850 849 1
851 849 1
845 850 1
846 850 1
847 850 1
848 850 1
849 850 1
851 850 1
845 851 1
846 851 1
847 851 1
848 851 1
849 851 1
850 851 1
533 852 1
853 852 1
854 852 1
855 852 1
856 852 1
533 853 1
852 853 1
854 853 1
855 853 1
856 853 1
533 854 1
852 854 1
853 854 1
855 854 1
856 854 1
533 855 1
852 855 1
853 855 1
854 855 1
856 855 1
533 856 1
852 856 1
853 856 1
854 856 1
855 856 1
858 857 1
857 858 1
385 859 1
6 860 1
226 860 1
241 860 4
316 860 1
410 860 5
861 860 1
241 861 1
396 861 2
410 861 1
860 861 1
917 861 1
918 861 1
27 862 1
64 862 1
65 862 1
429 862 1
607 862 1
1247 862 1
1248 862 1
864 863 1
863 864 1
904 864 1
866 865 1
867 865 1
865 866 1
867 866 1
865 867 1
866 867 1
41 868 1
92 868 1
94 868 1
119 868 1
120 868 1
121 868 1
869 868 1
41 869 1
92 869 1
94 869 1
119 869 1
120 869 1
121 869 1
868 869 1
9 870 1
119 870 1
121 870 1
129 870 1
203 870 1
350 870 1
378 870 1
672 870 1
689 870 1
872 871 1
871 872 1
209 873 1
285 873 1
384 873 1
451 873 1
874 873 1
875 873 1
876 873 1
209 874 1
285 874 1
384 874 1
451 874 1
873 874 1
875 874 1
876 874 1
209 875 1
285 875 1
384 875 1
451 875 1
873 875 1
874 875 1
876 875 1
209 876 1
285 876 1
384 876 1
451 876 1
873 876 1
874 876 1
875 876 1
687 877 1
878 877 1
879 877 1
880 877 1
881 877 1
687 878 1
877 878 1
879 878 1
880 878 1
687 879 1
877 879 1
878 879 1
880 879 1
521 880 1
687 880 1
877 880 1
878 880 1
879 880 1
472 881 1
877 881 1
1019 881 1
883 882 1
882 883 1
455 884 1
885 884 1
886 884 1
887 884 1
455 885 1
884 885 1
886 885 1
887 885 1
455 886 1
884 886 1
885 886 1
887 886 1
455 887 1
884 887 1
885 887 1
886 887 1
122 888 1
141 888 1
189 888 1
652 888 1
890 889 1
891 889 1
892 889 1
889 890 1
891 890 1
892 890 1
889 891 1
890 891 1
892 891 1
889 892 1
890 892 1
891 892 1
894 893 1
893 894 1
394 895 1
439 895 1
510 895 1
36 896 1
49 897 1
898 897 1
897 898 1
273 899 1
274 899 1
450 899 1
99 900 1
171 900 1
221 900 1
589 900 1
901 900 1
99 901 2
171 901 2
221 901 2
589 901 2
900 901 1
1049 901 1
903 902 1
902 903 1
864 904 1
536 905 2
695 905 1
1086 905 1
1087 905 1
256 906 1
636 907 1
636 908 1
552 909 1
553 909 1
554 909 1
604 909 1
236 910 1
631 910 1
911 910 1
940 910 1
1066 910 1
1067 910 1
1068 910 1
631 911 1
910 911 1
520 912 1
913 912 1
520 913 1
912 913 1
677 914 1
105 915 1
554 916 1
396 917 1
861 917 1
861 918 1
593 919 1
639 919 1
654 919 1
722 919 1
920 919 1
921 919 1
922 919 1
923 919 1
924 919 1
593 920 1
639 920 1
654 920 1
722 920 1
919 920 1
921 920 1
922 920 1
923 920 1
924 920 1
593 921 1
639 921 1
654 921 1
722 921 1
919 921 1
920 921 1
922 921 1
923 921 1
924 921 1
593 922 1
639 922 1
654 922 1
722 922 1
919 922 1
920 922 1
921 922 1
923 922 1
924 922 1
593 923 1
639 923 1
654 923 1
722 923 1
919 923 1
920 923 1
921 923 1
922 923 1
924 923 1
593 924 1
639 924 1
654 924 1
722 924 1
919 924 1
920 924 1
921 924 1
922 924 1
923 924 1
926 925 1
927 925 1
928 925 1
929 925 1
925 926 1
927 926 1
928 926 1
929 926 1
925 927 1
926 927 1
928 927 1
929 927 1
925 928 1
926 928 1
927 928 1
929 928 1
925 929 1
926 929 1
927 929 1
928 929 1
931 930 1
930 931 1
536 932 2
695 932 1
149 933 1
179 933 1
183 933 1
185 933 1
248 933 1
465 934 1
346 935 1
408 935 1
685 935 1
936 935 1
346 936 1
408 936 1
685 936 1
935 936 1
938 937 1
937 938 1
132 939 1
236 940 1
910 940 1
1066 940 1
1067 940 1
1068 940 1
291 941 1
345 941 1
366 941 1
592 941 1
942 941 1
291 942 1
345 942 1
366 942 1
592 942 1
941 942 1
246 943 1
1039 943 1
1081 943 1
1082 943 1
1083 943 1
1084 943 1
945 944 2
1035 944 1
128 945 2
129 945 2
141 945 1
498 945 1
672 945 1
944 945 2
1035 945 2
1072 945 1
1126 945 1
233 946 1
13 947 1
208 947 1
949 948 1
1080 948 1
948 949 1
1103 949 1
1104 949 1
76 950 1
201 950 1
616 950 1
629 950 1
1190 951 1
503 952 1
190 953 1
44 954 1
193 954 1
283 954 1
346 954 2
453 954 1
582 954 1
1173 954 1
1285 954 1
956 955 1
957 955 1
955 956 1
957 956 1
955 957 1
956 957 1
37 958 1
684 958 1
452 959 1
961 960 1
960 961 1
389 962 1
964 963 1
963 964 1
78 965 1
106 966 1
967 966 1
997 966 1
1086 966 1
966 967 1
251 968 1
369 968 1
969 968 1
251 969 1
369 969 1
968 969 1
971 970 1
972 970 1
970 971 1
972 971 1
970 972 1
971 972 1
478 973 1
479 973 1
480 973 1
974 973 1
975 973 1
478 974 1
479 974 1
480 974 1
973 974 1
975 974 1
478 975 1
479 975 1
480 975 1
973 975 1
974 975 1
977 976 1
976 977 1
979 978 1
980 978 1
981 978 1
982 978 1
983 978 1
984 978 1
985 978 1
986 978 1
978 979 1
980 979 1
981 979 1
982 979 1
983 979 1
978 980 1
979 980 1
981 980 1
982 980 1
983 980 1
978 981 1
979 981 1
980 981 1
982 981 1
983 981 1
978 982 1
979 982 1
980 982 1
981 982 1
983 982 1
978 983 1
979 983 1
980 983 1
981 983 1
982 983 1
1032 983 1
978 984 1
985 984 1
986 984 1
978 985 1
984 985 1
986 985 1
978 986 1
984 986 1
985 986 1
462 987 1
988 987 1
989 987 1
990 987 1
991 987 1
992 987 1
993 987 1
994 987 1
462 988 1
987 988 1
989 988 1
990 988 1
991 988 1
992 988 1
993 988 1
994 988 1
462 989 1
987 989 1
988 989 1
990 989 1
991 989 1
992 989 1
993 989 1
994 989 1
462 990 1
987 990 1
988 990 1
989 990 1
991 990 1
992 990 1
993 990 1
994 990 1
462 991 1
987 991 1
988 991 1
989 991 1
990 991 1
992 991 1
993 991 1
994 991 1
462 992 1
987 992 1
988 992 1
989 992 1
990 992 1
991 992 1
993 992 1
994 992 1
462 993 1
987 993 1
988 993 1
989 993 1
990 993 1
991 993 1
992 993 1
994 993 1
462 994 1
987 994 1
988 994 1
989 994 1
990 994 1
991 994 1
992 994 1
993 994 1
996 995 1
995 996 1
106 997 1
966 997 1
264 998 1
999 998 1
1000 998 1
1001 998 1
1002 998 1
1003 998 1
1004 998 1
264 999 1
998 999 1
1000 999 1
1001 999 1
1002 999 1
1003 999 1
1004 999 1
264 1000 1
998 1000 1
999 1000 1
1001 1000 1
1002 1000 1
1003 1000 1
1004 1000 1
264 1001 1
998 1001 1
999 1001 1
1000 1001 1
1002 1001 1
1003 1001 1
1004 1001 1
264 1002 1
998 1002 1
999 1002 1
1000 1002 1
1001 1002 1
1003 1002 1
1004 1002 1
264 1003 1
998 1003 1
999 1003 1
1000 1003 1
1001 1003 1
1002 1003 1
1004 1003 1
264 1004 1
998 1004 1
999 1004 1
1000 1004 1
1001 1004 1
1002 1004 1
1003 1004 1
577 1005 1
1006 1005 1
577 1006 1
1005 1006 1
119 1007 1
129 1007 1
130 1007 1
418 1007 1
419 1007 1
434 1007 1
689 1007 1
1008 1007 1
119 1008 1
129 1008 1
130 1008 1
418 1008 1
419 1008 1
434 1008 1
689 1008 1
1007 1008 1
539 1009 1
1010 1009 1
539 1010 1
1009 1010 1
1012 1011 1
1011 1012 1
204 1013 1
1015 1014 1
1016 1014 1
1014 1015 1
1016 1015 1
1014 1016 1
1015 1016 1
306 1017 1
325 1018 1
881 1019 1
1020 1019 1
1024 1019 1
1025 1019 1
1026 1019 1
1073 1019 1
1074 1019 1
1075 1019 2
1076 1019 1
1019 1020 1
340 1021 1
489 1021 1
490 1021 1
1022 1021 1
1023 1021 1
340 1022 1
489 1022 1
490 1022 1
1021 1022 1
1023 1022 1
340 1023 1
489 1023 1
490 1023 1
1021 1023 1
1022 1023 1
1019 1024 1
1025 1024 1
1026 1024 1
1019 1025 1
1024 1025 1
1026 1025 1
1019 1026 1
1024 1026 1
1025 1026 1
257 1027 1
267 1027 1
24 1028 1
401 1028 1
526 1029 1
1031 1030 1
1030 1031 1
983 1032 1
473 1033 1
397 1034 1
129 1035 2
141 1035 1
169 1035 1
944 1035 1
945 1035 2
417 1036 1
400 1037 1
1038 1037 1
400 1038 1
1037 1038 1
943 1039 1
1041 1040 1
1040 1041 1
305 1042 1
520 1042 1
554 1043 1
1044 1043 1
1045 1043 1
554 1044 1
1043 1044 1
1045 1044 1
554 1045 1
1043 1045 1
1044 1045 1
1047 1046 2
1046 1047 2
695 1048 1
99 1049 1
171 1049 1
221 1049 1
589 1049 1
901 1049 1
332 1050 1
443 1050 1
536 1050 2
565 1050 1
613 1050 2
67 1051 1
504 1051 1
639 1051 1
676 1051 1
1052 1051 1
1053 1051 1
1054 1051 1
1055 1051 1
67 1052 1
504 1052 1
639 1052 1
676 1052 1
1051 1052 1
1053 1052 1
1054 1052 1
1055 1052 1
67 1053 1
504 1053 1
639 1053 1
676 1053 1
1051 1053 1
1052 1053 1
1054 1053 1
1055 1053 1
67 1054 1
504 1054 1
639 1054 1
676 1054 1
1051 1054 1
1052 1054 1
1053 1054 1
1055 1054 1
67 1055 1
504 1055 1
639 1055 1
676 1055 1
1051 1055 1
1052 1055 1
1053 1055 1
1054 1055 1
1057 1056 1
1058 1056 1
1059 1056 1
1056 1057 1
1058 1057 1
1059 1057 1
1056 1058 1
1057 1058 1
1059 1058 1
1056 1059 1
1057 1059 1
1058 1059 1
68 1060 1
435 1060 1
1061 1060 1
68 1061 1
435 1061 1
1060 1061 1
314 1062 1
1064 1063 1
1065 1063 1
1063 1064 1
1065 1064 1
1063 1065 1
1064 1065 1
236 1066 1
910 1066 1
940 1066 1
1067 1066 1
1068 1066 1
236 1067 1
910 1067 1
940 1067 1
1066 1067 1
1068 1067 1
236 1068 1
910 1068 1
940 1068 1
1066 1068 1
1067 1068 1
531 1069 1
1115 1070 1
1116 1070 1
1117 1070 1
1118 1070 1
247 1071 1
368 1071 1
386 1071 1
1220 1071 1
1221 1071 1
1222 1071 1
1223 1071 1
1224 1071 1
1225 1071 1
1226 1071 1
945 1072 1
1145 1072 1
1019 1073 1
1074 1073 1
1075 1073 1
1076 1073 1
1019 1074 1
1073 1074 1
1075 1074 1
1076 1074 1
1019 1075 2
1073 1075 1
1074 1075 1
1076 1075 1
1019 1076 1
1073 1076 1
1074 1076 1
1075 1076 1
125 1077 1
428 1077 1
40 1078 1
383 1078 1
407 1078 1
523 1079 1
948 1080 1
246 1081 1
943 1081 1
1082 1081 1
1083 1081 1
1084 1081 1
246 1082 1
943 1082 1
1081 1082 1
1083 1082 1
1084 1082 1
246 1083 1
943 1083 1
1081 1083 1
1082 1083 1
1084 1083 1
246 1084 1
943 1084 1
1081 1084 1
1082 1084 1
1083 1084 1
647 1085 1
366 1086 1
536 1086 1
695 1086 1
905 1086 1
966 1086 1
1087 1086 1
536 1087 1
695 1087 1
905 1087 1
1086 1087 1
140 1088 1
97 1089 1
195 1089 1
275 1089 1
1090 1089 1
1091 1089 1
1092 1089 1
1093 1089 1
1094 1089 1
97 1090 1
195 1090 1
275 1090 1
1089 1090 1
1091 1090 1
1092 1090 1
1093 1090 1
1094 1090 1
97 1091 1
195 1091 1
275 1091 1
1089 1091 1
1090 1091 1
1092 1091 1
1093 1091 1
1094 1091 1
97 1092 1
195 1092 1
275 1092 1
1089 1092 1
1090 1092 1
1091 1092 1
1093 1092 1
1094 1092 1
97 1093 1
195 1093 1
275 1093 1
1089 1093 1
1090 1093 1
1091 1093 1
1092 1093 1
1094 1093 1
97 1094 1
195 1094 1
275 1094 1
1089 1094 1
1090 1094 1
1091 1094 1
1092 1094 1
1093 1094 1
1096 1095 1
1095 1096 1
70 1097 1
363 1098 1
364 1098 1
1099 1098 1
363 1099 1
364 1099 1
1098 1099 1
99 1100 1
221 1100 1
495 1100 1
1101 1100 1
99 1101 1
221 1101 1
495 1101 1
1100 1101 1
71 1102 1
277 1102 1
278 1102 1
949 1103 1
1104 1103 1
949 1104 1
1103 1104 1
474 1105 1
1106 1105 1
1107 1105 1
474 1106 1
1105 1106 1
1107 1106 1
474 1107 1
1105 1107 1
1106 1107 1
122 1108 1
395 1109 1
415 1109 1
244 1110 1
98 1111 1
1112 1111 1
98 1112 1
1111 1112 1
588 1113 1
327 1114 1
440 1114 1
1070 1115 1
1116 1115 1
1117 1115 1
1118 1115 1
1070 1116 1
1115 1116 1
1117 1116 1
1118 1116 1
1070 1117 1
1115 1117 1
1116 1117 1
1118 1117 1
1070 1118 1
1115 1118 1
1116 1118 1
1117 1118 1
214 1119 1
352 1119 1
1120 1119 1
214 1120 1
352 1120 1
1119 1120 1
481 1121 1
1123 1122 1
1124 1122 1
1122 1123 1
1124 1123 1
1122 1124 1
1123 1124 1
4 1125 1
57 1125 1
437 1125 1
442 1125 1
83 1126 1
119 1126 1
121 1126 1
128 1126 1
129 1126 2
155 1126 1
498 1126 1
672 1126 1
945 1126 1
129 1127 1
139 1127 1
515 1127 1
672 1127 1
1128 1127 1
129 1128 1
139 1128 1
515 1128 1
672 1128 1
1127 1128 1
129 1129 1
1131 1130 1
1130 1131 1
493 1132 1
650 1132 1
650 1133 1
671 1133 1
682 1134 1
128 1135 1
209 1135 1
341 1135 1
391 1135 1
433 1135 1
460 1135 1
498 1135 1
724 1135 1
725 1135 1
727 1135 1
728 1135 1
442 1136 1
252 1137 1
1138 1137 1
252 1138 1
1137 1138 1
54 1139 1
566 1139 1
1140 1139 1
54 1140 1
566 1140 1
1139 1140 1
89 1141 1
103 1141 1
104 1141 1
161 1141 1
1142 1141 1
1143 1141 1
89 1142 1
103 1142 1
104 1142 1
161 1142 1
1141 1142 1
1143 1142 1
89 1143 1
103 1143 1
104 1143 1
161 1143 1
1141 1143 1
1142 1143 1
325 1144 1
481 1144 1
1072 1145 1
572 1146 1
375 1147 1
617 1147 1
448 1148 1
1149 1148 1
448 1149 1
1148 1149 1
477 1150 1
1152 1151 1
1151 1152 1
776 1153 1
1154 1153 1
776 1154 1
1153 1154 1
75 1155 1
291 1155 1
546 1155 1
173 1156 1
1158 1157 1
1157 1158 1
362 1159 1
387 1160 1
1161 1160 1
1162 1160 1
387 1161 1
1160 1161 1
1162 1161 1
387 1162 1
1160 1162 1
1161 1162 1
287 1163 1
387 1163 1
388 1163 1
416 1163 1
573 1163 1
653 1163 1
768 1164 1
769 1164 1
1165 1164 1
768 1165 1
769 1165 1
1164 1165 1
496 1166 1
1167 1166 1
496 1167 1
1166 1167 1
1169 1168 1
1168 1169 1
715 1170 1
80 1171 1
411 1171 1
1172 1171 1
80 1172 1
411 1172 1
1171 1172 1
32 1173 1
193 1173 1
278 1173 1
283 1173 1
346 1173 1
453 1173 1
587 1173 1
954 1173 1
1285 1173 1
1175 1174 1
1176 1174 1
1177 1174 1
1174 1175 1
1176 1175 1
1177 1175 1
1174 1176 1
1175 1176 1
1177 1176 1
1174 1177 1
1175 1177 1
1176 1177 1
491 1178 1
1179 1178 1
1180 1178 1
491 1179 1
1178 1179 1
1180 1179 1
491 1180 1
1178 1180 1
1179 1180 1
1182 1181 1
1183 1181 1
1184 1181 1
1181 1182 1
1183 1182 1
1184 1182 1
1181 1183 1
1182 1183 1
1184 1183 1
1181 1184 1
1182 1184 1
1183 1184 1
1186 1185 2
1187 1185 1
1185 1186 2
1187 1186 1
1185 1187 1
1186 1187 1
1189 1188 1
1188 1189 1
951 1190 1
129 1191 1
1193 1192 1
1192 1193 1
122 1194 1
310 1195 1
525 1195 1
1196 1195 1
310 1196 1
525 1196 1
1195 1196 1
347 1197 1
1198 1197 1
347 1198 1
1197 1198 1
349 1199 1
442 1199 1
1201 1200 1
1200 1201 1
430 1202 1
463 1202 1
492 1202 1
1203 1202 1
1204 1202 1
430 1203 1
463 1203 1
492 1203 1
1202 1203 1
1204 1203 1
430 1204 1
463 1204 1
492 1204 1
1202 1204 1
1203 1204 1
257 1205 2
1206 1205 1
1207 1205 1
1208 1205 1
257 1206 1
1205 1206 1
257 1207 1
1205 1207 1
1208 1207 1
257 1208 1
1205 1208 1
1207 1208 1
1210 1209 1
1211 1209 1
1209 1210 1
1211 1210 1
1209 1211 1
1210 1211 1
1213 1212 1
1212 1213 1
162 1214 1
1215 1214 1
162 1215 1
1214 1215 1
79 1216 1
279 1216 1
633 1216 1
257 1217 1
442 1217 1
1218 1217 1
257 1218 1
442 1218 2
1217 1218 1
1219 1218 1
442 1219 1
1218 1219 1
247 1220 1
368 1220 1
386 1220 1
1071 1220 1
1221 1220 1
1222 1220 1
1223 1220 1
1224 1220 1
1225 1220 1
1226 1220 1
247 1221 1
368 1221 1
386 1221 1
1071 1221 1
1220 1221 1
1222 1221 1
1223 1221 1
1224 1221 1
1225 1221 1
1226 1221 1
247 1222 1
368 1222 1
386 1222 1
1071 1222 1
1220 1222 1
1221 1222 1
1223 1222 1
1224 1222 1
1225 1222 1
1226 1222 1
247 1223 1
368 1223 1
386 1223 1
1071 1223 1
1220 1223 1
1221 1223 1
1222 1223 1
1224 1223 1
1225 1223 1
1226 1223 1
247 1224 1
368 1224 1
386 1224 1
1071 1224 1
1220 1224 1
1221 1224 1
1222 1224 1
1223 1224 1
1225 1224 1
1226 1224 1
247 1225 1
368 1225 1
386 1225 1
1071 1225 1
1220 1225 1
1221 1225 1
1222 1225 1
1223 1225 1
1224 1225 1
1226 1225 1
247 1226 1
368 1226 1
386 1226 1
1071 1226 1
1220 1226 1
1221 1226 1
1222 1226 1
1223 1226 1
1224 1226 1
1225 1226 1
494 1227 1
523 1228 1
571 1229 1
658 1229 1
659 1229 2
1233 1229 1
131 1230 1
298 1230 1
1231 1230 1
131 1231 1
298 1231 1
1230 1231 1
234 1232 1
571 1233 1
658 1233 1
659 1233 1
1229 1233 1
45 1234 1
110 1235 1
535 1235 1
563 1235 1
59 1236 1
669 1236 1
321 1237 1
449 1237 1
263 1238 1
536 1238 1
657 1238 1
457 1239 1
1240 1239 1
457 1240 1
1239 1240 1
128 1241 1
1242 1241 1
1243 1241 1
128 1242 1
1241 1242 1
1243 1242 1
128 1243 1
1241 1243 1
1242 1243 1
1245 1244 1
1244 1245 1
1 1246 1
429 1247 1
862 1247 1
1248 1247 1
429 1248 1
862 1248 1
1247 1248 1
145 1249 1
271 1249 1
309 1249 1
612 1249 1
219 1250 1
259 1251 1
656 1251 1
1253 1252 1
1252 1253 1
443 1254 1
1256 1255 1
1257 1255 1
1255 1256 1
1257 1256 1
1255 1257 1
1256 1257 1
22 1258 1
256 1259 1
85 1260 1
166 1260 1
404 1260 1
436 1260 1
693 1260 1
1261 1260 1
1262 1260 1
1263 1260 1
85 1261 1
166 1261 1
404 1261 1
436 1261 1
693 1261 1
1260 1261 1
1262 1261 1
1263 1261 1
85 1262 1
166 1262 1
404 1262 1
436 1262 1
693 1262 1
1260 1262 1
1261 1262 1
1263 1262 1
85 1263 1
166 1263 1
404 1263 1
436 1263 1
693 1263 1
1260 1263 1
1261 1263 1
1262 1263 1
223 1264 1
529 1264 1
608 1264 1
609 1264 1
529 1265 1
609 1265 1
180 1266 1
1267 1266 1
180 1267 1
1266 1267 1
1269 1268 1
1268 1269 1
578 1270 1
1271 1270 1
578 1271 1
1270 1271 1
30 1272 1
129 1272 1
1273 1272 1
30 1273 1
129 1273 1
1272 1273 1
167 1274 1
245 1274 1
294 1274 1
421 1274 1
468 1274 1
591 1274 1
196 1275 1
384 1275 1
402 1275 1
454 1275 1
1276 1275 1
196 1276 1
384 1276 1
402 1276 1
454 1276 1
1275 1276 1
111 1277 1
1278 1277 1
1279 1277 1
1280 1277 1
1281 1277 1
111 1278 1
1277 1278 1
1279 1278 1
1280 1278 1
1281 1278 1
111 1279 1
1277 1279 1
1278 1279 1
1280 1279 1
1281 1279 1
111 1280 1
1277 1280 1
1278 1280 1
1279 1280 1
1281 1280 1
111 1281 1
1277 1281 1
1278 1281 1
1279 1281 1
1280 1281 1
209 1282 1
391 1282 1
433 1282 1
659 1282 1
660 1282 1
724 1282 1
12 1283 1
229 1283 1
257 1283 1
356 1283 1
469 1284 1
193 1285 1
283 1285 1
346 1285 1
453 1285 1
954 1285 1
1173 1285 1
349 1286 1
442 1286 1
1287 1286 1
1288 1286 1
349 1287 1
442 1287 1
1286 1287 1
1288 1287 1
349 1288 1
442 1288 1
1286 1288 1
1287 1288 1
