2 1 1
3 1 1
32 1 1
41 1 2
64 1 1
65 1 2
133 1 1
579 1 1
1 2 1
32 2 1
41 2 1
64 2 1
65 2 1
1 3 1
41 3 1
65 3 1
133 3 1
579 3 1
10 4 1
50 4 1
128 4 1
205 4 1
206 4 1
207 4 1
25 5 2
367 5 1
368 5 1
135 6 1
393 6 1
394 6 1
395 6 2
400 6 1
8 7 1
23 7 1
29 7 1
7 8 1
23 8 1
29 8 1
11 9 1
29 9 1
47 9 1
48 9 1
123 9 1
126 9 1
131 9 1
303 9 1
4 10 1
50 10 1
128 10 1
205 10 1
206 10 1
207 10 1
9 11 1
18 11 1
19 11 1
29 11 2
43 11 1
89 11 1
126 11 1
303 11 1
552 11 1
88 12 1
14 13 1
113 13 1
357 13 1
358 13 1
13 14 1
113 14 1
342 14 1
357 14 1
358 14 1
52 15 1
53 15 1
17 16 1
34 16 1
35 16 1
546 16 1
16 17 1
34 17 1
35 17 1
546 17 1
11 18 1
11 19 1
29 19 1
66 20 1
196 20 1
526 20 1
177 21 1
235 21 1
236 21 1
237 21 1
238 21 1
239 21 1
154 22 1
157 22 1
208 22 1
7 23 1
8 23 1
29 23 1
500 24 1
5 25 2
367 25 1
368 25 1
27 26 2
49 26 2
71 26 1
446 26 2
487 26 1
488 26 1
489 26 1
490 26 1
491 26 1
492 26 1
493 26 1
494 26 1
26 27 2
42 27 1
49 27 1
66 27 1
71 27 1
189 27 1
446 27 1
486 27 1
487 27 1
488 27 1
489 27 1
490 27 1
491 27 1
492 27 1
493 27 1
494 27 1
172 28 1
250 28 1
565 28 1
566 28 1
7 29 1
8 29 1
9 29 1
11 29 2
19 29 1
23 29 1
46 29 1
50 29 2
89 29 3
126 29 1
161 29 1
183 29 1
195 29 1
202 29 1
303 29 1
451 29 2
525 29 1
379 30 1
384 31 1
385 31 1
386 31 1
1 32 1
2 32 1
41 32 1
64 32 1
65 32 1
401 33 1
402 33 1
16 34 1
17 34 1
35 34 1
546 34 1
16 35 1
17 35 1
34 35 1
546 35 1
427 36 2
428 36 2
359 37 1
44 38 1
83 38 1
152 38 1
330 39 1
142 40 1
1 41 2
2 41 1
3 41 1
32 41 1
64 41 1
65 41 2
133 41 1
579 41 1
27 42 1
66 42 1
11 43 1
89 43 1
552 43 1
38 44 1
83 44 1
152 44 1
46 45 1
29 46 1
45 46 1
50 46 1
81 46 1
89 46 1
161 46 1
180 46 1
183 46 2
195 46 2
202 46 1
218 46 3
219 46 2
220 46 1
221 46 1
280 46 1
300 46 2
301 46 1
451 46 1
525 46 1
9 47 1
48 47 1
9 48 1
47 48 1
26 49 2
27 49 1
71 49 1
446 49 2
4 50 1
10 50 1
29 50 2
46 50 1
89 50 2
128 50 1
161 50 1
183 50 1
195 50 1
202 50 1
205 50 2
206 50 1
207 50 1
451 50 2
525 50 1
171 51 2
249 51 2
396 51 1
397 51 1
398 51 1
399 51 1
15 52 1
53 52 1
15 53 1
52 53 1
57 54 1
82 54 2
98 54 1
99 54 1
298 54 1
299 54 1
56 55 1
80 55 4
153 55 1
178 55 2
266 55 1
312 55 1
313 55 1
314 55 1
315 55 1
341 55 2
560 55 1
55 56 1
80 56 1
153 56 1
178 56 1
341 56 1
54 57 1
82 57 1
98 57 1
99 57 1
63 58 1
498 58 1
499 58 1
150 59 1
202 60 1
80 61 1
200 61 3
580 61 1
211 62 1
212 62 1
363 62 1
364 62 1
58 63 1
498 63 1
499 63 1
1 64 1
2 64 1
32 64 1
41 64 1
65 64 1
1 65 2
2 65 1
3 65 1
32 65 1
41 65 2
64 65 1
133 65 1
579 65 1
20 66 1
27 66 1
42 66 1
196 66 1
369 66 1
526 66 1
68 67 1
550 67 1
551 67 1
67 68 1
550 68 1
551 68 1
242 69 1
435 69 1
436 69 1
100 70 1
26 71 1
27 71 1
49 71 1
446 71 1
181 72 1
438 72 1
439 72 1
440 72 1
516 72 1
517 72 1
158 73 1
243 73 1
339 73 1
175 74 1
208 74 1
233 74 1
240 74 1
241 74 1
76 75 2
125 75 1
75 76 2
125 76 1
460 76 1
226 77 1
227 77 1
323 77 1
324 77 1
581 78 1
582 78 1
583 78 1
584 78 1
182 79 1
186 79 1
191 79 1
532 79 1
533 79 1
55 80 4
56 80 1
61 80 1
153 80 1
178 80 2
200 80 1
266 80 1
312 80 1
313 80 1
314 80 1
315 80 1
341 80 2
560 80 1
580 80 1
46 81 1
218 81 1
280 81 1
54 82 2
57 82 1
98 82 1
99 82 1
298 82 1
299 82 1
38 83 1
44 83 1
152 83 1
129 84 2
130 84 3
137 84 1
143 84 1
444 84 2
445 84 1
495 84 1
496 84 1
497 84 1
530 84 1
94 85 1
331 85 1
332 85 1
87 86 2
167 86 1
376 86 2
86 87 2
167 87 1
376 87 2
12 88 1
11 89 1
29 89 3
43 89 1
46 89 1
50 89 2
161 89 1
183 89 1
195 89 1
202 89 1
362 89 1
451 89 2
525 89 1
552 89 1
91 90 1
92 90 1
93 90 1
90 91 1
92 91 1
93 91 1
90 92 1
91 92 1
93 92 1
90 93 1
91 93 1
92 93 1
85 94 1
331 94 1
332 94 1
411 95 1
225 96 1
319 96 1
320 96 1
321 96 1
322 96 1
222 97 1
522 97 1
54 98 1
57 98 1
82 98 1
99 98 1
54 99 1
57 99 1
82 99 1
98 99 1
70 100 1
102 101 2
248 101 2
260 101 1
529 101 1
101 102 2
248 102 2
260 102 1
529 102 1
111 103 1
165 104 1
209 104 1
251 104 1
338 104 1
468 105 1
124 106 1
127 106 1
591 106 1
310 107 1
311 107 1
261 108 1
292 108 1
179 109 1
188 109 1
456 109 1
188 110 1
553 110 1
103 111 1
434 112 1
13 113 1
14 113 1
357 113 1
358 113 1
520 114 1
521 114 1
214 115 1
335 115 1
336 115 1
118 116 1
139 117 1
567 117 1
568 117 1
116 118 1
557 119 1
558 119 1
559 119 1
316 120 1
317 120 1
318 120 1
146 121 1
414 121 1
464 121 1
465 121 1
153 122 1
9 123 1
131 123 1
106 124 1
127 124 1
591 124 1
75 125 1
76 125 1
9 126 1
11 126 1
29 126 1
303 126 1
106 127 1
124 127 1
591 127 1
4 128 1
10 128 1
50 128 1
205 128 1
206 128 1
207 128 1
84 129 2
137 129 1
143 129 1
84 130 3
444 130 2
445 130 1
495 130 1
496 130 1
497 130 1
530 130 1
9 131 1
123 131 1
230 132 1
269 132 1
270 132 1
1 133 1
3 133 1
41 133 1
65 133 1
579 133 1
161 134 1
170 134 1
6 135 1
453 136 1
454 136 1
455 136 1
84 137 1
129 137 1
143 137 1
228 138 1
117 139 1
567 139 1
568 139 1
147 140 1
457 140 1
458 140 1
459 140 1
476 141 2
481 141 1
40 142 1
84 143 1
129 143 1
137 143 1
195 144 1
197 144 1
259 144 1
534 144 1
535 144 1
536 144 1
537 144 1
538 144 1
539 144 1
540 144 1
541 144 1
542 144 1
543 144 1
544 144 1
545 144 1
229 145 1
469 145 1
121 146 1
414 146 1
140 147 1
457 147 1
458 147 1
459 147 1
309 148 1
585 149 1
59 150 1
168 151 1
547 151 1
548 151 1
549 151 1
38 152 1
44 152 1
83 152 1
55 153 1
56 153 1
80 153 1
122 153 1
178 153 1
187 153 1
204 153 1
341 153 1
437 153 1
22 154 1
157 154 1
208 154 1
429 155 2
164 156 1
511 156 1
22 157 1
154 157 1
208 157 1
73 158 1
193 158 1
243 158 1
339 158 2
340 158 1
302 159 1
409 160 1
410 160 1
506 160 1
29 161 1
46 161 1
50 161 1
89 161 1
134 161 1
170 161 1
183 161 1
195 161 1
202 161 2
264 161 1
271 161 1
272 161 1
451 161 1
525 161 2
328 162 1
501 163 1
502 163 1
503 163 1
504 163 1
505 163 1
156 164 1
511 164 1
104 165 1
209 165 1
338 165 1
169 166 2
192 166 2
252 166 2
527 166 2
86 167 1
87 167 1
376 167 1
151 168 1
547 168 1
548 168 1
549 168 1
166 169 2
192 169 2
252 169 2
527 169 2
134 170 1
161 170 1
51 171 2
249 171 2
396 171 1
397 171 1
398 171 1
399 171 1
28 172 1
250 172 1
565 172 1
566 172 1
253 173 1
255 173 1
268 173 1
186 174 1
190 174 1
74 175 1
208 175 1
233 175 1
240 175 1
241 175 1
518 176 1
21 177 1
235 177 1
236 177 1
237 177 1
238 177 1
239 177 1
55 178 2
56 178 1
80 178 2
153 178 1
312 178 1
313 178 1
314 178 1
315 178 1
341 178 1
109 179 1
188 179 1
456 179 1
46 180 1
218 180 1
72 181 1
438 181 1
439 181 1
440 181 1
79 182 1
186 182 1
191 182 1
532 182 1
533 182 1
29 183 1
46 183 2
50 183 1
89 183 1
161 183 1
195 183 2
202 183 1
244 183 1
245 183 1
349 183 2
350 183 1
351 183 1
352 183 1
451 183 1
525 183 1
484 184 1
485 184 1
215 185 1
234 185 1
262 185 1
79 186 1
174 186 1
182 186 1
190 186 1
191 186 1
532 186 1
533 186 1
153 187 1
204 187 1
437 187 1
109 188 1
110 188 1
179 188 1
456 188 1
553 188 1
27 189 1
486 189 1
174 190 1
186 190 1
79 191 1
182 191 1
186 191 1
532 191 1
533 191 1
166 192 2
169 192 2
252 192 2
527 192 2
158 193 1
339 193 1
340 193 1
223 194 1
224 194 1
29 195 1
46 195 2
50 195 1
89 195 1
144 195 1
161 195 1
183 195 2
197 195 1
202 195 1
259 195 1
451 195 1
525 195 1
534 195 1
535 195 1
536 195 1
537 195 1
538 195 1
539 195 1
540 195 1
541 195 1
542 195 1
543 195 1
544 195 1
545 195 1
20 196 1
66 196 1
526 196 1
144 197 1
195 197 1
259 197 1
534 197 1
535 197 1
536 197 1
537 197 1
538 197 1
539 197 1
540 197 1
541 197 1
542 197 1
543 197 1
544 197 1
545 197 1
528 198 1
523 199 1
524 199 1
61 200 3
80 200 1
580 200 1
216 201 1
256 201 1
561 201 1
562 201 1
563 201 1
564 201 1
29 202 1
46 202 1
50 202 1
60 202 1
89 202 1
161 202 2
183 202 1
195 202 1
451 202 1
525 202 2
513 203 1
514 203 1
515 203 1
153 204 1
187 204 1
437 204 1
4 205 1
10 205 1
50 205 2
128 205 1
206 205 1
207 205 1
4 206 1
10 206 1
50 206 1
128 206 1
205 206 1
207 206 1
4 207 1
10 207 1
50 207 1
128 207 1
205 207 1
206 207 1
22 208 1
74 208 1
154 208 1
157 208 1
175 208 1
233 208 2
240 208 1
241 208 1
329 208 1
104 209 1
165 209 1
338 209 1
403 210 2
590 210 1
62 211 1
212 211 1
363 211 1
364 211 1
62 212 1
211 212 1
363 212 1
364 212 1
257 213 1
575 213 1
576 213 1
115 214 1
185 215 1
234 215 1
262 215 1
201 216 1
256 216 1
561 216 1
562 216 1
563 216 1
564 216 1
265 217 1
512 217 1
46 218 3
81 218 1
180 218 1
280 218 1
46 219 2
220 219 1
221 219 1
300 219 2
301 219 1
46 220 1
219 220 1
221 220 1
300 220 1
46 221 1
219 221 1
220 221 1
300 221 1
97 222 1
452 222 1
522 222 1
194 223 1
224 223 1
194 224 1
223 224 1
96 225 1
319 225 1
320 225 1
321 225 1
322 225 1
77 226 1
227 226 1
323 226 1
324 226 1
77 227 1
226 227 1
323 227 1
324 227 1
138 228 1
145 229 1
469 229 1
483 229 1
132 230 1
269 230 1
270 230 1
572 231 1
573 231 1
574 231 1
263 232 1
74 233 1
175 233 1
208 233 2
240 233 1
241 233 1
329 233 1
185 234 1
215 234 1
262 234 1
21 235 1
177 235 1
236 235 1
237 235 1
238 235 1
239 235 1
21 236 1
177 236 1
235 236 1
237 236 1
238 236 1
239 236 1
21 237 1
177 237 1
235 237 1
236 237 1
238 237 1
239 237 1
21 238 1
177 238 1
235 238 1
236 238 1
237 238 1
239 238 1
21 239 1
177 239 1
235 239 1
236 239 1
237 239 1
238 239 1
74 240 1
175 240 1
208 240 1
233 240 1
241 240 1
74 241 1
175 241 1
208 241 1
233 241 1
240 241 1
69 242 1
435 242 1
436 242 1
73 243 1
158 243 1
339 243 1
183 244 1
245 244 1
349 244 1
183 245 1
244 245 1
349 245 1
247 246 1
337 246 1
246 247 1
337 247 1
101 248 2
102 248 2
260 248 1
529 248 1
51 249 2
171 249 2
396 249 1
397 249 1
398 249 1
399 249 1
28 250 1
172 250 1
565 250 1
566 250 1
104 251 1
166 252 2
169 252 2
192 252 2
527 252 2
173 253 1
255 253 1
268 253 1
281 254 1
282 254 1
283 254 1
173 255 1
253 255 1
268 255 1
201 256 1
216 256 1
561 256 1
562 256 1
563 256 1
564 256 1
213 257 1
575 257 1
576 257 1
361 258 1
419 258 1
420 258 1
421 258 1
144 259 1
195 259 1
197 259 1
534 259 1
535 259 1
536 259 1
537 259 1
538 259 1
539 259 1
540 259 1
541 259 1
542 259 1
543 259 1
544 259 1
545 259 1
101 260 1
102 260 1
248 260 1
529 260 1
108 261 1
185 262 1
215 262 1
234 262 1
232 263 1
161 264 1
271 264 1
272 264 1
217 265 1
267 265 1
512 265 1
55 266 1
80 266 1
560 266 1
265 267 1
173 268 1
253 268 1
255 268 1
132 269 1
230 269 1
270 269 1
132 270 1
230 270 1
269 270 1
161 271 1
264 271 1
272 271 1
161 272 1
264 272 1
271 272 1
274 273 1
275 273 1
276 273 1
277 273 1
278 273 1
279 273 1
273 274 1
275 274 1
276 274 1
277 274 1
278 274 1
279 274 1
273 275 1
274 275 1
276 275 1
277 275 1
278 275 1
279 275 1
273 276 1
274 276 1
275 276 1
277 276 1
278 276 1
279 276 1
273 277 1
274 277 1
275 277 1
276 277 1
278 277 1
279 277 1
273 278 1
274 278 1
275 278 1
276 278 1
277 278 1
279 278 1
273 279 1
274 279 1
275 279 1
276 279 1
277 279 1
278 279 1
46 280 1
81 280 1
218 280 1
254 281 1
282 281 1
283 281 1
254 282 1
281 282 1
283 282 1
254 283 1
281 283 1
282 283 1
285 284 1
286 284 1
287 284 1
284 285 1
286 285 1
287 285 1
284 286 1
285 286 1
287 286 2
407 286 1
408 286 1
284 287 1
285 287 1
286 287 2
407 287 1
408 287 1
289 288 1
290 288 1
291 288 1
288 289 1
290 289 1
291 289 1
288 290 1
289 290 1
291 290 1
288 291 1
289 291 1
290 291 1
108 292 1
294 293 1
295 293 1
293 294 1
295 294 1
293 295 1
294 295 1
297 296 1
296 297 1
54 298 1
82 298 1
299 298 1
54 299 1
82 299 1
298 299 1
46 300 2
219 300 2
220 300 1
221 300 1
301 300 1
46 301 1
219 301 1
300 301 1
159 302 1
9 303 1
11 303 1
29 303 1
126 303 1
377 303 1
378 303 1
447 303 1
448 303 1
449 303 1
450 303 1
305 304 1
304 305 1
307 306 1
308 306 1
306 307 1
308 307 1
306 308 1
307 308 1
148 309 1
107 310 1
311 310 1
107 311 1
310 311 1
55 312 1
80 312 1
178 312 1
313 312 1
314 312 1
315 312 1
55 313 1
80 313 1
178 313 1
312 313 1
314 313 1
315 313 1
55 314 1
80 314 1
178 314 1
312 314 1
313 314 1
315 314 1
55 315 1
80 315 1
178 315 1
312 315 1
313 315 1
314 315 1
120 316 1
317 316 1
318 316 1
120 317 1
316 317 1
318 317 1
120 318 1
316 318 1
317 318 1
96 319 1
225 319 1
320 319 1
321 319 1
322 319 1
96 320 1
225 320 1
319 320 1
321 320 1
322 320 1
96 321 1
225 321 1
319 321 1
320 321 1
322 321 1
96 322 1
225 322 1
319 322 1
320 322 1
321 322 1
77 323 1
226 323 1
227 323 1
324 323 1
77 324 1
226 324 1
227 324 1
323 324 1
326 325 1
327 325 1
325 326 1
327 326 1
325 327 1
326 327 1
162 328 1
208 329 1
233 329 1
39 330 1
85 331 1
94 331 1
332 331 1
85 332 1
94 332 1
331 332 1
334 333 1
333 334 1
115 335 1
336 335 1
115 336 1
335 336 1
246 337 1
247 337 1
104 338 1
165 338 1
209 338 1
73 339 1
158 339 2
193 339 1
243 339 1
340 339 1
519 339 1
158 340 1
193 340 1
339 340 1
55 341 2
56 341 1
80 341 2
153 341 1
178 341 1
14 342 1
344 343 1
345 343 1
346 343 1
347 343 1
348 343 1
343 344 1
345 344 1
346 344 1
347 344 1
348 344 1
343 345 1
344 345 1
346 345 2
347 345 1
348 345 1
373 345 1
374 345 1
375 345 1
343 346 1
344 346 1
345 346 2
347 346 1
348 346 1
373 346 1
374 346 1
375 346 1
343 347 1
344 347 1
345 347 1
346 347 1
348 347 1
343 348 1
344 348 1
345 348 1
346 348 1
347 348 1
183 349 2
244 349 1
245 349 1
350 349 1
351 349 1
352 349 1
183 350 1
349 350 1
351 350 1
352 350 1
183 351 1
349 351 1
350 351 1
352 351 1
183 352 1
349 352 1
350 352 1
351 352 1
354 353 1
355 353 1
356 353 1
353 354 1
355 354 1
356 354 1
353 355 1
354 355 1
356 355 1
353 356 1
354 356 1
355 356 1
13 357 1
14 357 1
113 357 1
358 357 1
13 358 1
14 358 1
113 358 1
357 358 1
37 359 1
361 360 1
258 361 1
360 361 1
419 361 1
420 361 1
421 361 1
89 362 1
62 363 1
211 363 1
212 363 1
364 363 1
62 364 1
211 364 1
212 364 1
363 364 1
366 365 1
365 366 1
5 367 1
25 367 1
368 367 1
5 368 1
25 368 1
367 368 1
66 369 1
371 370 1
372 370 2
370 371 1
372 371 1
370 372 2
371 372 1
345 373 1
346 373 1
374 373 1
375 373 1
345 374 1
346 374 1
373 374 1
375 374 1
345 375 1
346 375 1
373 375 1
374 375 1
86 376 2
87 376 2
167 376 1
303 377 1
378 377 1
303 378 1
377 378 1
30 379 1
381 380 1
382 380 1
383 380 1
380 381 1
382 381 1
383 381 1
380 382 1
381 382 1
383 382 1
380 383 1
381 383 1
382 383 1
31 384 1
385 384 1
386 384 1
31 385 1
384 385 1
386 385 1
31 386 1
384 386 1
385 386 1
388 387 2
389 387 2
387 388 2
389 388 2
387 389 2
388 389 2
391 390 1
390 391 1
586 392 1
587 392 1
588 392 1
589 392 1
6 393 1
394 393 1
395 393 1
6 394 1
393 394 1
395 394 1
6 395 2
393 395 1
394 395 1
400 395 1
51 396 1
171 396 1
249 396 1
397 396 1
398 396 1
399 396 1
51 397 1
171 397 1
249 397 1
396 397 1
398 397 1
399 397 1
51 398 1
171 398 1
249 398 1
396 398 1
397 398 1
399 398 1
51 399 1
171 399 1
249 399 1
396 399 1
397 399 1
398 399 1
6 400 1
395 400 1
33 401 1
402 401 1
33 402 1
401 402 1
210 403 2
405 404 1
406 404 1
404 405 1
406 405 1
404 406 1
405 406 1
286 407 1
287 407 1
408 407 1
286 408 1
287 408 1
407 408 1
160 409 1
410 409 1
160 410 1
409 410 1
95 411 1
413 412 1
412 413 1
121 414 1
146 414 1
416 415 1
417 415 1
418 415 1
415 416 1
417 416 1
418 416 1
415 417 1
416 417 1
418 417 1
415 418 1
416 418 1
417 418 1
258 419 1
361 419 1
420 419 1
421 419 1
258 420 1
361 420 1
419 420 1
421 420 1
258 421 1
361 421 1
419 421 1
420 421 1
423 422 1
424 422 1
425 422 1
426 422 1
422 423 1
424 423 1
425 423 1
426 423 1
422 424 1
423 424 1
425 424 1
426 424 1
422 425 1
423 425 1
424 425 1
426 425 1
422 426 1
423 426 1
424 426 1
425 426 1
36 427 2
428 427 2
36 428 2
427 428 2
155 429 2
431 430 1
430 431 1
433 432 1
432 433 1
112 434 1
69 435 1
242 435 1
436 435 1
69 436 1
242 436 1
435 436 1
153 437 1
187 437 1
204 437 1
72 438 1
181 438 1
439 438 1
440 438 1
72 439 1
181 439 1
438 439 1
440 439 1
72 440 1
181 440 1
438 440 1
439 440 1
442 441 1
443 441 1
441 442 1
443 442 1
441 443 1
442 443 1
84 444 2
130 444 2
445 444 1
495 444 1
496 444 1
497 444 1
84 445 1
130 445 1
444 445 1
26 446 2
27 446 1
49 446 2
71 446 1
303 447 1
448 447 1
449 447 1
450 447 1
303 448 1
447 448 1
449 448 1
450 448 1
303 449 1
447 449 1
448 449 1
450 449 1
303 450 1
447 450 1
448 450 1
449 450 1
29 451 2
46 451 1
50 451 2
89 451 2
161 451 1
183 451 1
195 451 1
202 451 1
525 451 1
222 452 1
136 453 1
454 453 1
455 453 1
136 454 1
453 454 1
455 454 1
136 455 1
453 455 1
454 455 1
109 456 1
179 456 1
188 456 1
140 457 1
147 457 1
458 457 1
459 457 1
140 458 1
147 458 1
457 458 1
459 458 1
140 459 1
147 459 1
457 459 1
458 459 1
76 460 1
462 461 1
463 461 1
461 462 1
463 462 1
461 463 1
462 463 1
121 464 1
465 464 1
121 465 1
464 465 1
467 466 1
466 467 1
105 468 1
145 469 1
229 469 1
471 470 1
472 470 1
473 470 1
474 470 1
475 470 1
470 471 1
472 471 1
473 471 1
474 471 1
475 471 1
470 472 1
471 472 1
473 472 1
474 472 1
475 472 1
470 473 1
471 473 1
472 473 1
474 473 1
475 473 1
470 474 1
471 474 1
472 474 1
473 474 1
475 474 1
470 475 1
471 475 1
472 475 1
473 475 1
474 475 1
141 476 2
481 476 1
478 477 1
479 477 1
480 477 1
477 478 1
479 478 1
480 478 1
477 479 1
478 479 1
480 479 1
477 480 1
478 480 1
479 480 1
141 481 1
476 481 1
531 482 1
229 483 1
184 484 1
485 484 1
184 485 1
484 485 1
27 486 1
189 486 1
26 487 1
27 487 1
488 487 1
489 487 1
490 487 1
491 487 1
492 487 1
493 487 1
494 487 1
26 488 1
27 488 1
487 488 1
489 488 1
490 488 1
491 488 1
492 488 1
493 488 1
494 488 1
26 489 1
27 489 1
487 489 1
488 489 1
490 489 1
491 489 1
492 489 1
493 489 1
494 489 1
26 490 1
27 490 1
487 490 1
488 490 1
489 490 1
491 490 1
492 490 1
493 490 1
494 490 1
26 491 1
27 491 1
487 491 1
488 491 1
489 491 1
490 491 1
492 491 1
493 491 1
494 491 1
26 492 1
27 492 1
487 492 1
488 492 1
489 492 1
490 492 1
491 492 1
493 492 1
494 492 1
26 493 1
27 493 1
487 493 1
488 493 1
489 493 1
490 493 1
491 493 1
492 493 1
494 493 1
26 494 1
27 494 1
487 494 1
488 494 1
489 494 1
490 494 1
491 494 1
492 494 1
493 494 1
84 495 1
130 495 1
444 495 1
496 495 1
497 495 1
84 496 1
130 496 1
444 496 1
495 496 1
497 496 1
84 497 1
130 497 1
444 497 1
495 497 1
496 497 1
58 498 1
63 498 1
499 498 1
58 499 1
63 499 1
498 499 1
24 500 1
163 501 1
502 501 1
503 501 1
504 501 1
505 501 1
163 502 1
501 502 1
503 502 1
504 502 1
505 502 1
163 503 1
501 503 1
502 503 1
504 503 1
505 503 1
163 504 1
501 504 1
502 504 1
503 504 1
505 504 1
163 505 1
501 505 1
502 505 1
503 505 1
504 505 1
160 506 1
508 507 1
509 507 1
510 507 1
507 508 1
509 508 1
510 508 1
507 509 1
508 509 1
510 509 1
507 510 1
508 510 1
509 510 1
156 511 1
164 511 1
217 512 1
265 512 1
203 513 1
514 513 1
515 513 1
203 514 1
513 514 1
515 514 1
203 515 1
513 515 1
514 515 1
72 516 1
517 516 1
72 517 1
516 517 1
176 518 1
339 519 1
114 520 1
521 520 1
114 521 1
520 521 1
97 522 1
222 522 1
199 523 1
524 523 1
199 524 1
523 524 1
29 525 1
46 525 1
50 525 1
89 525 1
161 525 2
183 525 1
195 525 1
202 525 2
451 525 1
20 526 1
66 526 1
196 526 1
166 527 2
169 527 2
192 527 2
252 527 2
198 528 1
101 529 1
102 529 1
248 529 1
260 529 1
84 530 1
130 530 1
482 531 1
79 532 1
182 532 1
186 532 1
191 532 1
533 532 1
79 533 1
182 533 1
186 533 1
191 533 1
532 533 1
144 534 1
195 534 1
197 534 1
259 534 1
535 534 1
536 534 1
537 534 1
538 534 1
539 534 1
540 534 1
541 534 1
542 534 1
543 534 1
544 534 1
545 534 1
144 535 1
195 535 1
197 535 1
259 535 1
534 535 1
536 535 1
537 535 1
538 535 1
539 535 1
540 535 1
541 535 1
542 535 1
543 535 1
544 535 1
545 535 1
144 536 1
195 536 1
197 536 1
259 536 1
534 536 1
535 536 1
537 536 1
538 536 1
539 536 1
540 536 1
541 536 1
542 536 1
543 536 1
544 536 1
545 536 1
144 537 1
195 537 1
197 537 1
259 537 1
534 537 1
535 537 1
536 537 1
538 537 1
539 537 1
540 537 1
541 537 1
542 537 1
543 537 1
544 537 1
545 537 1
144 538 1
195 538 1
197 538 1
259 538 1
534 538 1
535 538 1
536 538 1
537 538 1
539 538 1
540 538 1
541 538 1
542 538 1
543 538 1
544 538 1
545 538 1
144 539 1
195 539 1
197 539 1
259 539 1
534 539 1
535 539 1
536 539 1
537 539 1
538 539 1
540 539 1
541 539 1
542 539 1
543 539 1
544 539 1
545 539 1
144 540 1
195 540 1
197 540 1
259 540 1
534 540 1
535 540 1
536 540 1
537 540 1
538 540 1
539 540 1
541 540 1
542 540 1
543 540 1
544 540 1
545 540 1
144 541 1
195 541 1
197 541 1
259 541 1
534 541 1
535 541 1
536 541 1
537 541 1
538 541 1
539 541 1
540 541 1
542 541 1
543 541 1
544 541 1
545 541 1
144 542 1
195 542 1
197 542 1
259 542 1
534 542 1
535 542 1
536 542 1
537 542 1
538 542 1
539 542 1
540 542 1
541 542 1
543 542 1
544 542 1
545 542 1
144 543 1
195 543 1
197 543 1
259 543 1
534 543 1
535 543 1
536 543 1
537 543 1
538 543 1
539 543 1
540 543 1
541 543 1
542 543 1
544 543 1
545 543 1
144 544 1
195 544 1
197 544 1
259 544 1
534 544 1
535 544 1
536 544 1
537 544 1
538 544 1
539 544 1
540 544 1
541 544 1
542 544 1
543 544 1
545 544 1
144 545 1
195 545 1
197 545 1
259 545 1
534 545 1
535 545 1
536 545 1
537 545 1
538 545 1
539 545 1
540 545 1
541 545 1
542 545 1
543 545 1
544 545 1
16 546 1
17 546 1
34 546 1
35 546 1
151 547 1
168 547 1
548 547 1
549 547 1
151 548 1
168 548 1
547 548 1
549 548 1
151 549 1
168 549 1
547 549 1
548 549 1
67 550 1
68 550 1
551 550 1
67 551 1
68 551 1
550 551 1
11 552 1
43 552 1
89 552 1
110 553 1
188 553 1
555 554 1
556 554 1
554 555 1
556 555 1
554 556 1
555 556 1
119 557 1
558 557 1
559 557 1
119 558 1
557 558 1
559 558 1
119 559 1
557 559 1
558 559 1
55 560 1
80 560 1
266 560 1
201 561 1
216 561 1
256 561 1
562 561 1
563 561 1
564 561 1
201 562 1
216 562 1
256 562 1
561 562 1
563 562 1
564 562 1
201 563 1
216 563 1
256 563 1
561 563 1
562 563 1
564 563 1
201 564 1
216 564 1
256 564 1
561 564 1
562 564 1
563 564 1
28 565 1
172 565 1
250 565 1
566 565 1
28 566 1
172 566 1
250 566 1
565 566 1
117 567 1
139 567 1
568 567 1
117 568 1
139 568 1
567 568 1
570 569 1
571 569 1
569 570 1
571 570 1
569 571 1
570 571 1
231 572 1
573 572 1
574 572 1
231 573 1
572 573 1
574 573 1
231 574 1
572 574 1
573 574 1
213 575 1
257 575 1
576 575 1
213 576 1
257 576 1
575 576 1
578 577 1
577 578 1
1 579 1
3 579 1
41 579 1
65 579 1
133 579 1
61 580 1
80 580 1
200 580 1
78 581 1
582 581 1
583 581 1
584 581 1
78 582 1
581 582 1
583 582 1
584 582 1
78 583 1
581 583 1
582 583 1
584 583 1
78 584 1
581 584 1
582 584 1
583 584 1
149 585 1
392 586 1
587 586 1
588 586 1
589 586 1
392 587 1
586 587 1
588 587 1
589 587 1
392 588 1
586 588 1
587 588 1
589 588 1
392 589 1
586 589 1
587 589 1
588 589 1
210 590 1
106 591 1
124 591 1
127 591 1
