46 1 1
150 1 1
74 2 1
52 3 1
323 3 1
141 4 1
156 4 1
70 5 1
211 5 1
272 5 1
20 6 2
143 6 2
18 7 1
307 7 1
308 7 1
309 7 1
205 8 1
325 9 1
167 10 5
182 10 1
191 10 3
54 11 2
217 11 1
226 11 2
275 11 1
30 12 1
174 12 1
14 13 1
13 14 1
265 15 1
255 16 1
87 17 1
7 18 1
307 18 1
308 18 1
309 18 1
211 19 1
6 20 2
143 20 2
162 21 3
264 21 1
139 22 1
196 22 1
24 23 1
25 23 2
81 23 1
107 23 1
119 23 1
121 23 1
169 23 1
170 23 1
194 23 1
23 24 1
25 24 2
81 24 2
107 24 1
119 24 2
120 24 1
121 24 3
130 24 1
169 24 1
170 24 1
194 24 1
23 25 2
24 25 2
81 25 2
107 25 1
119 25 2
120 25 1
121 25 2
168 25 1
169 25 1
170 25 1
194 25 1
75 26 1
158 26 1
65 27 2
247 27 1
248 27 1
327 27 1
29 28 1
31 28 1
111 28 1
28 29 1
31 29 1
111 29 1
12 30 1
99 30 1
174 30 1
339 30 1
28 31 1
29 31 1
111 31 1
210 32 1
246 33 1
278 33 1
293 33 1
95 34 2
229 34 2
230 34 1
316 35 1
58 36 1
164 37 1
165 37 1
186 37 1
239 37 2
240 37 2
257 37 1
258 37 1
266 38 1
43 39 1
45 39 1
123 40 1
127 40 1
129 40 1
42 41 1
93 41 1
41 42 1
93 42 1
39 43 1
45 43 1
242 44 1
39 45 1
43 45 1
1 46 1
150 46 1
124 47 1
306 47 1
49 48 1
53 48 1
252 48 1
48 49 1
53 49 1
252 49 1
101 50 1
102 50 1
103 50 1
104 50 1
97 51 1
274 51 1
3 52 1
323 52 1
48 53 1
49 53 1
252 53 1
11 54 2
217 54 1
226 54 2
275 54 1
110 55 1
294 55 1
106 56 1
140 56 1
236 56 1
237 56 1
81 57 1
150 57 1
36 58 1
82 58 1
82 59 1
215 59 1
249 60 1
250 60 1
62 61 1
85 61 1
61 62 1
85 62 1
66 63 1
73 63 1
112 63 1
234 63 1
277 63 1
340 63 1
67 64 1
68 64 1
69 64 1
91 64 1
27 65 2
247 65 1
248 65 1
327 65 1
63 66 1
277 66 1
64 67 1
68 67 1
69 67 1
91 67 1
64 68 1
67 68 1
69 68 1
91 68 1
64 69 1
67 69 1
68 69 1
91 69 1
5 70 1
211 70 1
272 70 1
72 71 1
71 72 1
63 73 1
234 73 1
2 74 1
184 74 1
26 75 1
158 75 1
92 76 1
139 76 1
202 76 1
185 77 1
345 77 1
197 78 1
199 78 1
299 78 1
300 78 1
86 79 1
188 79 1
276 79 1
271 80 2
295 80 1
23 81 1
24 81 2
25 81 2
57 81 1
107 81 1
119 81 2
120 81 1
121 81 2
150 81 1
169 81 1
170 81 1
194 81 1
328 81 1
329 81 1
330 81 1
58 82 1
59 82 1
90 82 1
198 82 1
207 82 1
215 82 1
134 83 1
223 84 1
256 84 1
61 85 1
62 85 1
79 86 1
165 86 1
188 86 1
212 86 1
276 86 1
284 86 1
17 87 1
177 88 1
296 88 1
297 88 1
233 89 1
82 90 1
198 90 1
207 90 1
64 91 1
67 91 1
68 91 1
69 91 1
76 92 1
139 92 1
202 92 1
41 93 1
42 93 1
180 94 1
243 94 1
34 95 2
229 95 2
230 95 1
261 96 1
51 97 1
98 97 1
269 97 1
274 97 1
97 98 1
269 98 1
30 99 1
133 99 1
134 99 1
137 99 1
175 99 1
176 99 1
198 99 1
241 99 1
244 99 1
245 99 1
251 99 1
203 100 1
50 101 1
102 101 1
103 101 1
104 101 1
50 102 1
101 102 1
103 102 1
104 102 1
50 103 1
101 103 1
102 103 1
104 103 1
50 104 1
101 104 1
102 104 1
103 104 1
108 105 1
332 105 1
333 105 1
334 105 1
56 106 1
140 106 1
208 106 1
236 106 1
237 106 1
23 107 1
24 107 1
25 107 1
81 107 1
119 107 1
121 107 1
169 107 1
170 107 1
194 107 1
105 108 1
201 108 1
209 108 2
222 108 1
292 108 1
310 108 1
311 108 1
317 108 2
318 108 2
332 108 1
333 108 1
334 108 1
152 109 1
156 109 1
279 109 1
301 109 1
302 109 1
55 110 1
294 110 1
28 111 1
29 111 1
31 111 1
63 112 1
122 113 1
179 113 1
165 114 1
259 114 1
174 115 1
131 116 2
142 116 1
163 116 1
254 117 1
140 118 1
331 118 1
23 119 1
24 119 2
25 119 2
81 119 2
107 119 1
120 119 1
121 119 2
169 119 1
170 119 1
194 119 1
24 120 1
25 120 1
81 120 1
119 120 1
121 120 1
23 121 1
24 121 3
25 121 2
81 121 2
107 121 1
119 121 2
120 121 1
130 121 1
169 121 1
170 121 1
194 121 1
113 122 1
179 122 1
227 122 1
40 123 1
127 123 1
129 123 1
47 124 1
125 124 3
157 124 3
273 124 2
306 124 1
124 125 3
157 125 3
273 125 2
253 126 1
322 126 1
40 127 1
123 127 1
129 127 1
147 127 1
165 128 1
178 128 1
231 128 1
259 128 1
343 128 1
344 128 1
40 129 1
123 129 1
127 129 1
24 130 1
121 130 1
116 131 2
142 131 2
163 131 1
171 131 2
173 131 1
214 131 1
133 132 1
99 133 1
132 133 1
181 133 1
211 133 2
244 133 1
245 133 1
270 133 1
285 133 1
83 134 1
99 134 1
145 134 1
175 134 1
286 134 1
287 134 1
288 134 1
289 134 1
136 135 1
135 136 1
99 137 1
283 138 1
284 138 1
305 138 1
22 139 1
76 139 1
92 139 1
202 139 1
56 140 1
106 140 1
118 140 1
236 140 2
237 140 1
282 140 1
331 140 1
4 141 1
156 141 1
116 142 1
131 142 2
163 142 1
171 142 1
6 143 2
20 143 2
338 144 1
134 145 1
204 146 1
219 146 1
228 146 1
127 147 1
149 148 1
148 149 1
1 150 1
46 150 1
57 150 1
81 150 1
152 151 2
153 151 2
154 151 2
155 151 1
159 151 1
160 151 1
161 151 2
213 151 1
220 151 1
109 152 1
151 152 2
153 152 1
154 152 3
155 152 1
156 152 2
160 152 1
161 152 2
220 152 2
279 152 1
301 152 1
302 152 1
319 152 1
320 152 1
151 153 2
152 153 1
154 153 1
159 153 1
161 153 1
213 153 1
220 153 1
151 154 2
152 154 3
153 154 1
155 154 1
156 154 1
160 154 1
161 154 2
220 154 2
319 154 1
320 154 1
151 155 1
152 155 1
154 155 1
160 155 1
161 155 1
4 156 1
109 156 1
141 156 1
152 156 2
154 156 1
220 156 1
279 156 3
280 156 1
281 156 1
301 156 1
302 156 1
319 156 1
320 156 1
124 157 3
125 157 3
273 157 2
26 158 1
75 158 1
151 159 1
153 159 1
192 159 1
213 159 1
221 159 1
151 160 1
152 160 1
154 160 1
155 160 1
161 160 1
151 161 2
152 161 2
153 161 1
154 161 2
155 161 1
160 161 1
220 161 1
21 162 3
264 162 1
116 163 1
131 163 1
142 163 1
37 164 1
165 164 2
238 164 1
239 164 1
240 164 1
37 165 1
86 165 1
114 165 1
128 165 1
164 165 2
178 165 1
218 165 1
231 165 1
238 165 1
239 165 1
240 165 1
247 165 1
248 165 1
259 165 3
260 165 1
186 166 1
195 166 1
200 166 1
10 167 5
182 167 1
191 167 3
25 168 1
23 169 1
24 169 1
25 169 1
81 169 1
107 169 1
119 169 1
121 169 1
170 169 1
194 169 1
23 170 1
24 170 1
25 170 1
81 170 1
107 170 1
119 170 1
121 170 1
169 170 1
194 170 1
131 171 2
142 171 1
214 171 1
180 172 1
303 172 1
304 172 1
131 173 1
12 174 1
30 174 1
115 174 1
99 175 1
134 175 1
99 176 1
183 176 1
198 176 1
241 176 1
88 177 1
296 177 1
297 177 1
128 178 1
165 178 1
231 178 1
259 178 1
113 179 1
122 179 1
94 180 1
172 180 1
243 180 1
133 181 1
10 182 1
167 182 1
216 182 1
298 182 1
176 183 1
74 184 1
77 185 1
345 185 1
37 186 1
166 186 1
195 186 1
200 186 1
321 187 1
79 188 1
86 188 1
276 188 1
190 189 1
267 189 1
268 189 1
189 190 1
267 190 1
268 190 1
10 191 3
167 191 3
159 192 1
221 192 1
232 193 1
235 193 1
23 194 1
24 194 1
25 194 1
81 194 1
107 194 1
119 194 1
121 194 1
169 194 1
170 194 1
166 195 1
186 195 1
200 195 1
22 196 1
78 197 1
82 198 1
90 198 1
99 198 1
176 198 1
207 198 1
241 198 1
78 199 1
299 199 1
300 199 1
166 200 1
186 200 1
195 200 1
108 201 1
317 201 1
318 201 1
76 202 1
92 202 1
139 202 1
100 203 1
146 204 1
219 204 1
228 204 1
8 205 1
262 206 1
263 206 1
82 207 1
90 207 1
198 207 1
106 208 1
108 209 2
222 209 1
292 209 1
310 209 1
311 209 1
32 210 1
5 211 1
19 211 1
70 211 1
133 211 2
270 211 1
272 211 1
324 211 1
86 212 1
284 212 1
151 213 1
153 213 1
159 213 1
131 214 1
171 214 1
59 215 1
82 215 1
182 216 1
298 216 1
11 217 1
54 217 1
226 217 1
275 217 1
165 218 1
247 218 1
248 218 1
259 218 1
260 218 1
146 219 1
204 219 1
228 219 1
151 220 1
152 220 2
153 220 1
154 220 2
156 220 1
161 220 1
319 220 1
320 220 1
159 221 1
192 221 1
108 222 1
209 222 1
292 222 1
84 223 1
224 223 1
256 223 1
223 224 1
326 225 1
11 226 2
54 226 2
217 226 1
275 226 1
122 227 1
146 228 1
204 228 1
219 228 1
34 229 2
95 229 2
230 229 1
34 230 1
95 230 1
229 230 1
128 231 1
165 231 1
178 231 1
259 231 1
193 232 1
235 232 1
89 233 1
63 234 1
73 234 1
193 235 1
232 235 1
56 236 1
106 236 1
140 236 2
237 236 1
56 237 1
106 237 1
140 237 1
236 237 1
164 238 1
165 238 1
239 238 1
240 238 1
37 239 2
164 239 1
165 239 1
238 239 1
240 239 3
257 239 1
258 239 1
37 240 2
164 240 1
165 240 1
238 240 1
239 240 3
257 240 1
258 240 1
99 241 1
176 241 1
198 241 1
44 242 1
94 243 1
180 243 1
99 244 1
133 244 1
245 244 1
99 245 1
133 245 1
244 245 1
33 246 1
27 247 1
65 247 1
165 247 1
218 247 1
248 247 2
259 247 1
260 247 1
27 248 1
65 248 1
165 248 1
218 248 1
247 248 2
259 248 1
260 248 1
60 249 1
250 249 1
60 250 1
249 250 1
99 251 1
48 252 1
49 252 1
53 252 1
126 253 1
117 254 1
16 255 1
84 256 1
223 256 1
37 257 1
239 257 1
240 257 1
258 257 1
37 258 1
239 258 1
240 258 1
257 258 1
114 259 1
128 259 1
165 259 3
178 259 1
218 259 1
231 259 1
247 259 1
248 259 1
260 259 1
165 260 1
218 260 1
247 260 1
248 260 1
259 260 1
96 261 1
206 262 1
263 262 1
206 263 1
262 263 1
21 264 1
162 264 1
15 265 1
38 266 1
189 267 1
190 267 1
268 267 1
189 268 1
190 268 1
267 268 1
97 269 1
98 269 1
133 270 1
211 270 1
80 271 2
5 272 1
70 272 1
211 272 1
124 273 2
125 273 2
157 273 2
51 274 1
97 274 1
11 275 1
54 275 1
217 275 1
226 275 1
79 276 1
86 276 1
188 276 1
63 277 1
66 277 1
33 278 1
109 279 1
152 279 1
156 279 3
280 279 1
281 279 1
301 279 1
302 279 1
156 280 1
279 280 1
281 280 1
156 281 1
279 281 1
280 281 1
140 282 1
138 283 1
86 284 1
138 284 1
212 284 1
305 284 1
133 285 1
134 286 1
287 286 1
288 286 1
289 286 1
134 287 1
286 287 1
288 287 1
289 287 1
134 288 1
286 288 1
287 288 1
289 288 1
134 289 1
286 289 1
287 289 1
288 289 1
291 290 1
290 291 1
108 292 1
209 292 1
222 292 1
33 293 1
55 294 1
110 294 1
80 295 1
88 296 1
177 296 1
297 296 1
88 297 1
177 297 1
296 297 1
182 298 1
216 298 1
78 299 1
199 299 1
300 299 1
78 300 1
199 300 1
299 300 1
109 301 1
152 301 1
156 301 1
279 301 1
302 301 1
109 302 1
152 302 1
156 302 1
279 302 1
301 302 1
172 303 1
304 303 1
172 304 1
303 304 1
138 305 1
284 305 1
47 306 1
124 306 1
7 307 1
18 307 1
308 307 1
309 307 1
7 308 1
18 308 1
307 308 1
309 308 1
7 309 1
18 309 1
307 309 1
308 309 1
108 310 1
209 310 1
311 310 1
108 311 1
209 311 1
310 311 1
313 312 1
314 312 1
315 312 1
312 313 1
314 313 1
315 313 1
312 314 1
313 314 1
315 314 1
312 315 1
313 315 1
314 315 1
35 316 1
108 317 2
201 317 1
318 317 2
108 318 2
201 318 1
317 318 2
152 319 1
154 319 1
156 319 1
220 319 1
320 319 1
152 320 1
154 320 1
156 320 1
220 320 1
319 320 1
187 321 1
126 322 1
3 323 1
52 323 1
211 324 1
9 325 1
225 326 1
27 327 1
65 327 1
81 328 1
329 328 1
330 328 1
81 329 1
328 329 1
330 329 1
81 330 1
328 330 1
329 330 1
118 331 1
140 331 1
105 332 1
108 332 1
333 332 1
334 332 1
105 333 1
108 333 1
332 333 1
334 333 1
105 334 1
108 334 1
332 334 1
333 334 1
336 335 1
337 335 1
335 336 1
337 336 1
335 337 1
336 337 1
144 338 1
30 339 1
63 340 1
342 341 1
341 342 1
128 343 1
344 343 1
128 344 1
343 344 1
77 345 1
185 345 1
