233 1 1
749 1 1
1266 1 1
1267 1 1
243 2 3
880 2 1
886 2 3
122 3 1
123 3 1
382 3 1
398 3 1
715 3 1
718 3 1
839 3 1
48 4 2
133 4 4
277 4 2
483 4 2
647 4 1
674 4 1
776 4 1
777 4 2
783 4 1
95 5 1
126 6 1
160 6 1
214 6 1
1099 6 1
1100 6 1
70 7 1
383 7 2
812 7 1
242 8 1
15 9 2
428 9 2
605 9 2
662 9 2
69 10 1
71 10 1
92 10 2
282 10 2
493 10 2
531 10 1
548 10 1
605 10 1
768 10 1
454 11 1
501 11 1
655 11 1
637 12 1
638 12 1
446 13 1
193 14 1
9 15 2
428 15 2
605 15 2
662 15 2
60 16 1
215 16 1
90 17 1
642 17 1
154 18 1
194 18 1
412 18 1
21 19 1
34 19 1
405 19 1
426 19 1
659 19 2
52 20 1
147 20 1
186 20 1
190 20 6
191 20 1
275 20 1
310 20 1
448 20 1
1032 20 2
1089 20 1
1131 20 1
19 21 1
34 21 2
389 21 1
404 21 1
405 21 1
659 21 1
63 22 1
1003 22 1
52 23 1
243 23 1
785 23 1
25 24 1
67 24 1
24 25 1
67 25 1
237 26 1
451 26 1
174 27 1
623 27 1
1070 28 1
1071 28 1
420 29 1
689 29 1
413 30 1
532 30 1
177 31 1
263 31 1
845 31 1
33 32 1
242 32 2
285 32 1
350 32 1
619 32 1
755 32 1
790 32 1
844 32 1
32 33 1
381 33 1
619 33 1
755 33 1
787 33 1
788 33 1
19 34 1
21 34 2
389 34 1
404 34 1
405 34 1
659 34 1
345 35 1
822 35 1
68 36 1
150 36 1
262 36 1
1147 36 1
676 37 1
244 38 1
335 38 1
336 38 3
337 38 2
517 38 1
553 38 1
762 38 1
920 38 2
929 38 1
930 38 1
931 38 1
932 38 1
933 38 1
934 38 1
935 38 1
936 38 1
937 38 1
949 38 1
1130 38 1
156 39 1
157 39 1
394 39 1
497 40 1
648 40 1
649 40 1
109 41 2
166 41 2
199 41 1
268 41 2
269 41 2
295 41 2
529 41 1
572 41 1
644 41 1
743 41 2
753 41 1
818 41 2
819 41 1
835 41 1
836 41 1
900 41 1
901 41 2
902 41 1
903 41 1
904 41 2
905 41 1
906 41 2
907 41 1
1257 41 1
50 42 1
207 42 1
370 42 1
462 42 1
100 43 1
104 43 1
106 43 1
965 43 1
966 43 1
967 43 1
968 43 1
575 44 1
1254 45 1
1255 45 1
223 46 1
304 46 2
444 46 1
558 46 1
577 46 1
592 46 1
593 46 1
629 46 1
133 47 1
277 47 1
574 47 1
4 48 2
96 48 1
133 48 3
483 48 2
674 48 1
777 48 2
783 48 2
884 48 1
53 49 1
54 49 1
80 49 1
42 50 1
207 50 1
370 50 1
462 50 1
211 51 2
216 51 2
1069 51 2
20 52 1
23 52 1
100 52 2
104 52 2
105 52 2
115 52 1
116 52 1
127 52 1
128 52 1
154 52 1
186 52 4
190 52 1
211 52 1
223 52 1
243 52 4
244 52 1
257 52 1
270 52 1
271 52 1
281 52 1
338 52 1
489 52 2
556 52 1
593 52 1
655 52 1
712 52 1
716 52 2
738 52 1
776 52 1
785 52 1
794 52 1
804 52 1
806 52 1
812 52 1
839 52 1
858 52 1
954 52 2
955 52 1
970 52 1
971 52 1
972 52 2
973 52 1
974 52 1
1148 52 1
1150 52 1
1151 52 1
1182 52 1
49 53 1
54 53 1
80 53 1
49 54 1
53 54 1
80 54 1
64 55 1
117 55 1
932 55 1
73 56 1
194 56 1
310 56 1
314 56 1
486 56 1
971 57 4
1033 57 4
1040 57 1
337 58 1
1044 58 1
167 59 1
335 59 1
487 59 1
16 60 1
215 60 1
67 61 1
72 61 1
83 61 1
94 61 1
96 61 2
145 61 1
189 61 1
211 61 1
245 61 1
660 61 1
335 62 6
336 62 1
337 62 1
885 62 2
886 62 1
887 62 1
888 62 1
920 62 1
921 62 1
1021 62 1
1022 62 1
1023 62 1
1061 62 1
22 63 1
1003 63 1
55 64 1
117 64 1
932 64 1
67 65 1
303 65 1
315 65 1
317 65 2
471 65 1
589 65 1
194 66 1
201 66 1
293 66 1
528 66 1
24 67 1
25 67 1
61 67 1
65 67 1
83 67 2
100 67 1
110 67 1
115 67 1
116 67 1
155 67 1
180 67 9
182 67 1
189 67 1
211 67 1
243 67 1
290 67 1
309 67 5
310 67 1
369 67 4
371 67 2
402 67 1
611 67 1
690 67 2
738 67 2
739 67 1
741 67 1
742 67 2
779 67 2
780 67 2
851 67 1
911 67 1
912 67 1
913 67 1
982 67 1
993 67 1
1008 67 1
36 68 1
262 68 1
1147 68 1
10 69 1
71 69 1
92 69 1
282 69 1
605 69 1
7 70 1
383 70 1
812 70 1
10 71 1
69 71 1
92 71 1
282 71 1
605 71 1
61 72 1
96 72 1
211 72 1
56 73 1
194 73 2
310 73 2
314 73 1
340 73 1
486 73 1
242 74 1
282 74 1
323 74 1
196 75 2
539 75 1
541 75 1
703 75 1
894 75 1
895 75 1
896 75 2
897 75 1
898 75 2
1105 76 4
320 77 1
248 78 1
272 78 1
136 79 1
823 79 1
49 80 1
53 80 1
54 80 1
641 81 1
625 82 1
61 83 1
67 83 2
147 83 1
189 83 1
345 83 3
421 83 1
851 83 1
1144 83 1
199 84 1
627 84 1
231 85 1
518 85 1
203 86 1
441 86 1
442 86 1
1039 86 1
1010 87 1
391 88 1
157 89 1
465 89 1
482 89 1
17 90 1
642 90 1
155 91 1
472 91 1
553 91 1
859 91 1
10 92 2
69 92 1
71 92 1
282 92 3
493 92 1
531 92 2
548 92 1
605 92 1
768 92 1
146 93 1
61 94 1
96 94 1
550 94 1
5 95 1
48 96 1
61 96 2
72 96 1
94 96 1
138 96 1
157 96 6
189 96 1
206 96 3
211 96 1
245 96 1
246 96 1
333 96 2
337 96 1
369 96 1
373 96 1
450 96 1
483 96 1
509 96 2
515 96 1
550 96 2
552 96 1
553 96 2
555 96 2
574 96 1
586 96 1
604 96 1
622 96 1
655 96 1
741 96 1
884 96 2
1200 96 2
1201 96 1
1264 96 1
375 97 1
1209 97 1
137 98 1
119 99 1
266 99 1
817 99 1
43 100 1
52 100 2
67 100 1
104 100 3
105 100 2
106 100 1
115 100 1
116 100 1
127 100 1
738 100 1
965 100 1
966 100 1
967 100 1
968 100 1
993 100 1
437 101 2
349 102 1
438 102 1
617 102 2
618 102 2
669 102 1
825 102 1
1004 102 1
1161 102 1
181 103 1
431 103 1
434 103 1
43 104 1
52 104 2
100 104 3
105 104 6
106 104 1
115 104 1
116 104 1
127 104 1
153 104 1
328 104 1
392 104 1
393 104 1
533 104 1
690 104 2
735 104 2
736 104 3
737 104 1
738 104 4
800 104 2
809 104 2
815 104 1
832 104 2
928 104 1
965 104 1
966 104 1
967 104 1
968 104 1
1082 104 1
1154 104 1
1155 104 1
1248 104 1
1249 104 1
1250 104 1
1265 104 1
52 105 2
100 105 2
104 105 6
111 105 1
115 105 1
116 105 1
127 105 1
328 105 1
392 105 1
393 105 2
533 105 1
690 105 2
735 105 1
738 105 1
800 105 2
815 105 1
1157 105 1
1158 105 1
1248 105 1
1249 105 1
1250 105 1
1265 105 1
43 106 1
100 106 1
104 106 1
965 106 1
966 106 1
967 106 1
968 106 1
127 107 1
547 107 1
658 107 1
775 107 1
109 108 1
852 108 1
41 109 2
108 109 1
166 109 2
268 109 2
269 109 2
294 109 1
529 109 1
572 109 1
753 109 1
818 109 2
819 109 1
852 109 1
900 109 1
901 109 2
902 109 1
903 109 1
904 109 2
905 109 1
906 109 2
907 109 1
1120 109 1
67 110 1
180 110 1
211 110 1
276 110 1
864 110 1
889 110 1
1228 110 1
105 111 1
393 111 1
1157 111 1
1158 111 1
789 112 2
1080 112 1
129 113 1
176 113 1
665 113 1
926 113 1
400 114 1
52 115 1
67 115 1
100 115 1
104 115 1
105 115 1
116 115 2
127 115 1
369 115 1
738 115 1
779 115 1
780 115 1
982 115 1
52 116 1
67 116 1
100 116 1
104 116 1
105 116 1
115 116 2
127 116 1
135 116 1
369 116 1
738 116 1
779 116 1
780 116 1
982 116 1
55 117 1
64 117 1
490 117 1
924 117 1
925 117 1
932 117 1
291 118 1
292 118 1
417 118 1
498 118 1
99 119 1
266 119 1
817 119 1
510 120 1
988 121 1
3 122 1
123 122 2
179 122 1
194 122 1
293 122 1
355 122 1
356 122 1
382 122 3
398 122 1
715 122 1
718 122 1
839 122 1
899 122 1
1062 122 1
3 123 1
122 123 2
382 123 2
398 123 1
715 123 2
718 123 1
839 123 1
125 124 1
984 124 1
124 125 1
984 125 1
6 126 1
152 126 1
160 126 1
214 126 2
1099 126 1
1100 126 1
52 127 1
100 127 1
104 127 1
105 127 1
107 127 1
115 127 1
116 127 1
256 127 1
547 127 1
658 127 1
738 127 1
775 127 1
52 128 1
716 128 1
858 128 1
113 129 1
176 129 1
665 129 1
926 129 1
131 130 1
134 130 1
130 131 1
134 131 1
239 132 1
386 132 1
754 132 1
4 133 4
47 133 1
48 133 3
277 133 4
425 133 1
483 133 4
492 133 2
574 133 1
674 133 2
776 133 1
777 133 3
783 133 3
874 133 1
954 133 1
1135 133 1
130 134 1
131 134 1
116 135 1
79 136 1
823 136 1
98 137 1
96 138 1
206 138 1
141 139 1
142 139 1
328 139 1
1258 139 1
1259 139 1
171 140 1
220 140 1
252 140 3
352 140 2
353 140 2
354 140 1
717 140 1
725 140 1
726 140 3
1208 140 1
139 141 1
142 141 1
328 141 1
1258 141 1
1259 141 1
139 142 1
141 142 1
328 142 2
533 142 1
843 142 1
1172 142 1
1258 142 1
1259 142 1
692 143 1
829 143 1
179 144 2
324 144 1
421 144 1
699 144 1
877 144 1
878 144 1
61 145 1
93 146 1
200 146 2
318 146 1
319 146 1
567 146 1
692 146 1
795 146 2
1088 146 1
1093 146 1
20 147 1
83 147 1
234 147 1
261 147 1
345 147 1
518 147 1
1020 147 2
311 148 1
537 148 1
243 149 1
36 150 1
233 151 1
492 151 1
564 151 1
579 151 1
126 152 1
214 152 1
104 153 1
173 153 1
298 153 1
368 153 2
735 153 1
736 153 1
737 153 1
738 153 1
841 153 2
928 153 1
18 154 1
52 154 1
194 154 2
205 154 1
262 154 1
305 154 1
321 154 2
412 154 2
713 154 1
785 154 1
954 154 1
972 154 2
973 154 1
1017 154 1
1018 154 1
1079 154 1
1223 154 1
67 155 1
91 155 1
240 155 3
374 155 1
472 155 2
553 155 1
681 155 1
859 155 1
1048 155 1
1049 155 1
1098 155 1
39 156 1
157 156 4
392 156 1
393 156 2
394 156 4
1264 156 1
39 157 1
89 157 1
96 157 6
156 157 4
158 157 2
159 157 2
179 157 3
180 157 1
189 157 1
213 157 1
304 157 1
327 157 1
337 157 1
369 157 1
373 157 4
374 157 1
375 157 1
392 157 1
393 157 2
394 157 4
407 157 1
465 157 2
545 157 1
550 157 5
553 157 7
586 157 1
646 157 3
767 157 2
810 157 1
843 157 1
856 157 2
957 157 2
1217 157 1
1264 157 1
157 158 2
159 158 2
244 158 3
304 158 1
407 158 1
545 158 1
553 158 1
597 158 1
598 158 1
157 159 2
158 159 2
304 159 1
397 159 1
407 159 1
545 159 1
553 159 1
576 159 1
584 159 1
646 159 1
1201 159 1
6 160 1
126 160 1
214 160 1
1099 160 1
1100 160 1
211 161 1
393 161 1
762 161 2
782 161 1
1194 161 1
1195 161 1
1196 161 1
380 162 1
710 162 1
1156 162 1
291 163 1
292 163 1
334 163 1
348 163 1
688 163 1
759 163 1
1122 164 1
1123 164 1
210 165 2
337 165 1
372 165 1
41 166 2
109 166 2
268 166 2
269 166 2
529 166 1
572 166 1
753 166 1
818 166 2
819 166 1
900 166 1
901 166 2
902 166 1
903 166 1
904 166 2
905 166 1
906 166 2
907 166 1
59 167 1
335 167 1
487 167 1
554 168 1
713 168 2
1224 168 1
1251 168 1
171 169 1
172 169 1
245 169 1
171 170 1
172 170 1
352 170 1
140 171 1
169 171 1
170 171 1
172 171 3
220 171 1
245 171 1
252 171 2
352 171 1
354 171 4
383 171 1
534 171 1
717 171 1
795 171 2
916 171 1
169 172 1
170 172 1
171 172 3
189 172 1
245 172 1
252 172 1
287 172 1
288 172 2
350 172 1
352 172 1
654 172 1
916 172 1
975 172 1
976 172 1
977 172 1
978 172 1
979 172 1
153 173 1
298 173 1
368 173 1
841 173 1
27 174 1
623 174 1
341 175 1
722 175 2
723 175 1
113 176 1
129 176 1
665 176 1
926 176 1
31 177 1
263 177 1
845 177 1
864 178 1
880 178 1
889 178 1
892 178 1
122 179 1
144 179 2
157 179 3
213 179 1
324 179 1
373 179 3
421 179 1
699 179 1
877 179 1
878 179 2
957 179 2
67 180 9
110 180 1
157 180 1
211 180 1
233 180 2
309 180 3
471 180 1
553 180 1
590 180 1
103 181 1
431 181 1
434 181 1
67 182 1
243 182 1
309 182 1
369 182 1
739 182 1
742 182 1
295 183 1
395 183 1
997 183 1
385 184 1
772 184 3
802 184 1
1001 184 1
1002 184 1
1175 184 1
1234 185 1
20 186 1
52 186 4
190 186 1
243 186 1
257 186 1
270 186 1
271 186 1
712 186 1
839 186 1
970 186 1
278 187 1
342 187 1
821 187 1
226 188 1
253 188 1
254 188 1
564 188 1
811 188 1
1011 188 1
1012 188 4
1186 188 1
61 189 1
67 189 1
83 189 1
96 189 1
157 189 1
172 189 1
240 189 1
350 189 1
360 189 1
377 189 1
985 189 1
986 189 1
20 190 6
52 190 1
186 190 1
191 190 1
211 190 1
232 190 3
275 190 1
448 190 1
733 190 1
20 191 1
190 191 1
484 192 2
497 192 3
514 192 1
14 193 1
18 194 1
56 194 1
66 194 1
73 194 2
122 194 1
154 194 2
201 194 4
245 194 1
288 194 1
293 194 3
309 194 1
310 194 6
314 194 1
340 194 1
352 194 1
412 194 1
486 194 1
528 194 3
611 194 1
724 194 1
785 194 1
798 194 1
862 194 1
954 194 1
1062 194 1
1103 194 1
1173 194 1
1206 194 1
1241 194 1
244 195 1
458 195 1
502 195 1
553 195 1
796 195 1
75 196 2
539 196 1
541 196 1
703 196 1
894 196 1
895 196 1
896 196 2
897 196 1
898 196 2
364 197 1
365 197 1
366 197 1
367 197 1
402 197 1
824 197 1
230 198 1
41 199 1
84 199 1
627 199 1
146 200 2
274 200 1
318 200 3
319 200 1
534 200 1
567 200 3
628 200 1
692 200 2
795 200 3
1088 200 1
1093 200 2
66 201 1
194 201 4
251 201 1
252 201 1
288 201 2
293 201 1
352 201 3
495 201 1
528 201 1
591 201 1
654 201 1
727 201 1
764 201 1
1173 201 1
523 202 1
86 203 1
441 203 1
442 203 1
1039 203 1
1183 204 1
1184 204 1
154 205 1
96 206 3
138 206 1
246 206 3
260 206 1
326 206 2
351 206 1
403 206 1
555 206 1
812 206 3
1233 206 1
42 207 1
50 207 1
370 207 1
462 207 1
231 208 2
243 208 1
787 208 1
990 208 1
991 208 1
992 208 1
379 209 1
165 210 2
337 210 1
372 210 1
1078 210 1
51 211 2
52 211 1
61 211 1
67 211 1
72 211 1
96 211 1
110 211 1
161 211 1
180 211 1
190 211 1
216 211 2
219 211 1
232 211 3
245 211 1
329 211 1
337 211 2
701 211 1
733 211 1
749 211 1
762 211 1
782 211 1
1024 211 1
1044 211 2
1045 211 1
1069 211 2
1194 211 1
1195 211 1
1196 211 1
636 212 1
850 212 1
157 213 1
179 213 1
373 213 1
748 213 1
957 213 1
6 214 1
126 214 2
152 214 1
160 214 1
1099 214 1
1100 214 1
16 215 1
60 215 1
51 216 2
211 216 2
1069 216 2
1179 217 1
286 218 1
289 218 1
550 218 1
211 219 1
999 219 1
1000 219 1
140 220 1
171 220 1
222 220 7
224 220 1
225 220 1
227 220 1
245 220 1
252 220 4
354 220 1
361 220 1
717 220 1
719 220 3
720 220 2
726 220 1
786 220 3
806 220 1
808 220 1
826 220 1
872 220 1
873 220 1
1180 220 1
1181 220 1
1268 220 1
1269 220 1
291 221 1
953 221 1
220 222 7
224 222 1
245 222 1
252 222 3
259 222 1
719 222 3
786 222 4
826 222 2
873 222 1
1055 222 1
46 223 1
52 223 1
592 223 1
593 223 2
655 223 1
806 223 1
812 223 1
220 224 1
222 224 1
719 224 1
220 225 1
726 225 1
806 225 1
808 225 1
1268 225 1
1269 225 1
188 226 1
811 226 1
1011 226 1
1012 226 1
220 227 1
872 227 1
328 228 1
330 228 2
339 228 1
914 228 1
915 228 1
332 229 1
1235 229 1
198 230 1
85 231 1
208 231 2
232 231 1
243 231 1
354 231 1
517 231 1
518 231 1
787 231 1
848 231 1
981 231 1
990 231 1
991 231 1
992 231 1
190 232 3
211 232 3
231 232 1
276 232 1
301 232 1
517 232 1
733 232 1
981 232 1
1075 232 1
1206 232 4
1241 232 2
1 233 1
151 233 1
180 233 2
422 233 1
471 233 1
550 233 1
564 233 2
579 233 2
590 233 1
749 233 2
1132 233 1
1260 233 1
1266 233 1
1267 233 1
147 234 1
995 235 1
348 236 1
498 236 1
774 236 1
26 237 1
451 237 1
1050 238 1
132 239 1
155 240 3
189 240 1
264 240 1
273 240 1
313 240 2
314 240 2
374 240 3
480 240 2
686 240 1
760 240 2
838 240 1
874 240 1
875 240 1
959 240 1
985 240 1
986 240 1
1048 240 1
1049 240 1
1074 240 1
1132 240 1
1133 240 2
242 241 1
660 241 1
8 242 1
32 242 2
74 242 1
241 242 1
282 242 1
323 242 1
609 242 1
660 242 1
677 242 1
790 242 1
952 242 1
2 243 3
23 243 1
52 243 4
67 243 1
149 243 1
182 243 1
186 243 1
208 243 1
231 243 1
270 243 1
271 243 1
309 243 1
322 243 1
369 243 1
489 243 1
739 243 1
742 243 1
776 243 1
785 243 1
879 243 1
880 243 1
883 243 1
886 243 3
971 243 1
994 243 1
1139 243 1
38 244 1
52 244 1
158 244 3
195 244 1
338 244 1
489 244 1
553 244 1
590 244 1
784 244 1
949 244 1
972 244 1
996 244 1
1169 244 1
61 245 1
96 245 1
169 245 1
171 245 1
172 245 1
194 245 1
211 245 1
220 245 1
222 245 1
329 245 1
350 245 1
418 245 1
429 245 1
518 245 1
660 245 1
724 245 1
873 245 1
1068 245 1
1240 245 1
96 246 1
206 246 3
326 246 2
306 247 2
325 247 2
578 247 2
579 247 2
580 247 2
595 247 1
633 247 1
78 248 1
272 248 1
308 249 1
344 249 1
505 249 1
698 249 1
820 249 1
700 250 1
201 251 1
252 251 1
288 251 1
702 251 1
717 251 1
727 251 1
825 251 1
140 252 3
171 252 2
172 252 1
201 252 1
220 252 4
222 252 3
251 252 1
258 252 1
259 252 2
349 252 1
352 252 1
353 252 1
354 252 2
429 252 1
438 252 2
553 252 1
717 252 3
720 252 2
725 252 1
726 252 2
786 252 2
916 252 1
927 252 3
1167 252 1
1180 252 1
1181 252 1
1262 252 1
1263 252 1
188 253 1
254 253 1
1012 253 1
1186 253 1
188 254 1
253 254 1
1012 254 1
1186 254 1
658 255 1
707 255 1
775 255 1
127 256 1
296 256 1
52 257 1
186 257 1
712 257 1
839 257 1
252 258 1
927 258 1
222 259 1
252 259 2
438 259 1
579 259 1
786 259 1
1163 259 1
1239 259 1
206 260 1
351 260 2
362 260 1
403 260 1
756 260 1
147 261 1
36 262 1
68 262 1
154 262 1
281 262 1
321 262 3
347 262 1
524 262 1
564 262 4
579 262 1
803 262 4
962 262 1
1094 262 1
1142 262 1
1147 262 1
31 263 1
177 263 1
845 263 1
240 264 1
570 265 1
587 265 1
588 265 1
99 266 1
119 266 1
311 266 2
579 266 1
595 266 1
817 266 1
822 267 1
1253 267 1
41 268 2
109 268 2
166 268 2
269 268 2
529 268 1
572 268 1
753 268 1
818 268 2
819 268 1
900 268 1
901 268 2
902 268 1
903 268 1
904 268 2
905 268 1
906 268 3
907 268 1
41 269 2
109 269 2
166 269 2
268 269 2
529 269 1
572 269 1
753 269 1
818 269 2
819 269 1
900 269 1
901 269 2
902 269 1
903 269 1
904 269 2
905 269 1
906 269 2
907 269 1
52 270 1
186 270 1
243 270 1
271 270 1
52 271 1
186 271 1
243 271 1
270 271 1
556 271 1
1168 271 2
1177 271 1
1178 271 1
1188 271 1
78 272 1
248 272 1
240 273 1
480 273 1
200 274 1
692 274 2
20 275 1
190 275 1
448 275 1
110 276 1
232 276 1
864 276 1
889 276 1
1228 276 1
4 277 2
47 277 1
133 277 4
483 277 1
574 277 1
954 277 1
187 278 1
299 278 2
342 278 1
750 278 1
854 278 2
951 278 1
280 279 1
1185 279 1
279 280 1
1185 280 1
52 281 1
262 281 1
803 281 1
974 281 1
10 282 2
69 282 1
71 282 1
74 282 1
92 282 3
242 282 1
323 282 3
493 282 1
531 282 2
548 282 1
605 282 1
768 282 1
1153 283 1
1092 284 1
32 285 1
844 285 1
218 286 1
289 286 1
550 286 3
553 286 1
575 286 1
893 286 1
172 287 1
172 288 2
194 288 1
201 288 2
251 288 1
352 288 2
591 288 2
654 288 2
702 288 1
764 288 1
825 288 1
975 288 1
976 288 1
977 288 1
978 288 1
979 288 1
218 289 1
286 289 1
550 289 1
67 290 1
402 290 1
118 291 1
163 291 1
221 291 1
292 291 4
334 291 1
348 291 1
417 291 1
498 291 4
499 291 2
506 291 1
566 291 1
688 291 3
711 291 1
756 291 1
757 291 1
759 291 1
774 291 1
827 291 1
842 291 1
953 291 1
1046 291 1
1166 291 1
118 292 1
163 292 1
291 292 4
334 292 1
348 292 1
417 292 1
498 292 1
688 292 2
759 292 1
792 292 1
1046 292 1
66 293 1
122 293 1
194 293 3
201 293 1
309 293 1
528 293 1
1062 293 1
109 294 1
1120 294 1
41 295 2
183 295 1
395 295 1
743 295 1
997 295 2
1257 295 1
256 296 1
596 297 1
650 297 1
651 297 2
153 298 1
173 298 1
368 298 1
841 298 1
278 299 2
750 299 2
816 299 1
854 299 1
846 300 1
232 301 1
675 301 2
1075 301 1
1174 301 1
628 302 1
65 303 1
315 303 1
317 303 1
471 303 1
46 304 2
157 304 1
158 304 1
159 304 1
407 304 1
444 304 1
545 304 1
558 304 1
561 304 1
571 304 1
577 304 1
629 304 1
154 305 1
321 305 1
713 305 1
247 306 2
325 306 2
578 306 2
579 306 2
580 306 2
595 306 1
633 306 1
693 307 1
249 308 1
344 308 1
505 308 1
698 308 1
820 308 1
67 309 5
180 309 3
182 309 1
194 309 1
243 309 1
293 309 1
369 309 1
687 309 1
739 309 1
742 309 1
20 310 1
56 310 1
67 310 1
73 310 2
194 310 6
314 310 1
340 310 1
369 310 1
371 310 1
486 310 1
611 310 2
741 310 1
742 310 1
798 310 1
862 310 1
911 310 1
912 310 1
913 310 1
1103 310 1
1206 310 1
1241 310 1
148 311 1
266 311 2
537 311 1
561 311 1
579 311 2
583 311 1
589 311 1
590 311 1
595 311 1
569 312 2
1134 312 1
240 313 2
314 313 3
692 313 1
56 314 1
73 314 1
194 314 1
240 314 2
310 314 1
313 314 3
486 314 1
692 314 1
760 314 1
65 315 1
303 315 1
316 315 1
317 315 3
469 315 1
470 315 1
471 315 1
557 315 1
559 315 2
573 315 1
589 315 1
590 315 2
615 315 3
616 315 1
621 315 1
624 315 3
632 315 6
645 315 1
752 315 1
813 315 2
910 315 1
1160 315 1
1164 315 1
1244 315 1
1245 315 1
1246 315 1
1247 315 1
315 316 1
317 316 1
65 317 2
303 317 1
315 317 3
316 317 1
471 317 1
551 317 1
573 317 1
578 317 1
589 317 2
652 317 1
146 318 1
200 318 3
319 318 1
567 318 1
628 318 1
692 318 3
795 318 3
988 318 1
989 318 1
1088 318 2
146 319 1
200 319 1
318 319 1
561 319 2
692 319 1
795 319 1
1088 319 1
77 320 1
154 321 2
262 321 3
305 321 1
502 321 1
553 321 1
564 321 2
640 321 1
713 321 1
830 321 1
243 322 1
74 323 1
242 323 1
282 323 3
446 323 1
513 323 1
758 323 1
969 323 1
144 324 1
179 324 1
421 324 1
699 324 1
877 324 1
878 324 1
247 325 2
306 325 2
578 325 3
579 325 3
580 325 3
595 325 1
633 325 1
206 326 2
246 326 2
157 327 1
375 327 1
810 327 1
104 328 1
105 328 1
139 328 1
141 328 1
142 328 2
228 328 1
330 328 1
339 328 1
533 328 1
735 328 1
815 328 1
843 328 1
1172 328 1
1258 328 1
1259 328 1
1265 328 1
211 329 1
245 329 1
228 330 2
328 330 1
331 330 4
339 330 1
360 330 1
709 330 1
769 330 1
771 330 1
833 330 3
834 330 3
1161 330 1
1231 330 1
1232 330 1
1238 330 1
330 331 4
709 331 1
833 331 3
834 331 3
1238 331 1
229 332 1
1235 332 1
96 333 2
555 333 1
1201 333 1
1264 333 1
163 334 1
291 334 1
292 334 1
348 334 1
688 334 1
759 334 1
38 335 1
59 335 1
62 335 6
167 335 1
336 335 2
337 335 3
487 335 1
517 335 1
553 335 1
762 335 1
885 335 2
886 335 1
887 335 1
888 335 1
918 335 1
919 335 1
920 335 2
921 335 1
929 335 1
930 335 1
931 335 1
932 335 1
933 335 1
934 335 1
935 335 1
936 335 1
937 335 1
1021 335 1
1022 335 1
1023 335 1
38 336 3
62 336 1
335 336 2
337 336 1
918 336 1
919 336 1
38 337 2
58 337 1
62 337 1
96 337 1
157 337 1
165 337 1
210 337 1
211 337 2
335 337 3
336 337 1
372 337 1
488 337 1
517 337 1
550 337 1
553 337 2
586 337 1
762 337 1
781 337 1
918 337 1
919 337 1
920 337 2
921 337 1
929 337 1
930 337 1
931 337 1
932 337 1
933 337 1
934 337 1
935 337 1
936 337 1
937 337 1
1044 337 6
1045 337 1
1051 337 1
1072 337 2
1130 337 1
1252 337 1
52 338 1
244 338 1
489 338 1
228 339 1
328 339 1
330 339 1
73 340 1
194 340 1
310 340 1
175 341 1
722 341 1
187 342 1
278 342 1
376 343 1
445 343 1
765 343 1
249 344 1
308 344 1
505 344 1
698 344 3
721 344 1
820 344 1
35 345 1
83 345 3
147 345 1
346 345 1
421 345 1
822 345 2
923 345 1
345 346 1
923 346 1
262 347 1
423 347 1
430 347 1
1081 347 1
1082 347 1
1083 347 1
1125 347 1
1152 347 1
163 348 1
236 348 1
291 348 1
292 348 1
334 348 1
688 348 1
759 348 1
102 349 1
252 349 1
350 349 1
352 349 1
406 349 1
411 349 1
429 349 1
438 349 1
542 349 1
617 349 1
669 349 4
732 349 1
793 349 1
1004 349 2
32 350 1
172 350 1
189 350 1
245 350 1
349 350 1
352 350 2
534 350 2
669 350 2
732 350 1
793 350 1
916 350 1
1240 350 1
206 351 1
260 351 2
362 351 1
403 351 1
756 351 1
140 352 2
170 352 1
171 352 1
172 352 1
194 352 1
201 352 3
252 352 1
288 352 2
349 352 1
350 352 2
353 352 3
591 352 1
654 352 1
669 352 2
725 352 1
726 352 2
732 352 1
764 352 1
793 352 1
1208 352 2
140 353 2
252 353 1
352 353 3
725 353 1
726 353 2
1208 353 2
140 354 1
171 354 4
220 354 1
231 354 1
252 354 2
534 354 1
704 354 1
717 354 1
734 354 1
795 354 2
848 354 1
927 354 1
122 355 1
356 355 1
122 356 1
355 356 1
1025 357 1
359 358 2
358 359 2
189 360 1
330 360 1
377 360 1
791 360 1
922 360 1
220 361 1
375 361 1
720 361 1
735 361 1
766 361 1
260 362 1
351 362 1
756 362 1
1015 363 1
197 364 1
365 364 2
366 364 1
367 364 1
412 364 3
538 364 1
714 364 1
740 364 1
824 364 1
864 364 3
865 364 1
867 364 1
880 364 1
881 364 1
886 364 1
889 364 3
890 364 1
891 364 1
197 365 1
364 365 2
366 365 1
367 365 1
412 365 1
824 365 1
864 365 1
881 365 1
889 365 1
197 366 1
364 366 1
365 366 1
367 366 1
409 366 1
824 366 1
197 367 1
364 367 1
365 367 1
366 367 1
824 367 1
153 368 2
173 368 1
298 368 1
610 368 1
841 368 2
1140 368 1
67 369 4
96 369 1
115 369 1
116 369 1
157 369 1
182 369 1
243 369 1
309 369 1
310 369 1
371 369 1
611 369 1
739 369 1
741 369 1
742 369 2
779 369 2
780 369 3
911 369 1
912 369 1
913 369 1
982 369 1
1008 369 1
1059 369 1
42 370 1
50 370 1
207 370 1
462 370 1
855 370 1
67 371 2
310 371 1
369 371 1
611 371 1
690 371 1
738 371 1
741 371 1
742 371 1
911 371 1
912 371 1
913 371 1
165 372 1
210 372 1
337 372 1
96 373 1
157 373 4
179 373 3
213 373 1
550 373 1
553 373 1
586 373 1
957 373 2
155 374 1
157 374 1
240 374 3
767 374 2
97 375 1
157 375 1
327 375 1
361 375 1
766 375 2
810 375 1
1016 375 1
1209 375 1
343 376 1
765 376 1
189 377 1
360 377 1
413 378 1
475 378 1
546 378 1
1210 378 1
1211 378 1
1212 378 1
1213 378 1
1214 378 1
1215 378 1
1216 378 1
209 379 1
162 380 1
1156 380 1
33 381 1
787 381 1
788 381 1
3 382 1
122 382 3
123 382 2
398 382 1
574 382 1
715 382 3
718 382 1
839 382 1
7 383 2
70 383 1
171 383 1
614 383 1
680 383 1
812 383 1
1115 383 1
1116 383 1
706 384 1
184 385 1
772 385 1
1001 385 1
132 386 1
388 387 1
1233 387 1
1271 387 1
1272 387 1
387 388 1
1233 388 1
1271 388 1
1272 388 1
21 389 1
34 389 1
404 389 1
1104 390 1
88 391 1
104 392 1
105 392 1
156 392 1
157 392 1
393 392 2
394 392 1
800 392 1
1248 392 1
1249 392 1
1250 392 1
104 393 1
105 393 2
111 393 1
156 393 2
157 393 2
161 393 1
392 393 2
394 393 4
579 393 1
762 393 3
800 393 1
1027 393 2
1031 393 1
1157 393 1
1158 393 1
1170 393 1
1171 393 1
1248 393 1
1249 393 1
1250 393 1
39 394 1
156 394 4
157 394 4
392 394 1
393 394 4
1027 394 1
1170 394 1
1171 394 1
1264 394 1
183 395 1
295 395 1
997 395 1
1270 396 1
159 397 1
576 397 1
3 398 1
122 398 1
123 398 1
382 398 1
715 398 1
718 398 1
839 398 1
464 399 1
466 399 1
467 399 1
114 400 1
728 401 2
729 401 2
730 401 2
1141 401 1
67 402 1
197 402 1
290 402 1
206 403 1
260 403 1
351 403 1
607 403 1
21 404 1
34 404 1
389 404 1
19 405 1
21 405 1
34 405 1
659 405 1
349 406 1
411 406 2
542 406 1
157 407 1
158 407 1
159 407 1
304 407 1
545 407 1
419 408 1
630 408 1
631 408 1
983 408 1
366 409 1
1026 410 1
349 411 1
406 411 2
542 411 1
1054 411 1
18 412 1
154 412 2
194 412 1
364 412 3
365 412 1
740 412 1
864 412 3
865 412 1
867 412 1
880 412 1
881 412 1
886 412 1
889 412 3
890 412 1
891 412 1
30 413 1
378 413 1
475 413 1
532 413 1
546 413 1
1210 413 1
1211 413 1
1212 413 1
1213 413 1
1214 413 1
1215 413 1
1216 413 1
415 414 1
414 415 1
682 416 1
970 416 1
998 416 1
1007 416 1
118 417 1
291 417 1
292 417 1
498 417 1
245 418 1
1068 418 1
408 419 1
630 419 1
631 419 4
635 419 1
983 419 1
1220 419 1
1221 419 1
1225 419 2
29 420 1
473 420 1
689 420 1
908 420 1
1148 420 1
1149 420 1
83 421 1
144 421 1
179 421 1
324 421 1
345 421 1
699 421 1
877 421 1
878 421 1
233 422 1
749 422 1
1260 422 1
347 423 1
762 424 1
1110 424 1
1121 424 2
1230 424 1
133 425 1
19 426 1
659 426 1
503 427 1
9 428 2
15 428 2
605 428 2
662 428 2
245 429 1
252 429 1
349 429 1
347 430 1
103 431 1
181 431 1
434 431 1
540 432 1
1187 433 1
103 434 1
181 434 1
431 434 1
452 435 1
1073 435 1
1009 436 1
101 437 2
1105 437 1
1112 437 1
1113 437 1
102 438 1
252 438 2
259 438 1
349 438 1
617 438 1
669 438 1
717 438 1
720 438 1
1004 438 1
1163 438 1
1262 438 1
1263 438 1
440 439 1
474 439 1
980 439 1
439 440 1
474 440 1
980 440 1
86 441 1
203 441 1
442 441 1
1039 441 1
86 442 1
203 442 1
441 442 1
1039 442 1
853 443 1
854 443 1
46 444 1
304 444 1
577 444 1
629 444 1
343 445 1
13 446 1
323 446 1
513 446 1
758 446 1
969 446 1
1076 447 1
20 448 1
190 448 1
275 448 1
672 449 1
673 449 1
761 449 1
96 450 1
483 450 1
574 450 1
622 450 2
639 450 1
708 450 1
1107 450 1
1108 450 1
1109 450 1
1200 450 1
1202 450 1
1203 450 1
1204 450 1
1205 450 1
26 451 1
237 451 1
435 452 1
1073 452 1
479 453 1
676 453 1
11 454 1
501 454 1
655 454 1
508 455 1
526 455 1
457 456 1
456 457 1
195 458 1
502 458 1
796 458 1
944 459 1
945 459 1
946 459 1
947 459 1
948 459 1
461 460 1
460 461 1
42 462 1
50 462 1
207 462 1
370 462 1
608 463 1
860 463 1
399 464 1
466 464 1
467 464 1
89 465 1
157 465 2
646 465 1
399 466 1
464 466 1
467 466 1
399 467 1
464 467 1
466 467 1
664 468 1
683 468 1
1237 468 1
315 469 1
470 469 1
590 469 1
1164 469 1
315 470 1
469 470 1
590 470 1
1164 470 1
65 471 1
180 471 1
233 471 1
303 471 1
315 471 1
317 471 1
91 472 1
155 472 2
553 472 1
859 472 1
420 473 1
439 474 1
440 474 1
980 474 1
378 475 1
413 475 1
476 475 1
477 475 1
478 475 1
546 475 1
1210 475 1
1211 475 1
1212 475 1
1213 475 1
1214 475 1
1215 475 1
1216 475 1
475 476 1
477 476 1
478 476 1
987 476 1
475 477 1
476 477 1
478 477 1
475 478 1
476 478 1
477 478 1
511 478 1
516 478 1
567 478 2
960 478 1
961 478 2
1047 478 2
1052 478 1
1053 478 1
1176 478 1
453 479 1
676 479 1
240 480 2
273 480 1
485 481 1
1117 481 1
1118 481 1
1119 481 1
89 482 1
4 483 2
48 483 2
96 483 1
133 483 4
277 483 1
450 483 1
574 483 1
622 483 1
674 483 2
776 483 1
777 483 1
783 483 1
1200 483 1
192 484 2
497 484 3
481 485 1
525 485 1
847 485 1
1128 485 1
1129 485 1
56 486 1
73 486 1
194 486 1
310 486 1
314 486 1
59 487 1
167 487 1
335 487 1
784 487 1
885 487 1
337 488 1
1044 488 1
52 489 2
243 489 1
244 489 1
338 489 1
794 489 1
117 490 1
924 490 1
925 490 1
494 491 1
659 491 1
133 492 2
151 492 1
874 492 1
1135 492 1
10 493 2
92 493 1
282 493 1
531 493 1
548 493 1
768 493 1
491 494 1
659 494 1
201 495 1
987 496 1
40 497 1
192 497 3
484 497 3
648 497 1
649 497 1
118 498 1
236 498 1
291 498 4
292 498 1
417 498 1
499 498 1
506 498 1
688 498 1
711 498 1
756 498 1
757 498 1
774 498 2
827 498 1
842 498 1
1166 498 1
291 499 2
498 499 1
506 499 1
688 499 1
711 499 1
774 499 1
799 499 2
938 499 1
697 500 1
11 501 1
454 501 1
655 501 1
195 502 1
321 502 1
458 502 1
553 502 1
796 502 1
427 503 1
1143 504 1
249 505 1
308 505 1
344 505 1
698 505 1
820 505 1
291 506 1
498 506 1
499 506 1
688 506 1
711 506 1
774 506 1
568 507 1
647 507 1
455 508 1
526 508 1
96 509 2
552 509 1
741 509 1
120 510 1
478 511 1
961 511 1
1218 512 1
1219 512 1
323 513 1
446 513 1
758 513 1
969 513 1
192 514 1
96 515 1
884 515 1
478 516 1
1176 516 1
38 517 1
231 517 1
232 517 1
335 517 1
337 517 1
553 517 1
762 517 1
920 517 1
929 517 1
930 517 1
931 517 1
932 517 1
933 517 1
934 517 1
935 517 1
936 517 1
937 517 1
981 517 1
85 518 1
147 518 1
231 518 1
245 518 1
1020 518 1
520 519 2
823 519 2
837 519 1
840 519 1
876 519 1
519 520 2
823 520 2
837 520 1
840 520 1
876 520 1
1034 521 1
1035 521 1
861 522 1
202 523 1
262 524 1
485 525 1
847 525 1
1128 525 1
1129 525 1
455 526 1
508 526 1
1087 527 1
66 528 1
194 528 3
201 528 1
293 528 1
41 529 1
109 529 1
166 529 1
268 529 1
269 529 1
572 529 1
753 529 1
818 529 1
819 529 1
900 529 1
901 529 1
902 529 1
903 529 1
904 529 1
905 529 1
906 529 1
656 530 1
657 530 1
10 531 1
92 531 2
282 531 2
493 531 1
548 531 1
768 531 1
30 532 1
413 532 1
104 533 1
105 533 1
142 533 1
328 533 1
735 533 1
815 533 1
1265 533 1
171 534 1
200 534 1
350 534 2
354 534 1
536 535 1
1019 535 1
535 536 1
1019 536 1
148 537 1
311 537 1
364 538 1
714 538 1
75 539 1
196 539 1
541 539 1
894 539 1
895 539 1
896 539 1
897 539 1
898 539 1
432 540 1
75 541 1
196 541 1
539 541 1
894 541 1
895 541 1
896 541 1
897 541 1
898 541 1
349 542 1
406 542 1
411 542 1
646 543 1
857 543 1
552 544 1
157 545 1
158 545 1
159 545 1
304 545 1
407 545 1
378 546 1
413 546 1
475 546 1
1210 546 1
1211 546 1
1212 546 1
1213 546 1
1214 546 1
1215 546 1
1216 546 1
107 547 1
127 547 1
658 547 1
775 547 1
10 548 1
92 548 1
282 548 1
493 548 1
531 548 1
768 548 1
565 549 1
94 550 1
96 550 2
157 550 5
218 550 1
233 550 1
286 550 3
289 550 1
337 550 1
373 550 1
553 550 6
575 550 1
586 550 1
893 550 1
317 551 1
578 551 1
589 551 1
652 551 1
96 552 1
509 552 1
544 552 1
38 553 1
91 553 1
96 553 2
155 553 1
157 553 7
158 553 1
159 553 1
180 553 1
195 553 1
244 553 1
252 553 1
286 553 1
321 553 1
335 553 1
337 553 2
373 553 1
472 553 1
502 553 1
517 553 1
550 553 6
564 553 2
575 553 1
586 553 1
595 553 1
670 553 1
691 553 1
762 553 1
859 553 1
893 553 1
920 553 1
929 553 1
930 553 1
931 553 1
932 553 1
933 553 1
934 553 1
935 553 1
936 553 1
937 553 1
1167 553 1
1222 553 1
168 554 1
713 554 1
1224 554 1
96 555 2
206 555 1
333 555 1
1201 555 1
1264 555 1
52 556 1
271 556 1
606 556 1
705 556 1
954 556 1
955 556 1
956 556 1
1168 556 1
315 557 1
615 557 1
616 557 1
621 557 1
624 557 1
632 557 1
645 557 1
752 557 1
910 557 1
46 558 1
304 558 1
315 559 2
660 560 1
713 560 1
304 561 1
311 561 1
319 561 2
579 561 1
585 561 1
589 561 1
590 561 1
594 561 1
763 561 1
601 562 1
602 562 1
770 562 1
582 563 1
151 564 1
188 564 1
233 564 2
262 564 4
321 564 2
553 564 2
579 564 3
595 564 1
670 564 1
691 564 1
1012 564 1
1222 564 1
549 565 1
291 566 1
146 567 1
200 567 3
318 567 1
478 567 2
795 567 1
1047 567 2
1093 567 2
507 568 1
647 568 1
312 569 2
1134 569 1
265 570 1
587 570 1
588 570 1
304 571 1
41 572 1
109 572 1
166 572 1
268 572 1
269 572 1
529 572 1
753 572 1
818 572 1
819 572 1
900 572 1
901 572 1
902 572 1
903 572 1
904 572 1
905 572 1
906 572 1
315 573 1
317 573 1
834 573 1
47 574 1
96 574 1
133 574 1
277 574 1
382 574 1
450 574 1
483 574 1
622 574 1
715 574 1
1200 574 1
44 575 1
286 575 1
550 575 1
553 575 1
893 575 1
159 576 1
397 576 1
46 577 1
304 577 1
444 577 1
629 577 1
247 578 2
306 578 2
317 578 1
325 578 3
551 578 1
579 578 3
580 578 3
589 578 1
595 578 1
633 578 1
652 578 1
151 579 1
233 579 2
247 579 2
259 579 1
262 579 1
266 579 1
306 579 2
311 579 2
325 579 3
393 579 1
561 579 1
564 579 3
578 579 3
580 579 3
589 579 1
590 579 1
595 579 1
633 579 1
705 579 1
713 579 1
1027 579 1
1239 579 1
247 580 2
306 580 2
325 580 3
578 580 3
579 580 3
595 580 1
633 580 1
1114 581 1
563 582 1
311 583 1
159 584 1
561 585 1
594 585 1
96 586 1
157 586 1
337 586 1
373 586 1
550 586 1
553 586 1
265 587 1
570 587 1
588 587 1
265 588 1
570 588 1
587 588 1
65 589 1
311 589 1
315 589 1
317 589 2
551 589 1
561 589 1
578 589 1
579 589 1
590 589 2
652 589 1
1160 589 1
180 590 1
233 590 1
244 590 1
311 590 1
315 590 2
469 590 1
470 590 1
561 590 1
579 590 1
589 590 2
784 590 1
1160 590 1
1164 590 1
201 591 1
288 591 2
352 591 1
654 591 1
764 591 1
46 592 1
223 592 1
593 592 1
46 593 1
52 593 1
223 593 2
592 593 1
655 593 1
806 593 1
812 593 1
561 594 1
585 594 1
247 595 1
266 595 1
306 595 1
311 595 1
325 595 1
553 595 1
564 595 1
578 595 1
579 595 1
580 595 1
670 595 1
1222 595 1
297 596 1
650 596 1
651 596 1
158 597 1
598 597 1
158 598 1
597 598 1
603 599 1
1165 599 1
801 600 1
807 600 1
1256 600 1
562 601 1
602 601 1
770 601 1
562 602 1
601 602 1
770 602 1
599 603 1
1165 603 1
96 604 1
1200 604 1
9 605 2
10 605 1
15 605 2
69 605 1
71 605 1
92 605 1
282 605 1
428 605 2
662 605 2
556 606 1
705 606 1
956 606 1
403 607 1
463 608 1
860 608 1
242 609 1
368 610 1
1140 610 1
67 611 1
194 611 1
310 611 2
369 611 1
371 611 1
741 611 1
742 611 1
798 611 1
862 611 1
911 611 1
912 611 1
913 611 1
950 612 1
791 613 1
1063 613 1
1064 613 1
383 614 1
1115 614 1
1116 614 1
315 615 3
557 615 1
616 615 1
621 615 1
624 615 2
632 615 3
645 615 1
752 615 1
813 615 1
910 615 1
315 616 1
557 616 1
615 616 1
621 616 1
624 616 1
632 616 1
645 616 1
752 616 1
910 616 1
102 617 2
349 617 1
438 617 1
618 617 1
669 617 1
1004 617 1
1161 617 1
102 618 2
617 618 1
825 618 1
1161 618 1
32 619 1
33 619 1
755 619 1
654 620 1
1058 620 1
315 621 1
557 621 1
615 621 1
616 621 1
624 621 1
632 621 1
645 621 1
752 621 1
910 621 1
96 622 1
450 622 2
483 622 1
574 622 1
1200 622 1
1202 622 1
1203 622 1
1204 622 1
1205 622 1
27 623 1
174 623 1
315 624 3
557 624 1
615 624 2
616 624 1
621 624 1
632 624 3
645 624 1
752 624 1
813 624 2
910 624 1
1244 624 1
1245 624 1
1246 624 1
1247 624 1
82 625 1
778 626 1
84 627 1
199 627 1
200 628 1
302 628 1
318 628 1
795 628 1
46 629 1
304 629 1
444 629 1
577 629 1
408 630 1
419 630 1
631 630 1
983 630 1
408 631 1
419 631 4
630 631 1
635 631 1
983 631 1
1220 631 1
1221 631 1
1225 631 2
315 632 6
557 632 1
615 632 3
616 632 1
621 632 1
624 632 3
645 632 1
752 632 1
813 632 2
910 632 1
1244 632 1
1245 632 1
1246 632 1
1247 632 1
247 633 1
306 633 1
325 633 1
578 633 1
579 633 1
580 633 1
773 634 1
419 635 1
631 635 1
1220 635 1
1221 635 1
212 636 1
850 636 1
12 637 1
638 637 1
12 638 1
637 638 1
450 639 1
1107 639 1
1108 639 1
1109 639 1
321 640 1
830 640 1
81 641 1
17 642 1
90 642 1
705 643 1
713 643 1
829 643 1
41 644 1
835 644 1
836 644 1
315 645 1
557 645 1
615 645 1
616 645 1
621 645 1
624 645 1
632 645 1
752 645 1
910 645 1
157 646 3
159 646 1
465 646 1
543 646 1
856 646 2
857 646 1
1201 646 1
4 647 1
507 647 1
568 647 1
777 647 1
40 648 1
497 648 1
649 648 1
40 649 1
497 649 1
648 649 1
297 650 1
596 650 1
651 650 1
297 651 2
596 651 1
650 651 1
317 652 1
551 652 1
578 652 1
589 652 1
654 653 1
685 653 1
172 654 1
201 654 1
288 654 2
352 654 1
591 654 1
620 654 1
653 654 1
685 654 1
764 654 1
1058 654 1
11 655 1
52 655 1
96 655 1
223 655 1
454 655 1
501 655 1
593 655 1
806 655 1
812 655 1
530 656 1
657 656 1
530 657 1
656 657 1
107 658 1
127 658 1
255 658 1
547 658 1
707 658 1
775 658 2
19 659 2
21 659 1
34 659 1
405 659 1
426 659 1
491 659 1
494 659 1
751 659 3
805 659 1
61 660 1
241 660 1
242 660 1
245 660 1
560 660 1
713 660 1
665 661 1
671 661 2
684 661 1
757 661 1
1197 661 1
9 662 2
15 662 2
428 662 2
605 662 2
970 663 1
468 664 1
683 664 1
1237 664 1
113 665 1
129 665 1
176 665 1
661 665 1
757 665 1
926 665 1
667 666 1
668 666 4
1030 666 2
1261 666 1
666 667 1
668 667 1
666 668 4
667 668 1
1030 668 2
1261 668 1
102 669 1
349 669 4
350 669 2
352 669 2
438 669 1
617 669 1
732 669 1
793 669 1
1004 669 2
553 670 1
564 670 1
595 670 1
1222 670 1
661 671 2
684 671 1
1197 671 1
449 672 1
673 672 1
761 672 1
449 673 1
672 673 1
761 673 1
4 674 1
48 674 1
133 674 2
483 674 2
776 674 1
777 674 1
783 674 1
301 675 2
1174 675 1
37 676 1
453 676 1
479 676 1
242 677 1
1060 678 1
1061 678 1
1159 679 1
383 680 1
155 681 1
416 682 1
1007 682 1
468 683 1
664 683 1
1237 683 1
661 684 1
671 684 1
653 685 1
654 685 1
240 686 1
309 687 1
163 688 1
291 688 3
292 688 2
334 688 1
348 688 1
498 688 1
499 688 1
506 688 1
711 688 1
759 688 1
774 688 1
29 689 1
420 689 1
67 690 2
104 690 2
105 690 2
371 690 1
738 690 2
800 690 1
553 691 1
564 691 1
143 692 1
146 692 1
200 692 2
274 692 2
313 692 1
314 692 1
318 692 3
319 692 1
795 692 1
829 692 1
1088 692 2
1227 692 1
307 693 1
1077 694 1
696 695 1
942 695 1
943 695 1
695 696 1
942 696 1
943 696 1
500 697 1
249 698 1
308 698 1
344 698 3
505 698 1
721 698 1
820 698 1
144 699 1
179 699 1
324 699 1
421 699 1
877 699 1
878 699 1
250 700 1
211 701 1
749 701 2
251 702 1
288 702 1
825 702 1
75 703 1
196 703 1
896 703 1
898 703 1
354 704 1
734 704 1
556 705 1
579 705 1
606 705 1
643 705 1
713 705 2
829 705 1
956 705 1
384 706 1
255 707 1
658 707 1
775 707 1
450 708 1
330 709 1
331 709 1
833 709 1
1238 709 1
162 710 1
291 711 1
498 711 1
499 711 1
506 711 1
688 711 1
774 711 1
52 712 1
186 712 1
257 712 1
839 712 1
154 713 1
168 713 2
305 713 1
321 713 1
554 713 1
560 713 1
579 713 1
643 713 1
660 713 1
705 713 2
829 713 1
849 713 1
1224 713 1
1251 713 1
364 714 1
538 714 1
3 715 1
122 715 1
123 715 2
382 715 3
398 715 1
574 715 1
718 715 1
839 715 1
52 716 2
128 716 1
800 716 1
804 716 1
814 716 1
858 716 1
868 716 1
869 716 1
870 716 1
871 716 1
972 716 1
140 717 1
171 717 1
220 717 1
251 717 1
252 717 3
354 717 1
438 717 1
3 718 1
122 718 1
123 718 1
382 718 1
398 718 1
715 718 1
839 718 1
1236 718 1
220 719 3
222 719 3
224 719 1
786 719 2
826 719 1
220 720 2
252 720 2
361 720 1
438 720 1
1180 720 1
1181 720 1
1262 720 1
1263 720 1
344 721 1
698 721 1
175 722 2
341 722 1
723 722 1
175 723 1
722 723 1
194 724 1
245 724 1
140 725 1
252 725 1
352 725 1
353 725 1
726 725 1
140 726 3
220 726 1
225 726 1
252 726 2
352 726 2
353 726 2
725 726 1
806 726 1
808 726 1
1208 726 1
1268 726 1
1269 726 1
201 727 1
251 727 1
1162 727 1
1226 727 1
401 728 2
729 728 1
730 728 1
401 729 2
728 729 1
730 729 1
401 730 2
728 730 1
729 730 1
1005 731 1
1006 731 1
349 732 1
350 732 1
352 732 1
669 732 1
793 732 1
190 733 1
211 733 1
232 733 1
354 734 1
704 734 1
104 735 2
105 735 1
153 735 1
328 735 1
361 735 1
533 735 1
736 735 1
737 735 1
738 735 1
815 735 1
928 735 1
1265 735 1
104 736 3
153 736 1
735 736 1
737 736 1
738 736 3
809 736 2
832 736 2
928 736 1
1082 736 1
1154 736 1
1155 736 1
104 737 1
153 737 1
735 737 1
736 737 1
738 737 1
928 737 1
52 738 1
67 738 2
100 738 1
104 738 4
105 738 1
115 738 1
116 738 1
127 738 1
153 738 1
371 738 1
690 738 2
735 738 1
736 738 3
737 738 1
809 738 2
832 738 2
928 738 1
1082 738 1
1154 738 1
1155 738 1
67 739 1
182 739 1
243 739 1
309 739 1
369 739 1
742 739 1
364 740 1
412 740 1
864 740 2
865 740 1
867 740 1
880 740 1
886 740 1
889 740 2
890 740 1
891 740 1
67 741 1
96 741 1
310 741 1
369 741 1
371 741 1
509 741 1
611 741 1
742 741 1
911 741 1
912 741 1
913 741 1
67 742 2
182 742 1
243 742 1
309 742 1
310 742 1
369 742 2
371 742 1
611 742 1
739 742 1
741 742 1
911 742 1
912 742 1
913 742 1
41 743 2
295 743 1
745 744 1
744 745 1
747 746 1
746 747 1
213 748 1
1 749 1
211 749 1
233 749 2
422 749 1
701 749 2
1260 749 1
1266 749 1
1267 749 1
278 750 1
299 750 2
816 750 1
854 750 1
659 751 3
805 751 1
315 752 1
557 752 1
615 752 1
616 752 1
621 752 1
624 752 1
632 752 1
645 752 1
910 752 1
41 753 1
109 753 1
166 753 1
268 753 1
269 753 1
529 753 1
572 753 1
818 753 1
819 753 1
900 753 1
901 753 1
902 753 1
903 753 1
904 753 1
905 753 1
906 753 1
132 754 1
32 755 1
33 755 1
619 755 1
260 756 1
291 756 1
351 756 1
362 756 1
498 756 1
827 756 1
842 756 1
1166 756 1
291 757 1
498 757 1
661 757 1
665 757 1
323 758 1
446 758 1
513 758 1
969 758 1
163 759 1
291 759 1
292 759 1
334 759 1
348 759 1
688 759 1
240 760 2
314 760 1
875 760 1
959 760 1
449 761 1
672 761 1
673 761 1
38 762 1
161 762 2
211 762 1
335 762 1
337 762 1
393 762 3
424 762 1
517 762 1
553 762 1
782 762 2
917 762 2
920 762 1
929 762 1
930 762 1
931 762 1
932 762 1
933 762 1
934 762 1
935 762 1
936 762 1
937 762 1
1031 762 1
1106 762 1
1111 762 1
1194 762 1
1195 762 1
1196 762 1
561 763 1
201 764 1
288 764 1
352 764 1
591 764 1
654 764 1
343 765 1
376 765 1
1124 765 1
361 766 1
375 766 2
1016 766 1
157 767 2
374 767 2
10 768 1
92 768 1
282 768 1
493 768 1
531 768 1
548 768 1
330 769 1
771 769 1
562 770 1
601 770 1
602 770 1
330 771 1
769 771 1
184 772 3
385 772 1
802 772 1
1001 772 1
1175 772 1
634 773 1
236 774 1
291 774 1
498 774 2
499 774 1
506 774 1
688 774 1
711 774 1
107 775 1
127 775 1
255 775 1
547 775 1
658 775 2
707 775 1
4 776 1
52 776 1
133 776 1
243 776 1
483 776 1
674 776 1
4 777 2
48 777 2
133 777 3
483 777 1
647 777 1
674 777 1
783 777 3
626 778 1
67 779 2
115 779 1
116 779 1
369 779 2
780 779 2
982 779 1
1008 779 1
67 780 2
115 780 1
116 780 1
369 780 3
779 780 2
982 780 1
1008 780 1
1059 780 1
337 781 1
161 782 1
211 782 1
762 782 2
917 782 1
1194 782 1
1195 782 1
1196 782 1
4 783 1
48 783 2
133 783 3
483 783 1
674 783 1
777 783 3
244 784 1
487 784 1
590 784 1
885 784 2
1207 784 1
23 785 1
52 785 1
154 785 1
194 785 1
243 785 1
954 785 1
220 786 3
222 786 4
252 786 2
259 786 1
719 786 2
826 786 1
33 787 1
208 787 1
231 787 1
381 787 1
788 787 1
990 787 1
991 787 1
992 787 1
33 788 1
381 788 1
787 788 1
112 789 2
32 790 1
242 790 1
360 791 1
613 791 1
922 791 1
1063 791 1
1064 791 1
292 792 1
349 793 1
350 793 1
352 793 1
669 793 1
732 793 1
52 794 1
489 794 1
146 795 2
171 795 2
200 795 3
318 795 3
319 795 1
354 795 2
567 795 1
628 795 1
692 795 1
1088 795 1
1093 795 1
195 796 1
458 796 1
502 796 1
958 797 1
194 798 1
310 798 1
611 798 1
862 798 1
499 799 2
938 799 1
104 800 2
105 800 2
392 800 1
393 800 1
690 800 1
716 800 1
868 800 1
869 800 1
870 800 1
871 800 1
1248 800 1
1249 800 1
1250 800 1
600 801 1
807 801 1
1256 801 1
184 802 1
772 802 1
1175 802 1
262 803 4
281 803 1
1142 803 1
52 804 1
716 804 1
972 804 1
659 805 1
751 805 1
52 806 1
220 806 1
223 806 1
225 806 1
593 806 1
655 806 1
726 806 1
808 806 1
812 806 1
1268 806 1
1269 806 1
600 807 1
801 807 1
1256 807 1
220 808 1
225 808 1
726 808 1
806 808 1
1268 808 1
1269 808 1
104 809 2
736 809 2
738 809 2
832 809 2
1082 809 1
1154 809 1
1155 809 1
157 810 1
327 810 1
375 810 1
188 811 1
226 811 1
1011 811 1
1012 811 1
1127 811 1
7 812 1
52 812 1
70 812 1
206 812 3
223 812 1
383 812 1
593 812 1
655 812 1
806 812 1
1233 812 1
315 813 2
615 813 1
624 813 2
632 813 2
1244 813 1
1245 813 1
1246 813 1
1247 813 1
716 814 1
104 815 1
105 815 1
328 815 1
533 815 1
735 815 1
1265 815 1
299 816 1
750 816 1
99 817 1
119 817 1
266 817 1
41 818 2
109 818 2
166 818 2
268 818 2
269 818 2
529 818 1
572 818 1
753 818 1
819 818 1
900 818 1
901 818 2
902 818 1
903 818 1
904 818 2
905 818 1
906 818 2
907 818 1
41 819 1
109 819 1
166 819 1
268 819 1
269 819 1
529 819 1
572 819 1
753 819 1
818 819 1
900 819 1
901 819 1
902 819 1
903 819 1
904 819 1
905 819 1
906 819 1
249 820 1
308 820 1
344 820 1
505 820 1
698 820 1
187 821 1
35 822 1
267 822 1
345 822 2
1253 822 1
79 823 1
136 823 1
519 823 2
520 823 2
837 823 1
840 823 1
876 823 1
197 824 1
364 824 1
365 824 1
366 824 1
367 824 1
102 825 1
251 825 1
288 825 1
618 825 1
702 825 1
220 826 1
222 826 2
719 826 1
786 826 1
291 827 1
498 827 1
756 827 1
828 827 1
842 827 1
1013 827 1
1014 827 1
1166 827 1
827 828 1
1013 828 1
1014 828 1
143 829 1
643 829 1
692 829 1
705 829 1
713 829 1
321 830 1
640 830 1
1229 831 1
104 832 2
736 832 2
738 832 2
809 832 2
1082 832 1
1154 832 1
1155 832 1
330 833 3
331 833 3
709 833 1
834 833 2
1238 833 1
330 834 3
331 834 3
573 834 1
833 834 2
41 835 1
644 835 1
836 835 1
41 836 1
644 836 1
835 836 1
519 837 1
520 837 1
823 837 1
840 837 1
876 837 1
240 838 1
1132 838 1
3 839 1
52 839 1
122 839 1
123 839 1
186 839 1
257 839 1
382 839 1
398 839 1
712 839 1
715 839 1
718 839 1
519 840 1
520 840 1
823 840 1
837 840 1
876 840 1
153 841 2
173 841 1
298 841 1
368 841 2
291 842 1
498 842 1
756 842 1
827 842 1
1166 842 1
142 843 1
157 843 1
328 843 1
1172 843 1
1217 843 1
32 844 1
285 844 1
31 845 1
177 845 1
263 845 1
300 846 1
485 847 1
525 847 1
1128 847 1
1129 847 1
231 848 1
354 848 1
713 849 1
212 850 1
636 850 1
67 851 1
83 851 1
108 852 1
109 852 1
443 853 1
854 853 1
278 854 2
299 854 1
443 854 1
750 854 1
853 854 1
370 855 1
157 856 2
646 856 2
543 857 1
646 857 1
52 858 1
128 858 1
716 858 1
91 859 1
155 859 1
472 859 1
553 859 1
463 860 1
608 860 1
522 861 1
194 862 1
310 862 1
611 862 1
798 862 1
864 863 1
865 863 1
866 863 1
867 863 1
110 864 1
178 864 1
276 864 1
364 864 3
365 864 1
412 864 3
740 864 2
863 864 1
865 864 2
866 864 1
867 864 2
880 864 3
881 864 1
886 864 1
889 864 6
890 864 1
891 864 1
892 864 1
1228 864 1
364 865 1
412 865 1
740 865 1
863 865 1
864 865 2
866 865 1
867 865 2
880 865 1
886 865 1
889 865 1
890 865 1
891 865 1
863 866 1
864 866 1
865 866 1
867 866 1
364 867 1
412 867 1
740 867 1
863 867 1
864 867 2
865 867 2
866 867 1
880 867 1
881 867 1
886 867 1
889 867 2
890 867 1
891 867 1
909 867 1
716 868 1
800 868 1
869 868 1
870 868 1
871 868 1
716 869 1
800 869 1
868 869 1
870 869 1
871 869 1
716 870 1
800 870 1
868 870 1
869 870 1
871 870 1
716 871 1
800 871 1
868 871 1
869 871 1
870 871 1
220 872 1
227 872 1
220 873 1
222 873 1
245 873 1
133 874 1
240 874 1
492 874 1
1135 874 1
240 875 1
760 875 1
519 876 1
520 876 1
823 876 1
837 876 1
840 876 1
144 877 1
179 877 1
324 877 1
421 877 1
699 877 1
878 877 1
144 878 1
179 878 2
324 878 1
421 878 1
699 878 1
877 878 1
243 879 1
880 879 1
881 879 1
882 879 1
883 879 1
2 880 1
178 880 1
243 880 1
364 880 1
412 880 1
740 880 1
864 880 3
865 880 1
867 880 1
879 880 1
881 880 1
886 880 2
889 880 2
890 880 1
891 880 1
892 880 1
364 881 1
365 881 1
412 881 1
864 881 1
867 881 1
879 881 1
880 881 1
889 881 2
909 881 1
879 882 1
883 882 1
243 883 1
879 883 1
882 883 1
48 884 1
96 884 2
515 884 1
62 885 2
335 885 2
487 885 1
784 885 2
886 885 1
887 885 1
888 885 1
2 886 3
62 886 1
243 886 3
335 886 1
364 886 1
412 886 1
740 886 1
864 886 1
865 886 1
867 886 1
880 886 2
885 886 1
889 886 1
890 886 1
891 886 1
62 887 1
335 887 1
885 887 1
888 887 1
62 888 1
335 888 1
885 888 1
887 888 1
110 889 1
178 889 1
276 889 1
364 889 3
365 889 1
412 889 3
740 889 2
864 889 6
865 889 1
867 889 2
880 889 2
881 889 2
886 889 1
890 889 1
891 889 1
892 889 1
909 889 1
1228 889 1
364 890 1
412 890 1
740 890 1
864 890 1
865 890 1
867 890 1
880 890 1
886 890 1
889 890 1
891 890 1
364 891 1
412 891 1
740 891 1
864 891 1
865 891 1
867 891 1
880 891 1
886 891 1
889 891 1
890 891 1
178 892 1
864 892 1
880 892 1
889 892 1
286 893 1
550 893 1
553 893 1
575 893 1
75 894 1
196 894 1
539 894 1
541 894 1
895 894 1
896 894 1
897 894 1
898 894 1
75 895 1
196 895 1
539 895 1
541 895 1
894 895 1
896 895 1
897 895 1
898 895 1
75 896 2
196 896 2
539 896 1
541 896 1
703 896 1
894 896 1
895 896 1
897 896 2
898 896 2
75 897 1
196 897 1
539 897 1
541 897 1
894 897 1
895 897 1
896 897 2
898 897 1
75 898 2
196 898 2
539 898 1
541 898 1
703 898 1
894 898 1
895 898 1
896 898 2
897 898 1
122 899 1
41 900 1
109 900 1
166 900 1
268 900 1
269 900 1
529 900 1
572 900 1
753 900 1
818 900 1
819 900 1
901 900 1
902 900 1
903 900 1
904 900 1
905 900 1
906 900 1
41 901 2
109 901 2
166 901 2
268 901 2
269 901 2
529 901 1
572 901 1
753 901 1
818 901 2
819 901 1
900 901 1
902 901 1
903 901 1
904 901 2
905 901 1
906 901 2
907 901 1
41 902 1
109 902 1
166 902 1
268 902 1
269 902 1
529 902 1
572 902 1
753 902 1
818 902 1
819 902 1
900 902 1
901 902 1
903 902 1
904 902 1
905 902 1
906 902 1
41 903 1
109 903 1
166 903 1
268 903 1
269 903 1
529 903 1
572 903 1
753 903 1
818 903 1
819 903 1
900 903 1
901 903 1
902 903 1
904 903 1
905 903 1
906 903 1
41 904 2
109 904 2
166 904 2
268 904 2
269 904 2
529 904 1
572 904 1
753 904 1
818 904 2
819 904 1
900 904 1
901 904 2
902 904 1
903 904 1
905 904 1
906 904 2
907 904 1
41 905 1
109 905 1
166 905 1
268 905 1
269 905 1
529 905 1
572 905 1
753 905 1
818 905 1
819 905 1
900 905 1
901 905 1
902 905 1
903 905 1
904 905 1
906 905 1
41 906 2
109 906 2
166 906 2
268 906 3
269 906 2
529 906 1
572 906 1
753 906 1
818 906 2
819 906 1
900 906 1
901 906 2
902 906 1
903 906 1
904 906 2
905 906 1
907 906 1
41 907 1
109 907 1
166 907 1
268 907 1
269 907 1
818 907 1
901 907 1
904 907 1
906 907 1
420 908 1
867 909 1
881 909 1
889 909 1
315 910 1
557 910 1
615 910 1
616 910 1
621 910 1
624 910 1
632 910 1
645 910 1
752 910 1
67 911 1
310 911 1
369 911 1
371 911 1
611 911 1
741 911 1
742 911 1
912 911 1
913 911 1
67 912 1
310 912 1
369 912 1
371 912 1
611 912 1
741 912 1
742 912 1
911 912 1
913 912 1
67 913 1
310 913 1
369 913 1
371 913 1
611 913 1
741 913 1
742 913 1
911 913 1
912 913 1
228 914 1
915 914 1
228 915 1
914 915 1
171 916 1
172 916 1
252 916 1
350 916 1
762 917 2
782 917 1
335 918 1
336 918 1
337 918 1
919 918 1
335 919 1
336 919 1
337 919 1
918 919 1
38 920 2
62 920 1
335 920 2
337 920 2
517 920 1
553 920 1
762 920 1
929 920 1
930 920 1
931 920 1
932 920 1
933 920 1
934 920 2
935 920 1
936 920 1
937 920 1
973 920 2
1130 920 1
62 921 1
335 921 1
337 921 1
360 922 1
791 922 1
345 923 1
346 923 1
117 924 1
490 924 1
925 924 1
117 925 1
490 925 1
924 925 1
113 926 1
129 926 1
176 926 1
665 926 1
252 927 3
258 927 1
354 927 1
104 928 1
153 928 1
735 928 1
736 928 1
737 928 1
738 928 1
38 929 1
335 929 1
337 929 1
517 929 1
553 929 1
762 929 1
920 929 1
930 929 1
931 929 1
932 929 1
933 929 2
934 929 1
935 929 1
936 929 1
937 929 1
38 930 1
335 930 1
337 930 1
517 930 1
553 930 1
762 930 1
920 930 1
929 930 1
931 930 1
932 930 1
933 930 1
934 930 1
935 930 1
936 930 1
937 930 1
38 931 1
335 931 1
337 931 1
517 931 1
553 931 1
762 931 1
920 931 1
929 931 1
930 931 1
932 931 1
933 931 1
934 931 1
935 931 1
936 931 1
937 931 1
38 932 1
55 932 1
64 932 1
117 932 1
335 932 1
337 932 1
517 932 1
553 932 1
762 932 1
920 932 1
929 932 1
930 932 1
931 932 1
933 932 1
934 932 1
935 932 1
936 932 1
937 932 1
38 933 1
335 933 1
337 933 1
517 933 1
553 933 1
762 933 1
920 933 1
929 933 2
930 933 1
931 933 1
932 933 1
934 933 1
935 933 1
936 933 1
937 933 1
38 934 1
335 934 1
337 934 1
517 934 1
553 934 1
762 934 1
920 934 2
929 934 1
930 934 1
931 934 1
932 934 1
933 934 1
935 934 1
936 934 1
937 934 1
973 934 1
38 935 1
335 935 1
337 935 1
517 935 1
553 935 1
762 935 1
920 935 1
929 935 1
930 935 1
931 935 1
932 935 1
933 935 1
934 935 1
936 935 1
937 935 1
38 936 1
335 936 1
337 936 1
517 936 1
553 936 1
762 936 1
920 936 1
929 936 1
930 936 1
931 936 1
932 936 1
933 936 1
934 936 1
935 936 1
937 936 1
38 937 1
335 937 1
337 937 1
517 937 1
553 937 1
762 937 1
920 937 1
929 937 1
930 937 1
931 937 1
932 937 1
933 937 1
934 937 1
935 937 1
936 937 1
499 938 1
799 938 1
940 939 1
941 939 1
939 940 1
941 940 1
939 941 1
940 941 1
695 942 1
696 942 1
943 942 1
695 943 1
696 943 1
942 943 1
459 944 1
945 944 1
946 944 1
947 944 1
948 944 1
459 945 1
944 945 1
946 945 1
947 945 1
948 945 1
459 946 1
944 946 1
945 946 1
947 946 1
948 946 1
459 947 1
944 947 1
945 947 1
946 947 1
948 947 1
459 948 1
944 948 1
945 948 1
946 948 1
947 948 1
38 949 1
244 949 1
612 950 1
278 951 1
242 952 1
221 953 1
291 953 1
52 954 2
133 954 1
154 954 1
194 954 1
277 954 1
556 954 1
785 954 1
955 954 1
52 955 1
556 955 1
954 955 1
556 956 1
606 956 1
705 956 1
157 957 2
179 957 2
213 957 1
373 957 2
797 958 1
240 959 1
760 959 1
478 960 1
961 960 1
478 961 2
511 961 1
960 961 1
262 962 1
964 963 1
963 964 1
43 965 1
100 965 1
104 965 1
106 965 1
966 965 1
967 965 1
968 965 1
43 966 1
100 966 1
104 966 1
106 966 1
965 966 1
967 966 1
968 966 1
43 967 1
100 967 1
104 967 1
106 967 1
965 967 1
966 967 1
968 967 1
43 968 1
100 968 1
104 968 1
106 968 1
965 968 1
966 968 1
967 968 1
323 969 1
446 969 1
513 969 1
758 969 1
52 970 1
186 970 1
416 970 1
663 970 1
998 970 1
52 971 1
57 971 4
243 971 1
1033 971 5
1040 971 1
1041 971 1
52 972 2
154 972 2
244 972 1
716 972 1
804 972 1
973 972 1
1169 972 1
52 973 1
154 973 1
920 973 2
934 973 1
972 973 1
52 974 1
281 974 1
172 975 1
288 975 1
976 975 1
977 975 1
978 975 1
979 975 1
172 976 1
288 976 1
975 976 1
977 976 1
978 976 1
979 976 1
172 977 1
288 977 1
975 977 1
976 977 1
978 977 1
979 977 1
172 978 1
288 978 1
975 978 1
976 978 1
977 978 1
979 978 1
172 979 1
288 979 1
975 979 1
976 979 1
977 979 1
978 979 1
439 980 1
440 980 1
474 980 1
231 981 1
232 981 1
517 981 1
1127 981 1
67 982 1
115 982 1
116 982 1
369 982 1
779 982 1
780 982 1
408 983 1
419 983 1
630 983 1
631 983 1
124 984 1
125 984 1
189 985 1
240 985 1
986 985 1
189 986 1
240 986 1
985 986 1
476 987 1
496 987 1
121 988 1
318 988 1
989 988 1
318 989 1
988 989 1
208 990 1
231 990 1
787 990 1
991 990 1
992 990 1
208 991 1
231 991 1
787 991 1
990 991 1
992 991 1
208 992 1
231 992 1
787 992 1
990 992 1
991 992 1
67 993 1
100 993 1
243 994 1
235 995 1
244 996 1
183 997 1
295 997 2
395 997 1
416 998 1
970 998 1
219 999 1
1000 999 1
219 1000 1
999 1000 1
184 1001 1
385 1001 1
772 1001 1
184 1002 1
22 1003 1
63 1003 1
102 1004 1
349 1004 2
438 1004 1
617 1004 1
669 1004 2
731 1005 1
1006 1005 1
731 1006 1
1005 1006 1
416 1007 1
682 1007 1
67 1008 1
369 1008 1
779 1008 1
780 1008 1
436 1009 1
87 1010 1
188 1011 1
226 1011 1
811 1011 1
1012 1011 1
188 1012 4
226 1012 1
253 1012 1
254 1012 1
564 1012 1
811 1012 1
1011 1012 1
1186 1012 1
827 1013 1
828 1013 1
1014 1013 1
827 1014 1
828 1014 1
1013 1014 1
363 1015 1
375 1016 1
766 1016 1
154 1017 1
1018 1017 1
154 1018 1
1017 1018 1
535 1019 1
536 1019 1
147 1020 2
518 1020 1
62 1021 1
335 1021 1
1022 1021 1
1023 1021 1
62 1022 1
335 1022 1
1021 1022 1
1023 1022 1
62 1023 1
335 1023 1
1021 1023 1
1022 1023 1
211 1024 1
357 1025 1
410 1026 1
393 1027 2
394 1027 1
579 1027 1
1029 1028 1
1028 1029 1
666 1030 2
668 1030 2
1261 1030 1
393 1031 1
762 1031 1
20 1032 2
1131 1032 1
57 1033 4
971 1033 5
1040 1033 1
1041 1033 1
521 1034 1
1035 1034 1
521 1035 1
1034 1035 1
1037 1036 1
1038 1036 1
1036 1037 1
1038 1037 1
1036 1038 1
1037 1038 1
86 1039 1
203 1039 1
441 1039 1
442 1039 1
57 1040 1
971 1040 1
1033 1040 1
971 1041 1
1033 1041 1
1043 1042 1
1042 1043 1
58 1044 1
211 1044 2
337 1044 6
488 1044 1
1045 1044 1
1051 1044 1
211 1045 1
337 1045 1
1044 1045 1
291 1046 1
292 1046 1
478 1047 2
567 1047 2
155 1048 1
240 1048 1
1049 1048 1
155 1049 1
240 1049 1
1048 1049 1
238 1050 1
337 1051 1
1044 1051 1
478 1052 1
1053 1052 1
478 1053 1
1052 1053 1
411 1054 1
222 1055 1
1057 1056 1
1056 1057 1
620 1058 1
654 1058 1
369 1059 1
780 1059 1
678 1060 1
1061 1060 1
62 1061 1
678 1061 1
1060 1061 1
122 1062 1
194 1062 1
293 1062 1
613 1063 1
791 1063 1
1064 1063 1
613 1064 1
791 1064 1
1063 1064 1
1066 1065 1
1067 1065 1
1065 1066 1
1067 1066 1
1065 1067 1
1066 1067 1
245 1068 1
418 1068 1
51 1069 2
211 1069 2
216 1069 2
28 1070 1
1071 1070 1
28 1071 1
1070 1071 1
337 1072 2
435 1073 1
452 1073 1
240 1074 1
232 1075 1
301 1075 1
447 1076 1
694 1077 1
210 1078 1
154 1079 1
112 1080 1
347 1081 1
1082 1081 1
1083 1081 1
104 1082 1
347 1082 1
736 1082 1
738 1082 1
809 1082 1
832 1082 1
1081 1082 1
1083 1082 1
1154 1082 1
1155 1082 1
347 1083 1
1081 1083 1
1082 1083 1
1085 1084 1
1086 1084 1
1084 1085 1
1086 1085 1
1084 1086 1
1085 1086 1
527 1087 1
146 1088 1
200 1088 1
318 1088 2
319 1088 1
692 1088 2
795 1088 1
20 1089 1
1091 1090 1
1090 1091 1
284 1092 1
146 1093 1
200 1093 2
567 1093 2
795 1093 1
262 1094 1
1096 1095 1
1097 1095 1
1095 1096 1
1097 1096 1
1095 1097 1
1096 1097 1
155 1098 1
6 1099 1
126 1099 1
160 1099 1
214 1099 1
1100 1099 1
6 1100 1
126 1100 1
160 1100 1
214 1100 1
1099 1100 1
1102 1101 1
1101 1102 1
194 1103 1
310 1103 1
390 1104 1
76 1105 4
437 1105 1
762 1106 1
450 1107 1
639 1107 1
1108 1107 1
1109 1107 1
450 1108 1
639 1108 1
1107 1108 1
1109 1108 1
450 1109 1
639 1109 1
1107 1109 1
1108 1109 1
424 1110 1
762 1111 1
437 1112 1
1113 1112 1
437 1113 1
1112 1113 1
581 1114 1
383 1115 1
614 1115 1
1116 1115 1
383 1116 1
614 1116 1
1115 1116 1
481 1117 1
1118 1117 1
1119 1117 1
481 1118 1
1117 1118 1
1119 1118 1
481 1119 1
1117 1119 1
1118 1119 1
109 1120 1
294 1120 1
424 1121 2
164 1122 1
1123 1122 1
164 1123 1
1122 1123 1
765 1124 1
347 1125 1
1127 1126 1
811 1127 1
981 1127 1
1126 1127 1
485 1128 1
525 1128 1
847 1128 1
1129 1128 1
485 1129 1
525 1129 1
847 1129 1
1128 1129 1
38 1130 1
337 1130 1
920 1130 1
20 1131 1
1032 1131 1
233 1132 1
240 1132 1
838 1132 1
240 1133 2
312 1134 1
569 1134 1
133 1135 1
492 1135 1
874 1135 1
1137 1136 1
1138 1136 1
1136 1137 1
1138 1137 1
1136 1138 1
1137 1138 1
243 1139 1
368 1140 1
610 1140 1
401 1141 1
262 1142 1
803 1142 1
504 1143 1
83 1144 1
1146 1145 1
1145 1146 1
36 1147 1
68 1147 1
262 1147 1
52 1148 1
420 1148 1
1149 1148 1
1150 1148 1
1151 1148 1
420 1149 1
1148 1149 1
52 1150 1
1148 1150 1
1151 1150 1
52 1151 1
1148 1151 1
1150 1151 1
347 1152 1
283 1153 1
104 1154 1
736 1154 1
738 1154 1
809 1154 1
832 1154 1
1082 1154 1
1155 1154 1
104 1155 1
736 1155 1
738 1155 1
809 1155 1
832 1155 1
1082 1155 1
1154 1155 1
162 1156 1
380 1156 1
105 1157 1
111 1157 1
393 1157 1
1158 1157 1
105 1158 1
111 1158 1
393 1158 1
1157 1158 1
679 1159 1
315 1160 1
589 1160 1
590 1160 1
102 1161 1
330 1161 1
617 1161 1
618 1161 1
1231 1161 1
1232 1161 1
727 1162 1
259 1163 1
438 1163 1
315 1164 1
469 1164 1
470 1164 1
590 1164 1
599 1165 1
603 1165 1
291 1166 1
498 1166 1
756 1166 1
827 1166 1
842 1166 1
252 1167 1
553 1167 1
271 1168 2
556 1168 1
1177 1168 1
1178 1168 1
244 1169 1
972 1169 1
393 1170 1
394 1170 1
1171 1170 1
393 1171 1
394 1171 1
1170 1171 1
142 1172 1
328 1172 1
843 1172 1
194 1173 1
201 1173 1
301 1174 1
675 1174 1
184 1175 1
772 1175 1
802 1175 1
478 1176 1
516 1176 1
271 1177 1
1168 1177 1
1178 1177 1
271 1178 1
1168 1178 1
1177 1178 1
217 1179 1
220 1180 1
252 1180 1
720 1180 1
1181 1180 1
220 1181 1
252 1181 1
720 1181 1
1180 1181 1
52 1182 1
204 1183 1
1184 1183 1
204 1184 1
1183 1184 1
279 1185 1
280 1185 1
188 1186 1
253 1186 1
254 1186 1
1012 1186 1
433 1187 1
271 1188 1
1190 1189 1
1191 1189 1
1192 1189 1
1193 1189 1
1189 1190 1
1191 1190 1
1192 1190 1
1193 1190 1
1189 1191 1
1190 1191 1
1192 1191 1
1193 1191 1
1189 1192 1
1190 1192 1
1191 1192 1
1193 1192 1
1189 1193 1
1190 1193 1
1191 1193 1
1192 1193 1
161 1194 1
211 1194 1
762 1194 1
782 1194 1
1195 1194 1
1196 1194 1
161 1195 1
211 1195 1
762 1195 1
782 1195 1
1194 1195 1
1196 1195 1
161 1196 1
211 1196 1
762 1196 1
782 1196 1
1194 1196 1
1195 1196 1
661 1197 1
671 1197 1
1199 1198 1
1198 1199 1
96 1200 2
450 1200 1
483 1200 1
574 1200 1
604 1200 1
622 1200 1
96 1201 1
159 1201 1
333 1201 1
555 1201 1
646 1201 1
1264 1201 1
450 1202 1
622 1202 1
1203 1202 1
1204 1202 1
1205 1202 1
450 1203 1
622 1203 1
1202 1203 1
1204 1203 1
1205 1203 1
450 1204 1
622 1204 1
1202 1204 1
1203 1204 1
1205 1204 1
450 1205 1
622 1205 1
1202 1205 1
1203 1205 1
1204 1205 1
194 1206 1
232 1206 4
310 1206 1
1241 1206 2
784 1207 1
140 1208 1
352 1208 2
353 1208 2
726 1208 1
97 1209 1
375 1209 1
378 1210 1
413 1210 1
475 1210 1
546 1210 1
1211 1210 1
1212 1210 1
1213 1210 1
1214 1210 1
1215 1210 1
1216 1210 1
378 1211 1
413 1211 1
475 1211 1
546 1211 1
1210 1211 1
1212 1211 1
1213 1211 1
1214 1211 1
1215 1211 1
1216 1211 1
378 1212 1
413 1212 1
475 1212 1
546 1212 1
1210 1212 1
1211 1212 1
1213 1212 1
1214 1212 1
1215 1212 1
1216 1212 1
378 1213 1
413 1213 1
475 1213 1
546 1213 1
1210 1213 1
1211 1213 1
1212 1213 1
1214 1213 1
1215 1213 1
1216 1213 1
378 1214 1
413 1214 1
475 1214 1
546 1214 1
1210 1214 1
1211 1214 1
1212 1214 1
1213 1214 1
1215 1214 1
1216 1214 1
378 1215 1
413 1215 1
475 1215 1
546 1215 1
1210 1215 1
1211 1215 1
1212 1215 1
1213 1215 1
1214 1215 1
1216 1215 1
378 1216 1
413 1216 1
475 1216 1
546 1216 1
1210 1216 1
1211 1216 1
1212 1216 1
1213 1216 1
1214 1216 1
1215 1216 1
157 1217 1
843 1217 1
512 1218 1
1219 1218 1
512 1219 1
1218 1219 1
419 1220 1
631 1220 1
635 1220 1
1221 1220 1
419 1221 1
631 1221 1
635 1221 1
1220 1221 1
553 1222 1
564 1222 1
595 1222 1
670 1222 1
154 1223 1
168 1224 1
554 1224 1
713 1224 1
419 1225 2
631 1225 2
727 1226 1
692 1227 1
110 1228 1
276 1228 1
864 1228 1
889 1228 1
831 1229 1
424 1230 1
330 1231 1
1161 1231 1
1232 1231 1
330 1232 1
1161 1232 1
1231 1232 1
206 1233 1
387 1233 1
388 1233 1
812 1233 1
1271 1233 1
1272 1233 1
185 1234 1
229 1235 1
332 1235 1
718 1236 1
468 1237 1
664 1237 1
683 1237 1
330 1238 1
331 1238 1
709 1238 1
833 1238 1
259 1239 1
579 1239 1
245 1240 1
350 1240 1
194 1241 1
232 1241 2
310 1241 1
1206 1241 2
1243 1242 1
1242 1243 1
315 1244 1
624 1244 1
632 1244 1
813 1244 1
1245 1244 1
1246 1244 1
1247 1244 1
315 1245 1
624 1245 1
632 1245 1
813 1245 1
1244 1245 1
1246 1245 1
1247 1245 1
315 1246 1
624 1246 1
632 1246 1
813 1246 1
1244 1246 1
1245 1246 1
1247 1246 1
315 1247 1
624 1247 1
632 1247 1
813 1247 1
1244 1247 1
1245 1247 1
1246 1247 1
104 1248 1
105 1248 1
392 1248 1
393 1248 1
800 1248 1
1249 1248 1
1250 1248 1
104 1249 1
105 1249 1
392 1249 1
393 1249 1
800 1249 1
1248 1249 1
1250 1249 1
104 1250 1
105 1250 1
392 1250 1
393 1250 1
800 1250 1
1248 1250 1
1249 1250 1
168 1251 1
713 1251 1
337 1252 1
267 1253 1
822 1253 1
45 1254 1
1255 1254 1
45 1255 1
1254 1255 1
600 1256 1
801 1256 1
807 1256 1
41 1257 1
295 1257 1
139 1258 1
141 1258 1
142 1258 1
328 1258 1
1259 1258 1
139 1259 1
141 1259 1
142 1259 1
328 1259 1
1258 1259 1
233 1260 1
422 1260 1
749 1260 1
666 1261 1
668 1261 1
1030 1261 1
252 1262 1
438 1262 1
720 1262 1
1263 1262 1
252 1263 1
438 1263 1
720 1263 1
1262 1263 1
96 1264 1
156 1264 1
157 1264 1
333 1264 1
394 1264 1
555 1264 1
1201 1264 1
104 1265 1
105 1265 1
328 1265 1
533 1265 1
735 1265 1
815 1265 1
1 1266 1
233 1266 1
749 1266 1
1267 1266 1
1 1267 1
233 1267 1
749 1267 1
1266 1267 1
220 1268 1
225 1268 1
726 1268 1
806 1268 1
808 1268 1
1269 1268 1
220 1269 1
225 1269 1
726 1269 1
806 1269 1
808 1269 1
1268 1269 1
396 1270 1
387 1271 1
388 1271 1
1233 1271 1
1272 1271 1
387 1272 1
388 1272 1
1233 1272 1
1271 1272 1
