18 1 1
80 2 1
111 3 1
12 4 1
28 5 1
179 5 1
72 6 1
17 7 1
10 8 1
86 8 1
105 8 1
65 9 1
167 9 1
8 10 1
77 11 1
4 12 1
101 12 1
22 13 1
90 13 1
96 13 1
152 13 1
180 13 1
15 14 1
19 14 1
14 15 1
19 15 1
46 16 1
89 16 1
114 16 1
115 16 1
7 17 1
1 18 1
83 18 1
120 18 1
130 18 1
14 19 1
15 19 1
33 19 1
26 20 1
175 20 1
58 21 1
103 21 1
169 21 1
13 22 1
152 22 1
24 23 1
27 23 1
70 23 1
97 23 1
23 24 1
27 24 1
70 24 1
97 24 1
74 25 1
20 26 1
23 27 1
24 27 1
70 27 1
97 27 1
5 28 1
179 28 1
87 29 2
182 29 1
183 29 1
73 30 1
163 30 1
82 31 1
43 32 1
106 32 1
19 33 1
77 34 1
148 34 1
168 34 1
102 35 1
39 36 1
138 37 1
173 38 1
36 39 1
104 40 1
48 41 1
55 41 1
119 42 1
32 43 1
106 43 1
95 44 1
157 44 1
79 45 1
83 45 1
93 45 1
16 46 1
137 47 1
149 47 1
41 48 1
55 48 1
50 49 1
49 50 1
147 51 1
165 51 1
166 51 1
110 52 1
54 53 1
53 54 1
41 55 1
48 55 1
68 56 1
164 57 1
21 58 1
103 58 2
169 58 1
99 59 1
139 59 1
134 60 1
84 61 1
64 62 1
113 63 1
62 64 1
9 65 1
167 65 1
118 66 1
156 66 1
174 67 1
56 68 1
85 69 1
23 70 1
24 70 1
27 70 1
97 70 1
158 71 1
6 72 1
30 73 1
163 73 1
25 74 1
145 75 1
144 76 1
11 77 1
34 77 1
184 78 1
185 78 1
45 79 1
93 79 1
2 80 1
133 81 1
31 82 1
18 83 1
45 83 1
120 83 1
121 83 1
130 83 1
61 84 1
69 85 1
8 86 1
29 87 2
182 87 1
183 87 1
116 88 1
172 88 1
16 89 1
115 89 1
13 90 1
96 90 1
100 91 1
101 92 2
107 92 1
126 92 2
127 92 2
128 92 1
155 92 1
45 93 1
79 93 1
137 94 1
44 95 1
13 96 1
90 96 1
23 97 1
24 97 1
27 97 1
70 97 1
129 98 1
59 99 1
91 100 1
12 101 1
92 101 2
155 101 1
35 102 1
21 103 1
58 103 2
169 103 1
40 104 1
8 105 1
32 106 1
43 106 1
92 107 1
109 108 1
108 109 1
52 110 1
3 111 1
125 112 1
63 113 1
16 114 1
16 115 1
89 115 1
88 116 1
117 116 1
146 116 1
172 116 2
181 116 1
116 117 1
66 118 1
156 118 1
42 119 1
18 120 1
83 120 1
121 120 1
122 120 1
83 121 1
120 121 1
120 122 1
124 123 1
123 124 1
112 125 1
92 126 2
127 126 1
128 126 1
92 127 2
126 127 1
128 127 1
92 128 1
126 128 1
127 128 1
98 129 1
18 130 1
83 130 1
132 131 1
131 132 1
81 133 1
60 134 1
136 135 1
135 136 1
47 137 1
94 137 1
149 137 1
37 138 1
59 139 1
141 140 1
142 140 1
143 140 1
140 141 1
142 141 1
143 141 1
140 142 1
141 142 1
143 142 1
140 143 1
141 143 1
142 143 1
176 143 1
177 143 1
178 143 1
76 144 1
75 145 1
116 146 1
51 147 1
34 148 1
47 149 1
137 149 1
151 150 1
150 151 1
13 152 1
22 152 1
154 153 1
153 154 1
92 155 1
101 155 1
66 156 1
118 156 1
44 157 1
71 158 1
160 159 1
161 159 1
162 159 1
159 160 1
161 160 1
162 160 1
159 161 1
160 161 1
162 161 1
159 162 1
160 162 1
161 162 1
30 163 1
73 163 1
57 164 1
51 165 1
166 165 1
51 166 1
165 166 1
9 167 1
65 167 1
34 168 1
21 169 1
58 169 1
103 169 1
171 170 1
170 171 1
88 172 1
116 172 2
38 173 1
67 174 1
20 175 1
143 176 1
177 176 1
178 176 1
143 177 1
176 177 1
178 177 1
143 178 1
176 178 1
177 178 1
5 179 1
28 179 1
13 180 1
116 181 1
29 182 1
87 182 1
183 182 1
29 183 1
87 183 1
182 183 1
78 184 1
185 184 1
78 185 1
184 185 1
