246 1 1
99 2 1
100 2 1
375 2 1
593 3 1
594 3 1
595 3 1
63 4 1
192 4 1
831 4 1
832 4 1
833 4 1
834 4 1
835 4 1
836 4 1
218 5 1
370 5 1
843 5 1
21 6 1
350 6 1
351 6 1
352 6 1
581 6 1
582 6 1
586 6 1
587 6 1
588 6 1
427 7 1
251 8 1
18 9 2
513 9 1
703 9 1
201 10 1
186 11 2
187 11 1
214 11 1
138 12 1
604 12 1
61 13 1
158 13 1
284 14 1
323 14 1
16 15 2
205 15 1
563 15 1
15 16 2
205 16 1
563 16 1
380 17 1
9 18 2
513 18 1
703 18 1
693 19 1
132 20 1
212 20 1
213 20 1
476 20 1
6 21 1
350 21 1
351 21 1
352 21 1
82 22 1
252 22 1
273 22 1
329 22 1
153 23 1
35 24 1
362 24 1
31 25 1
55 25 1
97 26 1
218 26 1
266 26 1
293 26 1
82 27 2
97 27 1
203 27 1
266 27 4
841 27 2
842 27 1
589 28 4
699 28 1
725 28 2
746 28 1
747 28 1
748 28 1
88 29 1
343 29 1
344 29 1
855 30 1
856 30 1
857 30 1
25 31 1
55 31 1
39 32 1
40 32 1
233 32 1
241 32 1
322 32 1
527 32 1
660 32 1
683 32 1
705 32 1
740 32 1
34 33 1
69 33 2
126 33 2
33 34 1
24 35 1
362 35 1
295 36 1
456 36 1
682 36 1
560 37 1
749 38 1
32 39 1
660 39 1
32 40 1
157 41 1
234 41 2
235 41 2
484 41 2
485 41 1
849 41 1
850 41 1
851 41 1
116 42 1
366 42 1
428 42 1
429 42 1
494 42 1
495 42 1
590 42 1
591 42 1
592 42 1
644 42 1
645 42 1
646 42 1
218 43 1
231 43 1
532 43 1
141 44 1
151 44 1
825 44 1
209 45 1
267 45 1
277 45 1
363 45 1
371 45 1
545 45 1
583 45 1
584 45 1
585 45 1
101 46 1
102 46 1
417 46 1
418 46 1
111 47 1
191 47 1
528 47 1
52 48 1
213 48 1
304 48 1
430 48 1
50 49 1
49 50 1
320 50 1
56 51 1
48 52 1
213 52 1
304 52 1
430 52 1
196 53 2
85 54 1
270 54 1
440 54 1
441 54 1
442 54 1
25 55 1
31 55 1
51 56 1
113 57 1
542 57 1
89 58 1
183 58 1
363 59 2
82 60 1
721 60 1
13 61 1
158 61 1
209 62 1
258 62 1
394 62 1
395 62 1
396 62 1
4 63 1
192 63 1
831 63 1
832 63 1
833 63 1
834 63 1
835 63 1
836 63 1
203 64 2
185 65 1
161 66 1
295 66 1
454 66 1
455 66 1
456 66 1
179 67 1
170 68 1
33 69 2
126 69 2
71 70 1
70 71 1
209 72 1
359 72 1
578 72 1
579 72 1
580 72 1
74 73 1
406 73 1
407 73 1
73 74 1
406 74 1
407 74 1
689 74 1
325 75 1
642 75 1
789 75 1
77 76 1
76 77 1
120 78 1
531 78 1
532 78 1
654 78 1
655 78 1
656 78 1
211 79 1
238 80 1
239 80 1
751 81 1
22 82 1
27 82 2
60 82 1
244 82 1
252 82 1
266 82 1
269 82 2
270 82 1
273 82 1
279 82 1
329 82 1
464 82 1
465 82 1
721 82 2
763 82 1
138 83 1
164 83 1
209 83 1
674 83 1
675 83 1
864 83 1
202 84 1
663 84 1
54 85 1
708 85 1
709 85 1
87 86 1
86 87 1
285 87 3
647 87 1
684 87 2
29 88 1
336 88 1
337 88 1
338 88 1
343 88 1
344 88 1
529 88 1
530 88 1
58 89 1
181 89 1
183 89 2
195 90 1
236 90 1
434 90 1
435 90 1
620 90 1
93 91 1
188 91 1
325 92 1
809 92 1
810 92 1
811 92 1
812 92 1
813 92 1
814 92 1
91 93 1
168 94 1
169 94 1
280 94 1
651 94 1
111 95 1
156 96 2
185 96 1
281 96 1
357 96 2
385 96 1
386 96 1
387 96 1
26 97 1
27 97 1
218 97 1
266 97 4
293 97 1
556 97 1
557 97 1
841 97 1
842 97 1
110 98 1
2 99 1
100 99 1
375 99 1
2 100 1
99 100 1
375 100 1
46 101 1
102 101 1
417 101 1
418 101 1
46 102 1
101 102 1
417 102 1
418 102 1
144 103 1
433 104 1
108 105 1
235 105 1
408 105 1
539 106 1
403 107 3
457 107 2
105 108 1
235 108 1
408 108 1
503 109 1
98 110 1
47 111 1
95 111 1
191 111 1
528 111 1
255 112 1
57 113 1
197 113 2
200 113 1
267 113 1
363 113 1
372 113 1
451 113 1
452 113 1
474 113 2
542 113 1
543 113 1
609 113 1
610 113 1
707 113 1
744 113 1
745 113 1
755 113 1
135 114 1
367 115 1
626 115 1
627 115 1
42 116 1
428 116 1
429 116 1
219 117 1
558 117 1
605 118 2
648 118 1
764 119 1
765 119 1
78 120 1
531 120 1
532 120 1
538 120 1
685 121 1
686 121 1
687 121 1
193 122 1
767 122 1
262 123 1
559 123 1
596 123 1
597 123 1
768 123 1
804 123 1
154 124 1
381 124 1
382 124 1
383 124 1
384 124 1
129 125 1
147 125 1
33 126 2
69 126 2
537 127 1
668 127 2
669 127 1
673 127 1
129 128 1
125 129 1
128 129 1
147 129 1
215 130 1
287 130 1
388 130 1
389 130 1
390 130 1
507 130 1
296 131 1
315 131 1
374 131 1
443 131 1
20 132 1
212 132 1
213 132 1
476 132 1
139 133 1
271 133 1
140 134 1
148 134 1
114 135 1
393 136 1
517 137 1
701 137 1
12 138 1
83 138 1
247 138 1
256 138 2
604 138 1
665 138 2
674 138 1
675 138 1
133 139 1
251 139 1
271 139 12
288 139 1
598 139 1
717 139 1
815 139 1
134 140 1
148 140 1
44 141 1
182 142 1
268 143 1
103 144 1
146 145 2
178 145 1
194 145 2
145 146 2
178 146 1
194 146 2
125 147 1
129 147 1
134 148 1
140 148 1
181 149 1
182 149 1
732 150 1
44 151 1
825 151 1
466 152 1
23 153 1
124 154 1
381 154 1
382 154 1
383 154 1
384 154 1
220 155 1
96 156 2
185 156 1
357 156 2
41 157 1
234 157 1
235 157 1
484 157 1
850 157 1
851 157 1
13 158 1
61 158 1
358 159 1
359 159 1
360 159 1
361 159 1
228 160 1
266 160 1
400 160 1
401 160 1
66 161 1
295 161 1
454 161 1
455 161 1
456 161 1
218 162 1
463 163 1
741 163 1
83 164 1
209 164 1
758 165 1
759 165 1
726 166 1
729 166 2
416 167 1
94 168 1
169 168 1
280 168 1
651 168 1
94 169 1
168 169 1
280 169 1
651 169 1
68 170 1
415 171 1
449 171 1
450 171 1
453 171 1
840 171 1
700 172 1
766 172 1
652 173 1
653 173 1
243 174 1
176 175 1
177 175 1
175 176 1
177 176 3
249 176 1
321 176 1
175 177 1
176 177 3
258 177 1
145 178 1
146 178 1
194 178 1
67 179 1
524 180 1
89 181 1
149 181 1
182 181 1
183 181 2
203 181 1
339 181 1
340 181 1
142 182 1
149 182 1
181 182 1
58 183 1
89 183 2
181 183 2
203 183 1
339 183 1
340 183 1
366 184 1
482 184 1
483 184 1
484 184 1
485 184 1
761 184 1
762 184 1
65 185 1
96 185 1
156 185 1
357 185 1
11 186 2
187 186 1
214 186 1
11 187 1
186 187 1
91 188 1
697 189 1
239 190 1
47 191 1
111 191 1
253 191 1
359 191 1
366 191 2
379 191 1
410 191 2
419 191 1
420 191 2
421 191 1
422 191 1
423 191 1
424 191 1
425 191 1
426 191 1
528 191 1
611 191 1
4 192 1
63 192 1
831 192 1
832 192 1
833 192 1
834 192 1
835 192 1
836 192 1
122 193 1
210 193 1
767 193 1
145 194 2
146 194 2
178 194 1
90 195 1
434 195 1
435 195 1
53 196 2
113 197 2
744 197 1
745 197 1
755 197 2
290 198 1
292 198 1
796 199 1
797 199 1
113 200 1
10 201 1
84 202 1
254 202 1
663 202 1
27 203 1
64 203 2
181 203 1
183 203 1
266 203 1
311 203 1
312 203 1
313 203 1
314 203 1
339 203 1
340 203 1
706 203 1
841 203 1
225 204 2
226 204 1
750 204 1
752 204 1
15 205 1
16 205 1
207 206 1
206 207 1
230 208 2
45 209 1
62 209 1
72 209 1
83 209 1
164 209 1
251 209 1
258 209 1
308 209 1
309 209 1
310 209 3
359 209 1
394 209 2
395 209 1
396 209 1
508 209 1
535 209 4
536 209 1
538 209 1
541 209 1
545 209 1
578 209 1
579 209 1
580 209 1
583 209 1
584 209 1
585 209 1
611 209 1
612 209 1
613 209 1
614 209 1
730 209 2
731 209 1
805 209 1
806 209 1
193 210 1
79 211 1
20 212 1
132 212 1
213 212 1
476 212 1
20 213 1
48 213 1
52 213 1
132 213 1
212 213 1
304 213 1
430 213 1
476 213 1
11 214 1
186 214 1
130 215 1
287 215 1
507 215 1
664 215 1
263 216 1
274 216 1
445 217 1
5 218 1
26 218 1
43 218 1
97 218 1
162 218 1
231 218 1
255 218 1
266 218 1
293 218 1
370 218 1
532 218 1
843 218 1
862 218 1
863 218 1
117 219 1
558 219 1
155 220 1
225 221 1
226 221 1
844 222 1
680 223 1
681 223 1
229 224 1
704 224 1
204 225 2
221 225 1
226 225 3
750 225 2
752 225 1
204 226 1
221 226 1
225 226 3
750 226 2
752 226 1
496 227 1
160 228 1
266 228 1
400 228 1
401 228 1
224 229 1
704 229 1
208 230 2
507 230 1
760 230 1
43 231 1
218 231 1
532 231 1
799 232 1
32 233 1
41 234 2
157 234 1
235 234 2
484 234 2
485 234 1
849 234 1
850 234 1
851 234 1
41 235 2
105 235 1
108 235 1
157 235 1
234 235 2
408 235 1
484 235 2
485 235 1
849 235 1
850 235 1
851 235 1
90 236 1
620 236 1
753 237 1
754 237 1
80 238 1
239 238 1
402 238 1
80 239 1
190 239 1
238 239 1
378 240 1
32 241 1
683 241 1
259 242 1
260 242 2
659 242 1
676 242 1
174 243 1
82 244 1
289 245 1
793 245 1
794 245 1
1 246 1
138 247 1
257 248 1
176 249 1
321 249 1
693 250 1
695 250 1
8 251 1
139 251 1
209 251 1
261 251 1
271 251 1
308 251 1
309 251 1
310 251 1
540 251 1
769 251 1
770 251 1
798 251 1
22 252 1
82 252 1
273 252 1
329 252 1
191 253 1
366 253 1
379 253 1
202 254 1
112 255 1
218 255 1
138 256 2
665 256 2
248 257 1
62 258 1
177 258 1
209 258 1
285 258 1
394 258 1
395 258 1
396 258 1
242 259 1
260 259 1
676 259 1
242 260 2
259 260 1
659 260 1
676 260 1
251 261 1
798 261 1
123 262 1
216 263 1
274 263 1
265 264 1
278 264 1
264 265 1
278 265 2
286 265 1
488 265 1
489 265 2
26 266 1
27 266 4
82 266 1
97 266 4
160 266 1
203 266 1
218 266 1
228 266 1
293 266 1
400 266 1
401 266 1
556 266 1
557 266 1
841 266 2
842 266 1
45 267 1
113 267 1
277 267 1
363 267 2
371 267 1
372 267 1
397 267 1
398 267 1
399 267 1
544 267 1
545 267 1
143 268 1
82 269 2
763 269 1
54 270 1
82 270 1
279 270 1
440 270 1
441 270 1
442 270 1
509 270 1
510 270 1
511 270 1
512 270 1
618 270 1
619 270 1
830 270 1
133 271 1
139 271 12
251 271 1
288 271 1
598 271 1
815 271 1
432 272 1
670 272 1
671 272 1
672 272 1
22 273 1
82 273 1
252 273 1
329 273 1
216 274 1
263 274 1
436 275 1
437 275 1
438 275 1
439 275 1
444 276 1
736 276 1
795 276 1
45 277 1
267 277 1
363 277 1
371 277 1
264 278 1
265 278 2
286 278 1
489 278 1
82 279 1
270 279 1
94 280 1
168 280 1
169 280 1
651 280 1
96 281 1
385 281 1
386 281 1
387 281 1
283 282 1
688 282 1
282 283 1
688 283 1
14 284 1
323 284 2
326 284 1
335 284 1
391 284 1
788 284 3
792 284 1
87 285 3
258 285 1
265 286 1
278 286 1
489 286 1
130 287 1
215 287 1
507 287 1
139 288 1
271 288 1
431 288 1
598 288 1
649 288 1
650 288 1
829 288 1
245 289 1
793 289 1
794 289 1
198 290 1
292 290 1
714 291 1
715 291 1
198 292 1
290 292 1
26 293 1
97 293 1
218 293 1
266 293 1
349 294 1
36 295 1
66 295 1
161 295 1
454 295 1
455 295 1
456 295 3
682 295 2
131 296 1
298 297 1
299 297 1
300 297 1
301 297 1
302 297 1
303 297 1
304 297 1
305 297 1
306 297 1
307 297 1
297 298 1
299 298 1
300 298 1
301 298 1
302 298 1
303 298 1
304 298 1
305 298 1
306 298 1
307 298 1
297 299 1
298 299 1
300 299 1
301 299 1
302 299 1
303 299 1
304 299 1
305 299 1
306 299 1
307 299 1
297 300 1
298 300 1
299 300 1
301 300 1
302 300 1
303 300 1
304 300 1
305 300 1
306 300 1
307 300 1
297 301 1
298 301 1
299 301 1
300 301 1
302 301 1
303 301 1
304 301 1
305 301 1
306 301 1
307 301 1
297 302 1
298 302 1
299 302 1
300 302 1
301 302 1
303 302 1
304 302 1
305 302 1
306 302 1
307 302 1
297 303 1
298 303 1
299 303 1
300 303 1
301 303 1
302 303 1
304 303 1
305 303 1
306 303 1
307 303 1
48 304 1
52 304 1
213 304 1
297 304 1
298 304 1
299 304 1
300 304 1
301 304 1
302 304 1
303 304 1
305 304 1
306 304 1
307 304 1
430 304 1
710 304 1
711 304 1
297 305 1
298 305 1
299 305 1
300 305 1
301 305 1
302 305 1
303 305 1
304 305 1
306 305 1
307 305 1
297 306 1
298 306 1
299 306 1
300 306 1
301 306 1
302 306 1
303 306 1
304 306 1
305 306 1
307 306 1
297 307 1
298 307 1
299 307 1
300 307 1
301 307 1
302 307 1
303 307 1
304 307 1
305 307 1
306 307 1
209 308 1
251 308 1
309 308 1
310 308 1
209 309 1
251 309 1
308 309 1
310 309 1
209 310 3
251 310 1
308 310 1
309 310 1
730 310 1
203 311 1
312 311 1
313 311 1
314 311 1
203 312 1
311 312 1
313 312 1
314 312 1
203 313 1
311 313 1
312 313 1
314 313 1
203 314 1
311 314 1
312 314 1
313 314 1
131 315 1
317 316 1
318 316 1
319 316 1
316 317 1
318 317 1
319 317 1
316 318 1
317 318 1
319 318 1
316 319 1
317 319 1
318 319 1
50 320 1
176 321 1
249 321 1
724 321 1
757 321 1
32 322 1
14 323 1
284 323 2
326 323 1
325 324 1
75 325 1
92 325 1
324 325 1
778 325 1
779 325 1
780 325 1
781 325 1
782 325 1
783 325 1
784 325 1
785 325 1
786 325 1
787 325 1
789 325 1
790 325 1
791 325 1
809 325 1
810 325 1
811 325 1
812 325 1
813 325 1
814 325 1
284 326 1
323 326 1
328 327 1
327 328 1
22 329 1
82 329 1
252 329 1
273 329 1
331 330 1
330 331 1
333 332 1
332 333 1
472 334 1
284 335 1
88 336 1
337 336 1
338 336 1
88 337 1
336 337 1
338 337 1
88 338 1
336 338 1
337 338 1
181 339 1
183 339 1
203 339 1
340 339 1
181 340 1
183 340 1
203 340 1
339 340 1
342 341 1
341 342 1
29 343 1
88 343 1
344 343 1
29 344 1
88 344 1
343 344 1
346 345 1
347 345 1
348 345 1
345 346 1
347 346 1
348 346 1
345 347 1
346 347 1
348 347 1
345 348 1
346 348 1
347 348 1
294 349 1
6 350 1
21 350 1
351 350 1
352 350 1
6 351 1
21 351 1
350 351 1
352 351 1
6 352 1
21 352 1
350 352 1
351 352 1
354 353 1
355 353 1
356 353 1
366 353 1
367 353 1
368 353 1
369 353 1
370 353 1
353 354 1
355 354 1
356 354 1
353 355 1
354 355 1
356 355 1
353 356 1
354 356 1
355 356 1
96 357 2
156 357 2
185 357 1
159 358 1
359 358 1
360 358 1
361 358 1
72 359 1
159 359 1
191 359 1
209 359 1
358 359 1
360 359 1
361 359 1
366 359 2
379 359 1
410 359 1
419 359 1
420 359 1
421 359 1
422 359 1
423 359 1
424 359 1
425 359 1
426 359 1
517 359 1
578 359 1
579 359 1
580 359 1
698 359 1
802 359 1
803 359 1
159 360 1
358 360 1
359 360 1
361 360 1
159 361 1
358 361 1
359 361 1
360 361 1
24 362 1
35 362 1
45 363 1
59 363 2
113 363 1
267 363 2
277 363 1
364 363 1
365 363 1
371 363 1
372 363 1
392 363 1
571 363 1
712 363 1
716 363 1
363 364 1
365 364 1
363 365 1
364 365 1
42 366 1
184 366 1
191 366 2
253 366 1
353 366 1
359 366 2
367 366 1
368 366 1
369 366 1
370 366 1
379 366 2
410 366 1
419 366 1
420 366 1
421 366 1
422 366 1
423 366 1
424 366 1
425 366 1
426 366 1
590 366 1
591 366 1
592 366 1
698 366 1
761 366 1
762 366 1
819 366 1
820 366 1
821 366 1
822 366 1
823 366 1
115 367 1
353 367 1
366 367 1
368 367 1
369 367 1
370 367 1
621 367 1
622 367 1
623 367 1
624 367 1
625 367 1
626 367 1
627 367 1
771 367 1
772 367 1
773 367 1
353 368 1
366 368 1
367 368 1
369 368 1
370 368 1
353 369 1
366 369 1
367 369 1
368 369 1
370 369 1
5 370 1
218 370 1
353 370 1
366 370 1
367 370 1
368 370 1
369 370 1
843 370 1
45 371 1
267 371 1
277 371 1
363 371 1
113 372 1
267 372 1
363 372 1
374 373 1
131 374 1
373 374 1
471 374 3
2 375 1
99 375 1
100 375 1
377 376 1
376 377 1
240 378 1
191 379 1
253 379 1
359 379 1
366 379 2
469 379 1
470 379 1
698 379 1
800 379 1
801 379 1
17 380 1
124 381 1
154 381 1
382 381 1
383 381 1
384 381 1
124 382 1
154 382 1
381 382 1
383 382 1
384 382 1
124 383 1
154 383 1
381 383 1
382 383 1
384 383 1
124 384 1
154 384 1
381 384 1
382 384 1
383 384 1
96 385 1
281 385 1
386 385 1
387 385 1
96 386 1
281 386 1
385 386 1
387 386 1
96 387 1
281 387 1
385 387 1
386 387 1
130 388 1
389 388 1
390 388 1
130 389 1
388 389 1
390 389 1
130 390 1
388 390 1
389 390 1
284 391 1
363 392 1
136 393 1
62 394 1
209 394 2
258 394 1
395 394 1
396 394 1
730 394 1
731 394 1
62 395 1
209 395 1
258 395 1
394 395 1
396 395 1
62 396 1
209 396 1
258 396 1
394 396 1
395 396 1
267 397 1
398 397 1
399 397 1
267 398 1
397 398 1
399 398 1
267 399 1
397 399 1
398 399 1
160 400 1
228 400 1
266 400 1
401 400 1
160 401 1
228 401 1
266 401 1
400 401 1
238 402 1
107 403 3
457 403 1
405 404 1
404 405 1
73 406 1
74 406 1
407 406 1
73 407 1
74 407 1
406 407 1
105 408 1
108 408 1
235 408 1
410 409 1
411 409 1
412 409 1
413 409 1
191 410 2
359 410 1
366 410 1
409 410 1
411 410 1
412 410 1
413 410 1
419 410 1
420 410 2
421 410 1
422 410 1
423 410 1
424 410 1
425 410 1
426 410 1
611 410 1
409 411 1
410 411 1
412 411 1
413 411 1
409 412 1
410 412 1
411 412 1
413 412 1
409 413 1
410 413 1
411 413 1
412 413 1
415 414 1
171 415 1
414 415 1
840 415 1
167 416 1
432 416 3
46 417 1
101 417 1
102 417 1
418 417 1
46 418 1
101 418 1
102 418 1
417 418 1
191 419 1
359 419 1
366 419 1
410 419 1
420 419 1
421 419 1
422 419 1
423 419 1
424 419 1
425 419 1
426 419 1
191 420 2
359 420 1
366 420 1
410 420 2
419 420 1
421 420 1
422 420 1
423 420 1
424 420 1
425 420 1
426 420 1
611 420 1
629 420 1
630 420 1
631 420 1
191 421 1
359 421 1
366 421 1
410 421 1
419 421 1
420 421 1
422 421 1
423 421 1
424 421 1
425 421 1
426 421 1
191 422 1
359 422 1
366 422 1
410 422 1
419 422 1
420 422 1
421 422 1
423 422 1
424 422 1
425 422 1
426 422 1
191 423 1
359 423 1
366 423 1
410 423 1
419 423 1
420 423 1
421 423 1
422 423 1
424 423 1
425 423 1
426 423 1
191 424 1
359 424 1
366 424 1
410 424 1
419 424 1
420 424 1
421 424 1
422 424 1
423 424 1
425 424 1
426 424 1
191 425 1
359 425 1
366 425 1
410 425 1
419 425 1
420 425 1
421 425 1
422 425 1
423 425 1
424 425 1
426 425 1
191 426 1
359 426 1
366 426 1
410 426 1
419 426 1
420 426 1
421 426 1
422 426 1
423 426 1
424 426 1
425 426 1
7 427 1
42 428 1
116 428 1
429 428 2
42 429 1
116 429 1
428 429 2
48 430 1
52 430 1
213 430 1
304 430 1
288 431 1
272 432 1
416 432 3
670 432 1
671 432 1
672 432 1
104 433 1
90 434 1
195 434 1
435 434 1
90 435 1
195 435 1
434 435 1
275 436 1
437 436 1
438 436 1
439 436 1
275 437 1
436 437 1
438 437 1
439 437 1
275 438 1
436 438 1
437 438 1
439 438 1
275 439 1
436 439 1
437 439 1
438 439 1
54 440 1
270 440 1
441 440 1
442 440 1
54 441 1
270 441 1
440 441 1
442 441 1
54 442 1
270 442 1
440 442 1
441 442 1
131 443 1
276 444 1
217 445 1
447 446 1
448 446 1
446 447 1
448 447 1
446 448 1
447 448 1
171 449 1
450 449 1
171 450 1
449 450 1
113 451 1
452 451 1
113 452 1
451 452 1
171 453 1
66 454 1
161 454 1
295 454 1
455 454 1
456 454 1
66 455 1
161 455 1
295 455 1
454 455 1
456 455 1
36 456 1
66 456 1
161 456 1
295 456 3
454 456 1
455 456 1
608 456 1
682 456 2
107 457 2
403 457 1
459 458 1
460 458 1
461 458 1
458 459 1
460 459 1
461 459 1
458 460 1
459 460 1
461 460 1
458 461 1
459 461 1
460 461 1
463 462 1
163 463 1
462 463 1
475 463 1
741 463 1
82 464 1
465 464 1
82 465 1
464 465 1
152 466 1
468 467 1
467 468 1
702 468 1
379 469 1
470 469 1
379 470 1
469 470 1
374 471 3
334 472 1
473 472 1
472 473 1
113 474 2
463 475 1
20 476 1
132 476 1
212 476 1
213 476 1
478 477 1
479 477 1
480 477 1
481 477 1
477 478 1
479 478 1
480 478 1
481 478 1
477 479 1
478 479 1
480 479 1
481 479 1
477 480 1
478 480 1
479 480 1
481 480 1
477 481 1
478 481 1
479 481 1
480 481 1
184 482 1
483 482 1
484 482 1
485 482 1
184 483 1
482 483 1
484 483 1
485 483 1
41 484 2
157 484 1
184 484 1
234 484 2
235 484 2
482 484 1
483 484 1
485 484 2
849 484 1
850 484 1
851 484 1
41 485 1
184 485 1
234 485 1
235 485 1
482 485 1
483 485 1
484 485 2
849 485 1
487 486 1
486 487 1
265 488 1
489 488 1
265 489 2
278 489 1
286 489 1
488 489 1
491 490 1
492 490 1
493 490 1
490 491 1
492 491 1
493 491 1
490 492 1
491 492 1
493 492 1
490 493 1
491 493 1
492 493 1
42 494 1
495 494 1
42 495 1
494 495 1
227 496 1
498 497 1
499 497 3
733 497 1
497 498 1
497 499 3
733 499 1
501 500 1
502 500 1
500 501 1
502 501 1
500 502 1
501 502 1
109 503 1
505 504 1
506 504 1
504 505 1
506 505 1
504 506 1
505 506 1
130 507 1
215 507 1
230 507 1
287 507 1
760 507 1
209 508 1
270 509 1
510 509 1
511 509 1
512 509 1
270 510 1
509 510 1
511 510 1
512 510 1
270 511 1
509 511 1
510 511 1
512 511 1
270 512 1
509 512 1
510 512 1
511 512 1
9 513 1
18 513 1
515 514 1
516 514 1
517 514 1
518 514 1
514 515 1
516 515 1
517 515 1
518 515 1
514 516 1
515 516 1
517 516 1
518 516 1
137 517 1
359 517 1
514 517 1
515 517 1
516 517 1
518 517 1
701 517 1
802 517 1
803 517 1
514 518 1
515 518 1
516 518 1
517 518 1
520 519 1
519 520 1
742 520 1
743 520 1
522 521 1
523 521 1
521 522 1
523 522 1
521 523 1
522 523 1
180 524 1
526 525 1
525 526 1
643 526 2
32 527 1
47 528 1
111 528 1
191 528 1
88 529 1
530 529 1
88 530 1
529 530 1
78 531 1
120 531 1
532 531 1
43 532 1
78 532 1
120 532 1
218 532 1
231 532 1
531 532 1
534 533 1
533 534 1
209 535 4
536 535 1
538 535 1
541 535 1
209 536 1
535 536 1
127 537 1
120 538 1
209 538 1
535 538 1
106 539 1
251 540 1
209 541 1
535 541 1
57 542 1
113 542 1
113 543 1
267 544 1
545 544 1
45 545 1
209 545 1
267 545 1
544 545 1
583 545 1
584 545 1
585 545 1
547 546 1
548 546 2
549 546 1
550 546 1
638 546 1
546 547 1
548 547 1
549 547 1
550 547 1
546 548 2
547 548 1
549 548 1
550 548 1
638 548 1
546 549 1
547 549 1
548 549 1
550 549 1
546 550 1
547 550 1
548 550 1
549 550 1
552 551 1
553 551 1
551 552 1
553 552 1
551 553 1
552 553 1
555 554 1
554 555 1
97 556 1
266 556 1
557 556 1
97 557 1
266 557 1
556 557 1
117 558 1
219 558 1
123 559 1
37 560 1
562 561 1
561 562 1
15 563 1
16 563 1
565 564 1
566 564 1
567 564 1
568 564 1
564 565 1
566 565 1
567 565 1
568 565 1
564 566 1
565 566 1
567 566 1
568 566 1
564 567 1
565 567 1
566 567 1
568 567 1
564 568 1
565 568 1
566 568 1
567 568 1
570 569 1
569 570 1
363 571 1
712 571 1
716 571 1
573 572 1
574 572 1
572 573 1
574 573 1
572 574 1
573 574 1
824 574 1
576 575 1
577 575 1
575 576 1
577 576 1
575 577 1
576 577 1
615 577 2
616 577 1
858 577 1
72 578 1
209 578 1
359 578 1
579 578 1
580 578 1
72 579 1
209 579 1
359 579 1
578 579 1
580 579 1
72 580 1
209 580 1
359 580 1
578 580 1
579 580 1
6 581 1
582 581 1
6 582 1
581 582 1
45 583 1
209 583 1
545 583 1
584 583 1
585 583 1
45 584 1
209 584 1
545 584 1
583 584 1
585 584 1
45 585 1
209 585 1
545 585 1
583 585 1
584 585 1
6 586 1
587 586 1
588 586 1
6 587 1
586 587 1
588 587 1
6 588 1
586 588 1
587 588 1
28 589 4
699 589 2
725 589 2
746 589 1
747 589 1
748 589 1
756 589 1
42 590 1
366 590 1
591 590 1
592 590 1
42 591 1
366 591 1
590 591 1
592 591 4
645 591 1
646 591 1
42 592 1
366 592 1
590 592 1
591 592 4
645 592 1
646 592 1
3 593 1
594 593 1
595 593 1
3 594 1
593 594 1
595 594 1
3 595 1
593 595 1
594 595 1
123 596 1
597 596 1
123 597 1
596 597 1
139 598 1
271 598 1
288 598 1
600 599 1
601 599 1
602 599 1
603 599 1
599 600 1
601 600 1
602 600 1
603 600 1
599 601 1
600 601 1
602 601 1
603 601 1
599 602 1
600 602 1
601 602 1
603 602 1
599 603 1
600 603 1
601 603 1
602 603 1
12 604 1
138 604 1
118 605 2
648 605 1
607 606 2
617 606 2
628 606 1
606 607 2
456 608 1
113 609 1
610 609 1
113 610 1
609 610 1
191 611 1
209 611 1
410 611 1
420 611 1
612 611 1
613 611 1
614 611 1
209 612 1
611 612 1
613 612 1
614 612 1
209 613 1
611 613 1
612 613 1
614 613 1
209 614 1
611 614 1
612 614 1
613 614 1
577 615 2
616 615 1
858 615 1
577 616 1
615 616 1
606 617 2
270 618 1
619 618 1
270 619 1
618 619 1
90 620 1
236 620 1
367 621 1
622 621 1
623 621 1
624 621 1
625 621 1
367 622 1
621 622 1
623 622 1
624 622 1
625 622 1
367 623 1
621 623 1
622 623 1
624 623 1
625 623 1
367 624 1
621 624 1
622 624 1
623 624 1
625 624 1
367 625 1
621 625 1
622 625 1
623 625 1
624 625 1
115 626 1
367 626 1
627 626 1
115 627 1
367 627 1
626 627 1
606 628 1
420 629 1
630 629 1
631 629 1
420 630 1
629 630 1
631 630 1
420 631 1
629 631 1
630 631 1
633 632 1
632 633 1
635 634 1
634 635 1
637 636 1
636 637 1
546 638 1
548 638 1
640 639 1
641 639 1
639 640 1
641 640 1
639 641 1
640 641 1
75 642 1
526 643 2
42 644 1
645 644 1
646 644 1
42 645 1
591 645 1
592 645 1
644 645 1
646 645 1
42 646 1
591 646 1
592 646 1
644 646 1
645 646 1
87 647 1
118 648 1
605 648 1
288 649 1
650 649 1
288 650 1
649 650 1
94 651 1
168 651 1
169 651 1
280 651 1
173 652 1
653 652 1
173 653 1
652 653 1
78 654 1
655 654 1
656 654 1
78 655 1
654 655 1
656 655 1
78 656 1
654 656 1
655 656 1
658 657 1
657 658 1
242 659 1
260 659 1
32 660 1
39 660 1
662 661 1
661 662 1
84 663 1
202 663 1
215 664 1
138 665 2
256 665 2
667 666 2
666 667 2
127 668 2
669 668 1
673 668 1
127 669 1
668 669 1
272 670 1
432 670 1
671 670 1
672 670 1
272 671 1
432 671 1
670 671 1
672 671 1
272 672 1
432 672 1
670 672 1
671 672 1
127 673 1
668 673 1
83 674 1
138 674 1
675 674 1
83 675 1
138 675 1
674 675 1
242 676 1
259 676 1
260 676 1
678 677 1
679 677 1
692 677 1
774 677 1
677 678 1
679 678 1
677 679 1
678 679 1
223 680 1
681 680 1
223 681 1
680 681 1
36 682 1
295 682 2
456 682 2
32 683 1
241 683 1
87 684 2
121 685 1
686 685 1
687 685 1
121 686 1
685 686 1
687 686 1
121 687 1
685 687 1
686 687 1
282 688 1
283 688 1
74 689 1
691 690 1
690 691 1
677 692 1
19 693 1
250 693 1
694 693 1
695 693 1
696 693 1
693 694 1
250 695 1
693 695 1
693 696 1
189 697 1
359 698 1
366 698 1
379 698 1
28 699 1
589 699 2
725 699 1
172 700 1
137 701 1
517 701 1
468 702 1
9 703 1
18 703 1
224 704 1
229 704 1
32 705 1
203 706 1
113 707 1
85 708 1
709 708 1
85 709 1
708 709 1
304 710 1
711 710 1
304 711 1
710 711 1
363 712 1
571 712 1
713 712 1
716 712 1
712 713 1
291 714 1
715 714 1
291 715 1
714 715 1
363 716 1
571 716 1
712 716 1
139 717 1
719 718 1
720 718 1
718 719 1
720 719 1
718 720 1
719 720 1
60 721 1
82 721 2
723 722 1
722 723 1
321 724 1
28 725 2
589 725 2
699 725 1
166 726 1
728 727 2
727 728 2
166 729 2
209 730 2
310 730 1
394 730 1
731 730 1
209 731 1
394 731 1
730 731 1
150 732 1
497 733 1
499 733 1
735 734 1
734 735 1
276 736 1
738 737 1
739 737 1
737 738 1
739 738 1
737 739 1
738 739 1
32 740 1
163 741 1
463 741 1
520 742 1
743 742 1
520 743 1
742 743 1
113 744 1
197 744 1
745 744 1
113 745 1
197 745 1
744 745 1
28 746 1
589 746 1
747 746 1
748 746 1
28 747 1
589 747 1
746 747 1
748 747 1
28 748 1
589 748 1
746 748 1
747 748 1
38 749 1
204 750 1
225 750 2
226 750 2
752 750 1
81 751 1
204 752 1
225 752 1
226 752 1
750 752 1
237 753 1
754 753 1
237 754 1
753 754 1
113 755 1
197 755 2
589 756 1
321 757 1
165 758 1
759 758 1
165 759 1
758 759 1
230 760 1
507 760 1
184 761 1
366 761 1
762 761 1
184 762 1
366 762 1
761 762 1
82 763 1
269 763 1
119 764 1
765 764 1
119 765 1
764 765 1
172 766 1
122 767 1
193 767 1
123 768 1
251 769 1
770 769 1
251 770 1
769 770 1
367 771 1
772 771 1
773 771 1
367 772 1
771 772 1
773 772 1
367 773 1
771 773 1
772 773 1
677 774 1
776 775 1
777 775 1
775 776 1
777 776 1
775 777 1
776 777 1
325 778 1
779 778 1
780 778 1
781 778 1
782 778 1
783 778 1
784 778 1
785 778 1
786 778 1
787 778 1
325 779 1
778 779 1
780 779 1
781 779 1
782 779 1
783 779 1
784 779 1
785 779 1
786 779 1
787 779 1
325 780 1
778 780 1
779 780 1
781 780 1
782 780 1
783 780 1
784 780 1
785 780 1
786 780 1
787 780 1
325 781 1
778 781 1
779 781 1
780 781 1
782 781 1
783 781 1
784 781 1
785 781 1
786 781 1
787 781 1
325 782 1
778 782 1
779 782 1
780 782 1
781 782 1
783 782 1
784 782 1
785 782 1
786 782 1
787 782 1
325 783 1
778 783 1
779 783 1
780 783 1
781 783 1
782 783 1
784 783 1
785 783 1
786 783 1
787 783 1
325 784 1
778 784 1
779 784 1
780 784 1
781 784 1
782 784 1
783 784 1
785 784 1
786 784 1
787 784 1
325 785 1
778 785 1
779 785 1
780 785 1
781 785 1
782 785 1
783 785 1
784 785 1
786 785 1
787 785 1
325 786 1
778 786 1
779 786 1
780 786 1
781 786 1
782 786 1
783 786 1
784 786 1
785 786 1
787 786 1
325 787 1
778 787 1
779 787 1
780 787 1
781 787 1
782 787 1
783 787 1
784 787 1
785 787 1
786 787 1
284 788 3
792 788 1
75 789 1
325 789 1
325 790 1
791 790 1
325 791 1
790 791 1
284 792 1
788 792 1
245 793 1
289 793 1
794 793 1
245 794 1
289 794 1
793 794 1
276 795 1
199 796 1
797 796 1
199 797 1
796 797 1
251 798 1
261 798 1
232 799 1
379 800 1
801 800 2
379 801 1
800 801 2
359 802 1
517 802 1
803 802 1
359 803 1
517 803 1
802 803 1
123 804 1
209 805 1
806 805 1
209 806 1
805 806 1
808 807 1
807 808 1
92 809 1
325 809 1
810 809 1
811 809 1
812 809 1
813 809 1
814 809 1
92 810 1
325 810 1
809 810 1
811 810 1
812 810 1
813 810 1
814 810 1
92 811 1
325 811 1
809 811 1
810 811 1
812 811 1
813 811 1
814 811 1
92 812 1
325 812 1
809 812 1
810 812 1
811 812 1
813 812 1
814 812 1
92 813 1
325 813 1
809 813 1
810 813 1
811 813 1
812 813 1
814 813 1
92 814 1
325 814 1
809 814 1
810 814 1
811 814 1
812 814 1
813 814 1
139 815 1
271 815 1
817 816 1
818 816 1
816 817 1
818 817 1
816 818 1
817 818 1
366 819 1
820 819 1
821 819 1
822 819 1
823 819 1
366 820 1
819 820 1
821 820 1
822 820 1
823 820 1
366 821 1
819 821 1
820 821 1
822 821 1
823 821 1
366 822 1
819 822 1
820 822 1
821 822 1
823 822 1
366 823 1
819 823 1
820 823 1
821 823 1
822 823 1
574 824 1
44 825 1
151 825 1
827 826 1
828 826 1
826 827 1
828 827 1
826 828 1
827 828 1
288 829 1
270 830 1
4 831 1
63 831 1
192 831 1
832 831 1
833 831 1
834 831 1
835 831 1
836 831 1
4 832 1
63 832 1
192 832 1
831 832 1
833 832 1
834 832 1
835 832 1
836 832 1
4 833 1
63 833 1
192 833 1
831 833 1
832 833 1
834 833 1
835 833 1
836 833 1
4 834 1
63 834 1
192 834 1
831 834 1
832 834 1
833 834 1
835 834 1
836 834 1
4 835 1
63 835 1
192 835 1
831 835 1
832 835 1
833 835 1
834 835 1
836 835 1
4 836 1
63 836 1
192 836 1
831 836 1
832 836 1
833 836 1
834 836 1
835 836 1
838 837 1
839 837 1
837 838 1
839 838 1
837 839 1
838 839 1
171 840 1
415 840 1
27 841 2
97 841 1
203 841 1
266 841 2
842 841 1
27 842 1
97 842 1
266 842 1
841 842 1
5 843 1
218 843 1
370 843 1
222 844 1
846 845 1
845 846 1
848 847 1
847 848 1
41 849 1
234 849 1
235 849 1
484 849 1
485 849 1
41 850 1
157 850 1
234 850 1
235 850 1
484 850 1
851 850 1
41 851 1
157 851 1
234 851 1
235 851 1
484 851 1
850 851 1
853 852 1
854 852 1
852 853 1
854 853 1
852 854 1
853 854 1
30 855 1
856 855 1
857 855 1
30 856 1
855 856 1
857 856 1
30 857 1
855 857 1
856 857 1
577 858 1
615 858 1
860 859 1
861 859 1
859 860 1
861 860 1
859 861 1
860 861 1
218 862 1
863 862 1
218 863 1
862 863 1
83 864 1
866 865 1
867 865 1
865 866 1
867 866 1
865 867 1
866 867 1
869 868 1
868 869 1
