258 1 1
368 1 1
383 1 1
20 2 1
85 2 1
166 2 1
169 2 1
196 2 1
197 2 1
245 2 1
421 2 1
58 3 1
400 3 1
29 4 1
40 4 1
53 4 1
211 4 1
249 4 1
289 4 1
317 4 1
382 4 1
446 4 1
543 4 1
544 4 1
202 5 1
7 6 1
92 6 1
270 6 1
408 6 1
6 7 1
92 7 1
270 7 1
408 7 1
121 8 1
411 8 1
25 9 1
63 9 1
123 9 1
442 9 1
283 10 1
302 10 1
490 10 1
12 11 1
36 11 1
140 11 1
168 11 2
196 11 1
253 11 1
254 11 1
325 11 1
380 11 1
430 11 1
11 12 1
36 12 1
168 12 1
253 12 1
254 12 1
380 12 1
430 12 1
281 13 1
303 13 1
373 13 1
393 13 1
41 14 1
125 14 1
157 14 1
158 14 1
336 14 2
356 14 1
384 14 1
459 14 1
508 14 1
526 14 1
324 15 1
110 16 1
316 16 1
488 16 1
489 16 1
165 17 1
271 17 1
286 17 1
436 17 1
476 17 1
477 17 1
57 18 1
270 18 1
279 18 1
457 18 1
227 19 1
233 19 1
235 19 1
363 19 1
509 19 1
2 20 1
21 20 1
27 20 1
64 20 1
85 20 1
106 20 1
166 20 1
169 20 1
172 20 1
191 20 1
196 20 1
197 20 2
199 20 1
200 20 1
211 20 1
245 20 2
261 20 1
310 20 1
322 20 1
418 20 1
421 20 1
460 20 1
20 21 1
200 21 1
211 21 1
418 21 1
460 21 1
40 22 1
53 22 1
62 22 1
138 22 1
211 22 1
266 22 1
389 22 1
49 23 1
236 23 1
268 23 1
479 23 1
207 24 1
359 24 1
377 24 1
9 25 1
52 25 1
59 25 1
63 25 1
123 25 1
442 25 1
471 25 1
472 25 1
473 25 1
474 25 1
536 25 1
27 26 1
59 26 1
521 26 1
20 27 1
26 27 1
59 27 1
199 27 1
521 27 1
89 28 1
412 28 1
413 28 1
4 29 1
40 29 1
53 29 1
211 29 1
249 29 1
289 29 1
317 29 1
382 29 1
446 29 1
543 29 1
544 29 1
61 30 1
192 30 1
207 30 1
255 30 1
322 30 1
330 30 1
377 30 1
35 31 1
252 31 1
492 31 1
207 32 1
377 32 1
44 33 1
112 33 1
125 33 1
128 33 2
354 33 1
401 33 1
461 33 1
529 33 1
126 34 1
135 34 2
136 34 2
315 34 1
372 34 1
415 34 1
31 35 1
47 35 1
109 35 1
127 35 1
222 35 1
252 35 1
257 35 1
312 35 1
377 35 1
454 35 2
492 35 1
11 36 1
12 36 1
72 36 1
92 36 2
102 36 1
168 36 1
229 36 1
253 36 1
254 36 1
291 36 1
307 36 1
350 36 1
366 36 1
380 36 1
430 36 1
51 37 1
74 37 1
545 37 1
546 37 1
66 38 1
70 38 1
71 38 1
145 39 1
220 39 1
355 39 1
4 40 1
22 40 1
29 40 1
53 40 2
62 40 1
138 40 1
211 40 2
249 40 1
266 40 1
289 40 1
317 40 1
382 40 1
389 40 1
446 40 1
543 40 1
544 40 1
14 41 1
157 41 1
158 41 1
526 41 1
123 42 1
173 42 1
183 42 1
532 42 1
131 43 1
211 43 1
417 43 1
514 43 1
33 44 1
112 44 1
125 44 1
128 44 1
354 44 1
401 44 1
461 44 1
529 44 1
137 45 1
321 45 1
428 45 1
432 45 1
449 45 1
450 45 1
75 46 1
141 46 1
308 46 1
309 46 1
35 47 1
77 47 1
78 47 1
127 47 1
153 47 1
257 47 1
312 47 1
443 47 1
398 48 2
435 48 2
539 48 2
559 48 1
23 49 1
236 49 1
268 49 1
479 49 1
178 50 1
180 50 1
504 50 1
505 50 1
506 50 1
37 51 1
74 51 1
545 51 1
546 51 1
25 52 1
59 52 1
471 52 1
472 52 1
473 52 1
474 52 1
536 52 1
4 53 1
22 53 1
29 53 1
40 53 2
62 53 1
138 53 1
211 53 2
249 53 1
266 53 1
289 53 1
317 53 1
382 53 1
389 53 1
446 53 1
543 53 1
544 53 1
55 54 1
189 54 1
298 54 1
54 55 1
189 55 1
298 55 1
419 56 1
557 56 1
558 56 1
18 57 1
270 57 1
279 57 1
457 57 1
3 58 1
400 58 1
25 59 1
26 59 1
27 59 1
52 59 1
471 59 1
472 59 1
473 59 1
474 59 1
521 59 1
536 59 1
179 60 1
30 61 1
207 61 1
322 61 1
377 61 1
22 62 1
40 62 1
53 62 1
138 62 1
211 62 1
266 62 1
389 62 1
9 63 1
25 63 1
123 63 1
442 63 1
20 64 1
172 64 1
191 64 1
261 64 1
310 64 1
322 64 1
92 65 1
136 65 1
292 65 1
38 66 1
70 66 1
71 66 1
211 67 1
273 67 1
407 67 1
214 68 1
256 68 1
290 68 1
344 68 1
367 68 1
419 68 1
420 68 1
502 68 1
503 68 1
73 69 1
74 69 1
108 69 1
118 69 1
353 69 1
358 69 1
397 69 1
38 70 1
66 70 1
71 70 1
100 70 1
118 70 1
135 70 1
38 71 1
66 71 1
70 71 1
36 72 1
69 73 1
74 73 1
101 73 1
107 73 1
108 73 1
118 73 1
234 73 1
249 73 1
251 73 1
277 73 1
345 73 1
353 73 1
358 73 1
368 73 1
397 73 1
37 74 1
51 74 1
69 74 1
73 74 1
108 74 2
118 74 1
353 74 1
358 74 1
373 74 1
396 74 1
397 74 1
545 74 1
546 74 1
46 75 1
141 75 1
308 75 1
309 75 1
207 76 1
47 77 1
78 77 1
153 77 1
443 77 1
47 78 1
77 78 1
79 78 1
153 78 1
160 78 1
161 78 1
443 78 1
78 79 1
160 79 1
161 79 1
101 80 1
326 80 1
341 80 1
370 80 1
319 81 1
469 81 1
486 81 1
487 81 1
237 82 1
282 82 1
283 82 1
342 83 1
437 83 1
464 83 1
499 83 1
500 83 1
501 83 1
87 84 1
88 84 1
132 84 1
453 84 1
2 85 1
20 85 1
166 85 1
169 85 1
196 85 1
197 85 1
245 85 1
421 85 1
433 85 1
114 86 1
115 86 1
84 87 1
88 87 1
132 87 1
453 87 1
84 88 1
87 88 1
91 88 1
124 88 1
132 88 2
320 88 1
402 88 1
434 88 1
453 88 1
466 88 1
511 88 1
28 89 1
412 89 1
413 89 2
441 89 1
462 89 1
119 90 1
167 90 1
230 90 1
231 90 1
329 90 1
88 91 1
132 91 1
434 91 1
6 92 1
7 92 1
36 92 2
65 92 1
102 92 1
136 92 1
229 92 1
270 92 1
291 92 1
292 92 1
307 92 1
350 92 1
366 92 1
408 92 1
95 93 1
261 93 2
322 93 2
95 94 1
96 94 1
97 94 1
98 94 1
99 94 1
93 95 1
94 95 1
96 95 1
97 95 1
98 95 1
99 95 1
194 95 2
241 95 1
261 95 1
262 95 1
263 95 2
264 95 2
265 95 1
272 95 1
322 95 1
333 95 1
387 95 1
429 95 1
528 95 1
94 96 1
95 96 1
97 96 1
98 96 1
99 96 1
94 97 1
95 97 1
96 97 1
98 97 1
99 97 1
94 98 1
95 98 1
96 98 1
97 98 1
99 98 1
94 99 1
95 99 1
96 99 1
97 99 1
98 99 1
70 100 1
104 100 1
118 100 1
133 100 1
135 100 1
179 100 1
313 100 1
392 100 1
410 100 1
541 100 1
542 100 1
73 101 1
80 101 1
249 101 1
251 101 1
326 101 1
341 101 1
345 101 1
368 101 1
370 101 1
36 102 1
92 102 1
229 102 1
307 102 1
350 102 1
366 102 1
116 103 1
117 103 1
232 103 1
244 103 1
305 103 1
318 103 1
339 103 1
100 104 1
111 105 1
127 105 1
162 105 1
171 105 1
204 105 1
205 105 1
206 105 1
357 105 1
475 105 1
20 106 1
73 107 1
234 107 1
277 107 1
69 108 1
73 108 1
74 108 2
118 108 1
353 108 1
358 108 1
373 108 1
396 108 1
397 108 1
35 109 1
377 109 1
16 110 1
316 110 1
488 110 1
489 110 1
547 110 1
548 110 1
549 110 1
105 111 1
127 111 1
162 111 1
171 111 1
204 111 1
205 111 1
206 111 1
357 111 1
475 111 1
33 112 1
44 112 1
125 112 1
128 112 1
354 112 1
401 112 1
461 112 1
529 112 1
127 113 2
129 113 1
147 113 1
221 113 1
390 113 1
86 114 1
115 114 1
86 115 1
114 115 1
103 116 1
117 116 4
152 116 2
232 116 1
244 116 1
305 116 1
318 116 1
339 116 1
424 116 1
451 116 1
555 116 1
103 117 1
116 117 4
152 117 2
232 117 1
244 117 1
305 117 1
318 117 1
339 117 1
424 117 1
451 117 1
555 117 1
69 118 1
70 118 1
73 118 1
74 118 1
100 118 1
108 118 1
135 118 1
353 118 1
358 118 1
397 118 1
90 119 1
231 119 1
211 120 1
249 120 1
356 120 1
391 120 1
530 120 1
8 121 1
431 122 1
9 123 1
25 123 1
42 123 1
63 123 1
173 123 1
183 123 1
442 123 1
532 123 1
88 124 1
14 125 1
33 125 1
44 125 1
112 125 1
128 125 1
336 125 1
354 125 1
401 125 1
461 125 1
529 125 1
34 126 1
135 126 1
136 126 1
415 126 1
35 127 1
47 127 1
105 127 1
111 127 1
113 127 2
162 127 1
171 127 1
204 127 1
205 127 1
206 127 1
208 127 2
257 127 1
259 127 1
260 127 1
312 127 1
357 127 1
409 127 1
475 127 1
494 127 1
33 128 2
44 128 1
112 128 1
125 128 1
354 128 1
401 128 1
461 128 1
529 128 1
113 129 1
147 129 1
154 129 1
221 129 1
390 129 1
513 130 1
43 131 1
211 131 1
417 131 1
514 131 1
84 132 1
87 132 1
88 132 2
91 132 1
434 132 1
453 132 1
100 133 1
179 133 1
313 133 1
392 133 1
410 133 1
541 133 1
542 133 1
323 134 1
381 134 1
556 134 1
34 135 2
70 135 1
100 135 1
118 135 1
126 135 1
136 135 2
293 135 2
315 135 1
343 135 1
372 135 1
376 135 1
415 135 1
34 136 2
65 136 1
92 136 1
126 136 1
135 136 2
196 136 1
292 136 1
315 136 1
372 136 1
415 136 1
427 136 1
512 136 1
45 137 1
321 137 1
428 137 1
432 137 1
449 137 1
450 137 1
22 138 1
40 138 1
53 138 1
62 138 1
211 138 1
266 138 1
389 138 1
225 139 1
226 139 1
480 139 1
481 139 1
11 140 1
168 140 1
325 140 1
46 141 1
75 141 1
308 141 1
309 141 1
495 142 1
452 143 1
562 143 1
563 143 1
394 144 1
395 144 1
537 144 1
538 144 1
39 145 1
185 145 1
220 145 1
355 145 1
438 145 1
329 146 1
337 146 1
113 147 1
129 147 1
221 147 1
390 147 1
247 148 1
248 148 1
249 148 1
278 149 1
288 149 1
304 149 1
467 149 1
163 150 1
209 150 1
179 151 1
253 151 1
449 151 1
450 151 1
116 152 2
117 152 2
555 152 1
47 153 1
77 153 1
78 153 1
443 153 1
129 154 1
158 154 1
211 154 1
190 155 1
296 155 1
306 155 1
385 155 1
386 155 1
414 155 1
478 156 1
14 157 1
41 157 1
158 157 1
526 157 1
14 158 1
41 158 1
154 158 1
157 158 1
177 158 1
211 158 1
374 158 2
388 158 2
403 158 2
404 158 1
405 158 1
491 158 1
504 158 1
526 158 2
540 158 1
560 158 1
164 159 1
294 159 1
78 160 1
79 160 1
161 160 1
78 161 1
79 161 1
160 161 1
105 162 1
111 162 1
127 162 1
171 162 1
184 162 1
204 162 3
205 162 1
206 162 1
209 162 1
357 162 2
475 162 1
150 163 1
209 163 1
159 164 1
294 164 1
17 165 1
271 165 1
286 165 1
436 165 1
476 165 1
477 165 1
2 166 1
20 166 1
85 166 1
169 166 1
196 166 1
197 166 1
245 166 1
421 166 1
90 167 1
230 167 1
329 167 1
11 168 2
12 168 1
36 168 1
140 168 1
253 168 1
254 168 1
325 168 1
380 168 1
430 168 1
2 169 1
20 169 1
85 169 1
166 169 1
196 169 1
197 169 1
245 169 1
421 169 1
173 170 1
206 170 1
223 170 1
229 170 1
327 170 1
105 171 1
111 171 1
127 171 1
162 171 1
204 171 1
205 171 1
206 171 1
357 171 1
475 171 1
20 172 1
64 172 1
191 172 1
261 172 1
310 172 1
322 172 1
42 173 1
123 173 1
170 173 1
183 173 1
206 173 1
223 173 1
229 173 1
327 173 1
532 173 1
207 174 1
215 174 1
342 174 1
349 174 1
351 174 1
374 175 1
550 175 1
551 175 1
552 175 1
553 175 1
182 176 1
193 176 1
366 176 1
379 176 1
554 176 1
158 177 1
374 177 1
403 177 1
491 177 1
50 178 1
180 178 1
504 178 1
505 178 1
506 178 1
60 179 1
100 179 1
133 179 1
151 179 1
253 179 1
313 179 1
392 179 1
410 179 1
449 179 1
450 179 1
541 179 1
542 179 1
50 180 1
178 180 1
504 180 1
505 180 1
506 180 1
210 181 1
496 181 1
176 182 1
366 182 1
379 182 1
554 182 1
42 183 1
123 183 1
173 183 1
532 183 1
162 184 1
145 185 1
238 185 1
362 185 1
438 185 1
493 185 1
188 186 1
334 186 1
336 186 1
455 186 1
240 187 1
186 188 1
334 188 1
336 188 1
455 188 1
54 189 1
55 189 1
298 189 1
155 190 1
296 190 1
385 190 1
386 190 1
414 190 1
20 191 1
64 191 1
172 191 1
261 191 2
262 191 1
310 191 1
311 191 1
322 191 1
360 191 1
372 191 1
375 191 1
30 192 1
255 192 1
330 192 1
176 193 1
328 193 1
95 194 2
241 194 1
263 194 2
264 194 2
265 194 1
272 194 1
387 194 1
429 194 1
528 194 1
216 195 1
561 195 1
2 196 1
11 196 1
20 196 1
85 196 1
136 196 1
166 196 1
169 196 1
197 196 1
228 196 1
245 196 1
412 196 1
416 196 1
421 196 1
427 196 1
447 196 1
448 196 1
512 196 1
527 196 1
2 197 1
20 197 2
85 197 1
166 197 1
169 197 1
196 197 1
245 197 2
421 197 1
219 198 1
20 199 1
27 199 1
20 200 1
21 200 1
211 200 1
418 200 1
460 200 1
356 201 1
5 202 1
426 203 1
105 204 1
111 204 1
127 204 1
162 204 3
171 204 1
205 204 1
206 204 1
209 204 1
357 204 2
475 204 1
105 205 1
111 205 1
127 205 1
162 205 1
171 205 1
204 205 1
206 205 1
357 205 1
475 205 1
105 206 1
111 206 1
127 206 1
162 206 1
170 206 1
171 206 1
173 206 1
204 206 1
205 206 1
223 206 1
229 206 1
327 206 1
357 206 1
475 206 1
24 207 1
30 207 1
32 207 1
61 207 1
76 207 1
174 207 1
215 207 1
243 207 1
274 207 1
287 207 1
295 207 2
322 207 1
331 207 1
342 207 1
346 207 1
349 207 1
351 207 2
359 207 1
364 207 1
371 207 1
377 207 3
444 207 1
470 207 1
478 207 1
127 208 2
259 208 1
260 208 1
409 208 1
494 208 1
150 209 1
162 209 1
163 209 1
204 209 1
357 209 1
181 210 1
496 210 1
4 211 1
20 211 1
21 211 1
22 211 1
29 211 1
40 211 2
43 211 1
53 211 2
62 211 1
67 211 1
120 211 1
131 211 1
138 211 1
154 211 1
158 211 1
200 211 1
249 211 2
258 211 1
266 211 1
273 211 1
289 211 1
317 211 1
356 211 1
369 211 1
382 211 1
389 211 1
391 211 1
417 211 1
418 211 1
446 211 1
460 211 1
514 211 1
530 211 1
543 211 1
544 211 1
213 212 1
212 213 1
68 214 1
344 214 2
367 214 1
456 214 1
174 215 1
207 215 1
243 215 1
342 215 1
349 215 1
351 215 1
195 216 1
561 216 1
218 217 1
332 217 1
425 217 1
217 218 1
332 218 1
425 218 1
198 219 1
39 220 1
145 220 1
355 220 1
113 221 1
129 221 1
147 221 1
390 221 1
35 222 1
454 222 1
170 223 1
173 223 1
206 223 1
229 223 1
327 223 1
361 224 1
139 225 1
226 225 1
480 225 1
481 225 1
139 226 1
225 226 1
480 226 1
481 226 1
19 227 1
233 227 2
235 227 1
297 227 1
363 227 1
445 227 1
509 227 1
510 227 1
196 228 1
36 229 1
92 229 1
102 229 1
170 229 1
173 229 1
206 229 1
223 229 1
307 229 1
327 229 1
350 229 1
366 229 1
90 230 1
167 230 1
329 230 1
90 231 1
119 231 1
103 232 1
116 232 1
117 232 1
244 232 1
305 232 1
318 232 1
339 232 1
19 233 1
227 233 2
235 233 1
297 233 1
363 233 1
445 233 1
509 233 1
510 233 1
73 234 1
107 234 1
277 234 1
19 235 1
227 235 1
233 235 1
363 235 1
509 235 1
23 236 1
49 236 1
267 236 1
268 236 1
352 236 1
479 236 1
82 237 1
282 237 2
283 237 2
458 237 1
185 238 1
362 238 1
493 238 1
299 239 1
301 239 1
468 239 1
531 239 1
187 240 1
95 241 1
194 241 1
263 241 1
264 241 1
265 241 1
272 241 1
246 242 1
284 242 1
207 243 1
215 243 1
274 243 1
444 243 1
478 243 1
103 244 1
116 244 1
117 244 1
232 244 1
305 244 1
318 244 1
339 244 1
2 245 1
20 245 2
85 245 1
166 245 1
169 245 1
196 245 1
197 245 2
421 245 1
242 246 1
284 246 1
148 247 1
248 247 1
249 247 1
148 248 1
247 248 1
249 248 1
4 249 1
29 249 1
40 249 1
53 249 1
73 249 1
101 249 1
120 249 1
148 249 1
211 249 2
247 249 1
248 249 1
251 249 1
289 249 1
317 249 1
345 249 1
356 249 1
368 249 1
382 249 1
391 249 1
446 249 1
530 249 1
543 249 1
544 249 1
378 250 1
515 250 1
73 251 1
101 251 1
249 251 1
345 251 1
368 251 1
31 252 1
35 252 1
492 252 1
11 253 1
12 253 1
36 253 1
151 253 1
168 253 1
179 253 1
254 253 1
380 253 1
430 253 1
449 253 1
450 253 1
11 254 1
12 254 1
36 254 1
168 254 1
253 254 1
380 254 1
430 254 1
30 255 1
192 255 1
330 255 1
68 256 1
290 256 1
35 257 1
47 257 1
127 257 1
312 257 1
1 258 1
211 258 1
348 258 1
368 258 1
369 258 1
381 258 1
382 258 1
383 258 1
127 259 1
208 259 1
260 259 1
494 259 1
127 260 1
208 260 1
259 260 1
494 260 1
20 261 1
64 261 1
93 261 2
95 261 1
172 261 1
191 261 2
262 261 1
310 261 1
311 261 1
322 261 3
360 261 1
372 261 1
375 261 1
95 262 1
191 262 1
261 262 1
311 262 1
333 262 1
360 262 1
372 262 1
375 262 1
95 263 2
194 263 2
241 263 1
264 263 2
265 263 1
272 263 1
387 263 1
429 263 1
528 263 1
95 264 2
194 264 2
241 264 1
263 264 2
265 264 1
272 264 1
387 264 1
429 264 1
528 264 1
95 265 1
194 265 1
241 265 1
263 265 1
264 265 1
272 265 1
22 266 1
40 266 1
53 266 1
62 266 1
138 266 1
211 266 1
389 266 1
236 267 1
352 267 1
23 268 1
49 268 1
236 268 1
479 268 1
338 269 1
482 269 1
483 269 1
484 269 1
6 270 1
7 270 1
18 270 1
57 270 1
92 270 1
279 270 1
408 270 1
457 270 1
17 271 1
165 271 1
286 271 1
436 271 1
476 271 1
477 271 1
95 272 1
194 272 1
241 272 1
263 272 1
264 272 1
265 272 1
67 273 1
211 273 1
207 274 1
243 274 1
444 274 1
478 274 1
276 275 1
280 275 1
275 276 1
280 276 1
73 277 1
107 277 1
234 277 1
149 278 1
288 278 1
304 278 1
467 278 1
18 279 1
57 279 1
270 279 1
457 279 1
275 280 1
276 280 1
13 281 1
303 281 1
373 281 1
393 281 1
82 282 1
237 282 2
283 282 2
458 282 1
10 283 1
82 283 1
237 283 2
282 283 2
458 283 1
490 283 1
242 284 1
246 284 1
497 285 1
498 285 1
17 286 1
165 286 1
271 286 1
436 286 1
476 286 1
477 286 1
207 287 1
470 287 1
149 288 1
278 288 1
304 288 1
467 288 1
4 289 1
29 289 1
40 289 1
53 289 1
211 289 1
249 289 1
317 289 1
382 289 1
446 289 1
543 289 1
544 289 1
68 290 1
256 290 1
36 291 1
92 291 1
65 292 1
92 292 1
136 292 1
135 293 2
343 293 1
376 293 1
159 294 1
164 294 1
207 295 2
331 295 1
346 295 1
364 295 1
371 295 1
155 296 1
190 296 1
385 296 1
386 296 1
414 296 1
227 297 1
233 297 1
445 297 1
510 297 1
54 298 1
55 298 1
189 298 1
239 299 1
300 299 1
301 299 1
468 299 1
531 299 1
533 299 1
299 300 1
533 300 1
239 301 1
299 301 1
468 301 1
531 301 1
10 302 1
13 303 1
281 303 1
373 303 1
393 303 1
149 304 1
278 304 1
288 304 1
467 304 1
103 305 1
116 305 1
117 305 1
232 305 1
244 305 1
318 305 1
339 305 1
155 306 1
36 307 1
92 307 1
102 307 1
229 307 1
350 307 1
366 307 1
46 308 1
75 308 1
141 308 1
309 308 1
46 309 1
75 309 1
141 309 1
308 309 1
20 310 1
64 310 1
172 310 1
191 310 1
261 310 1
322 310 1
191 311 1
261 311 1
262 311 1
360 311 1
372 311 1
375 311 1
35 312 1
47 312 1
127 312 1
257 312 1
100 313 1
133 313 1
179 313 1
392 313 1
410 313 1
541 313 1
542 313 1
399 314 1
516 314 1
517 314 1
34 315 1
135 315 1
136 315 1
372 315 1
16 316 1
110 316 1
488 316 1
489 316 1
4 317 1
29 317 1
40 317 1
53 317 1
211 317 1
249 317 1
289 317 1
382 317 1
446 317 1
543 317 1
544 317 1
103 318 1
116 318 1
117 318 1
232 318 1
244 318 1
305 318 1
339 318 1
81 319 1
469 319 1
486 319 1
487 319 1
88 320 1
402 320 1
466 320 1
511 320 1
45 321 1
137 321 1
428 321 1
432 321 1
449 321 1
450 321 1
20 322 1
30 322 1
61 322 1
64 322 1
93 322 2
95 322 1
172 322 1
191 322 1
207 322 1
261 322 3
310 322 1
377 322 1
134 323 1
381 323 1
556 323 1
15 324 1
11 325 1
140 325 1
168 325 1
80 326 1
101 326 1
341 326 1
370 326 1
170 327 1
173 327 1
206 327 1
223 327 1
229 327 1
193 328 1
90 329 1
146 329 1
167 329 1
230 329 1
337 329 1
30 330 1
192 330 1
255 330 1
207 331 1
295 331 1
364 331 1
217 332 1
218 332 1
425 332 1
95 333 1
262 333 1
186 334 1
188 334 1
335 334 1
336 334 2
384 334 1
455 334 1
463 334 1
522 334 1
523 334 1
524 334 1
525 334 1
334 335 1
336 335 1
384 335 1
463 335 1
522 335 1
523 335 1
524 335 1
525 335 1
14 336 2
125 336 1
186 336 1
188 336 1
334 336 2
335 336 1
356 336 2
384 336 3
455 336 1
459 336 2
463 336 1
507 336 1
508 336 1
522 336 1
523 336 1
524 336 1
525 336 1
146 337 1
329 337 1
269 338 1
482 338 1
483 338 1
484 338 1
103 339 1
116 339 1
117 339 1
232 339 1
244 339 1
305 339 1
318 339 1
485 340 1
80 341 1
101 341 1
326 341 1
370 341 1
83 342 1
174 342 1
207 342 1
215 342 1
349 342 1
351 342 1
437 342 1
464 342 1
499 342 1
500 342 1
501 342 1
135 343 1
293 343 1
68 344 1
214 344 2
367 344 1
73 345 1
101 345 1
249 345 1
251 345 1
368 345 1
207 346 1
295 346 1
371 346 1
365 347 1
465 347 1
258 348 1
381 348 1
382 348 1
174 349 1
207 349 1
215 349 1
342 349 1
351 349 1
36 350 1
92 350 1
102 350 1
229 350 1
307 350 1
366 350 1
174 351 1
207 351 2
215 351 1
342 351 1
349 351 1
236 352 1
267 352 1
69 353 1
73 353 1
74 353 1
108 353 1
118 353 1
358 353 1
397 353 1
33 354 1
44 354 1
112 354 1
125 354 1
128 354 1
401 354 1
461 354 1
529 354 1
39 355 1
145 355 1
220 355 1
14 356 1
120 356 1
201 356 1
211 356 1
249 356 1
336 356 2
384 356 2
391 356 1
459 356 2
507 356 1
508 356 1
530 356 1
105 357 1
111 357 1
127 357 1
162 357 2
171 357 1
204 357 2
205 357 1
206 357 1
209 357 1
475 357 1
69 358 1
73 358 1
74 358 1
108 358 1
118 358 1
353 358 1
397 358 1
24 359 1
207 359 1
377 359 1
191 360 1
261 360 1
262 360 1
311 360 1
372 360 1
375 360 1
224 361 1
185 362 1
238 362 1
493 362 1
19 363 1
227 363 1
233 363 1
235 363 1
509 363 1
207 364 1
295 364 1
331 364 1
347 365 1
465 365 1
36 366 1
92 366 1
102 366 1
176 366 1
182 366 1
229 366 1
307 366 1
350 366 1
379 366 1
554 366 1
68 367 1
214 367 1
344 367 1
1 368 1
73 368 1
101 368 1
249 368 1
251 368 1
258 368 1
345 368 1
383 368 1
211 369 1
258 369 1
80 370 1
101 370 1
326 370 1
341 370 1
207 371 1
295 371 1
346 371 1
34 372 1
135 372 1
136 372 1
191 372 1
261 372 1
262 372 1
311 372 1
315 372 1
360 372 1
375 372 1
13 373 1
74 373 1
108 373 1
281 373 1
303 373 1
393 373 1
396 373 1
158 374 2
175 374 1
177 374 1
388 374 1
403 374 1
491 374 1
526 374 1
550 374 1
551 374 1
552 374 1
553 374 1
191 375 1
261 375 1
262 375 1
311 375 1
360 375 1
372 375 1
135 376 1
293 376 1
24 377 1
30 377 1
32 377 1
35 377 1
61 377 1
109 377 1
207 377 3
322 377 1
359 377 1
250 378 1
515 378 1
176 379 1
182 379 1
366 379 1
554 379 1
11 380 1
12 380 1
36 380 1
168 380 1
253 380 1
254 380 1
430 380 1
134 381 1
258 381 1
323 381 1
348 381 1
382 381 1
556 381 1
4 382 1
29 382 1
40 382 1
53 382 1
211 382 1
249 382 1
258 382 1
289 382 1
317 382 1
348 382 1
381 382 1
446 382 1
543 382 1
544 382 1
1 383 1
258 383 1
368 383 1
14 384 1
334 384 1
335 384 1
336 384 3
356 384 2
459 384 2
463 384 1
507 384 1
508 384 1
522 384 1
523 384 1
524 384 1
525 384 1
155 385 1
190 385 1
296 385 1
386 385 1
414 385 1
155 386 1
190 386 1
296 386 1
385 386 1
414 386 1
95 387 1
194 387 1
263 387 1
264 387 1
429 387 1
528 387 1
158 388 2
374 388 1
526 388 1
540 388 1
22 389 1
40 389 1
53 389 1
62 389 1
138 389 1
211 389 1
266 389 1
113 390 1
129 390 1
147 390 1
221 390 1
120 391 1
211 391 1
249 391 1
356 391 1
530 391 1
100 392 1
133 392 1
179 392 1
313 392 1
410 392 1
541 392 1
542 392 1
13 393 1
281 393 1
303 393 1
373 393 1
144 394 1
395 394 1
537 394 1
538 394 1
144 395 1
394 395 1
537 395 1
538 395 1
74 396 1
108 396 1
373 396 1
69 397 1
73 397 1
74 397 1
108 397 1
118 397 1
353 397 1
358 397 1
48 398 2
435 398 2
539 398 2
559 398 1
314 399 1
516 399 1
517 399 1
3 400 1
58 400 1
33 401 1
44 401 1
112 401 1
125 401 1
128 401 1
354 401 1
461 401 1
529 401 1
88 402 1
320 402 1
466 402 1
511 402 1
158 403 2
177 403 1
374 403 1
404 403 1
405 403 1
491 403 1
158 404 1
403 404 1
405 404 1
158 405 1
403 405 1
404 405 1
422 406 1
67 407 1
6 408 1
7 408 1
92 408 1
270 408 1
127 409 1
208 409 1
100 410 1
133 410 1
179 410 1
313 410 1
392 410 1
541 410 1
542 410 1
8 411 1
28 412 1
89 412 1
196 412 1
413 412 1
447 412 1
448 412 1
28 413 1
89 413 2
412 413 1
441 413 1
462 413 1
155 414 1
190 414 1
296 414 1
385 414 1
386 414 1
34 415 1
126 415 1
135 415 1
136 415 1
196 416 1
527 416 1
43 417 1
131 417 1
211 417 1
514 417 1
20 418 1
21 418 1
200 418 1
211 418 1
460 418 1
56 419 1
68 419 1
420 419 1
502 419 1
503 419 1
557 419 1
558 419 1
68 420 1
419 420 1
502 420 1
503 420 1
2 421 1
20 421 1
85 421 1
166 421 1
169 421 1
196 421 1
197 421 1
245 421 1
406 422 1
534 423 1
535 423 1
116 424 1
117 424 1
451 424 1
217 425 1
218 425 1
332 425 1
203 426 1
136 427 1
196 427 1
512 427 1
45 428 1
137 428 1
321 428 1
432 428 1
449 428 1
450 428 1
95 429 1
194 429 1
263 429 1
264 429 1
387 429 1
528 429 1
11 430 1
12 430 1
36 430 1
168 430 1
253 430 1
254 430 1
380 430 1
122 431 1
45 432 1
137 432 1
321 432 1
428 432 1
449 432 1
450 432 1
85 433 1
88 434 1
91 434 1
132 434 1
48 435 2
398 435 2
539 435 2
559 435 1
17 436 1
165 436 1
271 436 1
286 436 1
476 436 1
477 436 1
83 437 1
342 437 1
464 437 1
499 437 1
500 437 1
501 437 1
145 438 1
185 438 1
440 439 1
439 440 1
89 441 1
413 441 1
462 441 1
9 442 1
25 442 1
63 442 1
123 442 1
47 443 1
77 443 1
78 443 1
153 443 1
207 444 1
243 444 1
274 444 1
478 444 1
227 445 1
233 445 1
297 445 1
510 445 1
4 446 1
29 446 1
40 446 1
53 446 1
211 446 1
249 446 1
289 446 1
317 446 1
382 446 1
543 446 1
544 446 1
196 447 1
412 447 1
448 447 1
196 448 1
412 448 1
447 448 1
45 449 1
137 449 1
151 449 1
179 449 1
253 449 1
321 449 1
428 449 1
432 449 1
450 449 2
45 450 1
137 450 1
151 450 1
179 450 1
253 450 1
321 450 1
428 450 1
432 450 1
449 450 2
116 451 1
117 451 1
424 451 1
143 452 1
562 452 1
563 452 1
84 453 1
87 453 1
88 453 1
132 453 1
35 454 2
222 454 1
186 455 1
188 455 1
334 455 1
336 455 1
214 456 1
18 457 1
57 457 1
270 457 1
279 457 1
237 458 1
282 458 1
283 458 1
14 459 1
336 459 2
356 459 2
384 459 2
507 459 1
508 459 1
20 460 1
21 460 1
200 460 1
211 460 1
418 460 1
33 461 1
44 461 1
112 461 1
125 461 1
128 461 1
354 461 1
401 461 1
529 461 1
89 462 1
413 462 1
441 462 1
334 463 1
335 463 1
336 463 1
384 463 1
522 463 1
523 463 1
524 463 1
525 463 1
83 464 1
342 464 1
437 464 1
499 464 1
500 464 1
501 464 1
347 465 1
365 465 1
88 466 1
320 466 1
402 466 1
511 466 1
149 467 1
278 467 1
288 467 1
304 467 1
239 468 1
299 468 1
301 468 1
531 468 1
81 469 1
319 469 1
486 469 1
487 469 1
207 470 1
287 470 1
25 471 1
52 471 1
59 471 1
472 471 1
473 471 1
474 471 1
536 471 1
25 472 1
52 472 1
59 472 1
471 472 1
473 472 1
474 472 1
536 472 1
25 473 1
52 473 1
59 473 1
471 473 1
472 473 1
474 473 1
536 473 1
25 474 1
52 474 1
59 474 1
471 474 1
472 474 1
473 474 1
536 474 1
105 475 1
111 475 1
127 475 1
162 475 1
171 475 1
204 475 1
205 475 1
206 475 1
357 475 1
17 476 1
165 476 1
271 476 1
286 476 1
436 476 1
477 476 1
17 477 1
165 477 1
271 477 1
286 477 1
436 477 1
476 477 1
156 478 1
207 478 1
243 478 1
274 478 1
444 478 1
23 479 1
49 479 1
236 479 1
268 479 1
139 480 1
225 480 1
226 480 1
481 480 1
139 481 1
225 481 1
226 481 1
480 481 1
269 482 1
338 482 1
483 482 1
484 482 1
269 483 1
338 483 1
482 483 1
484 483 1
269 484 1
338 484 1
482 484 1
483 484 1
340 485 1
81 486 1
319 486 1
469 486 1
487 486 1
81 487 1
319 487 1
469 487 1
486 487 1
16 488 1
110 488 1
316 488 1
489 488 1
16 489 1
110 489 1
316 489 1
488 489 1
10 490 1
283 490 1
158 491 1
177 491 1
374 491 1
403 491 1
31 492 1
35 492 1
252 492 1
185 493 1
238 493 1
362 493 1
127 494 1
208 494 1
259 494 1
260 494 1
142 495 1
181 496 1
210 496 1
285 497 1
498 497 1
285 498 1
497 498 1
83 499 1
342 499 1
437 499 1
464 499 1
500 499 1
501 499 1
83 500 1
342 500 1
437 500 1
464 500 1
499 500 1
501 500 1
83 501 1
342 501 1
437 501 1
464 501 1
499 501 1
500 501 1
68 502 1
419 502 1
420 502 1
503 502 1
68 503 1
419 503 1
420 503 1
502 503 1
50 504 1
158 504 1
178 504 1
180 504 1
505 504 1
506 504 1
560 504 1
50 505 1
178 505 1
180 505 1
504 505 1
506 505 1
50 506 1
178 506 1
180 506 1
504 506 1
505 506 1
336 507 1
356 507 1
384 507 1
459 507 1
14 508 1
336 508 1
356 508 1
384 508 1
459 508 1
19 509 1
227 509 1
233 509 1
235 509 1
363 509 1
227 510 1
233 510 1
297 510 1
445 510 1
88 511 1
320 511 1
402 511 1
466 511 1
136 512 1
196 512 1
427 512 1
130 513 1
43 514 1
131 514 1
211 514 1
417 514 1
250 515 1
378 515 1
314 516 1
399 516 1
517 516 1
314 517 1
399 517 1
516 517 1
519 518 1
520 518 1
518 519 1
520 519 1
518 520 1
519 520 1
26 521 1
27 521 1
59 521 1
334 522 1
335 522 1
336 522 1
384 522 1
463 522 1
523 522 1
524 522 1
525 522 1
334 523 1
335 523 1
336 523 1
384 523 1
463 523 1
522 523 1
524 523 1
525 523 1
334 524 1
335 524 1
336 524 1
384 524 1
463 524 1
522 524 1
523 524 1
525 524 1
334 525 1
335 525 1
336 525 1
384 525 1
463 525 1
522 525 1
523 525 1
524 525 1
14 526 1
41 526 1
157 526 1
158 526 2
374 526 1
388 526 1
196 527 1
416 527 1
95 528 1
194 528 1
263 528 1
264 528 1
387 528 1
429 528 1
33 529 1
44 529 1
112 529 1
125 529 1
128 529 1
354 529 1
401 529 1
461 529 1
120 530 1
211 530 1
249 530 1
356 530 1
391 530 1
239 531 1
299 531 1
301 531 1
468 531 1
42 532 1
123 532 1
173 532 1
183 532 1
299 533 1
300 533 1
423 534 1
535 534 1
423 535 1
534 535 1
25 536 1
52 536 1
59 536 1
471 536 1
472 536 1
473 536 1
474 536 1
144 537 1
394 537 1
395 537 1
538 537 1
144 538 1
394 538 1
395 538 1
537 538 1
48 539 2
398 539 2
435 539 2
559 539 1
158 540 1
388 540 1
100 541 1
133 541 1
179 541 1
313 541 1
392 541 1
410 541 1
542 541 1
100 542 1
133 542 1
179 542 1
313 542 1
392 542 1
410 542 1
541 542 1
4 543 1
29 543 1
40 543 1
53 543 1
211 543 1
249 543 1
289 543 1
317 543 1
382 543 1
446 543 1
544 543 1
4 544 1
29 544 1
40 544 1
53 544 1
211 544 1
249 544 1
289 544 1
317 544 1
382 544 1
446 544 1
543 544 1
37 545 1
51 545 1
74 545 1
546 545 1
37 546 1
51 546 1
74 546 1
545 546 1
110 547 1
548 547 1
549 547 1
110 548 1
547 548 1
549 548 1
110 549 1
547 549 1
548 549 1
175 550 1
374 550 1
551 550 1
552 550 1
553 550 1
175 551 1
374 551 1
550 551 1
552 551 1
553 551 1
175 552 1
374 552 1
550 552 1
551 552 1
553 552 1
175 553 1
374 553 1
550 553 1
551 553 1
552 553 1
176 554 1
182 554 1
366 554 1
379 554 1
116 555 1
117 555 1
152 555 1
134 556 1
323 556 1
381 556 1
56 557 1
419 557 1
558 557 1
56 558 1
419 558 1
557 558 1
48 559 1
398 559 1
435 559 1
539 559 1
158 560 1
504 560 1
195 561 1
216 561 1
143 562 1
452 562 1
563 562 1
143 563 1
452 563 1
562 563 1
