107 1 1
204 1 1
16 2 1
17 2 1
25 2 1
178 2 1
44 3 1
154 3 1
6 4 1
55 4 1
70 4 1
20 5 1
42 5 1
43 5 1
86 5 1
105 5 1
4 6 1
10 6 1
55 6 2
56 6 1
70 6 1
83 6 1
53 7 1
140 7 1
82 8 1
24 9 1
64 9 1
65 9 1
226 9 2
231 9 1
232 9 1
6 10 1
55 10 1
56 10 1
83 10 1
32 11 1
156 11 1
23 12 1
46 12 1
60 12 1
88 12 1
40 13 1
272 13 1
273 13 1
274 13 1
183 14 1
68 15 1
2 16 1
17 16 3
25 16 1
33 16 1
81 16 1
89 16 1
178 16 1
190 16 1
206 16 1
2 17 1
16 17 3
25 17 1
89 17 1
178 17 1
190 17 1
265 18 1
266 18 1
48 19 1
155 19 1
5 20 1
38 20 1
81 20 1
86 20 1
99 20 1
130 20 1
22 21 1
275 21 1
276 21 1
21 22 1
275 22 1
276 22 1
12 23 1
46 23 1
60 23 1
88 23 1
9 24 1
226 24 1
231 24 1
232 24 1
2 25 1
16 25 1
17 25 1
178 25 1
51 26 1
117 26 1
123 26 1
207 26 1
208 26 1
284 26 1
285 26 1
72 27 1
135 27 1
193 27 1
79 28 1
281 28 1
282 28 1
283 28 1
84 29 1
85 29 1
60 30 1
233 30 1
234 30 1
194 31 1
195 31 1
196 31 1
197 31 1
277 31 1
278 31 1
279 31 1
280 31 1
11 32 1
156 32 1
16 33 1
81 33 1
206 33 1
35 34 1
95 34 1
145 34 1
201 34 1
34 35 1
61 35 1
66 35 1
95 35 2
131 35 1
145 35 1
201 35 1
222 35 1
223 35 1
39 36 1
69 37 1
215 37 1
20 38 1
81 38 1
130 38 1
36 39 1
13 40 1
272 40 1
273 40 1
274 40 1
240 41 1
241 41 1
5 42 1
43 42 1
105 42 1
5 43 1
42 43 1
105 43 1
3 44 1
154 44 1
53 45 1
54 45 1
143 45 1
144 45 1
12 46 1
23 46 1
58 46 1
59 46 1
60 46 1
88 46 1
176 46 1
98 47 1
102 47 1
103 47 1
200 47 1
19 48 1
155 48 1
139 49 1
163 49 1
270 49 1
188 50 1
26 51 1
117 51 1
123 51 1
207 51 1
208 51 1
120 52 1
248 52 1
7 53 1
45 53 1
54 53 2
80 53 1
140 53 1
143 53 3
144 53 3
150 53 1
246 53 1
45 54 1
53 54 2
80 54 1
106 54 1
124 54 1
143 54 2
144 54 3
150 54 1
4 55 1
6 55 2
10 55 1
56 55 1
70 55 1
83 55 1
6 56 1
10 56 1
55 56 1
83 56 1
71 57 1
90 57 1
110 57 1
111 57 1
229 57 1
230 57 1
46 58 1
59 58 2
176 58 1
184 58 1
46 59 1
58 59 2
176 59 1
184 59 1
12 60 1
23 60 1
30 60 1
46 60 1
88 60 1
233 60 1
234 60 1
35 61 1
66 61 1
131 61 1
116 62 1
164 62 1
165 62 1
166 62 1
167 62 1
64 63 2
137 63 2
140 63 1
247 63 1
9 64 1
63 64 2
65 64 1
137 64 3
140 64 2
226 64 1
247 64 1
9 65 1
64 65 1
226 65 1
35 66 1
61 66 1
131 66 1
115 67 1
219 67 1
15 68 1
37 69 1
215 69 1
4 70 1
6 70 1
55 70 1
57 71 1
90 71 1
111 71 1
27 72 1
135 72 1
193 72 1
74 73 1
73 74 1
76 75 1
78 75 1
185 75 1
75 76 1
78 76 1
185 76 1
244 77 1
245 77 1
75 78 1
76 78 1
185 78 1
28 79 1
281 79 1
282 79 1
283 79 1
53 80 1
54 80 1
143 80 1
144 80 1
150 80 1
198 80 1
16 81 1
20 81 1
33 81 1
38 81 1
130 81 1
206 81 1
8 82 1
6 83 1
10 83 1
55 83 1
56 83 1
96 83 1
109 83 1
114 83 1
157 83 1
158 83 1
253 83 1
259 83 1
260 83 1
29 84 1
85 84 1
29 85 1
84 85 1
5 86 1
20 86 1
177 87 1
271 87 1
12 88 1
23 88 1
46 88 1
60 88 1
16 89 1
17 89 1
57 90 1
71 90 1
91 90 1
96 90 1
111 90 1
126 90 1
162 90 1
253 90 1
254 90 1
90 91 1
96 91 1
126 91 1
162 91 1
253 91 1
254 91 1
269 92 1
112 93 1
148 93 1
149 93 1
202 93 1
203 93 1
160 94 1
161 94 1
255 94 1
256 94 1
34 95 1
35 95 2
145 95 1
201 95 1
222 95 1
223 95 1
83 96 1
90 96 1
91 96 1
109 96 1
114 96 1
126 96 1
157 96 2
158 96 1
162 96 1
238 96 1
239 96 1
253 96 2
254 96 1
259 96 1
260 96 1
108 97 1
146 97 1
147 97 1
168 97 1
169 97 1
179 97 1
180 97 1
181 97 1
182 97 1
47 98 1
102 98 1
103 98 1
200 98 1
20 99 1
101 100 1
235 100 1
100 101 1
113 101 1
152 101 1
235 101 1
47 102 1
98 102 1
103 102 1
200 102 1
47 103 1
98 103 1
102 103 1
200 103 1
173 104 1
242 104 1
243 104 1
5 105 1
42 105 1
43 105 1
54 106 1
124 106 1
144 106 1
1 107 1
115 107 1
155 107 1
204 107 1
219 107 1
97 108 1
146 108 1
147 108 1
168 108 1
169 108 1
179 108 1
180 108 1
181 108 1
182 108 1
83 109 1
96 109 1
114 109 1
157 109 1
158 109 1
253 109 1
259 109 1
260 109 1
57 110 1
229 110 1
230 110 1
57 111 1
71 111 1
90 111 1
93 112 1
148 112 1
149 112 1
202 112 1
203 112 1
101 113 1
152 113 1
83 114 1
96 114 1
109 114 1
157 114 1
158 114 1
253 114 1
259 114 1
260 114 1
67 115 1
107 115 1
155 115 2
219 115 2
62 116 1
164 116 1
165 116 1
166 116 1
167 116 1
26 117 1
51 117 1
123 117 1
207 117 1
208 117 1
124 118 1
170 118 2
257 118 1
125 119 1
132 119 1
214 119 1
267 119 1
52 120 1
248 120 1
205 121 1
134 122 1
224 122 1
26 123 1
51 123 1
117 123 1
207 123 1
208 123 1
54 124 1
106 124 1
118 124 1
144 124 1
170 124 1
119 125 1
214 125 1
90 126 1
91 126 1
96 126 1
162 126 1
253 126 1
254 126 1
130 127 1
136 127 1
186 127 1
187 127 1
199 127 1
200 127 1
129 128 1
171 128 1
258 128 1
128 129 1
171 129 1
258 129 1
20 130 1
38 130 1
81 130 1
127 130 1
153 130 1
186 130 1
187 130 1
205 130 1
35 131 1
61 131 1
66 131 1
119 132 1
267 132 1
189 133 1
190 133 1
122 134 1
224 134 1
27 135 1
72 135 1
193 135 1
127 136 1
199 136 1
200 136 1
63 137 2
64 137 3
140 137 2
247 137 1
183 138 1
225 138 1
49 139 1
163 139 1
270 139 1
7 140 1
53 140 1
63 140 1
64 140 2
137 140 2
151 141 1
191 141 3
192 141 1
227 141 1
228 141 1
211 142 1
45 143 1
53 143 3
54 143 2
80 143 1
144 143 3
150 143 1
246 143 1
45 144 1
53 144 3
54 144 3
80 144 1
106 144 1
124 144 1
143 144 3
150 144 1
246 144 1
34 145 1
35 145 1
95 145 1
201 145 1
97 146 1
108 146 1
147 146 1
168 146 1
169 146 1
179 146 1
180 146 1
181 146 1
182 146 1
97 147 1
108 147 1
146 147 1
168 147 1
169 147 1
179 147 1
180 147 1
181 147 1
182 147 1
93 148 1
112 148 1
149 148 1
202 148 1
203 148 1
93 149 1
112 149 1
148 149 1
202 149 1
203 149 1
53 150 1
54 150 1
80 150 1
143 150 1
144 150 1
141 151 1
191 151 1
101 152 1
113 152 1
130 153 1
205 153 1
3 154 1
44 154 1
19 155 1
48 155 1
107 155 1
115 155 2
219 155 1
11 156 1
32 156 1
83 157 1
96 157 2
109 157 1
114 157 1
158 157 1
238 157 1
239 157 1
253 157 1
259 157 1
260 157 1
83 158 1
96 158 1
109 158 1
114 158 1
157 158 1
253 158 1
259 158 1
260 158 1
213 159 1
94 160 1
161 160 1
255 160 1
256 160 1
94 161 1
160 161 1
255 161 1
256 161 1
90 162 1
91 162 1
96 162 1
126 162 1
253 162 1
254 162 1
49 163 1
139 163 1
270 163 1
62 164 1
116 164 1
165 164 1
166 164 1
167 164 1
62 165 1
116 165 1
164 165 1
166 165 1
167 165 1
62 166 1
116 166 1
164 166 1
165 166 1
167 166 1
62 167 1
116 167 1
164 167 1
165 167 1
166 167 1
97 168 1
108 168 1
146 168 1
147 168 1
169 168 1
179 168 1
180 168 1
181 168 1
182 168 1
97 169 1
108 169 1
146 169 1
147 169 1
168 169 1
179 169 1
180 169 1
181 169 1
182 169 1
118 170 2
124 170 1
128 171 1
129 171 1
258 171 1
236 172 1
237 172 1
104 173 1
242 173 1
243 173 1
175 174 1
212 174 1
174 175 1
212 175 1
46 176 1
58 176 1
59 176 1
87 177 1
271 177 1
2 178 1
16 178 1
17 178 1
25 178 1
97 179 1
108 179 1
146 179 1
147 179 1
168 179 1
169 179 1
180 179 1
181 179 1
182 179 1
97 180 1
108 180 1
146 180 1
147 180 1
168 180 1
169 180 1
179 180 1
181 180 1
182 180 1
97 181 1
108 181 1
146 181 1
147 181 1
168 181 1
169 181 1
179 181 1
180 181 1
182 181 1
97 182 1
108 182 1
146 182 1
147 182 1
168 182 1
169 182 1
179 182 1
180 182 1
181 182 1
14 183 1
138 183 1
225 183 1
58 184 1
59 184 1
75 185 1
76 185 1
78 185 1
127 186 1
130 186 1
187 186 1
127 187 1
130 187 1
186 187 1
50 188 1
133 189 1
190 189 1
16 190 1
17 190 1
133 190 1
189 190 1
141 191 3
151 191 1
192 191 1
227 191 1
228 191 1
141 192 1
191 192 1
27 193 1
72 193 1
135 193 1
31 194 1
195 194 1
196 194 1
197 194 1
31 195 1
194 195 1
196 195 1
197 195 1
31 196 1
194 196 1
195 196 1
197 196 1
31 197 1
194 197 1
195 197 1
196 197 1
80 198 1
127 199 1
136 199 1
200 199 1
47 200 1
98 200 1
102 200 1
103 200 1
127 200 1
136 200 1
199 200 1
34 201 1
35 201 1
95 201 1
145 201 1
93 202 1
112 202 1
148 202 1
149 202 1
203 202 1
93 203 1
112 203 1
148 203 1
149 203 1
202 203 1
1 204 1
107 204 1
121 205 1
130 205 1
153 205 1
16 206 1
33 206 1
81 206 1
26 207 1
51 207 1
117 207 1
123 207 1
208 207 1
26 208 1
51 208 1
117 208 1
123 208 1
207 208 1
210 209 1
209 210 1
142 211 1
174 212 1
175 212 1
159 213 1
119 214 1
125 214 1
253 214 1
37 215 1
69 215 1
217 216 1
218 216 1
216 217 1
218 217 1
216 218 1
217 218 1
67 219 1
107 219 1
115 219 2
155 219 1
220 219 1
221 219 1
268 219 1
219 220 1
221 220 1
219 221 1
220 221 1
35 222 1
95 222 1
223 222 1
35 223 1
95 223 1
222 223 1
122 224 1
134 224 1
138 225 1
183 225 1
9 226 2
24 226 1
64 226 1
65 226 1
231 226 1
232 226 1
141 227 1
191 227 1
228 227 1
141 228 1
191 228 1
227 228 1
57 229 1
110 229 1
230 229 1
57 230 1
110 230 1
229 230 1
9 231 1
24 231 1
226 231 1
232 231 1
9 232 1
24 232 1
226 232 1
231 232 1
30 233 1
60 233 1
234 233 1
30 234 1
60 234 1
233 234 1
100 235 1
101 235 1
172 236 1
237 236 1
172 237 1
236 237 1
96 238 1
157 238 1
239 238 1
96 239 1
157 239 1
238 239 1
41 240 1
241 240 1
41 241 1
240 241 1
104 242 1
173 242 1
243 242 1
104 243 1
173 243 1
242 243 1
77 244 1
245 244 1
77 245 1
244 245 1
53 246 1
143 246 1
144 246 1
63 247 1
64 247 1
137 247 1
52 248 1
120 248 1
250 249 1
251 249 1
252 249 1
249 250 1
251 250 1
252 250 1
249 251 1
250 251 1
252 251 1
249 252 1
250 252 1
251 252 1
83 253 1
90 253 1
91 253 1
96 253 2
109 253 1
114 253 1
126 253 1
157 253 1
158 253 1
162 253 1
214 253 1
254 253 1
259 253 1
260 253 1
90 254 1
91 254 1
96 254 1
126 254 1
162 254 1
253 254 1
94 255 1
160 255 1
161 255 1
256 255 1
94 256 1
160 256 1
161 256 1
255 256 1
118 257 1
128 258 1
129 258 1
171 258 1
83 259 1
96 259 1
109 259 1
114 259 1
157 259 1
158 259 1
253 259 1
260 259 1
83 260 1
96 260 1
109 260 1
114 260 1
157 260 1
158 260 1
253 260 1
259 260 1
262 261 1
263 261 1
264 261 1
261 262 1
263 262 1
264 262 1
261 263 1
262 263 1
264 263 1
261 264 1
262 264 1
263 264 1
18 265 1
266 265 1
18 266 1
265 266 1
119 267 1
132 267 1
219 268 1
92 269 1
49 270 1
139 270 1
163 270 1
87 271 1
177 271 1
13 272 1
40 272 1
273 272 1
274 272 1
13 273 1
40 273 1
272 273 1
274 273 1
13 274 1
40 274 1
272 274 1
273 274 1
21 275 1
22 275 1
276 275 1
21 276 1
22 276 1
275 276 1
31 277 1
278 277 1
279 277 1
280 277 1
31 278 1
277 278 1
279 278 1
280 278 1
31 279 1
277 279 1
278 279 1
280 279 1
31 280 1
277 280 1
278 280 1
279 280 1
28 281 1
79 281 1
282 281 1
283 281 1
28 282 1
79 282 1
281 282 1
283 282 1
28 283 1
79 283 1
281 283 1
282 283 1
26 284 1
285 284 1
26 285 1
284 285 1
