8 1 2
9 1 1
17 1 1
73 1 1
74 1 1
147 1 1
161 1 1
1229 1 1
62 2 1
80 2 1
170 2 1
15 3 1
206 3 1
669 3 1
1372 3 1
68 4 1
764 5 1
765 5 1
766 5 1
200 6 1
31 7 2
475 7 2
649 7 1
773 7 1
870 7 1
927 7 1
1235 7 1
1262 7 1
1 8 2
9 8 1
73 8 1
74 8 1
147 8 1
161 8 1
1229 8 1
1 9 1
8 9 1
73 9 1
74 9 1
147 9 1
1229 9 1
26 10 1
143 10 1
537 10 1
1032 10 1
1033 10 1
1406 10 1
1407 10 1
20 11 1
617 11 1
710 12 1
1128 13 1
1256 14 1
1257 14 1
3 15 1
206 15 1
669 15 1
972 15 1
1372 15 1
58 16 1
88 16 3
146 16 1
147 16 2
205 16 1
277 16 1
394 16 1
395 16 1
1267 16 1
1400 16 2
1522 16 1
1 17 1
308 17 1
651 17 1
1283 17 1
1284 17 1
56 18 1
57 19 1
11 20 1
47 20 1
118 20 1
167 20 1
249 20 1
285 20 1
315 20 1
318 20 1
335 20 1
436 20 2
496 20 1
497 20 1
512 20 1
518 20 2
551 20 1
597 20 1
599 20 1
611 20 1
617 20 2
631 20 1
962 20 1
963 20 1
964 20 1
965 20 1
1063 20 1
1294 20 1
1536 20 1
1537 20 1
1538 20 1
1539 20 1
1540 20 1
1541 20 1
370 21 2
371 21 2
372 21 2
373 21 2
374 21 2
375 21 2
376 21 2
377 21 1
1268 21 1
23 22 1
238 22 1
22 23 1
54 23 1
238 23 1
25 24 2
191 24 1
260 24 1
501 24 1
553 24 2
574 24 1
627 24 1
694 24 1
695 24 1
696 24 1
697 24 1
698 24 1
699 24 1
700 24 1
701 24 1
702 24 1
703 24 1
704 24 1
705 24 1
706 24 1
707 24 1
708 24 1
709 24 1
754 24 1
933 24 1
24 25 2
26 25 1
33 25 1
53 25 1
100 25 1
151 25 1
195 25 1
260 25 1
273 25 1
311 25 1
349 25 1
371 25 1
427 25 1
553 25 1
574 25 1
626 25 1
627 25 1
629 25 1
647 25 1
648 25 1
649 25 1
678 25 1
679 25 1
694 25 2
695 25 1
696 25 1
697 25 1
698 25 1
699 25 1
700 25 1
701 25 1
702 25 1
703 25 1
704 25 1
705 25 1
706 25 1
707 25 1
708 25 2
709 25 1
711 25 1
712 25 1
713 25 1
714 25 1
715 25 1
716 25 1
717 25 1
718 25 1
719 25 1
720 25 1
754 25 1
1349 25 1
1350 25 1
1351 25 1
10 26 1
25 26 1
53 26 1
143 26 1
311 26 1
537 26 1
1032 26 1
1033 26 1
1227 27 1
1421 28 1
1422 28 1
1423 28 1
1424 28 1
353 29 1
1170 29 1
1171 29 1
1129 30 1
1130 30 1
7 31 2
171 31 1
246 31 1
263 31 1
475 31 1
773 31 1
870 31 1
1235 31 1
571 32 1
634 32 1
1520 32 1
1521 32 1
25 33 1
349 33 1
1349 33 1
1350 33 1
1351 33 1
204 34 1
352 34 1
1542 34 1
1543 34 1
1544 34 1
886 35 1
365 36 1
960 36 1
256 37 1
511 37 1
653 37 1
654 37 1
672 37 2
674 37 2
850 37 1
851 37 1
852 37 1
853 37 2
854 37 1
855 37 1
89 38 1
177 38 1
160 39 1
552 39 1
1373 39 1
43 40 1
125 40 1
457 40 1
539 40 2
1059 40 1
1154 40 2
1155 40 2
1156 40 2
1157 40 2
1479 40 1
1480 40 1
1481 40 1
1482 40 1
1483 40 1
177 41 1
316 41 1
950 41 1
1194 41 1
432 42 2
1327 42 2
40 43 1
539 43 1
1154 43 1
1155 43 1
1156 43 1
1157 43 1
52 44 1
251 44 1
776 44 1
52 45 2
347 45 2
486 46 1
743 46 1
744 46 1
20 47 1
249 47 1
285 47 1
315 47 1
318 47 1
512 47 1
551 47 1
599 47 1
962 47 1
963 47 1
964 47 1
965 47 1
458 48 1
1375 48 1
1476 48 1
1477 48 1
124 49 1
201 49 1
329 50 1
605 50 1
1388 50 1
1389 50 1
613 51 1
1360 51 1
44 52 1
45 52 2
159 52 1
251 52 1
289 52 1
576 52 1
776 52 1
25 53 1
26 53 1
311 53 1
23 54 1
65 55 1
66 55 1
153 55 1
301 55 1
18 56 1
19 57 1
16 58 1
277 58 1
394 58 1
395 58 1
1267 58 1
618 59 1
1371 59 1
585 60 1
612 60 1
1175 60 1
188 61 2
202 61 2
203 61 2
2 62 1
80 62 1
170 62 1
193 63 1
211 63 1
1107 64 1
1323 64 2
1324 64 2
1337 64 1
1338 64 1
55 65 1
66 65 1
153 65 1
301 65 1
55 66 1
65 66 1
153 66 1
301 66 1
404 67 1
4 68 1
69 68 1
84 68 1
199 68 1
545 68 1
552 68 1
584 68 1
1176 68 1
68 69 1
84 69 1
111 69 1
199 69 1
545 69 1
552 69 1
584 69 1
1176 69 1
1183 69 1
1184 69 2
1258 69 1
1545 69 1
1546 69 1
1547 69 1
578 70 1
336 71 1
252 72 1
686 72 1
1 73 1
8 73 1
9 73 1
74 73 1
147 73 1
1229 73 1
1 74 1
8 74 1
9 74 1
73 74 1
147 74 1
1229 74 1
560 75 1
1001 75 1
117 76 1
340 76 1
1425 76 1
1426 76 1
1399 77 2
1535 77 1
231 78 1
1508 78 1
1509 78 1
1102 79 1
1348 79 1
2 80 1
62 80 1
170 80 1
181 80 1
761 80 1
371 81 1
381 82 1
365 83 1
960 83 1
68 84 1
69 84 1
199 84 1
545 84 1
552 84 1
584 84 1
1176 84 1
178 85 1
1263 85 1
112 86 1
226 86 1
1459 86 1
1460 86 1
264 87 1
265 87 1
1396 87 1
1397 87 1
1398 87 1
16 88 3
146 88 1
147 88 2
38 89 1
177 89 1
1069 90 1
1070 90 1
1239 90 1
149 91 1
871 91 1
872 91 1
458 92 1
1375 92 1
418 93 1
555 93 1
303 94 1
277 95 1
655 95 1
1458 95 1
1068 96 1
1111 96 1
105 97 1
267 97 2
1525 97 1
1526 97 1
1527 97 1
1552 97 1
1553 97 1
1554 97 1
1555 97 1
108 98 1
1410 99 1
1411 99 1
25 100 1
198 100 1
305 100 1
678 100 1
679 100 1
269 101 1
1116 101 1
395 102 1
605 102 1
1240 102 1
1241 102 1
1242 102 1
259 103 1
806 103 1
807 103 1
808 103 1
474 104 1
1212 104 1
1213 104 1
97 105 1
267 105 1
1525 105 1
1526 105 1
1527 105 1
425 106 1
928 106 1
179 107 2
357 107 1
358 107 1
409 107 1
410 107 1
411 107 1
412 107 1
782 107 1
783 107 1
98 108 1
1187 109 1
1297 110 1
1461 110 1
1462 110 1
1463 110 1
1464 110 1
69 111 1
1184 111 1
1258 111 1
86 112 1
226 112 1
355 112 1
1029 112 1
1030 112 1
1031 112 1
1459 112 1
1460 112 1
823 113 1
824 113 1
825 113 1
122 114 1
116 115 1
241 115 1
615 115 1
1457 115 1
115 116 1
241 116 2
268 116 1
615 116 2
1457 116 2
76 117 1
340 117 1
1425 117 1
1426 117 1
20 118 1
436 118 1
1294 118 1
589 119 1
1174 119 1
284 120 1
618 120 1
1269 120 1
1270 120 1
123 121 1
114 122 1
774 122 1
121 123 1
188 123 1
342 123 1
600 123 1
610 123 2
651 123 1
656 123 1
1278 123 1
49 124 1
201 124 1
40 125 1
290 125 1
329 125 1
457 125 1
461 125 1
1479 125 1
1480 125 1
1481 125 1
1482 125 1
1483 125 1
338 126 1
339 126 1
572 126 1
586 126 1
1439 126 1
230 127 1
440 128 1
789 129 2
791 129 1
361 130 1
1456 130 1
390 131 1
1358 131 1
1359 131 1
929 132 1
671 133 1
1139 133 1
506 134 1
513 134 1
392 135 1
506 135 1
508 135 1
1246 135 1
534 136 2
535 136 2
1002 136 1
624 137 1
932 137 1
1221 138 1
1017 139 1
1018 139 1
1019 139 1
1020 139 1
1021 139 1
141 140 1
142 140 1
665 140 1
666 140 1
140 141 1
142 141 1
665 141 1
666 141 1
140 142 1
141 142 1
440 142 1
665 142 1
666 142 1
1356 142 1
1357 142 1
10 143 1
26 143 1
537 143 1
1032 143 1
1033 143 1
288 144 1
1336 144 1
1382 144 1
1383 144 1
514 145 1
973 145 1
16 146 1
88 146 1
1 147 1
8 147 1
9 147 1
16 147 2
73 147 1
74 147 1
88 147 2
192 147 1
327 147 1
360 147 2
563 147 1
797 147 2
1024 147 1
1166 147 1
1229 147 1
588 148 1
91 149 1
871 149 1
872 149 1
384 150 1
426 150 1
25 151 1
195 151 1
647 151 1
648 151 1
649 151 1
711 151 1
712 151 1
713 151 1
714 151 1
715 151 1
716 151 1
717 151 1
546 152 1
664 152 1
55 153 1
65 153 1
66 153 1
301 153 1
908 154 1
909 154 1
910 154 1
911 154 1
156 155 1
291 155 1
549 155 1
550 155 1
1281 155 1
1282 155 1
155 156 1
549 156 1
550 156 1
158 157 1
1136 157 1
157 158 1
1136 158 1
52 159 1
39 160 1
552 160 1
1373 160 1
1 161 1
8 161 1
425 162 1
529 162 1
1117 162 1
1118 162 1
1119 162 1
1177 163 1
165 164 1
169 164 1
164 165 1
169 165 1
221 166 1
226 166 1
954 166 1
955 166 1
956 166 1
20 167 1
436 167 1
611 167 1
1063 167 1
421 168 1
422 168 1
739 168 1
740 168 1
741 168 1
164 169 1
165 169 1
2 170 1
62 170 1
80 170 1
31 171 1
246 171 1
263 171 1
307 172 3
742 172 2
1058 173 1
1010 174 1
1149 174 1
1196 174 1
304 175 1
368 175 1
380 175 1
468 175 1
691 175 1
692 175 1
1140 175 1
787 176 2
840 176 1
38 177 1
41 177 1
89 177 1
1194 177 1
85 178 1
1263 178 1
107 179 2
357 179 1
358 179 1
409 179 2
410 179 2
411 179 1
412 179 1
782 179 1
783 179 1
368 180 1
468 180 1
691 180 1
692 180 1
80 181 1
677 181 1
761 181 1
1078 182 1
1079 182 1
331 183 1
332 183 1
297 184 1
306 185 1
1381 185 1
805 186 1
274 187 1
61 188 2
123 188 1
202 188 2
203 188 2
342 188 1
651 188 1
656 188 1
1278 188 1
991 189 1
992 189 1
191 190 1
24 191 1
190 191 1
784 191 1
147 192 1
327 192 1
797 192 1
63 193 1
211 193 1
603 194 2
1222 194 1
1223 194 1
1224 194 1
1225 194 1
1226 194 1
25 195 1
151 195 1
647 195 1
648 195 1
649 195 1
711 195 1
712 195 1
713 195 1
714 195 1
715 195 1
716 195 1
717 195 1
1530 196 1
1443 197 1
1444 197 1
100 198 1
305 198 1
1559 198 1
68 199 1
69 199 1
84 199 1
545 199 1
552 199 1
584 199 1
1176 199 1
6 200 1
49 201 1
124 201 1
61 202 2
188 202 2
203 202 2
61 203 2
188 203 2
202 203 2
34 204 1
352 204 1
1542 204 1
1543 204 1
1544 204 1
16 205 1
1400 205 1
1522 205 1
3 206 1
15 206 1
669 206 1
1372 206 1
326 207 1
1099 207 1
894 208 1
232 209 1
351 210 1
1236 210 1
63 211 1
193 211 1
532 212 2
533 212 2
1195 213 1
240 214 1
333 215 1
762 215 1
644 216 1
1245 216 1
325 217 1
444 217 1
879 218 1
880 218 1
881 218 1
273 219 1
371 219 1
536 219 1
557 219 1
912 219 1
913 219 1
942 219 1
943 219 1
516 220 1
1011 220 1
1500 220 1
166 221 1
226 221 1
954 221 1
955 221 1
956 221 1
234 222 2
388 222 1
537 222 1
1216 222 1
1007 223 1
1008 223 1
1116 224 1
919 225 1
86 226 1
112 226 1
166 226 1
221 226 1
304 226 1
625 226 1
954 226 1
955 226 1
956 226 1
1030 226 1
1339 226 1
1340 226 1
1341 226 1
1459 226 1
1460 226 1
1529 226 1
937 227 1
938 227 1
431 228 1
481 228 1
482 228 1
283 229 1
934 229 1
935 229 1
936 229 1
127 230 1
78 231 1
1508 231 1
1509 231 1
209 232 1
882 233 1
222 234 2
388 234 2
450 234 1
609 234 1
675 234 1
770 234 1
798 234 1
837 234 1
1287 234 1
366 235 1
509 236 1
519 236 1
752 237 1
769 237 1
22 238 1
23 238 1
261 238 1
760 238 1
1190 238 1
1158 239 1
1159 239 1
1160 239 1
214 240 1
244 240 1
368 240 1
873 240 1
115 241 1
116 241 2
268 241 1
615 241 2
1457 241 2
323 242 1
670 242 1
328 243 1
1185 243 1
240 244 1
408 245 1
1343 245 1
31 246 1
171 246 1
263 246 1
399 247 2
446 247 2
1071 247 2
258 248 1
1238 248 1
20 249 1
47 249 1
285 249 1
315 249 1
318 249 1
512 249 1
551 249 1
599 249 1
962 249 1
963 249 1
964 249 1
965 249 1
419 250 1
1095 250 1
1201 250 1
1220 250 1
1369 250 1
1370 250 1
44 251 1
52 251 1
776 251 1
72 252 1
396 252 1
400 252 1
686 252 3
735 252 2
736 252 1
737 252 5
1105 252 1
961 253 1
974 253 1
975 253 1
416 254 1
659 254 1
826 254 1
262 255 1
37 256 1
511 256 1
672 256 1
674 256 1
853 256 1
415 257 1
470 257 1
1298 257 1
1299 257 1
248 258 1
1238 258 1
103 259 1
806 259 1
807 259 1
808 259 1
24 260 1
25 260 1
574 260 1
627 260 1
694 260 1
695 260 1
696 260 1
697 260 1
698 260 1
699 260 1
700 260 1
701 260 1
702 260 1
703 260 1
704 260 1
705 260 1
706 260 1
707 260 1
708 260 1
709 260 1
238 261 1
1190 261 2
1191 261 1
1192 261 1
1193 261 1
255 262 1
31 263 1
171 263 1
246 263 1
87 264 1
265 264 1
1396 264 1
1397 264 1
1398 264 1
87 265 1
264 265 1
1396 265 1
1397 265 1
1398 265 1
573 266 1
574 266 1
1408 266 1
97 267 2
105 267 1
1525 267 1
1526 267 1
1527 267 1
1552 267 1
1553 267 1
1554 267 1
1555 267 1
116 268 1
241 268 1
615 268 1
1457 268 1
101 269 1
270 269 1
1116 269 2
1301 269 1
269 270 1
1116 270 1
1301 270 1
321 271 1
898 271 1
899 271 1
900 271 1
901 271 1
902 271 1
903 271 1
528 272 1
25 273 1
219 273 1
371 273 1
626 273 1
912 273 1
913 273 1
187 274 1
1243 275 1
294 276 1
295 276 1
296 276 1
763 276 1
16 277 1
58 277 1
95 277 1
394 277 1
395 277 1
655 277 1
1267 277 1
1458 277 1
1451 278 1
369 279 1
1325 279 1
652 280 1
323 281 1
1022 282 1
229 283 1
559 283 1
934 283 1
935 283 1
936 283 2
1066 283 1
1067 283 1
120 284 1
618 284 1
1269 284 1
1270 284 1
20 285 1
47 285 1
249 285 1
315 285 1
318 285 1
512 285 1
551 285 1
599 285 1
962 285 1
963 285 1
964 285 1
965 285 1
915 286 1
916 286 1
1556 287 1
1557 287 1
1558 287 1
144 288 1
1336 288 1
1382 288 1
1383 288 1
52 289 1
347 289 1
375 289 1
438 289 1
473 289 3
503 289 1
576 289 1
590 289 2
860 289 1
861 289 1
862 289 1
863 289 1
883 289 1
885 289 1
125 290 1
329 290 1
461 290 1
155 291 1
1281 291 1
1282 291 1
343 292 1
1252 292 1
1253 292 1
1254 292 1
1255 292 1
1302 293 1
276 294 1
295 294 1
296 294 1
763 294 1
276 295 1
294 295 1
296 295 1
763 295 1
276 296 1
294 296 1
295 296 1
763 296 1
184 297 1
418 298 1
830 298 1
831 298 1
554 299 1
1141 300 1
55 301 1
65 301 1
66 301 1
153 301 1
732 302 1
94 303 1
314 303 1
329 303 1
334 303 3
487 303 2
175 304 1
226 304 1
380 304 1
1140 304 1
1339 304 1
1340 304 1
1341 304 1
100 305 1
198 305 1
185 306 1
1381 306 1
172 307 3
742 307 2
17 308 1
573 308 1
574 308 2
651 308 2
1097 308 2
1098 308 1
1283 308 1
1284 308 2
1352 308 1
1387 308 1
310 309 1
849 309 1
1293 309 1
309 310 1
849 310 1
25 311 1
26 311 1
53 311 1
460 312 1
1487 312 1
451 313 1
483 313 1
517 313 3
577 313 2
602 313 2
773 313 1
815 313 1
816 313 1
817 313 1
985 313 1
1271 313 1
1366 313 2
1367 313 1
1368 313 1
1445 313 1
1446 313 1
303 314 1
1275 314 1
1289 314 1
1290 314 1
20 315 1
47 315 1
249 315 1
285 315 1
318 315 1
512 315 1
551 315 1
599 315 1
962 315 1
963 315 1
964 315 1
965 315 1
41 316 1
950 316 1
471 317 1
20 318 1
47 318 1
249 318 1
285 318 1
315 318 1
512 318 1
551 318 1
599 318 1
962 318 1
963 318 1
964 318 1
965 318 1
320 319 1
1080 319 1
319 320 1
1080 320 1
271 321 1
898 321 1
899 321 1
900 321 1
901 321 1
902 321 1
903 321 1
941 322 1
1142 322 1
1143 322 1
1144 322 1
242 323 1
281 323 1
670 323 1
1510 324 1
1511 324 1
1512 324 1
1513 324 1
1514 324 1
1515 324 1
217 325 1
444 325 1
207 326 1
1099 326 1
147 327 1
192 327 1
797 327 1
243 328 1
1185 328 1
50 329 1
125 329 1
290 329 1
303 329 1
334 329 1
438 329 1
461 329 1
605 329 1
1362 329 2
1388 329 1
1389 329 1
1023 330 1
183 331 1
332 331 1
183 332 1
331 332 1
453 332 1
215 333 1
762 333 1
303 334 3
329 334 1
487 334 2
20 335 1
497 335 1
71 336 1
667 337 2
1374 337 2
126 338 1
339 338 1
1439 338 1
126 339 1
338 339 1
1439 339 1
76 340 1
117 340 1
1425 340 1
1426 340 1
342 341 1
498 341 1
573 341 1
574 341 1
786 341 1
123 342 1
188 342 1
341 342 1
498 342 1
573 342 1
574 342 1
651 342 1
656 342 1
786 342 1
1278 342 1
292 343 1
762 343 1
1252 343 1
1253 343 1
1254 343 1
1255 343 1
1303 343 2
1304 343 1
1305 343 2
1412 343 1
1413 343 1
571 344 1
573 344 1
574 344 1
607 344 1
675 344 2
877 344 1
1524 344 1
382 345 1
639 345 1
1390 345 1
1560 346 1
1561 346 1
45 347 2
289 347 1
473 347 1
883 347 1
923 347 1
924 347 1
1567 347 1
1568 347 1
437 348 1
25 349 1
33 349 1
1349 349 1
1350 349 1
1351 349 1
384 350 1
426 350 1
888 350 1
1488 350 1
1489 350 1
1490 350 1
210 351 1
1236 351 1
34 352 1
204 352 1
1542 352 1
1543 352 1
1544 352 1
29 353 1
1170 353 1
1171 353 1
1186 353 1
845 354 1
846 354 1
847 354 1
848 354 1
112 355 1
1029 355 1
1030 355 1
1031 355 1
738 356 1
107 357 1
179 357 1
409 357 1
107 358 1
179 358 1
410 358 1
411 358 1
412 358 1
782 358 1
783 358 1
760 359 1
147 360 2
563 360 1
797 360 1
1024 360 1
1166 360 1
130 361 1
1456 361 1
363 362 1
362 363 1
413 364 1
503 364 1
564 364 1
630 364 1
745 364 1
36 365 1
83 365 1
407 365 2
777 365 1
778 365 2
960 365 3
235 366 1
1531 367 1
175 368 1
180 368 1
240 368 1
468 368 2
691 368 2
692 368 2
873 368 1
279 369 1
1025 369 1
1026 369 1
1325 369 1
21 370 2
371 370 3
372 370 2
373 370 2
374 370 2
375 370 2
376 370 2
377 370 2
1268 370 1
1442 370 1
21 371 2
25 371 1
81 371 1
219 371 1
273 371 1
370 371 3
372 371 2
373 371 2
374 371 2
375 371 2
376 371 2
377 371 2
505 371 1
626 371 1
1096 371 1
1228 371 1
1268 371 1
1442 371 1
21 372 2
370 372 2
371 372 2
373 372 2
374 372 2
375 372 2
376 372 2
377 372 1
1268 372 1
21 373 2
370 373 2
371 373 2
372 373 2
374 373 2
375 373 2
376 373 2
377 373 1
1268 373 1
21 374 2
370 374 2
371 374 2
372 374 2
373 374 2
375 374 2
376 374 3
377 374 1
1268 374 1
21 375 2
289 375 1
370 375 2
371 375 2
372 375 2
373 375 2
374 375 2
376 375 2
377 375 1
503 375 1
1268 375 1
21 376 2
370 376 2
371 376 2
372 376 2
373 376 2
374 376 3
375 376 2
377 376 1
422 376 2
423 376 3
426 376 2
428 376 2
775 376 1
809 376 1
1161 376 1
1244 376 1
1268 376 1
21 377 1
370 377 2
371 377 2
372 377 1
373 377 1
374 377 1
375 377 1
376 377 1
384 377 1
456 377 1
459 377 2
490 377 1
495 377 1
502 377 1
887 377 1
888 377 1
889 377 1
1268 377 1
1442 377 1
1006 378 1
875 379 1
876 379 1
175 380 1
304 380 1
469 380 1
573 380 1
574 380 1
616 380 1
628 380 2
658 380 2
1140 380 1
1230 380 1
1259 380 1
1435 380 3
1436 380 1
1478 380 1
82 381 1
475 381 1
1165 381 2
1354 381 1
345 382 1
395 382 1
639 382 2
933 382 1
1167 382 1
1168 382 1
1390 382 1
1437 382 1
1438 382 1
384 383 1
579 383 1
724 383 1
150 384 1
350 384 1
377 384 1
383 384 1
426 384 5
428 384 2
567 384 1
579 384 1
724 384 1
887 384 1
888 384 2
889 384 1
1120 384 2
1416 384 1
1417 384 1
1488 384 1
1489 384 1
1490 384 1
1548 384 1
553 385 2
1363 385 2
387 386 2
959 386 1
386 387 2
959 387 1
222 388 1
234 388 2
435 388 1
609 388 1
767 388 1
768 388 1
668 389 1
131 390 1
1358 390 1
1359 390 1
641 391 1
799 391 2
804 391 1
1086 391 1
1087 391 1
1088 391 1
1285 391 1
1286 391 1
135 392 1
506 392 1
508 392 1
1246 392 1
583 393 1
16 394 1
58 394 1
277 394 1
395 394 1
1267 394 1
1403 394 1
1404 394 1
1405 394 1
16 395 1
58 395 1
102 395 1
277 395 1
382 395 1
394 395 1
605 395 1
890 395 1
891 395 1
1240 395 1
1241 395 1
1242 395 1
1267 395 1
252 396 1
686 396 1
1321 397 1
1322 397 1
1418 398 1
1419 398 1
1420 398 1
247 399 2
446 399 3
1071 399 2
1272 399 1
1273 399 1
252 400 1
737 400 1
488 401 1
516 401 1
621 401 1
629 401 1
1409 401 1
403 402 1
402 403 1
1507 403 1
67 404 1
413 405 1
1153 405 1
773 406 1
365 407 2
777 407 1
778 407 2
960 407 1
245 408 1
1343 408 1
107 409 1
179 409 2
357 409 1
410 409 1
107 410 1
179 410 2
358 410 1
409 410 1
411 410 1
412 410 1
462 410 1
463 410 1
782 410 1
783 410 1
1126 410 1
1127 410 1
107 411 1
179 411 1
358 411 1
410 411 1
412 411 1
782 411 1
783 411 1
107 412 1
179 412 1
358 412 1
410 412 1
411 412 1
782 412 1
783 412 1
364 413 1
405 413 1
564 413 1
614 413 1
1153 413 1
1148 414 1
257 415 1
470 415 1
1298 415 1
1299 415 1
254 416 1
450 417 2
727 417 1
728 417 2
729 417 2
730 417 2
731 417 1
93 418 1
298 418 1
555 418 1
830 418 1
831 418 1
250 419 1
953 419 2
966 419 1
967 419 1
968 419 1
969 419 1
1095 419 1
430 420 1
452 420 2
454 420 1
455 420 1
790 420 1
1377 420 1
1378 420 1
1379 420 1
1380 420 1
1470 420 1
1471 420 1
1472 420 1
1473 420 1
1474 420 1
168 421 1
422 421 2
739 421 1
740 421 1
741 421 1
1279 421 1
1280 421 1
1401 421 1
1402 421 1
168 422 1
376 422 2
421 422 2
423 422 2
426 422 2
428 422 2
739 422 1
740 422 1
741 422 1
1279 422 1
1280 422 1
376 423 3
422 423 2
426 423 2
428 423 2
809 423 1
1125 423 1
1214 423 1
676 424 1
1452 424 1
1453 424 1
1454 424 1
1455 424 1
106 425 1
162 425 1
529 425 1
662 425 1
771 425 1
928 425 1
1117 425 1
1118 425 1
1119 425 1
1386 425 1
150 426 1
350 426 1
376 426 2
384 426 5
422 426 2
423 426 2
427 426 1
428 426 3
429 426 1
430 426 1
888 426 1
1120 426 2
1488 426 1
1489 426 1
1490 426 1
1548 426 1
1564 426 1
25 427 1
426 427 1
428 427 2
429 427 1
430 427 1
464 427 2
629 427 1
694 427 1
708 427 1
718 427 1
719 427 1
720 427 1
1564 427 1
376 428 2
384 428 2
422 428 2
423 428 2
426 428 3
427 428 2
464 428 3
567 428 1
671 428 1
694 428 1
1215 428 1
1277 428 1
1384 428 1
1385 428 2
1416 428 1
1417 428 1
1528 428 1
1548 428 1
426 429 1
427 429 1
430 429 1
464 429 1
465 429 1
1564 429 1
420 430 1
426 430 1
427 430 1
429 430 1
1377 430 1
1378 430 1
1379 430 1
1380 430 1
1564 430 1
228 431 1
481 431 1
482 431 1
1503 431 1
1504 431 1
1505 431 1
1506 431 1
42 432 2
1327 432 2
1355 433 1
500 434 1
990 434 1
388 435 1
767 435 1
768 435 1
1353 435 1
20 436 2
118 436 1
167 436 1
611 436 1
1063 436 1
1294 436 3
1448 436 1
348 437 1
289 438 1
329 438 1
494 438 1
650 438 1
885 438 1
1362 438 1
646 439 1
772 439 2
128 440 1
142 440 1
914 440 1
1356 440 1
1357 440 1
907 441 1
443 442 1
442 443 1
217 444 1
325 444 1
446 445 1
247 446 2
399 446 3
445 446 1
1071 446 2
1272 446 1
1273 446 1
836 447 1
884 447 1
1237 447 1
1465 448 1
746 449 1
234 450 1
417 450 2
727 450 1
728 450 2
729 450 2
730 450 2
731 450 1
313 451 1
517 451 1
815 451 1
816 451 1
817 451 1
420 452 2
454 452 1
455 452 1
790 452 1
332 453 1
420 454 1
452 454 1
455 454 1
790 454 1
420 455 1
452 455 1
454 455 1
790 455 1
377 456 1
40 457 1
125 457 1
1479 457 1
1480 457 1
1481 457 1
1482 457 1
1483 457 1
48 458 1
92 458 1
1375 458 2
1476 458 1
1477 458 1
377 459 2
312 460 1
1487 460 1
125 461 1
290 461 1
329 461 1
410 462 1
463 462 1
1126 462 1
1127 462 1
410 463 1
462 463 1
1126 463 1
1127 463 1
427 464 2
428 464 3
429 464 1
465 464 1
1215 464 1
429 465 1
464 465 1
562 466 1
649 466 1
1447 466 1
494 467 1
681 467 1
682 467 1
683 467 1
684 467 1
685 467 1
834 467 1
835 467 1
175 468 1
180 468 1
368 468 2
691 468 2
692 468 2
380 469 1
616 469 1
257 470 1
415 470 1
1298 470 1
1299 470 1
317 471 1
515 472 2
870 472 1
1433 472 1
1434 472 1
1518 472 1
289 473 3
347 473 1
590 473 3
789 473 1
792 473 2
793 473 1
794 473 1
883 473 1
104 474 1
1212 474 1
1213 474 1
7 475 2
31 475 1
381 475 1
773 475 1
1165 475 1
1262 475 1
859 476 1
773 477 1
819 477 1
820 477 1
821 477 1
822 477 1
479 478 1
478 479 1
1198 480 1
228 481 1
431 481 1
482 481 1
228 482 1
431 482 1
481 482 1
313 483 1
673 484 1
867 484 1
673 485 1
46 486 1
690 486 1
743 486 1
744 486 1
303 487 2
334 487 2
401 488 1
489 488 3
498 488 1
516 488 2
620 488 1
621 488 1
629 488 2
708 488 1
714 488 1
1311 488 1
1342 488 1
1391 488 1
1392 488 1
1393 488 1
1394 488 1
1395 488 1
1409 488 1
488 489 3
498 489 1
1342 489 1
1475 489 1
377 490 1
547 491 1
814 491 1
493 492 1
492 493 1
438 494 1
467 494 1
834 494 1
835 494 1
377 495 1
502 495 1
20 496 1
518 496 1
617 496 1
20 497 1
335 497 1
341 498 1
342 498 1
488 498 1
489 498 1
499 498 1
573 498 2
574 498 2
785 498 1
786 498 3
1364 498 1
1365 498 1
498 499 1
785 499 1
786 499 1
434 500 1
990 500 1
24 501 1
553 501 1
933 501 1
377 502 1
495 502 1
976 502 1
977 502 1
289 503 1
364 503 1
375 503 1
504 503 1
548 503 1
561 503 1
582 503 1
630 503 1
635 503 1
636 503 3
745 503 2
818 503 1
878 503 1
1009 503 1
1106 503 1
1291 503 1
1292 503 1
1566 503 1
503 504 1
1566 504 1
371 505 1
134 506 1
135 506 1
392 506 1
507 506 1
508 506 2
513 506 1
1197 506 1
1246 506 1
1501 506 1
1502 506 1
506 507 1
508 507 1
135 508 1
392 508 1
506 508 2
507 508 1
1246 508 1
236 509 1
519 509 1
741 510 2
809 510 2
810 510 1
811 510 1
944 510 1
37 511 1
256 511 1
672 511 1
674 511 1
853 511 1
20 512 1
47 512 1
249 512 1
285 512 1
315 512 1
318 512 1
551 512 1
599 512 1
962 512 1
963 512 1
964 512 1
965 512 1
134 513 1
506 513 1
145 514 1
472 515 2
220 516 1
401 516 1
488 516 2
620 516 1
621 516 1
629 516 2
647 516 1
694 516 1
708 516 1
714 516 1
715 516 1
1309 516 1
1310 516 1
1311 516 2
1391 516 1
1392 516 1
1393 516 1
1394 516 1
1395 516 1
1409 516 1
1500 516 1
313 517 3
451 517 1
602 517 2
773 517 1
815 517 1
816 517 1
817 517 1
1271 517 1
1366 517 2
1367 517 1
1368 517 1
1445 517 1
1446 517 1
20 518 2
496 518 1
597 518 1
617 518 1
631 518 1
1536 518 1
1537 518 1
1538 518 1
1539 518 1
1540 518 1
1541 518 1
236 519 1
509 519 1
675 520 1
522 521 1
1295 521 1
1296 521 1
521 522 1
1064 522 1
1065 522 1
1295 522 1
1296 522 1
1300 522 1
693 523 1
1415 524 1
526 525 1
527 525 1
993 525 1
994 525 1
995 525 1
996 525 1
997 525 1
998 525 1
999 525 1
1000 525 1
525 526 1
527 526 1
993 526 1
994 526 1
995 526 1
996 526 1
997 526 1
998 526 1
999 526 1
1000 526 1
525 527 1
526 527 1
993 527 1
994 527 1
995 527 1
996 527 1
997 527 1
998 527 1
999 527 1
1000 527 1
272 528 1
162 529 1
425 529 1
1117 529 1
1118 529 1
1119 529 1
1427 530 1
1428 530 1
1429 530 1
1430 530 1
1431 530 1
1432 530 1
1081 531 1
1082 531 1
1189 531 1
212 532 2
533 532 2
212 533 2
532 533 2
541 533 1
136 534 2
535 534 2
1002 534 1
136 535 2
534 535 2
1002 535 1
219 536 1
10 537 1
26 537 1
143 537 1
222 537 1
781 537 1
788 537 2
1032 537 1
1033 537 1
1150 537 1
1216 537 1
1199 538 1
1200 538 1
40 539 2
43 539 1
1154 539 2
1155 539 2
1156 539 2
1157 539 2
1344 540 1
1345 540 1
1346 540 1
1347 540 1
533 541 1
689 542 1
1110 542 1
1131 542 1
1132 542 1
1414 543 1
1251 544 1
68 545 1
69 545 1
84 545 1
199 545 1
552 545 1
584 545 1
1176 545 1
152 546 1
664 546 1
491 547 1
814 547 1
503 548 1
818 548 1
155 549 1
156 549 1
550 549 1
155 550 1
156 550 1
549 550 1
20 551 1
47 551 1
249 551 1
285 551 1
315 551 1
318 551 1
512 551 1
599 551 1
962 551 1
963 551 1
964 551 1
965 551 1
39 552 1
68 552 1
69 552 1
84 552 1
160 552 1
199 552 1
545 552 1
584 552 1
1060 552 2
1061 552 2
1062 552 2
1176 552 1
1373 552 1
24 553 2
25 553 1
385 553 2
501 553 1
754 553 1
868 553 1
869 553 1
933 553 1
1363 553 2
1466 553 1
1467 553 1
1468 553 1
1469 553 1
299 554 1
93 555 1
418 555 1
598 556 1
753 556 1
219 557 1
942 557 2
943 557 1
1247 557 1
1248 557 1
1054 558 1
1055 558 1
1056 558 1
1057 558 1
283 559 1
936 559 1
1066 559 1
1067 559 1
75 560 1
1001 560 1
503 561 1
466 562 1
649 562 1
1447 562 1
147 563 1
360 563 1
797 563 1
1024 563 1
364 564 1
413 564 1
1330 564 1
601 565 1
567 566 1
568 566 1
569 566 1
570 566 1
1147 566 1
384 567 1
428 567 1
566 567 1
568 567 1
569 567 1
570 567 1
1147 567 1
1416 567 1
1417 567 1
566 568 1
567 568 1
569 568 1
570 568 1
1147 568 1
566 569 1
567 569 1
568 569 1
570 569 1
1147 569 1
566 570 1
567 570 1
568 570 1
569 570 1
1147 570 1
32 571 1
344 571 1
573 571 1
574 571 1
1112 571 1
1211 571 1
1524 571 1
126 572 1
586 572 1
266 573 1
308 573 1
341 573 1
342 573 1
344 573 1
380 573 1
498 573 2
571 573 1
574 573 6
628 573 1
658 573 1
786 573 2
1230 573 1
1364 573 1
1365 573 1
1387 573 1
1408 573 1
1524 573 1
24 574 1
25 574 1
260 574 1
266 574 1
308 574 2
341 574 1
342 574 1
344 574 1
380 574 1
498 574 2
571 574 1
573 574 6
627 574 1
628 574 1
658 574 1
694 574 1
695 574 1
696 574 1
697 574 1
698 574 1
699 574 1
700 574 1
701 574 1
702 574 1
703 574 1
704 574 1
705 574 1
706 574 1
707 574 1
708 574 1
709 574 1
735 574 1
786 574 2
1097 574 1
1230 574 1
1364 574 1
1365 574 1
1387 574 1
1408 574 1
1524 574 1
619 575 1
799 575 1
1484 575 1
1485 575 1
1486 575 1
52 576 1
289 576 1
313 577 2
70 578 1
383 579 1
384 579 1
724 579 1
581 580 1
580 581 1
503 582 1
878 582 1
393 583 1
68 584 1
69 584 1
84 584 1
199 584 1
545 584 1
552 584 1
1176 584 1
60 585 1
612 585 1
632 585 1
1175 585 1
1418 585 1
1565 585 1
126 586 1
572 586 1
600 587 1
148 588 1
119 589 1
1174 589 1
289 590 2
473 590 3
789 590 1
792 590 1
793 590 1
794 590 1
1169 590 1
592 591 1
593 591 1
594 591 1
595 591 1
591 592 1
593 592 1
594 592 1
595 592 1
591 593 1
592 593 1
594 593 1
595 593 1
591 594 1
592 594 1
593 594 1
595 594 1
591 595 1
592 595 1
593 595 1
594 595 1
660 596 1
661 596 1
20 597 1
518 597 1
631 597 1
1536 597 1
1537 597 1
1538 597 1
1539 597 1
1540 597 1
1541 597 1
556 598 1
753 598 1
20 599 1
47 599 1
249 599 1
285 599 1
315 599 1
318 599 1
512 599 1
551 599 1
962 599 1
963 599 1
964 599 1
965 599 1
123 600 1
587 600 1
610 600 1
565 601 1
313 602 2
517 602 2
773 602 1
1271 602 1
1366 602 2
1367 602 1
1368 602 1
1445 602 1
1446 602 1
194 603 2
1222 603 1
1223 603 1
1224 603 1
1225 603 1
1226 603 1
741 604 1
809 604 1
811 604 1
905 604 1
906 604 1
945 604 1
946 604 1
947 604 1
50 605 1
102 605 1
329 605 1
395 605 1
1240 605 1
1241 605 1
1242 605 1
1388 605 1
1389 605 1
1313 606 1
1314 606 1
1315 606 1
1316 606 1
1317 606 1
1318 606 1
344 607 1
675 607 1
1231 608 1
234 609 1
388 609 1
123 610 2
600 610 1
20 611 1
167 611 1
436 611 1
1063 611 1
60 612 1
585 612 1
1175 612 1
51 613 1
1360 613 1
413 614 1
115 615 1
116 615 2
241 615 2
268 615 1
1457 615 2
380 616 1
469 616 1
11 617 1
20 617 2
496 617 1
518 617 1
59 618 1
120 618 1
284 618 1
1269 618 1
1270 618 1
1371 618 1
575 619 1
799 619 1
488 620 1
516 620 1
629 620 1
708 620 1
714 620 1
1311 620 1
1391 620 1
1392 620 1
1393 620 1
1394 620 1
1395 620 1
401 621 1
488 621 1
516 621 1
629 621 1
1409 621 1
623 622 1
874 622 1
622 623 1
874 623 1
137 624 1
932 624 1
226 625 1
1030 625 1
1529 625 1
25 626 1
273 626 1
371 626 1
24 627 1
25 627 1
260 627 1
574 627 1
694 627 1
695 627 1
696 627 1
697 627 1
698 627 1
699 627 1
700 627 1
701 627 1
702 627 1
703 627 1
704 627 1
705 627 1
706 627 1
707 627 1
708 627 1
709 627 1
380 628 2
573 628 1
574 628 1
658 628 2
1230 628 1
25 629 1
401 629 1
427 629 1
488 629 2
516 629 2
620 629 1
621 629 1
694 629 1
708 629 2
714 629 1
718 629 1
719 629 1
720 629 1
1311 629 1
1391 629 1
1392 629 1
1393 629 1
1394 629 1
1395 629 1
1409 629 1
364 630 1
503 630 1
745 630 1
20 631 1
518 631 1
597 631 1
1536 631 1
1537 631 1
1538 631 1
1539 631 1
1540 631 1
1541 631 1
585 632 1
1418 632 1
1565 632 1
1516 633 1
1517 633 1
32 634 1
1520 634 1
1521 634 1
503 635 1
636 635 1
503 636 3
635 636 1
1203 637 1
1204 637 1
1205 637 1
1206 637 1
1361 638 1
345 639 1
382 639 2
1390 639 1
1437 639 1
1438 639 1
680 640 1
391 641 1
799 641 1
804 641 1
1285 641 1
1286 641 1
1326 642 1
1188 643 1
1189 643 1
216 644 1
1245 644 1
1072 645 1
1073 645 1
1074 645 1
1075 645 1
439 646 1
772 646 1
25 647 1
151 647 1
195 647 1
516 647 1
648 647 1
649 647 1
694 647 1
711 647 1
712 647 1
713 647 1
714 647 1
715 647 2
716 647 1
717 647 1
1309 647 1
1310 647 1
1311 647 1
25 648 1
151 648 1
195 648 1
647 648 1
649 648 1
711 648 1
712 648 1
713 648 1
714 648 1
715 648 1
716 648 1
717 648 1
7 649 1
25 649 1
151 649 1
195 649 1
466 649 1
562 649 1
647 649 1
648 649 1
711 649 1
712 649 1
713 649 1
714 649 1
715 649 1
716 649 1
717 649 1
1447 649 1
438 650 1
17 651 1
123 651 1
188 651 1
308 651 2
342 651 1
656 651 1
1278 651 1
1283 651 1
1284 651 2
1352 651 1
280 652 1
813 652 1
37 653 1
654 653 1
672 653 1
674 653 1
850 653 1
851 653 1
852 653 1
853 653 1
854 653 1
855 653 1
37 654 1
653 654 1
672 654 1
674 654 1
850 654 1
851 654 1
852 654 1
853 654 1
854 654 1
855 654 1
95 655 1
277 655 1
1458 655 1
123 656 1
188 656 1
342 656 1
651 656 1
1278 656 1
663 657 2
380 658 2
573 658 1
574 658 1
628 658 2
1230 658 1
254 659 1
826 659 1
596 660 1
661 660 1
596 661 1
660 661 1
425 662 1
657 663 2
152 664 1
546 664 1
140 665 1
141 665 1
142 665 1
666 665 1
140 666 1
141 666 1
142 666 1
665 666 1
337 667 2
1374 667 2
389 668 1
3 669 1
15 669 1
206 669 1
1372 669 1
242 670 1
323 670 1
133 671 1
428 671 1
694 671 1
1139 671 1
1277 671 1
37 672 2
256 672 1
511 672 1
653 672 1
654 672 1
674 672 2
850 672 1
851 672 1
852 672 1
853 672 2
854 672 1
855 672 1
484 673 1
485 673 1
867 673 1
37 674 2
256 674 1
511 674 1
653 674 1
654 674 1
672 674 2
850 674 1
851 674 1
852 674 1
853 674 2
854 674 1
855 674 1
234 675 1
344 675 2
520 675 1
607 675 1
837 675 1
877 675 2
1335 675 1
1336 675 1
424 676 1
1452 676 1
1453 676 1
1454 676 1
1455 676 1
181 677 1
25 678 1
100 678 1
679 678 1
25 679 1
100 679 1
678 679 1
640 680 1
467 681 1
682 681 1
683 681 1
684 681 1
685 681 1
467 682 1
681 682 1
683 682 1
684 682 1
685 682 1
467 683 1
681 683 1
682 683 1
684 683 1
685 683 1
467 684 1
681 684 1
682 684 1
683 684 1
685 684 1
467 685 1
681 685 1
682 685 1
683 685 1
684 685 1
72 686 1
252 686 3
396 686 1
737 686 1
1105 686 1
688 687 1
689 687 1
687 688 1
689 688 1
542 689 1
687 689 1
688 689 1
1110 689 1
1131 689 1
1132 689 1
486 690 1
175 691 1
180 691 1
368 691 2
468 691 2
692 691 2
175 692 1
180 692 1
368 692 2
468 692 2
691 692 2
523 693 1
795 693 1
796 693 1
24 694 1
25 694 2
260 694 1
427 694 1
428 694 1
516 694 1
574 694 1
627 694 1
629 694 1
647 694 1
671 694 1
695 694 1
696 694 1
697 694 1
698 694 1
699 694 1
700 694 1
701 694 1
702 694 1
703 694 1
704 694 1
705 694 1
706 694 1
707 694 1
708 694 2
709 694 1
715 694 1
718 694 1
719 694 1
720 694 1
1277 694 1
1309 694 1
1310 694 1
1311 694 1
24 695 1
25 695 1
260 695 1
574 695 1
627 695 1
694 695 1
696 695 1
697 695 1
698 695 1
699 695 1
700 695 1
701 695 1
702 695 1
703 695 1
704 695 1
705 695 1
706 695 1
707 695 1
708 695 1
709 695 1
24 696 1
25 696 1
260 696 1
574 696 1
627 696 1
694 696 1
695 696 1
697 696 1
698 696 1
699 696 1
700 696 1
701 696 1
702 696 1
703 696 1
704 696 1
705 696 1
706 696 1
707 696 1
708 696 1
709 696 1
24 697 1
25 697 1
260 697 1
574 697 1
627 697 1
694 697 1
695 697 1
696 697 1
698 697 1
699 697 1
700 697 1
701 697 1
702 697 1
703 697 1
704 697 1
705 697 1
706 697 1
707 697 1
708 697 1
709 697 1
24 698 1
25 698 1
260 698 1
574 698 1
627 698 1
694 698 1
695 698 1
696 698 1
697 698 1
699 698 1
700 698 1
701 698 1
702 698 1
703 698 1
704 698 1
705 698 1
706 698 1
707 698 1
708 698 1
709 698 1
24 699 1
25 699 1
260 699 1
574 699 1
627 699 1
694 699 1
695 699 1
696 699 1
697 699 1
698 699 1
700 699 1
701 699 1
702 699 1
703 699 1
704 699 1
705 699 1
706 699 1
707 699 1
708 699 1
709 699 1
24 700 1
25 700 1
260 700 1
574 700 1
627 700 1
694 700 1
695 700 1
696 700 1
697 700 1
698 700 1
699 700 1
701 700 1
702 700 1
703 700 1
704 700 1
705 700 1
706 700 1
707 700 1
708 700 1
709 700 1
24 701 1
25 701 1
260 701 1
574 701 1
627 701 1
694 701 1
695 701 1
696 701 1
697 701 1
698 701 1
699 701 1
700 701 1
702 701 1
703 701 1
704 701 1
705 701 1
706 701 1
707 701 1
708 701 1
709 701 1
24 702 1
25 702 1
260 702 1
574 702 1
627 702 1
694 702 1
695 702 1
696 702 1
697 702 1
698 702 1
699 702 1
700 702 1
701 702 1
703 702 1
704 702 1
705 702 1
706 702 1
707 702 1
708 702 1
709 702 1
24 703 1
25 703 1
260 703 1
574 703 1
627 703 1
694 703 1
695 703 1
696 703 1
697 703 1
698 703 1
699 703 1
700 703 1
701 703 1
702 703 1
704 703 1
705 703 1
706 703 1
707 703 1
708 703 1
709 703 1
24 704 1
25 704 1
260 704 1
574 704 1
627 704 1
694 704 1
695 704 1
696 704 1
697 704 1
698 704 1
699 704 1
700 704 1
701 704 1
702 704 1
703 704 1
705 704 1
706 704 1
707 704 1
708 704 1
709 704 1
24 705 1
25 705 1
260 705 1
574 705 1
627 705 1
694 705 1
695 705 1
696 705 1
697 705 1
698 705 1
699 705 1
700 705 1
701 705 1
702 705 1
703 705 1
704 705 1
706 705 1
707 705 1
708 705 1
709 705 1
24 706 1
25 706 1
260 706 1
574 706 1
627 706 1
694 706 1
695 706 1
696 706 1
697 706 1
698 706 1
699 706 1
700 706 1
701 706 1
702 706 1
703 706 1
704 706 1
705 706 1
707 706 1
708 706 1
709 706 1
24 707 1
25 707 1
260 707 1
574 707 1
627 707 1
694 707 1
695 707 1
696 707 1
697 707 1
698 707 1
699 707 1
700 707 1
701 707 1
702 707 1
703 707 1
704 707 1
705 707 1
706 707 1
708 707 1
709 707 1
24 708 1
25 708 2
260 708 1
427 708 1
488 708 1
516 708 1
574 708 1
620 708 1
627 708 1
629 708 2
694 708 2
695 708 1
696 708 1
697 708 1
698 708 1
699 708 1
700 708 1
701 708 1
702 708 1
703 708 1
704 708 1
705 708 1
706 708 1
707 708 1
709 708 1
714 708 1
718 708 1
719 708 1
720 708 1
1311 708 1
1391 708 1
1392 708 1
1393 708 1
1394 708 1
1395 708 1
24 709 1
25 709 1
260 709 1
574 709 1
627 709 1
694 709 1
695 709 1
696 709 1
697 709 1
698 709 1
699 709 1
700 709 1
701 709 1
702 709 1
703 709 1
704 709 1
705 709 1
706 709 1
707 709 1
708 709 1
12 710 1
25 711 1
151 711 1
195 711 1
647 711 1
648 711 1
649 711 1
712 711 1
713 711 1
714 711 1
715 711 1
716 711 1
717 711 1
25 712 1
151 712 1
195 712 1
647 712 1
648 712 1
649 712 1
711 712 1
713 712 1
714 712 1
715 712 1
716 712 1
717 712 1
25 713 1
151 713 1
195 713 1
647 713 1
648 713 1
649 713 1
711 713 1
712 713 1
714 713 1
715 713 1
716 713 1
717 713 1
25 714 1
151 714 1
195 714 1
488 714 1
516 714 1
620 714 1
629 714 1
647 714 1
648 714 1
649 714 1
708 714 1
711 714 1
712 714 1
713 714 1
715 714 1
716 714 1
717 714 1
1311 714 1
1391 714 1
1392 714 1
1393 714 1
1394 714 1
1395 714 1
25 715 1
151 715 1
195 715 1
516 715 1
647 715 2
648 715 1
649 715 1
694 715 1
711 715 1
712 715 1
713 715 1
714 715 1
716 715 1
717 715 1
1309 715 1
1310 715 1
1311 715 1
25 716 1
151 716 1
195 716 1
647 716 1
648 716 1
649 716 1
711 716 1
712 716 1
713 716 1
714 716 1
715 716 1
717 716 1
25 717 1
151 717 1
195 717 1
647 717 1
648 717 1
649 717 1
711 717 1
712 717 1
713 717 1
714 717 1
715 717 1
716 717 1
25 718 1
427 718 1
629 718 1
694 718 1
708 718 1
719 718 1
720 718 1
25 719 1
427 719 1
629 719 1
694 719 1
708 719 1
718 719 1
720 719 1
25 720 1
427 720 1
629 720 1
694 720 1
708 720 1
718 720 1
719 720 1
722 721 1
723 721 1
721 722 1
723 722 1
721 723 1
722 723 1
383 724 1
384 724 1
579 724 1
726 725 1
725 726 1
417 727 1
450 727 1
728 727 1
729 727 1
730 727 1
417 728 2
450 728 2
727 728 1
729 728 2
730 728 2
731 728 1
417 729 2
450 729 2
727 729 1
728 729 2
730 729 2
731 729 1
417 730 2
450 730 2
727 730 1
728 730 2
729 730 2
731 730 1
417 731 1
450 731 1
728 731 1
729 731 1
730 731 1
302 732 1
734 733 1
733 734 1
252 735 2
574 735 1
736 735 1
737 735 2
252 736 1
735 736 1
737 736 1
252 737 5
400 737 1
686 737 1
735 737 2
736 737 1
1105 737 1
356 738 1
1005 738 1
168 739 1
421 739 1
422 739 1
740 739 1
741 739 3
168 740 1
421 740 1
422 740 1
739 740 1
741 740 1
168 741 1
421 741 1
422 741 1
510 741 2
604 741 1
739 741 3
740 741 1
809 741 3
810 741 1
811 741 2
905 741 1
906 741 1
945 741 1
946 741 1
947 741 1
172 742 2
307 742 2
46 743 1
486 743 1
744 743 1
46 744 1
486 744 1
743 744 1
364 745 1
503 745 2
630 745 1
1009 745 1
449 746 1
748 747 1
747 748 1
750 749 1
751 749 1
752 749 1
749 750 1
751 750 1
752 750 1
749 751 1
750 751 1
752 751 1
237 752 1
749 752 1
750 752 1
751 752 1
769 752 1
556 753 1
598 753 1
24 754 1
25 754 1
553 754 1
756 755 1
757 755 1
758 755 1
759 755 1
755 756 1
757 756 1
758 756 1
759 756 1
755 757 1
756 757 1
758 757 1
759 757 1
755 758 1
756 758 1
757 758 1
759 758 1
755 759 1
756 759 1
757 759 1
758 759 1
238 760 1
359 760 1
80 761 1
181 761 1
215 762 1
333 762 1
343 762 1
276 763 1
294 763 1
295 763 1
296 763 1
5 764 1
765 764 1
766 764 1
5 765 1
764 765 1
766 765 1
5 766 1
764 766 1
765 766 1
388 767 1
435 767 1
768 767 1
388 768 1
435 768 1
767 768 1
237 769 1
752 769 1
234 770 1
425 771 1
439 772 2
646 772 1
7 773 1
31 773 1
313 773 1
406 773 1
475 773 1
477 773 1
517 773 1
602 773 1
819 773 1
820 773 2
821 773 1
822 773 2
1271 773 2
1366 773 1
1445 773 1
1446 773 1
122 774 1
376 775 1
44 776 1
52 776 1
251 776 1
365 777 1
407 777 1
778 777 1
365 778 2
407 778 2
777 778 1
960 778 1
780 779 1
779 780 1
537 781 1
107 782 1
179 782 1
358 782 1
410 782 1
411 782 1
412 782 1
783 782 1
107 783 1
179 783 1
358 783 1
410 783 1
411 783 1
412 783 1
782 783 1
191 784 1
498 785 1
499 785 1
786 785 1
341 786 1
342 786 1
498 786 3
499 786 1
573 786 2
574 786 2
785 786 1
1364 786 1
1365 786 1
176 787 2
840 787 1
537 788 2
1150 788 1
129 789 2
473 789 1
590 789 1
791 789 1
792 789 1
793 789 1
794 789 1
1044 789 1
1312 789 1
420 790 1
452 790 1
454 790 1
455 790 1
129 791 1
789 791 1
473 792 2
590 792 1
789 792 1
793 792 1
794 792 1
473 793 1
590 793 1
789 793 1
792 793 1
794 793 1
473 794 1
590 794 1
789 794 1
792 794 1
793 794 1
693 795 1
796 795 1
693 796 1
795 796 1
147 797 2
192 797 1
327 797 1
360 797 1
563 797 1
1024 797 1
234 798 1
1523 798 1
391 799 2
575 799 1
619 799 1
641 799 1
800 799 1
801 799 1
802 799 1
803 799 1
804 799 2
1086 799 1
1087 799 1
1088 799 1
1285 799 1
1286 799 1
799 800 1
801 800 1
802 800 1
803 800 1
804 800 1
799 801 1
800 801 1
802 801 1
803 801 1
804 801 1
799 802 1
800 802 1
801 802 1
803 802 1
804 802 1
799 803 1
800 803 1
801 803 1
802 803 1
804 803 1
391 804 1
641 804 1
799 804 2
800 804 1
801 804 1
802 804 1
803 804 1
1285 804 1
1286 804 1
186 805 1
103 806 1
259 806 1
807 806 1
808 806 1
103 807 1
259 807 1
806 807 1
808 807 1
103 808 1
259 808 1
806 808 1
807 808 1
376 809 1
423 809 1
510 809 2
604 809 1
741 809 3
810 809 1
811 809 4
812 809 1
904 809 1
905 809 2
906 809 2
945 809 1
946 809 1
947 809 1
510 810 1
741 810 1
809 810 1
811 810 1
510 811 1
604 811 1
741 811 2
809 811 4
810 811 1
812 811 1
904 811 1
905 811 2
906 811 2
945 811 1
946 811 1
947 811 1
809 812 1
811 812 1
652 813 1
491 814 1
547 814 1
313 815 1
451 815 1
517 815 1
816 815 1
817 815 1
313 816 1
451 816 1
517 816 1
815 816 1
817 816 1
313 817 1
451 817 1
517 817 1
815 817 1
816 817 1
503 818 1
548 818 1
477 819 1
773 819 1
820 819 1
821 819 1
822 819 1
477 820 1
773 820 2
819 820 1
821 820 1
822 820 2
1271 820 1
477 821 1
773 821 1
819 821 1
820 821 1
822 821 1
477 822 1
773 822 2
819 822 1
820 822 2
821 822 1
1271 822 1
113 823 1
824 823 1
825 823 1
113 824 1
823 824 1
825 824 1
113 825 1
823 825 1
824 825 1
254 826 1
659 826 1
828 827 1
829 827 1
827 828 1
829 828 1
827 829 1
828 829 1
298 830 1
418 830 1
831 830 1
298 831 1
418 831 1
830 831 1
833 832 1
832 833 1
467 834 1
494 834 1
835 834 1
467 835 1
494 835 1
834 835 1
447 836 1
234 837 1
675 837 1
839 838 1
838 839 1
176 840 1
787 840 1
842 841 1
841 842 1
844 843 1
843 844 1
354 845 1
846 845 1
847 845 1
848 845 1
354 846 1
845 846 1
847 846 1
848 846 1
354 847 1
845 847 1
846 847 1
848 847 1
354 848 1
845 848 1
846 848 1
847 848 1
309 849 1
310 849 1
37 850 1
653 850 1
654 850 1
672 850 1
674 850 1
851 850 1
852 850 1
853 850 1
854 850 1
855 850 1
37 851 1
653 851 1
654 851 1
672 851 1
674 851 1
850 851 1
852 851 1
853 851 1
854 851 1
855 851 1
37 852 1
653 852 1
654 852 1
672 852 1
674 852 1
850 852 1
851 852 1
853 852 1
854 852 1
855 852 1
37 853 2
256 853 1
511 853 1
653 853 1
654 853 1
672 853 2
674 853 2
850 853 1
851 853 1
852 853 1
854 853 1
855 853 1
37 854 1
653 854 1
654 854 1
672 854 1
674 854 1
850 854 1
851 854 1
852 854 1
853 854 1
855 854 1
37 855 1
653 855 1
654 855 1
672 855 1
674 855 1
850 855 1
851 855 1
852 855 1
853 855 1
854 855 1
857 856 1
858 856 1
856 857 1
858 857 1
856 858 1
857 858 1
476 859 1
289 860 1
861 860 1
862 860 2
863 860 1
289 861 1
860 861 1
862 861 1
863 861 1
289 862 1
860 862 2
861 862 1
863 862 1
289 863 1
860 863 1
861 863 1
862 863 1
865 864 1
866 864 1
864 865 1
866 865 1
864 866 1
865 866 1
484 867 1
673 867 1
553 868 1
869 868 1
553 869 1
868 869 1
7 870 1
31 870 1
472 870 1
1202 870 1
1235 870 1
1518 870 1
91 871 1
149 871 1
872 871 1
91 872 1
149 872 1
871 872 1
240 873 1
368 873 1
622 874 1
623 874 1
379 875 1
876 875 1
379 876 1
875 876 1
344 877 1
675 877 2
1335 877 1
1336 877 1
503 878 1
582 878 1
218 879 1
880 879 1
881 879 1
218 880 1
879 880 1
881 880 1
218 881 1
879 881 1
880 881 1
233 882 1
289 883 1
347 883 1
473 883 1
447 884 1
289 885 1
438 885 1
1121 885 1
1122 885 1
35 886 1
377 887 1
384 887 1
888 887 1
889 887 1
350 888 1
377 888 1
384 888 2
426 888 1
887 888 1
889 888 1
1488 888 1
1489 888 1
1490 888 1
377 889 1
384 889 1
887 889 1
888 889 1
395 890 1
891 890 1
395 891 1
890 891 1
893 892 1
892 893 1
208 894 1
896 895 1
897 895 1
895 896 1
897 896 1
895 897 1
896 897 1
271 898 1
321 898 1
899 898 1
900 898 1
901 898 1
902 898 1
903 898 1
271 899 1
321 899 1
898 899 1
900 899 1
901 899 1
902 899 1
903 899 1
271 900 1
321 900 1
898 900 1
899 900 1
901 900 1
902 900 1
903 900 1
271 901 1
321 901 1
898 901 1
899 901 1
900 901 1
902 901 1
903 901 1
271 902 1
321 902 1
898 902 1
899 902 1
900 902 1
901 902 1
903 902 1
271 903 1
321 903 1
898 903 1
899 903 1
900 903 1
901 903 1
902 903 1
809 904 1
811 904 1
905 904 1
906 904 1
604 905 1
741 905 1
809 905 2
811 905 2
904 905 1
906 905 2
945 905 1
946 905 1
947 905 1
604 906 1
741 906 1
809 906 2
811 906 2
904 906 1
905 906 2
945 906 1
946 906 1
947 906 1
441 907 1
154 908 1
909 908 1
910 908 1
911 908 1
154 909 1
908 909 1
910 909 1
911 909 1
154 910 1
908 910 1
909 910 1
911 910 1
154 911 1
908 911 1
909 911 1
910 911 1
219 912 1
273 912 1
913 912 1
219 913 1
273 913 1
912 913 1
440 914 1
286 915 1
916 915 1
286 916 1
915 916 1
918 917 1
917 918 1
225 919 1
921 920 1
922 920 1
920 921 1
922 921 1
920 922 1
921 922 1
347 923 1
924 923 1
347 924 1
923 924 1
926 925 1
925 926 1
7 927 1
106 928 1
425 928 1
132 929 1
931 930 1
930 931 1
137 932 1
624 932 1
24 933 1
382 933 1
501 933 1
553 933 1
1168 933 1
229 934 1
283 934 1
935 934 1
936 934 1
229 935 1
283 935 1
934 935 1
936 935 1
229 936 1
283 936 2
559 936 1
934 936 1
935 936 1
1066 936 1
1067 936 1
227 937 1
938 937 1
227 938 1
937 938 1
940 939 1
939 940 1
322 941 1
219 942 1
557 942 2
943 942 1
219 943 1
557 943 1
942 943 1
510 944 1
604 945 1
741 945 1
809 945 1
811 945 1
905 945 1
906 945 1
946 945 1
947 945 1
604 946 1
741 946 1
809 946 1
811 946 1
905 946 1
906 946 1
945 946 1
947 946 1
604 947 1
741 947 1
809 947 1
811 947 1
905 947 1
906 947 1
945 947 1
946 947 1
949 948 1
948 949 1
41 950 1
316 950 1
952 951 1
951 952 1
419 953 2
166 954 1
221 954 1
226 954 1
955 954 1
956 954 1
166 955 1
221 955 1
226 955 1
954 955 1
956 955 1
166 956 1
221 956 1
226 956 1
954 956 1
955 956 1
958 957 1
957 958 1
386 959 1
387 959 1
36 960 1
83 960 1
365 960 3
407 960 1
778 960 1
253 961 1
20 962 1
47 962 1
249 962 1
285 962 1
315 962 1
318 962 1
512 962 1
551 962 1
599 962 1
963 962 1
964 962 1
965 962 1
20 963 1
47 963 1
249 963 1
285 963 1
315 963 1
318 963 1
512 963 1
551 963 1
599 963 1
962 963 1
964 963 1
965 963 1
20 964 1
47 964 1
249 964 1
285 964 1
315 964 1
318 964 1
512 964 1
551 964 1
599 964 1
962 964 1
963 964 1
965 964 1
20 965 1
47 965 1
249 965 1
285 965 1
315 965 1
318 965 1
512 965 1
551 965 1
599 965 1
962 965 1
963 965 1
964 965 1
419 966 1
967 966 1
968 966 1
969 966 1
419 967 1
966 967 1
968 967 1
969 967 1
419 968 1
966 968 1
967 968 1
969 968 1
419 969 1
966 969 1
967 969 1
968 969 1
971 970 1
970 971 1
15 972 1
145 973 1
253 974 1
975 974 1
253 975 1
974 975 1
502 976 1
977 976 1
502 977 1
976 977 1
979 978 1
978 979 1
981 980 1
982 980 1
983 980 1
984 980 1
980 981 1
982 981 1
983 981 1
984 981 1
980 982 1
981 982 1
983 982 1
984 982 1
980 983 1
981 983 1
982 983 1
984 983 1
980 984 1
981 984 1
982 984 1
983 984 1
313 985 1
987 986 1
986 987 1
989 988 1
988 989 1
434 990 1
500 990 1
189 991 1
992 991 1
189 992 1
991 992 1
525 993 1
526 993 1
527 993 1
994 993 1
995 993 1
996 993 1
997 993 1
998 993 1
999 993 1
1000 993 1
525 994 1
526 994 1
527 994 1
993 994 1
995 994 1
996 994 1
997 994 1
998 994 1
999 994 1
1000 994 1
525 995 1
526 995 1
527 995 1
993 995 1
994 995 1
996 995 1
997 995 1
998 995 1
999 995 1
1000 995 1
525 996 1
526 996 1
527 996 1
993 996 1
994 996 1
995 996 1
997 996 1
998 996 1
999 996 1
1000 996 1
525 997 1
526 997 1
527 997 1
993 997 1
994 997 1
995 997 1
996 997 1
998 997 1
999 997 1
1000 997 1
525 998 1
526 998 1
527 998 1
993 998 1
994 998 1
995 998 1
996 998 1
997 998 1
999 998 1
1000 998 1
525 999 1
526 999 1
527 999 1
993 999 1
994 999 1
995 999 1
996 999 1
997 999 1
998 999 1
1000 999 1
525 1000 1
526 1000 1
527 1000 1
993 1000 1
994 1000 1
995 1000 1
996 1000 1
997 1000 1
998 1000 1
999 1000 1
75 1001 1
560 1001 1
136 1002 1
534 1002 1
535 1002 1
1004 1003 1
1003 1004 1
738 1005 1
378 1006 1
223 1007 1
1008 1007 1
223 1008 1
1007 1008 1
503 1009 1
745 1009 1
174 1010 1
220 1011 1
1013 1012 1
1012 1013 1
1164 1013 1
1015 1014 1
1016 1014 1
1014 1015 1
1016 1015 1
1014 1016 1
1015 1016 1
139 1017 1
1018 1017 1
1019 1017 1
1020 1017 1
1021 1017 1
139 1018 1
1017 1018 1
1019 1018 1
1020 1018 1
1021 1018 1
139 1019 1
1017 1019 1
1018 1019 1
1020 1019 1
1021 1019 1
139 1020 1
1017 1020 1
1018 1020 1
1019 1020 1
1021 1020 1
139 1021 1
1017 1021 1
1018 1021 1
1019 1021 1
1020 1021 1
282 1022 1
330 1023 1
147 1024 1
360 1024 1
563 1024 1
797 1024 1
369 1025 1
1026 1025 1
369 1026 1
1025 1026 1
1028 1027 1
1027 1028 1
112 1029 1
355 1029 1
1030 1029 1
1031 1029 1
112 1030 1
226 1030 1
355 1030 1
625 1030 1
1029 1030 1
1031 1030 1
1529 1030 1
112 1031 1
355 1031 1
1029 1031 1
1030 1031 1
10 1032 1
26 1032 1
143 1032 1
537 1032 1
1033 1032 1
10 1033 1
26 1033 1
143 1033 1
537 1033 1
1032 1033 1
1035 1034 1
1036 1034 1
1037 1034 1
1038 1034 1
1039 1034 1
1034 1035 1
1036 1035 1
1037 1035 1
1038 1035 1
1039 1035 1
1034 1036 1
1035 1036 1
1037 1036 1
1038 1036 1
1039 1036 1
1034 1037 1
1035 1037 1
1036 1037 1
1038 1037 1
1039 1037 1
1034 1038 1
1035 1038 1
1036 1038 1
1037 1038 1
1039 1038 1
1034 1039 1
1035 1039 1
1036 1039 1
1037 1039 1
1038 1039 1
1041 1040 1
1042 1040 1
1043 1040 1
1040 1041 1
1042 1041 1
1043 1041 1
1040 1042 1
1041 1042 1
1043 1042 1
1040 1043 1
1041 1043 1
1042 1043 1
789 1044 1
1046 1045 1
1045 1046 1
1048 1047 1
1049 1047 1
1288 1047 1
1047 1048 1
1049 1048 1
1047 1049 1
1048 1049 1
1051 1050 1
1052 1050 1
1053 1050 1
1050 1051 1
1052 1051 1
1053 1051 1
1050 1052 1
1051 1052 1
1053 1052 1
1050 1053 1
1051 1053 1
1052 1053 1
558 1054 1
1055 1054 1
1056 1054 1
1057 1054 1
558 1055 1
1054 1055 1
1056 1055 1
1057 1055 1
558 1056 1
1054 1056 1
1055 1056 1
1057 1056 1
558 1057 1
1054 1057 1
1055 1057 1
1056 1057 1
173 1058 1
40 1059 1
552 1060 2
1061 1060 2
1062 1060 2
552 1061 2
1060 1061 2
1062 1061 2
552 1062 2
1060 1062 2
1061 1062 2
20 1063 1
167 1063 1
436 1063 1
611 1063 1
522 1064 1
1065 1064 2
1300 1064 1
522 1065 1
1064 1065 2
1300 1065 1
283 1066 1
559 1066 1
936 1066 1
1067 1066 1
283 1067 1
559 1067 1
936 1067 1
1066 1067 1
96 1068 1
90 1069 1
1070 1069 2
1239 1069 1
1519 1069 1
90 1070 1
1069 1070 2
1239 1070 1
247 1071 2
399 1071 2
446 1071 2
645 1072 1
1073 1072 1
1074 1072 1
1075 1072 1
645 1073 1
1072 1073 1
1074 1073 1
1075 1073 1
645 1074 1
1072 1074 1
1073 1074 1
1075 1074 1
645 1075 1
1072 1075 1
1073 1075 1
1074 1075 1
1077 1076 1
1076 1077 1
182 1078 1
1079 1078 1
182 1079 1
1078 1079 1
319 1080 1
320 1080 1
531 1081 1
531 1082 1
1084 1083 1
1085 1083 1
1083 1084 1
1085 1084 1
1083 1085 1
1084 1085 1
391 1086 1
799 1086 1
1087 1086 1
1088 1086 1
391 1087 1
799 1087 1
1086 1087 1
1088 1087 1
391 1088 1
799 1088 1
1086 1088 1
1087 1088 1
1090 1089 1
1091 1089 1
1092 1089 1
1093 1089 1
1094 1089 1
1089 1090 1
1091 1090 1
1092 1090 1
1093 1090 1
1094 1090 1
1089 1091 1
1090 1091 1
1092 1091 1
1093 1091 1
1094 1091 1
1089 1092 1
1090 1092 1
1091 1092 1
1093 1092 1
1094 1092 1
1089 1093 1
1090 1093 1
1091 1093 1
1092 1093 1
1094 1093 1
1089 1094 1
1090 1094 1
1091 1094 1
1092 1094 1
1093 1094 1
250 1095 1
419 1095 1
371 1096 1
308 1097 2
574 1097 1
1098 1097 1
308 1098 1
1097 1098 1
207 1099 1
326 1099 1
1101 1100 2
1102 1100 2
1100 1101 2
1102 1101 2
79 1102 1
1100 1102 2
1101 1102 2
1348 1102 1
1104 1103 1
1103 1104 1
252 1105 1
686 1105 1
737 1105 1
503 1106 1
64 1107 1
1109 1108 1
1110 1108 1
1108 1109 1
1110 1109 1
542 1110 1
689 1110 1
1108 1110 1
1109 1110 1
1131 1110 1
1132 1110 1
96 1111 1
571 1112 1
1114 1113 1
1115 1113 1
1113 1114 1
1115 1114 1
1113 1115 1
1114 1115 1
101 1116 1
224 1116 1
269 1116 2
270 1116 1
1301 1116 1
162 1117 1
425 1117 1
529 1117 1
1118 1117 1
1119 1117 1
162 1118 1
425 1118 1
529 1118 1
1117 1118 1
1119 1118 1
162 1119 1
425 1119 1
529 1119 1
1117 1119 1
1118 1119 1
384 1120 2
426 1120 2
885 1121 1
1122 1121 1
885 1122 1
1121 1122 1
1124 1123 1
1123 1124 1
423 1125 1
410 1126 1
462 1126 1
463 1126 1
1127 1126 1
410 1127 1
462 1127 1
463 1127 1
1126 1127 1
13 1128 1
30 1129 1
1130 1129 1
30 1130 1
1129 1130 1
542 1131 1
689 1131 1
1110 1131 1
1132 1131 1
542 1132 1
689 1132 1
1110 1132 1
1131 1132 1
1134 1133 1
1135 1133 1
1133 1134 1
1135 1134 1
1133 1135 1
1134 1135 1
157 1136 1
158 1136 1
1138 1137 1
1137 1138 1
133 1139 1
671 1139 1
175 1140 1
304 1140 1
380 1140 1
300 1141 1
322 1142 1
1143 1142 1
1144 1142 1
322 1143 1
1142 1143 1
1144 1143 1
322 1144 1
1142 1144 1
1143 1144 1
1146 1145 1
1145 1146 1
566 1147 1
567 1147 1
568 1147 1
569 1147 1
570 1147 1
414 1148 1
174 1149 1
537 1150 1
788 1150 1
1152 1151 1
1151 1152 1
405 1153 1
413 1153 1
40 1154 2
43 1154 1
539 1154 2
1155 1154 2
1156 1154 2
1157 1154 2
40 1155 2
43 1155 1
539 1155 2
1154 1155 2
1156 1155 2
1157 1155 2
40 1156 2
43 1156 1
539 1156 2
1154 1156 2
1155 1156 2
1157 1156 2
40 1157 2
43 1157 1
539 1157 2
1154 1157 2
1155 1157 2
1156 1157 2
239 1158 1
1159 1158 1
1160 1158 1
239 1159 1
1158 1159 1
1160 1159 1
239 1160 1
1158 1160 1
1159 1160 1
376 1161 1
1163 1162 1
1162 1163 1
1013 1164 1
381 1165 2
475 1165 1
1354 1165 1
147 1166 1
360 1166 1
382 1167 1
382 1168 1
933 1168 1
590 1169 1
29 1170 1
353 1170 1
1171 1170 1
29 1171 1
353 1171 1
1170 1171 1
1173 1172 1
1172 1173 1
119 1174 1
589 1174 1
60 1175 1
585 1175 1
612 1175 1
68 1176 1
69 1176 1
84 1176 1
199 1176 1
545 1176 1
552 1176 1
584 1176 1
163 1177 1
1179 1178 2
1178 1179 2
1181 1180 1
1182 1180 1
1180 1181 1
1182 1181 1
1180 1182 1
1181 1182 1
69 1183 1
1184 1183 1
69 1184 2
111 1184 1
1183 1184 1
1258 1184 1
243 1185 1
328 1185 1
353 1186 1
109 1187 1
643 1188 1
1189 1188 1
531 1189 1
643 1189 1
1188 1189 1
238 1190 1
261 1190 2
1191 1190 1
1192 1190 1
1193 1190 1
261 1191 1
1190 1191 1
1192 1191 1
1193 1191 1
261 1192 1
1190 1192 1
1191 1192 1
1193 1192 1
261 1193 1
1190 1193 1
1191 1193 1
1192 1193 1
41 1194 1
177 1194 1
213 1195 1
174 1196 1
506 1197 1
480 1198 1
538 1199 1
1200 1199 1
538 1200 1
1199 1200 1
250 1201 1
870 1202 1
637 1203 1
1204 1203 1
1205 1203 1
1206 1203 1
637 1204 1
1203 1204 1
1205 1204 1
1206 1204 1
637 1205 1
1203 1205 1
1204 1205 1
1206 1205 1
637 1206 1
1203 1206 1
1204 1206 1
1205 1206 1
1208 1207 1
1209 1207 1
1210 1207 1
1207 1208 1
1209 1208 1
1210 1208 1
1207 1209 1
1208 1209 1
1210 1209 1
1207 1210 1
1208 1210 1
1209 1210 1
571 1211 1
104 1212 1
474 1212 1
1213 1212 1
104 1213 1
474 1213 1
1212 1213 1
423 1214 1
428 1215 1
464 1215 1
222 1216 1
537 1216 1
1218 1217 1
1219 1217 1
1217 1218 1
1219 1218 1
1217 1219 1
1218 1219 1
250 1220 1
138 1221 1
194 1222 1
603 1222 1
1223 1222 1
194 1223 1
603 1223 1
1222 1223 1
194 1224 1
603 1224 1
1225 1224 1
1226 1224 1
194 1225 1
603 1225 1
1224 1225 1
1226 1225 1
194 1226 1
603 1226 1
1224 1226 1
1225 1226 1
27 1227 1
371 1228 1
1 1229 1
8 1229 1
9 1229 1
73 1229 1
74 1229 1
147 1229 1
380 1230 1
573 1230 1
574 1230 1
628 1230 1
658 1230 1
608 1231 1
1233 1232 1
1234 1232 1
1232 1233 1
1234 1233 1
1232 1234 1
1233 1234 1
7 1235 1
31 1235 1
870 1235 1
210 1236 1
351 1236 1
447 1237 1
248 1238 1
258 1238 1
90 1239 1
1069 1239 1
1070 1239 1
102 1240 1
395 1240 1
605 1240 1
1241 1240 1
1242 1240 1
102 1241 1
395 1241 1
605 1241 1
1240 1241 1
1242 1241 1
102 1242 1
395 1242 1
605 1242 1
1240 1242 1
1241 1242 1
275 1243 1
376 1244 1
216 1245 1
644 1245 1
135 1246 1
392 1246 1
506 1246 1
508 1246 1
557 1247 1
1248 1247 1
557 1248 1
1247 1248 1
1250 1249 1
1249 1250 1
544 1251 1
292 1252 1
343 1252 1
1253 1252 1
1254 1252 1
1255 1252 1
292 1253 1
343 1253 1
1252 1253 1
1254 1253 1
1255 1253 1
292 1254 1
343 1254 1
1252 1254 1
1253 1254 1
1255 1254 1
292 1255 1
343 1255 1
1252 1255 1
1253 1255 1
1254 1255 1
14 1256 1
1257 1256 1
14 1257 1
1256 1257 1
69 1258 1
111 1258 1
1184 1258 1
380 1259 1
1261 1260 1
1260 1261 1
7 1262 1
475 1262 1
85 1263 1
178 1263 1
1265 1264 1
1266 1264 1
1264 1265 1
1266 1265 1
1264 1266 1
1265 1266 1
16 1267 1
58 1267 1
277 1267 1
394 1267 1
395 1267 1
21 1268 1
370 1268 1
371 1268 1
372 1268 1
373 1268 1
374 1268 1
375 1268 1
376 1268 1
377 1268 1
120 1269 1
284 1269 1
618 1269 1
1270 1269 1
120 1270 1
284 1270 1
618 1270 1
1269 1270 1
313 1271 1
517 1271 1
602 1271 1
773 1271 2
820 1271 1
822 1271 1
1366 1271 1
1445 1271 1
1446 1271 1
399 1272 1
446 1272 1
1273 1272 1
399 1273 1
446 1273 1
1272 1273 1
1275 1274 1
1276 1274 1
314 1275 1
1274 1275 1
1276 1275 1
1289 1275 1
1290 1275 1
1274 1276 1
1275 1276 1
428 1277 1
671 1277 1
694 1277 1
123 1278 1
188 1278 1
342 1278 1
651 1278 1
656 1278 1
421 1279 1
422 1279 1
1280 1279 1
421 1280 1
422 1280 1
1279 1280 1
155 1281 1
291 1281 1
1282 1281 1
155 1282 1
291 1282 1
1281 1282 1
17 1283 1
308 1283 1
651 1283 1
1284 1283 1
17 1284 1
308 1284 2
651 1284 2
1283 1284 1
1352 1284 1
391 1285 1
641 1285 1
799 1285 1
804 1285 1
1286 1285 1
391 1286 1
641 1286 1
799 1286 1
804 1286 1
1285 1286 1
234 1287 1
1047 1288 1
314 1289 1
1275 1289 1
1290 1289 1
314 1290 1
1275 1290 1
1289 1290 1
503 1291 1
1292 1291 1
503 1292 1
1291 1292 1
309 1293 1
20 1294 1
118 1294 1
436 1294 3
1448 1294 1
521 1295 1
522 1295 1
1296 1295 1
521 1296 1
522 1296 1
1295 1296 1
110 1297 1
257 1298 1
415 1298 1
470 1298 1
1299 1298 1
257 1299 1
415 1299 1
470 1299 1
1298 1299 1
522 1300 1
1064 1300 1
1065 1300 1
269 1301 1
270 1301 1
1116 1301 1
293 1302 1
343 1303 2
1304 1303 1
1305 1303 2
343 1304 1
1303 1304 1
1305 1304 1
343 1305 2
1303 1305 2
1304 1305 1
1307 1306 1
1308 1306 1
1306 1307 1
1308 1307 1
1306 1308 1
1307 1308 1
1376 1308 1
516 1309 1
647 1309 1
694 1309 1
715 1309 1
1310 1309 1
1311 1309 1
516 1310 1
647 1310 1
694 1310 1
715 1310 1
1309 1310 1
1311 1310 1
488 1311 1
516 1311 2
620 1311 1
629 1311 1
647 1311 1
694 1311 1
708 1311 1
714 1311 1
715 1311 1
1309 1311 1
1310 1311 1
1391 1311 1
1392 1311 1
1393 1311 1
1394 1311 1
1395 1311 1
789 1312 1
606 1313 1
1314 1313 1
1315 1313 1
1316 1313 1
1317 1313 1
1318 1313 1
606 1314 1
1313 1314 1
1315 1314 1
1316 1314 1
1317 1314 1
1318 1314 1
606 1315 1
1313 1315 1
1314 1315 1
1316 1315 1
1317 1315 1
1318 1315 1
606 1316 1
1313 1316 1
1314 1316 1
1315 1316 1
1317 1316 1
1318 1316 1
606 1317 1
1313 1317 1
1314 1317 1
1315 1317 1
1316 1317 1
1318 1317 1
606 1318 1
1313 1318 1
1314 1318 1
1315 1318 1
1316 1318 1
1317 1318 1
1320 1319 1
1319 1320 1
397 1321 1
1322 1321 1
397 1322 1
1321 1322 1
64 1323 2
1324 1323 2
1337 1323 1
1338 1323 1
64 1324 2
1323 1324 2
1337 1324 1
1338 1324 1
279 1325 1
369 1325 1
642 1326 1
42 1327 2
432 1327 2
1329 1328 1
1328 1329 1
564 1330 1
1332 1331 1
1333 1331 1
1334 1331 1
1331 1332 1
1333 1332 1
1334 1332 1
1331 1333 1
1332 1333 1
1334 1333 1
1331 1334 1
1332 1334 1
1333 1334 1
675 1335 1
877 1335 1
1336 1335 1
144 1336 1
288 1336 1
675 1336 1
877 1336 1
1335 1336 1
1382 1336 1
1383 1336 1
64 1337 1
1323 1337 1
1324 1337 1
1338 1337 1
64 1338 1
1323 1338 1
1324 1338 1
1337 1338 1
226 1339 1
304 1339 1
1340 1339 1
1341 1339 1
226 1340 1
304 1340 1
1339 1340 1
1341 1340 1
226 1341 1
304 1341 1
1339 1341 1
1340 1341 1
488 1342 1
489 1342 1
245 1343 1
408 1343 1
540 1344 1
1345 1344 1
1346 1344 1
1347 1344 1
540 1345 1
1344 1345 1
1346 1345 1
1347 1345 1
540 1346 1
1344 1346 1
1345 1346 1
1347 1346 1
540 1347 1
1344 1347 1
1345 1347 1
1346 1347 1
79 1348 1
1102 1348 1
25 1349 1
33 1349 1
349 1349 1
1350 1349 1
1351 1349 1
25 1350 1
33 1350 1
349 1350 1
1349 1350 1
1351 1350 1
25 1351 1
33 1351 1
349 1351 1
1349 1351 1
1350 1351 1
308 1352 1
651 1352 1
1284 1352 1
435 1353 1
381 1354 1
1165 1354 1
433 1355 1
142 1356 1
440 1356 1
1357 1356 1
142 1357 1
440 1357 1
1356 1357 1
131 1358 1
390 1358 1
1359 1358 1
131 1359 1
390 1359 1
1358 1359 1
51 1360 1
613 1360 1
638 1361 1
329 1362 2
438 1362 1
385 1363 2
553 1363 2
498 1364 1
573 1364 1
574 1364 1
786 1364 1
1365 1364 1
498 1365 1
573 1365 1
574 1365 1
786 1365 1
1364 1365 1
313 1366 2
517 1366 2
602 1366 2
773 1366 1
1271 1366 1
1367 1366 1
1368 1366 1
1445 1366 1
1446 1366 1
313 1367 1
517 1367 1
602 1367 1
1366 1367 1
1368 1367 1
313 1368 1
517 1368 1
602 1368 1
1366 1368 1
1367 1368 1
250 1369 1
1370 1369 1
250 1370 1
1369 1370 1
59 1371 1
618 1371 1
3 1372 1
15 1372 1
206 1372 1
669 1372 1
39 1373 1
160 1373 1
552 1373 1
337 1374 2
667 1374 2
48 1375 1
92 1375 1
458 1375 2
1476 1375 1
1477 1375 1
1308 1376 1
420 1377 1
430 1377 1
1378 1377 1
1379 1377 1
1380 1377 1
420 1378 1
430 1378 1
1377 1378 1
1379 1378 1
1380 1378 1
420 1379 1
430 1379 1
1377 1379 1
1378 1379 1
1380 1379 1
420 1380 1
430 1380 1
1377 1380 1
1378 1380 1
1379 1380 1
185 1381 1
306 1381 1
144 1382 1
288 1382 1
1336 1382 1
1383 1382 1
144 1383 1
288 1383 1
1336 1383 1
1382 1383 1
428 1384 1
1385 1384 1
428 1385 2
1384 1385 1
1528 1385 1
425 1386 1
308 1387 1
573 1387 1
574 1387 1
50 1388 1
329 1388 1
605 1388 1
1389 1388 1
50 1389 1
329 1389 1
605 1389 1
1388 1389 1
345 1390 1
382 1390 1
639 1390 1
488 1391 1
516 1391 1
620 1391 1
629 1391 1
708 1391 1
714 1391 1
1311 1391 1
1392 1391 1
1393 1391 1
1394 1391 1
1395 1391 1
488 1392 1
516 1392 1
620 1392 1
629 1392 1
708 1392 1
714 1392 1
1311 1392 1
1391 1392 1
1393 1392 1
1394 1392 1
1395 1392 1
488 1393 1
516 1393 1
620 1393 1
629 1393 1
708 1393 1
714 1393 1
1311 1393 1
1391 1393 1
1392 1393 1
1394 1393 1
1395 1393 1
488 1394 1
516 1394 1
620 1394 1
629 1394 1
708 1394 1
714 1394 1
1311 1394 1
1391 1394 1
1392 1394 1
1393 1394 1
1395 1394 1
488 1395 1
516 1395 1
620 1395 1
629 1395 1
708 1395 1
714 1395 1
1311 1395 1
1391 1395 1
1392 1395 1
1393 1395 1
1394 1395 1
87 1396 1
264 1396 1
265 1396 1
1397 1396 1
1398 1396 1
87 1397 1
264 1397 1
265 1397 1
1396 1397 1
1398 1397 1
87 1398 1
264 1398 1
265 1398 1
1396 1398 1
1397 1398 1
77 1399 2
1535 1399 1
16 1400 2
205 1400 1
1522 1400 1
421 1401 1
1402 1401 1
421 1402 1
1401 1402 1
394 1403 1
1404 1403 1
1405 1403 1
394 1404 1
1403 1404 1
1405 1404 1
394 1405 1
1403 1405 1
1404 1405 1
10 1406 1
1407 1406 1
10 1407 1
1406 1407 1
266 1408 1
573 1408 1
574 1408 1
401 1409 1
488 1409 1
516 1409 1
621 1409 1
629 1409 1
99 1410 1
1411 1410 1
99 1411 1
1410 1411 1
343 1412 1
1413 1412 1
343 1413 1
1412 1413 1
543 1414 1
524 1415 1
384 1416 1
428 1416 1
567 1416 1
1417 1416 1
384 1417 1
428 1417 1
567 1417 1
1416 1417 1
398 1418 1
585 1418 1
632 1418 1
1419 1418 1
1420 1418 1
1565 1418 1
398 1419 1
1418 1419 1
1420 1419 1
398 1420 1
1418 1420 1
1419 1420 1
28 1421 1
1422 1421 1
1423 1421 1
1424 1421 1
28 1422 1
1421 1422 1
1423 1422 1
1424 1422 1
28 1423 1
1421 1423 1
1422 1423 1
1424 1423 1
28 1424 1
1421 1424 1
1422 1424 1
1423 1424 1
76 1425 1
117 1425 1
340 1425 1
1426 1425 1
76 1426 1
117 1426 1
340 1426 1
1425 1426 1
530 1427 1
1428 1427 1
1429 1427 1
1430 1427 1
1431 1427 1
1432 1427 1
530 1428 1
1427 1428 1
1429 1428 1
1430 1428 1
1431 1428 1
1432 1428 1
530 1429 1
1427 1429 1
1428 1429 1
1430 1429 1
1431 1429 1
1432 1429 1
530 1430 1
1427 1430 1
1428 1430 1
1429 1430 1
1431 1430 1
1432 1430 1
530 1431 1
1427 1431 1
1428 1431 1
1429 1431 1
1430 1431 1
1432 1431 1
530 1432 1
1427 1432 1
1428 1432 1
1429 1432 1
1430 1432 1
1431 1432 1
472 1433 1
1434 1433 1
472 1434 1
1433 1434 1
380 1435 3
1436 1435 1
1478 1435 1
380 1436 1
1435 1436 1
382 1437 1
639 1437 1
1438 1437 1
382 1438 1
639 1438 1
1437 1438 1
126 1439 1
338 1439 1
339 1439 1
1441 1440 1
1440 1441 1
370 1442 1
371 1442 1
377 1442 1
197 1443 1
1444 1443 1
197 1444 1
1443 1444 1
313 1445 1
517 1445 1
602 1445 1
773 1445 1
1271 1445 1
1366 1445 1
1446 1445 1
313 1446 1
517 1446 1
602 1446 1
773 1446 1
1271 1446 1
1366 1446 1
1445 1446 1
466 1447 1
562 1447 1
649 1447 1
436 1448 1
1294 1448 1
1450 1449 1
1562 1449 1
1563 1449 1
1449 1450 1
278 1451 1
424 1452 1
676 1452 1
1453 1452 1
1454 1452 1
1455 1452 1
424 1453 1
676 1453 1
1452 1453 1
1454 1453 1
1455 1453 1
424 1454 1
676 1454 1
1452 1454 1
1453 1454 1
1455 1454 1
424 1455 1
676 1455 1
1452 1455 1
1453 1455 1
1454 1455 1
130 1456 1
361 1456 1
115 1457 1
116 1457 2
241 1457 2
268 1457 1
615 1457 2
95 1458 1
277 1458 1
655 1458 1
86 1459 1
112 1459 1
226 1459 1
1460 1459 1
86 1460 1
112 1460 1
226 1460 1
1459 1460 1
110 1461 1
1462 1461 1
1463 1461 1
1464 1461 1
110 1462 1
1461 1462 1
1463 1462 1
1464 1462 1
110 1463 1
1461 1463 1
1462 1463 1
1464 1463 1
110 1464 1
1461 1464 1
1462 1464 1
1463 1464 1
448 1465 1
553 1466 1
1467 1466 1
1468 1466 1
1469 1466 1
553 1467 1
1466 1467 1
1468 1467 1
1469 1467 1
553 1468 1
1466 1468 1
1467 1468 1
1469 1468 1
553 1469 1
1466 1469 1
1467 1469 1
1468 1469 1
420 1470 1
1471 1470 1
1472 1470 1
1473 1470 1
1474 1470 1
420 1471 1
1470 1471 1
1472 1471 1
1473 1471 1
1474 1471 1
420 1472 1
1470 1472 1
1471 1472 1
1473 1472 1
1474 1472 1
420 1473 1
1470 1473 1
1471 1473 1
1472 1473 1
1474 1473 1
420 1474 1
1470 1474 1
1471 1474 1
1472 1474 1
1473 1474 1
489 1475 1
48 1476 1
458 1476 1
1375 1476 1
1477 1476 1
48 1477 1
458 1477 1
1375 1477 1
1476 1477 1
380 1478 1
1435 1478 1
40 1479 1
125 1479 1
457 1479 1
1480 1479 1
1481 1479 1
1482 1479 1
1483 1479 1
40 1480 1
125 1480 1
457 1480 1
1479 1480 1
1481 1480 1
1482 1480 1
1483 1480 1
40 1481 1
125 1481 1
457 1481 1
1479 1481 1
1480 1481 1
1482 1481 1
1483 1481 1
40 1482 1
125 1482 1
457 1482 1
1479 1482 1
1480 1482 1
1481 1482 1
1483 1482 1
40 1483 1
125 1483 1
457 1483 1
1479 1483 1
1480 1483 1
1481 1483 1
1482 1483 1
575 1484 1
1485 1484 1
1486 1484 1
575 1485 1
1484 1485 1
1486 1485 1
575 1486 1
1484 1486 1
1485 1486 1
312 1487 1
460 1487 1
350 1488 1
384 1488 1
426 1488 1
888 1488 1
1489 1488 1
1490 1488 1
350 1489 1
384 1489 1
426 1489 1
888 1489 1
1488 1489 1
1490 1489 1
350 1490 1
384 1490 1
426 1490 1
888 1490 1
1488 1490 1
1489 1490 1
1492 1491 1
1493 1491 1
1494 1491 1
1495 1491 1
1496 1491 1
1491 1492 1
1493 1492 1
1494 1492 1
1495 1492 1
1496 1492 1
1491 1493 1
1492 1493 1
1494 1493 1
1495 1493 1
1496 1493 1
1491 1494 1
1492 1494 1
1493 1494 1
1495 1494 1
1496 1494 1
1491 1495 1
1492 1495 1
1493 1495 1
1494 1495 1
1496 1495 1
1491 1496 1
1492 1496 1
1493 1496 1
1494 1496 1
1495 1496 1
1498 1497 1
1499 1497 1
1497 1498 1
1499 1498 1
1497 1499 1
1498 1499 1
220 1500 1
516 1500 1
506 1501 1
1502 1501 1
506 1502 1
1501 1502 1
431 1503 1
1504 1503 1
1505 1503 1
1506 1503 1
431 1504 1
1503 1504 1
1505 1504 1
1506 1504 1
431 1505 1
1503 1505 1
1504 1505 1
1506 1505 1
431 1506 1
1503 1506 1
1504 1506 1
1505 1506 1
403 1507 1
78 1508 1
231 1508 1
1509 1508 1
78 1509 1
231 1509 1
1508 1509 1
324 1510 1
1511 1510 1
1512 1510 1
1513 1510 1
1514 1510 1
1515 1510 1
324 1511 1
1510 1511 1
1512 1511 1
1513 1511 1
1514 1511 1
1515 1511 1
324 1512 1
1510 1512 1
1511 1512 1
1513 1512 1
1514 1512 1
1515 1512 1
324 1513 1
1510 1513 1
1511 1513 1
1512 1513 1
1514 1513 1
1515 1513 1
324 1514 1
1510 1514 1
1511 1514 1
1512 1514 1
1513 1514 1
1515 1514 1
324 1515 1
1510 1515 1
1511 1515 1
1512 1515 1
1513 1515 1
1514 1515 1
633 1516 1
1517 1516 1
633 1517 1
1516 1517 1
472 1518 1
870 1518 1
1069 1519 1
32 1520 1
634 1520 1
1521 1520 1
32 1521 1
634 1521 1
1520 1521 1
16 1522 1
205 1522 1
1400 1522 1
798 1523 1
344 1524 1
571 1524 1
573 1524 1
574 1524 1
97 1525 1
105 1525 1
267 1525 1
1526 1525 1
1527 1525 1
97 1526 1
105 1526 1
267 1526 1
1525 1526 1
1527 1526 1
97 1527 1
105 1527 1
267 1527 1
1525 1527 1
1526 1527 1
428 1528 1
1385 1528 1
226 1529 1
625 1529 1
1030 1529 1
196 1530 1
367 1531 1
1533 1532 1
1534 1532 1
1532 1533 1
1534 1533 1
1532 1534 1
1533 1534 1
77 1535 1
1399 1535 1
20 1536 1
518 1536 1
597 1536 1
631 1536 1
1537 1536 1
1538 1536 1
1539 1536 1
1540 1536 1
1541 1536 1
20 1537 1
518 1537 1
597 1537 1
631 1537 1
1536 1537 1
1538 1537 1
1539 1537 1
1540 1537 1
1541 1537 1
20 1538 1
518 1538 1
597 1538 1
631 1538 1
1536 1538 1
1537 1538 1
1539 1538 1
1540 1538 1
1541 1538 1
20 1539 1
518 1539 1
597 1539 1
631 1539 1
1536 1539 1
1537 1539 1
1538 1539 1
1540 1539 1
1541 1539 1
20 1540 1
518 1540 1
597 1540 1
631 1540 1
1536 1540 1
1537 1540 1
1538 1540 1
1539 1540 1
1541 1540 1
20 1541 1
518 1541 1
597 1541 1
631 1541 1
1536 1541 1
1537 1541 1
1538 1541 1
1539 1541 1
1540 1541 1
34 1542 1
204 1542 1
352 1542 1
1543 1542 1
1544 1542 1
34 1543 1
204 1543 1
352 1543 1
1542 1543 1
1544 1543 1
34 1544 1
204 1544 1
352 1544 1
1542 1544 1
1543 1544 1
69 1545 1
1546 1545 1
1547 1545 1
69 1546 1
1545 1546 1
1547 1546 1
69 1547 1
1545 1547 1
1546 1547 1
384 1548 1
426 1548 1
428 1548 1
1550 1549 1
1551 1549 1
1549 1550 1
1551 1550 1
1549 1551 1
1550 1551 1
97 1552 1
267 1552 1
1553 1552 1
1554 1552 1
1555 1552 1
97 1553 1
267 1553 1
1552 1553 1
1554 1553 1
1555 1553 1
97 1554 1
267 1554 1
1552 1554 1
1553 1554 1
1555 1554 1
97 1555 1
267 1555 1
1552 1555 1
1553 1555 1
1554 1555 1
287 1556 1
1557 1556 1
1558 1556 1
287 1557 1
1556 1557 1
1558 1557 1
287 1558 1
1556 1558 1
1557 1558 1
198 1559 1
346 1560 1
1561 1560 1
346 1561 1
1560 1561 1
1449 1562 1
1563 1562 1
1449 1563 1
1562 1563 1
426 1564 1
427 1564 1
429 1564 1
430 1564 1
585 1565 1
632 1565 1
1418 1565 1
503 1566 1
504 1566 1
347 1567 1
1568 1567 1
347 1568 1
1567 1568 1
