7 1 1
121 1 1
150 1 2
152 1 1
307 1 1
343 1 1
344 1 1
370 1 1
566 1 1
567 1 1
78 2 1
88 2 1
145 2 1
176 2 1
214 2 1
228 2 1
267 2 1
268 2 1
269 2 1
270 2 1
271 2 1
435 2 2
436 2 1
437 2 2
502 2 2
553 2 1
876 2 1
877 2 1
878 2 1
879 2 1
54 3 1
206 4 1
207 4 1
115 5 1
894 6 1
1 7 1
121 7 1
150 7 1
307 7 1
370 7 1
566 7 1
567 7 1
94 8 1
104 9 2
337 9 1
15 10 1
177 10 1
233 10 1
893 10 1
484 11 1
485 11 1
116 12 1
117 12 1
602 12 1
603 12 1
121 13 4
133 13 1
134 13 1
279 13 1
280 13 1
566 13 1
724 13 2
725 13 2
844 13 1
886 13 1
23 14 1
296 14 1
297 14 1
298 14 1
10 15 1
177 15 1
233 15 1
893 15 1
312 16 1
313 16 1
314 16 1
822 16 1
823 16 1
824 16 1
20 17 1
863 17 1
864 17 1
865 17 1
421 18 1
422 18 1
423 18 1
530 19 1
531 19 1
17 20 1
863 20 1
864 20 1
865 20 1
22 21 1
21 22 1
14 23 1
296 23 1
297 23 1
298 23 1
41 24 1
889 25 1
890 25 1
891 25 1
45 26 1
515 26 1
150 27 1
432 27 1
333 28 1
334 28 1
78 29 2
150 29 1
281 29 2
335 29 1
869 29 1
102 30 2
416 30 1
417 30 2
38 31 1
132 31 1
133 31 1
573 31 1
574 31 1
575 31 1
33 32 1
612 32 1
32 33 1
612 33 1
41 34 1
747 34 1
80 35 1
186 36 1
229 36 1
489 36 2
584 36 1
585 36 1
654 36 1
655 36 1
659 36 1
39 37 1
48 37 1
114 37 2
137 37 2
398 37 1
399 37 1
400 37 1
401 37 1
31 38 1
37 39 1
48 39 1
114 39 1
137 39 1
398 39 1
399 39 1
400 39 1
401 39 1
352 40 2
24 41 1
34 41 1
104 41 1
132 41 2
292 41 1
293 41 1
542 41 1
747 41 1
774 41 1
126 42 1
127 42 1
128 42 1
129 42 1
154 43 1
155 43 1
156 43 1
179 44 1
181 44 1
26 45 1
88 45 1
515 45 1
52 46 1
133 46 1
150 46 1
175 46 1
253 46 1
258 46 3
259 46 1
272 46 4
317 46 3
325 46 1
326 46 1
343 46 1
363 46 2
373 46 1
402 46 1
403 46 2
604 46 1
605 46 1
606 46 1
607 46 1
609 46 1
673 46 1
705 46 1
706 46 1
692 47 2
37 48 1
39 48 1
114 48 1
137 48 1
398 48 1
399 48 1
400 48 1
401 48 1
288 49 1
289 49 1
109 50 1
112 50 1
727 50 1
100 51 1
133 51 1
220 51 1
246 51 1
385 51 2
387 51 1
388 51 1
389 51 1
390 51 1
391 51 1
392 51 1
393 51 1
394 51 1
46 52 1
86 52 1
138 52 1
258 52 2
272 52 1
311 52 2
338 52 3
339 52 1
340 52 1
636 52 1
782 52 1
783 52 1
873 52 1
874 52 1
167 53 1
214 53 1
224 53 1
226 53 1
610 53 1
611 53 1
3 54 1
69 55 1
159 55 1
225 55 1
285 55 1
364 55 2
680 55 1
681 55 1
764 55 1
789 55 1
839 55 1
840 55 1
841 55 1
842 55 1
843 55 1
57 56 1
58 56 1
558 56 1
559 56 1
56 57 1
58 57 1
558 57 1
559 57 1
56 58 1
57 58 1
558 58 1
559 58 1
276 59 1
809 60 1
756 61 1
916 61 1
89 62 4
176 62 2
178 62 1
215 62 1
251 62 3
257 62 1
282 62 1
347 62 1
348 62 2
349 62 2
532 62 1
825 62 1
826 62 1
903 63 1
904 63 1
905 63 1
906 63 1
194 64 2
551 64 2
552 64 1
601 64 1
699 65 1
700 65 1
690 66 1
691 66 1
97 67 1
98 67 1
100 67 1
253 67 1
887 67 1
645 68 1
646 68 1
722 68 1
55 69 1
225 69 1
285 69 1
364 69 1
764 69 1
839 69 1
840 69 1
841 69 1
842 69 1
843 69 1
88 70 1
102 70 1
133 70 1
167 70 1
214 70 1
256 70 1
341 70 1
466 70 1
629 70 1
630 70 1
704 70 1
729 70 2
760 70 1
761 70 1
778 70 1
815 70 1
816 70 1
888 70 1
150 71 1
157 71 2
214 71 1
473 71 1
521 71 1
836 71 1
854 71 1
102 72 1
103 72 1
480 72 1
85 73 2
174 73 1
180 73 2
183 73 1
787 73 1
133 74 1
573 74 1
658 74 1
165 75 1
691 76 1
810 76 1
78 77 4
259 77 3
260 77 3
2 78 1
29 78 2
77 78 4
88 78 1
121 78 2
145 78 1
150 78 4
153 78 2
176 78 1
214 78 1
228 78 1
259 78 3
260 78 3
267 78 3
268 78 1
269 78 2
270 78 1
271 78 1
280 78 1
281 78 2
346 78 3
351 78 1
474 78 1
568 78 1
622 78 1
723 78 2
725 78 1
750 78 1
751 78 1
786 78 1
821 78 1
837 78 1
838 78 1
869 78 1
870 78 1
871 78 1
872 78 1
569 79 1
775 79 1
907 79 1
35 80 1
82 81 1
95 81 1
163 81 1
420 81 2
517 81 1
556 81 1
671 81 1
672 81 1
81 82 1
95 82 1
163 82 1
92 83 1
533 83 1
86 84 1
780 84 1
781 84 1
782 84 1
783 84 1
73 85 2
149 85 2
174 85 1
180 85 2
183 85 1
748 85 2
787 85 1
892 85 1
52 86 1
84 86 1
780 86 1
781 86 1
782 86 2
783 86 2
193 87 1
222 87 2
230 87 1
231 87 1
526 87 3
527 87 4
528 87 2
534 87 1
762 87 2
763 87 2
2 88 1
45 88 1
70 88 1
78 88 1
133 88 1
145 88 1
167 88 1
176 88 1
212 88 1
214 88 2
228 88 1
256 88 1
267 88 1
268 88 1
269 88 1
270 88 1
271 88 1
466 88 1
576 88 2
629 88 1
630 88 1
62 89 4
148 89 1
173 89 1
178 89 1
251 89 3
258 89 1
347 89 1
348 89 3
349 89 2
376 89 1
532 89 1
586 89 1
714 89 1
825 89 1
826 89 1
101 90 2
160 91 1
83 92 1
533 92 1
488 93 1
8 94 1
261 94 2
336 94 1
357 94 1
633 94 2
634 94 1
635 94 1
713 94 1
81 95 1
82 95 1
163 95 1
168 95 2
187 95 1
188 95 1
100 96 1
102 96 1
167 96 1
191 96 2
195 96 1
202 96 1
213 96 3
216 96 3
234 96 2
243 96 1
244 96 1
245 96 1
260 96 1
449 96 1
554 96 1
660 96 1
691 96 1
850 96 1
67 97 1
98 97 1
100 97 1
253 97 1
887 97 1
67 98 1
97 98 1
100 98 4
140 98 1
253 98 1
268 98 3
457 98 3
730 98 2
731 98 2
732 98 2
733 98 1
734 98 1
735 98 1
743 98 2
744 98 1
790 98 1
791 98 1
795 98 1
796 98 1
887 98 1
100 99 1
342 99 1
426 99 1
615 99 1
51 100 1
67 100 1
96 100 1
97 100 1
98 100 4
99 100 1
133 100 1
140 100 2
167 100 1
252 100 4
253 100 2
268 100 1
342 100 3
359 100 1
385 100 1
395 100 2
426 100 2
427 100 1
428 100 1
457 100 1
615 100 1
691 100 1
730 100 2
731 100 2
732 100 2
733 100 1
734 100 1
735 100 1
743 100 2
744 100 3
790 100 1
791 100 1
792 100 1
795 100 1
796 100 1
887 100 1
90 101 2
30 102 2
70 102 1
72 102 1
96 102 1
103 102 1
213 102 1
341 102 1
416 102 1
417 102 2
480 102 1
660 102 1
72 103 1
102 103 1
480 103 1
9 104 2
41 104 1
124 104 2
125 104 1
132 104 2
133 104 2
144 104 1
337 104 1
366 104 1
465 104 1
542 104 1
620 104 1
621 104 1
625 104 1
169 105 2
316 105 2
524 105 1
718 106 1
728 106 1
547 107 1
548 107 1
133 108 1
144 108 1
50 109 1
112 109 1
727 109 1
776 110 1
637 111 1
638 111 1
639 111 1
640 111 1
50 112 1
109 112 1
727 112 1
900 113 1
37 114 2
39 114 1
48 114 1
119 114 1
137 114 2
270 114 3
398 114 4
399 114 4
400 114 1
401 114 1
497 114 1
498 114 2
499 114 2
500 114 2
501 114 2
701 114 1
702 114 1
848 114 1
849 114 1
880 114 1
881 114 1
882 114 1
5 115 1
12 116 1
117 116 1
602 116 1
603 116 1
12 117 1
116 117 1
602 117 1
603 117 1
740 118 1
741 118 1
742 118 1
114 119 1
398 119 1
880 119 1
881 119 1
882 119 1
121 120 1
122 120 1
123 120 1
1 121 1
7 121 1
13 121 4
78 121 2
120 121 1
134 121 2
150 121 1
258 121 1
279 121 2
280 121 2
307 121 1
309 121 1
346 121 1
360 121 1
361 121 1
362 121 1
370 121 1
380 121 1
381 121 1
382 121 1
469 121 1
470 121 1
471 121 1
566 121 3
567 121 1
622 121 2
623 121 1
724 121 2
725 121 2
886 121 1
120 122 1
123 122 1
120 123 1
122 123 1
104 124 2
125 124 1
132 124 1
133 124 1
144 124 1
625 124 1
104 125 1
124 125 1
132 125 1
144 125 1
595 125 1
625 125 1
42 126 1
127 126 2
128 126 2
129 126 1
130 126 1
884 126 1
885 126 1
42 127 1
126 127 2
128 127 2
129 127 1
130 127 1
135 127 1
136 127 1
288 127 1
418 127 1
419 127 1
777 127 1
778 127 1
779 127 1
884 127 1
885 127 1
42 128 1
126 128 2
127 128 2
129 128 1
130 128 1
884 128 1
885 128 1
42 129 1
126 129 1
127 129 1
128 129 1
126 130 1
127 130 1
128 130 1
884 130 1
885 130 1
284 131 3
805 131 1
806 131 1
807 131 1
808 131 1
31 132 1
41 132 2
104 132 2
124 132 1
125 132 1
133 132 1
144 132 1
292 132 1
293 132 1
465 132 1
573 132 1
574 132 1
575 132 1
625 132 1
774 132 1
13 133 1
31 133 1
46 133 1
51 133 1
70 133 1
74 133 1
88 133 1
100 133 1
104 133 2
108 133 1
124 133 1
132 133 1
144 133 1
167 133 1
214 133 1
256 133 1
365 133 1
385 133 1
466 133 1
573 133 2
574 133 1
575 133 1
620 133 1
621 133 1
629 133 1
630 133 1
658 133 1
844 133 1
13 134 1
121 134 2
279 134 2
280 134 1
469 134 1
470 134 1
471 134 1
127 135 1
136 135 1
418 135 1
419 135 1
127 136 1
135 136 1
418 136 1
419 136 1
37 137 2
39 137 1
48 137 1
114 137 2
398 137 1
399 137 1
400 137 1
401 137 1
52 138 1
338 138 1
339 138 1
340 138 1
307 139 1
424 139 1
425 139 1
98 140 1
100 140 2
268 140 1
457 140 1
738 140 1
743 140 2
744 140 2
795 140 1
796 140 1
142 141 1
518 141 1
519 141 1
141 142 1
406 142 1
407 142 1
518 142 1
519 142 1
543 143 1
544 143 1
545 143 1
104 144 1
108 144 1
124 144 1
125 144 1
132 144 1
133 144 1
625 144 1
2 145 1
78 145 1
88 145 1
176 145 1
214 145 1
228 145 1
267 145 1
268 145 1
269 145 1
270 145 1
271 145 1
147 146 1
146 147 1
261 147 1
262 147 1
89 148 1
173 148 1
348 148 1
586 148 1
85 149 2
748 149 2
892 149 1
1 150 2
7 150 1
27 150 1
29 150 1
46 150 1
71 150 1
78 150 4
121 150 1
152 150 1
172 150 1
176 150 1
214 150 1
215 150 1
249 150 1
267 150 3
269 150 1
306 150 1
307 150 3
317 150 1
335 150 1
343 150 1
344 150 1
346 150 5
350 150 2
351 150 2
367 150 1
369 150 2
370 150 3
402 150 1
403 150 1
432 150 1
461 150 1
462 150 1
474 150 2
536 150 2
537 150 1
538 150 1
549 150 2
550 150 2
566 150 1
567 150 2
568 150 1
624 150 1
647 150 1
648 150 1
649 150 1
650 150 1
651 150 1
828 150 1
837 150 1
838 150 1
288 151 1
429 151 1
430 151 1
431 151 1
1 152 1
150 152 1
343 152 1
344 152 1
78 153 2
723 153 2
786 153 1
43 154 1
155 154 1
156 154 1
43 155 1
154 155 1
156 155 1
43 156 1
154 156 1
155 156 1
71 157 2
521 157 1
836 157 1
295 158 1
55 159 1
680 159 1
681 159 1
789 159 1
91 160 1
170 161 1
189 161 1
203 161 1
238 161 1
569 162 1
570 162 1
571 162 1
572 162 1
81 163 1
82 163 1
95 163 1
241 163 1
242 163 1
191 164 2
75 165 1
247 166 1
248 166 1
520 166 1
788 166 1
53 167 1
70 167 1
88 167 1
96 167 1
100 167 1
133 167 1
214 167 5
224 167 1
226 167 1
227 167 1
228 167 1
256 167 3
408 167 1
448 167 1
466 167 3
610 167 1
611 167 1
614 167 1
629 167 1
630 167 1
691 167 1
707 167 1
721 167 1
749 167 1
95 168 2
105 169 2
298 169 1
315 169 3
316 169 6
524 169 3
797 169 3
161 170 1
189 170 1
203 170 1
238 170 1
221 171 1
562 171 1
563 171 1
150 172 1
267 172 1
474 172 1
89 173 1
148 173 1
348 173 1
586 173 1
73 174 1
85 174 1
180 174 1
183 174 1
787 174 1
46 175 1
259 175 1
373 175 1
403 175 1
604 175 1
605 175 1
606 175 1
607 175 1
2 176 1
62 176 2
78 176 1
88 176 1
145 176 1
150 176 1
214 176 1
215 176 6
217 176 2
219 176 1
228 176 1
257 176 4
267 176 1
268 176 1
269 176 1
270 176 1
271 176 1
282 176 2
283 176 1
303 176 1
304 176 1
345 176 1
555 176 1
624 176 1
10 177 1
15 177 1
233 177 1
893 177 1
62 178 1
89 178 1
348 178 1
825 178 1
826 178 1
44 179 1
181 179 1
73 180 2
85 180 2
174 180 1
183 180 1
787 180 1
44 181 1
179 181 1
734 182 1
744 182 1
917 182 1
918 182 1
919 182 1
73 183 1
85 183 1
174 183 1
180 183 1
787 183 1
613 184 1
373 185 2
374 185 2
375 185 1
36 186 1
229 186 1
516 186 1
95 187 1
188 187 1
95 188 1
187 188 1
161 189 1
170 189 1
203 189 1
238 189 1
191 190 1
96 191 2
164 191 2
190 191 1
195 191 1
260 191 1
449 191 1
883 192 1
87 193 1
222 193 1
527 193 1
64 194 2
551 194 1
601 194 1
96 195 1
191 195 1
196 195 1
214 195 1
225 195 1
344 195 1
346 195 1
350 195 1
361 195 1
408 195 1
409 195 1
410 195 1
449 195 1
472 195 1
557 195 1
590 195 1
591 195 1
592 195 1
195 196 1
214 196 1
225 196 1
408 196 1
409 196 1
410 196 1
596 196 1
597 196 1
598 196 1
737 197 1
199 198 2
200 198 3
204 198 1
205 198 1
223 198 1
239 198 1
240 198 1
250 198 1
198 199 2
204 199 3
205 199 1
223 199 1
250 199 1
757 199 1
758 199 1
759 199 1
198 200 3
239 200 1
240 200 1
587 201 1
588 201 1
589 201 1
96 202 1
554 202 1
161 203 1
170 203 1
189 203 1
238 203 1
198 204 1
199 204 3
205 204 1
757 204 1
758 204 1
759 204 1
198 205 1
199 205 1
204 205 1
4 206 1
207 206 1
4 207 1
206 207 1
209 208 1
210 208 1
211 208 1
666 208 1
208 209 1
210 209 1
211 209 1
666 209 1
208 210 1
209 210 1
211 210 1
666 210 1
208 211 1
209 211 1
210 211 1
666 211 1
88 212 1
96 213 3
102 213 1
216 213 2
660 213 1
2 214 1
53 214 1
70 214 1
71 214 1
78 214 1
88 214 2
133 214 1
145 214 1
150 214 1
167 214 5
176 214 1
195 214 1
196 214 1
224 214 4
225 214 4
226 214 3
227 214 6
228 214 7
255 214 1
256 214 3
267 214 1
268 214 1
269 214 1
270 214 1
271 214 1
318 214 2
319 214 1
320 214 1
321 214 1
322 214 1
323 214 1
324 214 1
408 214 2
409 214 1
410 214 1
448 214 3
466 214 3
610 214 2
611 214 1
629 214 1
630 214 1
670 214 1
703 214 2
62 215 1
150 215 1
176 215 6
217 215 1
257 215 4
624 215 1
96 216 3
213 216 2
234 216 1
850 216 1
176 217 2
215 217 1
715 218 1
716 218 1
717 218 1
176 219 1
51 220 1
246 220 1
385 220 1
387 220 1
388 220 1
389 220 1
390 220 1
391 220 1
392 220 1
393 220 1
394 220 1
171 221 1
562 221 1
563 221 1
87 222 2
193 222 1
527 222 2
534 222 1
198 223 1
199 223 1
250 223 1
53 224 1
167 224 1
214 224 4
225 224 2
226 224 3
227 224 2
228 224 2
610 224 1
611 224 1
55 225 1
69 225 1
195 225 1
196 225 1
214 225 4
224 225 2
226 225 1
227 225 2
228 225 2
285 225 1
364 225 1
408 225 1
409 225 1
410 225 1
764 225 1
839 225 1
840 225 1
841 225 1
842 225 1
843 225 1
53 226 1
167 226 1
214 226 3
224 226 3
225 226 1
227 226 1
228 226 1
610 226 1
611 226 1
167 227 1
214 227 6
224 227 2
225 227 2
226 227 1
228 227 6
448 227 2
466 227 1
703 227 2
829 227 1
2 228 1
78 228 1
88 228 1
145 228 1
167 228 1
176 228 1
214 228 7
224 228 2
225 228 2
226 228 1
227 228 6
267 228 1
268 228 1
269 228 1
270 228 1
271 228 1
448 228 2
466 228 1
703 228 2
36 229 1
186 229 1
87 230 1
231 230 1
527 230 1
528 230 1
87 231 1
230 231 1
527 231 1
528 231 1
236 232 1
260 232 1
529 232 1
10 233 1
15 233 1
177 233 1
893 233 1
96 234 2
216 234 1
850 234 1
236 235 1
472 235 1
232 236 1
235 236 1
260 236 1
358 236 1
472 236 1
525 236 1
539 236 2
642 236 1
315 237 1
506 237 1
161 238 1
170 238 1
189 238 1
203 238 1
198 239 1
200 239 1
240 239 1
198 240 1
200 240 1
239 240 1
163 241 1
242 241 1
163 242 1
241 242 1
96 243 1
244 243 1
245 243 1
96 244 1
243 244 1
245 244 1
96 245 1
243 245 1
244 245 1
51 246 1
220 246 1
385 246 1
387 246 1
388 246 1
389 246 1
390 246 1
391 246 1
392 246 1
393 246 1
394 246 1
166 247 1
248 247 1
166 248 1
247 248 1
150 249 1
306 249 1
307 249 1
354 249 1
355 249 1
356 249 1
367 249 1
370 249 1
536 249 1
537 249 1
538 249 1
549 249 1
550 249 1
567 249 1
647 249 1
648 249 1
649 249 1
650 249 1
651 249 1
198 250 1
199 250 1
223 250 1
62 251 3
89 251 3
347 251 1
348 251 1
349 251 2
532 251 1
100 252 4
253 252 1
254 252 1
255 252 1
256 252 1
359 252 1
395 252 1
426 252 1
427 252 1
428 252 1
792 252 1
914 252 1
915 252 1
46 253 1
67 253 1
97 253 1
98 253 1
100 253 2
252 253 1
254 253 1
255 253 1
256 253 1
325 253 1
326 253 1
395 253 1
455 253 1
456 253 1
887 253 1
912 253 1
913 253 1
252 254 1
253 254 1
255 254 1
256 254 1
214 255 1
252 255 1
253 255 1
254 255 1
256 255 1
408 255 1
70 256 1
88 256 1
133 256 1
167 256 3
214 256 3
252 256 1
253 256 1
254 256 1
255 256 1
466 256 2
629 256 1
630 256 1
62 257 1
176 257 4
215 257 4
46 258 3
52 258 2
89 258 1
121 258 1
272 258 1
376 258 1
380 258 1
381 258 1
382 258 1
673 258 1
714 258 1
873 258 1
874 258 1
46 259 1
77 259 3
78 259 3
175 259 1
260 259 3
373 259 1
403 259 1
604 259 1
605 259 1
606 259 1
607 259 1
77 260 3
78 260 3
96 260 1
191 260 1
232 260 1
236 260 1
259 260 3
309 260 1
346 260 1
827 260 1
94 261 2
147 261 1
262 261 1
633 261 2
634 261 1
635 261 1
147 262 1
261 262 1
264 263 1
514 263 1
908 263 1
263 264 1
266 265 1
265 266 1
296 266 1
298 266 2
641 266 1
2 267 1
78 267 3
88 267 1
145 267 1
150 267 3
172 267 1
176 267 1
214 267 1
228 267 1
268 267 1
269 267 1
270 267 1
271 267 1
346 267 2
474 267 1
568 267 1
2 268 1
78 268 1
88 268 1
98 268 3
100 268 1
140 268 1
145 268 1
176 268 1
214 268 1
228 268 1
267 268 1
269 268 1
270 268 1
271 268 1
359 268 1
395 268 2
396 268 2
397 268 2
457 268 5
458 268 4
459 268 3
460 268 2
643 268 2
644 268 2
688 268 1
689 268 1
743 268 2
744 268 1
795 268 1
796 268 1
2 269 1
78 269 2
88 269 1
145 269 1
150 269 1
176 269 1
214 269 1
228 269 1
267 269 1
268 269 1
270 269 1
271 269 1
364 269 1
438 269 1
439 269 1
440 269 1
441 269 1
442 269 1
443 269 1
444 269 1
445 269 1
446 269 1
447 269 1
474 269 1
804 269 1
837 269 1
838 269 1
2 270 1
78 270 1
88 270 1
114 270 3
145 270 1
176 270 1
214 270 1
228 270 1
267 270 1
268 270 1
269 270 1
271 270 1
399 270 3
497 270 1
498 270 2
499 270 2
500 270 2
501 270 2
701 270 1
702 270 1
2 271 1
78 271 1
88 271 1
145 271 1
176 271 1
214 271 1
228 271 1
267 271 1
268 271 1
269 271 1
270 271 1
46 272 4
52 272 1
258 272 1
274 273 1
275 273 1
273 274 1
275 274 1
273 275 1
274 275 1
59 276 1
278 277 1
379 277 1
277 278 1
13 279 1
121 279 2
134 279 2
280 279 1
469 279 1
470 279 1
471 279 1
13 280 1
78 280 1
121 280 2
134 280 1
279 280 1
622 280 1
29 281 2
78 281 2
869 281 1
62 282 1
176 282 2
283 282 1
176 283 1
282 283 1
131 284 3
805 284 1
806 284 1
807 284 1
808 284 1
55 285 1
69 285 1
225 285 1
286 285 1
287 285 1
364 285 1
608 285 1
740 285 1
764 285 2
839 285 1
840 285 1
841 285 1
842 285 1
843 285 1
285 286 1
287 286 1
285 287 1
286 287 1
49 288 1
127 288 1
151 288 1
289 288 1
429 288 1
430 288 1
431 288 1
777 288 1
49 289 1
288 289 1
291 290 2
505 290 1
290 291 2
505 291 1
41 292 1
132 292 1
293 292 1
41 293 1
132 293 1
292 293 1
295 294 1
158 295 1
294 295 1
332 295 1
696 295 1
697 295 1
698 295 1
739 295 1
771 295 1
858 295 1
875 295 1
14 296 1
23 296 1
266 296 1
297 296 1
298 296 2
641 296 1
14 297 1
23 297 1
296 297 1
298 297 1
14 298 1
23 298 1
169 298 1
266 298 2
296 298 2
297 298 1
524 298 1
641 298 1
300 299 1
301 299 1
302 299 1
299 300 1
301 300 1
302 300 1
299 301 1
300 301 1
302 301 1
299 302 1
300 302 1
301 302 1
176 303 1
304 303 1
176 304 1
303 304 1
306 305 1
307 305 2
308 305 1
150 306 1
249 306 1
305 306 1
307 306 3
308 306 1
336 306 1
367 306 1
370 306 1
536 306 1
537 306 1
538 306 1
549 306 1
550 306 1
567 306 1
647 306 1
648 306 1
649 306 1
650 306 1
651 306 1
1 307 1
7 307 1
121 307 1
139 307 1
150 307 3
249 307 1
305 307 2
306 307 3
308 307 1
336 307 1
367 307 3
368 307 1
370 307 2
424 307 1
425 307 1
536 307 3
537 307 2
538 307 2
549 307 2
550 307 2
566 307 1
567 307 2
647 307 1
648 307 1
649 307 1
650 307 1
651 307 1
305 308 1
306 308 1
307 308 1
121 309 1
260 309 1
310 309 1
346 309 3
360 309 1
361 309 1
362 309 1
827 309 1
830 309 1
831 309 1
832 309 1
833 309 1
309 310 1
52 311 2
338 311 1
636 311 1
16 312 1
313 312 1
314 312 1
16 313 1
312 313 1
314 313 1
16 314 1
312 314 1
313 314 1
169 315 3
237 315 1
316 315 3
667 315 1
668 315 1
669 315 1
797 315 2
105 316 2
169 316 6
315 316 3
524 316 2
797 316 3
46 317 3
150 317 1
402 317 1
403 317 1
705 317 1
706 317 1
214 318 2
319 318 1
320 318 1
321 318 1
322 318 1
323 318 1
324 318 1
448 318 1
610 318 1
670 318 1
214 319 1
318 319 1
320 319 1
321 319 1
322 319 1
323 319 1
324 319 1
353 319 1
214 320 1
318 320 1
319 320 1
321 320 1
322 320 1
323 320 1
324 320 1
214 321 1
318 321 1
319 321 1
320 321 1
322 321 1
323 321 1
324 321 1
214 322 1
318 322 1
319 322 1
320 322 1
321 322 1
323 322 1
324 322 1
214 323 1
318 323 1
319 323 1
320 323 1
321 323 1
322 323 1
324 323 1
214 324 1
318 324 1
319 324 1
320 324 1
321 324 1
322 324 1
323 324 1
46 325 1
253 325 1
326 325 1
46 326 1
253 326 1
325 326 1
328 327 1
329 327 1
330 327 1
331 327 1
327 328 1
329 328 1
330 328 1
331 328 1
327 329 1
328 329 1
330 329 1
331 329 1
327 330 1
328 330 1
329 330 1
331 330 1
327 331 1
328 331 1
329 331 1
330 331 1
295 332 1
28 333 1
334 333 1
28 334 1
333 334 1
29 335 1
150 335 1
94 336 1
306 336 1
307 336 1
357 336 1
599 336 1
9 337 1
104 337 1
52 338 3
138 338 1
311 338 1
339 338 1
340 338 1
636 338 1
52 339 1
138 339 1
338 339 1
340 339 1
52 340 1
138 340 1
338 340 1
339 340 1
70 341 1
102 341 1
99 342 1
100 342 3
426 342 1
615 342 1
744 342 1
1 343 1
46 343 1
150 343 1
152 343 1
344 343 1
1 344 1
150 344 1
152 344 1
195 344 1
343 344 1
346 344 1
350 344 1
557 344 1
176 345 1
78 346 3
121 346 1
150 346 5
195 346 1
260 346 1
267 346 2
309 346 3
344 346 1
350 346 2
351 346 1
360 346 1
361 346 1
362 346 1
461 346 1
462 346 1
557 346 1
568 346 1
827 346 1
830 346 1
831 346 1
832 346 1
833 346 1
62 347 1
89 347 1
251 347 1
348 347 1
349 347 1
62 348 2
89 348 3
148 348 1
173 348 1
178 348 1
251 348 1
347 348 1
349 348 1
586 348 1
825 348 1
826 348 1
62 349 2
89 349 2
251 349 2
347 349 1
348 349 1
532 349 1
150 350 2
195 350 1
344 350 1
346 350 2
351 350 2
557 350 1
78 351 1
150 351 2
346 351 1
350 351 2
821 351 1
40 352 2
319 353 1
249 354 1
355 354 2
356 354 1
752 354 1
249 355 1
354 355 2
356 355 1
752 355 1
249 356 1
354 356 1
355 356 1
94 357 1
336 357 1
236 358 1
525 358 1
100 359 1
252 359 1
268 359 1
395 359 1
121 360 1
309 360 1
346 360 1
361 360 1
362 360 1
121 361 1
195 361 1
309 361 1
346 361 1
360 361 1
362 361 1
472 361 1
121 362 1
309 362 1
346 362 1
360 362 1
361 362 1
46 363 2
55 364 2
69 364 1
225 364 1
269 364 1
285 364 1
764 364 1
804 364 1
839 364 1
840 364 1
841 364 1
842 364 1
843 364 1
133 365 1
104 366 1
404 366 1
405 366 1
150 367 1
249 367 1
306 367 1
307 367 3
368 367 1
370 367 1
536 367 1
537 367 1
538 367 1
549 367 1
550 367 1
567 367 1
647 367 1
648 367 1
649 367 1
650 367 1
651 367 1
307 368 1
367 368 1
150 369 2
370 369 1
828 369 1
1 370 1
7 370 1
121 370 1
150 370 3
249 370 1
306 370 1
307 370 2
367 370 1
369 370 1
536 370 1
537 370 1
538 370 1
549 370 1
550 370 1
566 370 1
567 370 2
647 370 1
648 370 1
649 370 1
650 370 1
651 370 1
372 371 1
371 372 1
46 373 1
175 373 1
185 373 2
259 373 1
374 373 2
375 373 1
403 373 1
604 373 1
605 373 1
606 373 1
607 373 1
185 374 2
373 374 2
375 374 1
185 375 1
373 375 1
374 375 1
89 376 1
258 376 1
377 376 1
378 376 1
714 376 1
376 377 1
378 377 1
376 378 1
377 378 1
277 379 1
121 380 1
258 380 1
381 380 1
382 380 1
121 381 1
258 381 1
380 381 1
382 381 1
121 382 1
258 382 1
380 382 1
381 382 1
384 383 1
385 383 1
386 383 1
383 384 1
385 384 2
386 384 1
51 385 2
100 385 1
133 385 1
220 385 1
246 385 1
383 385 1
384 385 2
386 385 1
387 385 1
388 385 1
389 385 1
390 385 1
391 385 1
392 385 1
393 385 1
394 385 1
481 385 1
482 385 1
483 385 1
490 385 2
491 385 2
492 385 2
493 385 2
546 385 1
383 386 1
384 386 1
385 386 1
51 387 1
220 387 1
246 387 1
385 387 1
388 387 1
389 387 1
390 387 1
391 387 1
392 387 1
393 387 1
394 387 1
51 388 1
220 388 1
246 388 1
385 388 1
387 388 1
389 388 1
390 388 1
391 388 1
392 388 1
393 388 1
394 388 1
51 389 1
220 389 1
246 389 1
385 389 1
387 389 1
388 389 1
390 389 1
391 389 1
392 389 1
393 389 1
394 389 1
51 390 1
220 390 1
246 390 1
385 390 1
387 390 1
388 390 1
389 390 1
391 390 1
392 390 1
393 390 1
394 390 1
51 391 1
220 391 1
246 391 1
385 391 1
387 391 1
388 391 1
389 391 1
390 391 1
392 391 1
393 391 1
394 391 1
51 392 1
220 392 1
246 392 1
385 392 1
387 392 1
388 392 1
389 392 1
390 392 1
391 392 1
393 392 1
394 392 1
51 393 1
220 393 1
246 393 1
385 393 1
387 393 1
388 393 1
389 393 1
390 393 1
391 393 1
392 393 1
394 393 1
51 394 1
220 394 1
246 394 1
385 394 1
387 394 1
388 394 1
389 394 1
390 394 1
391 394 1
392 394 1
393 394 1
100 395 2
252 395 1
253 395 1
268 395 2
359 395 1
396 395 2
397 395 2
457 395 1
458 395 1
459 395 1
460 395 1
268 396 2
395 396 2
397 396 2
457 396 1
458 396 1
459 396 1
460 396 1
268 397 2
395 397 2
396 397 2
457 397 1
458 397 1
459 397 1
460 397 1
37 398 1
39 398 1
48 398 1
114 398 4
119 398 1
137 398 1
399 398 1
400 398 1
401 398 1
848 398 1
849 398 1
880 398 1
881 398 1
882 398 1
37 399 1
39 399 1
48 399 1
114 399 4
137 399 1
270 399 3
398 399 1
400 399 1
401 399 1
497 399 1
498 399 2
499 399 2
500 399 2
501 399 2
701 399 1
702 399 1
37 400 1
39 400 1
48 400 1
114 400 1
137 400 1
398 400 1
399 400 1
401 400 1
37 401 1
39 401 1
48 401 1
114 401 1
137 401 1
398 401 1
399 401 1
400 401 1
46 402 1
150 402 1
317 402 1
403 402 1
46 403 2
150 403 1
175 403 1
259 403 1
317 403 1
373 403 1
402 403 1
604 403 1
605 403 1
606 403 1
607 403 1
366 404 1
405 404 1
366 405 1
404 405 1
142 406 1
407 406 1
142 407 1
406 407 1
167 408 1
195 408 1
196 408 1
214 408 2
225 408 1
255 408 1
409 408 1
410 408 1
707 408 1
895 408 1
195 409 1
196 409 1
214 409 1
225 409 1
408 409 1
410 409 1
195 410 1
196 410 1
214 410 1
225 410 1
408 410 1
409 410 1
412 411 1
413 411 1
414 411 1
415 411 1
496 411 1
411 412 1
413 412 1
414 412 1
415 412 1
411 413 1
412 413 1
414 413 1
415 413 1
411 414 1
412 414 1
413 414 1
415 414 1
411 415 1
412 415 1
413 415 1
414 415 1
30 416 1
102 416 1
417 416 1
30 417 2
102 417 2
416 417 1
127 418 1
135 418 1
136 418 1
419 418 1
736 418 1
127 419 1
135 419 1
136 419 1
418 419 1
81 420 2
517 420 2
855 420 1
856 420 1
857 420 1
18 421 1
422 421 1
423 421 1
18 422 1
421 422 1
423 422 1
18 423 1
421 423 1
422 423 1
139 424 1
307 424 1
425 424 1
139 425 1
307 425 1
424 425 1
99 426 1
100 426 2
252 426 1
342 426 1
427 426 1
428 426 1
615 426 1
100 427 1
252 427 1
426 427 1
428 427 1
100 428 1
252 428 1
426 428 1
427 428 1
151 429 1
288 429 1
430 429 1
431 429 1
151 430 1
288 430 1
429 430 1
431 430 1
151 431 1
288 431 1
429 431 1
430 431 1
27 432 1
150 432 1
434 433 1
433 434 1
2 435 2
436 435 1
437 435 1
502 435 1
553 435 1
2 436 1
435 436 1
437 436 1
2 437 2
435 437 1
436 437 1
502 437 1
269 438 1
439 438 1
440 438 1
441 438 1
442 438 1
443 438 1
444 438 1
445 438 1
446 438 1
447 438 1
269 439 1
438 439 1
440 439 1
441 439 1
442 439 1
443 439 1
444 439 1
445 439 1
446 439 1
447 439 1
269 440 1
438 440 1
439 440 1
441 440 1
442 440 1
443 440 1
444 440 1
445 440 1
446 440 1
447 440 1
269 441 1
438 441 1
439 441 1
440 441 1
442 441 1
443 441 1
444 441 1
445 441 1
446 441 1
447 441 1
269 442 1
438 442 1
439 442 1
440 442 1
441 442 1
443 442 1
444 442 1
445 442 1
446 442 1
447 442 1
269 443 1
438 443 1
439 443 1
440 443 1
441 443 1
442 443 1
444 443 1
445 443 1
446 443 1
447 443 1
269 444 1
438 444 1
439 444 1
440 444 1
441 444 1
442 444 1
443 444 1
445 444 1
446 444 1
447 444 1
269 445 1
438 445 1
439 445 1
440 445 1
441 445 1
442 445 1
443 445 1
444 445 1
446 445 1
447 445 1
269 446 1
438 446 1
439 446 1
440 446 1
441 446 1
442 446 1
443 446 1
444 446 1
445 446 1
447 446 1
269 447 1
438 447 1
439 447 1
440 447 1
441 447 1
442 447 1
443 447 1
444 447 1
445 447 1
446 447 1
167 448 1
214 448 3
227 448 2
228 448 2
318 448 1
610 448 1
670 448 1
703 448 2
96 449 1
191 449 1
195 449 1
451 450 1
452 450 1
450 451 1
452 451 1
450 452 1
451 452 1
454 453 1
455 453 1
456 453 1
453 454 1
455 454 1
456 454 1
253 455 1
453 455 1
454 455 1
456 455 2
912 455 1
913 455 1
253 456 1
453 456 1
454 456 1
455 456 2
912 456 1
913 456 1
98 457 3
100 457 1
140 457 1
268 457 5
395 457 1
396 457 1
397 457 1
458 457 2
459 457 2
460 457 2
743 457 2
744 457 1
795 457 1
796 457 1
268 458 4
395 458 1
396 458 1
397 458 1
457 458 2
459 458 3
460 458 2
643 458 1
644 458 1
688 458 1
689 458 1
268 459 3
395 459 1
396 459 1
397 459 1
457 459 2
458 459 3
460 459 2
643 459 1
644 459 1
688 459 1
689 459 1
268 460 2
395 460 1
396 460 1
397 460 1
457 460 2
458 460 2
459 460 2
150 461 1
346 461 1
462 461 1
150 462 1
346 462 1
461 462 1
464 463 1
463 464 1
507 464 1
508 464 1
509 464 1
104 465 1
132 465 1
70 466 1
88 466 1
133 466 1
167 466 3
214 466 3
227 466 1
228 466 1
256 466 2
629 466 1
630 466 1
468 467 1
467 468 1
121 469 1
134 469 1
279 469 1
470 469 1
471 469 1
121 470 1
134 470 1
279 470 1
469 470 1
471 470 1
121 471 1
134 471 1
279 471 1
469 471 1
470 471 1
195 472 1
235 472 1
236 472 1
361 472 1
71 473 1
78 474 1
150 474 2
172 474 1
267 474 1
269 474 1
475 474 1
476 474 1
477 474 1
478 474 1
479 474 1
837 474 1
838 474 1
474 475 1
476 475 1
477 475 1
478 475 1
479 475 1
474 476 1
475 476 1
477 476 1
478 476 1
479 476 1
474 477 1
475 477 1
476 477 1
478 477 1
479 477 1
474 478 1
475 478 1
476 478 1
477 478 1
479 478 1
474 479 1
475 479 1
476 479 1
477 479 1
478 479 1
72 480 1
102 480 1
103 480 1
385 481 1
482 481 1
483 481 1
385 482 1
481 482 1
483 482 1
385 483 1
481 483 1
482 483 1
11 484 1
485 484 1
11 485 1
484 485 1
487 486 1
486 487 1
93 488 1
36 489 2
659 489 1
385 490 2
491 490 2
492 490 2
493 490 2
385 491 2
490 491 2
492 491 2
493 491 2
385 492 2
490 492 2
491 492 2
493 492 2
385 493 2
490 493 2
491 493 2
492 493 2
495 494 1
494 495 1
411 496 1
114 497 1
270 497 1
399 497 1
498 497 1
499 497 1
500 497 1
501 497 1
114 498 2
270 498 2
399 498 2
497 498 1
499 498 2
500 498 2
501 498 2
701 498 1
702 498 1
114 499 2
270 499 2
399 499 2
497 499 1
498 499 2
500 499 2
501 499 2
701 499 1
702 499 1
114 500 2
270 500 2
399 500 2
497 500 1
498 500 2
499 500 2
501 500 2
701 500 1
702 500 1
114 501 2
270 501 2
399 501 2
497 501 1
498 501 2
499 501 2
500 501 2
701 501 1
702 501 1
2 502 2
435 502 1
437 502 1
553 502 1
504 503 1
503 504 1
290 505 1
291 505 1
237 506 1
464 507 1
508 507 1
509 507 1
464 508 1
507 508 1
509 508 1
464 509 1
507 509 1
508 509 1
511 510 1
512 510 1
513 510 1
510 511 1
512 511 1
513 511 1
510 512 1
511 512 1
513 512 1
510 513 1
511 513 1
512 513 1
263 514 1
26 515 1
45 515 1
186 516 1
81 517 1
420 517 2
855 517 1
856 517 1
857 517 1
141 518 1
142 518 1
519 518 1
141 519 1
142 519 1
518 519 1
166 520 1
535 520 1
788 520 1
71 521 1
157 521 1
523 522 1
522 523 1
105 524 1
169 524 3
298 524 1
316 524 2
797 524 1
236 525 1
358 525 1
87 526 3
527 526 1
528 526 1
762 526 2
763 526 2
87 527 4
193 527 1
222 527 2
230 527 1
231 527 1
526 527 1
528 527 2
534 527 1
87 528 2
230 528 1
231 528 1
526 528 1
527 528 2
232 529 1
19 530 1
531 530 1
19 531 1
530 531 1
62 532 1
89 532 1
251 532 1
349 532 1
83 533 1
92 533 1
87 534 1
222 534 1
527 534 1
520 535 1
150 536 2
249 536 1
306 536 1
307 536 3
367 536 1
370 536 1
537 536 2
538 536 2
549 536 2
550 536 2
567 536 1
647 536 1
648 536 1
649 536 1
650 536 1
651 536 1
150 537 1
249 537 1
306 537 1
307 537 2
367 537 1
370 537 1
536 537 2
538 537 2
549 537 1
550 537 1
567 537 1
647 537 1
648 537 1
649 537 1
650 537 1
651 537 1
150 538 1
249 538 1
306 538 1
307 538 2
367 538 1
370 538 1
536 538 2
537 538 2
549 538 1
550 538 1
567 538 1
647 538 1
648 538 1
649 538 1
650 538 1
651 538 1
236 539 2
642 539 1
541 540 1
540 541 1
41 542 1
104 542 1
143 543 1
544 543 1
545 543 1
143 544 1
543 544 1
545 544 1
143 545 1
543 545 1
544 545 1
385 546 1
107 547 1
548 547 1
107 548 1
547 548 1
150 549 2
249 549 1
306 549 1
307 549 2
367 549 1
370 549 1
536 549 2
537 549 1
538 549 1
550 549 2
567 549 1
647 549 1
648 549 1
649 549 1
650 549 1
651 549 1
150 550 2
249 550 1
306 550 1
307 550 2
367 550 1
370 550 1
536 550 2
537 550 1
538 550 1
549 550 2
567 550 1
647 550 1
648 550 1
649 550 1
650 550 1
651 550 1
64 551 2
194 551 1
552 551 1
64 552 1
551 552 1
2 553 1
435 553 1
502 553 1
96 554 1
202 554 1
176 555 1
81 556 1
195 557 1
344 557 1
346 557 1
350 557 1
56 558 1
57 558 1
58 558 1
559 558 1
56 559 1
57 559 1
58 559 1
558 559 1
561 560 1
560 561 1
171 562 1
221 562 1
563 562 1
171 563 1
221 563 1
562 563 1
565 564 2
600 564 1
564 565 2
600 565 1
1 566 1
7 566 1
13 566 1
121 566 3
150 566 1
307 566 1
370 566 1
567 566 1
622 566 1
623 566 1
886 566 1
1 567 1
7 567 1
121 567 1
150 567 2
249 567 1
306 567 1
307 567 2
367 567 1
370 567 2
536 567 1
537 567 1
538 567 1
549 567 1
550 567 1
566 567 1
647 567 1
648 567 1
649 567 1
650 567 1
651 567 1
78 568 1
150 568 1
267 568 1
346 568 1
79 569 1
162 569 1
570 569 1
571 569 1
572 569 1
775 569 1
907 569 1
162 570 1
569 570 1
571 570 1
572 570 1
162 571 1
569 571 1
570 571 1
572 571 1
162 572 1
569 572 1
570 572 1
571 572 1
31 573 1
74 573 1
132 573 1
133 573 2
574 573 1
575 573 1
658 573 1
31 574 1
132 574 1
133 574 1
573 574 1
575 574 1
31 575 1
132 575 1
133 575 1
573 575 1
574 575 1
88 576 2
578 577 1
579 577 1
580 577 1
581 577 1
582 577 1
583 577 1
577 578 1
579 578 1
580 578 1
581 578 1
582 578 1
583 578 1
577 579 1
578 579 1
580 579 1
581 579 1
582 579 1
583 579 1
577 580 1
578 580 1
579 580 1
581 580 1
582 580 1
583 580 1
577 581 1
578 581 1
579 581 1
580 581 1
582 581 1
583 581 1
577 582 1
578 582 1
579 582 1
580 582 1
581 582 1
583 582 1
577 583 1
578 583 1
579 583 1
580 583 1
581 583 1
582 583 1
36 584 1
585 584 1
36 585 1
584 585 1
89 586 1
148 586 1
173 586 1
348 586 1
201 587 1
588 587 1
589 587 1
201 588 1
587 588 1
589 588 1
201 589 1
587 589 1
588 589 1
195 590 1
591 590 1
592 590 1
195 591 1
590 591 1
592 591 1
195 592 1
590 592 1
591 592 1
594 593 1
772 593 1
773 593 1
593 594 1
125 595 1
196 596 1
597 596 1
598 596 1
196 597 1
596 597 1
598 597 1
196 598 1
596 598 1
597 598 1
336 599 1
564 600 1
565 600 1
64 601 1
194 601 1
12 602 1
116 602 1
117 602 1
603 602 1
12 603 1
116 603 1
117 603 1
602 603 1
46 604 1
175 604 1
259 604 1
373 604 1
403 604 1
605 604 1
606 604 1
607 604 1
46 605 1
175 605 1
259 605 1
373 605 1
403 605 1
604 605 1
606 605 1
607 605 1
46 606 1
175 606 1
259 606 1
373 606 1
403 606 1
604 606 1
605 606 1
607 606 1
46 607 1
175 607 1
259 607 1
373 607 1
403 607 1
604 607 1
605 607 1
606 607 1
285 608 1
46 609 1
53 610 1
167 610 1
214 610 2
224 610 1
226 610 1
318 610 1
448 610 1
611 610 1
670 610 1
53 611 1
167 611 1
214 611 1
224 611 1
226 611 1
610 611 1
32 612 1
33 612 1
184 613 1
167 614 1
99 615 1
100 615 1
342 615 1
426 615 1
617 616 1
618 616 1
619 616 1
616 617 1
618 617 1
619 617 1
616 618 1
617 618 1
619 618 1
616 619 1
617 619 1
618 619 1
104 620 1
133 620 1
621 620 1
104 621 1
133 621 1
620 621 1
78 622 1
121 622 2
280 622 1
566 622 1
623 622 1
121 623 1
566 623 1
622 623 1
150 624 1
176 624 1
215 624 1
104 625 1
124 625 1
125 625 1
132 625 1
144 625 1
627 626 1
628 626 1
626 627 1
628 627 1
626 628 1
627 628 1
70 629 1
88 629 1
133 629 1
167 629 1
214 629 1
256 629 1
466 629 1
630 629 1
70 630 1
88 630 1
133 630 1
167 630 1
214 630 1
256 630 1
466 630 1
629 630 1
632 631 1
631 632 1
94 633 2
261 633 2
634 633 1
635 633 1
94 634 1
261 634 1
633 634 1
635 634 1
94 635 1
261 635 1
633 635 1
634 635 1
52 636 1
311 636 1
338 636 1
111 637 1
638 637 1
639 637 1
640 637 1
111 638 1
637 638 1
639 638 1
640 638 1
111 639 1
637 639 1
638 639 1
640 639 1
111 640 1
637 640 1
638 640 1
639 640 1
266 641 1
296 641 1
298 641 1
236 642 1
539 642 1
268 643 2
458 643 1
459 643 1
644 643 2
688 643 1
689 643 1
268 644 2
458 644 1
459 644 1
643 644 2
688 644 1
689 644 1
68 645 1
646 645 1
68 646 1
645 646 1
150 647 1
249 647 1
306 647 1
307 647 1
367 647 1
370 647 1
536 647 1
537 647 1
538 647 1
549 647 1
550 647 1
567 647 1
648 647 1
649 647 1
650 647 1
651 647 1
150 648 1
249 648 1
306 648 1
307 648 1
367 648 1
370 648 1
536 648 1
537 648 1
538 648 1
549 648 1
550 648 1
567 648 1
647 648 1
649 648 1
650 648 1
651 648 1
150 649 1
249 649 1
306 649 1
307 649 1
367 649 1
370 649 1
536 649 1
537 649 1
538 649 1
549 649 1
550 649 1
567 649 1
647 649 1
648 649 1
650 649 1
651 649 1
150 650 1
249 650 1
306 650 1
307 650 1
367 650 1
370 650 1
536 650 1
537 650 1
538 650 1
549 650 1
550 650 1
567 650 1
647 650 1
648 650 1
649 650 1
651 650 1
150 651 1
249 651 1
306 651 1
307 651 1
367 651 1
370 651 1
536 651 1
537 651 1
538 651 1
549 651 1
550 651 1
567 651 1
647 651 1
648 651 1
649 651 1
650 651 1
653 652 1
652 653 1
36 654 1
655 654 1
36 655 1
654 655 1
657 656 1
656 657 1
74 658 1
133 658 1
573 658 1
36 659 1
489 659 1
96 660 1
102 660 1
213 660 1
662 661 1
661 662 1
664 663 1
665 663 1
663 664 1
665 664 1
663 665 1
664 665 1
208 666 1
209 666 1
210 666 1
211 666 1
315 667 1
668 667 1
669 667 1
315 668 1
667 668 1
669 668 1
315 669 1
667 669 1
668 669 1
214 670 1
318 670 1
448 670 1
610 670 1
901 670 1
902 670 1
81 671 1
672 671 1
81 672 1
671 672 1
46 673 1
258 673 1
675 674 1
676 674 1
677 674 1
674 675 1
676 675 1
677 675 1
674 676 1
675 676 1
677 676 1
674 677 1
675 677 1
676 677 1
679 678 1
680 678 1
681 678 1
678 679 1
680 679 1
681 679 1
55 680 1
159 680 1
678 680 1
679 680 1
681 680 2
789 680 1
55 681 1
159 681 1
678 681 1
679 681 1
680 681 2
789 681 1
683 682 1
684 682 1
685 682 1
686 682 1
687 682 1
682 683 1
684 683 1
685 683 1
686 683 1
687 683 1
682 684 1
683 684 1
685 684 1
686 684 1
687 684 1
682 685 1
683 685 1
684 685 1
686 685 1
687 685 1
682 686 1
683 686 1
684 686 1
685 686 1
687 686 1
682 687 1
683 687 1
684 687 1
685 687 1
686 687 1
268 688 1
458 688 1
459 688 1
643 688 1
644 688 1
689 688 1
268 689 1
458 689 1
459 689 1
643 689 1
644 689 1
688 689 1
66 690 1
691 690 1
66 691 1
76 691 1
96 691 1
100 691 1
167 691 1
690 691 1
798 691 2
799 691 2
800 691 2
801 691 2
802 691 2
803 691 2
810 691 1
47 692 2
694 693 1
695 693 2
765 693 1
766 693 1
767 693 1
693 694 1
695 694 1
693 695 2
694 695 1
765 695 1
766 695 1
767 695 1
295 696 1
697 696 1
698 696 1
295 697 1
696 697 1
698 697 1
295 698 1
696 698 1
697 698 1
65 699 1
700 699 1
65 700 1
699 700 1
114 701 1
270 701 1
399 701 1
498 701 1
499 701 1
500 701 1
501 701 1
702 701 1
114 702 1
270 702 1
399 702 1
498 702 1
499 702 1
500 702 1
501 702 1
701 702 1
214 703 2
227 703 2
228 703 2
448 703 2
70 704 1
726 704 1
778 704 3
784 704 2
785 704 2
834 704 1
835 704 1
888 704 1
46 705 1
317 705 1
706 705 1
46 706 1
317 706 1
705 706 1
167 707 1
408 707 1
709 708 1
710 708 1
711 708 1
712 708 1
708 709 1
710 709 1
711 709 1
712 709 1
708 710 1
709 710 1
711 710 1
712 710 1
708 711 1
709 711 1
710 711 1
712 711 1
708 712 1
709 712 1
710 712 1
711 712 1
94 713 1
89 714 1
258 714 1
376 714 1
218 715 1
716 715 1
717 715 1
218 716 1
715 716 1
717 716 1
218 717 1
715 717 1
716 717 1
106 718 1
720 719 1
719 720 1
167 721 1
68 722 1
78 723 2
153 723 2
786 723 1
13 724 2
121 724 2
725 724 2
13 725 2
78 725 1
121 725 2
724 725 2
750 725 1
751 725 1
704 726 1
50 727 1
109 727 1
112 727 1
106 728 1
70 729 2
760 729 1
761 729 1
98 730 2
100 730 2
731 730 2
732 730 2
733 730 1
734 730 1
735 730 1
790 730 1
791 730 1
98 731 2
100 731 2
730 731 2
732 731 2
733 731 1
734 731 1
735 731 1
790 731 1
791 731 1
98 732 2
100 732 2
730 732 2
731 732 2
733 732 1
734 732 1
735 732 1
790 732 1
791 732 1
98 733 1
100 733 1
730 733 1
731 733 1
732 733 1
734 733 1
735 733 1
98 734 1
100 734 1
182 734 1
730 734 1
731 734 1
732 734 1
733 734 1
735 734 1
744 734 1
917 734 1
918 734 1
919 734 1
98 735 1
100 735 1
730 735 1
731 735 1
732 735 1
733 735 1
734 735 1
418 736 1
197 737 1
140 738 1
295 739 1
118 740 1
285 740 1
741 740 1
742 740 1
764 740 1
118 741 1
740 741 1
742 741 1
118 742 1
740 742 1
741 742 1
98 743 2
100 743 2
140 743 2
268 743 2
457 743 2
744 743 2
795 743 1
796 743 1
98 744 1
100 744 3
140 744 2
182 744 1
268 744 1
342 744 1
457 744 1
734 744 1
743 744 2
795 744 1
796 744 1
917 744 1
918 744 1
919 744 1
746 745 1
745 746 1
34 747 1
41 747 1
85 748 2
149 748 2
892 748 1
167 749 1
78 750 1
725 750 1
751 750 1
78 751 1
725 751 1
750 751 1
354 752 1
355 752 1
754 753 1
755 753 1
753 754 1
755 754 1
753 755 1
754 755 1
61 756 1
916 756 1
199 757 1
204 757 1
758 757 1
759 757 1
199 758 1
204 758 1
757 758 1
759 758 1
199 759 1
204 759 1
757 759 1
758 759 1
70 760 1
729 760 1
761 760 1
70 761 1
729 761 1
760 761 1
87 762 2
526 762 2
763 762 2
87 763 2
526 763 2
762 763 2
55 764 1
69 764 1
225 764 1
285 764 2
364 764 1
740 764 1
839 764 1
840 764 1
841 764 1
842 764 1
843 764 1
693 765 1
695 765 1
766 765 1
767 765 1
693 766 1
695 766 1
765 766 1
767 766 1
693 767 1
695 767 1
765 767 1
766 767 1
769 768 1
770 768 1
768 769 1
770 769 1
768 770 1
769 770 1
295 771 1
593 772 1
773 772 1
593 773 1
772 773 1
898 773 1
899 773 1
41 774 1
132 774 1
79 775 1
569 775 1
907 775 1
110 776 1
127 777 1
288 777 1
70 778 1
127 778 1
704 778 3
779 778 1
784 778 1
785 778 1
834 778 1
835 778 1
888 778 1
127 779 1
778 779 1
84 780 1
86 780 1
781 780 1
782 780 1
783 780 1
84 781 1
86 781 1
780 781 1
782 781 1
783 781 1
52 782 1
84 782 1
86 782 2
780 782 1
781 782 1
783 782 2
52 783 1
84 783 1
86 783 2
780 783 1
781 783 1
782 783 2
704 784 2
778 784 1
785 784 1
704 785 2
778 785 1
784 785 1
78 786 1
153 786 1
723 786 1
73 787 1
85 787 1
174 787 1
180 787 1
183 787 1
166 788 1
520 788 1
55 789 1
159 789 1
680 789 1
681 789 1
98 790 1
100 790 1
730 790 1
731 790 1
732 790 1
791 790 1
98 791 1
100 791 1
730 791 1
731 791 1
732 791 1
790 791 1
100 792 1
252 792 1
794 793 1
793 794 1
98 795 1
100 795 1
140 795 1
268 795 1
457 795 1
743 795 1
744 795 1
796 795 1
98 796 1
100 796 1
140 796 1
268 796 1
457 796 1
743 796 1
744 796 1
795 796 1
169 797 3
315 797 2
316 797 3
524 797 1
691 798 2
799 798 2
800 798 2
801 798 2
802 798 2
803 798 2
691 799 2
798 799 2
800 799 2
801 799 2
802 799 2
803 799 2
691 800 2
798 800 2
799 800 2
801 800 2
802 800 2
803 800 2
691 801 2
798 801 2
799 801 2
800 801 2
802 801 2
803 801 2
691 802 2
798 802 2
799 802 2
800 802 2
801 802 2
803 802 2
691 803 2
798 803 2
799 803 2
800 803 2
801 803 2
802 803 2
269 804 1
364 804 1
131 805 1
284 805 1
806 805 1
807 805 1
808 805 1
131 806 1
284 806 1
805 806 1
807 806 1
808 806 1
131 807 1
284 807 1
805 807 1
806 807 1
808 807 1
131 808 1
284 808 1
805 808 1
806 808 1
807 808 1
60 809 1
76 810 1
691 810 1
812 811 1
813 811 1
814 811 1
811 812 1
813 812 1
814 812 1
811 813 1
812 813 1
814 813 1
811 814 1
812 814 1
813 814 1
70 815 1
816 815 1
70 816 1
815 816 1
818 817 1
817 818 1
820 819 1
819 820 1
78 821 1
351 821 1
16 822 1
823 822 1
824 822 1
16 823 1
822 823 1
824 823 1
16 824 1
822 824 1
823 824 1
62 825 1
89 825 1
178 825 1
348 825 1
826 825 1
62 826 1
89 826 1
178 826 1
348 826 1
825 826 1
260 827 1
309 827 1
346 827 1
150 828 1
369 828 1
227 829 1
309 830 1
346 830 1
831 830 1
832 830 1
833 830 1
309 831 1
346 831 1
830 831 1
832 831 1
833 831 1
309 832 1
346 832 1
830 832 1
831 832 1
833 832 1
309 833 1
346 833 1
830 833 1
831 833 1
832 833 1
704 834 1
778 834 1
835 834 1
704 835 1
778 835 1
834 835 1
71 836 1
157 836 1
78 837 1
150 837 1
269 837 1
474 837 1
838 837 1
78 838 1
150 838 1
269 838 1
474 838 1
837 838 1
55 839 1
69 839 1
225 839 1
285 839 1
364 839 1
764 839 1
840 839 1
841 839 1
842 839 1
843 839 1
55 840 1
69 840 1
225 840 1
285 840 1
364 840 1
764 840 1
839 840 1
841 840 1
842 840 1
843 840 1
55 841 1
69 841 1
225 841 1
285 841 1
364 841 1
764 841 1
839 841 1
840 841 1
842 841 1
843 841 1
55 842 1
69 842 1
225 842 1
285 842 1
364 842 1
764 842 1
839 842 1
840 842 1
841 842 1
843 842 1
55 843 1
69 843 1
225 843 1
285 843 1
364 843 1
764 843 1
839 843 1
840 843 1
841 843 1
842 843 1
13 844 1
133 844 1
846 845 1
847 845 1
845 846 1
847 846 1
845 847 1
846 847 1
114 848 1
398 848 1
849 848 1
114 849 1
398 849 1
848 849 1
96 850 1
216 850 1
234 850 1
852 851 1
853 851 1
851 852 1
853 852 1
851 853 1
852 853 1
71 854 1
420 855 1
517 855 1
856 855 1
857 855 1
420 856 1
517 856 1
855 856 1
857 856 1
420 857 1
517 857 1
855 857 1
856 857 1
295 858 1
860 859 1
859 860 1
862 861 1
861 862 1
17 863 1
20 863 1
864 863 1
865 863 1
17 864 1
20 864 1
863 864 1
865 864 1
17 865 1
20 865 1
863 865 1
864 865 1
867 866 1
868 866 1
866 867 1
868 867 1
866 868 1
867 868 1
29 869 1
78 869 1
281 869 1
78 870 1
871 870 1
872 870 1
78 871 1
870 871 1
872 871 1
78 872 1
870 872 1
871 872 1
52 873 1
258 873 1
874 873 1
52 874 1
258 874 1
873 874 1
295 875 1
2 876 1
877 876 1
878 876 1
879 876 1
2 877 1
876 877 1
878 877 1
879 877 1
2 878 1
876 878 1
877 878 1
879 878 1
2 879 1
876 879 1
877 879 1
878 879 1
114 880 1
119 880 1
398 880 1
881 880 1
882 880 1
114 881 1
119 881 1
398 881 1
880 881 1
882 881 1
114 882 1
119 882 1
398 882 1
880 882 1
881 882 1
192 883 1
126 884 1
127 884 1
128 884 1
130 884 1
885 884 1
126 885 1
127 885 1
128 885 1
130 885 1
884 885 1
13 886 1
121 886 1
566 886 1
67 887 1
97 887 1
98 887 1
100 887 1
253 887 1
70 888 1
704 888 1
778 888 1
25 889 1
890 889 1
891 889 1
25 890 1
889 890 1
891 890 1
25 891 1
889 891 1
890 891 1
85 892 1
149 892 1
748 892 1
10 893 1
15 893 1
177 893 1
233 893 1
6 894 1
408 895 1
897 896 1
896 897 1
773 898 1
899 898 1
773 899 1
898 899 1
113 900 1
670 901 1
902 901 1
670 902 1
901 902 1
63 903 1
904 903 1
905 903 1
906 903 1
63 904 1
903 904 1
905 904 1
906 904 1
63 905 1
903 905 1
904 905 1
906 905 1
63 906 1
903 906 1
904 906 1
905 906 1
79 907 1
569 907 1
775 907 1
263 908 1
910 909 1
911 909 1
909 910 1
911 910 1
909 911 1
910 911 1
253 912 1
455 912 1
456 912 1
913 912 1
253 913 1
455 913 1
456 913 1
912 913 1
252 914 1
915 914 1
252 915 1
914 915 1
61 916 1
756 916 1
182 917 1
734 917 1
744 917 1
918 917 1
919 917 1
182 918 1
734 918 1
744 918 1
917 918 1
919 918 1
182 919 1
734 919 1
744 919 1
917 919 1
918 919 1
