180 1 1
398 1 1
178 2 1
292 2 1
36 3 2
95 3 2
262 3 1
294 3 1
453 3 1
689 3 1
12 4 1
22 4 1
23 4 2
24 4 1
58 4 1
94 4 2
162 4 1
231 4 1
260 4 1
261 4 1
330 4 1
442 4 2
526 4 1
732 4 1
754 4 1
227 5 1
7 6 1
104 6 4
106 6 1
108 6 1
109 6 2
237 6 1
405 6 2
577 6 2
578 6 2
579 6 3
6 7 1
104 7 2
109 7 1
237 7 2
405 7 2
578 7 1
579 7 2
676 7 1
677 7 1
9 8 1
11 8 1
8 9 1
11 9 3
29 9 2
57 9 3
59 9 1
71 9 1
99 9 2
100 9 1
188 9 1
265 9 1
274 9 1
339 9 1
447 9 2
475 9 1
869 9 1
870 9 1
13 10 1
66 10 1
174 10 1
8 11 1
9 11 3
29 11 1
274 11 1
4 12 1
22 12 1
23 12 1
24 12 1
526 12 1
10 13 1
66 13 1
174 13 1
588 13 1
589 13 1
15 14 3
16 14 3
325 14 1
334 14 2
621 14 1
14 15 3
16 15 4
283 15 1
325 15 1
334 15 2
472 15 1
475 15 1
486 15 3
731 15 1
14 16 3
15 16 4
325 16 1
334 16 2
472 16 1
475 16 1
18 17 1
17 18 1
634 18 1
129 19 1
436 19 1
1082 19 1
282 20 1
62 21 1
69 21 1
4 22 1
12 22 1
23 22 1
24 22 1
526 22 1
4 23 2
12 23 1
22 23 1
24 23 1
330 23 1
526 23 1
754 23 1
4 24 1
12 24 1
22 24 1
23 24 1
526 24 1
26 25 1
27 25 4
39 25 1
68 25 1
452 25 1
461 25 2
463 25 1
1135 25 1
25 26 1
27 26 1
34 26 1
150 26 1
167 26 1
168 26 1
175 26 1
360 26 1
855 26 1
1135 26 1
25 27 4
26 27 1
39 27 1
67 27 1
68 27 1
417 27 1
452 27 1
461 27 2
463 27 1
1135 27 1
41 28 1
42 28 1
210 28 1
9 29 2
11 29 1
57 29 1
99 29 1
265 29 1
494 30 1
755 30 2
1181 30 1
144 31 1
145 31 1
33 32 1
32 33 1
53 33 2
101 33 2
738 33 2
26 34 1
371 35 1
399 35 1
1182 35 1
3 36 2
78 36 1
95 36 2
254 36 1
303 36 1
304 36 1
491 36 1
1136 36 1
1137 36 1
54 37 1
143 37 1
172 37 1
173 37 1
267 37 1
268 37 1
366 37 2
367 37 2
492 37 1
1018 37 1
1035 37 1
1036 37 1
1042 37 1
234 38 1
25 39 1
27 39 1
463 39 1
218 40 1
714 40 1
771 40 1
28 41 1
42 41 1
210 41 1
28 42 1
41 42 1
210 42 1
726 43 1
727 43 1
62 44 1
46 45 1
47 45 1
91 45 1
92 45 1
125 45 1
236 45 1
1087 45 1
45 46 1
47 46 1
91 46 1
92 46 1
125 46 1
236 46 1
1087 46 1
45 47 1
46 47 1
91 47 1
92 47 1
125 47 1
236 47 1
454 47 1
683 47 1
684 47 1
1087 47 1
51 48 1
55 49 3
280 49 1
51 50 1
52 50 1
623 50 1
48 51 1
50 51 1
52 51 1
623 51 1
50 52 1
51 52 1
623 52 1
33 53 2
101 53 2
738 53 2
1123 53 1
37 54 1
49 55 3
56 55 1
280 55 1
55 56 1
139 56 2
9 57 3
29 57 1
59 57 1
99 57 1
265 57 1
4 58 1
94 58 1
442 58 1
9 59 1
57 59 1
61 60 1
60 61 1
1037 61 1
1038 61 1
1039 61 1
21 62 1
44 62 1
69 62 1
273 62 1
64 63 1
63 64 1
103 64 1
199 64 1
221 64 1
666 64 1
682 64 1
218 65 2
543 65 1
714 65 1
715 65 1
10 66 1
13 66 1
174 66 1
27 67 1
177 67 1
181 67 1
417 67 1
1121 67 1
25 68 1
27 68 1
461 68 1
21 69 1
62 69 1
586 70 1
9 71 1
339 71 1
484 71 1
775 71 1
151 72 1
671 72 1
473 73 1
75 74 2
76 74 1
266 74 1
74 75 2
76 75 1
266 75 1
74 76 1
75 76 1
110 76 1
266 76 1
287 76 1
402 76 1
403 76 1
373 77 1
374 77 1
375 77 1
910 77 1
911 77 1
36 78 1
303 78 1
304 78 1
491 78 1
80 79 1
251 79 1
614 79 1
79 80 1
82 81 2
238 81 1
239 81 2
894 81 1
81 82 2
238 82 1
239 82 2
277 82 2
880 82 1
881 82 1
894 82 1
445 83 1
151 84 1
279 84 2
363 84 2
502 84 1
624 84 1
629 84 1
698 84 1
699 84 1
700 84 1
86 85 1
924 85 1
925 85 1
85 86 1
226 86 1
352 86 2
419 86 1
481 86 1
498 86 1
769 86 1
799 86 1
800 86 1
924 86 1
925 86 1
297 87 1
319 87 1
704 87 1
229 88 1
291 88 1
314 88 1
489 88 1
551 88 1
964 88 1
145 89 1
224 89 1
1160 90 1
1161 90 1
45 91 1
46 91 1
47 91 1
92 91 1
125 91 1
236 91 1
1087 91 1
45 92 1
46 92 1
47 92 1
91 92 1
93 92 1
125 92 1
236 92 1
1087 92 1
92 93 1
4 94 2
58 94 1
442 94 2
3 95 2
36 95 2
97 96 1
302 96 1
96 97 1
302 97 1
1089 98 1
1090 98 1
9 99 2
29 99 1
57 99 1
265 99 1
9 100 1
33 101 2
53 101 2
738 101 2
279 102 1
833 102 1
834 102 1
64 103 1
199 103 1
221 103 1
666 103 1
682 103 1
6 104 4
7 104 2
105 104 1
106 104 1
107 104 1
108 104 2
109 104 3
237 104 2
315 104 1
405 104 4
577 104 2
578 104 2
579 104 4
676 104 1
677 104 1
678 104 1
679 104 1
680 104 1
104 105 1
315 105 1
6 106 1
104 106 1
577 106 1
104 107 1
212 107 1
678 107 1
679 107 1
680 107 1
798 107 1
6 108 1
104 108 2
109 108 1
405 108 2
579 108 1
6 109 2
7 109 1
104 109 3
108 109 1
237 109 1
405 109 2
577 109 1
578 109 1
579 109 3
676 109 1
677 109 1
76 110 1
287 110 2
402 110 1
403 110 1
441 110 1
465 110 1
471 110 2
636 110 1
112 111 2
1051 111 2
111 112 2
1051 112 2
115 113 1
208 113 1
391 113 1
435 114 1
113 115 1
391 115 1
117 116 1
118 116 1
765 116 2
864 116 1
986 116 1
987 116 1
116 117 1
116 118 1
765 118 1
307 119 1
308 119 1
887 119 1
888 119 1
1021 120 1
1022 120 1
152 121 4
161 121 1
258 121 1
259 121 1
279 121 1
587 121 1
661 121 1
662 121 1
803 121 1
807 121 1
811 121 2
950 121 1
123 122 1
410 122 1
1155 122 1
122 123 1
140 123 1
410 123 1
1155 123 1
279 124 1
1043 124 1
45 125 1
46 125 1
47 125 1
91 125 1
92 125 1
236 125 1
1087 125 1
454 126 1
683 126 1
674 127 1
129 128 1
19 129 1
128 129 1
1082 129 1
131 130 1
132 130 1
728 130 1
130 131 1
132 131 1
728 131 1
130 132 1
131 132 1
728 132 1
783 133 1
137 134 1
136 135 1
138 135 1
846 135 1
135 136 1
138 136 2
171 136 1
651 136 1
846 136 1
134 137 1
135 138 1
136 138 2
171 138 1
651 138 1
846 138 1
56 139 2
327 139 1
1060 139 1
123 140 1
154 140 1
406 140 1
816 140 1
817 140 1
142 141 1
1108 141 1
141 142 1
1108 142 1
37 143 1
31 144 1
145 144 1
485 144 1
1109 144 1
31 145 1
89 145 1
144 145 1
224 145 1
147 146 1
146 147 1
620 147 1
298 148 2
309 148 2
344 148 1
353 148 1
446 148 1
501 148 1
758 148 1
762 148 1
170 149 1
26 150 1
167 150 1
168 150 1
360 150 1
855 150 1
72 151 1
84 151 1
279 151 1
502 151 1
629 151 1
121 152 4
153 152 2
279 152 1
803 152 1
807 152 1
811 152 2
152 153 2
140 154 1
351 154 1
406 154 1
156 155 1
276 155 1
155 156 1
158 157 1
163 157 1
157 158 1
163 158 1
345 159 1
346 159 1
415 159 1
518 159 1
295 160 1
296 160 1
1009 160 1
121 161 1
198 161 1
279 161 1
336 161 1
393 161 1
4 162 1
732 162 1
157 163 1
158 163 1
165 164 1
166 164 1
667 164 1
668 164 1
669 164 1
670 164 1
164 165 1
166 165 1
667 165 1
668 165 1
669 165 1
670 165 1
164 166 1
165 166 1
667 166 1
668 166 1
669 166 1
670 166 1
26 167 1
150 167 1
168 167 1
360 167 1
855 167 1
26 168 1
150 168 1
167 168 1
360 168 1
855 168 1
263 169 1
885 169 1
886 169 1
149 170 1
305 170 1
341 170 1
354 170 1
136 171 1
138 171 1
651 171 1
37 172 1
216 172 1
217 172 1
366 172 2
367 172 2
444 172 1
492 172 1
648 172 1
1042 172 1
37 173 1
10 174 1
13 174 1
66 174 1
26 175 1
359 176 2
368 176 1
67 177 1
181 177 1
2 178 1
292 178 1
239 179 1
326 179 1
1 180 1
67 181 1
177 181 1
600 182 1
537 183 1
538 183 1
185 184 1
186 184 1
201 184 1
844 184 1
845 184 1
184 185 1
201 185 1
184 186 1
844 186 1
845 186 1
264 187 1
286 187 1
9 188 1
447 188 2
539 188 1
540 188 1
190 189 1
189 190 1
931 191 1
932 191 1
1124 191 1
193 192 1
823 192 1
192 193 1
823 193 1
320 194 1
321 194 1
322 194 1
323 194 1
196 195 1
835 195 1
195 196 1
835 196 1
1114 197 1
1115 197 1
161 198 1
199 198 1
336 198 1
393 198 1
64 199 1
103 199 1
198 199 1
221 199 1
666 199 1
682 199 1
552 200 1
553 200 1
184 201 1
185 201 1
914 202 1
230 203 1
499 203 1
1148 203 1
1149 203 1
249 204 1
250 204 1
206 205 1
205 206 1
208 207 1
113 208 1
207 208 1
401 209 1
663 209 1
664 209 1
28 210 1
41 210 1
42 210 1
389 210 1
500 210 1
813 210 1
1044 210 1
212 211 1
107 212 1
211 212 1
227 212 1
251 212 1
533 212 2
665 212 1
666 212 1
764 212 1
958 212 1
214 213 1
213 214 1
432 215 1
1032 215 1
1033 215 1
1034 215 1
172 216 1
217 216 1
648 216 1
172 217 1
216 217 1
648 217 1
40 218 1
65 218 2
435 218 1
543 218 1
585 218 1
714 218 4
715 218 1
771 218 1
1075 218 1
462 219 1
1059 220 1
64 221 1
103 221 1
199 221 1
533 221 1
666 221 1
682 221 1
830 221 1
862 221 1
867 221 1
947 221 1
223 222 1
466 222 1
467 222 1
468 222 1
222 223 1
466 223 1
467 223 1
468 223 1
89 224 1
145 224 1
226 225 1
86 226 1
225 226 1
419 226 1
799 226 1
800 226 1
5 227 1
212 227 1
232 227 1
608 227 2
957 227 1
961 227 1
483 228 1
1131 228 1
88 229 1
314 229 1
489 229 1
964 229 1
990 229 2
203 230 1
499 230 1
1148 230 1
1149 230 1
4 231 1
260 231 1
261 231 1
227 232 1
355 232 3
957 232 1
390 233 1
38 234 1
650 235 1
45 236 1
46 236 1
47 236 1
91 236 1
92 236 1
125 236 1
1087 236 1
6 237 1
7 237 2
104 237 2
109 237 1
405 237 2
578 237 1
579 237 2
676 237 1
677 237 1
81 238 1
82 238 1
239 238 1
894 238 1
81 239 2
82 239 2
179 239 1
238 239 1
326 239 1
369 239 2
370 239 2
770 239 1
894 239 1
241 240 1
242 240 1
240 241 1
242 241 1
240 242 1
241 242 1
244 243 1
243 244 1
246 245 2
247 245 2
248 245 4
284 245 1
1106 245 1
1107 245 1
245 246 2
247 246 2
248 246 2
1107 246 1
245 247 2
246 247 2
248 247 2
1107 247 1
245 248 4
246 248 2
247 248 2
284 248 1
1106 248 1
1107 248 1
204 249 1
250 249 1
204 250 1
249 250 1
79 251 1
212 251 1
376 251 1
431 251 1
533 251 1
614 251 1
882 251 1
965 251 1
981 251 1
1110 251 1
1111 251 1
431 252 2
603 252 1
604 252 1
965 252 1
281 253 2
982 253 1
36 254 1
1050 255 2
257 256 3
361 256 1
384 256 1
868 256 1
1076 256 1
256 257 3
361 257 1
384 257 1
868 257 1
1076 257 1
121 258 1
259 258 1
121 259 1
258 259 1
4 260 1
231 260 1
261 260 1
4 261 1
231 261 1
260 261 1
3 262 1
294 262 1
169 263 1
885 263 2
886 263 2
187 264 1
286 264 1
9 265 1
29 265 1
57 265 1
99 265 1
74 266 1
75 266 1
76 266 1
37 267 1
268 267 1
1018 267 1
37 268 1
267 268 1
1018 268 1
702 269 1
703 269 1
704 269 1
705 269 1
271 270 1
272 270 1
1132 270 1
270 271 1
272 271 1
1132 271 1
270 272 1
271 272 1
1132 272 1
62 273 1
9 274 1
11 274 1
426 275 1
427 275 1
1045 275 1
1046 275 1
1047 275 1
1048 275 1
1049 275 1
155 276 1
82 277 2
880 277 1
881 277 1
706 278 1
707 278 1
84 279 2
102 279 1
121 279 1
124 279 1
151 279 1
152 279 1
161 279 1
362 279 1
363 279 1
406 279 1
502 279 1
624 279 1
625 279 1
626 279 1
629 279 1
713 279 1
811 279 1
833 279 1
834 279 1
1043 279 1
1152 279 1
49 280 1
55 280 1
253 281 2
475 281 1
495 281 1
982 281 1
20 282 1
15 283 1
486 283 1
980 283 1
245 284 1
248 284 1
362 285 1
723 285 1
187 286 1
264 286 1
76 287 1
110 287 2
402 287 1
403 287 1
471 287 1
289 288 1
333 288 1
358 288 1
400 288 1
288 289 1
333 289 1
358 289 1
400 289 1
635 289 1
743 290 1
744 290 1
745 290 1
746 290 1
88 291 1
2 292 1
178 292 1
576 293 1
3 294 1
262 294 1
160 295 1
296 295 1
160 296 1
295 296 1
87 297 1
704 297 2
865 297 1
148 298 2
344 298 1
501 298 1
362 299 1
363 299 1
1179 300 1
1180 300 1
784 301 4
785 301 2
907 301 1
908 301 1
96 302 1
97 302 1
36 303 1
78 303 1
304 303 1
491 303 1
36 304 1
78 304 1
303 304 1
491 304 1
170 305 1
341 305 1
354 305 1
926 305 1
927 305 1
912 306 1
913 306 1
119 307 1
308 307 1
887 307 1
888 307 1
119 308 1
307 308 1
887 308 1
888 308 1
148 309 2
353 309 1
446 309 1
758 309 1
762 309 1
311 310 1
312 310 1
1056 310 1
310 311 1
312 311 1
1056 311 1
310 312 1
311 312 1
1056 312 1
863 313 1
88 314 1
229 314 1
489 314 1
964 314 1
104 315 1
105 315 1
915 316 1
318 317 2
622 317 1
317 318 2
622 318 1
87 319 1
194 320 1
321 320 1
322 320 1
323 320 1
194 321 1
320 321 1
322 321 1
323 321 1
194 322 1
320 322 1
321 322 1
323 322 1
194 323 1
320 323 1
321 323 1
322 323 1
337 324 1
338 324 1
601 324 1
602 324 1
14 325 1
15 325 1
16 325 1
179 326 1
239 326 1
139 327 1
1060 327 1
329 328 1
328 329 1
4 330 1
23 330 1
754 330 1
332 331 1
387 331 1
752 331 1
753 331 1
847 331 1
331 332 1
387 332 1
753 332 1
847 332 1
978 332 1
979 332 1
288 333 1
289 333 1
357 333 1
358 333 2
400 333 1
14 334 2
15 334 2
16 334 2
422 335 1
161 336 1
198 336 1
393 336 2
324 337 1
338 337 1
601 337 1
602 337 1
324 338 1
337 338 1
601 338 1
602 338 1
9 339 1
71 339 1
340 339 4
434 339 1
339 340 4
170 341 1
305 341 1
354 341 1
343 342 2
342 343 2
148 344 1
298 344 1
159 345 1
346 345 1
159 346 1
345 346 1
657 347 2
349 348 1
350 348 3
756 348 1
348 349 1
350 349 1
756 349 1
348 350 3
349 350 1
756 350 1
777 350 1
778 350 1
779 350 1
780 350 1
154 351 1
86 352 2
769 352 1
148 353 1
309 353 1
446 353 1
758 353 1
170 354 1
305 354 1
341 354 1
232 355 3
786 356 1
333 357 1
358 357 1
288 358 1
289 358 1
333 358 2
357 358 1
400 358 1
630 358 1
631 358 1
952 358 1
953 358 1
176 359 2
26 360 1
150 360 1
167 360 1
168 360 1
855 360 1
256 361 1
257 361 1
279 362 1
285 362 1
299 362 1
363 362 2
713 362 3
723 362 1
84 363 2
279 363 1
299 363 1
362 363 2
713 363 1
424 364 1
476 365 1
583 365 1
37 366 2
172 366 2
367 366 3
444 366 1
492 366 1
1035 366 1
1036 366 1
1042 366 1
37 367 2
172 367 2
366 367 3
444 367 1
492 367 1
1035 367 1
1036 367 1
1042 367 1
176 368 1
239 369 2
370 369 2
239 370 2
369 370 2
35 371 1
1125 371 1
840 372 1
841 372 1
842 372 1
77 373 1
374 373 1
375 373 1
910 373 1
911 373 1
77 374 1
373 374 1
375 374 1
910 374 1
911 374 1
77 375 1
373 375 1
374 375 1
910 375 1
911 375 1
251 376 1
431 376 1
850 377 1
717 378 1
993 378 1
994 378 1
380 379 1
843 379 1
379 380 1
843 380 1
866 381 1
584 382 1
388 383 1
933 383 1
256 384 1
257 384 1
868 384 1
386 385 1
1040 385 1
1041 385 1
385 386 1
1040 386 1
1041 386 1
331 387 1
332 387 1
847 387 1
383 388 1
933 388 1
210 389 1
500 389 1
1044 389 1
233 390 1
113 391 1
115 391 1
1103 392 1
161 393 1
198 393 1
336 393 2
851 394 1
590 395 1
773 395 1
774 395 1
788 395 1
739 396 1
740 396 1
682 397 1
1031 397 1
1 398 1
35 399 1
1182 399 1
288 400 1
289 400 1
333 400 1
358 400 1
209 401 1
663 401 1
664 401 1
76 402 1
110 402 1
287 402 1
403 402 1
76 403 1
110 403 1
287 403 1
402 403 1
464 404 1
509 404 1
6 405 2
7 405 2
104 405 4
108 405 2
109 405 2
237 405 2
578 405 1
579 405 3
676 405 1
677 405 1
140 406 1
154 406 1
279 406 1
625 406 1
626 406 1
408 407 1
407 408 1
449 409 1
469 409 1
789 409 3
790 409 1
122 410 1
123 410 1
1155 410 1
412 411 1
411 412 1
443 412 1
652 412 1
1143 412 1
1144 412 1
414 413 1
852 413 1
413 414 1
852 414 1
159 415 1
518 415 1
697 415 1
701 415 1
959 415 1
960 415 1
1027 415 1
1122 415 1
776 416 1
27 417 1
67 417 1
486 418 1
642 418 1
643 418 1
86 419 1
226 419 1
799 419 1
800 419 1
1112 420 1
1113 420 1
696 421 1
335 422 1
632 423 1
633 423 1
364 424 1
842 425 2
275 426 1
427 426 1
1045 426 1
1046 426 1
1047 426 1
1048 426 1
1049 426 1
275 427 1
426 427 1
1045 427 1
1046 427 1
1047 427 1
1048 427 1
1049 427 1
469 428 1
921 428 1
922 428 1
923 428 1
550 429 1
544 430 2
546 430 1
686 430 1
687 430 1
688 430 1
804 430 1
805 430 1
806 430 1
251 431 1
252 431 2
376 431 1
965 431 1
215 432 1
1032 432 1
1033 432 1
1034 432 1
818 433 1
820 433 1
339 434 1
114 435 1
218 435 1
1075 435 1
19 436 1
645 437 1
1159 438 1
1133 439 1
1134 439 1
567 440 2
568 440 1
569 440 1
570 440 1
609 440 1
110 441 1
465 441 1
4 442 2
58 442 1
94 442 2
412 443 1
172 444 1
366 444 1
367 444 1
83 445 1
148 446 1
309 446 1
353 446 1
758 446 1
9 447 2
188 447 2
475 447 1
539 447 1
540 447 1
480 448 1
409 449 1
789 449 1
879 450 1
882 450 3
883 450 1
545 451 1
25 452 1
27 452 1
461 452 1
3 453 1
689 453 1
47 454 1
126 454 1
683 454 2
684 454 1
607 455 2
474 456 1
905 456 1
906 456 1
859 457 2
860 457 1
1015 457 1
1016 457 1
1017 457 1
459 458 1
458 459 1
718 460 1
719 460 1
720 460 1
721 460 1
722 460 1
25 461 2
27 461 2
68 461 1
452 461 1
219 462 1
25 463 1
27 463 1
39 463 1
404 464 1
509 464 1
110 465 1
441 465 1
222 466 1
223 466 1
467 466 1
468 466 1
222 467 1
223 467 1
466 467 1
468 467 1
222 468 1
223 468 1
466 468 1
467 468 1
409 469 1
428 469 1
789 469 1
921 469 1
922 469 1
923 469 1
1005 470 1
1006 470 1
1007 470 1
110 471 2
287 471 1
636 471 1
15 472 1
16 472 1
475 472 1
73 473 1
456 474 1
905 474 1
906 474 1
9 475 1
15 475 1
16 475 1
281 475 1
447 475 1
472 475 1
495 475 1
644 475 1
645 475 2
737 475 1
871 475 1
872 475 1
365 476 1
583 476 1
736 477 1
812 478 1
490 479 1
448 480 1
86 481 1
498 481 1
487 482 1
488 482 1
228 483 1
1131 483 1
71 484 1
144 485 1
1109 485 1
15 486 3
283 486 1
418 486 1
642 486 1
643 486 1
731 486 1
482 487 1
488 487 1
482 488 1
487 488 1
88 489 1
229 489 1
314 489 1
964 489 1
479 490 1
36 491 1
78 491 1
303 491 1
304 491 1
37 492 1
172 492 1
366 492 1
367 492 1
1042 492 1
962 493 1
30 494 1
755 494 1
281 495 1
475 495 1
900 496 1
901 496 1
988 496 1
989 496 1
508 497 1
1175 497 1
86 498 1
481 498 1
203 499 1
230 499 1
1148 499 1
1149 499 1
210 500 1
389 500 1
1044 500 1
148 501 1
298 501 1
84 502 1
151 502 1
279 502 1
629 502 1
504 503 1
909 503 1
503 504 1
909 504 1
506 505 1
1129 505 1
1130 505 1
505 506 1
1129 506 1
1130 506 1
685 507 1
750 507 1
751 507 1
497 508 1
1175 508 1
404 509 1
464 509 1
511 510 1
512 510 1
513 510 1
514 510 1
510 511 1
512 511 1
513 511 1
514 511 1
510 512 1
511 512 1
513 512 1
514 512 1
510 513 1
511 513 1
512 513 1
514 513 1
510 514 1
511 514 1
512 514 1
513 514 1
516 515 1
517 515 1
515 516 1
517 516 1
515 517 1
516 517 1
159 518 1
415 518 1
520 519 1
521 519 1
519 520 1
521 520 1
519 521 1
520 521 1
523 522 1
522 523 1
525 524 1
524 525 1
4 526 1
12 526 1
22 526 1
23 526 1
24 526 1
528 527 1
529 527 1
527 528 1
529 528 1
527 529 1
528 529 1
531 530 1
530 531 1
533 532 1
534 532 1
212 533 2
221 533 1
251 533 1
532 533 1
534 533 1
824 533 1
825 533 1
826 533 1
827 533 1
828 533 1
829 533 1
830 533 1
884 533 1
532 534 1
533 534 1
536 535 1
535 536 1
183 537 1
538 537 1
183 538 1
537 538 1
188 539 1
447 539 1
540 539 1
188 540 1
447 540 1
539 540 1
542 541 1
541 542 1
65 543 1
218 543 1
430 544 2
546 544 1
451 545 1
430 546 1
544 546 1
548 547 1
549 547 1
547 548 1
549 548 1
547 549 1
548 549 1
429 550 1
936 550 1
937 550 1
88 551 1
200 552 1
553 552 1
200 553 1
552 553 1
555 554 1
556 554 1
557 554 1
554 555 1
556 555 1
557 555 1
554 556 1
555 556 1
557 556 1
554 557 1
555 557 1
556 557 1
559 558 1
560 558 1
558 559 1
560 559 1
558 560 1
559 560 1
562 561 1
563 561 1
564 561 1
565 561 1
566 561 1
561 562 1
563 562 1
564 562 1
565 562 1
566 562 1
561 563 1
562 563 1
564 563 1
565 563 1
566 563 1
561 564 1
562 564 1
563 564 1
565 564 1
566 564 1
561 565 1
562 565 1
563 565 1
564 565 1
566 565 1
561 566 1
562 566 1
563 566 1
564 566 1
565 566 1
440 567 2
568 567 1
569 567 1
570 567 1
609 567 1
440 568 1
567 568 1
569 568 1
570 568 1
440 569 1
567 569 1
568 569 1
570 569 1
440 570 1
567 570 1
568 570 1
569 570 1
572 571 1
571 572 1
574 573 1
575 573 1
573 574 1
575 574 1
573 575 1
574 575 1
293 576 1
6 577 2
104 577 2
106 577 1
109 577 1
578 577 1
579 577 1
6 578 2
7 578 1
104 578 2
109 578 1
237 578 1
405 578 1
577 578 1
579 578 2
6 579 3
7 579 2
104 579 4
108 579 1
109 579 3
237 579 2
405 579 3
577 579 1
578 579 2
676 579 1
677 579 1
581 580 4
582 580 4
580 581 4
582 581 4
580 582 4
581 582 4
365 583 1
476 583 1
382 584 1
218 585 1
70 586 1
121 587 1
13 588 1
589 588 1
13 589 1
588 589 1
395 590 1
592 591 1
593 591 1
594 591 1
595 591 1
591 592 1
593 592 1
594 592 1
595 592 1
591 593 1
592 593 1
594 593 1
595 593 1
591 594 1
592 594 1
593 594 1
595 594 1
591 595 1
592 595 1
593 595 1
594 595 1
597 596 1
598 596 1
599 596 1
596 597 1
598 597 1
599 597 1
596 598 1
597 598 1
599 598 1
596 599 1
597 599 1
598 599 1
182 600 1
324 601 1
337 601 1
338 601 1
602 601 1
324 602 1
337 602 1
338 602 1
601 602 1
252 603 1
604 603 1
252 604 1
603 604 1
606 605 1
605 606 1
455 607 2
227 608 2
961 608 1
440 609 1
567 609 1
611 610 1
612 610 1
613 610 1
610 611 1
612 611 1
613 611 1
610 612 1
611 612 1
613 612 1
610 613 1
611 613 1
612 613 1
79 614 1
251 614 1
616 615 1
615 616 1
618 617 1
619 617 1
617 618 1
619 618 1
617 619 1
618 619 1
147 620 1
14 621 1
317 622 1
318 622 1
50 623 1
51 623 1
52 623 1
84 624 1
279 624 1
279 625 1
406 625 1
626 625 1
279 626 1
406 626 1
625 626 1
628 627 1
627 628 1
84 629 1
151 629 1
279 629 1
502 629 1
358 630 1
631 630 2
358 631 1
630 631 2
423 632 1
768 632 2
423 633 1
18 634 1
289 635 1
110 636 1
471 636 1
638 637 1
639 637 1
640 637 1
641 637 1
637 638 1
639 638 1
640 638 1
641 638 1
637 639 1
638 639 1
640 639 1
641 639 1
637 640 1
638 640 1
639 640 1
641 640 1
637 641 1
638 641 1
639 641 1
640 641 1
418 642 1
486 642 1
643 642 1
418 643 1
486 643 1
642 643 1
475 644 1
645 644 1
437 645 1
475 645 2
644 645 1
871 645 1
872 645 1
647 646 1
646 647 1
172 648 1
216 648 1
217 648 1
958 649 1
235 650 1
136 651 1
138 651 1
171 651 1
412 652 1
654 653 1
653 654 1
656 655 1
657 655 1
655 656 1
657 656 1
347 657 2
655 657 1
656 657 1
659 658 1
660 658 1
658 659 1
660 659 1
658 660 1
659 660 1
121 661 1
662 661 1
121 662 1
661 662 1
209 663 1
401 663 1
664 663 1
209 664 1
401 664 1
663 664 1
212 665 1
666 665 1
64 666 1
103 666 1
199 666 1
212 666 1
221 666 1
665 666 1
682 666 1
164 667 1
165 667 1
166 667 1
668 667 1
669 667 1
670 667 1
164 668 1
165 668 1
166 668 1
667 668 1
669 668 1
670 668 1
164 669 1
165 669 1
166 669 1
667 669 1
668 669 1
670 669 1
164 670 1
165 670 1
166 670 1
667 670 1
668 670 1
669 670 1
72 671 1
673 672 1
672 673 1
127 674 1
675 674 1
674 675 1
7 676 1
104 676 1
109 676 1
237 676 1
405 676 1
579 676 1
677 676 1
7 677 1
104 677 1
109 677 1
237 677 1
405 677 1
579 677 1
676 677 1
104 678 1
107 678 1
679 678 1
680 678 1
104 679 1
107 679 1
678 679 1
680 679 1
104 680 1
107 680 1
678 680 1
679 680 1
682 681 1
64 682 1
103 682 1
199 682 1
221 682 1
397 682 1
666 682 1
681 682 1
1031 682 1
47 683 1
126 683 1
454 683 2
684 683 1
772 683 1
47 684 1
454 684 1
683 684 1
507 685 1
430 686 1
687 686 1
688 686 1
430 687 1
686 687 1
688 687 1
430 688 1
686 688 1
687 688 1
3 689 1
453 689 1
691 690 1
690 691 1
693 692 1
692 693 1
695 694 1
694 695 1
421 696 1
415 697 1
84 698 1
699 698 1
700 698 1
84 699 1
698 699 1
700 699 1
84 700 1
698 700 1
699 700 1
415 701 1
269 702 1
703 702 2
704 702 1
705 702 2
269 703 1
702 703 2
704 703 1
705 703 2
87 704 1
269 704 1
297 704 2
702 704 1
703 704 1
705 704 1
865 704 1
269 705 1
702 705 2
703 705 2
704 705 1
278 706 1
707 706 2
1118 706 1
278 707 1
706 707 2
1118 707 1
709 708 1
710 708 1
708 709 1
710 709 1
708 710 1
709 710 1
712 711 1
711 712 1
279 713 1
362 713 3
363 713 1
40 714 1
65 714 1
218 714 4
715 714 1
771 714 1
65 715 1
218 715 1
714 715 1
717 716 1
378 717 1
716 717 1
993 717 1
994 717 1
995 717 1
996 717 1
460 718 1
719 718 1
720 718 1
721 718 1
722 718 1
460 719 1
718 719 1
720 719 1
721 719 1
722 719 1
460 720 1
718 720 1
719 720 1
721 720 1
722 720 1
460 721 1
718 721 1
719 721 1
720 721 1
722 721 1
460 722 1
718 722 1
719 722 1
720 722 1
721 722 1
285 723 1
362 723 1
725 724 1
724 725 1
43 726 1
727 726 1
43 727 1
726 727 1
130 728 1
131 728 1
132 728 1
730 729 1
729 730 1
15 731 1
486 731 1
4 732 1
162 732 1
734 733 1
735 733 1
733 734 1
735 734 1
733 735 1
734 735 1
477 736 1
1126 736 1
1127 736 1
1128 736 1
475 737 1
33 738 2
53 738 2
101 738 2
396 739 1
740 739 1
396 740 1
739 740 1
742 741 1
741 742 1
1057 742 1
1058 742 1
290 743 1
744 743 1
745 743 1
746 743 1
290 744 1
743 744 1
745 744 1
746 744 1
290 745 1
743 745 1
744 745 1
746 745 1
290 746 1
743 746 1
744 746 1
745 746 1
748 747 1
749 747 1
747 748 1
749 748 1
747 749 1
748 749 1
507 750 1
751 750 1
507 751 1
750 751 1
331 752 1
753 752 1
331 753 1
332 753 1
752 753 1
978 753 1
979 753 1
4 754 1
23 754 1
330 754 1
30 755 2
494 755 1
1181 755 1
348 756 1
349 756 1
350 756 1
759 757 1
760 757 1
761 757 1
148 758 1
309 758 1
353 758 1
446 758 1
757 759 1
760 759 1
761 759 1
757 760 1
759 760 1
761 760 1
757 761 1
759 761 1
760 761 1
148 762 1
309 762 1
764 763 1
212 764 1
763 764 1
116 765 2
118 765 1
767 766 1
768 766 1
766 767 1
768 767 1
632 768 2
766 768 1
767 768 1
86 769 1
352 769 1
239 770 1
40 771 1
218 771 1
714 771 1
683 772 1
395 773 1
774 773 1
395 774 1
773 774 1
71 775 1
416 776 1
350 777 1
778 777 1
779 777 1
780 777 1
350 778 1
777 778 1
779 778 1
780 778 1
350 779 1
777 779 1
778 779 1
780 779 1
350 780 1
777 780 1
778 780 1
779 780 1
782 781 1
781 782 1
133 783 1
301 784 4
785 784 2
907 784 1
908 784 1
301 785 2
784 785 2
907 785 1
908 785 1
356 786 1
971 787 1
395 788 1
409 789 3
449 789 1
469 789 1
790 789 1
409 790 1
789 790 1
792 791 3
793 791 3
791 792 3
793 792 3
791 793 3
792 793 3
795 794 1
796 794 1
797 794 1
794 795 1
796 795 1
797 795 1
794 796 1
795 796 1
797 796 1
794 797 1
795 797 1
796 797 1
107 798 1
86 799 1
226 799 1
419 799 1
800 799 1
86 800 1
226 800 1
419 800 1
799 800 1
802 801 1
801 802 1
121 803 1
152 803 1
430 804 1
805 804 1
806 804 1
430 805 1
804 805 1
806 805 1
430 806 1
804 806 1
805 806 1
121 807 1
152 807 1
809 808 2
810 808 2
808 809 2
810 809 2
808 810 2
809 810 2
121 811 2
152 811 2
279 811 1
478 812 1
210 813 1
815 814 1
814 815 1
140 816 1
817 816 1
140 817 1
816 817 1
433 818 1
819 818 1
820 818 2
818 819 1
820 819 2
1008 819 1
1014 819 1
433 820 1
818 820 2
819 820 2
1008 820 2
1014 820 1
822 821 1
821 822 1
192 823 1
193 823 1
533 824 1
825 824 1
826 824 1
827 824 1
828 824 1
829 824 1
533 825 1
824 825 1
826 825 1
827 825 1
828 825 1
829 825 1
533 826 1
824 826 1
825 826 1
827 826 1
828 826 1
829 826 1
533 827 1
824 827 1
825 827 1
826 827 1
828 827 1
829 827 1
533 828 1
824 828 1
825 828 1
826 828 1
827 828 1
829 828 1
533 829 1
824 829 1
825 829 1
826 829 1
827 829 1
828 829 1
221 830 1
533 830 1
832 831 1
831 832 1
102 833 1
279 833 1
834 833 1
102 834 1
279 834 1
833 834 1
195 835 1
196 835 1
837 836 1
836 837 1
839 838 1
838 839 1
372 840 1
841 840 1
842 840 1
372 841 1
840 841 1
842 841 1
372 842 1
425 842 2
840 842 1
841 842 1
379 843 1
380 843 1
184 844 1
186 844 1
845 844 1
184 845 1
186 845 1
844 845 1
135 846 1
136 846 1
138 846 1
331 847 1
332 847 1
387 847 1
849 848 1
848 849 1
377 850 1
394 851 1
413 852 1
414 852 1
854 853 1
853 854 1
26 855 1
150 855 1
167 855 1
168 855 1
360 855 1
857 856 1
858 856 1
856 857 1
858 857 1
856 858 1
857 858 1
457 859 2
860 859 1
1015 859 1
1016 859 1
1017 859 1
457 860 1
859 860 1
862 861 1
221 862 1
861 862 1
1025 862 1
1026 862 1
313 863 1
116 864 1
297 865 1
704 865 1
381 866 1
221 867 1
256 868 1
257 868 1
384 868 1
9 869 1
870 869 1
9 870 1
869 870 1
475 871 1
645 871 1
872 871 1
475 872 1
645 872 1
871 872 1
874 873 1
873 874 1
876 875 1
877 875 1
878 875 1
875 876 1
877 876 1
878 876 1
875 877 1
876 877 1
878 877 1
875 878 1
876 878 1
877 878 1
450 879 1
82 880 1
277 880 1
881 880 1
82 881 1
277 881 1
880 881 1
251 882 1
450 882 3
883 882 1
965 882 1
450 883 1
882 883 1
533 884 1
169 885 1
263 885 2
886 885 2
169 886 1
263 886 2
885 886 2
119 887 1
307 887 1
308 887 1
888 887 1
119 888 1
307 888 1
308 888 1
887 888 1
890 889 1
891 889 1
892 889 1
889 890 1
891 890 1
892 890 1
889 891 1
890 891 1
892 891 1
889 892 1
890 892 1
891 892 1
895 893 1
81 894 1
82 894 1
238 894 1
239 894 1
893 895 1
897 896 1
896 897 1
899 898 1
898 899 1
496 900 1
901 900 1
496 901 1
900 901 1
903 902 1
904 902 1
902 903 1
904 903 1
902 904 1
903 904 1
456 905 1
474 905 1
906 905 1
456 906 1
474 906 1
905 906 1
301 907 1
784 907 1
785 907 1
908 907 1
301 908 1
784 908 1
785 908 1
907 908 1
503 909 1
504 909 1
77 910 1
373 910 1
374 910 1
375 910 1
911 910 1
77 911 1
373 911 1
374 911 1
375 911 1
910 911 1
306 912 1
913 912 1
306 913 1
912 913 1
202 914 1
316 915 1
917 916 1
918 916 1
919 916 1
920 916 1
916 917 1
918 917 1
919 917 1
920 917 1
916 918 1
917 918 1
919 918 1
920 918 1
916 919 1
917 919 1
918 919 1
920 919 1
916 920 1
917 920 1
918 920 1
919 920 1
428 921 1
469 921 1
922 921 1
923 921 1
428 922 1
469 922 1
921 922 1
923 922 1
428 923 1
469 923 1
921 923 1
922 923 1
85 924 1
86 924 1
925 924 1
85 925 1
86 925 1
924 925 1
305 926 1
927 926 1
305 927 1
926 927 1
929 928 1
930 928 1
928 929 1
930 929 1
928 930 1
929 930 1
191 931 1
932 931 1
191 932 1
931 932 1
383 933 1
388 933 1
935 934 1
934 935 1
550 936 1
937 936 1
976 936 1
977 936 1
550 937 1
936 937 1
939 938 1
938 939 1
941 940 1
940 941 1
943 942 1
944 942 1
942 943 1
944 943 1
942 944 1
943 944 1
946 945 1
945 946 1
221 947 1
948 947 1
947 948 1
951 949 1
121 950 1
949 951 1
358 952 1
953 952 1
358 953 1
952 953 1
955 954 1
956 954 1
954 955 1
956 955 1
954 956 1
955 956 1
227 957 1
232 957 1
212 958 1
649 958 1
415 959 1
960 959 1
415 960 1
959 960 1
227 961 1
608 961 1
493 962 1
964 963 1
88 964 1
229 964 1
314 964 1
489 964 1
963 964 1
251 965 1
252 965 1
431 965 1
882 965 1
967 966 1
968 966 1
966 967 1
968 967 1
966 968 1
967 968 1
970 969 1
969 970 1
787 971 1
973 972 1
972 973 1
975 974 1
974 975 1
936 976 1
977 976 1
936 977 1
976 977 1
332 978 1
753 978 1
979 978 1
332 979 1
753 979 1
978 979 1
283 980 1
251 981 1
982 981 1
1110 981 1
1111 981 1
253 982 1
281 982 1
981 982 1
984 983 1
985 983 1
983 984 1
985 984 1
983 985 1
984 985 1
116 986 1
987 986 1
116 987 1
986 987 1
496 988 1
989 988 1
496 989 1
988 989 1
229 990 2
992 991 1
991 992 1
378 993 1
717 993 1
994 993 1
378 994 1
717 994 1
993 994 1
717 995 1
996 995 1
717 996 1
995 996 1
998 997 1
999 997 1
997 998 1
999 998 1
997 999 1
998 999 1
1001 1000 2
1088 1000 1
1000 1001 2
1088 1001 1
1003 1002 1
1004 1002 1
1002 1003 1
1004 1003 1
1002 1004 1
1003 1004 1
470 1005 1
1006 1005 1
1007 1005 1
470 1006 1
1005 1006 1
1007 1006 1
470 1007 1
1005 1007 1
1006 1007 1
819 1008 1
820 1008 2
1014 1008 1
160 1009 1
1011 1010 1
1010 1011 1
1013 1012 1
1012 1013 1
819 1014 1
820 1014 1
1008 1014 1
457 1015 1
859 1015 1
1016 1015 1
1017 1015 1
457 1016 1
859 1016 1
1015 1016 1
1017 1016 1
457 1017 1
859 1017 1
1015 1017 1
1016 1017 1
37 1018 1
267 1018 1
268 1018 1
1020 1019 1
1019 1020 1
120 1021 1
1022 1021 1
120 1022 1
1021 1022 1
1024 1023 1
1023 1024 1
862 1025 1
1026 1025 1
862 1026 1
1025 1026 1
1081 1026 1
415 1027 1
1029 1028 1
1030 1028 1
1028 1029 1
1030 1029 1
1028 1030 1
1029 1030 1
397 1031 1
682 1031 1
215 1032 1
432 1032 1
1033 1032 1
1034 1032 1
215 1033 1
432 1033 1
1032 1033 1
1034 1033 1
215 1034 1
432 1034 1
1032 1034 1
1033 1034 1
37 1035 1
366 1035 1
367 1035 1
1036 1035 1
37 1036 1
366 1036 1
367 1036 1
1035 1036 1
61 1037 1
1038 1037 1
1039 1037 1
61 1038 1
1037 1038 1
1039 1038 1
61 1039 1
1037 1039 1
1038 1039 1
385 1040 1
386 1040 1
1041 1040 1
385 1041 1
386 1041 1
1040 1041 1
37 1042 1
172 1042 1
366 1042 1
367 1042 1
492 1042 1
124 1043 1
279 1043 1
210 1044 1
389 1044 1
500 1044 1
275 1045 1
426 1045 1
427 1045 1
1046 1045 1
1047 1045 1
1048 1045 1
1049 1045 1
275 1046 1
426 1046 1
427 1046 1
1045 1046 1
1047 1046 1
1048 1046 1
1049 1046 1
275 1047 1
426 1047 1
427 1047 1
1045 1047 1
1046 1047 1
1048 1047 1
1049 1047 1
275 1048 1
426 1048 1
427 1048 1
1045 1048 1
1046 1048 1
1047 1048 1
1049 1048 1
275 1049 1
426 1049 1
427 1049 1
1045 1049 1
1046 1049 1
1047 1049 1
1048 1049 1
255 1050 2
111 1051 2
112 1051 2
1053 1052 1
1054 1052 1
1055 1052 1
1052 1053 1
1054 1053 1
1055 1053 1
1052 1054 1
1053 1054 1
1055 1054 1
1052 1055 1
1053 1055 1
1054 1055 1
310 1056 1
311 1056 1
312 1056 1
742 1057 1
1058 1057 1
742 1058 1
1057 1058 1
220 1059 1
139 1060 1
327 1060 1
1062 1061 1
1063 1061 1
1064 1061 1
1065 1061 1
1066 1061 1
1067 1061 1
1068 1061 1
1069 1061 1
1070 1061 1
1071 1061 1
1072 1061 1
1073 1061 1
1074 1061 1
1061 1062 1
1063 1062 1
1064 1062 1
1065 1062 1
1066 1062 1
1067 1062 1
1068 1062 1
1069 1062 1
1070 1062 1
1071 1062 1
1072 1062 1
1073 1062 1
1074 1062 1
1061 1063 1
1062 1063 1
1064 1063 1
1065 1063 1
1066 1063 1
1067 1063 1
1068 1063 1
1069 1063 1
1070 1063 1
1071 1063 1
1072 1063 1
1073 1063 1
1074 1063 1
1061 1064 1
1062 1064 1
1063 1064 1
1065 1064 1
1066 1064 1
1067 1064 1
1068 1064 1
1069 1064 1
1070 1064 1
1071 1064 1
1072 1064 1
1073 1064 1
1074 1064 1
1061 1065 1
1062 1065 1
1063 1065 1
1064 1065 1
1066 1065 1
1067 1065 1
1068 1065 1
1069 1065 1
1070 1065 1
1071 1065 1
1072 1065 1
1073 1065 1
1074 1065 1
1061 1066 1
1062 1066 1
1063 1066 1
1064 1066 1
1065 1066 1
1067 1066 1
1068 1066 1
1069 1066 1
1070 1066 1
1071 1066 1
1072 1066 1
1073 1066 1
1074 1066 1
1061 1067 1
1062 1067 1
1063 1067 1
1064 1067 1
1065 1067 1
1066 1067 1
1068 1067 1
1069 1067 1
1070 1067 1
1071 1067 1
1072 1067 1
1073 1067 1
1074 1067 1
1061 1068 1
1062 1068 1
1063 1068 1
1064 1068 1
1065 1068 1
1066 1068 1
1067 1068 1
1069 1068 1
1070 1068 1
1071 1068 1
1072 1068 1
1073 1068 1
1074 1068 1
1061 1069 1
1062 1069 1
1063 1069 1
1064 1069 1
1065 1069 1
1066 1069 1
1067 1069 1
1068 1069 1
1070 1069 1
1071 1069 1
1072 1069 1
1073 1069 1
1074 1069 1
1061 1070 1
1062 1070 1
1063 1070 1
1064 1070 1
1065 1070 1
1066 1070 1
1067 1070 1
1068 1070 1
1069 1070 1
1071 1070 1
1072 1070 1
1073 1070 1
1074 1070 1
1061 1071 1
1062 1071 1
1063 1071 1
1064 1071 1
1065 1071 1
1066 1071 1
1067 1071 1
1068 1071 1
1069 1071 1
1070 1071 1
1072 1071 1
1073 1071 1
1074 1071 1
1061 1072 1
1062 1072 1
1063 1072 1
1064 1072 1
1065 1072 1
1066 1072 1
1067 1072 1
1068 1072 1
1069 1072 1
1070 1072 1
1071 1072 1
1073 1072 1
1074 1072 1
1061 1073 1
1062 1073 1
1063 1073 1
1064 1073 1
1065 1073 1
1066 1073 1
1067 1073 1
1068 1073 1
1069 1073 1
1070 1073 1
1071 1073 1
1072 1073 1
1074 1073 1
1061 1074 1
1062 1074 1
1063 1074 1
1064 1074 1
1065 1074 1
1066 1074 1
1067 1074 1
1068 1074 1
1069 1074 1
1070 1074 1
1071 1074 1
1072 1074 1
1073 1074 1
218 1075 1
435 1075 1
256 1076 1
257 1076 1
1078 1077 1
1079 1077 1
1080 1077 1
1077 1078 1
1079 1078 1
1080 1078 1
1077 1079 1
1078 1079 1
1080 1079 1
1077 1080 1
1078 1080 1
1079 1080 1
1026 1081 1
19 1082 1
129 1082 1
1084 1083 1
1085 1083 1
1086 1083 1
1083 1084 1
1085 1084 1
1086 1084 1
1083 1085 1
1084 1085 1
1086 1085 1
1083 1086 1
1084 1086 1
1085 1086 1
45 1087 1
46 1087 1
47 1087 1
91 1087 1
92 1087 1
125 1087 1
236 1087 1
1000 1088 1
1001 1088 1
98 1089 1
1090 1089 1
98 1090 1
1089 1090 1
1092 1091 1
1093 1091 1
1094 1091 1
1091 1092 1
1093 1092 1
1094 1092 1
1091 1093 1
1092 1093 1
1094 1093 1
1091 1094 1
1092 1094 1
1093 1094 1
1096 1095 1
1097 1095 1
1098 1095 1
1095 1096 1
1097 1096 1
1098 1096 1
1095 1097 1
1096 1097 1
1098 1097 1
1095 1098 1
1096 1098 1
1097 1098 1
1100 1099 1
1099 1100 1
1102 1101 1
1101 1102 1
392 1103 1
1105 1104 1
1104 1105 1
245 1106 1
248 1106 1
245 1107 1
246 1107 1
247 1107 1
248 1107 1
141 1108 1
142 1108 1
144 1109 1
485 1109 1
251 1110 1
981 1110 1
1111 1110 1
251 1111 1
981 1111 1
1110 1111 1
420 1112 1
1113 1112 1
420 1113 1
1112 1113 1
197 1114 1
1115 1114 1
197 1115 1
1114 1115 1
1117 1116 1
1116 1117 1
706 1118 1
707 1118 1
1120 1119 1
1119 1120 1
67 1121 1
415 1122 1
53 1123 1
191 1124 1
371 1125 1
736 1126 1
1127 1126 1
1128 1126 1
736 1127 1
1126 1127 1
1128 1127 1
736 1128 1
1126 1128 1
1127 1128 1
505 1129 1
506 1129 1
1130 1129 1
505 1130 1
506 1130 1
1129 1130 1
228 1131 1
483 1131 1
270 1132 1
271 1132 1
272 1132 1
439 1133 1
1134 1133 1
439 1134 1
1133 1134 1
25 1135 1
26 1135 1
27 1135 1
36 1136 1
1137 1136 1
36 1137 1
1136 1137 1
1139 1138 1
1140 1138 1
1141 1138 1
1142 1138 1
1138 1139 1
1140 1139 1
1141 1139 1
1142 1139 1
1138 1140 1
1139 1140 1
1141 1140 1
1142 1140 1
1138 1141 1
1139 1141 1
1140 1141 1
1142 1141 1
1138 1142 1
1139 1142 1
1140 1142 1
1141 1142 1
412 1143 1
1144 1143 1
412 1144 1
1143 1144 1
1146 1145 1
1147 1145 1
1145 1146 1
1147 1146 1
1145 1147 1
1146 1147 1
203 1148 1
230 1148 1
499 1148 1
1149 1148 1
203 1149 1
230 1149 1
499 1149 1
1148 1149 1
1151 1150 1
1150 1151 1
279 1152 1
1154 1153 1
1153 1154 1
122 1155 1
123 1155 1
410 1155 1
1157 1156 1
1158 1156 1
1156 1157 1
1158 1157 1
1156 1158 1
1157 1158 1
438 1159 1
90 1160 1
1161 1160 1
90 1161 1
1160 1161 1
1163 1162 1
1164 1162 1
1165 1162 1
1162 1163 1
1164 1163 1
1165 1163 1
1162 1164 1
1163 1164 1
1165 1164 1
1162 1165 1
1163 1165 1
1164 1165 1
1167 1166 1
1168 1166 1
1166 1167 1
1168 1167 1
1166 1168 1
1167 1168 1
1170 1169 1
1171 1169 1
1169 1170 1
1171 1170 1
1169 1171 1
1170 1171 1
1173 1172 1
1174 1172 1
1172 1173 1
1174 1173 1
1172 1174 1
1173 1174 1
497 1175 1
508 1175 1
1177 1176 1
1178 1176 1
1176 1177 1
1178 1177 1
1176 1178 1
1177 1178 1
300 1179 1
1180 1179 1
300 1180 1
1179 1180 1
30 1181 1
755 1181 1
35 1182 1
399 1182 1
