279 1 1
305 1 1
405 1 1
736 1 1
146 2 1
167 2 2
835 2 2
836 2 2
837 2 1
6 3 1
5 4 1
223 4 1
343 4 1
4 5 1
22 5 1
223 5 1
343 5 1
759 5 1
760 5 1
3 6 1
194 7 2
279 7 1
647 7 1
697 7 1
870 7 1
986 7 2
987 7 1
988 7 1
989 7 1
80 8 1
236 8 1
163 9 1
170 9 1
277 9 1
284 9 1
904 9 1
238 10 1
448 10 1
45 11 1
69 11 1
75 11 1
657 11 1
658 11 1
659 11 1
660 11 1
181 12 1
185 12 1
273 12 1
285 12 1
312 12 1
314 12 1
332 12 1
365 12 1
688 12 1
152 13 1
186 13 1
196 13 1
549 13 1
799 13 1
800 13 1
804 13 1
805 13 2
833 13 3
834 13 1
1101 13 1
1102 13 1
1103 13 1
1104 13 1
185 14 1
820 14 1
1084 14 1
1085 14 1
1086 14 1
1087 14 1
1088 14 1
1089 14 1
1090 14 1
1091 14 1
1092 14 1
225 15 1
228 15 1
290 15 1
360 15 1
182 16 1
275 16 1
891 16 1
1106 17 1
1107 17 1
19 18 1
20 18 1
251 18 1
366 18 1
590 18 1
18 19 1
20 19 1
31 19 1
51 19 1
52 19 1
251 19 1
366 19 1
590 19 1
1073 19 1
18 20 1
19 20 1
251 20 1
366 20 1
590 20 1
43 21 1
740 21 1
760 21 1
5 22 1
759 22 1
760 22 1
122 23 1
141 23 1
151 23 1
179 23 3
490 23 1
492 23 1
1125 23 1
25 24 2
65 24 2
1141 24 1
1142 24 1
1143 24 1
24 25 2
65 25 2
1132 26 1
58 27 1
299 27 1
773 28 1
274 29 1
391 29 1
547 29 1
806 29 1
807 29 1
808 29 1
70 30 1
425 30 1
19 31 1
51 31 1
52 31 1
1073 31 1
54 32 1
148 32 1
149 32 1
183 32 1
264 32 1
914 32 1
915 32 1
916 32 1
917 32 1
224 33 1
331 33 1
354 33 1
355 33 1
303 34 1
405 34 1
461 34 1
462 34 1
274 35 1
623 35 1
624 35 1
625 35 1
626 35 1
627 35 1
628 35 1
629 35 1
630 35 1
631 35 1
632 35 1
633 35 1
634 35 1
635 35 1
636 35 1
637 35 1
638 35 1
639 35 1
640 35 1
641 35 1
113 36 1
142 36 1
1146 36 1
1098 37 1
1099 37 1
89 38 1
240 38 2
428 38 2
429 38 2
430 38 1
432 38 1
433 38 1
434 38 1
723 38 1
231 39 1
274 39 1
390 39 2
648 39 1
75 40 3
100 40 1
140 40 3
270 40 5
279 40 2
303 40 1
349 40 3
405 40 3
450 40 1
502 40 2
608 40 2
609 40 1
610 40 1
611 40 1
661 40 1
662 40 1
818 40 1
819 40 2
826 40 1
842 40 1
1035 40 1
1074 40 1
1075 40 1
188 41 1
688 41 1
1003 41 1
1004 41 1
46 42 1
266 42 1
267 42 1
21 43 1
740 43 1
760 43 1
248 44 1
463 44 1
464 44 1
465 44 1
466 44 1
467 44 1
468 44 1
469 44 1
470 44 1
471 44 1
11 45 1
50 45 1
69 45 1
75 45 1
89 45 1
158 45 1
230 45 1
290 45 1
309 45 1
396 45 1
999 45 2
1097 45 1
42 46 1
266 46 1
267 46 1
98 47 1
846 47 1
847 47 1
848 47 1
849 47 1
850 47 1
156 48 1
182 48 1
256 48 1
285 48 1
447 49 1
45 50 1
396 50 1
999 50 1
19 51 1
31 51 1
52 51 1
1073 51 1
19 52 1
31 52 1
51 52 1
1073 52 1
61 53 1
205 53 1
623 53 1
688 53 1
861 53 1
862 53 1
32 54 1
183 54 1
264 54 1
84 55 1
90 55 1
97 55 2
121 55 1
167 55 1
304 55 1
308 55 1
333 55 1
362 55 1
368 55 1
435 55 1
541 55 2
622 55 1
872 55 1
187 56 1
130 57 1
145 57 1
155 57 1
171 57 1
582 57 1
27 58 1
299 58 1
349 59 1
677 59 1
996 59 1
123 60 1
164 60 1
53 61 1
205 61 1
359 61 1
623 61 1
688 61 1
833 61 1
861 61 1
862 61 1
973 61 1
974 61 1
975 61 1
101 62 1
226 62 1
761 62 1
762 62 1
763 62 1
394 63 2
841 63 1
77 64 1
473 64 1
24 65 2
25 65 2
73 66 1
118 66 1
145 66 1
1028 66 1
340 67 1
403 67 1
445 67 1
446 67 1
447 67 1
388 68 1
443 68 1
1021 68 1
1022 68 1
1023 68 1
11 69 1
45 69 1
30 70 1
364 70 1
365 70 2
425 70 1
72 71 1
79 71 1
245 71 1
71 72 1
79 72 1
245 72 1
66 73 1
118 73 1
145 73 1
1028 73 1
270 74 1
319 74 1
11 75 1
40 75 3
45 75 1
158 75 1
168 75 1
203 75 1
282 75 1
290 75 1
309 75 1
341 75 1
393 75 2
608 75 2
609 75 1
610 75 1
611 75 1
657 75 1
658 75 1
659 75 1
660 75 1
1127 75 1
483 76 1
785 76 1
786 76 1
64 77 1
473 77 1
218 78 1
239 78 1
334 78 1
596 78 1
71 79 1
72 79 1
245 79 1
600 79 1
8 80 1
236 80 1
252 81 1
86 82 1
108 82 1
213 82 1
519 82 1
520 82 1
521 82 1
522 82 1
314 83 1
457 83 1
55 84 1
97 84 1
208 84 1
375 84 1
504 84 1
550 84 3
559 84 2
560 84 1
688 84 1
867 84 1
96 85 1
244 85 1
1153 85 1
1154 85 1
82 86 1
108 86 2
213 86 1
227 86 1
519 86 2
520 86 1
521 86 1
522 86 1
884 87 1
885 87 1
886 87 1
887 87 1
888 87 1
889 87 1
890 87 1
138 88 1
139 88 1
38 89 1
45 89 1
230 89 1
344 89 1
723 89 1
55 90 1
121 90 1
167 90 1
274 90 1
304 90 1
308 90 1
333 90 1
362 90 1
476 91 1
1008 91 1
1009 91 1
1010 91 1
1011 91 1
257 92 1
298 92 2
478 92 1
897 92 1
898 92 2
1066 92 1
94 93 1
606 93 1
93 94 1
229 94 1
491 94 1
606 94 1
159 95 1
256 95 1
272 95 1
276 95 1
294 95 1
494 95 1
495 95 1
496 95 1
497 95 1
498 95 1
499 95 1
500 95 1
706 95 1
85 96 1
244 96 1
1153 96 1
1154 96 1
55 97 2
84 97 1
341 97 1
569 97 1
622 97 1
47 98 1
846 98 1
847 98 1
848 98 1
849 98 1
850 98 1
413 99 1
414 99 1
415 99 1
416 99 1
417 99 1
418 99 1
40 100 1
163 100 1
177 100 1
178 100 1
201 100 1
243 100 1
349 100 1
421 100 1
584 100 1
904 100 2
976 100 1
977 100 1
1034 100 1
62 101 1
226 101 1
761 101 1
762 101 1
763 101 1
129 102 2
720 102 1
948 102 1
949 102 1
950 102 1
1061 102 2
1140 102 1
104 103 1
105 103 1
106 103 1
107 103 1
144 103 1
263 103 1
510 103 1
1076 103 1
1077 103 1
103 104 1
105 104 1
106 104 1
107 104 1
263 104 1
510 104 1
103 105 1
104 105 1
106 105 1
107 105 1
263 105 1
510 105 1
103 106 1
104 106 1
105 106 1
107 106 1
263 106 1
510 106 1
103 107 1
104 107 1
105 107 1
106 107 1
120 107 2
263 107 1
510 107 1
901 107 3
903 107 1
82 108 1
86 108 2
213 108 1
227 108 1
519 108 2
520 108 1
521 108 1
522 108 1
206 109 1
1078 109 1
1079 109 1
1080 109 1
1081 109 1
375 110 1
844 110 2
845 110 2
116 111 1
137 111 1
180 111 1
192 111 1
1110 111 1
359 112 1
36 113 1
142 113 1
1146 113 1
385 114 1
349 115 1
111 116 1
192 116 1
1110 116 1
184 117 1
66 118 1
73 118 1
145 118 1
1028 118 1
134 119 1
396 119 1
107 120 2
901 120 2
903 120 1
55 121 1
90 121 1
167 121 1
304 121 1
308 121 1
333 121 1
362 121 1
23 122 1
160 122 2
179 122 1
279 122 2
280 122 2
281 122 1
405 122 2
412 122 1
423 122 1
424 122 1
490 122 1
492 122 3
493 122 2
603 122 1
604 122 2
654 122 1
655 122 1
656 122 1
60 123 1
164 123 1
406 124 1
407 124 1
408 124 1
822 124 1
823 124 1
126 125 1
195 125 1
755 125 1
756 125 1
125 126 1
195 126 1
755 126 1
756 126 1
313 127 1
977 127 1
1037 127 1
1038 127 1
1039 127 1
184 128 1
972 128 1
102 129 2
1061 129 2
1140 129 1
57 130 1
151 130 1
162 130 1
163 130 1
171 130 2
174 130 2
189 130 1
190 130 1
653 130 1
990 130 1
991 130 1
992 130 1
133 131 1
135 131 1
186 131 2
489 131 1
490 131 1
134 132 1
396 132 1
131 133 1
135 133 1
489 133 1
490 133 1
1155 133 1
1156 133 1
1157 133 1
1158 133 1
1159 133 1
119 134 1
132 134 1
167 134 3
185 134 2
249 134 1
259 134 2
301 134 1
302 134 1
310 134 2
337 134 1
396 134 2
426 134 2
427 134 2
431 134 1
486 134 2
503 134 4
516 134 1
645 134 1
646 134 1
757 134 1
779 134 1
780 134 1
1000 134 1
1001 134 1
1002 134 1
1029 134 1
1030 134 1
1031 134 1
1032 134 1
131 135 1
133 135 1
150 135 1
264 135 1
489 135 1
490 135 2
520 135 1
644 135 1
1020 135 1
1053 135 1
238 136 1
241 136 1
111 137 1
180 137 1
88 138 1
139 138 1
88 139 1
138 139 1
40 140 3
154 140 1
179 140 1
270 140 2
279 140 1
313 140 2
405 140 1
501 140 1
502 140 1
583 140 1
818 140 1
819 140 2
826 140 1
910 140 1
911 140 1
1005 140 1
1074 140 1
1075 140 1
1100 140 1
23 141 1
179 141 1
36 142 1
113 142 1
1146 142 1
241 143 1
103 144 1
1076 144 1
1077 144 1
57 145 1
66 145 1
73 145 1
118 145 1
155 145 1
582 145 1
1028 145 1
2 146 1
167 146 3
187 146 1
835 146 1
836 146 1
997 146 1
998 146 1
330 147 2
605 147 1
894 147 1
895 147 1
896 147 1
32 148 1
149 148 1
32 149 1
148 149 1
288 149 3
289 149 1
708 149 2
709 149 1
710 149 1
1040 149 1
1041 149 1
1042 149 1
1070 149 1
1071 149 1
1072 149 1
135 150 1
520 150 1
1053 150 1
23 151 1
130 151 1
162 151 1
163 151 1
171 151 1
990 151 1
991 151 1
992 151 1
1125 151 1
13 152 1
799 152 1
800 152 1
303 153 1
1137 153 1
1138 153 1
1139 153 1
140 154 1
313 154 1
583 154 1
910 154 1
911 154 1
57 155 1
145 155 1
582 155 1
48 156 1
182 156 2
256 156 2
285 156 2
335 156 1
513 156 1
955 156 1
1152 156 1
511 157 1
45 158 1
75 158 1
290 158 1
309 158 1
95 159 1
294 159 1
122 160 2
492 160 1
493 160 1
603 160 1
604 160 1
649 161 1
130 162 1
151 162 1
163 162 1
171 162 1
990 162 1
991 162 1
992 162 1
9 163 1
100 163 1
130 163 1
151 163 1
162 163 1
171 163 1
177 163 1
284 163 1
904 163 2
990 163 1
991 163 1
992 163 1
60 164 1
123 164 1
932 164 1
933 164 1
953 164 2
954 164 3
960 164 1
220 165 1
318 165 1
503 165 1
176 166 1
809 166 1
941 166 1
942 166 1
943 166 1
944 166 1
2 167 2
55 167 1
90 167 1
121 167 1
134 167 3
146 167 3
185 167 2
187 167 1
304 167 1
308 167 1
333 167 1
337 167 1
362 167 1
486 167 2
503 167 3
779 167 1
780 167 1
835 167 2
836 167 2
837 167 1
997 167 1
998 167 1
75 168 1
585 169 1
586 169 1
587 169 1
588 169 1
589 169 1
9 170 1
277 170 1
57 171 1
130 171 2
151 171 1
162 171 1
163 171 1
990 171 1
991 171 1
992 171 1
412 172 1
270 173 1
130 174 2
189 174 1
190 174 1
653 174 1
202 175 1
258 175 1
868 175 1
869 175 1
166 176 1
809 176 1
941 176 1
942 176 1
943 176 1
944 176 1
100 177 1
163 177 1
904 177 1
100 178 1
243 178 1
1034 178 1
23 179 3
122 179 1
140 179 1
141 179 1
490 179 1
492 179 1
966 179 1
1059 179 1
1060 179 1
111 180 1
137 180 1
12 181 1
273 181 1
285 181 1
312 181 1
16 182 1
48 182 1
156 182 2
256 182 2
275 182 1
285 182 2
513 182 1
891 182 1
32 183 1
54 183 1
264 183 1
117 184 1
128 184 1
972 184 1
12 185 1
14 185 1
134 185 2
167 185 2
314 185 1
318 185 1
332 185 1
365 185 1
486 185 1
503 185 3
688 185 1
820 185 2
821 185 1
1084 185 1
1085 185 1
1086 185 1
1087 185 1
1088 185 1
1089 185 1
1090 185 1
1091 185 1
1092 185 1
13 186 1
131 186 2
549 186 1
56 187 1
146 187 1
167 187 1
41 188 1
688 188 1
1003 188 1
1004 188 1
130 189 1
174 189 1
130 190 1
174 190 1
653 190 1
265 191 1
840 191 1
1126 191 1
111 192 1
116 192 1
1110 192 1
250 193 1
306 193 1
342 193 2
977 193 1
7 194 2
279 194 1
377 194 1
870 194 1
871 194 1
125 195 1
126 195 1
755 195 1
756 195 1
13 196 1
805 196 1
1101 196 1
1102 196 1
1103 196 1
1104 196 1
527 197 1
528 197 1
934 197 1
262 198 1
851 198 1
852 198 1
853 198 1
854 198 1
855 198 1
856 198 1
857 198 1
858 198 1
859 198 1
472 199 1
396 200 1
1052 200 1
1054 200 1
1055 200 1
1056 200 1
100 201 1
584 201 1
904 201 1
175 202 1
258 202 1
868 202 1
869 202 1
75 203 1
1127 203 1
363 204 1
53 205 1
61 205 1
623 205 1
688 205 1
861 205 1
862 205 1
109 206 1
1078 206 1
1079 206 1
1080 206 1
1081 206 1
455 207 1
456 207 1
84 208 1
550 208 1
688 208 1
210 209 1
356 209 1
367 209 1
978 209 1
979 209 1
209 210 1
356 210 1
367 210 1
978 210 1
979 210 1
212 211 1
863 211 1
211 212 1
671 212 1
672 212 1
673 212 1
863 212 1
82 213 1
86 213 1
108 213 1
519 213 1
520 213 1
521 213 1
522 213 1
341 214 1
569 214 1
824 214 1
825 214 1
321 215 1
332 216 1
725 216 1
733 216 1
734 216 1
735 216 1
902 216 1
321 217 1
533 217 1
78 218 1
239 218 1
334 218 1
596 218 1
1017 219 1
1018 219 1
165 220 1
318 220 1
503 220 1
1150 221 1
315 222 1
1048 222 1
1049 222 1
4 223 1
5 223 1
343 223 1
33 224 1
331 224 1
354 224 1
355 224 1
15 225 1
228 225 1
290 225 1
360 225 1
62 226 1
101 226 1
761 226 1
762 226 1
763 226 1
86 227 1
108 227 1
519 227 1
15 228 1
225 228 1
290 228 1
360 228 1
94 229 1
491 229 1
45 230 1
89 230 1
39 231 1
274 231 1
390 231 1
648 231 1
952 232 1
321 233 2
316 234 1
769 235 1
1067 235 1
1068 235 1
1069 235 1
8 236 1
80 236 1
339 237 3
700 237 1
10 238 1
136 238 1
314 238 1
332 238 1
448 238 1
688 238 1
1083 238 1
78 239 1
218 239 1
334 239 1
596 239 1
38 240 2
301 240 1
428 240 3
429 240 2
430 240 1
432 240 1
433 240 1
434 240 1
598 240 1
1031 240 1
1033 240 1
1036 240 1
1105 240 1
136 241 1
143 241 1
769 241 1
900 241 1
381 242 1
384 242 1
601 242 1
951 242 1
100 243 1
178 243 1
1034 243 1
85 244 1
96 244 1
1153 244 1
1154 244 1
71 245 1
72 245 1
79 245 1
362 246 1
688 246 1
486 247 1
993 247 1
994 247 1
995 247 1
44 248 1
463 248 1
464 248 1
465 248 1
466 248 1
467 248 1
468 248 1
469 248 1
470 248 1
471 248 1
134 249 1
193 250 1
977 250 1
18 251 1
19 251 1
20 251 1
366 251 1
590 251 1
81 252 1
288 253 1
297 253 1
480 253 1
481 253 1
482 253 1
483 254 1
921 254 1
323 255 1
397 255 1
1136 255 1
48 256 1
95 256 1
156 256 2
182 256 2
276 256 1
285 256 2
513 256 1
706 256 1
92 257 1
478 257 1
175 258 1
202 258 1
546 258 1
547 258 1
548 258 1
868 258 1
869 258 1
134 259 2
267 259 1
310 259 2
426 259 1
427 259 2
678 259 1
679 259 1
757 259 1
790 260 1
791 260 1
792 260 1
674 261 1
675 261 1
198 262 1
851 262 1
852 262 1
853 262 1
854 262 1
855 262 1
856 262 1
857 262 1
858 262 1
859 262 1
103 263 1
104 263 1
105 263 1
106 263 1
107 263 1
510 263 1
32 264 1
54 264 1
135 264 1
183 264 1
490 264 1
1020 264 1
191 265 1
1126 265 1
42 266 1
46 266 1
267 266 1
42 267 1
46 267 1
259 267 1
266 267 1
678 267 1
679 267 1
336 268 1
352 268 1
372 268 1
713 269 1
714 269 1
715 269 1
716 269 1
717 269 1
40 270 5
74 270 1
140 270 2
173 270 1
319 270 1
329 270 1
349 270 1
392 270 1
405 270 1
450 270 2
501 270 1
502 270 1
554 270 1
555 270 1
556 270 1
557 270 1
558 270 1
666 270 1
667 270 2
668 270 1
677 270 1
819 270 1
826 270 1
956 270 1
1074 270 1
1075 270 1
1111 270 1
1112 270 1
737 271 1
738 271 1
793 271 1
794 271 1
95 272 1
494 272 1
495 272 1
496 272 1
497 272 1
498 272 1
499 272 1
500 272 1
12 273 1
181 273 1
285 273 1
312 273 1
29 274 1
35 274 1
39 274 1
90 274 1
231 274 1
390 274 1
391 274 1
547 274 1
648 274 1
806 274 1
807 274 1
808 274 1
16 275 1
182 275 1
891 275 1
95 276 1
256 276 1
706 276 1
9 277 1
170 277 1
314 278 2
392 278 1
487 278 1
652 278 1
1 279 1
7 279 1
40 279 2
122 279 2
140 279 1
194 279 1
280 279 1
303 279 1
305 279 1
315 279 1
377 279 1
405 279 8
423 279 1
424 279 1
501 279 1
502 279 2
736 279 2
870 279 1
871 279 1
926 279 1
927 279 1
928 279 1
929 279 1
930 279 1
931 279 1
122 280 2
279 280 1
281 280 1
405 280 1
412 280 1
423 280 1
424 280 1
122 281 1
280 281 1
412 281 1
75 282 1
341 282 1
342 283 1
561 283 1
9 284 1
163 284 1
904 284 1
12 285 1
48 285 1
156 285 2
181 285 1
182 285 2
256 285 2
273 285 1
312 285 1
513 285 1
287 286 3
291 286 3
296 286 3
300 286 2
438 286 1
842 286 1
286 287 3
291 287 1
296 287 1
438 287 1
842 287 1
149 288 3
253 288 1
289 288 3
295 288 1
297 288 1
480 288 1
481 288 1
482 288 1
676 288 1
708 288 2
709 288 1
710 288 1
721 288 1
722 288 1
1113 288 1
149 289 1
288 289 3
676 289 1
708 289 1
709 289 1
721 289 1
722 289 1
15 290 1
45 290 1
75 290 1
158 290 1
225 290 1
228 290 1
309 290 1
360 290 1
286 291 3
287 291 1
296 291 3
300 291 2
842 291 1
558 292 1
570 292 1
571 292 1
572 292 1
573 292 1
574 292 1
575 292 1
576 292 1
577 292 1
578 292 1
817 293 1
95 294 1
159 294 1
288 295 1
1113 295 1
286 296 3
287 296 1
291 296 3
300 296 2
842 296 1
253 297 1
288 297 1
480 297 1
481 297 1
482 297 1
92 298 2
898 298 1
1066 298 1
27 299 1
58 299 1
286 300 2
291 300 2
296 300 2
134 301 1
240 301 1
1029 301 1
1030 301 1
1031 301 3
1032 301 1
1036 301 2
1105 301 1
134 302 1
431 302 1
34 303 1
40 303 1
153 303 1
279 303 1
395 303 1
405 303 3
449 303 1
450 303 1
451 303 3
461 303 1
462 303 1
523 303 1
524 303 1
525 303 1
529 303 1
1137 303 1
1138 303 1
1139 303 1
55 304 1
90 304 1
121 304 1
167 304 1
308 304 1
333 304 1
362 304 1
1 305 1
279 305 1
405 305 1
736 305 1
193 306 1
342 306 1
404 306 1
447 307 1
55 308 1
90 308 1
121 308 1
167 308 1
304 308 1
333 308 1
362 308 1
376 308 1
45 309 1
75 309 1
158 309 1
290 309 1
134 310 2
259 310 2
318 310 1
426 310 1
427 310 2
757 310 1
1057 310 1
1058 310 1
313 311 1
1147 311 1
1148 311 1
1149 311 1
12 312 1
181 312 1
273 312 1
285 312 1
127 313 1
140 313 2
154 313 1
311 313 1
332 313 1
397 313 1
404 313 1
411 313 1
422 313 1
474 313 1
475 313 1
476 313 1
477 313 2
487 313 1
583 313 3
584 313 1
910 313 1
911 313 1
977 313 1
1005 313 1
1025 313 1
1026 313 1
1027 313 1
1037 313 1
1038 313 1
1039 313 1
1147 313 1
1148 313 1
1149 313 1
12 314 1
83 314 1
185 314 1
238 314 1
278 314 2
332 314 2
362 314 1
365 314 1
383 314 1
389 314 1
392 314 1
394 314 1
440 314 1
457 314 1
476 314 2
487 314 3
620 314 1
621 314 1
652 314 1
688 314 3
788 314 1
789 314 2
1012 314 1
1013 314 1
1014 314 1
1015 314 1
1083 314 1
1108 314 1
1109 314 1
222 315 1
279 315 1
377 315 1
871 315 1
910 315 1
986 315 1
1048 315 2
1049 315 1
234 316 1
434 317 1
803 317 1
165 318 1
185 318 1
220 318 1
310 318 1
503 318 2
820 318 1
821 318 1
1057 318 1
1058 318 1
74 319 1
270 319 1
359 320 2
530 320 2
531 320 1
532 320 1
215 321 1
217 321 1
233 321 2
533 321 1
412 322 1
255 323 1
397 323 1
1136 323 1
325 324 1
345 324 1
346 324 1
347 324 2
374 324 1
553 324 1
324 325 1
346 325 1
347 325 1
349 325 1
374 325 1
398 325 1
553 325 1
484 326 1
485 326 1
373 327 1
340 328 1
380 328 1
386 328 1
402 328 1
270 329 1
349 329 1
501 329 1
147 330 2
605 330 2
894 330 1
895 330 1
896 330 1
33 331 1
224 331 1
354 331 1
355 331 1
12 332 1
185 332 1
216 332 1
238 332 1
313 332 1
314 332 2
353 332 1
357 332 1
365 332 1
373 332 1
382 332 1
397 332 1
404 332 2
411 332 1
688 332 2
733 332 1
734 332 1
735 332 1
1083 332 1
1114 332 1
1115 332 1
55 333 1
90 333 1
121 333 1
167 333 1
304 333 1
308 333 1
362 333 1
78 334 1
218 334 1
239 334 1
596 334 1
156 335 1
1152 335 1
268 336 1
352 336 1
372 336 1
593 336 1
597 336 1
770 336 1
771 336 1
134 337 1
167 337 1
486 337 1
503 337 1
779 337 1
780 337 1
1130 338 1
1131 338 1
237 339 3
439 339 1
458 339 1
459 339 1
460 339 1
700 339 1
67 340 1
328 340 1
361 340 1
380 340 1
386 340 1
402 340 2
403 340 1
436 340 2
437 340 1
445 340 1
446 340 1
447 340 2
683 340 1
684 340 1
685 340 1
686 340 1
75 341 1
97 341 1
214 341 1
282 341 1
474 341 1
569 341 2
797 341 1
824 341 1
825 341 1
1082 341 1
193 342 2
283 342 1
306 342 1
561 342 1
4 343 1
5 343 1
223 343 1
89 344 1
324 345 1
347 345 2
324 346 1
325 346 1
347 346 1
374 346 1
553 346 1
324 347 2
325 347 1
345 347 2
346 347 1
374 347 1
553 347 1
550 348 1
688 348 1
839 348 1
40 349 3
59 349 1
100 349 1
115 349 1
270 349 1
325 349 1
329 349 1
398 349 1
501 349 1
677 349 1
842 349 1
904 349 1
996 349 1
1035 349 1
1124 349 1
351 350 1
371 350 1
350 351 1
371 351 1
268 352 1
336 352 1
372 352 1
688 352 1
843 352 1
332 353 1
373 353 1
382 353 1
33 354 1
224 354 1
331 354 1
355 354 1
33 355 1
224 355 1
331 355 1
354 355 1
209 356 1
210 356 1
367 356 1
978 356 1
979 356 1
332 357 1
491 358 1
795 358 1
796 358 1
1144 358 1
1145 358 1
61 359 1
112 359 1
320 359 2
388 359 1
530 359 4
531 359 1
532 359 1
768 359 1
833 359 1
909 359 1
973 359 1
974 359 1
975 359 1
15 360 1
225 360 1
228 360 1
290 360 1
340 361 1
436 361 1
437 361 1
55 362 1
90 362 1
121 362 1
167 362 1
246 362 1
304 362 1
308 362 1
314 362 1
333 362 1
543 362 1
544 362 1
545 362 1
688 362 1
788 362 1
961 362 1
962 362 1
963 362 1
204 363 1
70 364 1
365 364 1
12 365 1
70 365 2
185 365 1
314 365 1
332 365 1
364 365 1
688 365 1
18 366 1
19 366 1
20 366 1
251 366 1
590 366 1
209 367 1
210 367 1
356 367 1
978 367 1
979 367 1
55 368 1
872 368 1
370 369 1
369 370 1
592 370 2
599 370 1
707 370 1
810 370 1
811 370 1
350 371 1
351 371 1
268 372 1
336 372 1
352 372 1
593 372 1
594 372 1
595 372 1
327 373 1
332 373 1
353 373 1
382 373 1
324 374 1
325 374 1
346 374 1
347 374 1
553 374 1
84 375 1
110 375 1
504 375 1
844 375 1
845 375 1
308 376 1
194 377 1
279 377 1
315 377 1
871 377 2
542 378 1
784 379 2
980 379 1
1043 379 1
1044 379 1
1063 379 1
1064 379 1
1065 379 1
328 380 1
340 380 1
386 380 2
402 380 1
534 380 1
535 380 1
536 380 1
242 381 1
384 381 1
601 381 1
332 382 1
353 382 1
373 382 1
314 383 1
389 383 1
620 383 1
621 383 1
242 384 1
381 384 1
601 384 1
114 385 1
328 386 1
340 386 1
380 386 2
402 386 1
534 386 2
535 386 1
536 386 1
665 386 1
669 386 2
670 386 1
704 386 1
705 386 1
1024 386 1
766 387 1
767 387 1
68 388 1
359 388 1
530 388 1
768 388 1
1021 388 1
1022 388 1
1023 388 1
314 389 1
383 389 1
620 389 1
621 389 1
39 390 2
231 390 1
274 390 1
648 390 1
29 391 1
274 391 1
547 391 1
806 391 1
807 391 1
808 391 1
270 392 1
278 392 1
314 392 1
487 392 1
75 393 2
63 394 2
314 394 1
841 394 1
303 395 1
486 395 1
529 395 1
45 396 1
50 396 1
119 396 1
132 396 1
134 396 2
200 396 1
999 396 1
1052 396 2
1054 396 1
1055 396 1
1056 396 1
255 397 1
313 397 1
323 397 1
332 397 1
404 397 1
411 397 1
1136 397 1
325 398 1
349 398 1
402 399 1
685 399 1
964 399 1
965 399 1
401 400 2
750 400 1
400 401 2
750 401 1
824 401 1
1016 401 1
328 402 1
340 402 2
380 402 1
386 402 1
399 402 1
443 402 1
447 402 1
593 402 1
685 402 1
964 402 1
965 402 1
67 403 1
340 403 1
445 403 1
446 403 1
447 403 1
518 403 1
306 404 1
313 404 1
332 404 2
397 404 1
411 404 1
491 404 1
591 404 1
1114 404 1
1115 404 1
1 405 1
34 405 1
40 405 3
122 405 2
140 405 1
270 405 1
279 405 8
280 405 1
303 405 3
305 405 1
423 405 1
424 405 1
461 405 1
462 405 1
501 405 1
502 405 3
736 405 2
926 405 1
927 405 1
928 405 1
929 405 1
930 405 1
931 405 1
124 406 1
407 406 3
408 406 3
409 406 1
410 406 1
822 406 1
823 406 1
124 407 1
406 407 3
408 407 3
409 407 1
410 407 1
822 407 1
823 407 1
124 408 1
406 408 3
407 408 3
409 408 1
410 408 1
822 408 1
823 408 1
406 409 1
407 409 1
408 409 1
410 409 1
406 410 1
407 410 1
408 410 1
409 410 1
313 411 1
332 411 1
397 411 1
404 411 1
122 412 1
172 412 1
280 412 1
281 412 1
322 412 1
99 413 1
414 413 1
415 413 1
416 413 1
417 413 1
418 413 1
99 414 1
413 414 1
415 414 1
416 414 1
417 414 1
418 414 1
99 415 1
413 415 1
414 415 1
416 415 1
417 415 1
418 415 1
99 416 1
413 416 1
414 416 1
415 416 1
417 416 1
418 416 1
99 417 1
413 417 1
414 417 1
415 417 1
416 417 1
418 417 1
99 418 1
413 418 1
414 418 1
415 418 1
416 418 1
417 418 1
860 419 1
592 420 2
1050 420 1
1051 420 1
100 421 1
313 422 1
122 423 1
279 423 1
280 423 1
405 423 1
424 423 1
122 424 1
279 424 1
280 424 1
405 424 1
423 424 1
30 425 1
70 425 1
134 426 2
259 426 1
310 426 1
427 426 1
431 426 1
134 427 2
259 427 2
310 427 2
426 427 1
757 427 1
38 428 2
240 428 3
429 428 2
430 428 1
432 428 1
433 428 1
434 428 1
598 428 1
1033 428 1
38 429 2
240 429 2
428 429 2
430 429 1
432 429 1
433 429 1
434 429 1
38 430 1
240 430 1
428 430 1
429 430 1
592 430 1
812 430 1
134 431 1
302 431 1
426 431 1
38 432 1
240 432 1
428 432 1
429 432 1
433 432 1
434 432 1
38 433 1
240 433 1
428 433 1
429 433 1
432 433 1
434 433 1
38 434 1
240 434 1
317 434 1
428 434 1
429 434 1
432 434 1
433 434 1
440 434 1
441 434 2
55 435 1
340 436 2
361 436 1
437 436 1
683 436 1
684 436 1
685 436 1
686 436 1
340 437 1
361 437 1
436 437 1
286 438 1
287 438 1
564 438 1
565 438 1
339 439 1
314 440 1
434 440 1
441 440 1
434 441 2
440 441 1
443 442 2
68 443 1
402 443 1
442 443 2
528 443 1
593 443 1
607 443 1
752 443 1
798 443 1
447 444 1
452 444 1
512 444 1
758 444 1
67 445 1
340 445 1
403 445 1
446 445 1
447 445 1
67 446 1
340 446 1
403 446 1
445 446 1
447 446 1
49 447 1
67 447 1
307 447 1
340 447 2
402 447 1
403 447 1
444 447 1
445 447 1
446 447 1
452 447 1
502 447 1
528 447 1
562 447 1
563 447 1
701 447 1
702 447 1
703 447 1
758 447 1
10 448 1
238 448 1
303 449 1
450 449 1
451 449 1
40 450 1
270 450 2
303 450 1
449 450 1
451 450 1
1111 450 1
1112 450 1
303 451 3
449 451 1
450 451 1
444 452 1
447 452 1
453 452 1
454 452 1
758 452 1
452 453 1
454 453 1
899 453 1
452 454 1
453 454 1
602 454 1
207 455 1
456 455 1
207 456 1
455 456 1
83 457 1
314 457 1
339 458 1
459 458 1
460 458 1
339 459 1
458 459 1
460 459 1
339 460 1
458 460 1
459 460 1
34 461 1
303 461 1
405 461 1
462 461 1
34 462 1
303 462 1
405 462 1
461 462 1
44 463 1
248 463 1
464 463 1
465 463 1
466 463 1
467 463 1
468 463 1
469 463 1
470 463 1
471 463 1
44 464 1
248 464 1
463 464 1
465 464 1
466 464 1
467 464 1
468 464 1
469 464 1
470 464 1
471 464 1
44 465 1
248 465 1
463 465 1
464 465 1
466 465 1
467 465 1
468 465 1
469 465 1
470 465 1
471 465 1
44 466 1
248 466 1
463 466 1
464 466 1
465 466 1
467 466 1
468 466 1
469 466 1
470 466 1
471 466 1
44 467 1
248 467 1
463 467 1
464 467 1
465 467 1
466 467 1
468 467 1
469 467 1
470 467 1
471 467 1
44 468 1
248 468 1
463 468 1
464 468 1
465 468 1
466 468 1
467 468 1
469 468 1
470 468 1
471 468 1
44 469 1
248 469 1
463 469 1
464 469 1
465 469 1
466 469 1
467 469 1
468 469 1
470 469 1
471 469 1
44 470 1
248 470 1
463 470 1
464 470 1
465 470 1
466 470 1
467 470 1
468 470 1
469 470 1
471 470 1
44 471 1
248 471 1
463 471 1
464 471 1
465 471 1
466 471 1
467 471 1
468 471 1
469 471 1
470 471 1
199 472 1
64 473 1
77 473 1
313 474 1
341 474 1
313 475 1
91 476 1
313 476 1
314 476 2
477 476 1
688 476 1
789 476 1
1008 476 1
1009 476 1
1010 476 1
1011 476 1
313 477 2
476 477 1
583 477 1
584 477 1
92 478 1
257 478 1
488 479 1
253 480 1
288 480 1
297 480 1
481 480 1
482 480 1
253 481 1
288 481 1
297 481 1
480 481 1
482 481 1
253 482 1
288 482 1
297 482 1
480 482 1
481 482 1
76 483 1
254 483 1
785 483 1
786 483 1
326 484 1
485 484 1
326 485 1
484 485 1
134 486 2
167 486 2
185 486 1
247 486 1
337 486 1
395 486 1
503 486 2
777 486 1
778 486 1
779 486 1
780 486 1
781 486 1
278 487 1
313 487 1
314 487 3
392 487 1
583 487 1
1012 487 1
1013 487 1
1014 487 1
1015 487 1
1025 487 1
1026 487 1
1027 487 1
1108 487 1
1109 487 1
479 488 1
131 489 1
133 489 1
135 489 1
490 489 1
23 490 1
122 490 1
131 490 1
133 490 1
135 490 2
179 490 1
264 490 1
489 490 1
492 490 1
1020 490 1
94 491 1
229 491 1
358 491 1
404 491 1
591 491 1
592 491 1
795 491 1
796 491 1
23 492 1
122 492 3
160 492 1
179 492 1
490 492 1
493 492 1
122 493 2
160 493 1
492 493 1
604 493 1
95 494 1
272 494 1
495 494 1
496 494 1
497 494 1
498 494 1
499 494 1
500 494 1
95 495 1
272 495 1
494 495 1
496 495 1
497 495 1
498 495 1
499 495 1
500 495 1
95 496 1
272 496 1
494 496 1
495 496 1
497 496 1
498 496 1
499 496 1
500 496 1
95 497 1
272 497 1
494 497 1
495 497 1
496 497 1
498 497 1
499 497 1
500 497 1
95 498 1
272 498 1
494 498 1
495 498 1
496 498 1
497 498 1
499 498 1
500 498 1
95 499 1
272 499 1
494 499 1
495 499 1
496 499 1
497 499 1
498 499 1
500 499 1
95 500 1
272 500 1
494 500 1
495 500 1
496 500 1
497 500 1
498 500 1
499 500 1
140 501 1
270 501 1
279 501 1
329 501 1
349 501 1
405 501 1
502 501 1
40 502 2
140 502 1
270 502 1
279 502 2
405 502 3
447 502 1
501 502 1
134 503 4
165 503 1
167 503 3
185 503 3
220 503 1
318 503 2
337 503 1
486 503 2
514 503 1
515 503 1
516 503 2
517 503 1
645 503 1
646 503 1
779 503 1
780 503 1
820 503 1
821 503 1
84 504 1
375 504 1
506 505 1
507 505 1
508 505 1
509 505 1
505 506 1
507 506 1
508 506 1
509 506 1
505 507 1
506 507 1
508 507 1
509 507 1
505 508 1
506 508 1
507 508 1
509 508 1
505 509 1
506 509 1
507 509 1
508 509 1
103 510 1
104 510 1
105 510 1
106 510 1
107 510 1
263 510 1
157 511 1
444 512 1
156 513 1
182 513 1
256 513 1
285 513 1
503 514 1
515 514 1
516 514 1
517 514 1
503 515 1
514 515 1
516 515 1
517 515 1
134 516 1
503 516 2
514 516 1
515 516 1
517 516 1
645 516 1
646 516 1
503 517 1
514 517 1
515 517 1
516 517 1
403 518 1
82 519 1
86 519 2
108 519 2
213 519 1
227 519 1
520 519 1
521 519 1
522 519 1
82 520 1
86 520 1
108 520 1
135 520 1
150 520 1
213 520 1
519 520 1
521 520 1
522 520 1
1053 520 1
82 521 1
86 521 1
108 521 1
213 521 1
519 521 1
520 521 1
522 521 1
82 522 1
86 522 1
108 522 1
213 522 1
519 522 1
520 522 1
521 522 1
303 523 1
524 523 1
525 523 1
303 524 1
523 524 1
525 524 1
303 525 1
523 525 1
524 525 1
527 526 1
528 526 1
197 527 1
526 527 1
528 527 2
934 527 1
197 528 1
443 528 1
447 528 1
526 528 1
527 528 2
562 528 1
563 528 1
798 528 1
934 528 1
303 529 1
395 529 1
320 530 2
359 530 4
388 530 1
531 530 1
532 530 1
768 530 1
909 530 1
320 531 1
359 531 1
530 531 1
532 531 1
320 532 1
359 532 1
530 532 1
531 532 1
694 532 1
695 532 1
696 532 1
217 533 1
321 533 1
380 534 1
386 534 2
535 534 1
536 534 1
380 535 1
386 535 1
534 535 1
536 535 1
380 536 1
386 536 1
534 536 1
535 536 1
538 537 1
539 537 1
540 537 1
537 538 1
539 538 1
540 538 1
537 539 1
538 539 1
540 539 1
537 540 1
538 540 1
539 540 1
55 541 2
378 542 1
362 543 1
544 543 1
545 543 1
362 544 1
543 544 1
545 544 1
362 545 1
543 545 1
544 545 1
258 546 1
547 546 1
548 546 1
29 547 1
258 547 1
274 547 1
391 547 1
546 547 1
548 547 1
806 547 1
807 547 1
808 547 1
258 548 1
546 548 1
547 548 1
13 549 1
186 549 1
84 550 3
208 550 1
348 550 1
559 550 2
560 550 1
688 550 2
839 550 1
552 551 1
551 552 1
967 552 1
968 552 1
969 552 1
970 552 1
971 552 1
324 553 1
325 553 1
346 553 1
347 553 1
374 553 1
270 554 1
555 554 1
556 554 1
557 554 1
558 554 1
270 555 1
554 555 1
556 555 1
557 555 1
558 555 1
270 556 1
554 556 1
555 556 1
557 556 1
558 556 1
270 557 1
554 557 1
555 557 1
556 557 1
558 557 1
270 558 1
292 558 1
554 558 1
555 558 1
556 558 1
557 558 1
570 558 1
571 558 1
572 558 1
573 558 1
574 558 1
575 558 1
576 558 1
577 558 1
578 558 1
84 559 2
550 559 2
560 559 1
84 560 1
550 560 1
559 560 1
283 561 1
342 561 1
447 562 1
528 562 1
563 562 1
447 563 1
528 563 1
562 563 1
438 564 1
565 564 2
764 564 1
765 564 1
438 565 1
564 565 2
764 565 1
765 565 1
567 566 1
568 566 1
566 567 1
568 567 1
566 568 1
567 568 1
97 569 1
214 569 1
341 569 2
824 569 1
825 569 1
292 570 1
558 570 1
571 570 1
572 570 1
573 570 1
574 570 1
575 570 1
576 570 1
577 570 1
578 570 1
292 571 1
558 571 1
570 571 1
572 571 1
573 571 1
574 571 1
575 571 1
576 571 1
577 571 1
578 571 1
292 572 1
558 572 1
570 572 1
571 572 1
573 572 1
574 572 1
575 572 1
576 572 1
577 572 1
578 572 1
292 573 1
558 573 1
570 573 1
571 573 1
572 573 1
574 573 1
575 573 1
576 573 1
577 573 1
578 573 1
292 574 1
558 574 1
570 574 1
571 574 1
572 574 1
573 574 1
575 574 1
576 574 1
577 574 1
578 574 1
292 575 1
558 575 1
570 575 1
571 575 1
572 575 1
573 575 1
574 575 1
576 575 1
577 575 1
578 575 1
292 576 1
558 576 1
570 576 1
571 576 1
572 576 1
573 576 1
574 576 1
575 576 1
577 576 1
578 576 1
292 577 1
558 577 1
570 577 1
571 577 1
572 577 1
573 577 1
574 577 1
575 577 1
576 577 1
578 577 1
292 578 1
558 578 1
570 578 1
571 578 1
572 578 1
573 578 1
574 578 1
575 578 1
576 578 1
577 578 1
580 579 1
579 580 1
774 580 1
582 581 1
57 582 1
145 582 1
155 582 1
581 582 1
140 583 1
154 583 1
313 583 3
477 583 1
487 583 1
584 583 1
910 583 1
911 583 1
1025 583 1
1026 583 1
1027 583 1
100 584 1
201 584 1
313 584 1
477 584 1
583 584 1
904 584 1
169 585 1
586 585 1
587 585 1
588 585 1
589 585 1
169 586 1
585 586 1
587 586 1
588 586 1
589 586 1
169 587 1
585 587 1
586 587 1
588 587 1
589 587 1
169 588 1
585 588 1
586 588 1
587 588 1
589 588 1
169 589 1
585 589 1
586 589 1
587 589 1
588 589 1
18 590 1
19 590 1
20 590 1
251 590 1
366 590 1
404 591 1
491 591 1
370 592 2
420 592 2
430 592 1
491 592 1
599 592 1
707 592 1
810 592 1
811 592 1
812 592 1
813 592 1
814 592 1
336 593 1
372 593 1
402 593 1
443 593 1
594 593 2
595 593 1
597 593 1
372 594 1
593 594 2
595 594 1
372 595 1
593 595 1
594 595 1
78 596 1
218 596 1
239 596 1
334 596 1
336 597 1
593 597 1
240 598 1
428 598 1
1033 598 1
370 599 1
592 599 1
600 599 1
1047 599 1
79 600 1
599 600 1
242 601 1
381 601 1
384 601 1
454 602 1
122 603 1
160 603 1
604 603 1
122 604 2
160 604 1
493 604 1
603 604 1
147 605 1
330 605 2
93 606 1
94 606 1
443 607 1
40 608 2
75 608 2
609 608 1
610 608 1
611 608 1
40 609 1
75 609 1
608 609 1
40 610 1
75 610 1
608 610 1
611 610 1
40 611 1
75 611 1
608 611 1
610 611 1
613 612 1
614 612 1
615 612 1
616 612 1
617 612 1
618 612 1
619 612 1
612 613 1
614 613 1
615 613 1
616 613 1
617 613 1
618 613 1
619 613 1
612 614 1
613 614 1
615 614 1
616 614 1
617 614 1
618 614 1
619 614 1
612 615 1
613 615 1
614 615 1
616 615 1
617 615 1
618 615 1
619 615 1
612 616 1
613 616 1
614 616 1
615 616 1
617 616 1
618 616 1
619 616 1
612 617 1
613 617 1
614 617 1
615 617 1
616 617 1
618 617 1
619 617 1
612 618 1
613 618 1
614 618 1
615 618 1
616 618 1
617 618 1
619 618 1
612 619 1
613 619 1
614 619 1
615 619 1
616 619 1
617 619 1
618 619 1
314 620 1
383 620 1
389 620 1
621 620 1
314 621 1
383 621 1
389 621 1
620 621 1
55 622 1
97 622 1
35 623 1
53 623 1
61 623 1
205 623 1
624 623 1
625 623 1
626 623 1
627 623 1
628 623 1
629 623 1
630 623 1
631 623 1
632 623 1
633 623 1
634 623 1
635 623 1
636 623 1
637 623 1
638 623 1
639 623 1
640 623 1
641 623 1
688 623 1
861 623 1
862 623 1
35 624 1
623 624 1
625 624 1
626 624 1
627 624 1
628 624 1
629 624 1
630 624 1
631 624 1
632 624 1
633 624 1
634 624 1
635 624 1
636 624 1
637 624 1
638 624 1
639 624 1
640 624 1
641 624 1
35 625 1
623 625 1
624 625 1
626 625 1
627 625 1
628 625 1
629 625 1
630 625 1
631 625 1
632 625 1
633 625 1
634 625 1
635 625 1
636 625 1
637 625 1
638 625 1
639 625 1
640 625 1
641 625 1
35 626 1
623 626 1
624 626 1
625 626 1
627 626 1
628 626 1
629 626 1
630 626 1
631 626 1
632 626 1
633 626 1
634 626 1
635 626 1
636 626 1
637 626 1
638 626 1
639 626 1
640 626 1
641 626 1
35 627 1
623 627 1
624 627 1
625 627 1
626 627 1
628 627 1
629 627 1
630 627 1
631 627 1
632 627 1
633 627 1
634 627 1
635 627 1
636 627 1
637 627 1
638 627 1
639 627 1
640 627 1
641 627 1
35 628 1
623 628 1
624 628 1
625 628 1
626 628 1
627 628 1
629 628 1
630 628 1
631 628 1
632 628 1
633 628 1
634 628 1
635 628 1
636 628 1
637 628 1
638 628 1
639 628 1
640 628 1
641 628 1
35 629 1
623 629 1
624 629 1
625 629 1
626 629 1
627 629 1
628 629 1
630 629 1
631 629 1
632 629 1
633 629 1
634 629 1
635 629 1
636 629 1
637 629 1
638 629 1
639 629 1
640 629 1
641 629 1
35 630 1
623 630 1
624 630 1
625 630 1
626 630 1
627 630 1
628 630 1
629 630 1
631 630 1
632 630 1
633 630 1
634 630 1
635 630 1
636 630 1
637 630 1
638 630 1
639 630 1
640 630 1
641 630 1
35 631 1
623 631 1
624 631 1
625 631 1
626 631 1
627 631 1
628 631 1
629 631 1
630 631 1
632 631 1
633 631 1
634 631 1
635 631 1
636 631 1
637 631 1
638 631 1
639 631 1
640 631 1
641 631 1
35 632 1
623 632 1
624 632 1
625 632 1
626 632 1
627 632 1
628 632 1
629 632 1
630 632 1
631 632 1
633 632 1
634 632 1
635 632 1
636 632 1
637 632 1
638 632 1
639 632 1
640 632 1
641 632 1
35 633 1
623 633 1
624 633 1
625 633 1
626 633 1
627 633 1
628 633 1
629 633 1
630 633 1
631 633 1
632 633 1
634 633 1
635 633 1
636 633 1
637 633 1
638 633 1
639 633 1
640 633 1
641 633 1
35 634 1
623 634 1
624 634 1
625 634 1
626 634 1
627 634 1
628 634 1
629 634 1
630 634 1
631 634 1
632 634 1
633 634 1
635 634 1
636 634 1
637 634 1
638 634 1
639 634 1
640 634 1
641 634 1
35 635 1
623 635 1
624 635 1
625 635 1
626 635 1
627 635 1
628 635 1
629 635 1
630 635 1
631 635 1
632 635 1
633 635 1
634 635 1
636 635 1
637 635 1
638 635 1
639 635 1
640 635 1
641 635 1
35 636 1
623 636 1
624 636 1
625 636 1
626 636 1
627 636 1
628 636 1
629 636 1
630 636 1
631 636 1
632 636 1
633 636 1
634 636 1
635 636 1
637 636 1
638 636 1
639 636 1
640 636 1
641 636 1
35 637 1
623 637 1
624 637 1
625 637 1
626 637 1
627 637 1
628 637 1
629 637 1
630 637 1
631 637 1
632 637 1
633 637 1
634 637 1
635 637 1
636 637 1
638 637 1
639 637 1
640 637 1
641 637 1
35 638 1
623 638 1
624 638 1
625 638 1
626 638 1
627 638 1
628 638 1
629 638 1
630 638 1
631 638 1
632 638 1
633 638 1
634 638 1
635 638 1
636 638 1
637 638 1
639 638 1
640 638 1
641 638 1
35 639 1
623 639 1
624 639 1
625 639 1
626 639 1
627 639 1
628 639 1
629 639 1
630 639 1
631 639 1
632 639 1
633 639 1
634 639 1
635 639 1
636 639 1
637 639 1
638 639 1
640 639 1
641 639 1
35 640 1
623 640 1
624 640 1
625 640 1
626 640 1
627 640 1
628 640 1
629 640 1
630 640 1
631 640 1
632 640 1
633 640 1
634 640 1
635 640 1
636 640 1
637 640 1
638 640 1
639 640 1
641 640 1
35 641 1
623 641 1
624 641 1
625 641 1
626 641 1
627 641 1
628 641 1
629 641 1
630 641 1
631 641 1
632 641 1
633 641 1
634 641 1
635 641 1
636 641 1
637 641 1
638 641 1
639 641 1
640 641 1
643 642 1
801 642 1
802 642 1
642 643 1
135 644 1
134 645 1
503 645 1
516 645 1
646 645 1
134 646 1
503 646 1
516 646 1
645 646 1
7 647 1
39 648 1
231 648 1
274 648 1
390 648 1
161 649 1
651 650 1
650 651 1
698 651 1
699 651 1
278 652 1
314 652 1
130 653 1
174 653 1
190 653 1
122 654 1
655 654 1
656 654 1
122 655 1
654 655 1
656 655 1
787 655 1
1046 655 1
1128 655 1
1129 655 1
122 656 1
654 656 1
655 656 1
11 657 1
75 657 1
658 657 1
659 657 1
660 657 1
11 658 1
75 658 1
657 658 1
659 658 1
660 658 1
11 659 1
75 659 1
657 659 1
658 659 1
660 659 1
11 660 1
75 660 1
657 660 1
658 660 1
659 660 1
40 661 1
662 661 1
40 662 1
661 662 1
664 663 1
663 664 1
386 665 1
270 666 1
667 666 1
668 666 1
270 667 2
666 667 1
668 667 1
1045 667 1
270 668 1
666 668 1
667 668 1
386 669 2
1024 669 1
386 670 1
212 671 1
672 671 1
673 671 1
212 672 1
671 672 1
673 672 1
212 673 1
671 673 1
672 673 1
261 674 1
675 674 1
261 675 1
674 675 1
288 676 1
289 676 1
59 677 1
270 677 1
349 677 1
996 677 1
259 678 1
267 678 1
679 678 1
259 679 1
267 679 1
678 679 1
681 680 1
682 680 1
680 681 1
682 681 1
680 682 1
681 682 1
340 683 1
436 683 1
684 683 1
685 683 1
686 683 1
340 684 1
436 684 1
683 684 1
685 684 1
686 684 1
340 685 1
399 685 1
402 685 1
436 685 1
683 685 1
684 685 1
686 685 1
964 685 1
965 685 1
340 686 1
436 686 1
683 686 1
684 686 1
685 686 1
688 687 1
12 688 1
41 688 1
53 688 1
61 688 1
84 688 1
185 688 1
188 688 1
205 688 1
208 688 1
238 688 1
246 688 1
314 688 3
332 688 2
348 688 1
352 688 1
362 688 1
365 688 1
476 688 1
550 688 2
623 688 1
687 688 1
718 688 1
719 688 1
839 688 1
843 688 1
861 688 1
862 688 1
1003 688 1
1004 688 1
1083 688 1
690 689 1
691 689 1
692 689 1
693 689 1
689 690 1
691 690 1
692 690 1
693 690 1
689 691 1
690 691 1
692 691 1
693 691 1
689 692 1
690 692 1
691 692 1
693 692 1
1019 692 1
689 693 1
690 693 1
691 693 1
692 693 1
532 694 1
695 694 1
696 694 1
532 695 1
694 695 1
696 695 1
532 696 1
694 696 1
695 696 1
7 697 1
651 698 1
699 698 1
651 699 1
698 699 1
237 700 1
339 700 1
447 701 1
702 701 1
703 701 1
447 702 1
701 702 1
703 702 1
447 703 1
701 703 1
702 703 1
386 704 1
705 704 1
386 705 1
704 705 1
95 706 1
256 706 1
276 706 1
370 707 1
592 707 1
810 707 1
811 707 1
149 708 2
288 708 2
289 708 1
709 708 1
710 708 1
149 709 1
288 709 1
289 709 1
708 709 1
149 710 1
288 710 1
708 710 1
712 711 1
711 712 1
269 713 1
714 713 1
715 713 1
716 713 1
717 713 1
269 714 1
713 714 1
715 714 1
716 714 1
717 714 1
269 715 1
713 715 1
714 715 1
716 715 1
717 715 1
269 716 1
713 716 1
714 716 1
715 716 1
717 716 1
269 717 1
713 717 1
714 717 1
715 717 1
716 717 1
688 718 1
719 718 1
688 719 1
718 719 1
102 720 1
288 721 1
289 721 1
722 721 1
288 722 1
289 722 1
721 722 1
38 723 1
89 723 1
725 724 1
216 725 1
724 725 1
902 725 2
727 726 1
728 726 1
729 726 1
730 726 1
731 726 1
732 726 1
726 727 1
728 727 1
729 727 1
730 727 1
731 727 1
732 727 1
726 728 1
727 728 1
729 728 1
730 728 1
731 728 1
732 728 1
726 729 1
727 729 1
728 729 1
730 729 1
731 729 1
732 729 1
726 730 1
727 730 1
728 730 1
729 730 1
731 730 1
732 730 1
726 731 1
727 731 1
728 731 1
729 731 1
730 731 1
732 731 1
726 732 1
727 732 1
728 732 1
729 732 1
730 732 1
731 732 1
216 733 1
332 733 1
734 733 1
735 733 1
216 734 1
332 734 1
733 734 1
735 734 1
216 735 1
332 735 1
733 735 1
734 735 1
1 736 1
279 736 2
305 736 1
405 736 2
926 736 1
927 736 1
928 736 1
929 736 1
930 736 1
931 736 1
271 737 1
738 737 1
271 738 1
737 738 1
740 739 1
741 739 1
742 739 1
743 739 1
744 739 1
745 739 1
746 739 1
747 739 1
748 739 1
749 739 1
21 740 1
43 740 1
739 740 1
741 740 1
742 740 1
743 740 1
744 740 1
745 740 1
746 740 1
747 740 1
748 740 1
749 740 1
760 740 1
739 741 1
740 741 1
742 741 1
743 741 1
744 741 1
745 741 1
746 741 1
747 741 1
748 741 1
749 741 1
739 742 1
740 742 1
741 742 1
743 742 1
744 742 1
745 742 1
746 742 1
747 742 1
748 742 1
749 742 1
739 743 1
740 743 1
741 743 1
742 743 1
744 743 1
745 743 1
746 743 1
747 743 1
748 743 1
749 743 1
739 744 1
740 744 1
741 744 1
742 744 1
743 744 1
745 744 1
746 744 1
747 744 1
748 744 1
749 744 1
739 745 1
740 745 1
741 745 1
742 745 1
743 745 1
744 745 1
746 745 1
747 745 1
748 745 1
749 745 1
739 746 1
740 746 1
741 746 1
742 746 1
743 746 1
744 746 1
745 746 1
747 746 1
748 746 1
749 746 1
739 747 1
740 747 1
741 747 1
742 747 1
743 747 1
744 747 1
745 747 1
746 747 1
748 747 1
749 747 1
739 748 1
740 748 1
741 748 1
742 748 1
743 748 1
744 748 1
745 748 1
746 748 1
747 748 1
749 748 1
739 749 1
740 749 1
741 749 1
742 749 1
743 749 1
744 749 1
745 749 1
746 749 1
747 749 1
748 749 1
400 750 1
401 750 1
752 751 1
443 752 1
751 752 1
754 753 1
753 754 1
125 755 1
126 755 1
195 755 1
756 755 1
125 756 1
126 756 1
195 756 1
755 756 1
134 757 1
259 757 1
310 757 1
427 757 1
444 758 1
447 758 1
452 758 1
5 759 1
22 759 1
760 759 1
5 760 1
21 760 1
22 760 1
43 760 1
740 760 1
759 760 1
62 761 1
101 761 1
226 761 1
762 761 1
763 761 1
62 762 1
101 762 1
226 762 1
761 762 1
763 762 1
62 763 1
101 763 1
226 763 1
761 763 1
762 763 1
564 764 1
565 764 1
765 764 1
564 765 1
565 765 1
764 765 1
387 766 1
767 766 1
387 767 1
766 767 1
359 768 1
388 768 1
530 768 1
235 769 1
241 769 1
1067 769 1
1068 769 1
1069 769 1
336 770 1
771 770 1
336 771 1
770 771 1
838 772 1
28 773 1
580 774 1
776 775 1
775 776 1
486 777 1
778 777 1
486 778 1
777 778 1
134 779 1
167 779 1
337 779 1
486 779 1
503 779 1
780 779 1
134 780 1
167 780 1
337 780 1
486 780 1
503 780 1
779 780 1
486 781 1
824 781 1
825 781 1
783 782 1
782 783 1
379 784 2
1063 784 1
1064 784 1
1065 784 1
76 785 1
483 785 1
786 785 1
76 786 1
483 786 1
785 786 1
655 787 1
314 788 1
362 788 1
314 789 2
476 789 1
260 790 1
791 790 1
792 790 1
260 791 1
790 791 1
792 791 1
260 792 1
790 792 1
791 792 1
271 793 1
794 793 1
271 794 1
793 794 1
358 795 1
491 795 1
796 795 1
358 796 1
491 796 1
795 796 1
341 797 1
443 798 1
528 798 1
13 799 1
152 799 1
800 799 1
13 800 1
152 800 1
799 800 1
642 801 1
802 801 1
642 802 1
801 802 1
317 803 1
13 804 1
805 804 1
13 805 2
196 805 1
804 805 1
1101 805 1
1102 805 1
1103 805 1
1104 805 1
29 806 1
274 806 1
391 806 1
547 806 1
807 806 1
808 806 1
29 807 1
274 807 1
391 807 1
547 807 1
806 807 1
808 807 1
29 808 1
274 808 1
391 808 1
547 808 1
806 808 1
807 808 1
166 809 1
176 809 1
941 809 1
942 809 1
943 809 1
944 809 1
370 810 1
592 810 1
707 810 1
811 810 1
370 811 1
592 811 1
707 811 1
810 811 1
430 812 1
592 812 1
592 813 1
592 814 1
816 815 1
815 816 1
293 817 1
40 818 1
140 818 1
819 818 1
40 819 2
140 819 2
270 819 1
818 819 1
826 819 1
14 820 1
185 820 2
318 820 1
503 820 1
821 820 1
1084 820 1
1085 820 1
1086 820 1
1087 820 1
1088 820 1
1089 820 1
1090 820 1
1091 820 1
1092 820 1
185 821 1
318 821 1
503 821 1
820 821 1
124 822 1
406 822 1
407 822 1
408 822 1
823 822 1
124 823 1
406 823 1
407 823 1
408 823 1
822 823 1
214 824 1
341 824 1
401 824 1
569 824 1
781 824 1
825 824 2
1016 824 1
1133 824 1
214 825 1
341 825 1
569 825 1
781 825 1
824 825 2
40 826 1
140 826 1
270 826 1
819 826 1
828 827 1
829 827 1
830 827 1
827 828 1
829 828 1
830 828 1
827 829 1
828 829 1
830 829 2
945 829 1
946 829 1
947 829 1
827 830 1
828 830 1
829 830 2
945 830 1
946 830 1
947 830 1
832 831 1
831 832 1
13 833 3
61 833 1
359 833 1
834 833 1
973 833 1
974 833 1
975 833 1
13 834 1
833 834 1
2 835 2
146 835 1
167 835 2
836 835 2
837 835 1
2 836 2
146 836 1
167 836 2
835 836 2
837 836 1
2 837 1
167 837 1
835 837 1
836 837 1
772 838 1
348 839 1
550 839 1
688 839 1
191 840 1
63 841 1
394 841 1
40 842 1
286 842 1
287 842 1
291 842 1
296 842 1
349 842 1
1035 842 1
352 843 1
688 843 1
110 844 2
375 844 1
845 844 2
110 845 2
375 845 1
844 845 2
47 846 1
98 846 1
847 846 1
848 846 1
849 846 1
850 846 1
47 847 1
98 847 1
846 847 1
848 847 1
849 847 1
850 847 1
47 848 1
98 848 1
846 848 1
847 848 1
849 848 1
850 848 1
47 849 1
98 849 1
846 849 1
847 849 1
848 849 1
850 849 1
47 850 1
98 850 1
846 850 1
847 850 1
848 850 1
849 850 1
198 851 1
262 851 1
852 851 1
853 851 1
854 851 1
855 851 1
856 851 1
857 851 1
858 851 1
859 851 1
198 852 1
262 852 1
851 852 1
853 852 1
854 852 1
855 852 1
856 852 1
857 852 1
858 852 1
859 852 1
198 853 1
262 853 1
851 853 1
852 853 1
854 853 1
855 853 1
856 853 1
857 853 1
858 853 1
859 853 1
198 854 1
262 854 1
851 854 1
852 854 1
853 854 1
855 854 1
856 854 1
857 854 1
858 854 1
859 854 1
198 855 1
262 855 1
851 855 1
852 855 1
853 855 1
854 855 1
856 855 1
857 855 1
858 855 1
859 855 1
198 856 1
262 856 1
851 856 1
852 856 1
853 856 1
854 856 1
855 856 1
857 856 1
858 856 1
859 856 1
198 857 1
262 857 1
851 857 1
852 857 1
853 857 1
854 857 1
855 857 1
856 857 1
858 857 1
859 857 1
198 858 1
262 858 1
851 858 1
852 858 1
853 858 1
854 858 1
855 858 1
856 858 1
857 858 1
859 858 1
198 859 1
262 859 1
851 859 1
852 859 1
853 859 1
854 859 1
855 859 1
856 859 1
857 859 1
858 859 1
419 860 1
53 861 1
61 861 1
205 861 1
623 861 1
688 861 1
862 861 1
53 862 1
61 862 1
205 862 1
623 862 1
688 862 1
861 862 1
211 863 1
212 863 1
865 864 1
866 864 1
864 865 1
866 865 1
864 866 1
865 866 1
84 867 1
175 868 1
202 868 1
258 868 1
869 868 1
175 869 1
202 869 1
258 869 1
868 869 1
7 870 1
194 870 1
279 870 1
194 871 1
279 871 1
315 871 1
377 871 2
55 872 1
368 872 1
874 873 1
875 873 1
876 873 1
877 873 1
878 873 1
879 873 1
880 873 1
881 873 1
882 873 1
883 873 1
873 874 1
875 874 1
876 874 1
877 874 1
878 874 1
879 874 1
880 874 1
881 874 1
882 874 1
883 874 1
873 875 1
874 875 1
876 875 1
877 875 1
878 875 1
879 875 1
880 875 1
881 875 1
882 875 1
883 875 1
873 876 1
874 876 1
875 876 1
877 876 1
878 876 1
879 876 1
880 876 1
881 876 1
882 876 1
883 876 1
873 877 1
874 877 1
875 877 1
876 877 1
878 877 1
879 877 1
880 877 1
881 877 1
882 877 1
883 877 1
873 878 1
874 878 1
875 878 1
876 878 1
877 878 1
879 878 1
880 878 1
881 878 1
882 878 1
883 878 1
873 879 1
874 879 1
875 879 1
876 879 1
877 879 1
878 879 1
880 879 1
881 879 1
882 879 1
883 879 1
873 880 1
874 880 1
875 880 1
876 880 1
877 880 1
878 880 1
879 880 1
881 880 1
882 880 1
883 880 1
873 881 1
874 881 1
875 881 1
876 881 1
877 881 1
878 881 1
879 881 1
880 881 1
882 881 1
883 881 1
873 882 1
874 882 1
875 882 1
876 882 1
877 882 1
878 882 1
879 882 1
880 882 1
881 882 1
883 882 1
873 883 1
874 883 1
875 883 1
876 883 1
877 883 1
878 883 1
879 883 1
880 883 1
881 883 1
882 883 1
87 884 1
885 884 1
886 884 1
887 884 1
888 884 1
889 884 1
890 884 1
87 885 1
884 885 1
886 885 1
887 885 1
888 885 1
889 885 1
890 885 1
87 886 1
884 886 1
885 886 1
887 886 1
888 886 1
889 886 1
890 886 1
87 887 1
884 887 1
885 887 1
886 887 1
888 887 1
889 887 1
890 887 1
87 888 1
884 888 1
885 888 1
886 888 1
887 888 1
889 888 1
890 888 1
87 889 1
884 889 1
885 889 1
886 889 1
887 889 1
888 889 1
890 889 1
87 890 1
884 890 1
885 890 1
886 890 1
887 890 1
888 890 1
889 890 1
16 891 1
182 891 1
275 891 1
893 892 1
892 893 1
147 894 1
330 894 1
895 894 1
896 894 1
147 895 1
330 895 1
894 895 1
896 895 1
147 896 1
330 896 1
894 896 1
895 896 1
92 897 1
898 897 1
92 898 2
298 898 1
897 898 1
453 899 1
241 900 1
107 901 3
120 901 2
903 901 1
1006 901 1
1007 901 1
216 902 1
725 902 2
107 903 1
120 903 1
901 903 1
9 904 1
100 904 2
163 904 2
177 904 1
201 904 1
284 904 1
349 904 1
584 904 1
1124 904 1
906 905 1
907 905 1
908 905 1
905 906 1
907 906 1
908 906 1
905 907 1
906 907 1
908 907 1
905 908 1
906 908 1
907 908 1
359 909 1
530 909 1
140 910 1
154 910 1
313 910 1
315 910 1
583 910 1
911 910 1
986 910 1
1048 910 1
140 911 1
154 911 1
313 911 1
583 911 1
910 911 1
913 912 1
912 913 1
32 914 1
915 914 1
916 914 1
917 914 1
32 915 1
914 915 1
916 915 1
917 915 1
32 916 1
914 916 1
915 916 1
917 916 1
32 917 1
914 917 1
915 917 1
916 917 1
919 918 1
920 918 1
918 919 1
920 919 1
918 920 1
919 920 1
254 921 1
923 922 2
924 922 2
925 922 2
922 923 2
924 923 2
925 923 2
922 924 2
923 924 2
925 924 2
922 925 2
923 925 2
924 925 2
279 926 1
405 926 1
736 926 1
927 926 1
928 926 1
929 926 1
930 926 1
931 926 1
279 927 1
405 927 1
736 927 1
926 927 1
928 927 1
929 927 1
930 927 1
931 927 1
279 928 1
405 928 1
736 928 1
926 928 1
927 928 1
929 928 1
930 928 1
931 928 1
279 929 1
405 929 1
736 929 1
926 929 1
927 929 1
928 929 1
930 929 1
931 929 1
279 930 1
405 930 1
736 930 1
926 930 1
927 930 1
928 930 1
929 930 1
931 930 1
279 931 1
405 931 1
736 931 1
926 931 1
927 931 1
928 931 1
929 931 1
930 931 1
164 932 1
933 932 1
164 933 1
932 933 1
197 934 1
527 934 1
528 934 1
936 935 1
937 935 1
938 935 1
935 936 1
937 936 1
938 936 1
935 937 1
936 937 1
938 937 1
935 938 1
936 938 1
937 938 1
940 939 1
939 940 1
166 941 1
176 941 1
809 941 1
942 941 1
943 941 1
944 941 1
166 942 1
176 942 1
809 942 1
941 942 1
943 942 1
944 942 1
166 943 1
176 943 1
809 943 1
941 943 1
942 943 1
944 943 1
166 944 1
176 944 1
809 944 1
941 944 1
942 944 1
943 944 1
829 945 1
830 945 1
946 945 1
947 945 1
829 946 1
830 946 1
945 946 1
947 946 1
829 947 1
830 947 1
945 947 1
946 947 1
102 948 1
949 948 1
950 948 1
102 949 1
948 949 1
950 949 1
102 950 1
948 950 1
949 950 1
242 951 1
232 952 1
164 953 2
954 953 2
164 954 3
953 954 2
960 954 1
156 955 1
270 956 1
958 957 1
959 957 1
960 957 1
957 958 1
959 958 1
960 958 1
957 959 1
958 959 1
960 959 1
164 960 1
954 960 1
957 960 1
958 960 1
959 960 1
362 961 1
962 961 1
963 961 1
362 962 1
961 962 1
963 962 1
362 963 1
961 963 1
962 963 1
399 964 1
402 964 1
685 964 1
965 964 1
399 965 1
402 965 1
685 965 1
964 965 1
179 966 1
552 967 1
968 967 1
969 967 1
970 967 1
971 967 1
552 968 1
967 968 1
969 968 1
970 968 1
971 968 1
552 969 1
967 969 1
968 969 1
970 969 1
971 969 1
552 970 1
967 970 1
968 970 1
969 970 1
971 970 1
552 971 1
967 971 1
968 971 1
969 971 1
970 971 1
128 972 1
184 972 1
61 973 1
359 973 1
833 973 1
974 973 1
975 973 1
61 974 1
359 974 1
833 974 1
973 974 1
975 974 1
61 975 1
359 975 1
833 975 1
973 975 1
974 975 1
100 976 1
977 976 1
100 977 1
127 977 1
193 977 1
250 977 1
313 977 1
976 977 1
1037 977 1
1038 977 1
1039 977 1
1062 977 1
209 978 1
210 978 1
356 978 1
367 978 1
979 978 1
209 979 1
210 979 1
356 979 1
367 979 1
978 979 1
379 980 1
981 980 1
982 980 1
983 980 1
984 980 1
985 980 1
1043 980 1
1044 980 1
980 981 1
982 981 1
983 981 1
984 981 1
985 981 1
980 982 1
981 982 1
983 982 1
984 982 1
985 982 1
980 983 1
981 983 1
982 983 1
984 983 1
985 983 1
980 984 1
981 984 1
982 984 1
983 984 1
985 984 1
980 985 1
981 985 1
982 985 1
983 985 1
984 985 1
7 986 2
315 986 1
910 986 1
987 986 1
988 986 1
989 986 1
1048 986 1
7 987 1
986 987 1
988 987 1
989 987 1
7 988 1
986 988 1
987 988 1
989 988 1
7 989 1
986 989 1
987 989 1
988 989 1
130 990 1
151 990 1
162 990 1
163 990 1
171 990 1
991 990 1
992 990 1
130 991 1
151 991 1
162 991 1
163 991 1
171 991 1
990 991 1
992 991 1
130 992 1
151 992 1
162 992 1
163 992 1
171 992 1
990 992 1
991 992 1
247 993 1
994 993 1
995 993 1
247 994 1
993 994 1
995 994 1
247 995 1
993 995 1
994 995 1
59 996 1
349 996 1
677 996 1
146 997 1
167 997 1
998 997 1
146 998 1
167 998 1
997 998 1
45 999 2
50 999 1
396 999 1
1097 999 1
134 1000 1
1001 1000 1
1002 1000 1
134 1001 1
1000 1001 1
1002 1001 1
134 1002 1
1000 1002 1
1001 1002 1
41 1003 1
188 1003 1
688 1003 1
1004 1003 1
41 1004 1
188 1004 1
688 1004 1
1003 1004 1
140 1005 1
313 1005 1
901 1006 1
1007 1006 1
901 1007 1
1006 1007 1
91 1008 1
476 1008 1
1009 1008 1
1010 1008 1
1011 1008 1
91 1009 1
476 1009 1
1008 1009 1
1010 1009 1
1011 1009 1
91 1010 1
476 1010 1
1008 1010 1
1009 1010 1
1011 1010 1
91 1011 1
476 1011 1
1008 1011 1
1009 1011 1
1010 1011 1
314 1012 1
487 1012 1
1013 1012 1
1014 1012 1
1015 1012 1
314 1013 1
487 1013 1
1012 1013 1
1014 1013 1
1015 1013 1
314 1014 1
487 1014 1
1012 1014 1
1013 1014 1
1015 1014 1
314 1015 1
487 1015 1
1012 1015 1
1013 1015 1
1014 1015 1
401 1016 1
824 1016 1
219 1017 1
1018 1017 1
219 1018 1
1017 1018 1
692 1019 1
135 1020 1
264 1020 1
490 1020 1
68 1021 1
388 1021 1
1022 1021 1
1023 1021 1
68 1022 1
388 1022 1
1021 1022 1
1023 1022 1
68 1023 1
388 1023 1
1021 1023 1
1022 1023 1
386 1024 1
669 1024 1
313 1025 1
487 1025 1
583 1025 1
1026 1025 1
1027 1025 1
313 1026 1
487 1026 1
583 1026 1
1025 1026 1
1027 1026 1
313 1027 1
487 1027 1
583 1027 1
1025 1027 1
1026 1027 1
66 1028 1
73 1028 1
118 1028 1
145 1028 1
134 1029 1
301 1029 1
1030 1029 1
1031 1029 1
1032 1029 1
134 1030 1
301 1030 1
1029 1030 1
1031 1030 1
1032 1030 1
134 1031 1
240 1031 1
301 1031 3
1029 1031 1
1030 1031 1
1032 1031 1
1036 1031 2
1105 1031 1
134 1032 1
301 1032 1
1029 1032 1
1030 1032 1
1031 1032 1
240 1033 1
428 1033 1
598 1033 1
100 1034 1
178 1034 1
243 1034 1
40 1035 1
349 1035 1
842 1035 1
240 1036 1
301 1036 2
1031 1036 2
1105 1036 1
127 1037 1
313 1037 1
977 1037 1
1038 1037 1
1039 1037 1
127 1038 1
313 1038 1
977 1038 1
1037 1038 1
1039 1038 1
127 1039 1
313 1039 1
977 1039 1
1037 1039 1
1038 1039 1
149 1040 1
1041 1040 1
1042 1040 1
149 1041 1
1040 1041 1
1042 1041 1
149 1042 1
1040 1042 1
1041 1042 1
379 1043 1
980 1043 1
1044 1043 1
379 1044 1
980 1044 1
1043 1044 1
667 1045 1
655 1046 1
599 1047 1
222 1048 1
315 1048 2
910 1048 1
986 1048 1
1049 1048 1
222 1049 1
315 1049 1
1048 1049 1
420 1050 1
1051 1050 1
420 1051 1
1050 1051 1
200 1052 1
396 1052 2
1054 1052 1
1055 1052 1
1056 1052 1
135 1053 1
150 1053 1
520 1053 1
200 1054 1
396 1054 1
1052 1054 1
1055 1054 1
1056 1054 1
200 1055 1
396 1055 1
1052 1055 1
1054 1055 1
1056 1055 1
200 1056 1
396 1056 1
1052 1056 1
1054 1056 1
1055 1056 1
310 1057 1
318 1057 1
1058 1057 1
310 1058 1
318 1058 1
1057 1058 1
179 1059 1
1060 1059 1
179 1060 1
1059 1060 1
102 1061 2
129 1061 2
1140 1061 1
977 1062 1
379 1063 1
784 1063 1
1064 1063 1
1065 1063 1
379 1064 1
784 1064 1
1063 1064 1
1065 1064 1
379 1065 1
784 1065 1
1063 1065 1
1064 1065 1
92 1066 1
298 1066 1
235 1067 1
769 1067 1
1068 1067 1
1069 1067 1
235 1068 1
769 1068 1
1067 1068 1
1069 1068 1
235 1069 1
769 1069 1
1067 1069 1
1068 1069 1
1151 1069 1
149 1070 1
1071 1070 1
1072 1070 1
149 1071 1
1070 1071 1
1072 1071 1
149 1072 1
1070 1072 1
1071 1072 1
19 1073 1
31 1073 1
51 1073 1
52 1073 1
40 1074 1
140 1074 1
270 1074 1
1075 1074 1
40 1075 1
140 1075 1
270 1075 1
1074 1075 1
103 1076 1
144 1076 1
1077 1076 1
103 1077 1
144 1077 1
1076 1077 1
109 1078 1
206 1078 1
1079 1078 1
1080 1078 1
1081 1078 1
109 1079 1
206 1079 1
1078 1079 1
1080 1079 1
1081 1079 1
109 1080 1
206 1080 1
1078 1080 1
1079 1080 1
1081 1080 1
109 1081 1
206 1081 1
1078 1081 1
1079 1081 1
1080 1081 1
341 1082 1
238 1083 1
314 1083 1
332 1083 1
688 1083 1
14 1084 1
185 1084 1
820 1084 1
1085 1084 1
1086 1084 1
1087 1084 1
1088 1084 1
1089 1084 1
1090 1084 1
1091 1084 1
1092 1084 1
14 1085 1
185 1085 1
820 1085 1
1084 1085 1
1086 1085 1
1087 1085 1
1088 1085 1
1089 1085 1
1090 1085 1
1091 1085 1
1092 1085 1
14 1086 1
185 1086 1
820 1086 1
1084 1086 1
1085 1086 1
1087 1086 1
1088 1086 1
1089 1086 1
1090 1086 1
1091 1086 1
1092 1086 1
14 1087 1
185 1087 1
820 1087 1
1084 1087 1
1085 1087 1
1086 1087 1
1088 1087 1
1089 1087 1
1090 1087 1
1091 1087 1
1092 1087 1
14 1088 1
185 1088 1
820 1088 1
1084 1088 1
1085 1088 1
1086 1088 1
1087 1088 1
1089 1088 1
1090 1088 1
1091 1088 1
1092 1088 1
14 1089 1
185 1089 1
820 1089 1
1084 1089 1
1085 1089 1
1086 1089 1
1087 1089 1
1088 1089 1
1090 1089 1
1091 1089 1
1092 1089 1
14 1090 1
185 1090 1
820 1090 1
1084 1090 1
1085 1090 1
1086 1090 1
1087 1090 1
1088 1090 1
1089 1090 1
1091 1090 1
1092 1090 1
14 1091 1
185 1091 1
820 1091 1
1084 1091 1
1085 1091 1
1086 1091 1
1087 1091 1
1088 1091 1
1089 1091 1
1090 1091 1
1092 1091 1
14 1092 1
185 1092 1
820 1092 1
1084 1092 1
1085 1092 1
1086 1092 1
1087 1092 1
1088 1092 1
1089 1092 1
1090 1092 1
1091 1092 1
1094 1093 1
1095 1093 1
1096 1093 1
1093 1094 1
1095 1094 1
1096 1094 1
1093 1095 1
1094 1095 1
1096 1095 1
1093 1096 1
1094 1096 1
1095 1096 1
45 1097 1
999 1097 1
37 1098 1
1099 1098 1
37 1099 1
1098 1099 1
140 1100 1
13 1101 1
196 1101 1
805 1101 1
1102 1101 1
1103 1101 1
1104 1101 1
13 1102 1
196 1102 1
805 1102 1
1101 1102 1
1103 1102 1
1104 1102 1
13 1103 1
196 1103 1
805 1103 1
1101 1103 1
1102 1103 1
1104 1103 1
13 1104 1
196 1104 1
805 1104 1
1101 1104 1
1102 1104 1
1103 1104 1
240 1105 1
301 1105 1
1031 1105 1
1036 1105 1
17 1106 1
1107 1106 1
17 1107 1
1106 1107 1
314 1108 1
487 1108 1
1109 1108 1
314 1109 1
487 1109 1
1108 1109 1
111 1110 1
116 1110 1
192 1110 1
270 1111 1
450 1111 1
1112 1111 1
270 1112 1
450 1112 1
1111 1112 1
288 1113 1
295 1113 1
332 1114 1
404 1114 1
1115 1114 1
332 1115 1
404 1115 1
1114 1115 1
1117 1116 1
1118 1116 1
1119 1116 1
1120 1116 1
1121 1116 1
1122 1116 1
1123 1116 1
1116 1117 1
1118 1117 1
1119 1117 1
1120 1117 1
1121 1117 1
1122 1117 1
1123 1117 1
1116 1118 1
1117 1118 1
1119 1118 1
1120 1118 1
1121 1118 1
1122 1118 1
1123 1118 1
1116 1119 1
1117 1119 1
1118 1119 1
1120 1119 1
1121 1119 1
1122 1119 1
1123 1119 1
1116 1120 1
1117 1120 1
1118 1120 1
1119 1120 1
1121 1120 1
1122 1120 1
1123 1120 1
1116 1121 1
1117 1121 1
1118 1121 1
1119 1121 1
1120 1121 1
1122 1121 1
1123 1121 1
1116 1122 1
1117 1122 1
1118 1122 1
1119 1122 1
1120 1122 1
1121 1122 1
1123 1122 1
1116 1123 1
1117 1123 1
1118 1123 1
1119 1123 1
1120 1123 1
1121 1123 1
1122 1123 1
349 1124 1
904 1124 1
23 1125 1
151 1125 1
191 1126 1
265 1126 1
75 1127 1
203 1127 1
655 1128 1
1129 1128 1
655 1129 1
1128 1129 1
338 1130 1
1131 1130 1
338 1131 1
1130 1131 1
26 1132 1
824 1133 1
1135 1134 1
1134 1135 1
255 1136 1
323 1136 1
397 1136 1
153 1137 1
303 1137 1
1138 1137 1
1139 1137 1
153 1138 1
303 1138 1
1137 1138 1
1139 1138 1
153 1139 1
303 1139 1
1137 1139 1
1138 1139 1
102 1140 1
129 1140 1
1061 1140 1
24 1141 1
1142 1141 1
1143 1141 1
24 1142 1
1141 1142 1
1143 1142 1
24 1143 1
1141 1143 1
1142 1143 1
358 1144 1
1145 1144 1
358 1145 1
1144 1145 1
36 1146 1
113 1146 1
142 1146 1
311 1147 1
313 1147 1
1148 1147 1
1149 1147 1
311 1148 1
313 1148 1
1147 1148 1
1149 1148 1
311 1149 1
313 1149 1
1147 1149 1
1148 1149 1
221 1150 1
1069 1151 1
156 1152 1
335 1152 1
85 1153 1
96 1153 1
244 1153 1
1154 1153 1
85 1154 1
96 1154 1
244 1154 1
1153 1154 1
133 1155 1
1156 1155 1
1157 1155 1
1158 1155 1
1159 1155 1
133 1156 1
1155 1156 1
1157 1156 1
1158 1156 1
1159 1156 1
133 1157 1
1155 1157 1
1156 1157 1
1158 1157 1
1159 1157 1
133 1158 1
1155 1158 1
1156 1158 1
1157 1158 1
1159 1158 1
133 1159 1
1155 1159 1
1156 1159 1
1157 1159 1
1158 1159 1
