14 1 1
49 1 1
50 1 2
51 1 1
73 1 1
5 2 1
7 2 2
8 2 10
9 2 5
52 2 3
64 2 1
77 2 6
119 2 1
149 2 2
150 2 10
151 2 1
174 2 1
324 2 4
326 2 2
341 2 3
343 2 1
344 2 1
345 2 1
364 2 2
403 2 1
625 2 3
626 2 3
670 2 1
676 2 1
1290 2 1
4 3 2
3 4 2
2 5 1
7 5 2
8 5 2
9 5 2
52 5 1
174 5 1
99 6 1
111 6 1
321 6 1
322 6 1
2 7 2
5 7 2
8 7 2
9 7 3
2 8 10
5 8 2
7 8 2
9 8 5
52 8 1
64 8 1
149 8 1
150 8 6
151 8 1
174 8 1
324 8 1
326 8 2
341 8 3
343 8 1
344 8 1
345 8 1
625 8 1
626 8 1
670 8 1
676 8 1
1290 8 1
2 9 5
5 9 2
7 9 3
8 9 5
64 9 1
149 9 1
150 9 1
341 9 3
625 9 1
626 9 1
93 10 2
352 10 3
497 10 1
513 10 1
577 10 1
940 10 1
13 11 1
28 11 1
75 11 1
116 11 1
172 11 1
359 11 1
15 12 1
22 12 1
66 12 1
67 12 1
112 12 1
161 12 1
11 13 1
1 14 1
50 14 1
67 14 2
73 14 1
74 14 1
85 14 1
95 14 1
123 14 1
360 14 1
363 14 1
1379 14 1
1380 14 1
1381 14 1
1382 14 1
12 15 1
22 15 1
79 15 1
112 15 1
115 15 1
121 15 1
161 15 1
168 15 1
177 15 1
439 15 1
1354 15 1
455 16 1
21 17 1
39 17 1
565 18 1
618 18 2
1150 18 1
376 19 1
698 19 1
752 19 1
889 19 2
890 19 1
965 19 1
966 19 1
1021 19 1
1028 19 1
1123 19 1
1265 19 1
1272 19 1
447 20 1
17 21 1
39 21 1
130 21 1
357 21 1
358 21 1
12 22 1
15 22 1
112 22 1
161 22 1
58 23 1
354 23 1
433 23 1
113 24 3
114 24 1
968 24 1
970 24 2
1185 24 3
420 25 1
544 25 1
1179 25 1
250 26 1
671 26 1
672 26 1
673 26 1
1343 26 1
102 27 2
941 27 2
11 28 1
75 28 1
116 28 1
172 28 1
359 28 1
148 29 1
188 29 1
206 30 1
207 30 1
125 31 2
648 31 1
728 31 1
1210 31 2
1211 31 2
1212 31 1
1213 31 1
1214 31 2
786 32 1
34 33 1
33 34 1
503 35 1
636 35 1
212 36 1
417 36 1
384 37 1
325 38 2
17 39 1
21 39 1
282 40 1
581 40 1
171 41 1
371 41 1
226 42 1
44 43 1
45 43 1
217 43 1
43 44 1
45 44 1
127 44 1
146 44 1
217 44 1
264 44 1
274 44 1
292 44 1
444 44 1
521 44 1
526 44 1
529 44 1
637 44 1
674 44 1
735 44 1
736 44 1
737 44 1
738 44 1
739 44 1
740 44 1
1163 44 1
1164 44 1
1165 44 1
1166 44 1
1167 44 1
1168 44 1
1326 44 1
1393 44 1
1394 44 1
1395 44 1
1396 44 1
43 45 1
44 45 1
217 45 1
399 45 1
527 45 1
1331 45 1
1332 45 1
311 46 1
492 46 1
525 46 1
993 46 1
482 47 1
567 47 1
607 48 1
1 49 1
50 49 1
51 49 1
1 50 2
14 50 1
49 50 1
51 50 1
73 50 1
1 51 1
49 51 1
50 51 1
2 52 3
5 52 1
8 52 1
174 52 1
364 52 2
625 52 2
626 52 2
1290 52 1
196 53 2
331 53 1
530 54 1
531 54 1
597 54 1
644 54 1
794 54 1
795 54 1
796 54 1
797 54 1
798 54 1
799 54 1
800 54 1
801 54 1
802 54 1
803 54 1
804 54 1
805 54 1
806 54 1
807 54 1
267 55 1
543 55 2
145 56 1
313 56 1
394 56 1
450 56 1
451 56 1
1318 56 1
1353 56 1
138 57 1
143 57 1
427 57 1
572 57 1
578 57 1
23 58 1
354 58 1
433 58 1
60 59 1
61 59 1
62 59 1
988 59 1
59 60 1
61 60 1
62 60 1
988 60 1
59 61 1
60 61 1
62 61 1
988 61 1
59 62 1
60 62 1
61 62 1
988 62 1
520 63 1
534 63 1
573 63 1
2 64 1
8 64 1
9 64 1
341 64 1
66 65 1
1291 65 1
1292 65 1
12 66 1
65 66 1
67 66 1
89 66 2
1291 66 1
1292 66 1
1377 66 1
1378 66 1
12 67 1
14 67 2
66 67 1
85 67 1
123 67 1
194 67 2
195 67 1
223 68 1
248 68 1
372 69 1
381 69 1
139 70 1
361 70 1
663 70 1
1088 70 1
1089 70 1
1273 70 1
1274 70 1
72 71 1
197 71 1
71 72 1
197 72 2
1362 72 1
1 73 1
14 73 1
50 73 1
83 73 1
98 73 1
162 73 1
187 73 2
379 73 1
388 73 2
389 73 1
659 73 2
14 74 1
363 74 1
1379 74 1
1380 74 1
1381 74 1
1382 74 1
11 75 1
28 75 1
116 75 1
172 75 1
359 75 1
1361 76 2
2 77 6
119 77 1
150 77 3
324 77 3
403 77 1
126 78 1
342 78 1
15 79 1
115 79 1
121 79 1
1354 79 1
475 80 1
496 80 1
583 80 1
157 81 1
647 81 1
1300 81 1
1301 81 1
1302 81 1
1303 81 1
183 82 1
421 82 1
620 82 2
919 82 1
73 83 1
98 83 1
379 83 1
96 84 1
378 84 1
624 84 1
1146 84 1
1147 84 1
1148 84 1
1149 84 1
14 85 1
67 85 1
410 86 1
564 87 1
582 87 1
159 88 1
349 88 1
402 88 1
66 89 2
1377 89 1
1378 89 1
91 90 3
97 90 1
693 90 1
1074 90 1
1075 90 1
1076 90 1
1077 90 1
1078 90 1
1079 90 1
90 91 3
97 91 1
693 91 1
1074 91 1
1075 91 1
1076 91 1
1077 91 1
1078 91 1
1079 91 1
94 92 1
179 92 1
271 92 1
338 92 1
395 92 1
529 92 1
10 93 2
352 93 2
497 93 1
577 93 1
940 93 1
92 94 1
271 94 2
338 94 1
14 95 1
360 95 1
84 96 1
378 96 1
624 96 1
1146 96 1
1147 96 1
1148 96 1
1149 96 1
90 97 1
91 97 1
1074 97 1
73 98 1
83 98 1
379 98 1
6 99 1
111 99 3
321 99 1
322 99 1
1280 99 1
1374 99 1
498 100 1
616 100 1
1244 100 1
1245 100 1
1246 100 1
1247 100 1
396 101 1
538 101 1
604 101 1
942 101 1
1013 101 1
1014 101 1
1015 101 1
1016 101 1
1017 101 1
1018 101 1
1019 101 1
1020 101 1
1022 101 4
1023 101 1
1070 101 1
1091 101 1
1092 101 1
1093 101 1
1275 101 1
1276 101 1
27 102 2
941 102 2
104 103 2
105 103 1
109 103 1
131 103 1
160 103 1
458 103 1
647 103 2
818 103 1
819 103 1
820 103 1
1105 103 1
103 104 2
109 104 1
458 104 1
647 104 1
818 104 1
819 104 1
820 104 1
103 105 1
647 105 1
1105 105 1
180 106 1
685 106 1
690 106 1
1183 106 1
355 107 1
431 107 1
269 108 1
308 108 1
608 108 1
103 109 1
104 109 1
458 109 1
818 109 1
819 109 1
820 109 1
350 110 1
1138 110 1
1139 110 1
6 111 1
99 111 3
321 111 1
322 111 1
1280 111 1
1347 111 1
1348 111 1
1349 111 1
1374 111 1
12 112 1
15 112 1
22 112 1
161 112 1
24 113 3
114 113 1
968 113 2
969 113 1
970 113 3
1185 113 3
24 114 1
113 114 1
1185 114 1
15 115 1
79 115 1
121 115 1
1354 115 1
11 116 1
28 116 1
75 116 1
172 116 1
359 116 1
129 117 1
185 117 1
1328 117 1
119 118 1
137 118 1
2 119 1
77 119 1
118 119 1
137 119 1
191 119 1
192 119 1
403 119 1
559 119 1
1430 119 1
1260 120 1
1261 120 1
1262 120 1
1263 120 1
1264 120 1
15 121 1
79 121 1
115 121 1
1354 121 1
249 122 3
416 122 2
599 122 1
753 122 1
993 122 1
994 122 1
995 122 1
996 122 1
14 123 1
67 123 1
155 124 1
156 124 1
335 124 1
31 125 2
648 125 1
728 125 1
1210 125 2
1211 125 2
1212 125 1
1213 125 1
1214 125 2
78 126 1
241 126 1
342 126 1
44 127 1
146 127 1
264 127 1
274 127 1
444 127 1
521 127 1
526 127 1
529 127 1
735 127 1
736 127 1
737 127 1
738 127 1
739 127 1
740 127 1
297 128 1
308 128 2
664 128 1
1317 128 2
117 129 1
185 129 1
1328 129 1
21 130 1
357 130 1
358 130 1
103 131 1
160 131 1
833 132 1
164 133 1
135 134 1
136 134 1
1284 134 1
134 135 1
136 135 1
1284 135 1
134 136 1
135 136 1
1284 136 1
118 137 1
119 137 1
57 138 1
70 139 1
632 140 1
633 140 1
142 141 1
1448 141 1
1449 141 1
141 142 1
1448 142 1
1449 142 1
57 143 1
427 143 1
572 143 1
578 143 1
1180 144 1
1181 144 1
56 145 1
347 145 1
394 145 1
44 146 1
127 146 1
167 146 2
264 146 1
274 146 1
444 146 1
521 146 1
526 146 1
529 146 1
735 146 1
736 146 1
737 146 1
738 146 1
739 146 1
740 146 1
881 147 1
882 147 1
883 147 1
29 148 1
188 148 1
2 149 2
8 149 1
9 149 1
150 149 2
341 149 1
625 149 1
626 149 1
2 150 10
8 150 6
9 150 1
77 150 3
149 150 2
151 150 1
174 150 1
324 150 4
326 150 2
341 150 1
343 150 1
344 150 1
345 150 1
625 150 1
626 150 1
670 150 1
676 150 1
2 151 1
8 151 1
150 151 1
676 151 1
274 152 1
305 152 1
426 153 1
262 154 1
1372 154 1
1373 154 1
124 155 1
156 155 1
335 155 1
124 156 1
155 156 1
335 156 1
81 157 1
1300 157 1
1301 157 1
1302 157 1
1303 157 1
190 158 1
871 158 1
88 159 1
349 159 1
402 159 1
103 160 1
131 160 1
12 161 1
15 161 1
22 161 1
112 161 1
73 162 1
187 162 1
302 162 1
388 162 1
389 162 1
425 162 1
434 162 1
1435 162 1
164 163 2
696 163 1
1437 163 1
133 164 1
163 164 2
523 164 1
652 164 1
696 164 1
1437 164 1
166 165 2
205 165 2
244 165 1
253 165 2
277 165 2
329 165 1
451 165 1
457 165 2
477 165 1
540 165 1
640 165 1
165 166 2
205 166 2
146 167 2
15 168 1
177 168 2
377 168 1
439 168 1
1391 168 1
1392 168 1
170 169 1
240 169 1
169 170 1
240 170 1
256 170 2
265 170 1
285 170 3
942 170 5
943 170 1
944 170 3
945 170 1
946 170 1
947 170 5
948 170 1
949 170 2
1254 170 1
1255 170 1
1294 170 2
41 171 1
371 171 1
11 172 1
28 172 1
75 172 1
116 172 1
359 172 1
1337 173 1
1338 173 1
1339 173 1
1340 173 1
2 174 1
5 174 1
8 174 1
52 174 1
150 174 1
324 174 1
326 174 1
204 175 1
245 175 1
605 175 1
606 175 1
1358 175 1
380 176 1
646 176 1
1329 176 1
1330 176 1
15 177 1
168 177 2
377 177 1
439 177 1
1391 177 1
1392 177 1
234 178 1
600 178 1
651 178 1
1200 178 1
1201 178 1
1202 178 1
92 179 1
301 179 1
395 179 1
106 180 1
402 181 1
422 181 1
1325 181 1
1352 181 1
231 182 3
689 182 2
1033 182 3
1034 182 3
1035 182 2
82 183 1
683 183 1
913 183 1
919 183 1
529 184 1
735 184 1
745 184 1
922 184 1
923 184 1
1410 184 1
117 185 1
129 185 1
1328 185 1
929 186 1
1174 186 1
1175 186 1
73 187 2
162 187 1
216 187 1
388 187 2
389 187 1
580 187 1
623 187 1
659 187 1
29 188 1
148 188 1
1295 189 1
158 190 1
871 190 1
1251 190 1
119 191 1
192 191 1
1430 191 1
119 192 1
191 192 1
1430 192 1
366 193 1
500 193 2
681 193 1
684 193 1
67 194 2
195 194 1
67 195 1
194 195 1
53 196 2
331 196 3
385 196 1
499 196 1
545 196 1
579 196 1
601 196 1
614 196 1
675 196 1
694 196 1
1046 196 2
1182 196 1
1322 196 1
1346 196 1
1431 196 1
71 197 1
72 197 2
314 198 1
315 198 1
367 198 1
368 198 1
664 198 1
200 199 1
1355 199 1
1356 199 1
1357 199 1
199 200 1
1355 200 1
1356 200 1
1357 200 1
1096 201 1
1097 201 1
220 202 2
222 202 2
809 202 1
510 203 1
175 204 1
245 204 1
606 204 1
165 205 2
166 205 2
268 205 1
1336 205 1
30 206 1
207 206 3
284 206 1
571 206 1
865 206 1
30 207 1
206 207 3
284 207 1
571 207 1
865 207 1
286 208 1
617 208 1
1037 208 1
1038 208 1
1350 208 1
1351 208 1
211 209 1
227 209 1
1042 209 1
1043 209 1
211 210 2
227 210 1
209 211 1
210 211 2
227 211 7
283 211 1
570 211 1
650 211 1
1042 211 1
1043 211 1
1104 211 1
1296 211 2
1297 211 2
1298 211 1
1314 211 1
1327 211 1
1344 211 1
36 212 1
417 212 1
1186 213 1
404 214 1
460 214 1
1426 215 1
1427 215 1
1428 215 1
1429 215 1
187 216 1
580 216 1
623 216 1
43 217 1
44 217 1
45 217 1
224 218 1
554 218 1
602 218 1
225 219 2
535 219 2
536 219 2
202 220 2
222 220 2
809 220 1
956 221 1
202 222 2
220 222 2
809 222 1
68 223 1
248 223 1
260 223 1
261 223 1
333 223 2
393 223 1
788 223 1
789 223 1
859 223 1
1131 223 1
1389 223 1
218 224 1
554 224 1
219 225 2
535 225 2
536 225 2
42 226 1
274 226 4
287 226 1
288 226 1
291 226 1
305 226 3
476 226 1
494 226 2
812 226 2
813 226 2
1036 226 1
1144 226 1
1145 226 1
1215 226 1
1403 226 2
209 227 1
210 227 1
211 227 7
246 227 2
283 227 1
541 227 1
569 227 1
570 227 3
884 227 1
885 227 1
1042 227 1
1043 227 1
1327 227 2
1344 227 1
1106 228 1
1107 228 1
1108 228 1
1137 229 1
547 230 2
593 230 2
863 230 1
182 231 3
288 231 1
646 231 1
666 231 1
689 231 3
1033 231 3
1034 231 3
1035 231 2
1044 231 1
1045 231 1
293 232 1
453 232 1
454 232 1
558 232 1
1248 233 1
178 234 1
651 234 1
1200 234 1
1223 235 1
1224 235 1
237 236 1
236 237 1
298 237 1
868 237 1
1415 237 1
1416 237 1
542 238 2
971 238 1
972 238 1
1122 238 1
274 239 1
476 239 1
486 239 1
493 239 1
494 239 1
778 239 3
779 239 1
780 239 3
781 239 3
169 240 1
170 240 1
126 241 1
555 241 1
1324 241 1
1411 242 1
370 243 1
456 243 1
697 243 1
165 244 1
277 244 1
328 244 1
329 244 2
330 244 1
540 244 1
621 244 1
175 245 1
204 245 1
606 245 1
227 246 2
319 246 1
397 246 1
398 246 1
541 246 1
884 246 1
885 246 1
259 247 1
295 247 1
1293 247 1
68 248 1
223 248 1
122 249 3
416 249 2
599 249 1
665 249 1
753 249 1
993 249 1
994 249 1
995 249 1
996 249 1
26 250 1
671 250 1
672 250 1
673 250 1
1343 250 1
557 251 1
1323 251 1
312 252 2
463 252 1
754 252 1
828 252 1
165 253 2
277 253 1
457 253 2
1041 254 1
529 255 1
637 255 1
746 255 1
808 255 1
922 255 1
923 255 1
1140 255 1
1141 255 1
170 256 2
1294 256 3
1299 257 2
303 258 1
304 258 1
700 258 1
247 259 1
295 259 1
1293 259 1
223 260 1
261 260 1
223 261 1
260 261 1
154 262 1
561 262 1
1372 262 2
1373 262 1
440 263 1
561 263 1
44 264 1
127 264 1
146 264 1
274 264 1
444 264 1
521 264 1
526 264 1
529 264 1
735 264 1
736 264 1
737 264 1
738 264 1
739 264 1
740 264 1
170 265 1
448 266 1
55 267 1
543 267 1
205 268 1
1336 268 1
108 269 1
308 269 1
608 269 1
893 270 1
894 270 1
92 271 1
94 271 2
338 271 1
524 272 1
1281 272 1
276 273 2
346 273 2
509 273 1
649 273 1
924 273 1
925 273 1
1120 273 1
44 274 1
127 274 1
146 274 1
152 274 1
226 274 4
239 274 1
264 274 1
275 274 1
287 274 2
288 274 4
290 274 1
305 274 2
444 274 1
465 274 1
476 274 2
486 274 2
487 274 1
488 274 1
493 274 1
494 274 2
505 274 1
521 274 1
526 274 1
529 274 1
682 274 1
698 274 1
710 274 1
719 274 1
720 274 1
721 274 1
735 274 1
736 274 1
737 274 1
738 274 1
739 274 1
740 274 1
778 274 1
779 274 1
780 274 1
781 274 1
812 274 3
813 274 3
873 274 2
886 274 1
887 274 2
1144 274 1
1145 274 1
1215 274 3
1216 274 1
1217 274 1
1218 274 1
1222 274 1
1240 274 1
1241 274 1
274 275 1
1215 275 1
1222 275 1
273 276 2
346 276 1
471 276 1
472 276 1
473 276 1
478 276 1
892 276 1
165 277 2
244 277 1
253 277 1
329 277 1
457 277 1
540 277 1
279 278 2
280 278 1
278 279 2
280 279 1
930 279 1
278 280 1
279 280 1
386 280 1
394 280 1
505 280 1
926 280 1
916 281 1
40 282 1
581 282 1
211 283 1
227 283 1
206 284 1
207 284 1
170 285 3
942 285 2
947 285 2
1254 285 1
1255 285 1
208 286 1
617 286 1
1037 286 1
1038 286 1
226 287 1
274 287 2
288 287 5
487 287 1
488 287 1
1269 287 2
1270 287 1
1319 287 1
1320 287 1
226 288 1
231 288 1
274 288 4
287 288 5
305 288 1
487 288 1
488 288 1
666 288 1
1240 288 1
1241 288 1
1269 288 2
1270 288 2
1319 288 2
1320 288 1
1369 288 1
1370 288 1
351 289 1
900 289 1
901 289 1
902 289 1
274 290 1
546 290 1
662 290 2
226 291 1
44 292 1
637 292 1
674 292 1
1326 292 1
232 293 1
453 293 1
373 294 2
374 294 3
462 294 2
502 294 1
641 294 1
642 294 1
667 294 1
668 294 1
669 294 1
695 294 1
1117 294 2
1118 294 2
1119 294 2
1121 294 1
1266 294 1
247 295 1
259 295 1
1293 295 1
297 296 2
308 296 3
316 296 2
317 296 1
332 296 1
128 297 1
296 297 2
308 297 3
316 297 2
317 297 1
332 297 1
664 297 1
1317 297 1
237 298 1
868 298 1
330 299 1
358 299 1
827 300 1
179 301 1
302 301 1
408 301 1
1450 301 1
162 302 1
301 302 1
425 302 1
1450 302 1
258 303 1
304 303 1
258 304 1
303 304 1
152 305 1
226 305 3
274 305 2
288 305 1
1403 305 2
307 306 1
308 306 1
306 307 1
308 307 2
108 308 1
128 308 2
269 308 1
296 308 3
297 308 3
306 308 1
307 308 2
316 308 2
317 308 1
332 308 1
608 308 1
664 308 1
1317 308 2
549 309 1
891 309 1
1178 309 1
1407 310 1
1408 310 1
1409 310 1
46 311 1
492 311 1
525 311 1
993 311 1
252 312 2
463 312 1
828 312 1
56 313 1
590 313 1
917 313 1
918 313 1
1318 313 1
198 314 1
315 314 1
367 314 1
368 314 1
664 314 1
198 315 1
314 315 1
367 315 1
368 315 1
664 315 1
296 316 2
297 316 2
308 316 2
317 316 1
332 316 1
296 317 1
297 317 1
308 317 1
316 317 1
1309 318 1
1310 318 1
246 319 1
397 319 1
398 319 1
1287 320 1
1288 320 1
1289 320 1
6 321 1
99 321 1
111 321 1
322 321 1
6 322 1
99 322 1
111 322 1
321 322 1
584 323 1
585 323 3
586 323 1
587 323 3
588 323 1
622 323 3
1312 323 1
1313 323 2
1446 323 1
1447 323 1
2 324 4
8 324 1
77 324 3
150 324 4
174 324 1
326 324 1
38 325 2
2 326 2
8 326 2
150 326 2
174 326 1
324 326 1
1341 327 1
1342 327 1
244 328 1
329 328 1
330 328 1
621 328 1
165 329 1
244 329 2
277 329 1
328 329 1
330 329 1
540 329 1
621 329 1
244 330 1
299 330 1
328 330 1
329 330 1
358 330 1
621 330 1
53 331 1
196 331 3
675 331 1
1322 331 1
296 332 1
297 332 1
308 332 1
316 332 1
223 333 2
393 333 1
506 333 1
507 333 1
508 333 1
859 333 1
1131 333 1
931 334 1
932 334 1
124 335 1
155 335 1
156 335 1
1195 336 1
1196 336 1
635 337 1
1333 337 1
1334 337 1
1335 337 1
92 338 1
94 338 1
271 338 1
340 339 1
375 339 1
412 339 1
413 339 1
414 339 1
339 340 1
375 340 1
412 340 1
413 340 1
414 340 1
1441 340 1
1442 340 1
2 341 3
8 341 3
9 341 3
64 341 1
149 341 1
150 341 1
625 341 1
626 341 1
78 342 1
126 342 1
2 343 1
8 343 1
150 343 1
344 343 1
345 343 1
2 344 1
8 344 1
150 344 1
343 344 1
345 344 1
2 345 1
8 345 1
150 345 1
343 345 1
344 345 1
273 346 2
276 346 1
509 346 1
145 347 1
1124 348 1
88 349 1
159 349 1
402 349 1
110 350 1
1138 350 1
1139 350 1
289 351 1
428 351 1
529 351 2
900 351 1
901 351 1
902 351 1
955 351 1
1321 351 2
1345 351 1
10 352 3
93 352 2
497 352 1
513 352 1
577 352 1
940 352 1
755 353 1
23 354 1
58 354 1
433 354 1
107 355 1
431 355 1
1010 356 1
1011 356 1
1012 356 1
21 357 1
130 357 1
358 357 1
21 358 1
130 358 1
299 358 1
330 358 1
357 358 1
11 359 1
28 359 1
75 359 1
116 359 1
172 359 1
14 360 1
95 360 1
70 361 1
1088 361 1
1089 361 1
968 362 1
970 362 1
1285 362 1
1286 362 1
14 363 1
74 363 1
1379 363 1
1380 363 1
1381 363 1
1382 363 1
2 364 2
52 364 2
625 364 2
626 364 2
1304 365 1
1305 365 1
193 366 1
500 366 1
681 366 1
198 367 1
314 367 1
315 367 1
368 367 1
664 367 1
198 368 1
314 368 1
315 368 1
367 368 1
664 368 1
445 369 1
243 370 1
456 370 1
697 370 1
41 371 1
171 371 1
69 372 1
381 372 1
294 373 2
374 373 2
1117 373 2
1118 373 2
1119 373 2
1266 373 1
294 374 3
373 374 2
411 374 1
481 374 1
502 374 1
1117 374 2
1118 374 2
1119 374 2
1121 374 1
1266 374 1
1420 374 1
1421 374 1
1422 374 1
1423 374 1
1424 374 1
1425 374 1
339 375 1
340 375 1
412 375 1
413 375 1
414 375 1
19 376 1
1021 376 1
168 377 1
177 377 1
1391 377 1
1392 377 1
84 378 1
96 378 1
624 378 1
1146 378 1
1147 378 1
1148 378 1
1149 378 1
73 379 1
83 379 1
98 379 1
176 380 1
646 380 1
1329 380 1
1330 380 1
69 381 1
372 381 1
424 382 1
563 382 1
1282 383 1
1283 383 1
37 384 1
196 385 1
280 386 1
394 386 1
505 386 1
926 386 1
713 387 1
714 387 1
715 387 1
834 387 1
73 388 2
162 388 1
187 388 2
389 388 1
659 388 1
73 389 1
162 389 1
187 389 1
388 389 1
391 390 1
390 391 1
418 391 1
723 391 1
724 391 1
785 392 1
223 393 1
333 393 1
859 393 1
56 394 1
145 394 1
280 394 1
386 394 1
505 394 1
926 394 1
92 395 1
179 395 1
101 396 1
604 396 1
1022 396 1
1275 396 1
1276 396 1
246 397 1
319 397 1
398 397 1
246 398 1
319 398 1
397 398 1
45 399 1
527 399 1
1331 399 1
1332 399 1
483 400 1
515 400 2
701 400 2
707 400 2
708 400 2
709 400 2
845 400 1
1065 400 1
1371 400 1
1027 401 1
88 402 1
159 402 1
181 402 1
349 402 1
1325 402 1
2 403 1
77 403 1
119 403 1
214 404 1
460 404 1
824 405 1
825 405 1
826 405 1
1060 406 1
1026 407 1
301 408 1
1221 409 1
86 410 1
374 411 1
481 411 1
1420 411 1
1421 411 1
1422 411 1
1423 411 1
1424 411 1
1425 411 1
339 412 1
340 412 1
375 412 1
413 412 1
414 412 1
339 413 1
340 413 1
375 413 1
412 413 1
414 413 1
339 414 1
340 414 1
375 414 1
412 414 1
413 414 1
574 414 1
575 414 1
1412 414 1
1413 414 1
1414 414 1
416 415 1
122 416 2
249 416 2
415 416 1
599 416 1
993 416 1
994 416 1
995 416 1
996 416 1
36 417 1
212 417 1
391 418 1
423 419 1
1360 419 1
25 420 1
544 420 1
82 421 1
620 421 1
181 422 1
1352 422 1
419 423 1
1360 423 1
382 424 1
162 425 1
302 425 1
153 426 1
57 427 1
143 427 1
572 427 1
578 427 1
351 428 1
598 429 1
712 429 1
701 430 1
702 430 1
703 430 1
704 430 1
705 430 1
706 430 1
107 431 1
355 431 1
461 432 1
515 432 1
609 432 1
1417 432 1
23 433 1
58 433 1
354 433 1
162 434 1
436 435 1
437 435 1
1055 435 1
1056 435 1
1057 435 1
435 436 1
437 436 1
1055 436 1
1056 436 1
1057 436 1
435 437 1
436 437 1
1055 437 1
1056 437 1
1057 437 1
679 438 1
833 438 1
15 439 1
168 439 1
177 439 1
263 440 1
561 440 2
615 440 1
660 440 1
1434 441 1
612 442 1
991 442 1
529 443 1
637 443 1
744 443 1
746 443 1
808 443 1
44 444 1
127 444 1
146 444 1
264 444 1
274 444 1
484 444 2
521 444 1
526 444 1
529 444 3
687 444 1
701 444 1
735 444 2
736 444 1
737 444 1
738 444 1
739 444 1
740 444 1
746 444 1
846 444 1
847 444 1
848 444 1
1277 444 1
369 445 1
730 446 1
731 446 1
732 446 1
733 446 1
20 447 1
266 448 1
1267 449 1
1268 449 1
56 450 1
451 450 1
1353 450 1
56 451 1
165 451 1
450 451 1
1353 451 1
528 452 1
691 452 1
775 452 1
776 452 1
232 453 1
293 453 1
232 454 1
558 454 1
16 455 1
243 456 1
370 456 1
697 456 1
165 457 2
253 457 2
277 457 1
103 458 1
104 458 1
109 458 1
818 458 1
819 458 1
820 458 1
849 459 1
850 459 1
851 459 1
852 459 1
853 459 1
854 459 1
855 459 1
856 459 1
214 460 1
404 460 1
432 461 1
515 461 1
609 461 1
1417 461 1
294 462 2
641 462 1
642 462 1
667 462 1
668 462 1
669 462 1
252 463 1
312 463 1
768 464 1
769 464 1
770 464 1
274 465 1
505 465 1
886 465 1
887 465 1
522 466 1
560 466 1
594 466 1
895 466 1
468 467 1
1436 467 1
467 468 1
1363 469 1
905 470 1
276 471 1
472 471 1
473 471 1
276 472 1
471 472 1
473 472 1
276 473 1
471 473 1
472 473 1
1315 474 1
1316 474 1
80 475 1
583 475 1
226 476 1
239 476 1
274 476 2
486 476 1
493 476 1
494 476 2
778 476 1
779 476 1
780 476 1
781 476 1
165 477 1
640 477 1
276 478 1
479 478 1
480 478 1
631 478 1
688 478 1
478 479 1
480 479 1
478 480 1
479 480 1
374 481 1
411 481 1
1420 481 1
1421 481 1
1422 481 1
1423 481 1
1424 481 1
1425 481 1
47 482 1
567 482 1
610 482 1
611 482 1
400 483 1
444 484 2
529 484 1
687 484 1
1277 484 1
829 485 1
239 486 1
274 486 2
476 486 1
493 486 1
494 486 1
778 486 1
779 486 1
780 486 1
781 486 1
274 487 1
287 487 1
288 487 1
488 487 1
274 488 1
287 488 1
288 488 1
487 488 1
760 489 2
761 489 3
762 489 1
765 489 2
1219 489 1
1220 489 1
710 490 1
1003 491 2
1004 491 1
1005 491 1
46 492 1
311 492 1
525 492 1
993 492 1
239 493 1
274 493 1
476 493 1
486 493 1
494 493 1
778 493 1
779 493 1
780 493 1
781 493 1
226 494 2
239 494 1
274 494 2
476 494 2
486 494 1
493 494 1
535 494 1
778 494 1
779 494 1
780 494 2
781 494 1
1068 494 1
1069 494 1
551 495 1
80 496 1
10 497 1
93 497 1
352 497 1
577 497 1
940 497 1
100 498 1
616 498 1
1244 498 1
1245 498 1
1246 498 1
1247 498 1
1359 498 1
196 499 1
601 499 1
193 500 2
366 500 1
681 500 1
684 500 1
1031 501 1
1032 501 1
294 502 1
374 502 1
888 502 1
1121 502 1
35 503 1
636 503 1
548 504 1
274 505 1
280 505 1
386 505 1
394 505 1
465 505 1
822 505 1
886 505 1
887 505 1
926 505 1
333 506 1
507 506 1
508 506 1
935 506 1
936 506 1
333 507 1
506 507 1
508 507 1
333 508 1
506 508 1
507 508 1
273 509 1
346 509 1
203 510 1
1404 511 1
1405 511 1
1406 511 1
967 512 1
10 513 1
352 513 1
1171 514 2
1176 514 1
1177 514 1
400 515 2
432 515 1
461 515 1
562 515 1
576 515 1
609 515 1
1371 515 1
1417 515 1
1438 515 1
1439 515 1
1440 515 1
517 516 1
518 516 1
516 517 1
518 517 2
654 517 1
656 517 1
933 517 1
516 518 1
517 518 2
539 518 3
653 518 3
654 518 4
655 518 3
656 518 4
657 518 3
658 518 3
933 518 1
1094 519 1
1095 519 1
63 520 1
534 520 1
573 520 1
44 521 1
127 521 1
146 521 1
264 521 1
274 521 1
444 521 1
526 521 1
529 521 1
735 521 1
736 521 1
737 521 1
738 521 1
739 521 1
740 521 1
466 522 1
560 522 1
594 522 1
895 522 1
164 523 1
652 523 1
272 524 1
1281 524 1
46 525 1
311 525 1
492 525 1
993 525 1
44 526 1
127 526 1
146 526 1
264 526 1
274 526 1
444 526 1
521 526 1
529 526 1
735 526 1
736 526 1
737 526 1
738 526 1
739 526 1
740 526 1
45 527 1
399 527 1
1331 527 1
1332 527 1
452 528 1
691 528 1
775 528 1
776 528 1
44 529 1
92 529 1
127 529 1
146 529 1
184 529 1
255 529 1
264 529 1
274 529 1
351 529 2
443 529 1
444 529 3
484 529 1
521 529 1
526 529 1
637 529 4
674 529 1
678 529 1
735 529 4
736 529 1
737 529 1
738 529 1
739 529 1
740 529 1
744 529 2
745 529 2
746 529 3
747 529 1
808 529 2
821 529 1
922 529 2
923 529 2
1140 529 1
1141 529 1
1321 529 1
1345 529 1
54 530 1
531 530 1
597 530 1
644 530 1
794 530 1
795 530 1
796 530 1
797 530 1
798 530 1
799 530 1
800 530 1
801 530 1
802 530 1
803 530 1
804 530 1
805 530 1
806 530 1
807 530 1
54 531 1
530 531 1
597 531 1
644 531 1
794 531 1
795 531 1
796 531 1
797 531 1
798 531 1
799 531 1
800 531 1
801 531 1
802 531 1
803 531 1
804 531 1
805 531 1
806 531 1
807 531 1
533 532 2
873 532 2
1067 532 1
532 533 2
63 534 1
520 534 1
573 534 1
219 535 2
225 535 2
494 535 1
536 535 2
780 535 1
1068 535 1
1069 535 1
219 536 2
225 536 2
535 536 2
1071 537 1
101 538 1
1019 538 1
1020 538 1
518 539 3
653 539 3
654 539 3
655 539 3
656 539 3
657 539 3
658 539 3
165 540 1
244 540 1
277 540 1
329 540 1
227 541 1
246 541 1
238 542 2
1090 542 1
1122 542 1
55 543 2
267 543 1
25 544 1
420 544 1
196 545 1
1182 545 1
290 546 1
230 547 2
593 547 2
863 547 1
504 548 1
698 548 1
814 548 1
309 549 1
891 549 1
711 550 1
1066 550 1
495 551 1
627 552 3
1311 553 1
218 554 1
224 554 1
241 555 1
1390 556 1
251 557 1
1323 557 1
232 558 1
454 558 1
119 559 1
466 560 1
522 560 1
594 560 1
895 560 1
262 561 1
263 561 1
440 561 2
615 561 1
660 561 1
661 561 1
1372 561 1
515 562 1
576 562 1
1438 562 1
1439 562 1
1440 562 1
382 563 1
87 564 1
582 564 1
18 565 1
1150 565 1
857 566 1
858 566 1
47 567 1
482 567 1
1207 568 1
1208 568 1
227 569 1
570 569 1
211 570 1
227 570 3
569 570 1
1327 570 2
1344 570 1
206 571 1
207 571 1
865 571 1
57 572 1
143 572 1
427 572 1
578 572 1
63 573 1
520 573 1
534 573 1
414 574 1
575 574 1
1412 574 1
1413 574 1
1414 574 1
414 575 1
574 575 1
1412 575 1
1413 575 1
1414 575 1
515 576 1
562 576 1
1438 576 1
1439 576 1
1440 576 1
10 577 1
93 577 1
352 577 1
497 577 1
940 577 1
57 578 1
143 578 1
427 578 1
572 578 1
196 579 1
694 579 1
1431 579 1
187 580 1
216 580 1
623 580 1
40 581 1
282 581 1
87 582 1
564 582 1
80 583 1
475 583 1
323 584 1
585 584 1
586 584 1
587 584 1
622 584 1
1312 584 1
1313 584 1
323 585 3
584 585 1
586 585 1
587 585 3
588 585 1
622 585 3
1312 585 1
1313 585 2
1446 585 1
1447 585 1
323 586 1
584 586 1
585 586 1
587 586 1
622 586 1
1312 586 1
1313 586 1
323 587 3
584 587 1
585 587 3
586 587 1
588 587 1
622 587 3
1312 587 1
1313 587 2
1446 587 1
1447 587 1
323 588 1
585 588 1
587 588 1
622 588 1
1313 588 1
720 589 1
830 589 1
831 589 1
841 589 1
313 590 1
917 590 1
918 590 1
592 591 3
591 592 3
230 593 2
547 593 2
863 593 1
466 594 1
522 594 1
560 594 1
895 594 1
596 595 2
961 595 1
595 596 2
629 596 1
630 596 1
782 596 1
54 597 1
530 597 1
531 597 1
644 597 1
794 597 1
795 597 1
796 597 1
797 597 1
798 597 1
799 597 1
800 597 1
801 597 1
802 597 1
803 597 1
804 597 1
805 597 1
806 597 1
807 597 1
429 598 1
712 598 1
122 599 1
249 599 1
416 599 1
993 599 1
994 599 1
995 599 1
996 599 1
178 600 1
196 601 1
499 601 1
218 602 1
1443 603 1
1444 603 1
1445 603 1
101 604 1
396 604 1
1022 604 1
1275 604 1
1276 604 1
175 605 1
1358 605 1
175 606 1
204 606 1
245 606 1
48 607 1
108 608 1
269 608 1
308 608 1
1030 608 1
432 609 1
461 609 1
515 609 1
1417 609 1
482 610 1
611 610 1
482 611 1
610 611 1
442 612 1
991 612 3
1206 612 1
817 613 2
196 614 1
1046 614 1
440 615 1
561 615 1
660 615 1
100 616 1
498 616 1
1244 616 1
1245 616 1
1246 616 1
1247 616 1
208 617 1
286 617 1
1037 617 1
1038 617 1
18 618 2
1020 619 1
1271 619 1
82 620 2
421 620 1
244 621 1
328 621 1
329 621 1
330 621 1
323 622 3
584 622 1
585 622 3
586 622 1
587 622 3
588 622 1
1312 622 1
1313 622 2
1446 622 1
1447 622 1
187 623 1
216 623 1
580 623 1
84 624 1
96 624 1
378 624 1
1047 624 1
1146 624 1
1147 624 1
1148 624 1
1149 624 1
2 625 3
8 625 1
9 625 1
52 625 2
149 625 1
150 625 1
341 625 1
364 625 2
626 625 3
2 626 3
8 626 1
9 626 1
52 626 2
149 626 1
150 626 1
341 626 1
364 626 2
625 626 3
552 627 3
1432 628 1
1433 628 1
596 629 1
630 629 1
596 630 1
629 630 1
478 631 1
688 631 1
140 632 1
633 632 1
140 633 1
632 633 1
1103 634 1
337 635 1
1333 635 1
1334 635 1
1335 635 1
35 636 1
503 636 1
44 637 1
255 637 1
292 637 1
443 637 1
529 637 4
674 637 2
678 637 1
744 637 1
746 637 2
808 637 2
821 637 1
922 637 1
923 637 1
1140 637 1
1141 637 1
1326 637 1
639 638 1
864 638 1
638 639 1
864 639 1
165 640 1
477 640 1
294 641 1
462 641 1
642 641 1
294 642 1
462 642 1
641 642 1
699 643 1
54 644 1
530 644 1
531 644 1
597 644 1
794 644 1
795 644 1
796 644 1
797 644 1
798 644 1
799 644 1
800 644 1
801 644 1
802 644 1
803 644 1
804 644 1
805 644 1
806 644 1
807 644 1
835 645 1
836 645 1
837 645 1
838 645 1
839 645 1
840 645 1
176 646 1
231 646 1
380 646 1
1044 646 1
1045 646 1
1329 646 1
1330 646 1
81 647 1
103 647 2
104 647 1
105 647 1
1105 647 1
31 648 1
125 648 1
728 648 1
1210 648 1
1211 648 1
1212 648 1
1213 648 1
1214 648 1
273 649 1
1120 649 1
211 650 1
178 651 1
234 651 1
1200 651 1
164 652 1
523 652 1
518 653 3
539 653 3
654 653 3
655 653 3
656 653 3
657 653 3
658 653 3
517 654 1
518 654 4
539 654 3
653 654 3
655 654 3
656 654 4
657 654 3
658 654 3
933 654 1
518 655 3
539 655 3
653 655 3
654 655 3
656 655 3
657 655 3
658 655 3
517 656 1
518 656 4
539 656 3
653 656 3
654 656 4
655 656 3
657 656 3
658 656 3
933 656 1
518 657 3
539 657 3
653 657 3
654 657 3
655 657 3
656 657 3
658 657 3
518 658 3
539 658 3
653 658 3
654 658 3
655 658 3
656 658 3
657 658 3
73 659 2
187 659 1
388 659 1
440 660 1
561 660 1
615 660 1
561 661 1
290 662 2
70 663 1
1273 663 1
1274 663 1
128 664 1
198 664 1
297 664 1
308 664 1
314 664 1
315 664 1
367 664 1
368 664 1
1317 664 1
249 665 1
1113 665 1
1114 665 1
1115 665 1
1116 665 1
231 666 1
288 666 1
294 667 1
462 667 1
668 667 1
669 667 1
294 668 1
462 668 1
667 668 1
669 668 1
294 669 1
462 669 1
667 669 1
668 669 1
2 670 1
8 670 1
150 670 1
26 671 1
250 671 1
672 671 1
673 671 1
1343 671 1
26 672 1
250 672 1
671 672 1
673 672 1
1343 672 1
26 673 1
250 673 1
671 673 1
672 673 1
1343 673 1
44 674 1
292 674 1
529 674 1
637 674 2
678 674 1
1326 674 1
196 675 1
331 675 1
2 676 1
8 676 1
150 676 1
151 676 1
741 677 1
742 677 1
743 677 1
529 678 1
637 678 1
674 678 1
438 679 1
833 679 2
887 680 1
193 681 1
366 681 1
500 681 1
274 682 1
710 682 1
183 683 1
913 683 1
193 684 1
500 684 1
106 685 1
690 685 1
1183 685 1
953 686 1
954 686 1
444 687 1
484 687 1
1277 687 1
478 688 1
631 688 1
182 689 2
231 689 3
1033 689 2
1034 689 2
1035 689 2
106 690 1
685 690 1
1183 690 1
452 691 1
528 691 1
775 691 1
776 691 1
1385 691 1
1386 691 1
1387 691 1
1388 691 1
790 692 1
791 692 1
90 693 1
91 693 1
1075 693 1
1076 693 1
1077 693 1
1078 693 1
1079 693 1
196 694 1
579 694 1
1431 694 1
294 695 1
163 696 1
164 696 1
243 697 1
370 697 1
456 697 1
19 698 1
274 698 1
548 698 1
710 698 4
769 698 1
814 698 1
872 698 2
873 698 1
880 698 1
1028 698 1
643 699 1
258 700 1
400 701 2
430 701 1
444 701 1
702 701 1
703 701 1
704 701 1
705 701 1
706 701 1
707 701 2
708 701 2
709 701 2
746 701 1
845 701 1
846 701 1
847 701 1
848 701 1
430 702 1
701 702 1
703 702 1
704 702 1
705 702 1
706 702 1
430 703 1
701 703 1
702 703 1
704 703 1
705 703 1
706 703 1
430 704 1
701 704 1
702 704 1
703 704 1
705 704 1
706 704 1
430 705 1
701 705 1
702 705 1
703 705 1
704 705 1
706 705 1
430 706 1
701 706 1
702 706 1
703 706 1
704 706 1
705 706 1
400 707 2
701 707 2
708 707 2
709 707 2
845 707 1
400 708 2
701 708 2
707 708 2
709 708 2
845 708 1
400 709 2
701 709 2
707 709 2
708 709 2
845 709 1
274 710 1
490 710 1
682 710 1
698 710 4
769 710 1
872 710 1
873 710 1
880 710 1
550 711 1
429 712 1
598 712 1
387 713 1
714 713 1
715 713 1
387 714 1
713 714 1
715 714 1
387 715 1
713 715 1
714 715 1
717 716 2
718 716 1
716 717 2
718 717 1
716 718 1
717 718 1
274 719 1
720 719 1
721 719 1
274 720 1
589 720 1
719 720 1
721 720 1
841 720 1
274 721 1
719 721 1
720 721 1
1225 722 1
1226 722 1
1227 722 1
1228 722 1
1229 722 1
1230 722 1
1231 722 1
1232 722 1
1233 722 1
1234 722 1
1235 722 1
1236 722 1
1237 722 1
1238 722 1
1239 722 1
391 723 1
724 723 1
391 724 1
723 724 1
1306 724 1
1307 724 1
1308 724 1
726 725 1
727 725 1
725 726 1
725 727 1
31 728 1
125 728 1
648 728 1
729 728 2
1210 728 1
1211 728 1
1212 728 1
1213 728 1
1214 728 1
728 729 2
446 730 1
731 730 1
732 730 1
733 730 1
446 731 1
730 731 1
732 731 1
733 731 1
446 732 1
730 732 1
731 732 1
733 732 1
446 733 1
730 733 1
731 733 1
732 733 1
832 734 1
44 735 1
127 735 1
146 735 1
184 735 1
264 735 1
274 735 1
444 735 2
521 735 1
526 735 1
529 735 4
736 735 1
737 735 1
738 735 1
739 735 1
740 735 2
744 735 1
745 735 2
746 735 1
747 735 1
922 735 1
923 735 1
1399 735 1
1418 735 1
1419 735 1
44 736 1
127 736 1
146 736 1
264 736 1
274 736 1
444 736 1
521 736 1
526 736 1
529 736 1
735 736 1
737 736 1
738 736 1
739 736 1
740 736 1
44 737 1
127 737 1
146 737 1
264 737 1
274 737 1
444 737 1
521 737 1
526 737 1
529 737 1
735 737 1
736 737 1
738 737 1
739 737 1
740 737 1
44 738 1
127 738 1
146 738 1
264 738 1
274 738 1
444 738 1
521 738 1
526 738 1
529 738 1
735 738 1
736 738 1
737 738 1
739 738 1
740 738 1
44 739 1
127 739 1
146 739 1
264 739 1
274 739 1
444 739 1
521 739 1
526 739 1
529 739 1
735 739 1
736 739 1
737 739 1
738 739 1
740 739 1
44 740 1
127 740 1
146 740 1
264 740 1
274 740 1
444 740 1
521 740 1
526 740 1
529 740 1
735 740 2
736 740 1
737 740 1
738 740 1
739 740 1
1399 740 2
1400 740 1
1401 740 1
1402 740 1
1418 740 1
1419 740 1
677 741 1
742 741 1
743 741 1
677 742 1
741 742 1
743 742 1
677 743 1
741 743 1
742 743 1
443 744 1
529 744 2
637 744 1
735 744 1
745 744 1
746 744 4
747 744 1
808 744 1
810 744 1
811 744 2
184 745 1
529 745 2
735 745 2
744 745 1
746 745 1
747 745 1
922 745 1
923 745 1
255 746 1
443 746 1
444 746 1
529 746 3
637 746 2
701 746 1
735 746 1
744 746 4
745 746 1
747 746 1
808 746 2
810 746 1
811 746 2
846 746 1
847 746 1
848 746 1
922 746 1
923 746 1
1140 746 1
1141 746 1
529 747 1
735 747 1
744 747 1
745 747 1
746 747 1
749 748 1
750 748 1
751 748 1
748 749 1
750 749 1
751 749 1
748 750 1
749 750 1
751 750 1
748 751 1
749 751 1
750 751 1
19 752 1
122 753 1
249 753 1
252 754 1
353 755 1
757 756 1
756 757 1
759 758 1
758 759 1
489 760 2
761 760 2
762 760 1
765 760 1
489 761 3
760 761 2
762 761 1
765 761 2
1219 761 1
1220 761 1
489 762 1
760 762 1
761 762 1
764 763 1
763 764 1
489 765 2
760 765 1
761 765 2
1219 765 1
1220 765 1
767 766 1
823 766 1
766 767 1
464 768 1
769 768 1
770 768 1
464 769 1
698 769 1
710 769 1
768 769 1
770 769 1
880 769 1
464 770 1
768 770 1
769 770 1
772 771 2
1125 771 1
771 772 2
1125 772 3
1126 772 1
774 773 1
773 774 1
452 775 1
528 775 1
691 775 1
776 775 1
452 776 1
528 776 1
691 776 1
775 776 1
787 777 1
239 778 3
274 778 1
476 778 1
486 778 1
493 778 1
494 778 1
779 778 1
780 778 3
781 778 3
239 779 1
274 779 1
476 779 1
486 779 1
493 779 1
494 779 1
778 779 1
780 779 1
781 779 1
239 780 3
274 780 1
476 780 1
486 780 1
493 780 1
494 780 2
535 780 1
778 780 3
779 780 1
781 780 3
1068 780 1
1069 780 1
239 781 3
274 781 1
476 781 1
486 781 1
493 781 1
494 781 1
778 781 3
779 781 1
780 781 3
596 782 1
784 783 1
783 784 1
1086 784 2
1087 784 1
392 785 1
32 786 1
777 787 1
223 788 1
789 788 1
223 789 1
788 789 1
692 790 1
791 790 1
692 791 1
790 791 1
793 792 1
792 793 1
54 794 1
530 794 1
531 794 1
597 794 1
644 794 1
795 794 1
796 794 1
797 794 1
798 794 1
799 794 1
800 794 1
801 794 1
802 794 1
803 794 1
804 794 1
805 794 1
806 794 1
807 794 1
54 795 1
530 795 1
531 795 1
597 795 1
644 795 1
794 795 1
796 795 1
797 795 1
798 795 1
799 795 1
800 795 1
801 795 1
802 795 1
803 795 1
804 795 1
805 795 1
806 795 1
807 795 1
54 796 1
530 796 1
531 796 1
597 796 1
644 796 1
794 796 1
795 796 1
797 796 1
798 796 1
799 796 1
800 796 1
801 796 1
802 796 1
803 796 1
804 796 1
805 796 1
806 796 1
807 796 1
54 797 1
530 797 1
531 797 1
597 797 1
644 797 1
794 797 1
795 797 1
796 797 1
798 797 1
799 797 1
800 797 1
801 797 1
802 797 1
803 797 1
804 797 1
805 797 1
806 797 1
807 797 1
54 798 1
530 798 1
531 798 1
597 798 1
644 798 1
794 798 1
795 798 1
796 798 1
797 798 1
799 798 1
800 798 1
801 798 1
802 798 1
803 798 1
804 798 1
805 798 1
806 798 1
807 798 1
54 799 1
530 799 1
531 799 1
597 799 1
644 799 1
794 799 1
795 799 1
796 799 1
797 799 1
798 799 1
800 799 1
801 799 1
802 799 1
803 799 1
804 799 1
805 799 1
806 799 1
807 799 1
54 800 1
530 800 1
531 800 1
597 800 1
644 800 1
794 800 1
795 800 1
796 800 1
797 800 1
798 800 1
799 800 1
801 800 1
802 800 1
803 800 1
804 800 1
805 800 1
806 800 1
807 800 1
54 801 1
530 801 1
531 801 1
597 801 1
644 801 1
794 801 1
795 801 1
796 801 1
797 801 1
798 801 1
799 801 1
800 801 1
802 801 1
803 801 1
804 801 1
805 801 1
806 801 1
807 801 1
54 802 1
530 802 1
531 802 1
597 802 1
644 802 1
794 802 1
795 802 1
796 802 1
797 802 1
798 802 1
799 802 1
800 802 1
801 802 1
803 802 1
804 802 1
805 802 1
806 802 1
807 802 1
54 803 1
530 803 1
531 803 1
597 803 1
644 803 1
794 803 1
795 803 1
796 803 1
797 803 1
798 803 1
799 803 1
800 803 1
801 803 1
802 803 1
804 803 1
805 803 1
806 803 1
807 803 1
54 804 1
530 804 1
531 804 1
597 804 1
644 804 1
794 804 1
795 804 1
796 804 1
797 804 1
798 804 1
799 804 1
800 804 1
801 804 1
802 804 1
803 804 1
805 804 1
806 804 1
807 804 1
54 805 1
530 805 1
531 805 1
597 805 1
644 805 1
794 805 1
795 805 1
796 805 1
797 805 1
798 805 1
799 805 1
800 805 1
801 805 1
802 805 1
803 805 1
804 805 1
806 805 1
807 805 1
54 806 1
530 806 1
531 806 1
597 806 1
644 806 1
794 806 1
795 806 1
796 806 1
797 806 1
798 806 1
799 806 1
800 806 1
801 806 1
802 806 1
803 806 1
804 806 1
805 806 1
807 806 1
54 807 1
530 807 1
531 807 1
597 807 1
644 807 1
794 807 1
795 807 1
796 807 1
797 807 1
798 807 1
799 807 1
800 807 1
801 807 1
802 807 1
803 807 1
804 807 1
805 807 1
806 807 1
255 808 1
443 808 1
529 808 2
637 808 2
744 808 1
746 808 2
922 808 1
923 808 1
1140 808 1
1141 808 1
202 809 1
220 809 1
222 809 1
744 810 1
746 810 1
811 810 1
744 811 2
746 811 2
810 811 1
226 812 2
274 812 3
813 812 3
1215 812 2
226 813 2
274 813 3
812 813 3
1215 813 2
548 814 1
698 814 1
816 815 1
815 816 1
613 817 2
103 818 1
104 818 1
109 818 1
458 818 1
819 818 1
820 818 1
103 819 1
104 819 1
109 819 1
458 819 1
818 819 1
820 819 1
103 820 1
104 820 1
109 820 1
458 820 1
818 820 1
819 820 1
529 821 1
637 821 1
505 822 1
766 823 1
405 824 1
825 824 1
826 824 1
405 825 1
824 825 1
826 825 1
405 826 1
824 826 1
825 826 1
300 827 1
252 828 1
312 828 1
485 829 1
589 830 1
831 830 2
589 831 1
830 831 2
1153 831 1
1154 831 1
1155 831 1
1156 831 1
1157 831 1
1158 831 1
734 832 1
132 833 1
438 833 1
679 833 2
387 834 1
645 835 1
836 835 1
837 835 1
838 835 1
839 835 1
840 835 1
645 836 1
835 836 1
837 836 1
838 836 1
839 836 1
840 836 1
645 837 1
835 837 1
836 837 1
838 837 1
839 837 1
840 837 1
645 838 1
835 838 1
836 838 1
837 838 1
839 838 1
840 838 1
645 839 1
835 839 1
836 839 1
837 839 1
838 839 1
840 839 1
645 840 1
835 840 1
836 840 1
837 840 1
838 840 1
839 840 1
589 841 1
720 841 1
843 842 1
844 842 1
842 843 1
844 843 1
842 844 1
843 844 1
400 845 1
701 845 1
707 845 1
708 845 1
709 845 1
444 846 1
701 846 1
746 846 1
847 846 1
848 846 1
444 847 1
701 847 1
746 847 1
846 847 1
848 847 1
444 848 1
701 848 1
746 848 1
846 848 1
847 848 1
1072 848 1
1073 848 1
459 849 1
850 849 1
851 849 1
852 849 1
853 849 1
854 849 1
855 849 1
856 849 1
459 850 1
849 850 1
851 850 1
852 850 1
853 850 1
854 850 1
855 850 1
856 850 1
459 851 1
849 851 1
850 851 1
852 851 1
853 851 1
854 851 1
855 851 1
856 851 1
459 852 1
849 852 1
850 852 1
851 852 1
853 852 1
854 852 1
855 852 1
856 852 1
459 853 1
849 853 1
850 853 1
851 853 1
852 853 1
854 853 1
855 853 1
856 853 1
459 854 1
849 854 1
850 854 1
851 854 1
852 854 1
853 854 1
855 854 1
856 854 1
459 855 1
849 855 1
850 855 1
851 855 1
852 855 1
853 855 1
854 855 1
856 855 1
459 856 1
849 856 1
850 856 1
851 856 1
852 856 1
853 856 1
854 856 1
855 856 1
566 857 1
858 857 1
566 858 1
857 858 1
223 859 1
333 859 1
393 859 1
861 860 1
862 860 1
860 861 1
862 861 1
860 862 1
861 862 1
230 863 1
547 863 1
593 863 1
638 864 1
639 864 1
206 865 1
207 865 1
571 865 1
867 866 1
866 867 1
237 868 1
298 868 1
870 869 1
869 870 1
158 871 1
190 871 1
698 872 2
710 872 1
873 872 1
274 873 2
532 873 2
698 873 1
710 873 1
872 873 1
875 874 1
874 875 1
877 876 1
878 876 1
879 876 1
876 877 1
878 877 1
879 877 1
876 878 1
877 878 1
879 878 1
876 879 1
877 879 1
878 879 1
698 880 1
710 880 1
769 880 1
147 881 1
882 881 1
883 881 1
147 882 1
881 882 1
883 882 1
147 883 1
881 883 1
882 883 1
227 884 1
246 884 1
885 884 1
227 885 1
246 885 1
884 885 1
274 886 1
465 886 1
505 886 1
887 886 1
274 887 2
465 887 1
505 887 1
680 887 1
886 887 1
934 887 1
1278 887 1
1279 887 1
502 888 1
19 889 2
890 889 1
19 890 1
889 890 1
309 891 1
549 891 1
276 892 1
270 893 1
894 893 1
270 894 1
893 894 1
466 895 1
522 895 1
560 895 1
594 895 1
897 896 1
898 896 1
899 896 1
896 897 1
898 897 1
899 897 1
896 898 1
897 898 1
899 898 1
896 899 1
897 899 1
898 899 1
289 900 1
351 900 1
901 900 1
902 900 1
289 901 1
351 901 1
900 901 1
902 901 1
289 902 1
351 902 1
900 902 1
901 902 1
904 903 1
903 904 1
470 905 1
907 906 1
906 907 1
909 908 1
992 908 1
998 908 1
908 909 1
911 910 1
912 910 1
910 911 1
912 911 1
910 912 1
911 912 1
183 913 1
683 913 1
915 914 1
914 915 1
281 916 1
313 917 1
590 917 1
918 917 1
313 918 1
590 918 1
917 918 1
82 919 1
183 919 1
921 920 1
920 921 1
184 922 1
255 922 1
529 922 2
637 922 1
735 922 1
745 922 1
746 922 1
808 922 1
923 922 2
1140 922 1
1141 922 1
184 923 1
255 923 1
529 923 2
637 923 1
735 923 1
745 923 1
746 923 1
808 923 1
922 923 2
1140 923 1
1141 923 1
273 924 1
925 924 1
273 925 1
924 925 1
280 926 1
386 926 1
394 926 1
505 926 1
928 927 1
927 928 1
186 929 1
279 930 1
334 931 1
932 931 1
334 932 1
931 932 1
517 933 1
518 933 1
654 933 1
656 933 1
887 934 1
506 935 1
936 935 1
506 936 1
935 936 1
938 937 1
939 937 1
937 938 1
939 938 1
937 939 1
938 939 1
10 940 1
93 940 1
352 940 1
497 940 1
577 940 1
27 941 2
102 941 2
101 942 1
170 942 5
285 942 2
943 942 1
944 942 3
945 942 1
946 942 1
947 942 8
948 942 1
949 942 2
989 942 1
990 942 1
1022 942 1
1023 942 1
1193 942 2
1194 942 3
1254 942 1
1255 942 1
170 943 1
942 943 1
944 943 1
945 943 1
946 943 1
947 943 1
948 943 1
949 943 1
170 944 3
942 944 3
943 944 1
945 944 1
946 944 1
947 944 3
948 944 1
949 944 2
170 945 1
942 945 1
943 945 1
944 945 1
946 945 1
947 945 1
948 945 1
949 945 1
170 946 1
942 946 1
943 946 1
944 946 1
945 946 1
947 946 1
948 946 1
949 946 1
170 947 5
285 947 2
942 947 8
943 947 1
944 947 3
945 947 1
946 947 1
948 947 1
949 947 2
1193 947 2
1194 947 3
1254 947 1
1255 947 1
170 948 1
942 948 1
943 948 1
944 948 1
945 948 1
946 948 1
947 948 1
949 948 1
170 949 2
942 949 2
943 949 1
944 949 2
945 949 1
946 949 1
947 949 2
948 949 1
951 950 1
952 950 1
950 951 1
952 951 1
950 952 1
951 952 1
686 953 1
954 953 2
1135 953 1
1136 953 1
686 954 1
953 954 2
1135 954 1
1136 954 1
351 955 1
221 956 1
957 956 2
958 956 1
959 956 2
960 956 1
956 957 2
958 957 1
959 957 2
960 957 1
956 958 1
957 958 1
959 958 1
956 959 2
957 959 2
958 959 1
960 959 1
956 960 1
957 960 1
959 960 1
595 961 1
963 962 1
964 962 1
962 963 1
964 963 1
962 964 1
963 964 1
19 965 1
19 966 1
512 967 1
24 968 1
113 968 2
362 968 1
969 968 1
970 968 3
1185 968 1
1285 968 1
1286 968 1
113 969 1
968 969 1
970 969 1
24 970 2
113 970 3
362 970 1
968 970 3
969 970 1
1185 970 2
1285 970 1
1286 970 1
238 971 1
972 971 1
238 972 1
971 972 1
974 973 1
975 973 1
976 973 1
977 973 1
978 973 1
979 973 1
980 973 1
981 973 1
982 973 1
983 973 1
984 973 1
985 973 1
986 973 1
987 973 1
973 974 1
975 974 1
976 974 1
977 974 1
978 974 1
979 974 1
980 974 1
981 974 1
982 974 1
983 974 1
984 974 1
985 974 1
986 974 1
987 974 1
973 975 1
974 975 1
976 975 1
977 975 1
978 975 1
979 975 1
980 975 1
981 975 1
982 975 1
983 975 1
984 975 1
985 975 1
986 975 1
987 975 1
973 976 1
974 976 1
975 976 1
977 976 1
978 976 1
979 976 1
980 976 1
981 976 1
982 976 1
983 976 1
984 976 1
985 976 1
986 976 1
987 976 1
973 977 1
974 977 1
975 977 1
976 977 1
978 977 1
979 977 1
980 977 1
981 977 1
982 977 1
983 977 1
984 977 1
985 977 1
986 977 1
987 977 1
973 978 1
974 978 1
975 978 1
976 978 1
977 978 1
979 978 1
980 978 1
981 978 1
982 978 1
983 978 1
984 978 1
985 978 1
986 978 1
987 978 1
973 979 1
974 979 1
975 979 1
976 979 1
977 979 1
978 979 1
980 979 1
981 979 1
982 979 1
983 979 1
984 979 1
985 979 1
986 979 1
987 979 1
973 980 1
974 980 1
975 980 1
976 980 1
977 980 1
978 980 1
979 980 1
981 980 1
982 980 1
983 980 1
984 980 1
985 980 1
986 980 1
987 980 1
973 981 1
974 981 1
975 981 1
976 981 1
977 981 1
978 981 1
979 981 1
980 981 1
982 981 1
983 981 1
984 981 1
985 981 1
986 981 1
987 981 1
973 982 1
974 982 1
975 982 1
976 982 1
977 982 1
978 982 1
979 982 1
980 982 1
981 982 1
983 982 1
984 982 1
985 982 1
986 982 1
987 982 1
973 983 1
974 983 1
975 983 1
976 983 1
977 983 1
978 983 1
979 983 1
980 983 1
981 983 1
982 983 1
984 983 1
985 983 1
986 983 1
987 983 1
973 984 1
974 984 1
975 984 1
976 984 1
977 984 1
978 984 1
979 984 1
980 984 1
981 984 1
982 984 1
983 984 1
985 984 1
986 984 1
987 984 1
973 985 1
974 985 1
975 985 1
976 985 1
977 985 1
978 985 1
979 985 1
980 985 1
981 985 1
982 985 1
983 985 1
984 985 1
986 985 1
987 985 1
973 986 1
974 986 1
975 986 1
976 986 1
977 986 1
978 986 1
979 986 1
980 986 1
981 986 1
982 986 1
983 986 1
984 986 1
985 986 1
987 986 1
973 987 1
974 987 1
975 987 1
976 987 1
977 987 1
978 987 1
979 987 1
980 987 1
981 987 1
982 987 1
983 987 1
984 987 1
985 987 1
986 987 1
59 988 1
60 988 1
61 988 1
62 988 1
942 989 1
990 989 1
942 990 1
989 990 1
442 991 1
612 991 3
908 992 1
997 992 1
998 992 1
1184 992 1
46 993 1
122 993 1
249 993 1
311 993 1
416 993 1
492 993 1
525 993 1
599 993 1
994 993 1
995 993 1
996 993 1
122 994 1
249 994 1
416 994 1
599 994 1
993 994 1
995 994 1
996 994 1
122 995 1
249 995 1
416 995 1
599 995 1
993 995 1
994 995 1
996 995 1
122 996 1
249 996 1
416 996 1
599 996 1
993 996 1
994 996 1
995 996 1
992 997 1
908 998 1
992 998 1
1000 999 1
999 1000 1
1002 1001 1
1001 1002 1
491 1003 2
1004 1003 1
1005 1003 1
491 1004 1
1003 1004 1
491 1005 1
1003 1005 1
1007 1006 1
1006 1007 1
1009 1008 1
1008 1009 1
356 1010 1
1011 1010 1
1012 1010 1
356 1011 1
1010 1011 1
1012 1011 1
356 1012 1
1010 1012 1
1011 1012 1
101 1013 1
1014 1013 1
1015 1013 1
1016 1013 1
1017 1013 1
1018 1013 1
101 1014 1
1013 1014 1
1015 1014 1
1016 1014 1
1017 1014 1
1018 1014 1
101 1015 1
1013 1015 1
1014 1015 1
1016 1015 1
1017 1015 1
1018 1015 1
101 1016 1
1013 1016 1
1014 1016 1
1015 1016 1
1017 1016 1
1018 1016 1
101 1017 1
1013 1017 1
1014 1017 1
1015 1017 1
1016 1017 1
1018 1017 1
101 1018 1
1013 1018 1
1014 1018 1
1015 1018 1
1016 1018 1
1017 1018 1
101 1019 1
538 1019 1
1020 1019 1
101 1020 1
538 1020 1
619 1020 1
1019 1020 1
1271 1020 1
19 1021 1
376 1021 1
101 1022 4
396 1022 1
604 1022 1
942 1022 1
1023 1022 1
1070 1022 1
1091 1022 1
1092 1022 1
1093 1022 1
1275 1022 1
1276 1022 1
101 1023 1
942 1023 1
1022 1023 1
1025 1024 1
1024 1025 1
407 1026 1
401 1027 1
19 1028 1
698 1028 1
1029 1028 1
1028 1029 1
608 1030 1
501 1031 1
1032 1031 1
501 1032 1
1031 1032 1
182 1033 3
231 1033 3
689 1033 2
1034 1033 3
1035 1033 2
182 1034 3
231 1034 3
689 1034 2
1033 1034 3
1035 1034 2
182 1035 2
231 1035 2
689 1035 2
1033 1035 2
1034 1035 2
226 1036 1
208 1037 1
286 1037 1
617 1037 1
1038 1037 1
208 1038 1
286 1038 1
617 1038 1
1037 1038 1
1040 1039 1
1039 1040 1
254 1041 1
209 1042 1
211 1042 1
227 1042 1
1043 1042 1
209 1043 1
211 1043 1
227 1043 1
1042 1043 1
231 1044 1
646 1044 1
1045 1044 1
231 1045 1
646 1045 1
1044 1045 1
196 1046 2
614 1046 1
1346 1046 1
624 1047 1
1049 1048 1
1050 1048 1
1051 1048 1
1052 1048 1
1053 1048 1
1054 1048 1
1048 1049 1
1050 1049 1
1051 1049 1
1052 1049 1
1053 1049 1
1054 1049 1
1048 1050 1
1049 1050 1
1051 1050 1
1052 1050 1
1053 1050 1
1054 1050 1
1048 1051 1
1049 1051 1
1050 1051 1
1052 1051 1
1053 1051 1
1054 1051 1
1048 1052 1
1049 1052 1
1050 1052 1
1051 1052 1
1053 1052 1
1054 1052 1
1048 1053 1
1049 1053 1
1050 1053 1
1051 1053 1
1052 1053 1
1054 1053 1
1048 1054 1
1049 1054 1
1050 1054 1
1051 1054 1
1052 1054 1
1053 1054 1
435 1055 1
436 1055 1
437 1055 1
1056 1055 1
1057 1055 1
435 1056 1
436 1056 1
437 1056 1
1055 1056 1
1057 1056 1
435 1057 1
436 1057 1
437 1057 1
1055 1057 1
1056 1057 1
1059 1058 1
1058 1059 1
406 1060 1
1062 1061 1
1061 1062 1
1064 1063 1
1063 1064 1
400 1065 1
550 1066 1
532 1067 1
494 1068 1
535 1068 1
780 1068 1
1069 1068 1
494 1069 1
535 1069 1
780 1069 1
1068 1069 1
101 1070 1
1022 1070 1
537 1071 1
848 1072 1
1073 1072 1
848 1073 1
1072 1073 1
90 1074 1
91 1074 1
97 1074 1
90 1075 1
91 1075 1
693 1075 1
1076 1075 1
1077 1075 1
1078 1075 1
1079 1075 1
90 1076 1
91 1076 1
693 1076 1
1075 1076 1
1077 1076 1
1078 1076 1
1079 1076 1
90 1077 1
91 1077 1
693 1077 1
1075 1077 1
1076 1077 1
1078 1077 1
1079 1077 1
90 1078 1
91 1078 1
693 1078 1
1075 1078 1
1076 1078 1
1077 1078 1
1079 1078 1
90 1079 1
91 1079 1
693 1079 1
1075 1079 1
1076 1079 1
1077 1079 1
1078 1079 1
1081 1080 2
1082 1080 2
1080 1081 2
1082 1081 2
1080 1082 2
1081 1082 2
1084 1083 1
1085 1083 1
1083 1084 1
1085 1084 1
1083 1085 1
1084 1085 1
784 1086 2
1087 1086 1
784 1087 1
1086 1087 1
70 1088 1
361 1088 1
1089 1088 1
70 1089 1
361 1089 1
1088 1089 1
542 1090 1
101 1091 1
1022 1091 1
1092 1091 1
1093 1091 1
101 1092 1
1022 1092 1
1091 1092 1
1093 1092 1
101 1093 1
1022 1093 1
1091 1093 1
1092 1093 1
519 1094 1
1095 1094 1
519 1095 1
1094 1095 1
201 1096 1
1097 1096 1
1383 1096 1
1384 1096 1
201 1097 1
1096 1097 1
1099 1098 1
1100 1098 1
1101 1098 1
1102 1098 1
1098 1099 1
1100 1099 1
1101 1099 1
1102 1099 1
1098 1100 1
1099 1100 1
1101 1100 1
1102 1100 1
1098 1101 1
1099 1101 1
1100 1101 1
1102 1101 1
1098 1102 1
1099 1102 1
1100 1102 1
1101 1102 1
634 1103 1
211 1104 1
103 1105 1
105 1105 1
647 1105 1
228 1106 1
1107 1106 1
1108 1106 1
228 1107 1
1106 1107 1
1108 1107 1
228 1108 1
1106 1108 1
1107 1108 1
1110 1109 1
1109 1110 1
1112 1111 1
1111 1112 1
665 1113 1
1114 1113 1
1115 1113 2
1116 1113 1
665 1114 1
1113 1114 1
1115 1114 1
1116 1114 1
665 1115 1
1113 1115 2
1114 1115 1
1116 1115 1
665 1116 1
1113 1116 1
1114 1116 1
1115 1116 1
294 1117 2
373 1117 2
374 1117 2
1118 1117 2
1119 1117 2
1266 1117 1
294 1118 2
373 1118 2
374 1118 2
1117 1118 2
1119 1118 2
1266 1118 1
294 1119 2
373 1119 2
374 1119 2
1117 1119 2
1118 1119 2
1266 1119 1
273 1120 1
649 1120 1
294 1121 1
374 1121 1
502 1121 1
238 1122 1
542 1122 1
19 1123 1
1265 1123 1
1272 1123 1
348 1124 1
771 1125 1
772 1125 3
1126 1125 1
772 1126 1
1125 1126 1
1128 1127 1
1127 1128 1
1130 1129 1
1129 1130 1
223 1131 1
333 1131 1
1133 1132 1
1134 1132 1
1132 1133 1
1134 1133 1
1132 1134 1
1133 1134 1
953 1135 1
954 1135 1
1136 1135 1
953 1136 1
954 1136 1
1135 1136 1
229 1137 1
110 1138 1
350 1138 1
1139 1138 1
110 1139 1
350 1139 1
1138 1139 1
255 1140 1
529 1140 1
637 1140 1
746 1140 1
808 1140 1
922 1140 1
923 1140 1
1141 1140 1
255 1141 1
529 1141 1
637 1141 1
746 1141 1
808 1141 1
922 1141 1
923 1141 1
1140 1141 1
1143 1142 1
1142 1143 1
226 1144 1
274 1144 1
1145 1144 1
226 1145 1
274 1145 1
1144 1145 1
84 1146 1
96 1146 1
378 1146 1
624 1146 1
1147 1146 1
1148 1146 1
1149 1146 1
84 1147 1
96 1147 1
378 1147 1
624 1147 1
1146 1147 1
1148 1147 1
1149 1147 1
84 1148 1
96 1148 1
378 1148 1
624 1148 1
1146 1148 1
1147 1148 1
1149 1148 1
84 1149 1
96 1149 1
378 1149 1
624 1149 1
1146 1149 1
1147 1149 1
1148 1149 1
18 1150 1
565 1150 1
1152 1151 1
1151 1152 1
831 1153 1
1154 1153 1
1155 1153 1
1156 1153 1
1157 1153 1
831 1154 1
1153 1154 1
1155 1154 1
1156 1154 1
1157 1154 1
831 1155 1
1153 1155 1
1154 1155 1
1156 1155 1
1157 1155 1
831 1156 1
1153 1156 1
1154 1156 1
1155 1156 1
1157 1156 1
831 1157 1
1153 1157 1
1154 1157 1
1155 1157 1
1156 1157 1
831 1158 1
1160 1159 1
1159 1160 1
1162 1161 1
1161 1162 1
44 1163 1
1164 1163 1
1165 1163 1
1166 1163 1
1167 1163 1
1168 1163 1
44 1164 1
1163 1164 1
1165 1164 1
1166 1164 1
1167 1164 1
1168 1164 1
44 1165 1
1163 1165 1
1164 1165 1
1166 1165 1
1167 1165 1
1168 1165 1
44 1166 1
1163 1166 1
1164 1166 1
1165 1166 1
1167 1166 1
1168 1166 1
44 1167 1
1163 1167 1
1164 1167 1
1165 1167 1
1166 1167 1
1168 1167 1
44 1168 1
1163 1168 1
1164 1168 1
1165 1168 1
1166 1168 1
1167 1168 1
1170 1169 1
1169 1170 1
514 1171 2
1176 1171 1
1177 1171 1
1209 1171 1
1173 1172 1
1172 1173 1
186 1174 1
1175 1174 1
186 1175 1
1174 1175 1
514 1176 1
1171 1176 1
1177 1176 1
514 1177 1
1171 1177 1
1176 1177 1
309 1178 1
25 1179 1
144 1180 1
1181 1180 1
144 1181 1
1180 1181 1
196 1182 1
545 1182 1
106 1183 1
685 1183 1
690 1183 1
992 1184 1
24 1185 3
113 1185 3
114 1185 1
968 1185 1
970 1185 2
213 1186 1
1188 1187 1
1189 1187 1
1190 1187 1
1187 1188 1
1189 1188 1
1190 1188 1
1187 1189 1
1188 1189 1
1190 1189 1
1187 1190 1
1188 1190 1
1189 1190 1
1192 1191 1
1191 1192 1
942 1193 2
947 1193 2
1194 1193 2
942 1194 3
947 1194 3
1193 1194 2
336 1195 1
1196 1195 1
336 1196 1
1195 1196 1
1198 1197 3
1199 1197 1
1203 1197 1
1197 1198 3
1199 1198 2
1203 1198 1
1197 1199 1
1198 1199 2
178 1200 1
234 1200 1
651 1200 1
178 1201 1
1202 1201 1
178 1202 1
1201 1202 1
1197 1203 1
1198 1203 1
1205 1204 1
1204 1205 1
612 1206 1
568 1207 1
1208 1207 1
568 1208 1
1207 1208 1
1171 1209 1
31 1210 2
125 1210 2
648 1210 1
728 1210 1
1211 1210 2
1212 1210 1
1213 1210 1
1214 1210 2
31 1211 2
125 1211 2
648 1211 1
728 1211 1
1210 1211 2
1212 1211 1
1213 1211 1
1214 1211 2
31 1212 1
125 1212 1
648 1212 1
728 1212 1
1210 1212 1
1211 1212 1
1213 1212 1
1214 1212 1
31 1213 1
125 1213 1
648 1213 1
728 1213 1
1210 1213 1
1211 1213 1
1212 1213 1
1214 1213 1
31 1214 2
125 1214 2
648 1214 1
728 1214 1
1210 1214 2
1211 1214 2
1212 1214 1
1213 1214 1
226 1215 1
274 1215 3
275 1215 1
812 1215 2
813 1215 2
1222 1215 1
274 1216 1
1217 1216 1
1218 1216 1
274 1217 1
1216 1217 1
1218 1217 1
274 1218 1
1216 1218 1
1217 1218 1
489 1219 1
761 1219 1
765 1219 1
1220 1219 1
489 1220 1
761 1220 1
765 1220 1
1219 1220 1
409 1221 1
274 1222 1
275 1222 1
1215 1222 1
235 1223 1
1224 1223 1
235 1224 1
1223 1224 1
722 1225 1
1226 1225 1
1227 1225 1
1228 1225 1
1229 1225 1
1230 1225 1
1231 1225 1
1232 1225 1
1233 1225 1
1234 1225 1
1235 1225 1
1236 1225 1
1237 1225 1
1238 1225 1
1239 1225 1
722 1226 1
1225 1226 1
1227 1226 1
1228 1226 1
1229 1226 1
1230 1226 1
1231 1226 1
1232 1226 1
1233 1226 1
1234 1226 1
1235 1226 1
1236 1226 1
1237 1226 1
1238 1226 1
1239 1226 1
722 1227 1
1225 1227 1
1226 1227 1
1228 1227 1
1229 1227 1
1230 1227 1
1231 1227 1
1232 1227 1
1233 1227 1
1234 1227 1
1235 1227 1
1236 1227 1
1237 1227 1
1238 1227 1
1239 1227 1
722 1228 1
1225 1228 1
1226 1228 1
1227 1228 1
1229 1228 1
1230 1228 1
1231 1228 1
1232 1228 1
1233 1228 1
1234 1228 1
1235 1228 1
1236 1228 1
1237 1228 1
1238 1228 1
1239 1228 1
722 1229 1
1225 1229 1
1226 1229 1
1227 1229 1
1228 1229 1
1230 1229 1
1231 1229 1
1232 1229 1
1233 1229 1
1234 1229 1
1235 1229 1
1236 1229 1
1237 1229 1
1238 1229 1
1239 1229 1
722 1230 1
1225 1230 1
1226 1230 1
1227 1230 1
1228 1230 1
1229 1230 1
1231 1230 1
1232 1230 1
1233 1230 1
1234 1230 1
1235 1230 1
1236 1230 1
1237 1230 1
1238 1230 1
1239 1230 1
722 1231 1
1225 1231 1
1226 1231 1
1227 1231 1
1228 1231 1
1229 1231 1
1230 1231 1
1232 1231 1
1233 1231 1
1234 1231 1
1235 1231 1
1236 1231 1
1237 1231 1
1238 1231 1
1239 1231 1
722 1232 1
1225 1232 1
1226 1232 1
1227 1232 1
1228 1232 1
1229 1232 1
1230 1232 1
1231 1232 1
1233 1232 1
1234 1232 1
1235 1232 1
1236 1232 1
1237 1232 1
1238 1232 1
1239 1232 1
722 1233 1
1225 1233 1
1226 1233 1
1227 1233 1
1228 1233 1
1229 1233 1
1230 1233 1
1231 1233 1
1232 1233 1
1234 1233 1
1235 1233 1
1236 1233 1
1237 1233 1
1238 1233 1
1239 1233 1
722 1234 1
1225 1234 1
1226 1234 1
1227 1234 1
1228 1234 1
1229 1234 1
1230 1234 1
1231 1234 1
1232 1234 1
1233 1234 1
1235 1234 1
1236 1234 1
1237 1234 1
1238 1234 1
1239 1234 1
722 1235 1
1225 1235 1
1226 1235 1
1227 1235 1
1228 1235 1
1229 1235 1
1230 1235 1
1231 1235 1
1232 1235 1
1233 1235 1
1234 1235 1
1236 1235 1
1237 1235 1
1238 1235 1
1239 1235 1
722 1236 1
1225 1236 1
1226 1236 1
1227 1236 1
1228 1236 1
1229 1236 1
1230 1236 1
1231 1236 1
1232 1236 1
1233 1236 1
1234 1236 1
1235 1236 1
1237 1236 1
1238 1236 1
1239 1236 1
722 1237 1
1225 1237 1
1226 1237 1
1227 1237 1
1228 1237 1
1229 1237 1
1230 1237 1
1231 1237 1
1232 1237 1
1233 1237 1
1234 1237 1
1235 1237 1
1236 1237 1
1238 1237 1
1239 1237 1
722 1238 1
1225 1238 1
1226 1238 1
1227 1238 1
1228 1238 1
1229 1238 1
1230 1238 1
1231 1238 1
1232 1238 1
1233 1238 1
1234 1238 1
1235 1238 1
1236 1238 1
1237 1238 1
1239 1238 1
722 1239 1
1225 1239 1
1226 1239 1
1227 1239 1
1228 1239 1
1229 1239 1
1230 1239 1
1231 1239 1
1232 1239 1
1233 1239 1
1234 1239 1
1235 1239 1
1236 1239 1
1237 1239 1
1238 1239 1
274 1240 1
288 1240 1
1241 1240 1
274 1241 1
288 1241 1
1240 1241 1
1243 1242 1
1242 1243 1
100 1244 1
498 1244 1
616 1244 1
1245 1244 1
1246 1244 1
1247 1244 1
100 1245 1
498 1245 1
616 1245 1
1244 1245 1
1246 1245 1
1247 1245 1
100 1246 1
498 1246 1
616 1246 1
1244 1246 1
1245 1246 1
1247 1246 1
100 1247 1
498 1247 1
616 1247 1
1244 1247 1
1245 1247 1
1246 1247 1
233 1248 1
1250 1249 1
1249 1250 1
190 1251 1
1253 1252 1
1252 1253 1
170 1254 1
285 1254 1
942 1254 1
947 1254 1
170 1255 1
285 1255 1
942 1255 1
947 1255 1
1257 1256 1
1258 1256 1
1259 1256 1
1256 1257 1
1258 1257 1
1259 1257 1
1256 1258 1
1257 1258 1
1259 1258 1
1256 1259 1
1257 1259 1
1258 1259 1
120 1260 1
1261 1260 1
1262 1260 1
1263 1260 1
1264 1260 1
120 1261 1
1260 1261 1
1262 1261 1
1263 1261 1
1264 1261 1
120 1262 1
1260 1262 1
1261 1262 1
1263 1262 1
1264 1262 1
120 1263 1
1260 1263 1
1261 1263 1
1262 1263 1
1264 1263 1
120 1264 1
1260 1264 1
1261 1264 1
1262 1264 1
1263 1264 1
19 1265 1
1123 1265 1
1272 1265 1
294 1266 1
373 1266 1
374 1266 1
1117 1266 1
1118 1266 1
1119 1266 1
449 1267 1
1268 1267 1
449 1268 1
1267 1268 1
287 1269 2
288 1269 2
1270 1269 1
1319 1269 1
1320 1269 1
287 1270 1
288 1270 2
1269 1270 1
1319 1270 1
1369 1270 1
1370 1270 1
619 1271 1
1020 1271 1
19 1272 1
1123 1272 1
1265 1272 1
70 1273 1
663 1273 1
1274 1273 1
70 1274 1
663 1274 1
1273 1274 1
101 1275 1
396 1275 1
604 1275 1
1022 1275 1
1276 1275 1
101 1276 1
396 1276 1
604 1276 1
1022 1276 1
1275 1276 1
444 1277 1
484 1277 1
687 1277 1
887 1278 1
1279 1278 1
887 1279 1
1278 1279 1
99 1280 1
111 1280 1
272 1281 1
524 1281 1
383 1282 1
1283 1282 1
383 1283 1
1282 1283 1
134 1284 1
135 1284 1
136 1284 1
362 1285 1
968 1285 1
970 1285 1
1286 1285 1
362 1286 1
968 1286 1
970 1286 1
1285 1286 1
320 1287 1
1288 1287 1
1289 1287 1
320 1288 1
1287 1288 1
1289 1288 1
320 1289 1
1287 1289 1
1288 1289 1
2 1290 1
8 1290 1
52 1290 1
65 1291 1
66 1291 1
1292 1291 1
65 1292 1
66 1292 1
1291 1292 1
247 1293 1
259 1293 1
295 1293 1
170 1294 2
256 1294 3
189 1295 1
211 1296 2
1297 1296 2
1298 1296 1
1314 1296 1
211 1297 2
1296 1297 2
1298 1297 1
1314 1297 1
211 1298 1
1296 1298 1
1297 1298 1
257 1299 2
81 1300 1
157 1300 1
1301 1300 1
1302 1300 1
1303 1300 1
81 1301 1
157 1301 1
1300 1301 1
1302 1301 1
1303 1301 1
81 1302 1
157 1302 1
1300 1302 1
1301 1302 1
1303 1302 1
81 1303 1
157 1303 1
1300 1303 1
1301 1303 1
1302 1303 1
365 1304 1
1305 1304 1
365 1305 1
1304 1305 1
724 1306 1
1307 1306 1
1308 1306 1
724 1307 1
1306 1307 1
1308 1307 1
724 1308 1
1306 1308 1
1307 1308 1
318 1309 1
1310 1309 1
318 1310 1
1309 1310 1
553 1311 1
323 1312 1
584 1312 1
585 1312 1
586 1312 1
587 1312 1
622 1312 1
1313 1312 1
323 1313 2
584 1313 1
585 1313 2
586 1313 1
587 1313 2
588 1313 1
622 1313 2
1312 1313 1
211 1314 1
1296 1314 1
1297 1314 1
474 1315 1
1316 1315 1
474 1316 1
1315 1316 1
128 1317 2
297 1317 1
308 1317 2
664 1317 1
56 1318 1
313 1318 1
287 1319 1
288 1319 2
1269 1319 1
1270 1319 1
1320 1319 1
1369 1319 1
1370 1319 1
287 1320 1
288 1320 1
1269 1320 1
1319 1320 1
351 1321 2
529 1321 1
1345 1321 1
196 1322 1
331 1322 1
251 1323 1
557 1323 1
241 1324 1
181 1325 1
402 1325 1
44 1326 1
292 1326 1
637 1326 1
674 1326 1
211 1327 1
227 1327 2
570 1327 2
1344 1327 1
117 1328 1
129 1328 1
185 1328 1
176 1329 1
380 1329 1
646 1329 1
1330 1329 1
176 1330 1
380 1330 1
646 1330 1
1329 1330 1
45 1331 1
399 1331 1
527 1331 1
1332 1331 1
45 1332 1
399 1332 1
527 1332 1
1331 1332 1
337 1333 1
635 1333 1
1334 1333 1
1335 1333 1
337 1334 1
635 1334 1
1333 1334 1
1335 1334 1
337 1335 1
635 1335 1
1333 1335 1
1334 1335 1
205 1336 1
268 1336 1
173 1337 1
1338 1337 1
1339 1337 1
1340 1337 1
173 1338 1
1337 1338 1
1339 1338 1
1340 1338 1
173 1339 1
1337 1339 1
1338 1339 1
1340 1339 1
173 1340 1
1337 1340 1
1338 1340 1
1339 1340 1
327 1341 1
1342 1341 1
327 1342 1
1341 1342 1
26 1343 1
250 1343 1
671 1343 1
672 1343 1
673 1343 1
211 1344 1
227 1344 1
570 1344 1
1327 1344 1
351 1345 1
529 1345 1
1321 1345 1
196 1346 1
1046 1346 1
111 1347 1
1348 1347 1
1349 1347 1
111 1348 1
1347 1348 1
1349 1348 1
111 1349 1
1347 1349 1
1348 1349 1
208 1350 1
1351 1350 1
208 1351 1
1350 1351 1
181 1352 1
422 1352 1
56 1353 1
450 1353 1
451 1353 1
15 1354 1
79 1354 1
115 1354 1
121 1354 1
199 1355 1
200 1355 1
1356 1355 2
1357 1355 1
1375 1355 1
1376 1355 1
199 1356 1
200 1356 1
1355 1356 2
1357 1356 1
1375 1356 1
1376 1356 1
199 1357 1
200 1357 1
1355 1357 1
1356 1357 1
175 1358 1
605 1358 1
498 1359 1
419 1360 1
423 1360 1
76 1361 2
72 1362 1
469 1363 1
1365 1364 1
1366 1364 1
1367 1364 1
1368 1364 1
1364 1365 1
1366 1365 1
1367 1365 1
1368 1365 1
1364 1366 1
1365 1366 1
1367 1366 1
1368 1366 1
1364 1367 1
1365 1367 1
1366 1367 1
1368 1367 1
1364 1368 1
1365 1368 1
1366 1368 1
1367 1368 1
288 1369 1
1270 1369 1
1319 1369 1
1370 1369 1
288 1370 1
1270 1370 1
1319 1370 1
1369 1370 1
400 1371 1
515 1371 1
154 1372 1
262 1372 2
561 1372 1
1373 1372 1
154 1373 1
262 1373 1
1372 1373 1
99 1374 1
111 1374 1
1355 1375 1
1356 1375 1
1376 1375 1
1355 1376 1
1356 1376 1
1375 1376 1
66 1377 1
89 1377 1
1378 1377 1
66 1378 1
89 1378 1
1377 1378 1
14 1379 1
74 1379 1
363 1379 1
1380 1379 1
1381 1379 1
1382 1379 1
14 1380 1
74 1380 1
363 1380 1
1379 1380 1
1381 1380 1
1382 1380 1
14 1381 1
74 1381 1
363 1381 1
1379 1381 1
1380 1381 1
1382 1381 1
14 1382 1
74 1382 1
363 1382 1
1379 1382 1
1380 1382 1
1381 1382 1
1096 1383 1
1384 1383 1
1096 1384 1
1383 1384 1
691 1385 1
1386 1385 1
1387 1385 1
1388 1385 1
691 1386 1
1385 1386 1
1387 1386 1
1388 1386 1
691 1387 1
1385 1387 1
1386 1387 1
1388 1387 1
691 1388 1
1385 1388 1
1386 1388 1
1387 1388 1
223 1389 1
556 1390 1
168 1391 1
177 1391 1
377 1391 1
1392 1391 1
168 1392 1
177 1392 1
377 1392 1
1391 1392 1
44 1393 1
1394 1393 1
1395 1393 1
1396 1393 1
44 1394 1
1393 1394 1
1395 1394 1
1396 1394 1
44 1395 1
1393 1395 1
1394 1395 1
1396 1395 1
44 1396 1
1393 1396 1
1394 1396 1
1395 1396 1
1398 1397 1
1397 1398 1
735 1399 1
740 1399 2
1400 1399 1
1401 1399 1
1402 1399 1
1418 1399 1
1419 1399 1
740 1400 1
1399 1400 1
1401 1400 1
1402 1400 1
740 1401 1
1399 1401 1
1400 1401 1
1402 1401 1
740 1402 1
1399 1402 1
1400 1402 1
1401 1402 1
226 1403 2
305 1403 2
511 1404 1
1405 1404 1
1406 1404 1
511 1405 1
1404 1405 1
1406 1405 1
511 1406 1
1404 1406 1
1405 1406 1
310 1407 1
1408 1407 1
1409 1407 1
310 1408 1
1407 1408 1
1409 1408 1
310 1409 1
1407 1409 1
1408 1409 1
184 1410 1
242 1411 1
414 1412 1
574 1412 1
575 1412 1
1413 1412 1
1414 1412 1
414 1413 1
574 1413 1
575 1413 1
1412 1413 1
1414 1413 1
414 1414 1
574 1414 1
575 1414 1
1412 1414 1
1413 1414 1
237 1415 1
1416 1415 1
237 1416 1
1415 1416 1
432 1417 1
461 1417 1
515 1417 1
609 1417 1
735 1418 1
740 1418 1
1399 1418 1
1419 1418 1
735 1419 1
740 1419 1
1399 1419 1
1418 1419 1
374 1420 1
411 1420 1
481 1420 1
1421 1420 1
1422 1420 1
1423 1420 1
1424 1420 1
1425 1420 1
374 1421 1
411 1421 1
481 1421 1
1420 1421 1
1422 1421 1
1423 1421 1
1424 1421 1
1425 1421 1
374 1422 1
411 1422 1
481 1422 1
1420 1422 1
1421 1422 1
1423 1422 1
1424 1422 1
1425 1422 1
374 1423 1
411 1423 1
481 1423 1
1420 1423 1
1421 1423 1
1422 1423 1
1424 1423 1
1425 1423 1
374 1424 1
411 1424 1
481 1424 1
1420 1424 1
1421 1424 1
1422 1424 1
1423 1424 1
1425 1424 1
374 1425 1
411 1425 1
481 1425 1
1420 1425 1
1421 1425 1
1422 1425 1
1423 1425 1
1424 1425 1
215 1426 1
1427 1426 1
1428 1426 1
1429 1426 1
215 1427 1
1426 1427 1
1428 1427 1
1429 1427 1
215 1428 1
1426 1428 1
1427 1428 1
1429 1428 1
215 1429 1
1426 1429 1
1427 1429 1
1428 1429 1
119 1430 1
191 1430 1
192 1430 1
196 1431 1
579 1431 1
694 1431 1
628 1432 1
1433 1432 1
628 1433 1
1432 1433 1
441 1434 1
162 1435 1
467 1436 1
163 1437 1
164 1437 1
515 1438 1
562 1438 1
576 1438 1
1439 1438 1
1440 1438 1
515 1439 1
562 1439 1
576 1439 1
1438 1439 1
1440 1439 1
515 1440 1
562 1440 1
576 1440 1
1438 1440 1
1439 1440 1
340 1441 1
1442 1441 1
340 1442 1
1441 1442 1
603 1443 1
1444 1443 1
1445 1443 1
603 1444 1
1443 1444 1
1445 1444 1
603 1445 1
1443 1445 1
1444 1445 1
323 1446 1
585 1446 1
587 1446 1
622 1446 1
1447 1446 1
323 1447 1
585 1447 1
587 1447 1
622 1447 1
1446 1447 1
141 1448 1
142 1448 1
1449 1448 1
141 1449 1
142 1449 1
1448 1449 1
301 1450 1
302 1450 1
