173 1 1
340 2 1
341 2 1
4 3 1
32 3 2
36 3 2
3 4 1
32 4 1
36 4 1
62 5 2
357 6 1
358 6 1
12 7 1
361 8 1
396 9 1
25 10 1
180 10 2
305 11 2
306 11 2
307 11 1
308 11 1
309 11 2
7 12 1
89 13 1
235 13 1
236 13 1
237 13 1
238 13 1
133 14 1
399 14 1
134 15 1
400 15 1
273 16 1
336 17 1
337 17 1
61 18 1
80 18 1
81 18 1
422 18 1
44 19 1
297 19 1
298 19 1
299 19 1
300 19 1
37 20 1
53 20 1
414 20 1
157 21 1
137 22 1
244 22 1
245 22 1
282 22 1
283 22 5
284 22 1
325 22 1
409 23 1
410 23 1
411 23 1
29 24 1
257 24 1
10 25 1
180 25 1
362 25 1
33 26 1
223 26 1
224 26 1
225 26 1
226 26 1
227 26 1
228 26 1
250 27 1
251 27 1
56 28 1
24 29 1
257 29 1
271 30 1
272 30 1
85 31 1
142 31 1
387 31 1
3 32 2
4 32 1
36 32 2
26 33 1
223 33 1
224 33 1
225 33 1
226 33 1
227 33 1
228 33 1
82 34 1
348 35 1
349 35 1
3 36 2
4 36 1
32 36 2
20 37 1
53 37 1
414 37 1
289 38 2
402 38 2
403 38 1
281 39 1
143 40 1
214 40 1
215 40 1
216 40 1
384 41 1
385 41 1
386 41 1
54 42 1
78 42 1
92 43 2
152 43 2
153 43 2
19 44 1
297 44 1
298 44 1
299 44 1
300 44 1
310 45 1
47 46 1
303 46 1
46 47 1
303 47 1
172 48 1
206 48 1
221 48 1
222 48 1
366 48 1
367 48 1
50 49 4
94 49 2
149 49 1
150 49 3
151 49 1
261 49 1
262 49 1
49 50 4
94 50 1
149 50 1
150 50 3
151 50 1
265 51 1
266 51 1
267 51 1
268 51 1
93 52 1
246 52 1
20 53 1
37 53 1
246 53 1
414 53 1
42 54 1
78 54 1
248 54 3
249 54 1
302 54 1
158 55 2
28 56 1
401 57 1
421 57 1
59 58 1
60 58 1
58 59 1
60 59 1
58 60 1
59 60 1
18 61 1
80 61 1
81 61 1
422 61 1
5 62 2
105 63 1
106 63 1
207 63 1
208 63 1
78 64 1
252 64 1
253 64 1
254 64 1
256 64 3
356 64 1
90 65 1
91 65 1
109 65 1
72 66 1
95 66 1
420 66 1
423 67 1
69 68 1
70 68 1
68 69 1
70 69 1
68 70 1
69 70 1
73 71 1
205 71 1
369 71 1
66 72 1
95 72 1
420 72 1
71 73 1
205 73 1
379 74 1
290 75 2
291 75 1
330 76 1
107 77 1
108 77 1
322 77 1
393 77 1
419 77 1
42 78 1
54 78 1
64 78 1
118 78 1
126 78 2
127 78 2
252 78 1
253 78 1
254 78 2
304 78 1
279 79 1
280 79 1
18 80 1
61 80 1
81 80 1
206 80 1
422 80 1
18 81 1
61 81 1
80 81 1
422 81 1
34 82 1
144 82 1
209 83 1
210 83 1
313 84 1
31 85 1
142 85 1
387 85 1
213 86 1
98 87 1
119 87 2
139 87 1
294 87 1
104 88 2
13 89 1
235 89 1
236 89 1
237 89 1
238 89 1
65 90 1
91 90 1
109 90 1
65 91 1
90 91 1
109 91 1
43 92 2
152 92 2
153 92 2
52 93 1
246 93 1
49 94 2
50 94 1
149 94 1
261 94 1
262 94 1
338 94 1
339 94 1
66 95 1
72 95 1
420 95 1
274 96 1
275 96 1
365 97 1
87 98 1
110 98 1
119 98 1
129 98 1
139 98 1
217 98 1
218 98 1
294 98 1
416 99 1
417 99 1
101 100 1
100 101 1
200 102 1
201 102 1
202 102 1
368 103 1
88 104 2
63 105 1
106 105 1
207 105 1
208 105 1
63 106 1
105 106 1
207 106 1
208 106 1
77 107 1
77 108 1
322 108 1
393 108 1
419 108 1
65 109 1
90 109 1
91 109 1
98 110 1
129 110 1
217 110 2
218 110 2
116 111 1
142 111 2
178 111 1
113 112 1
114 112 1
185 112 1
112 113 1
114 113 1
185 113 1
112 114 1
113 114 1
185 114 1
116 115 1
111 116 1
115 116 1
142 116 1
178 116 1
328 117 1
329 117 1
78 118 1
126 118 1
254 118 1
87 119 2
98 119 1
139 119 1
169 119 1
177 119 1
178 119 3
294 119 1
393 119 1
133 120 1
137 120 1
175 120 3
392 121 1
138 122 1
232 122 1
428 122 1
141 123 1
247 123 1
125 124 1
289 124 1
124 125 1
289 125 1
78 126 2
118 126 1
127 126 1
254 126 1
78 127 2
126 127 1
304 127 1
263 128 1
98 129 1
110 129 1
217 129 1
218 129 1
255 130 1
132 131 1
131 132 1
14 133 1
120 133 1
399 133 1
15 134 1
400 134 1
353 135 1
137 136 1
175 136 1
22 137 1
120 137 1
136 137 1
175 137 2
301 137 1
122 138 1
232 138 1
345 138 1
346 138 1
347 138 1
428 138 1
87 139 1
98 139 1
119 139 1
294 139 1
239 140 1
240 140 1
123 141 1
247 141 1
287 141 1
288 141 1
289 141 1
31 142 1
85 142 1
111 142 2
116 142 1
178 142 1
277 142 2
278 142 1
372 142 1
373 142 1
374 142 2
387 142 1
404 142 1
405 142 1
406 142 1
40 143 1
214 143 1
215 143 1
216 143 1
82 144 1
146 145 1
147 145 1
148 145 1
145 146 1
147 146 1
148 146 1
145 147 1
146 147 1
148 147 1
145 148 1
146 148 1
147 148 1
264 148 1
49 149 1
50 149 1
94 149 1
49 150 3
50 150 3
151 150 1
49 151 1
50 151 1
150 151 1
43 152 2
92 152 2
153 152 2
43 153 2
92 153 2
152 153 2
155 154 1
156 154 1
154 155 1
156 155 1
154 156 1
155 156 1
21 157 1
55 158 2
160 159 1
159 160 1
162 161 1
163 161 1
164 161 1
165 161 1
161 162 1
163 162 1
164 162 1
165 162 1
161 163 1
162 163 1
164 163 1
165 163 1
161 164 1
162 164 1
163 164 1
165 164 1
230 164 1
314 164 1
315 164 1
316 164 1
161 165 1
162 165 1
163 165 1
164 165 1
167 166 1
168 166 2
166 167 1
168 167 1
166 168 2
167 168 1
119 169 1
170 169 1
169 170 1
172 171 1
48 172 1
171 172 1
206 172 1
221 172 1
222 172 1
1 173 1
175 174 1
120 175 3
136 175 1
137 175 2
174 175 1
177 176 1
178 176 2
179 176 2
119 177 1
176 177 1
178 177 2
179 177 1
111 178 1
116 178 1
119 178 3
142 178 1
176 178 2
177 178 2
179 178 2
393 178 1
176 179 2
177 179 1
178 179 2
10 180 2
25 180 1
182 181 1
181 182 1
184 183 1
183 184 1
112 185 1
113 185 1
114 185 1
187 186 1
188 186 1
189 186 1
186 187 1
188 187 1
189 187 1
186 188 1
187 188 1
189 188 1
186 189 1
187 189 1
188 189 1
191 190 1
190 191 1
193 192 1
194 192 1
192 193 1
194 193 1
192 194 1
193 194 1
196 195 1
197 195 1
195 196 1
197 196 1
195 197 1
196 197 1
199 198 1
198 199 1
246 199 1
323 199 1
324 199 1
102 200 1
201 200 1
202 200 1
102 201 1
200 201 1
202 201 1
102 202 1
200 202 1
201 202 1
204 203 1
203 204 1
71 205 1
73 205 1
48 206 1
80 206 1
172 206 1
221 206 1
222 206 1
366 206 1
63 207 1
105 207 1
106 207 1
208 207 1
63 208 1
105 208 1
106 208 1
207 208 1
83 209 1
210 209 1
83 210 1
209 210 1
212 211 1
211 212 1
86 213 1
40 214 1
143 214 1
215 214 1
216 214 1
40 215 1
143 215 1
214 215 1
216 215 1
40 216 1
143 216 1
214 216 1
215 216 1
98 217 1
110 217 2
129 217 1
218 217 3
98 218 1
110 218 2
129 218 1
217 218 3
220 219 1
219 220 1
48 221 1
172 221 1
206 221 1
222 221 1
48 222 1
172 222 1
206 222 1
221 222 1
26 223 1
33 223 1
224 223 1
225 223 1
226 223 1
227 223 1
228 223 1
26 224 1
33 224 1
223 224 1
225 224 1
226 224 1
227 224 1
228 224 1
26 225 1
33 225 1
223 225 1
224 225 1
226 225 1
227 225 1
228 225 1
26 226 1
33 226 1
223 226 1
224 226 1
225 226 1
227 226 1
228 226 1
26 227 1
33 227 1
223 227 1
224 227 1
225 227 1
226 227 1
228 227 1
26 228 1
33 228 1
223 228 1
224 228 1
225 228 1
226 228 1
227 228 1
230 229 1
231 229 1
232 229 1
164 230 1
229 230 1
231 230 1
232 230 2
314 230 1
315 230 1
316 230 1
229 231 1
230 231 1
232 231 4
122 232 1
138 232 1
229 232 1
230 232 2
231 232 4
428 232 1
234 233 1
233 234 1
13 235 1
89 235 1
236 235 1
237 235 1
238 235 1
13 236 1
89 236 1
235 236 1
237 236 1
238 236 1
13 237 1
89 237 1
235 237 1
236 237 1
238 237 1
13 238 1
89 238 1
235 238 1
236 238 1
237 238 1
140 239 1
240 239 1
140 240 1
239 240 1
242 241 1
243 241 1
241 242 1
243 242 1
241 243 1
242 243 1
22 244 1
245 244 1
22 245 1
244 245 1
52 246 1
53 246 1
93 246 1
199 246 1
323 246 1
324 246 1
123 247 1
141 247 1
54 248 3
249 248 1
302 248 1
54 249 1
248 249 1
27 250 1
251 250 1
27 251 1
250 251 1
64 252 1
78 252 1
253 252 1
254 252 1
64 253 1
78 253 1
252 253 1
254 253 1
64 254 1
78 254 2
118 254 1
126 254 1
252 254 1
253 254 1
130 255 1
64 256 3
355 256 1
356 256 2
24 257 1
29 257 1
258 257 1
259 257 1
260 257 1
407 257 1
408 257 1
257 258 1
259 258 1
260 258 1
257 259 1
258 259 1
260 259 1
257 260 1
258 260 1
259 260 1
49 261 1
94 261 1
262 261 1
49 262 1
94 262 1
261 262 1
128 263 1
148 264 1
51 265 1
266 265 1
267 265 1
268 265 1
51 266 1
265 266 1
267 266 1
268 266 1
51 267 1
265 267 1
266 267 1
268 267 1
51 268 1
265 268 1
266 268 1
267 268 1
270 269 2
269 270 2
30 271 1
272 271 1
30 272 1
271 272 1
16 273 1
96 274 1
275 274 2
276 274 1
96 275 1
274 275 2
276 275 1
274 276 1
275 276 1
142 277 2
278 277 1
374 277 1
404 277 1
405 277 1
406 277 1
142 278 1
277 278 1
79 279 1
280 279 1
79 280 1
279 280 1
39 281 1
22 282 1
283 282 1
22 283 5
282 283 1
284 283 1
22 284 1
283 284 1
286 285 1
285 286 1
141 287 1
288 287 1
289 287 1
141 288 1
287 288 1
289 288 1
38 289 2
124 289 1
125 289 1
141 289 1
287 289 1
288 289 1
402 289 2
403 289 1
75 290 2
291 290 1
354 290 1
75 291 1
290 291 1
293 292 1
292 293 1
87 294 1
98 294 1
119 294 1
139 294 1
296 295 1
295 296 1
19 297 1
44 297 1
298 297 1
299 297 1
300 297 1
19 298 1
44 298 1
297 298 1
299 298 1
300 298 1
19 299 1
44 299 1
297 299 1
298 299 1
300 299 1
19 300 1
44 300 1
297 300 1
298 300 1
299 300 1
137 301 1
54 302 1
248 302 1
46 303 1
47 303 1
78 304 1
127 304 1
11 305 2
306 305 2
307 305 1
308 305 1
309 305 2
11 306 2
305 306 2
307 306 1
308 306 1
309 306 2
11 307 1
305 307 1
306 307 1
308 307 1
309 307 1
11 308 1
305 308 1
306 308 1
307 308 1
309 308 1
11 309 2
305 309 2
306 309 2
307 309 1
308 309 1
45 310 1
312 311 1
311 312 1
84 313 1
164 314 1
230 314 1
315 314 1
316 314 1
164 315 1
230 315 1
314 315 1
316 315 1
164 316 1
230 316 1
314 316 1
315 316 1
318 317 1
319 317 1
317 318 1
319 318 1
317 319 1
318 319 1
321 320 1
320 321 1
77 322 1
108 322 1
393 322 1
419 322 1
199 323 1
246 323 1
324 323 1
199 324 1
246 324 1
323 324 1
22 325 1
327 326 1
326 327 1
117 328 1
329 328 1
117 329 1
328 329 1
76 330 1
332 331 1
333 331 1
331 332 1
333 332 1
331 333 1
332 333 1
335 334 1
334 335 1
17 336 1
337 336 1
17 337 1
336 337 1
94 338 1
339 338 2
94 339 1
338 339 2
2 340 1
341 340 1
2 341 1
340 341 1
343 342 1
344 342 1
342 343 1
344 343 1
342 344 1
343 344 1
138 345 1
346 345 1
347 345 1
138 346 1
345 346 1
347 346 1
138 347 1
345 347 1
346 347 1
35 348 1
349 348 1
35 349 1
348 349 1
351 350 1
352 350 1
350 351 1
352 351 1
350 352 1
351 352 1
135 353 1
290 354 1
256 355 1
356 355 1
64 356 1
256 356 2
355 356 1
6 357 1
358 357 1
6 358 1
357 358 1
360 359 1
359 360 1
418 360 1
8 361 1
25 362 1
364 363 2
363 364 2
97 365 1
48 366 1
206 366 1
367 366 1
48 367 1
366 367 1
103 368 1
71 369 1
371 370 1
370 371 1
142 372 1
373 372 1
374 372 1
142 373 1
372 373 1
374 373 1
142 374 2
277 374 1
372 374 1
373 374 1
404 374 1
405 374 1
406 374 1
376 375 1
375 376 1
378 377 1
377 378 1
74 379 1
381 380 1
380 381 1
383 382 1
382 383 1
41 384 1
385 384 1
386 384 1
41 385 1
384 385 1
386 385 1
41 386 1
384 386 1
385 386 1
31 387 1
85 387 1
142 387 1
389 388 1
388 389 1
415 389 2
391 390 1
390 391 1
121 392 1
77 393 1
108 393 1
119 393 1
178 393 1
322 393 1
419 393 1
395 394 1
394 395 1
9 396 1
398 397 1
397 398 1
14 399 1
133 399 1
15 400 1
134 400 1
57 401 1
421 401 1
38 402 2
289 402 2
403 402 1
38 403 1
289 403 1
402 403 1
142 404 1
277 404 1
374 404 1
405 404 1
406 404 1
142 405 1
277 405 1
374 405 1
404 405 1
406 405 1
142 406 1
277 406 1
374 406 1
404 406 1
405 406 1
257 407 1
408 407 1
257 408 1
407 408 1
23 409 1
410 409 1
411 409 1
23 410 1
409 410 1
411 410 1
23 411 1
409 411 1
410 411 1
413 412 1
412 413 1
20 414 1
37 414 1
53 414 1
389 415 2
99 416 1
417 416 1
99 417 1
416 417 1
360 418 1
77 419 1
108 419 1
322 419 1
393 419 1
66 420 1
72 420 1
95 420 1
57 421 1
401 421 1
18 422 1
61 422 1
80 422 1
81 422 1
67 423 1
425 424 1
424 425 1
427 426 1
426 427 1
122 428 1
138 428 1
232 428 1
