1413 1 1
1414 1 1
1415 1 1
1172 2 1
23 3 2
1212 4 2
1220 5 1
1221 5 1
16 6 2
142 6 1
247 6 1
1029 6 1
454 7 1
1307 7 1
1308 7 1
1436 8 1
1437 8 1
1438 8 1
26 9 1
313 9 1
314 9 1
583 9 1
704 9 1
788 9 1
908 9 1
1248 10 1
36 11 1
38 11 5
41 11 1
52 11 3
53 11 2
87 11 3
99 11 1
101 11 2
429 11 1
751 11 1
752 11 1
760 11 1
761 11 1
307 12 1
656 12 1
852 12 1
1007 12 1
1008 12 1
1009 12 1
1010 12 1
50 13 1
1081 14 1
16 15 1
40 15 1
128 15 1
227 15 1
6 16 2
15 16 1
40 16 1
128 16 1
142 16 1
193 16 1
227 16 1
247 16 1
276 16 2
348 16 1
358 16 1
385 16 1
581 16 1
601 16 1
641 16 1
943 16 1
1016 16 1
1029 16 1
1135 16 1
95 17 1
192 18 1
328 18 1
1380 18 1
58 19 1
109 19 1
214 20 1
1279 20 1
1280 20 1
1281 20 1
1282 20 1
1283 20 1
40 21 2
148 21 1
386 21 1
261 22 1
403 22 1
1290 22 1
3 23 2
47 24 1
54 24 1
111 24 1
223 24 1
224 24 1
269 24 2
271 24 2
360 24 1
539 24 1
582 24 1
75 25 1
94 25 1
361 25 1
602 25 1
604 25 1
1017 25 2
9 26 1
314 26 1
583 26 1
1138 27 1
1139 27 1
292 28 1
293 28 1
493 28 1
135 29 1
212 29 2
213 29 1
237 29 2
238 29 1
240 29 1
243 29 2
248 29 1
283 29 1
304 29 1
508 29 1
521 29 1
526 29 1
560 29 1
561 29 1
132 30 1
1099 30 1
48 31 1
49 31 1
73 31 1
97 31 1
98 31 1
186 31 1
705 31 1
1207 31 1
1208 31 1
1209 31 1
1210 31 1
1314 31 1
1315 31 1
270 32 1
309 32 1
574 32 1
619 32 1
51 33 1
52 33 1
53 33 1
44 34 1
325 34 1
671 35 1
1408 35 1
11 36 1
38 36 1
52 36 1
53 36 1
101 36 1
226 37 1
227 37 1
1187 37 1
11 38 5
36 38 1
52 38 3
53 38 2
87 38 3
101 38 2
429 38 1
751 38 1
752 38 1
760 38 1
761 38 1
66 39 2
1109 39 1
1110 39 1
1113 39 1
1114 39 1
15 40 1
16 40 1
21 40 2
128 40 1
147 40 1
148 40 2
227 40 1
386 40 1
11 41 1
99 41 1
432 42 1
123 43 1
161 43 1
34 44 1
325 44 1
46 45 4
188 45 1
505 45 2
506 45 1
570 45 1
597 45 2
1303 45 1
45 46 4
188 46 1
505 46 2
506 46 1
570 46 1
597 46 2
1303 46 1
24 47 1
54 47 1
111 47 1
31 48 1
49 48 1
97 48 1
98 48 1
31 49 1
48 49 1
64 49 1
97 49 1
98 49 1
468 49 1
471 49 1
809 49 1
13 50 1
33 51 1
52 51 1
53 51 1
11 52 3
33 52 1
36 52 1
38 52 3
51 52 1
53 52 4
87 52 2
101 52 2
122 52 1
760 52 1
761 52 1
11 53 2
33 53 1
36 53 1
38 53 2
51 53 1
52 53 4
87 53 1
101 53 2
122 53 1
318 53 1
1316 53 1
24 54 1
47 54 1
111 54 1
81 55 1
126 55 1
202 55 2
542 55 1
874 55 2
1333 55 1
167 56 1
168 56 1
173 56 1
225 56 1
392 56 1
862 56 1
311 57 1
972 57 1
973 57 1
974 57 1
19 58 1
109 58 1
327 59 1
1312 59 1
1313 59 1
189 60 1
218 60 1
535 60 1
536 60 1
85 61 1
110 61 1
299 61 1
406 61 1
119 62 1
589 62 1
1222 62 1
423 63 1
1337 63 1
49 64 1
468 64 1
471 64 1
809 64 1
125 65 1
789 65 1
39 66 2
452 66 1
1089 66 1
1090 66 1
1109 66 1
1110 66 1
1113 66 1
1114 66 1
79 67 1
80 67 1
1439 67 1
74 68 2
935 68 2
413 69 1
1300 69 1
241 70 1
242 70 1
297 70 1
498 70 1
133 71 1
191 71 1
259 71 1
100 72 1
177 72 1
178 72 1
389 72 1
562 72 2
563 72 1
630 72 1
786 72 1
926 72 1
1142 72 1
31 73 1
186 73 1
68 74 2
935 74 2
25 75 1
361 75 1
602 75 1
604 75 1
222 76 1
1154 77 2
1155 77 1
1297 77 1
438 78 1
449 78 1
748 78 1
1266 78 1
67 79 1
80 79 1
1439 79 1
67 80 1
79 80 1
1439 80 1
55 81 1
126 81 1
131 81 1
154 81 1
210 81 1
222 81 1
281 81 1
295 81 2
319 81 1
330 81 1
335 81 1
417 81 3
749 81 1
1080 81 1
1241 81 2
1333 81 1
1455 81 1
780 82 1
811 82 1
649 83 1
897 83 1
1091 83 1
174 84 1
249 84 1
640 84 1
61 85 1
110 85 1
299 85 1
406 85 1
296 86 1
540 86 1
11 87 3
38 87 3
52 87 2
53 87 1
101 87 1
760 87 1
761 87 1
89 88 1
149 88 1
156 88 1
179 88 1
202 88 1
281 88 1
510 88 1
1368 88 1
88 89 1
111 89 1
144 89 1
156 89 1
236 89 1
461 89 1
1368 89 1
231 90 1
232 90 2
1152 90 2
228 91 1
402 91 1
206 92 1
207 92 1
367 92 2
378 92 1
396 92 1
1062 92 1
1098 92 1
1216 92 1
132 93 1
359 93 1
25 94 1
17 95 1
441 96 1
867 96 1
1381 96 1
31 97 1
48 97 1
49 97 1
98 97 1
31 98 1
48 98 1
49 98 1
97 98 1
11 99 1
41 99 1
72 100 1
141 100 2
177 100 1
562 100 1
563 100 1
1087 100 1
1142 100 1
1268 100 1
11 101 2
36 101 1
38 101 2
52 101 2
53 101 2
87 101 1
552 102 1
667 102 1
104 103 1
105 103 1
103 104 1
105 104 1
103 105 1
104 105 1
107 106 1
340 106 1
106 107 1
340 107 1
235 108 1
303 108 1
19 109 1
58 109 1
61 110 1
85 110 1
299 110 1
406 110 1
24 111 1
47 111 1
54 111 1
89 111 1
461 111 1
807 112 1
924 112 1
1104 112 1
1105 112 1
114 113 1
113 114 1
169 114 3
487 114 2
503 114 1
819 114 4
244 115 1
263 115 1
756 115 1
757 115 1
1000 115 1
631 116 1
632 116 1
644 116 1
1018 116 1
723 117 1
792 117 1
860 117 1
960 117 1
961 117 1
962 117 1
132 118 1
390 118 1
391 118 1
591 118 1
850 118 1
62 119 1
589 119 1
1222 119 1
281 120 1
433 120 1
958 120 1
959 120 1
165 121 1
273 121 1
1111 121 1
1309 121 1
52 122 1
53 122 1
43 123 1
161 123 1
332 124 1
450 124 1
1116 124 1
1117 124 1
65 125 1
789 125 1
55 126 1
81 126 1
1333 126 1
445 127 1
575 127 1
649 127 2
699 127 2
762 127 1
15 128 1
16 128 1
40 128 1
227 128 1
479 129 1
497 129 1
565 129 1
566 129 1
208 130 1
324 130 1
531 130 1
1276 130 1
81 131 1
154 131 1
335 131 1
1455 131 1
30 132 1
93 132 1
118 132 1
233 132 1
246 132 1
298 132 1
335 132 1
359 132 1
390 132 1
391 132 1
394 132 1
395 132 1
428 132 1
458 132 1
591 132 1
598 132 1
785 132 1
850 132 1
1032 132 1
1034 132 1
1099 132 1
1150 132 1
1151 132 1
71 133 1
191 133 2
259 133 1
135 134 1
29 135 1
134 135 1
237 135 1
238 135 1
239 135 2
283 135 1
508 135 1
1262 135 2
137 136 1
550 136 1
587 136 1
136 137 1
550 137 1
587 137 1
229 138 1
211 139 1
222 139 1
264 139 1
527 139 1
530 139 1
739 139 2
1045 139 1
1167 139 1
256 140 1
1044 140 1
100 141 2
1023 141 1
1087 141 1
1268 141 1
6 142 1
16 142 1
247 142 1
275 143 1
1323 143 1
89 144 1
236 144 1
890 145 1
1028 145 1
1391 145 1
1392 145 1
1393 145 1
1394 145 1
745 146 1
746 146 1
747 146 1
40 147 1
148 147 1
21 148 1
40 148 2
147 148 1
88 149 1
522 149 1
735 149 1
1106 149 1
1107 149 1
1108 149 1
524 150 1
942 150 1
152 151 1
567 151 1
568 151 1
151 152 1
153 152 2
567 152 2
568 152 1
724 152 1
725 152 1
726 152 1
152 153 2
81 154 1
131 154 1
335 154 1
1455 154 1
175 155 1
88 156 1
89 156 1
1368 156 1
158 157 1
457 157 1
157 158 1
457 158 1
160 159 1
293 159 1
586 159 1
798 159 1
947 159 1
1011 159 1
159 160 1
293 160 1
947 160 1
43 161 1
123 161 1
182 162 1
183 162 1
1094 162 1
234 163 1
1244 163 1
230 164 1
1255 164 1
1256 164 1
121 165 1
273 165 1
1111 165 1
1189 166 1
56 167 1
168 167 1
173 167 1
225 167 1
392 167 1
56 168 1
167 168 1
173 168 2
225 168 1
392 168 1
810 168 1
114 169 3
487 169 1
819 169 3
171 170 1
172 170 1
354 170 1
987 170 1
988 170 1
170 171 1
172 171 1
354 171 1
987 171 1
988 171 1
170 172 1
171 172 1
354 172 1
987 172 1
988 172 1
56 173 1
167 173 1
168 173 2
225 173 1
392 173 1
810 173 1
84 174 1
249 174 1
155 175 1
683 176 1
1298 176 1
1299 176 1
72 177 1
100 177 1
562 177 1
563 177 1
1142 177 1
72 178 1
562 178 1
926 178 1
88 179 1
202 179 1
281 179 1
510 179 1
755 180 1
981 181 1
162 182 1
183 182 1
1094 182 1
162 183 1
182 183 1
1094 183 1
185 184 1
469 184 1
1451 184 1
184 185 1
272 185 5
285 185 1
286 185 4
287 185 6
382 185 1
383 185 1
401 185 1
415 185 2
420 185 1
424 185 1
427 185 2
469 185 2
742 185 5
765 185 1
773 185 4
912 185 2
1179 185 1
1202 185 1
1267 185 1
1334 185 2
1382 185 1
1401 185 1
1451 185 1
31 186 1
73 186 1
373 187 1
453 187 1
45 188 1
46 188 1
570 188 1
597 188 1
60 189 1
218 189 1
535 189 1
536 189 1
515 190 1
1410 190 1
71 191 1
133 191 2
259 191 1
18 192 1
328 192 1
1380 192 1
16 193 1
348 193 1
943 193 1
294 194 1
763 194 1
911 195 1
197 196 2
198 196 1
607 196 1
608 196 1
612 196 1
196 197 2
198 197 1
607 197 1
608 197 1
612 197 1
196 198 1
197 198 1
368 199 1
504 199 1
609 199 1
1384 199 1
841 200 1
764 201 1
861 201 1
1378 201 1
1379 201 1
55 202 2
88 202 1
179 202 1
281 202 1
510 202 1
542 202 1
874 202 2
204 203 1
205 203 1
1195 203 1
203 204 1
205 204 1
1195 204 1
203 205 1
204 205 1
1195 205 1
92 206 1
207 206 1
1062 206 1
92 207 1
206 207 1
1062 207 1
130 208 1
324 208 1
531 208 1
1276 208 1
279 209 1
281 209 1
593 209 1
594 209 1
81 210 1
749 210 1
139 211 1
222 211 1
527 211 1
530 211 1
29 212 2
213 212 1
304 212 1
29 213 1
212 213 1
304 213 1
20 214 1
1279 214 1
1280 214 1
1281 214 1
1282 214 1
1283 214 1
623 215 1
1033 215 1
217 216 1
1249 216 1
216 217 1
1249 217 1
60 218 1
189 218 1
535 218 1
536 218 1
253 219 1
941 219 1
336 220 1
627 220 2
222 221 1
76 222 1
81 222 1
139 222 1
211 222 1
221 222 1
281 222 1
330 222 1
338 222 1
370 222 1
422 222 1
527 222 1
530 222 1
618 222 1
1241 222 1
24 223 1
224 223 1
360 223 1
24 224 1
223 224 1
360 224 1
56 225 1
167 225 1
168 225 1
173 225 1
392 225 1
37 226 1
227 226 1
1187 226 1
15 227 1
16 227 1
37 227 1
40 227 1
128 227 1
226 227 1
1187 227 1
91 228 1
372 228 1
402 228 2
424 228 2
773 228 1
937 228 1
948 228 1
991 228 2
1273 228 1
1274 228 1
138 229 1
721 229 1
164 230 1
1255 230 1
1256 230 1
90 231 1
232 231 1
90 232 2
231 232 1
132 233 1
298 233 1
163 234 1
1244 234 1
108 235 1
303 235 1
89 236 1
144 236 1
29 237 2
135 237 1
238 237 1
283 237 1
508 237 1
521 237 1
29 238 1
135 238 1
237 238 1
283 238 1
508 238 1
135 239 2
1262 239 2
29 240 1
243 240 1
560 240 1
561 240 1
70 241 1
70 242 1
297 242 1
498 242 1
29 243 2
240 243 1
526 243 1
560 243 1
561 243 1
115 244 1
756 244 1
757 244 1
306 245 1
1236 245 1
1237 245 1
1238 245 1
1239 245 1
132 246 1
428 246 1
598 246 1
6 247 1
16 247 1
142 247 1
29 248 1
84 249 1
174 249 1
435 250 1
669 250 1
379 251 1
380 251 2
703 251 1
1112 251 1
1224 251 2
1338 251 1
1339 251 1
1340 251 1
693 252 1
1365 252 1
1366 252 1
219 253 1
941 253 1
255 254 1
768 254 1
769 254 1
254 255 1
768 255 1
769 255 1
140 256 1
1044 256 1
594 257 1
1056 257 1
1057 257 1
546 258 1
71 259 1
133 259 1
191 259 1
532 260 1
558 260 1
1196 260 1
1197 260 1
22 261 1
403 261 1
1290 261 1
625 262 1
1082 262 1
115 263 1
1000 263 1
139 264 1
739 264 1
1045 264 1
266 265 1
267 265 1
779 265 1
265 266 1
267 266 1
779 266 1
265 267 1
266 267 1
779 267 1
1156 268 1
1235 268 1
24 269 2
271 269 3
365 269 1
408 269 1
32 270 1
574 270 1
619 270 1
24 271 2
269 271 3
281 271 1
365 271 1
408 271 1
804 271 2
185 272 5
286 272 2
287 272 2
302 272 1
469 272 1
742 272 1
773 272 1
1334 272 1
1401 272 1
121 273 1
165 273 1
1111 273 1
281 274 1
421 274 1
143 275 1
1211 275 1
1323 275 1
16 276 2
335 276 1
358 276 1
1102 276 1
720 277 1
800 277 1
424 278 1
991 278 1
209 279 1
281 279 1
593 279 1
594 279 1
405 280 1
488 280 1
817 280 1
859 280 1
1175 280 1
81 281 1
88 281 1
120 281 1
179 281 1
202 281 1
209 281 1
222 281 1
271 281 1
274 281 1
279 281 1
421 281 1
433 281 1
510 281 1
593 281 1
594 281 1
618 281 1
804 281 1
958 281 1
959 281 1
1241 281 1
1254 281 1
463 282 1
1063 282 1
1064 282 1
1065 282 1
1066 282 1
29 283 1
135 283 1
237 283 1
238 283 1
508 283 1
1332 284 1
185 285 1
286 285 1
287 285 1
185 286 4
272 286 2
285 286 1
287 286 4
742 286 1
185 287 6
272 287 2
285 287 1
286 287 4
383 287 1
427 287 1
742 287 1
1179 287 1
1079 288 1
290 289 1
716 289 1
877 289 1
289 290 1
716 290 1
877 290 1
571 291 1
572 291 1
1103 291 1
28 292 1
293 292 1
493 292 1
28 293 1
159 293 1
160 293 1
292 293 1
333 293 1
416 293 1
419 293 1
493 293 2
576 293 1
823 293 1
886 293 1
947 293 1
1055 293 1
1385 293 1
1386 293 1
194 294 1
763 294 1
81 295 2
417 295 2
86 296 1
540 296 1
70 297 1
242 297 1
498 297 1
132 298 1
233 298 1
61 299 1
85 299 1
110 299 1
406 299 1
301 300 1
300 301 1
272 302 1
952 302 1
108 303 1
235 303 1
29 304 1
212 304 1
213 304 1
617 305 1
899 305 1
245 306 1
1217 306 1
1236 306 1
1237 306 1
1238 306 1
1239 306 1
12 307 1
656 307 1
852 307 1
1007 307 1
1008 307 1
1009 307 1
1010 307 1
682 308 1
1245 308 1
32 309 1
334 310 1
384 310 3
407 310 1
865 310 1
1246 310 1
57 311 1
972 311 1
973 311 1
974 311 1
652 312 1
658 312 1
793 312 1
9 313 1
704 313 1
9 314 1
26 314 1
583 314 1
316 315 1
802 315 1
1149 315 1
315 316 1
802 316 1
1149 316 1
357 317 1
377 317 1
1364 317 1
53 318 1
1316 318 1
81 319 1
417 319 1
1080 319 1
801 320 1
1067 320 1
1068 320 1
322 321 1
321 322 1
894 323 1
130 324 1
208 324 1
531 324 1
1276 324 1
34 325 1
44 325 1
1157 325 1
397 326 1
638 326 1
824 326 1
1263 326 1
1264 326 1
59 327 1
1312 327 1
1313 327 1
18 328 1
192 328 1
1380 328 1
696 329 1
81 330 1
222 330 1
1241 330 1
1069 331 1
1070 331 1
124 332 1
450 332 1
1116 332 1
1117 332 1
293 333 1
576 333 1
1385 333 1
1386 333 1
310 334 1
384 334 1
1246 334 1
81 335 1
131 335 1
132 335 1
154 335 1
276 335 1
394 335 1
395 335 1
1102 335 1
1455 335 1
220 336 1
627 336 1
754 337 1
222 338 1
370 338 1
422 338 2
651 338 1
478 339 1
480 339 1
106 340 1
107 340 1
708 341 1
1286 341 1
409 342 1
537 342 1
538 342 1
1024 342 1
346 343 1
672 343 1
673 343 1
909 344 1
849 345 1
343 346 1
672 346 1
673 346 1
694 347 1
1373 347 1
16 348 1
193 348 1
943 348 1
729 349 1
918 349 1
933 349 1
840 350 1
624 351 1
813 351 1
814 351 1
1058 351 1
1059 351 1
1060 351 1
1061 351 1
475 352 1
984 352 1
985 352 1
986 352 1
512 353 1
743 353 1
956 353 1
957 353 1
170 354 1
171 354 1
172 354 1
987 354 1
988 354 1
668 355 2
1213 355 1
1214 355 1
1215 355 1
455 356 1
1040 356 1
317 357 1
377 357 1
1364 357 1
16 358 1
276 358 1
363 358 2
364 358 2
365 358 3
366 358 3
460 358 1
1161 358 1
1162 358 1
1310 358 1
1311 358 1
93 359 1
132 359 1
24 360 1
223 360 1
224 360 1
25 361 1
75 361 1
602 361 1
604 361 1
795 362 1
796 362 2
1118 362 2
1119 362 1
358 363 2
364 363 2
365 363 2
366 363 2
358 364 2
363 364 2
365 364 2
366 364 2
269 365 1
271 365 1
358 365 3
363 365 2
364 365 2
366 365 3
408 365 1
460 365 1
1310 365 1
1311 365 1
358 366 3
363 366 2
364 366 2
365 366 3
460 366 1
1310 366 1
1311 366 1
92 367 2
396 367 1
1098 367 1
199 368 1
609 368 1
1384 368 1
426 369 1
635 369 1
1153 369 1
222 370 1
338 370 1
422 370 1
525 371 1
549 371 1
1219 371 1
228 372 1
773 372 1
937 372 1
187 373 1
453 373 1
616 374 1
863 375 1
864 375 1
1190 376 1
1191 376 1
317 377 1
357 377 1
1364 377 1
92 378 1
251 379 1
380 379 1
1112 379 1
251 380 2
379 380 1
703 380 1
1112 380 1
1224 380 1
1278 381 1
185 382 1
415 382 1
185 383 1
287 383 1
427 383 1
1451 383 1
1452 383 1
1453 383 1
1454 383 1
310 384 3
334 384 1
407 384 1
865 384 2
1246 384 1
1362 384 1
16 385 1
21 386 1
40 386 1
805 387 1
1223 387 1
613 388 1
871 388 1
72 389 1
630 389 1
786 389 1
118 390 1
132 390 1
391 390 1
591 390 1
850 390 1
118 391 1
132 391 1
390 391 1
591 391 1
850 391 1
56 392 1
167 392 1
168 392 1
173 392 1
225 392 1
1377 392 1
610 393 1
938 393 1
132 394 1
335 394 1
395 394 1
132 395 1
335 395 1
394 395 1
92 396 1
367 396 1
326 397 1
638 397 1
824 397 1
1263 397 1
1264 397 1
646 398 1
1233 398 1
1234 398 1
400 399 1
954 399 1
399 400 1
954 400 1
185 401 1
424 401 1
773 401 1
91 402 1
228 402 2
1273 402 1
1274 402 1
22 403 1
261 403 1
1290 403 1
865 404 1
280 405 1
488 405 1
61 406 1
85 406 1
110 406 1
299 406 1
310 407 1
384 407 1
269 408 1
271 408 1
365 408 1
342 409 1
411 410 1
412 410 1
447 410 1
410 411 1
412 411 1
447 411 1
410 412 1
411 412 1
447 412 1
69 413 1
1300 413 1
1343 414 1
185 415 2
382 415 1
427 415 1
1267 415 1
293 416 1
419 416 1
493 416 1
823 416 1
886 416 1
81 417 3
295 417 2
319 417 1
1080 417 1
648 418 1
676 418 1
677 418 1
781 418 1
293 419 1
416 419 1
493 419 1
823 419 1
886 419 1
185 420 1
274 421 1
281 421 1
222 422 1
338 422 2
370 422 1
651 422 1
63 423 1
1337 423 1
185 424 1
228 424 2
278 424 1
401 424 1
773 424 1
991 424 3
1100 424 1
1101 424 1
603 425 1
369 426 1
185 427 2
287 427 1
383 427 1
415 427 1
1132 427 1
1267 427 1
132 428 1
246 428 1
598 428 1
11 429 1
38 429 1
751 429 1
752 429 1
431 430 1
1324 430 1
430 431 1
1324 431 1
42 432 1
120 433 1
281 433 1
958 433 1
959 433 1
875 434 1
928 434 1
929 434 1
250 435 1
669 435 1
1115 436 1
690 437 1
691 437 1
1374 437 1
1375 437 1
1376 437 1
78 438 1
449 438 1
748 438 1
1266 438 1
440 439 1
727 439 1
1416 439 1
1417 439 1
1418 439 1
1419 439 1
1420 439 1
1421 439 1
1422 439 1
1423 439 1
1424 439 1
1425 439 1
1426 439 1
1427 439 1
1428 439 1
1429 439 1
1430 439 1
1431 439 1
1432 439 1
439 440 1
727 440 1
1416 440 1
1417 440 1
1418 440 1
1419 440 1
1420 440 1
1421 440 1
1422 440 1
1423 440 1
1424 440 1
1425 440 1
1426 440 1
1427 440 1
1428 440 1
1429 440 1
1430 440 1
1431 440 1
1432 440 1
96 441 1
867 441 1
1381 441 1
564 442 1
713 442 1
1163 442 1
444 443 1
1005 443 1
443 444 1
1005 444 1
127 445 1
575 445 1
649 445 1
699 445 1
1291 446 1
1292 446 1
410 447 1
411 447 1
412 447 1
679 448 1
1275 448 1
78 449 1
438 449 1
748 449 1
1266 449 1
124 450 1
332 450 1
1116 450 1
1117 450 1
494 451 1
1445 451 1
66 452 1
1089 452 1
1090 452 1
187 453 1
373 453 1
7 454 1
1307 454 1
1308 454 1
356 455 1
1040 455 1
483 456 1
982 456 1
157 457 1
158 457 1
132 458 1
472 459 1
569 459 1
1247 459 1
358 460 1
365 460 1
366 460 1
1310 460 1
1311 460 1
89 461 1
111 461 1
465 462 1
474 462 1
1402 462 1
1403 462 1
1404 462 1
282 463 1
1063 463 1
1064 463 1
1065 463 1
1066 463 1
605 464 1
1228 464 1
1229 464 1
462 465 1
474 465 1
1402 465 1
1403 465 1
1404 465 1
485 466 1
704 467 1
833 467 1
834 467 1
1287 467 1
49 468 1
64 468 1
471 468 1
809 468 1
184 469 1
185 469 2
272 469 1
1451 469 1
1123 470 1
1124 470 1
1125 470 1
49 471 1
64 471 1
468 471 1
809 471 1
459 472 1
569 472 1
1247 472 1
1240 473 1
462 474 1
465 474 1
1402 474 1
1403 474 1
1404 474 1
352 475 1
984 475 1
985 475 1
986 475 1
490 476 1
842 476 1
1320 476 1
878 477 1
339 478 1
480 478 1
129 479 1
497 479 1
565 479 1
566 479 1
339 480 1
478 480 1
633 481 1
529 482 1
456 483 1
982 483 1
533 484 2
541 484 2
554 484 1
466 485 1
502 486 1
898 486 1
907 486 1
934 486 1
1203 486 1
114 487 2
169 487 1
503 487 1
819 487 2
280 488 1
405 488 1
491 489 1
551 489 1
927 489 1
983 489 1
476 490 1
842 490 1
1320 490 1
489 491 1
551 491 1
983 491 1
580 492 1
913 492 1
28 493 1
292 493 1
293 493 2
416 493 1
419 493 1
823 493 1
886 493 1
451 494 1
548 494 1
955 494 1
1383 494 1
1445 494 1
1341 495 1
1342 495 1
557 496 1
753 496 1
892 496 1
129 497 1
479 497 1
565 497 1
566 497 1
70 498 1
242 498 1
297 498 1
1048 499 1
507 500 2
511 500 1
534 500 1
584 500 1
1230 501 1
1231 501 1
486 502 1
895 502 1
896 502 1
904 502 1
906 502 1
934 502 2
1013 502 1
1014 502 2
1203 502 2
114 503 1
487 503 1
819 503 1
199 504 1
45 505 2
46 505 2
506 505 1
597 505 1
45 506 1
46 506 1
505 506 1
500 507 2
511 507 1
584 507 1
29 508 1
135 508 1
237 508 1
238 508 1
283 508 1
514 509 1
964 509 1
88 510 1
179 510 1
202 510 1
281 510 1
500 511 1
507 511 1
573 511 1
353 512 1
743 512 1
956 512 1
957 512 1
1183 513 1
509 514 1
964 514 1
190 515 1
1410 515 1
517 516 2
518 516 1
519 516 1
639 516 1
689 516 2
759 516 1
1387 516 1
516 517 2
518 517 1
519 517 1
639 517 1
689 517 2
759 517 1
1387 517 1
516 518 1
517 518 1
689 518 1
759 518 1
516 519 1
517 519 1
639 519 1
689 519 1
1387 519 1
821 520 1
832 520 1
29 521 1
237 521 1
149 522 1
1106 522 1
1107 522 1
1108 522 1
822 523 1
150 524 1
942 524 1
371 525 1
549 525 1
1219 525 1
29 526 1
243 526 1
139 527 1
211 527 1
222 527 1
530 527 1
595 528 1
967 528 1
968 528 1
482 529 1
139 530 1
211 530 1
222 530 1
527 530 1
130 531 1
208 531 1
324 531 1
1276 531 1
260 532 1
558 532 1
1196 532 1
1197 532 1
484 533 2
541 533 2
554 533 1
500 534 1
60 535 1
189 535 1
218 535 1
536 535 1
60 536 1
189 536 1
218 536 1
535 536 1
342 537 1
538 537 1
1024 537 1
342 538 1
537 538 1
1024 538 1
24 539 1
582 539 1
86 540 1
296 540 1
484 541 2
533 541 2
554 541 1
774 541 1
775 541 1
55 542 1
202 542 1
874 542 1
544 543 1
543 544 1
684 545 2
685 545 1
1446 545 1
1447 545 1
258 546 1
846 547 1
494 548 1
371 549 1
525 549 1
1219 549 1
136 550 1
137 550 1
587 550 1
489 551 1
491 551 1
983 551 1
102 552 1
667 552 1
602 553 1
604 553 1
1043 553 1
484 554 1
533 554 1
541 554 1
977 555 1
893 556 1
1012 556 1
496 557 1
753 557 1
892 557 1
260 558 1
532 558 1
1196 558 1
1197 558 1
1406 559 1
1407 559 1
29 560 1
240 560 1
243 560 1
561 560 1
29 561 1
240 561 1
243 561 1
560 561 1
72 562 2
100 562 1
177 562 1
178 562 1
563 562 1
926 562 1
1142 562 1
72 563 1
100 563 1
177 563 1
562 563 1
1142 563 1
442 564 1
713 564 1
1163 564 1
129 565 1
479 565 1
497 565 1
566 565 1
129 566 1
479 566 1
497 566 1
565 566 1
151 567 1
152 567 2
568 567 1
151 568 1
152 568 1
567 568 1
459 569 1
472 569 1
1247 569 1
45 570 1
46 570 1
188 570 1
597 570 1
291 571 1
572 571 1
1103 571 1
291 572 1
571 572 1
1103 572 1
511 573 1
32 574 1
270 574 1
619 574 1
127 575 1
445 575 1
649 575 1
699 575 1
293 576 1
333 576 1
715 576 1
1385 576 2
1386 576 1
1405 576 1
975 577 1
976 577 1
579 578 1
1357 578 1
578 579 1
1357 579 1
492 580 1
913 580 1
16 581 1
588 581 1
601 581 1
1016 581 2
24 582 1
539 582 1
9 583 1
26 583 1
314 583 1
500 584 1
507 584 1
1182 585 1
159 586 1
136 587 1
137 587 1
550 587 1
581 588 1
866 588 1
1016 588 1
1071 588 1
1072 588 1
1073 588 1
62 589 1
119 589 1
1222 589 1
949 590 1
118 591 1
132 591 1
390 591 1
391 591 1
850 591 1
1097 592 1
209 593 1
279 593 1
281 593 1
594 593 1
209 594 1
257 594 1
279 594 1
281 594 1
593 594 1
1056 594 1
1057 594 1
528 595 1
967 595 1
968 595 1
887 596 1
888 596 1
45 597 2
46 597 2
188 597 1
505 597 1
570 597 1
132 598 1
246 598 1
428 598 1
982 599 1
1025 600 1
1026 600 1
1027 600 1
16 601 1
581 601 1
1016 601 1
25 602 1
75 602 1
361 602 1
553 602 1
604 602 5
714 602 1
1043 602 1
425 603 1
25 604 1
75 604 1
361 604 1
553 604 1
602 604 5
714 604 1
1043 604 1
464 605 1
1228 605 1
1229 605 1
1277 606 1
196 607 1
197 607 1
608 607 1
612 607 1
196 608 1
197 608 1
607 608 1
612 608 1
199 609 1
368 609 1
1384 609 1
393 610 1
938 610 1
702 611 1
196 612 1
197 612 1
607 612 1
608 612 1
388 613 1
871 613 2
1269 613 1
1270 613 1
776 614 1
1397 614 1
1398 614 1
710 615 1
836 615 1
374 616 1
305 617 1
899 617 1
222 618 1
281 618 1
32 619 1
270 619 1
574 619 1
682 620 1
848 621 1
989 621 1
990 621 1
1158 622 1
215 623 1
1033 623 1
351 624 1
813 624 1
814 624 1
1058 624 1
1059 624 1
1060 624 1
1061 624 1
262 625 1
1082 625 1
1001 626 1
1002 626 1
1003 626 1
1004 626 1
220 627 2
336 627 1
889 628 1
1225 629 1
72 630 1
389 630 1
782 630 1
786 630 1
116 631 1
632 631 1
644 631 1
1018 631 1
116 632 1
631 632 1
644 632 1
1018 632 1
481 633 1
1092 634 1
369 635 1
1153 635 1
794 636 1
1054 636 1
944 637 1
945 637 1
946 637 1
326 638 1
397 638 1
824 638 1
1263 638 1
1264 638 1
516 639 1
517 639 1
519 639 1
689 639 1
1387 639 1
84 640 1
16 641 1
666 642 1
772 642 1
873 643 1
1318 643 1
1319 643 1
116 644 1
631 644 1
632 644 1
1018 644 1
1140 645 1
1141 645 1
398 646 1
1233 646 1
1234 646 1
963 647 1
418 648 1
676 648 1
677 648 1
781 648 1
83 649 1
127 649 2
445 649 1
575 649 1
699 649 2
762 649 1
897 649 1
1143 650 1
338 651 1
422 651 1
312 652 1
658 652 1
793 652 1
655 653 1
731 653 1
1232 654 1
653 655 1
731 655 1
12 656 1
307 656 1
852 656 1
1007 656 1
1008 656 1
1009 656 1
1010 656 1
1006 657 1
312 658 1
652 658 1
793 658 1
661 659 1
662 659 1
661 660 1
738 660 1
659 661 1
660 661 1
662 661 1
738 661 1
659 662 1
661 662 1
664 663 1
663 664 1
1328 665 1
1329 665 1
1330 665 1
1331 665 1
642 666 1
772 666 1
102 667 1
552 667 1
355 668 2
1213 668 1
1214 668 1
1215 668 1
250 669 1
435 669 1
1046 670 1
35 671 1
1408 671 1
343 672 1
346 672 1
673 672 1
343 673 1
346 673 1
672 673 1
1242 674 2
1243 674 1
736 675 1
778 675 1
784 675 1
787 675 1
418 676 1
648 676 1
677 676 1
781 676 1
418 677 1
648 677 1
676 677 1
781 677 1
686 678 1
688 678 1
1147 678 1
1148 678 1
448 679 1
1275 679 1
783 680 1
1078 681 1
308 682 1
620 682 1
1245 682 1
1304 682 1
176 683 1
1298 683 1
1299 683 1
545 684 2
685 684 1
1446 684 1
1447 684 1
545 685 1
684 685 1
678 686 1
688 686 1
1147 686 1
1148 686 1
709 687 1
1358 687 1
1359 687 1
678 688 1
686 688 1
1147 688 1
1148 688 1
516 689 2
517 689 2
518 689 1
519 689 1
639 689 1
759 689 1
1387 689 1
437 690 1
691 690 1
1374 690 1
1375 690 1
1376 690 1
437 691 1
690 691 1
1374 691 1
1375 691 1
1376 691 1
791 692 1
1444 692 1
252 693 1
1365 693 1
1366 693 1
347 694 1
1373 694 1
905 695 1
329 696 1
1185 697 1
728 698 1
1440 698 1
127 699 2
445 699 1
575 699 1
649 699 2
762 699 1
1346 700 1
1347 700 1
1348 700 1
1133 701 1
1134 701 1
611 702 1
251 703 1
380 703 1
1224 703 1
9 704 1
313 704 1
467 704 1
833 704 1
834 704 1
1287 704 1
31 705 1
1314 705 1
1315 705 1
1296 706 1
1395 707 1
1396 707 1
341 708 1
1286 708 1
687 709 1
1358 709 1
1359 709 1
615 710 1
836 710 1
712 711 1
847 711 1
1344 711 1
1345 711 1
711 712 1
847 712 1
1344 712 1
1345 712 1
442 713 1
564 713 1
1163 713 1
602 714 1
604 714 1
576 715 1
1385 715 1
1405 715 1
289 716 1
290 716 1
877 716 1
997 717 1
719 718 1
740 718 1
741 718 1
1388 718 1
1389 718 1
1390 718 1
718 719 1
740 719 1
741 719 1
277 720 1
800 720 1
229 721 1
868 722 1
953 722 1
117 723 1
792 723 1
860 723 1
960 723 1
961 723 1
962 723 1
152 724 1
725 724 1
726 724 1
152 725 1
724 725 1
726 725 1
152 726 1
724 726 1
725 726 1
439 727 1
440 727 1
1416 727 1
1417 727 1
1418 727 1
1419 727 1
1420 727 1
1421 727 1
1422 727 1
1423 727 1
1424 727 1
1425 727 1
1426 727 1
1427 727 1
1428 727 1
1429 727 1
1430 727 1
1431 727 1
1432 727 1
698 728 1
1440 728 1
349 729 1
918 729 1
933 729 1
1126 730 1
1127 730 1
1128 730 1
1129 730 1
1130 730 1
1131 730 1
653 731 1
655 731 1
872 732 1
1250 733 1
1251 733 1
1252 733 1
1253 733 1
1399 734 1
1400 734 1
149 735 1
675 736 1
778 736 1
784 736 1
787 736 1
1257 737 1
1258 737 1
1259 737 1
660 738 1
661 738 1
139 739 2
264 739 1
1045 739 1
1167 739 1
718 740 1
719 740 1
741 740 1
718 741 1
719 741 1
740 741 1
185 742 5
272 742 1
286 742 1
287 742 1
912 742 2
1382 742 1
353 743 1
512 743 1
956 743 1
957 743 1
1325 744 1
1326 744 1
1327 744 1
146 745 1
746 745 1
747 745 1
146 746 1
745 746 1
747 746 1
797 746 1
146 747 1
745 747 1
746 747 1
78 748 1
438 748 1
449 748 1
1266 748 1
81 749 1
210 749 1
1201 750 1
11 751 1
38 751 1
429 751 1
752 751 1
11 752 1
38 752 1
429 752 1
751 752 1
496 753 1
557 753 1
892 753 1
337 754 1
180 755 1
115 756 1
244 756 1
757 756 1
115 757 1
244 757 1
756 757 1
1171 758 1
516 759 1
517 759 1
518 759 1
689 759 1
11 760 1
38 760 1
52 760 1
87 760 1
761 760 1
11 761 1
38 761 1
52 761 1
87 761 1
760 761 1
127 762 1
649 762 1
699 762 1
194 763 1
294 763 1
201 764 1
861 764 1
1378 764 1
1379 764 1
185 765 1
773 765 1
767 766 1
1184 766 1
766 767 1
1184 767 1
254 768 1
255 768 1
769 768 1
254 769 1
255 769 1
768 769 1
771 770 1
1050 770 1
770 771 1
1050 771 1
642 772 1
666 772 1
185 773 4
228 773 1
272 773 1
372 773 1
401 773 1
424 773 1
765 773 1
937 773 1
1202 773 1
1334 773 1
541 774 1
775 774 1
541 775 1
774 775 1
614 776 1
1397 776 1
1398 776 1
1226 777 1
1227 777 1
675 778 1
736 778 1
784 778 1
787 778 1
265 779 1
266 779 1
267 779 1
82 780 1
811 780 1
418 781 1
648 781 1
676 781 1
677 781 1
630 782 1
680 783 1
675 784 1
736 784 1
778 784 1
787 784 1
132 785 1
1150 785 1
1151 785 1
72 786 1
389 786 1
630 786 1
675 787 1
736 787 1
778 787 1
784 787 1
9 788 1
908 788 1
65 789 1
125 789 1
1136 790 1
1137 790 1
692 791 1
1444 791 1
117 792 1
723 792 1
860 792 1
960 792 1
961 792 1
962 792 1
312 793 1
652 793 1
658 793 1
636 794 1
1054 794 1
362 795 1
796 795 1
1118 795 1
362 796 2
795 796 1
1118 796 2
1119 796 1
746 797 1
159 798 1
1011 798 1
1349 799 1
1350 799 1
277 800 1
720 800 1
320 801 1
1067 801 1
1068 801 1
315 802 1
316 802 1
1149 802 1
1218 803 1
271 804 2
281 804 1
387 805 1
1223 805 1
939 806 1
940 806 1
112 807 1
1104 807 1
1105 807 1
910 808 1
1363 808 1
1367 808 1
49 809 1
64 809 1
468 809 1
471 809 1
168 810 1
173 810 1
82 811 1
780 811 1
880 812 1
919 812 2
921 812 2
351 813 1
624 813 1
814 813 1
1058 813 1
1059 813 1
1060 813 1
1061 813 1
351 814 1
624 814 1
813 814 1
1058 814 1
1059 814 1
1060 814 1
1061 814 1
828 815 1
829 815 1
922 815 1
844 816 1
845 816 1
280 817 1
1175 817 1
1435 818 1
114 819 4
169 819 3
487 819 2
503 819 1
992 820 1
993 820 1
1369 820 1
520 821 1
832 821 1
523 822 1
293 823 1
416 823 1
419 823 1
493 823 1
886 823 1
891 823 2
1188 823 1
1409 823 1
326 824 1
397 824 1
638 824 1
1263 824 1
1264 824 2
1301 824 1
1302 824 1
826 825 1
827 825 1
835 825 1
914 825 1
915 825 1
916 825 1
998 825 1
999 825 1
825 826 1
827 826 1
835 826 1
914 826 1
915 826 1
916 826 1
998 826 1
999 826 1
825 827 1
826 827 1
835 827 1
914 827 1
915 827 1
916 827 1
998 827 1
999 827 1
815 828 1
829 828 1
922 828 1
815 829 1
828 829 1
922 829 1
882 830 1
902 830 1
903 830 1
1164 831 1
1165 831 1
1166 831 1
1448 831 1
1449 831 1
1450 831 1
520 832 1
821 832 1
467 833 1
704 833 1
834 833 1
1287 833 1
467 834 1
704 834 1
833 834 1
1287 834 1
825 835 1
826 835 1
827 835 1
914 835 1
915 835 1
916 835 1
998 835 1
999 835 1
615 836 1
710 836 1
838 837 1
839 837 1
978 837 1
837 838 1
839 838 1
978 838 1
837 839 1
838 839 1
978 839 1
350 840 1
200 841 1
476 842 1
490 842 1
1320 842 1
1170 843 1
816 844 1
845 844 1
816 845 1
844 845 1
547 846 1
711 847 1
712 847 1
1344 847 1
1345 847 1
621 848 1
989 848 1
990 848 1
345 849 1
917 849 1
922 849 1
118 850 1
132 850 1
390 850 1
391 850 1
591 850 1
969 851 1
970 851 1
971 851 1
12 852 1
307 852 1
656 852 1
1007 852 1
1008 852 1
1009 852 1
1010 852 1
854 853 1
853 854 1
856 855 1
857 855 1
1049 855 1
855 856 1
857 856 1
1049 856 1
855 857 1
856 857 1
1049 857 1
1443 858 1
280 859 1
117 860 1
723 860 1
792 860 1
960 860 1
961 860 1
962 860 1
201 861 1
764 861 1
1378 861 1
1379 861 1
56 862 1
375 863 1
864 863 1
375 864 1
863 864 1
310 865 1
384 865 2
404 865 1
1362 865 1
588 866 1
1071 866 1
1072 866 1
1073 866 1
96 867 1
441 867 1
1381 867 1
722 868 1
953 868 1
1093 869 1
1180 869 1
1181 869 1
1360 870 1
1361 870 1
388 871 1
613 871 2
1269 871 1
1270 871 1
732 872 1
643 873 1
55 874 2
202 874 2
542 874 1
434 875 1
929 875 1
1015 876 1
289 877 1
290 877 1
716 877 1
477 878 1
1051 879 1
1052 879 2
1053 879 1
1159 879 1
1160 879 1
812 880 1
919 880 1
921 880 1
1412 881 1
830 882 1
902 882 1
903 882 1
884 883 1
885 883 1
902 883 1
903 883 1
1370 883 1
883 884 1
885 884 1
902 884 1
903 884 1
1370 884 1
883 885 1
884 885 1
902 885 1
903 885 1
1370 885 1
293 886 1
416 886 1
419 886 1
493 886 1
823 886 1
596 887 1
888 887 1
596 888 1
887 888 1
628 889 1
145 890 1
1391 890 1
1392 890 1
1393 890 1
1394 890 1
823 891 2
1188 891 1
1409 891 1
496 892 1
557 892 1
753 892 1
556 893 1
1012 893 1
323 894 1
502 895 1
906 895 1
502 896 1
1013 896 1
1014 896 1
83 897 1
649 897 1
486 898 1
907 898 1
305 899 1
617 899 1
901 900 1
900 901 1
830 902 1
882 902 1
883 902 1
884 902 1
885 902 1
903 902 2
1370 902 1
830 903 1
882 903 1
883 903 1
884 903 1
885 903 1
902 903 2
1370 903 1
502 904 1
934 904 1
695 905 1
502 906 1
895 906 1
486 907 1
898 907 1
9 908 1
788 908 1
344 909 1
808 910 1
1367 910 1
195 911 1
185 912 2
742 912 2
492 913 1
580 913 1
825 914 1
826 914 1
827 914 1
835 914 1
915 914 1
916 914 1
998 914 1
999 914 1
825 915 1
826 915 1
827 915 1
835 915 1
914 915 1
916 915 1
998 915 1
999 915 1
825 916 1
826 916 1
827 916 1
835 916 1
914 916 1
915 916 1
998 916 1
999 916 1
849 917 1
922 917 1
349 918 1
729 918 1
933 918 1
1186 918 1
812 919 2
880 919 1
921 919 2
1321 920 1
1322 920 1
812 921 2
880 921 1
919 921 2
815 922 1
828 922 1
829 922 1
849 922 1
917 922 1
1047 923 1
112 924 1
936 925 1
1411 925 1
72 926 1
178 926 1
562 926 1
489 927 1
434 928 1
434 929 1
875 929 1
931 930 1
932 930 1
930 931 1
932 931 1
930 932 1
931 932 1
349 933 1
729 933 1
918 933 1
486 934 1
502 934 2
904 934 1
1203 934 1
68 935 2
74 935 2
925 936 1
1411 936 1
228 937 1
372 937 1
773 937 1
393 938 1
610 938 1
806 939 1
940 939 1
806 940 1
939 940 1
219 941 1
253 941 1
150 942 1
524 942 1
16 943 1
193 943 1
348 943 1
637 944 1
945 944 1
946 944 1
637 945 1
944 945 1
946 945 1
637 946 1
944 946 1
945 946 1
159 947 1
160 947 1
293 947 1
228 948 1
590 949 1
951 950 1
950 951 1
302 952 1
722 953 1
868 953 1
399 954 1
400 954 1
494 955 1
353 956 1
512 956 1
743 956 1
957 956 1
353 957 1
512 957 1
743 957 1
956 957 1
120 958 1
281 958 1
433 958 1
959 958 1
120 959 1
281 959 1
433 959 1
958 959 1
117 960 1
723 960 1
792 960 1
860 960 1
961 960 1
962 960 1
117 961 1
723 961 1
792 961 1
860 961 1
960 961 1
962 961 1
117 962 1
723 962 1
792 962 1
860 962 1
960 962 1
961 962 1
647 963 1
509 964 1
514 964 1
966 965 1
965 966 1
528 967 1
595 967 1
968 967 1
528 968 1
595 968 1
967 968 1
851 969 1
851 970 1
971 970 1
851 971 1
970 971 1
57 972 1
311 972 1
973 972 1
974 972 1
57 973 1
311 973 1
972 973 1
974 973 1
57 974 1
311 974 1
972 974 1
973 974 1
577 975 1
976 975 1
577 976 1
975 976 1
555 977 1
837 978 1
838 978 1
839 978 1
980 979 1
979 980 1
181 981 1
456 982 1
483 982 1
599 982 1
489 983 1
491 983 1
551 983 1
352 984 1
475 984 1
985 984 1
986 984 1
352 985 1
475 985 1
984 985 1
986 985 1
352 986 1
475 986 1
984 986 1
985 986 1
170 987 1
171 987 1
172 987 1
354 987 1
988 987 1
170 988 1
171 988 1
172 988 1
354 988 1
987 988 1
621 989 1
848 989 1
990 989 1
621 990 1
848 990 1
989 990 1
228 991 2
278 991 1
424 991 3
820 992 1
993 992 1
820 993 1
992 993 1
995 994 1
996 994 1
994 995 1
996 995 1
994 996 1
995 996 1
717 997 1
825 998 1
826 998 1
827 998 1
835 998 1
914 998 1
915 998 1
916 998 1
999 998 1
825 999 1
826 999 1
827 999 1
835 999 1
914 999 1
915 999 1
916 999 1
998 999 1
115 1000 1
263 1000 1
626 1001 1
1002 1001 1
1003 1001 1
1004 1001 1
626 1002 1
1001 1002 1
1003 1002 1
1004 1002 1
626 1003 1
1001 1003 1
1002 1003 1
1004 1003 1
626 1004 1
1001 1004 1
1002 1004 1
1003 1004 1
443 1005 1
444 1005 1
657 1006 1
12 1007 1
307 1007 1
656 1007 1
852 1007 1
1008 1007 1
1009 1007 1
1010 1007 1
12 1008 1
307 1008 1
656 1008 1
852 1008 1
1007 1008 1
1009 1008 1
1010 1008 1
12 1009 1
307 1009 1
656 1009 1
852 1009 1
1007 1009 1
1008 1009 1
1010 1009 1
12 1010 1
307 1010 1
656 1010 1
852 1010 1
1007 1010 1
1008 1010 1
1009 1010 1
159 1011 1
798 1011 1
556 1012 1
893 1012 1
502 1013 1
896 1013 1
1014 1013 1
502 1014 2
896 1014 1
1013 1014 1
1203 1014 1
876 1015 1
16 1016 1
581 1016 2
588 1016 1
601 1016 1
25 1017 2
116 1018 1
631 1018 1
632 1018 1
644 1018 1
1020 1019 1
1021 1019 1
1022 1019 1
1019 1020 1
1021 1020 1
1022 1020 1
1019 1021 1
1020 1021 1
1022 1021 1
1019 1022 1
1020 1022 1
1021 1022 1
141 1023 1
342 1024 1
537 1024 1
538 1024 1
600 1025 1
1026 1025 1
1027 1025 1
600 1026 1
1025 1026 1
1027 1026 1
600 1027 1
1025 1027 1
1026 1027 1
145 1028 1
6 1029 1
16 1029 1
1031 1030 1
1030 1031 1
132 1032 1
215 1033 1
623 1033 1
132 1034 1
1036 1035 1
1037 1035 1
1035 1036 1
1037 1036 1
1035 1037 1
1036 1037 1
1039 1038 1
1038 1039 1
356 1040 1
455 1040 1
1042 1041 1
1041 1042 1
553 1043 1
602 1043 1
604 1043 1
140 1044 1
256 1044 1
139 1045 1
264 1045 1
739 1045 1
670 1046 1
923 1047 1
499 1048 1
855 1049 1
856 1049 1
857 1049 1
770 1050 1
771 1050 1
879 1051 1
1052 1051 1
1053 1051 1
879 1052 2
1051 1052 1
1053 1052 1
1159 1052 1
1160 1052 1
879 1053 1
1051 1053 1
1052 1053 1
636 1054 1
794 1054 1
293 1055 1
257 1056 1
594 1056 1
1057 1056 1
257 1057 1
594 1057 1
1056 1057 1
351 1058 1
624 1058 1
813 1058 1
814 1058 1
1059 1058 1
1060 1058 1
1061 1058 1
351 1059 1
624 1059 1
813 1059 1
814 1059 1
1058 1059 1
1060 1059 1
1061 1059 1
351 1060 1
624 1060 1
813 1060 1
814 1060 1
1058 1060 1
1059 1060 1
1061 1060 1
351 1061 1
624 1061 1
813 1061 1
814 1061 1
1058 1061 1
1059 1061 1
1060 1061 1
92 1062 1
206 1062 1
207 1062 1
282 1063 1
463 1063 1
1064 1063 1
1065 1063 1
1066 1063 1
282 1064 1
463 1064 1
1063 1064 1
1065 1064 1
1066 1064 1
282 1065 1
463 1065 1
1063 1065 1
1064 1065 1
1066 1065 1
282 1066 1
463 1066 1
1063 1066 1
1064 1066 1
1065 1066 1
320 1067 1
801 1067 1
1068 1067 1
320 1068 1
801 1068 1
1067 1068 1
331 1069 1
1070 1069 1
331 1070 1
1069 1070 1
588 1071 1
866 1071 1
1072 1071 1
1073 1071 1
588 1072 1
866 1072 1
1071 1072 1
1073 1072 1
588 1073 1
866 1073 1
1071 1073 1
1072 1073 1
1075 1074 1
1076 1074 1
1077 1074 1
1074 1075 1
1076 1075 1
1077 1075 1
1074 1076 1
1075 1076 1
1077 1076 1
1074 1077 1
1075 1077 1
1076 1077 1
681 1078 1
288 1079 1
81 1080 1
319 1080 1
417 1080 1
14 1081 1
262 1082 1
625 1082 1
1084 1083 1
1085 1083 1
1086 1083 1
1083 1084 1
1085 1084 1
1086 1084 1
1083 1085 1
1084 1085 1
1086 1085 1
1083 1086 1
1084 1086 1
1085 1086 1
100 1087 1
141 1087 1
1089 1088 1
1090 1088 1
66 1089 1
452 1089 1
1088 1089 1
1090 1089 2
66 1090 1
452 1090 1
1088 1090 1
1089 1090 2
83 1091 1
634 1092 1
869 1093 1
162 1094 1
182 1094 1
183 1094 1
1096 1095 1
1095 1096 1
592 1097 1
92 1098 1
367 1098 1
30 1099 1
132 1099 1
424 1100 1
1101 1100 1
424 1101 1
1100 1101 1
276 1102 1
335 1102 1
291 1103 1
571 1103 1
572 1103 1
112 1104 1
807 1104 1
1105 1104 1
112 1105 1
807 1105 1
1104 1105 1
149 1106 1
522 1106 1
1107 1106 1
1108 1106 1
149 1107 1
522 1107 1
1106 1107 1
1108 1107 1
149 1108 1
522 1108 1
1106 1108 1
1107 1108 1
39 1109 1
66 1109 1
1110 1109 1
39 1110 1
66 1110 1
1109 1110 1
121 1111 1
165 1111 1
273 1111 1
251 1112 1
379 1112 1
380 1112 1
39 1113 1
66 1113 1
1114 1113 1
39 1114 1
66 1114 1
1113 1114 1
436 1115 1
124 1116 1
332 1116 1
450 1116 1
1117 1116 1
124 1117 1
332 1117 1
450 1117 1
1116 1117 1
362 1118 2
795 1118 1
796 1118 2
1119 1118 1
362 1119 1
796 1119 1
1118 1119 1
1121 1120 1
1122 1120 1
1120 1121 1
1122 1121 1
1120 1122 1
1121 1122 1
470 1123 1
1124 1123 1
1125 1123 1
470 1124 1
1123 1124 1
1125 1124 1
470 1125 1
1123 1125 1
1124 1125 1
730 1126 1
1127 1126 1
1128 1126 1
1129 1126 1
1130 1126 1
1131 1126 1
730 1127 1
1126 1127 1
1128 1127 1
1129 1127 1
1130 1127 1
1131 1127 1
730 1128 1
1126 1128 1
1127 1128 1
1129 1128 1
1130 1128 1
1131 1128 1
730 1129 1
1126 1129 1
1127 1129 1
1128 1129 1
1130 1129 1
1131 1129 1
730 1130 1
1126 1130 1
1127 1130 1
1128 1130 1
1129 1130 1
1131 1130 1
730 1131 1
1126 1131 1
1127 1131 1
1128 1131 1
1129 1131 1
1130 1131 1
427 1132 1
701 1133 1
1134 1133 1
701 1134 1
1133 1134 1
16 1135 1
790 1136 1
1137 1136 1
790 1137 1
1136 1137 1
27 1138 1
1139 1138 1
27 1139 1
1138 1139 1
645 1140 1
1141 1140 1
645 1141 1
1140 1141 1
72 1142 1
100 1142 1
177 1142 1
562 1142 1
563 1142 1
650 1143 1
1145 1144 1
1146 1144 1
1144 1145 1
1146 1145 1
1144 1146 1
1145 1146 1
678 1147 1
686 1147 1
688 1147 1
1148 1147 1
678 1148 1
686 1148 1
688 1148 1
1147 1148 1
315 1149 1
316 1149 1
802 1149 1
132 1150 1
785 1150 1
1151 1150 1
132 1151 1
785 1151 1
1150 1151 1
90 1152 2
369 1153 1
635 1153 1
77 1154 2
1155 1154 1
1297 1154 1
77 1155 1
1154 1155 1
268 1156 1
1235 1156 1
325 1157 1
622 1158 1
879 1159 1
1052 1159 1
1160 1159 1
879 1160 1
1052 1160 1
1159 1160 1
358 1161 1
1162 1161 1
358 1162 1
1161 1162 1
442 1163 1
564 1163 1
713 1163 1
831 1164 1
1165 1164 1
1166 1164 1
831 1165 1
1164 1165 1
1166 1165 1
831 1166 1
1164 1166 1
1165 1166 1
139 1167 1
739 1167 1
1169 1168 1
1168 1169 1
843 1170 1
758 1171 1
2 1172 1
1174 1173 1
1173 1174 1
280 1175 1
817 1175 1
1177 1176 1
1178 1176 1
1176 1177 1
1178 1177 1
1176 1178 1
1177 1178 1
185 1179 1
287 1179 1
869 1180 1
1181 1180 1
869 1181 1
1180 1181 1
585 1182 1
513 1183 1
766 1184 1
767 1184 1
697 1185 1
918 1186 1
37 1187 1
226 1187 1
227 1187 1
823 1188 1
891 1188 1
166 1189 1
376 1190 1
1191 1190 1
376 1191 1
1190 1191 1
1193 1192 1
1194 1192 1
1192 1193 1
1194 1193 1
1192 1194 1
1193 1194 1
1265 1194 1
1317 1194 1
203 1195 1
204 1195 1
205 1195 1
260 1196 1
532 1196 1
558 1196 1
1197 1196 1
260 1197 1
532 1197 1
558 1197 1
1196 1197 1
1199 1198 1
1200 1198 1
1198 1199 1
1200 1199 1
1198 1200 1
1199 1200 1
750 1201 1
185 1202 1
773 1202 1
486 1203 1
502 1203 2
934 1203 1
1014 1203 1
1205 1204 1
1206 1204 1
1204 1205 1
1206 1205 1
1204 1206 1
1205 1206 1
31 1207 1
1208 1207 1
1209 1207 1
1210 1207 1
31 1208 1
1207 1208 1
1209 1208 1
1210 1208 1
31 1209 1
1207 1209 1
1208 1209 1
1210 1209 1
31 1210 1
1207 1210 1
1208 1210 1
1209 1210 1
275 1211 1
4 1212 2
355 1213 1
668 1213 1
355 1214 1
668 1214 1
1215 1214 1
355 1215 1
668 1215 1
1214 1215 1
92 1216 1
306 1217 1
803 1218 1
371 1219 1
525 1219 1
549 1219 1
5 1220 1
1221 1220 1
5 1221 1
1220 1221 1
62 1222 1
119 1222 1
589 1222 1
387 1223 1
805 1223 1
251 1224 2
380 1224 1
703 1224 1
1338 1224 1
1339 1224 1
1340 1224 1
629 1225 1
777 1226 1
1227 1226 1
777 1227 1
1226 1227 1
464 1228 1
605 1228 1
1229 1228 1
464 1229 1
605 1229 1
1228 1229 1
501 1230 1
1231 1230 1
501 1231 1
1230 1231 1
654 1232 1
398 1233 1
646 1233 1
1234 1233 1
398 1234 1
646 1234 1
1233 1234 1
268 1235 1
1156 1235 1
245 1236 1
306 1236 1
1237 1236 1
1238 1236 1
1239 1236 1
245 1237 1
306 1237 1
1236 1237 1
1238 1237 1
1239 1237 1
245 1238 1
306 1238 1
1236 1238 1
1237 1238 1
1239 1238 1
245 1239 1
306 1239 1
1236 1239 1
1237 1239 1
1238 1239 1
473 1240 1
81 1241 2
222 1241 1
281 1241 1
330 1241 1
674 1242 2
1243 1242 1
674 1243 1
1242 1243 1
163 1244 1
234 1244 1
308 1245 1
682 1245 1
310 1246 1
334 1246 1
384 1246 1
459 1247 1
472 1247 1
569 1247 1
10 1248 1
216 1249 1
217 1249 1
733 1250 1
1251 1250 1
1252 1250 1
1253 1250 1
733 1251 1
1250 1251 1
1252 1251 1
1253 1251 1
733 1252 1
1250 1252 1
1251 1252 1
1253 1252 1
733 1253 1
1250 1253 1
1251 1253 1
1252 1253 1
281 1254 1
164 1255 1
230 1255 1
1256 1255 1
164 1256 1
230 1256 1
1255 1256 1
737 1257 1
1258 1257 1
1259 1257 1
737 1258 1
1257 1258 1
1259 1258 1
737 1259 1
1257 1259 1
1258 1259 1
1261 1260 1
1260 1261 1
135 1262 2
239 1262 2
326 1263 1
397 1263 1
638 1263 1
824 1263 1
1264 1263 1
326 1264 1
397 1264 1
638 1264 1
824 1264 2
1263 1264 1
1301 1264 1
1302 1264 1
1194 1265 1
78 1266 1
438 1266 1
449 1266 1
748 1266 1
185 1267 1
415 1267 1
427 1267 1
100 1268 1
141 1268 1
613 1269 1
871 1269 1
1270 1269 1
613 1270 1
871 1270 1
1269 1270 1
1272 1271 1
1271 1272 1
228 1273 1
402 1273 1
1274 1273 1
228 1274 1
402 1274 1
1273 1274 1
448 1275 1
679 1275 1
130 1276 1
208 1276 1
324 1276 1
531 1276 1
606 1277 1
381 1278 1
20 1279 1
214 1279 1
1280 1279 1
1281 1279 1
1282 1279 1
1283 1279 1
20 1280 1
214 1280 1
1279 1280 1
1281 1280 1
1282 1280 1
1283 1280 1
20 1281 1
214 1281 1
1279 1281 1
1280 1281 1
1282 1281 1
1283 1281 1
20 1282 1
214 1282 1
1279 1282 1
1280 1282 1
1281 1282 1
1283 1282 1
20 1283 1
214 1283 1
1279 1283 1
1280 1283 1
1281 1283 1
1282 1283 1
1285 1284 1
1284 1285 1
341 1286 1
708 1286 1
467 1287 1
704 1287 1
833 1287 1
834 1287 1
1289 1288 1
1288 1289 1
22 1290 1
261 1290 1
403 1290 1
446 1291 1
1292 1291 1
446 1292 1
1291 1292 1
1294 1293 1
1295 1293 1
1293 1294 1
1295 1294 1
1293 1295 1
1294 1295 1
706 1296 1
77 1297 1
1154 1297 1
176 1298 1
683 1298 1
1299 1298 1
176 1299 1
683 1299 1
1298 1299 1
69 1300 1
413 1300 1
824 1301 1
1264 1301 1
1302 1301 1
824 1302 1
1264 1302 1
1301 1302 1
45 1303 1
46 1303 1
682 1304 1
1306 1305 1
1305 1306 1
7 1307 1
454 1307 1
1308 1307 1
7 1308 1
454 1308 1
1307 1308 1
121 1309 1
358 1310 1
365 1310 1
366 1310 1
460 1310 1
1311 1310 1
358 1311 1
365 1311 1
366 1311 1
460 1311 1
1310 1311 1
59 1312 1
327 1312 1
1313 1312 1
59 1313 1
327 1313 1
1312 1313 1
31 1314 1
705 1314 1
1315 1314 1
31 1315 1
705 1315 1
1314 1315 1
53 1316 1
318 1316 1
1194 1317 1
643 1318 1
1319 1318 1
643 1319 1
1318 1319 1
476 1320 1
490 1320 1
842 1320 1
920 1321 1
1322 1321 1
920 1322 1
1321 1322 1
143 1323 1
275 1323 1
430 1324 1
431 1324 1
744 1325 1
1326 1325 1
1327 1325 1
744 1326 1
1325 1326 1
1327 1326 1
744 1327 1
1325 1327 1
1326 1327 1
665 1328 1
1329 1328 1
1330 1328 1
1331 1328 1
665 1329 1
1328 1329 1
1330 1329 1
1331 1329 1
665 1330 1
1328 1330 1
1329 1330 1
1331 1330 1
665 1331 1
1328 1331 1
1329 1331 1
1330 1331 1
284 1332 1
55 1333 1
81 1333 1
126 1333 1
185 1334 2
272 1334 1
773 1334 1
1336 1335 1
1335 1336 1
63 1337 1
423 1337 1
251 1338 1
1224 1338 1
1339 1338 1
1340 1338 1
251 1339 1
1224 1339 1
1338 1339 1
1340 1339 1
251 1340 1
1224 1340 1
1338 1340 1
1339 1340 1
495 1341 1
1342 1341 1
495 1342 1
1341 1342 1
414 1343 1
711 1344 1
712 1344 1
847 1344 1
1345 1344 1
711 1345 1
712 1345 1
847 1345 1
1344 1345 1
700 1346 1
1347 1346 1
1348 1346 1
700 1347 1
1346 1347 1
1348 1347 1
700 1348 1
1346 1348 1
1347 1348 1
799 1349 1
1350 1349 1
799 1350 1
1349 1350 1
1352 1351 1
1353 1351 1
1354 1351 1
1355 1351 1
1356 1351 1
1351 1352 1
1353 1352 1
1354 1352 1
1355 1352 1
1356 1352 1
1351 1353 1
1352 1353 1
1354 1353 1
1355 1353 1
1356 1353 1
1351 1354 1
1352 1354 1
1353 1354 1
1355 1354 1
1356 1354 1
1351 1355 1
1352 1355 1
1353 1355 1
1354 1355 1
1356 1355 1
1351 1356 1
1352 1356 1
1353 1356 1
1354 1356 1
1355 1356 1
578 1357 1
579 1357 1
687 1358 1
709 1358 1
1359 1358 1
687 1359 1
709 1359 1
1358 1359 1
870 1360 1
1361 1360 1
870 1361 1
1360 1361 1
384 1362 1
865 1362 1
808 1363 1
317 1364 1
357 1364 1
377 1364 1
252 1365 1
693 1365 1
1366 1365 1
252 1366 1
693 1366 1
1365 1366 1
808 1367 1
910 1367 1
88 1368 1
89 1368 1
156 1368 1
820 1369 1
883 1370 1
884 1370 1
885 1370 1
902 1370 1
903 1370 1
1372 1371 1
1371 1372 1
347 1373 1
694 1373 1
437 1374 1
690 1374 1
691 1374 1
1375 1374 1
1376 1374 1
437 1375 1
690 1375 1
691 1375 1
1374 1375 1
1376 1375 1
437 1376 1
690 1376 1
691 1376 1
1374 1376 1
1375 1376 1
392 1377 1
201 1378 1
764 1378 1
861 1378 1
1379 1378 1
201 1379 1
764 1379 1
861 1379 1
1378 1379 1
18 1380 1
192 1380 1
328 1380 1
96 1381 1
441 1381 1
867 1381 1
185 1382 1
742 1382 1
494 1383 1
199 1384 1
368 1384 1
609 1384 1
293 1385 1
333 1385 1
576 1385 2
715 1385 1
1386 1385 1
1405 1385 1
293 1386 1
333 1386 1
576 1386 1
1385 1386 1
516 1387 1
517 1387 1
519 1387 1
639 1387 1
689 1387 1
718 1388 1
1389 1388 1
1390 1388 1
718 1389 1
1388 1389 1
1390 1389 1
718 1390 1
1388 1390 1
1389 1390 1
145 1391 1
890 1391 1
1392 1391 1
1393 1391 1
1394 1391 1
145 1392 1
890 1392 1
1391 1392 1
1393 1392 1
1394 1392 1
145 1393 1
890 1393 1
1391 1393 1
1392 1393 1
1394 1393 1
145 1394 1
890 1394 1
1391 1394 1
1392 1394 1
1393 1394 1
707 1395 1
1396 1395 1
707 1396 1
1395 1396 1
614 1397 1
776 1397 1
1398 1397 1
614 1398 1
776 1398 1
1397 1398 1
734 1399 1
1400 1399 1
734 1400 1
1399 1400 1
185 1401 1
272 1401 1
462 1402 1
465 1402 1
474 1402 1
1403 1402 1
1404 1402 1
462 1403 1
465 1403 1
474 1403 1
1402 1403 1
1404 1403 1
462 1404 1
465 1404 1
474 1404 1
1402 1404 1
1403 1404 1
576 1405 1
715 1405 1
1385 1405 1
559 1406 1
1407 1406 1
559 1407 1
1406 1407 1
35 1408 1
671 1408 1
823 1409 1
891 1409 1
190 1410 1
515 1410 1
925 1411 1
936 1411 1
881 1412 1
1 1413 1
1414 1413 1
1415 1413 1
1 1414 1
1413 1414 1
1415 1414 1
1 1415 1
1413 1415 1
1414 1415 1
439 1416 1
440 1416 1
727 1416 1
1417 1416 1
1418 1416 1
1419 1416 1
1420 1416 1
1421 1416 1
1422 1416 1
1423 1416 1
1424 1416 1
1425 1416 1
1426 1416 1
1427 1416 1
1428 1416 1
1429 1416 1
1430 1416 1
1431 1416 1
1432 1416 1
439 1417 1
440 1417 1
727 1417 1
1416 1417 1
1418 1417 1
1419 1417 1
1420 1417 1
1421 1417 1
1422 1417 1
1423 1417 1
1424 1417 1
1425 1417 1
1426 1417 1
1427 1417 1
1428 1417 1
1429 1417 1
1430 1417 1
1431 1417 1
1432 1417 1
439 1418 1
440 1418 1
727 1418 1
1416 1418 1
1417 1418 1
1419 1418 1
1420 1418 1
1421 1418 1
1422 1418 1
1423 1418 1
1424 1418 1
1425 1418 1
1426 1418 1
1427 1418 1
1428 1418 1
1429 1418 1
1430 1418 1
1431 1418 1
1432 1418 1
439 1419 1
440 1419 1
727 1419 1
1416 1419 1
1417 1419 1
1418 1419 1
1420 1419 1
1421 1419 1
1422 1419 1
1423 1419 1
1424 1419 1
1425 1419 1
1426 1419 1
1427 1419 1
1428 1419 1
1429 1419 1
1430 1419 1
1431 1419 1
1432 1419 1
439 1420 1
440 1420 1
727 1420 1
1416 1420 1
1417 1420 1
1418 1420 1
1419 1420 1
1421 1420 1
1422 1420 1
1423 1420 1
1424 1420 1
1425 1420 1
1426 1420 1
1427 1420 1
1428 1420 1
1429 1420 1
1430 1420 1
1431 1420 1
1432 1420 1
439 1421 1
440 1421 1
727 1421 1
1416 1421 1
1417 1421 1
1418 1421 1
1419 1421 1
1420 1421 1
1422 1421 1
1423 1421 1
1424 1421 1
1425 1421 1
1426 1421 1
1427 1421 1
1428 1421 1
1429 1421 1
1430 1421 1
1431 1421 1
1432 1421 1
439 1422 1
440 1422 1
727 1422 1
1416 1422 1
1417 1422 1
1418 1422 1
1419 1422 1
1420 1422 1
1421 1422 1
1423 1422 1
1424 1422 1
1425 1422 1
1426 1422 1
1427 1422 1
1428 1422 1
1429 1422 1
1430 1422 1
1431 1422 1
1432 1422 1
439 1423 1
440 1423 1
727 1423 1
1416 1423 1
1417 1423 1
1418 1423 1
1419 1423 1
1420 1423 1
1421 1423 1
1422 1423 1
1424 1423 1
1425 1423 1
1426 1423 1
1427 1423 1
1428 1423 1
1429 1423 1
1430 1423 1
1431 1423 1
1432 1423 1
439 1424 1
440 1424 1
727 1424 1
1416 1424 1
1417 1424 1
1418 1424 1
1419 1424 1
1420 1424 1
1421 1424 1
1422 1424 1
1423 1424 1
1425 1424 1
1426 1424 1
1427 1424 1
1428 1424 1
1429 1424 1
1430 1424 1
1431 1424 1
1432 1424 1
439 1425 1
440 1425 1
727 1425 1
1416 1425 1
1417 1425 1
1418 1425 1
1419 1425 1
1420 1425 1
1421 1425 1
1422 1425 1
1423 1425 1
1424 1425 1
1426 1425 1
1427 1425 1
1428 1425 1
1429 1425 1
1430 1425 1
1431 1425 1
1432 1425 1
439 1426 1
440 1426 1
727 1426 1
1416 1426 1
1417 1426 1
1418 1426 1
1419 1426 1
1420 1426 1
1421 1426 1
1422 1426 1
1423 1426 1
1424 1426 1
1425 1426 1
1427 1426 1
1428 1426 1
1429 1426 1
1430 1426 1
1431 1426 1
1432 1426 1
439 1427 1
440 1427 1
727 1427 1
1416 1427 1
1417 1427 1
1418 1427 1
1419 1427 1
1420 1427 1
1421 1427 1
1422 1427 1
1423 1427 1
1424 1427 1
1425 1427 1
1426 1427 1
1428 1427 1
1429 1427 1
1430 1427 1
1431 1427 1
1432 1427 1
439 1428 1
440 1428 1
727 1428 1
1416 1428 1
1417 1428 1
1418 1428 1
1419 1428 1
1420 1428 1
1421 1428 1
1422 1428 1
1423 1428 1
1424 1428 1
1425 1428 1
1426 1428 1
1427 1428 1
1429 1428 1
1430 1428 1
1431 1428 1
1432 1428 1
439 1429 1
440 1429 1
727 1429 1
1416 1429 1
1417 1429 1
1418 1429 1
1419 1429 1
1420 1429 1
1421 1429 1
1422 1429 1
1423 1429 1
1424 1429 1
1425 1429 1
1426 1429 1
1427 1429 1
1428 1429 1
1430 1429 1
1431 1429 1
1432 1429 1
439 1430 1
440 1430 1
727 1430 1
1416 1430 1
1417 1430 1
1418 1430 1
1419 1430 1
1420 1430 1
1421 1430 1
1422 1430 1
1423 1430 1
1424 1430 1
1425 1430 1
1426 1430 1
1427 1430 1
1428 1430 1
1429 1430 1
1431 1430 1
1432 1430 1
439 1431 1
440 1431 1
727 1431 1
1416 1431 1
1417 1431 1
1418 1431 1
1419 1431 1
1420 1431 1
1421 1431 1
1422 1431 1
1423 1431 1
1424 1431 1
1425 1431 1
1426 1431 1
1427 1431 1
1428 1431 1
1429 1431 1
1430 1431 1
1432 1431 1
439 1432 1
440 1432 1
727 1432 1
1416 1432 1
1417 1432 1
1418 1432 1
1419 1432 1
1420 1432 1
1421 1432 1
1422 1432 1
1423 1432 1
1424 1432 1
1425 1432 1
1426 1432 1
1427 1432 1
1428 1432 1
1429 1432 1
1430 1432 1
1431 1432 1
1434 1433 1
1433 1434 1
818 1435 1
8 1436 1
1437 1436 1
1438 1436 1
8 1437 1
1436 1437 1
1438 1437 1
8 1438 1
1436 1438 1
1437 1438 1
67 1439 1
79 1439 1
80 1439 1
698 1440 1
728 1440 1
1442 1441 1
1441 1442 1
858 1443 1
692 1444 1
791 1444 1
451 1445 1
494 1445 1
545 1446 1
684 1446 1
1447 1446 1
545 1447 1
684 1447 1
1446 1447 1
831 1448 1
1449 1448 1
1450 1448 1
831 1449 1
1448 1449 1
1450 1449 1
831 1450 1
1448 1450 1
1449 1450 1
184 1451 1
185 1451 1
383 1451 1
469 1451 1
1452 1451 1
1453 1451 1
1454 1451 1
383 1452 1
1451 1452 1
1453 1452 1
1454 1452 1
383 1453 1
1451 1453 1
1452 1453 1
1454 1453 1
383 1454 1
1451 1454 1
1452 1454 1
1453 1454 1
81 1455 1
131 1455 1
154 1455 1
335 1455 1
