66 1 1
313 1 1
93 2 1
603 2 1
1167 3 1
1168 3 1
518 4 1
10 5 1
790 5 1
1477 5 1
738 6 1
751 6 1
915 6 1
56 7 2
148 7 1
185 7 2
186 7 1
194 7 2
415 8 1
444 8 1
480 8 1
11 9 1
20 9 3
106 9 1
140 9 1
376 9 1
378 9 1
571 9 3
983 9 1
1195 9 1
1208 9 2
5 10 1
790 10 1
1477 10 1
9 11 1
20 11 2
62 11 1
106 11 1
297 11 1
571 11 1
1195 11 1
13 12 1
225 12 1
12 13 1
225 13 1
72 14 1
1129 14 1
232 15 1
178 16 1
40 17 1
53 17 1
1000 17 1
65 18 1
369 18 1
464 18 1
614 18 1
1050 18 1
40 19 1
103 19 1
283 19 1
9 20 3
11 20 2
62 20 2
106 20 2
226 20 1
297 20 1
378 20 1
426 20 1
571 20 1
595 20 1
658 20 1
983 20 1
1195 20 1
1208 20 1
1561 20 1
168 21 1
441 22 1
622 22 1
1263 23 1
578 24 2
249 25 1
250 25 1
1569 25 1
1570 25 1
908 26 1
1169 26 1
95 27 1
165 27 1
424 27 1
704 27 1
1016 27 1
390 28 1
429 28 1
571 28 1
579 28 1
723 28 1
1090 28 2
1091 28 1
1092 28 2
1093 28 1
292 29 1
162 30 1
1535 30 1
1536 30 1
1537 30 1
528 31 1
339 32 1
400 33 1
589 33 1
852 33 1
995 33 1
1083 33 1
1209 33 1
388 34 2
391 34 2
605 34 1
667 34 1
422 35 1
250 36 1
491 36 1
44 37 1
119 37 1
119 38 1
276 39 1
17 40 1
19 40 1
53 40 1
103 40 1
283 40 1
1000 40 1
1423 41 1
191 42 1
239 42 1
241 42 1
442 42 1
984 42 1
175 43 1
37 44 1
119 44 1
615 44 1
46 45 1
57 45 1
195 45 1
221 45 1
236 45 2
604 45 2
45 46 1
236 46 1
604 46 1
855 47 1
69 48 1
632 48 1
1067 49 1
728 50 1
757 50 1
209 51 1
568 51 1
666 51 1
310 52 1
361 52 1
465 52 1
495 52 1
734 52 1
948 52 1
949 52 1
17 53 1
40 53 1
1000 53 1
1005 53 1
138 54 1
140 55 2
170 55 1
189 55 1
335 55 2
438 55 1
499 55 2
1288 55 1
7 56 2
148 56 1
185 56 2
186 56 1
194 56 2
45 57 1
195 57 1
221 57 1
236 57 1
430 57 1
536 57 1
604 57 1
240 58 1
439 58 1
488 58 1
1558 59 1
1559 59 1
251 60 1
285 60 1
299 60 1
356 60 1
1058 60 2
1232 60 1
223 61 1
224 61 1
11 62 1
20 62 2
244 62 2
297 62 1
378 62 1
1503 63 1
1148 64 1
18 65 1
243 65 1
502 65 1
614 65 1
1 66 1
313 66 1
91 67 1
632 68 1
48 69 1
632 69 1
364 70 1
921 71 1
942 71 1
14 72 1
1129 72 1
124 73 1
302 73 1
636 73 1
637 73 1
931 73 1
1041 73 1
247 74 1
555 74 1
556 74 2
754 74 1
924 74 1
964 74 1
1075 74 1
1199 74 2
1389 74 1
1411 74 1
1522 75 1
910 76 2
1212 76 1
1213 76 1
257 77 1
893 78 1
1234 79 1
1235 79 1
122 80 1
84 81 1
247 81 1
520 81 1
1242 81 1
84 82 1
1243 82 1
517 83 1
81 84 1
82 84 1
1241 84 1
1242 84 1
1243 84 1
88 85 1
1440 85 1
397 86 1
586 86 1
596 86 1
105 87 1
913 87 1
925 87 1
85 88 1
1440 88 1
409 89 1
432 90 1
862 90 1
1150 90 1
67 91 1
633 92 1
2 93 1
603 93 1
607 93 1
639 93 1
813 94 1
1062 94 1
27 95 1
165 95 1
311 95 1
376 95 1
377 95 1
460 95 1
672 95 1
1075 95 1
367 96 1
529 97 1
628 98 1
942 98 1
1161 98 4
1162 98 2
1163 98 1
113 99 1
359 99 1
489 99 1
508 99 1
1015 100 1
157 101 1
158 101 1
159 101 1
215 101 1
340 101 1
458 101 1
747 101 1
928 101 1
929 101 2
951 101 1
1071 101 1
1273 101 1
1274 101 1
105 102 1
944 102 1
19 103 1
40 103 1
283 103 1
403 104 1
446 104 1
492 104 2
530 104 1
536 104 1
660 104 3
682 104 1
1317 104 1
87 105 1
102 105 1
913 105 1
925 105 1
944 105 1
1469 105 1
9 106 1
11 106 1
20 106 2
226 106 1
571 106 1
1195 106 1
643 107 1
371 108 1
393 108 1
1330 108 1
488 109 1
767 109 1
1352 109 1
1353 109 1
149 110 1
452 110 1
409 111 1
580 111 1
891 111 1
452 112 1
486 112 1
99 113 1
359 113 1
489 113 1
508 113 1
385 114 1
264 115 1
1008 116 1
679 117 1
760 117 1
288 118 1
561 118 1
37 119 1
38 119 1
44 119 1
376 120 1
544 120 1
584 120 1
631 121 1
80 122 1
1453 122 1
1421 123 1
1422 123 1
73 124 1
303 124 1
304 124 1
305 124 1
306 124 1
636 124 1
637 124 1
1509 124 1
254 125 1
692 125 1
784 125 1
144 126 1
675 126 1
376 127 1
420 127 1
409 128 1
781 129 1
782 129 1
169 130 1
142 131 1
147 131 1
175 131 1
203 131 1
220 131 1
314 131 2
563 131 1
827 131 2
920 131 1
1436 131 1
1546 131 3
142 132 1
360 133 1
746 133 1
1465 133 1
232 134 1
153 135 1
918 135 1
939 135 1
1032 135 1
1325 136 1
1368 136 1
542 137 1
54 138 1
966 139 1
9 140 1
55 140 2
335 140 1
376 140 1
378 140 1
499 140 1
533 140 1
571 140 1
1288 140 1
445 141 1
131 142 1
132 142 1
220 142 1
1001 143 1
1343 143 1
126 144 1
169 144 2
354 144 2
675 144 1
1031 145 1
197 146 1
261 146 1
268 146 1
315 146 1
316 146 1
479 146 1
561 146 1
1038 146 1
131 147 1
827 147 2
7 148 1
56 148 1
185 148 1
194 148 1
110 149 1
430 149 1
452 149 1
511 149 1
523 149 1
174 150 2
673 150 1
1345 151 1
228 152 2
135 153 1
155 154 1
376 154 3
601 154 1
991 154 1
1197 154 1
154 155 1
866 156 1
1354 156 1
1355 156 1
1356 156 1
101 157 1
158 157 1
159 157 1
215 157 1
1071 157 1
101 158 1
157 158 1
159 158 1
215 158 1
1071 158 1
101 159 1
157 159 1
158 159 1
215 159 1
1071 159 1
785 160 1
789 160 1
1508 160 1
245 161 1
30 162 1
1535 162 1
1536 162 1
1537 162 1
420 163 1
558 164 1
27 165 1
95 165 1
228 165 1
500 166 1
796 166 1
801 166 1
1575 166 1
582 167 1
1028 167 1
1244 167 1
21 168 1
130 169 1
144 169 2
354 169 2
55 170 1
335 170 1
374 170 2
499 170 1
1205 170 1
546 171 1
773 171 1
1170 171 1
384 172 1
830 172 1
912 173 1
150 174 2
673 174 1
43 175 1
131 175 1
203 175 1
183 176 1
286 176 1
618 176 1
1334 176 1
1417 176 1
395 177 1
627 177 1
16 178 1
1132 179 1
298 180 3
927 181 1
1251 181 1
1320 182 1
176 183 1
1334 183 1
216 184 1
787 184 1
799 184 1
1530 184 1
1531 184 1
7 185 2
56 185 2
148 185 1
186 185 1
194 185 2
7 186 1
56 186 1
185 186 1
194 186 1
1225 187 1
1518 188 1
55 189 1
290 190 1
488 190 1
42 191 1
241 191 1
984 191 1
1145 192 1
1146 192 1
1147 192 1
405 193 1
410 193 1
669 193 1
724 193 1
740 193 2
1245 193 1
7 194 2
56 194 2
148 194 1
185 194 2
186 194 1
45 195 1
57 195 1
221 195 1
236 195 1
604 195 1
357 196 1
1138 196 1
146 197 1
1142 198 1
1323 198 1
230 199 1
850 199 1
214 200 1
793 200 1
1166 200 1
674 201 1
1414 201 1
242 202 1
1189 202 1
131 203 1
175 203 1
261 204 1
1196 204 1
753 205 1
947 205 1
838 206 1
1505 206 1
1506 206 1
243 207 1
353 207 1
519 207 1
747 207 1
1055 207 1
1273 207 1
1517 207 1
753 208 1
916 208 1
965 208 1
1268 208 1
1269 208 1
51 209 1
568 209 1
666 209 1
1455 209 1
624 210 1
869 210 1
876 210 1
259 211 2
578 211 1
660 211 1
872 211 1
999 211 1
447 212 1
901 212 1
926 212 1
1278 212 1
829 213 1
200 214 1
793 214 1
1166 214 1
101 215 1
157 215 1
158 215 1
159 215 1
752 215 1
1071 215 1
1289 215 1
184 216 1
377 217 1
578 217 1
590 217 1
871 217 1
1366 217 1
621 218 1
1486 219 1
131 220 1
142 220 1
569 220 1
962 220 2
45 221 1
57 221 1
195 221 1
236 221 1
604 221 1
811 221 1
1528 221 1
481 222 1
61 223 1
224 223 1
61 224 1
223 224 1
12 225 1
13 225 1
20 226 1
106 226 1
758 227 1
1236 227 1
152 228 2
165 228 1
707 229 1
199 230 1
850 230 1
1467 230 1
1480 230 1
962 231 1
1256 231 1
15 232 1
134 232 1
361 232 1
379 233 1
394 233 1
413 233 1
632 233 1
653 233 1
334 234 2
686 235 1
45 236 2
46 236 1
57 236 1
195 236 1
221 236 1
604 236 2
1012 237 1
728 238 1
888 238 1
1210 238 1
42 239 1
442 239 1
58 240 1
439 240 1
488 240 1
42 241 1
191 241 1
543 241 1
984 241 1
1025 241 1
1445 241 2
1446 241 1
1447 241 1
1448 241 1
1449 241 1
1450 241 1
1451 241 1
1452 241 1
202 242 1
1189 242 1
65 243 1
207 243 1
353 243 1
502 243 1
1055 243 1
1172 243 1
62 244 2
885 244 1
1466 244 1
161 245 1
246 245 1
245 246 1
74 247 1
81 247 1
520 247 1
1200 247 1
1549 247 1
568 248 1
25 249 1
250 249 1
1569 249 1
1570 249 1
25 250 1
36 250 1
249 250 1
491 250 1
1569 250 1
1570 250 1
60 251 1
299 251 1
1058 251 1
253 252 1
485 252 1
932 252 1
1287 252 1
252 253 1
485 253 1
125 254 1
597 254 1
692 254 1
784 254 1
821 254 1
678 255 1
740 255 1
431 256 1
471 256 1
508 256 1
549 256 1
77 257 1
333 257 1
712 257 1
528 258 1
846 258 1
921 258 2
211 259 2
872 259 1
873 259 1
273 260 1
274 260 1
146 261 1
204 261 1
268 261 1
561 261 1
863 262 1
865 262 2
324 263 1
115 264 1
287 264 1
341 265 1
1264 265 1
1265 265 1
1266 265 1
1267 265 1
568 266 1
1102 266 1
1106 266 1
317 267 1
1141 267 1
146 268 1
261 268 1
561 268 1
291 269 1
347 269 1
358 270 1
1013 270 1
1035 270 1
1036 270 2
1123 270 1
1124 270 1
1495 270 1
1496 270 1
272 271 1
273 271 1
274 271 1
271 272 1
273 272 1
274 272 1
260 273 1
271 273 1
272 273 1
274 273 2
260 274 1
271 274 1
272 274 1
273 274 2
843 274 2
870 274 1
871 274 1
1204 275 1
39 276 1
343 277 1
355 278 1
1246 278 1
1247 278 1
344 279 2
312 280 1
373 281 1
1107 281 1
635 282 1
1002 282 1
19 283 1
40 283 1
103 283 1
635 284 1
859 284 1
1063 284 1
60 285 1
1232 285 1
176 286 1
721 286 1
818 286 2
819 286 2
1417 286 1
264 287 1
118 288 1
561 288 1
453 289 1
618 289 1
190 290 1
488 290 1
269 291 1
347 291 1
29 292 1
476 292 1
868 292 1
874 293 1
295 294 2
997 294 2
294 295 2
997 295 2
297 296 2
318 296 2
319 296 1
920 296 1
1069 296 1
1201 296 1
1202 296 1
1333 296 2
11 297 1
20 297 1
62 297 1
296 297 2
890 297 1
1333 297 2
180 298 3
741 298 1
988 298 1
60 299 1
251 299 1
1058 299 1
302 300 2
323 300 1
548 300 2
569 300 1
1024 300 4
1281 300 1
1543 300 1
684 301 1
73 302 1
300 302 2
323 302 1
362 302 1
931 302 1
1041 302 2
1281 302 1
1543 302 1
124 303 1
304 303 2
305 303 2
306 303 2
321 303 1
613 303 2
797 303 1
800 303 1
1509 303 1
124 304 1
303 304 2
305 304 2
306 304 1
321 304 1
797 304 1
1509 304 1
124 305 1
303 305 2
304 305 2
306 305 1
321 305 1
797 305 1
1509 305 1
124 306 1
303 306 2
304 306 1
305 306 1
689 306 1
979 306 1
1468 306 1
1509 306 1
308 307 3
307 308 3
546 309 1
662 309 1
52 310 1
361 310 1
465 310 1
495 310 1
734 310 1
948 310 1
949 310 1
95 311 1
409 311 1
460 311 1
575 311 1
892 311 1
1075 311 2
280 312 1
1 313 1
66 313 1
131 314 2
146 315 1
461 315 1
479 315 1
507 315 1
702 315 1
1038 315 1
1097 315 1
1564 315 1
146 316 1
795 316 1
267 317 1
1141 317 1
296 318 2
319 318 2
1069 318 1
296 319 1
318 319 2
1069 319 1
505 320 1
506 320 1
622 320 1
670 320 1
1290 320 1
303 321 1
304 321 1
305 321 1
797 321 1
535 322 1
300 323 1
302 323 1
1543 323 1
263 324 1
557 324 3
664 324 1
915 324 2
1198 324 1
1479 324 1
417 325 1
969 325 1
1126 325 1
372 326 1
727 326 1
328 327 2
329 327 1
327 328 2
329 328 2
327 329 1
328 329 2
365 330 1
410 331 1
929 331 1
1369 331 1
385 332 1
629 332 1
257 333 1
712 333 1
234 334 2
820 334 1
55 335 2
140 335 1
170 335 1
499 335 2
1288 335 1
349 336 1
365 336 1
691 336 1
697 336 1
808 336 1
894 337 1
993 337 1
577 338 1
32 339 1
101 340 1
458 340 1
747 340 1
1273 340 1
1274 340 1
265 341 1
1264 341 1
1265 341 1
1266 341 1
1267 341 1
1338 342 1
277 343 1
279 344 2
720 345 1
1113 345 1
961 346 1
1152 346 1
1153 346 2
1173 346 1
1174 346 1
1175 346 1
1176 346 1
269 347 1
291 347 1
1060 348 1
336 349 1
358 349 1
376 349 1
396 349 1
694 349 1
697 349 1
729 349 1
1057 349 1
1316 349 1
1335 349 1
1336 349 1
557 350 1
780 350 1
1079 350 1
1080 350 1
1081 350 1
1397 350 1
836 351 1
1156 351 1
1157 351 1
1576 351 1
1577 351 1
1578 351 1
504 352 1
559 352 1
851 352 1
207 353 1
243 353 1
1055 353 1
144 354 2
169 354 2
541 354 1
768 354 1
769 354 1
278 355 1
1246 355 2
1247 355 2
60 356 1
1058 356 1
196 357 1
270 358 1
349 358 1
398 358 1
514 358 1
545 358 1
578 358 1
904 358 1
1013 358 1
1036 358 1
1120 358 1
1121 358 2
1122 358 1
1123 358 1
1124 358 1
1125 358 1
99 359 1
113 359 1
489 359 2
508 359 1
534 359 1
133 360 1
746 360 1
927 360 1
1040 360 1
52 361 1
232 361 1
310 361 1
465 361 1
495 361 1
734 361 1
948 361 1
949 361 1
302 362 1
1041 362 1
375 363 1
418 363 1
427 363 1
70 364 1
330 365 1
336 365 1
691 365 1
808 365 1
911 366 3
1103 366 1
1546 366 2
96 367 1
473 367 1
420 368 1
18 369 1
464 369 1
433 370 1
108 371 1
393 371 1
1330 371 1
326 372 1
727 372 1
281 373 1
1107 373 1
170 374 2
1205 374 1
363 375 1
418 375 1
427 375 1
750 375 1
807 375 1
810 375 1
1271 375 1
9 376 1
95 376 1
120 376 1
127 376 1
140 376 1
154 376 3
349 376 1
377 376 1
378 376 2
390 376 1
396 376 2
420 376 6
501 376 1
544 376 1
571 376 1
584 376 2
601 376 1
729 376 1
983 376 1
991 376 1
1193 376 1
1195 376 1
1197 376 1
95 377 1
217 377 1
376 377 1
578 377 1
590 377 1
871 377 1
1366 377 1
9 378 1
20 378 1
62 378 1
140 378 1
376 378 2
420 378 1
501 378 1
571 378 1
1516 378 1
233 379 1
394 379 1
413 379 1
632 379 1
653 379 1
1116 380 1
1117 380 2
1118 380 1
664 381 1
468 382 1
708 383 1
1104 383 1
1131 383 1
172 384 1
114 385 1
332 385 1
629 385 1
488 386 1
1387 386 1
722 387 1
723 387 1
34 388 2
391 388 2
605 388 1
667 388 1
390 389 1
996 389 1
1042 389 2
28 390 1
376 390 1
389 390 1
579 390 1
996 390 1
1521 390 1
34 391 2
388 391 2
605 391 1
667 391 1
1492 391 1
609 392 1
770 392 1
848 392 1
108 393 1
371 393 1
1330 393 1
233 394 1
379 394 1
413 394 1
632 394 1
653 394 1
177 395 1
627 395 1
349 396 1
376 396 2
420 396 1
522 396 1
584 396 1
729 396 1
86 397 1
586 397 1
596 397 1
358 398 1
514 398 2
1136 398 1
1429 399 1
33 400 1
443 400 1
460 400 1
589 400 1
858 400 1
896 400 1
1065 400 1
1083 400 1
1119 400 1
402 401 3
403 401 3
883 401 1
401 402 3
403 402 3
411 402 1
594 402 1
640 402 1
735 402 1
736 402 2
883 402 3
1076 402 1
1077 402 1
1078 402 2
1227 402 1
104 403 1
401 403 3
402 403 3
492 403 2
660 403 1
883 403 1
543 404 1
1441 404 1
193 405 1
410 405 1
669 405 1
724 405 1
1039 406 1
562 407 1
620 407 1
1466 407 1
1572 407 1
1573 407 1
462 408 1
1291 408 1
1292 408 1
1293 408 1
89 409 1
111 409 1
128 409 1
311 409 1
580 409 2
701 409 1
703 409 1
891 409 3
892 409 1
1086 409 1
193 410 1
331 410 1
405 410 1
669 410 3
724 410 1
756 410 1
402 411 1
567 411 1
594 411 1
608 411 1
699 411 1
705 411 1
735 411 1
736 411 1
764 411 1
765 411 1
946 411 1
1076 411 1
1077 411 1
1078 411 1
1363 411 1
498 412 1
538 412 2
560 412 4
570 412 1
663 412 4
1060 412 1
1411 412 1
233 413 1
379 413 1
394 413 1
632 413 1
653 413 1
1258 414 1
8 415 1
444 415 1
480 415 1
482 415 1
489 415 1
482 416 1
489 416 1
325 417 1
969 417 1
1126 417 1
363 418 1
375 418 1
427 418 1
497 419 1
786 419 1
127 420 1
163 420 1
368 420 1
376 420 6
378 420 1
396 420 1
501 420 3
533 420 1
584 420 2
589 420 1
695 420 1
862 420 1
981 420 1
983 420 1
1282 420 1
488 421 1
1375 421 1
1376 421 1
35 422 1
505 422 1
633 422 1
1114 422 1
1501 422 1
1502 422 1
783 423 1
1490 423 1
27 424 1
533 424 2
921 424 1
1206 424 1
658 425 1
20 426 1
460 426 1
501 426 1
661 426 1
677 426 1
921 426 1
983 426 2
1195 426 1
1302 426 1
1305 426 2
1306 426 1
1494 426 1
363 427 1
375 427 1
418 427 1
1029 428 1
28 429 1
580 429 1
723 429 1
891 429 1
921 429 1
1092 429 1
57 430 1
149 430 1
511 430 1
523 430 1
256 431 1
471 431 1
508 431 1
549 431 1
572 431 1
1228 431 1
1229 431 1
90 432 1
862 432 1
1150 432 1
370 433 1
1018 434 2
1084 435 1
926 436 1
1032 436 1
1137 436 1
656 437 1
1011 437 1
55 438 1
58 439 1
240 439 1
488 439 1
887 439 1
1488 439 1
1072 440 1
1073 440 1
22 441 1
622 441 1
42 442 1
239 442 1
400 443 1
460 443 1
8 444 1
415 444 1
480 444 1
141 445 1
104 446 1
212 447 1
901 447 1
1278 447 1
1527 448 1
1361 449 1
580 450 1
494 451 1
110 452 1
112 452 1
149 452 1
486 452 1
289 453 1
680 454 2
1083 454 1
1154 454 1
457 455 2
779 455 1
814 455 1
1155 455 1
687 456 3
688 456 2
908 456 1
1169 456 1
1171 456 1
1560 456 1
455 457 2
527 457 1
779 457 1
814 457 1
854 457 1
1155 457 1
101 458 1
340 458 1
747 458 1
1273 458 1
1274 458 1
676 459 1
990 459 1
95 460 1
311 460 1
400 460 1
426 460 1
443 460 1
501 460 1
677 460 1
1075 460 1
1299 460 1
315 461 1
702 461 1
1564 461 1
408 462 1
1291 462 1
1292 462 1
1293 462 1
664 463 1
747 463 1
796 463 1
1327 463 1
1520 463 1
18 464 1
369 464 1
52 465 1
310 465 1
361 465 1
495 465 4
734 465 1
948 465 1
949 465 1
467 466 2
474 466 2
481 466 1
566 466 2
638 466 1
1230 466 1
1231 466 1
466 467 2
474 467 3
481 467 1
526 467 1
566 467 2
1230 467 1
1231 467 1
382 468 1
477 468 1
500 468 1
513 468 1
574 468 1
1324 468 1
1435 468 1
693 469 1
610 470 1
256 471 1
431 471 1
508 471 1
549 471 1
654 472 1
367 473 1
656 473 2
942 473 1
956 473 1
466 474 2
467 474 3
481 474 1
566 474 2
716 474 1
719 474 1
1230 474 1
1231 474 1
1341 474 1
1513 474 1
1514 474 1
1515 474 1
1534 474 1
842 475 1
292 476 1
868 476 1
468 477 1
574 477 1
1435 477 1
1491 478 1
146 479 1
315 479 1
1038 479 1
8 480 1
415 480 1
444 480 1
222 481 1
466 481 1
467 481 1
474 481 1
566 481 1
1230 481 1
1231 481 1
415 482 1
416 482 1
489 482 2
664 483 1
740 483 1
748 483 1
573 484 2
879 484 1
906 484 1
917 484 1
252 485 1
253 485 1
112 486 1
452 486 1
626 487 1
684 487 1
1500 487 1
58 488 1
109 488 1
190 488 1
240 488 1
290 488 1
386 488 1
421 488 1
439 488 1
564 488 1
568 488 1
592 488 3
761 488 2
762 488 1
980 488 1
1375 488 1
1376 488 1
1387 488 1
99 489 1
113 489 1
359 489 2
415 489 1
416 489 1
482 489 2
508 489 1
534 489 1
539 489 1
551 489 1
1331 489 1
1407 489 1
763 490 1
36 491 1
250 491 1
572 491 1
641 491 1
104 492 2
403 492 2
530 492 1
660 492 2
682 492 1
494 493 1
1270 493 1
451 494 1
493 494 1
650 494 1
775 494 1
900 494 1
1270 494 1
1497 494 1
52 495 1
310 495 1
361 495 1
465 495 4
530 495 1
734 495 1
792 495 2
948 495 1
949 495 1
1199 495 1
845 496 1
419 497 1
786 497 1
412 498 1
528 498 1
55 499 2
140 499 1
170 499 1
335 499 2
1288 499 1
166 500 1
468 500 1
796 500 1
801 500 1
1324 500 1
1575 500 1
376 501 1
378 501 1
420 501 3
426 501 1
460 501 1
677 501 1
1282 501 1
65 502 1
243 502 1
1064 503 1
352 504 1
559 504 1
1350 504 1
320 505 1
422 505 1
633 505 1
1290 505 1
320 506 1
622 506 1
670 506 1
315 507 1
1097 507 1
99 508 1
113 508 1
256 508 1
359 508 1
431 508 1
471 508 1
489 508 1
549 508 1
1047 509 1
1048 509 1
1461 510 1
149 511 1
430 511 1
523 511 1
1344 512 1
468 513 1
358 514 1
398 514 2
1136 514 1
531 515 1
1151 516 1
83 517 1
4 518 1
681 518 1
207 519 1
542 519 1
554 519 1
645 519 2
714 519 1
747 519 1
1273 519 1
1346 519 1
1347 519 1
1517 519 1
81 520 1
247 520 1
758 521 1
803 521 1
396 522 1
149 523 1
430 523 1
511 523 1
1510 524 1
1511 524 1
1512 524 1
1333 525 1
467 526 1
457 527 1
854 527 1
31 528 1
258 528 1
498 528 1
921 528 1
1382 528 1
97 529 1
104 530 1
492 530 1
495 530 1
660 530 1
682 530 1
1199 530 1
515 531 1
533 532 1
140 533 1
420 533 1
424 533 2
532 533 1
587 533 1
589 533 4
616 533 1
921 533 1
982 533 1
1094 533 1
1160 533 1
1206 533 1
1409 533 1
1410 533 1
1552 533 1
1553 533 1
359 534 1
489 534 1
322 535 1
1007 535 1
1096 535 1
1297 535 1
57 536 1
104 536 1
1362 537 1
412 538 2
663 538 2
489 539 1
599 539 1
606 539 1
1533 539 1
1260 540 1
1261 540 1
354 541 1
768 541 1
769 541 1
137 542 1
519 542 1
554 542 1
645 542 1
241 543 1
404 543 1
576 543 1
1252 543 1
1253 543 1
1441 543 1
120 544 1
376 544 1
584 544 1
358 545 1
694 545 1
171 546 1
309 546 1
662 546 1
591 547 1
1066 547 1
300 548 2
569 548 1
1024 548 2
256 549 1
431 549 1
471 549 1
508 549 1
806 549 1
1357 549 1
581 550 1
585 550 1
660 550 1
739 550 1
924 550 1
1051 550 1
489 551 1
568 552 1
1286 552 1
554 553 1
804 553 1
1182 553 1
1568 553 1
519 554 1
542 554 1
553 554 1
645 554 1
1245 554 1
74 555 1
556 555 1
1199 555 1
1365 555 1
74 556 2
555 556 1
1074 556 1
1199 556 1
324 557 3
350 557 1
780 557 1
915 557 1
1026 557 1
1198 557 2
1397 557 1
164 558 1
352 559 1
504 559 1
975 559 1
412 560 4
663 560 3
1478 560 1
118 561 1
146 561 1
261 561 1
268 561 1
288 561 1
407 562 1
620 562 1
131 563 1
578 563 1
827 563 1
904 563 1
920 563 1
921 563 1
488 564 1
743 565 1
466 566 2
467 566 2
474 566 2
481 566 1
1230 566 1
1231 566 1
1341 566 1
411 567 1
51 568 1
209 568 1
248 568 1
266 568 1
488 568 1
552 568 1
1106 568 1
1286 568 1
220 569 1
300 569 1
548 569 1
962 569 1
1024 569 1
412 570 1
9 571 3
11 571 1
20 571 1
28 571 1
106 571 1
140 571 1
376 571 1
378 571 1
1090 571 1
1091 571 1
1195 571 1
1208 571 1
431 572 1
491 572 1
641 572 1
1228 572 1
1229 572 1
484 573 2
880 573 1
882 573 1
883 573 1
468 574 1
477 574 1
1435 574 1
311 575 1
1075 575 1
543 576 1
1252 576 1
1253 576 1
338 577 1
24 578 2
211 578 1
217 578 1
358 578 1
377 578 1
563 578 1
590 578 1
671 578 1
839 578 1
840 578 2
871 578 2
904 578 3
905 578 1
1120 578 1
1121 578 1
1122 578 1
1366 578 1
28 579 1
390 579 1
111 580 1
409 580 2
429 580 1
450 580 1
891 580 3
1395 580 1
1521 580 1
1550 580 1
550 581 1
585 581 1
660 581 2
739 581 1
999 581 1
1051 581 2
1194 581 1
167 582 1
1028 582 1
1244 582 1
600 583 1
120 584 1
376 584 2
396 584 1
420 584 2
544 584 1
647 584 1
648 584 1
695 584 1
550 585 1
581 585 1
660 585 1
739 585 1
1051 585 1
86 586 1
397 586 1
596 586 1
533 587 1
616 587 1
1552 587 1
1553 587 1
982 588 1
983 588 1
33 589 1
400 589 1
420 589 1
533 589 4
982 589 1
1083 589 1
1094 589 1
1469 589 1
1523 589 1
1524 589 1
217 590 1
377 590 1
578 590 1
871 590 1
1366 590 1
547 591 1
1066 591 1
1551 591 1
488 592 3
761 592 2
762 592 1
783 593 1
1571 593 1
402 594 1
411 594 1
735 594 1
736 594 1
1076 594 1
1077 594 1
1078 594 1
1130 594 1
20 595 1
1499 595 1
86 596 1
397 596 1
586 596 1
254 597 1
821 597 1
696 598 1
1567 598 1
539 599 1
606 599 1
1533 599 1
583 600 1
154 601 1
376 601 1
657 602 1
2 603 1
93 603 1
45 604 2
46 604 1
57 604 1
195 604 1
221 604 1
236 604 2
34 605 1
388 605 1
391 605 1
539 606 1
599 606 1
1533 606 1
93 607 1
639 607 1
411 608 1
392 609 1
770 609 1
791 609 1
470 610 1
612 611 1
1456 611 1
611 612 1
1456 612 1
303 613 2
798 613 1
800 613 1
18 614 1
65 614 1
44 615 1
533 616 1
587 616 1
1552 616 1
1553 616 1
684 617 1
176 618 1
289 618 1
644 618 1
740 618 1
1233 619 1
407 620 1
562 620 1
218 621 1
22 622 1
320 622 1
441 622 1
506 622 1
670 622 1
1348 623 1
210 624 1
684 625 1
487 626 1
684 626 1
1500 626 1
177 627 1
395 627 1
98 628 1
1161 628 1
1177 628 1
1178 628 1
332 629 1
385 629 1
631 630 1
1482 630 1
121 631 1
630 631 1
1482 631 1
48 632 1
68 632 1
69 632 1
233 632 1
379 632 1
394 632 1
413 632 1
653 632 1
92 633 1
422 633 1
505 633 1
686 634 1
1314 634 1
282 635 1
284 635 1
859 635 1
895 635 1
1002 635 2
1063 635 1
73 636 1
124 636 1
637 636 2
683 636 1
938 636 1
1529 636 1
73 637 1
124 637 1
636 637 2
683 637 1
1529 637 1
466 638 1
93 639 1
607 639 1
402 640 1
883 640 1
1078 640 1
1227 640 1
491 641 1
572 641 1
656 642 1
964 642 1
1049 642 1
107 643 1
618 644 1
740 644 1
937 644 1
967 644 1
519 645 2
542 645 1
554 645 1
724 645 1
726 645 1
1207 645 1
1547 646 1
584 647 1
648 647 1
866 647 1
962 647 1
1003 647 1
1217 647 1
1473 647 1
584 648 1
647 648 1
1034 648 1
1525 648 1
1526 648 1
1044 649 1
494 650 1
1497 650 1
654 651 1
1053 651 1
1100 651 1
1101 651 1
653 652 1
654 652 1
974 652 1
233 653 1
379 653 1
394 653 1
413 653 1
632 653 1
652 653 1
654 653 1
974 653 1
472 654 1
651 654 1
652 654 1
653 654 1
794 654 1
939 654 1
950 654 1
973 654 2
974 654 1
1032 654 1
1051 654 2
1053 654 1
1100 654 1
1101 654 1
1272 654 1
1279 654 1
1280 654 1
1359 654 1
1360 654 1
1398 654 1
1403 654 1
1415 655 1
437 656 1
473 656 2
642 656 1
964 656 1
1010 656 1
1011 656 1
602 657 1
20 658 1
425 658 1
1332 658 1
711 659 1
104 660 3
211 660 1
403 660 1
492 660 2
530 660 1
550 660 1
581 660 2
585 660 1
682 660 2
739 660 1
999 660 2
1051 660 2
1194 660 1
1321 660 1
1322 660 1
426 661 1
1302 661 1
309 662 1
546 662 1
412 663 4
538 663 2
560 663 3
324 664 1
381 664 1
463 664 1
483 664 1
740 664 1
747 664 1
748 664 1
796 664 1
1520 664 1
733 665 1
1393 665 1
51 666 1
209 666 1
34 667 1
388 667 1
391 667 1
740 668 1
193 669 1
405 669 1
410 669 3
724 669 1
756 669 1
320 670 1
506 670 1
622 670 1
578 671 1
95 672 1
1390 672 2
1391 672 1
1472 672 1
150 673 1
174 673 1
201 674 1
1414 674 1
126 675 1
144 675 1
459 676 1
897 676 3
990 676 1
1070 676 1
426 677 1
460 677 1
501 677 1
255 678 1
740 678 1
117 679 1
454 680 2
1083 680 1
1154 680 1
518 681 1
104 682 1
492 682 1
530 682 1
660 682 2
684 682 1
1382 682 1
636 683 1
637 683 1
859 683 1
1529 683 1
301 684 1
487 684 1
617 684 1
625 684 1
626 684 1
682 684 1
1382 684 1
1500 684 1
1545 685 1
235 686 1
634 686 1
1314 686 1
456 687 3
688 687 2
1560 687 1
456 688 2
687 688 2
306 689 1
979 689 1
1468 689 1
1040 690 1
1326 690 1
336 691 1
365 691 1
808 691 1
125 692 1
254 692 1
784 692 1
469 693 1
349 694 1
545 694 1
1276 694 1
420 695 1
584 695 1
598 696 1
1567 696 1
336 697 1
349 697 1
788 698 1
411 699 1
794 700 2
409 701 1
315 702 1
461 702 1
1564 702 1
409 703 1
27 704 1
1016 704 2
411 705 1
1363 705 1
1493 706 1
229 707 1
383 708 1
1131 708 1
710 709 1
1457 709 1
709 710 1
1457 710 1
659 711 1
257 712 1
333 712 1
985 712 1
989 712 1
1434 712 1
787 713 1
788 713 1
970 713 1
519 714 1
1346 714 1
1347 714 1
717 715 1
1539 715 1
474 716 1
1534 716 1
715 717 1
1539 717 1
1298 718 1
474 719 1
1513 719 1
1514 719 1
1515 719 1
345 720 1
1113 720 1
286 721 1
818 721 1
819 721 1
387 722 1
28 723 1
387 723 1
429 723 1
1092 723 1
193 724 1
405 724 1
410 724 1
645 724 1
669 724 1
726 724 1
1207 724 1
1285 725 1
645 726 1
724 726 1
743 726 1
1207 726 1
1378 726 1
326 727 1
372 727 1
50 728 1
238 728 1
757 728 1
888 728 1
1210 728 1
349 729 1
376 729 1
396 729 1
1283 730 1
857 731 1
1532 732 1
665 733 1
1393 733 1
52 734 1
310 734 1
361 734 1
465 734 1
495 734 1
948 734 1
949 734 1
402 735 1
411 735 1
594 735 1
736 735 1
1076 735 1
1077 735 1
1078 735 1
1408 735 2
402 736 2
411 736 1
594 736 1
735 736 1
883 736 1
1076 736 1
1077 736 1
1078 736 1
1085 736 1
751 737 1
6 738 1
751 738 1
766 738 1
915 738 2
550 739 1
581 739 1
585 739 1
660 739 1
1051 739 1
193 740 2
255 740 1
483 740 1
618 740 1
644 740 1
664 740 1
668 740 1
678 740 1
748 740 1
1019 740 1
1037 740 1
1245 740 2
298 741 1
988 741 1
929 742 2
1437 742 1
1438 742 2
565 743 1
726 743 1
1378 743 1
998 744 1
1259 745 1
133 746 1
360 746 1
101 747 1
207 747 1
340 747 1
458 747 1
463 747 1
519 747 1
664 747 1
796 747 1
1273 747 2
1274 747 1
1275 747 1
1517 747 1
1520 747 1
483 748 1
664 748 1
740 748 1
759 749 1
1339 749 1
1340 749 1
375 750 1
807 750 1
810 750 1
1271 750 1
6 751 1
737 751 1
738 751 1
915 751 3
215 752 1
1289 752 1
205 753 1
208 753 1
916 753 1
74 754 1
1313 755 1
410 756 1
669 756 1
50 757 1
728 757 1
227 758 1
521 758 1
803 758 1
884 758 1
1236 758 1
749 759 1
1339 759 1
1340 759 1
117 760 1
914 760 1
1259 760 1
488 761 2
592 761 2
762 761 1
488 762 1
592 762 1
761 762 1
490 763 1
411 764 1
765 764 1
411 765 1
764 765 1
738 766 1
915 766 1
109 767 1
354 768 1
541 768 1
769 768 1
354 769 1
541 769 1
768 769 1
392 770 1
609 770 1
772 771 1
1087 771 1
771 772 1
1087 772 1
171 773 1
1464 774 1
494 775 1
900 775 1
778 776 1
1095 777 1
1096 777 1
776 778 1
455 779 1
457 779 1
814 779 1
350 780 1
557 780 1
1397 780 1
129 781 1
782 781 1
129 782 1
781 782 1
423 783 1
593 783 1
1490 783 1
1571 783 1
125 784 1
254 784 1
692 784 1
160 785 1
789 785 1
1508 785 1
419 786 1
497 786 1
184 787 1
713 787 1
788 787 1
799 787 1
970 787 1
1530 787 1
1531 787 1
698 788 1
713 788 1
787 788 1
970 788 1
160 789 1
785 789 1
1508 789 1
5 790 1
10 790 1
1477 790 1
609 791 1
495 792 2
200 793 1
214 793 1
1166 793 1
654 794 1
700 794 2
1272 794 1
316 795 1
166 796 1
463 796 1
500 796 1
664 796 1
747 796 1
801 796 1
1520 796 1
1575 796 1
303 797 1
304 797 1
305 797 1
321 797 1
613 798 1
184 799 1
787 799 1
1530 799 1
1531 799 1
303 800 1
613 800 1
166 801 1
500 801 1
796 801 1
1575 801 1
817 802 1
1540 802 1
1541 802 1
521 803 1
758 803 1
553 804 1
1181 804 1
1182 804 2
1568 804 1
1009 805 3
549 806 1
1357 806 1
375 807 1
750 807 1
810 807 1
1271 807 1
336 808 1
365 808 1
691 808 1
883 809 1
375 810 1
750 810 1
807 810 1
1271 810 1
221 811 1
1528 811 1
1574 812 1
94 813 1
455 814 1
457 814 1
779 814 1
816 815 1
815 816 1
802 817 1
1540 817 1
1541 817 1
286 818 2
721 818 1
819 818 2
286 819 2
721 819 1
818 819 2
334 820 1
254 821 1
597 821 1
826 822 1
833 823 1
1158 824 1
1159 824 1
1033 825 1
822 826 1
1420 826 1
131 827 2
147 827 2
563 827 1
920 827 1
831 828 1
886 828 2
971 828 1
213 829 1
172 830 1
828 831 1
886 831 1
1166 832 1
823 833 1
835 834 1
834 835 1
351 836 1
1156 836 1
1157 836 1
1576 836 1
1577 836 1
1578 836 1
856 837 1
864 837 1
865 837 1
867 837 1
206 838 1
578 839 1
840 839 1
1487 839 1
578 840 2
839 840 1
1433 840 1
959 841 1
1489 841 1
475 842 1
274 843 2
870 843 1
871 843 1
860 844 1
930 844 1
496 845 1
258 846 1
849 846 1
921 846 1
1284 846 1
1348 846 1
889 847 1
934 847 1
955 847 1
1105 847 1
392 848 1
846 849 1
199 850 1
230 850 1
352 851 1
33 852 1
853 852 1
859 852 1
995 852 1
1209 852 1
852 853 1
859 853 1
876 853 1
1467 853 1
1481 853 1
457 854 1
527 854 1
47 855 1
837 856 1
864 856 1
865 856 1
867 856 1
731 857 1
400 858 1
859 858 1
896 858 1
1041 858 1
1119 858 1
1262 858 1
1394 858 1
284 859 1
635 859 1
683 859 1
852 859 1
853 859 1
858 859 1
896 859 2
1063 859 1
1119 859 1
1358 859 1
1394 859 1
844 860 1
861 860 1
930 860 1
860 861 1
875 861 1
962 861 1
90 862 1
420 862 1
432 862 1
1150 862 1
262 863 1
865 863 2
837 864 1
856 864 1
865 864 1
867 864 1
262 865 2
837 865 1
856 865 1
863 865 2
864 865 1
867 865 1
156 866 1
647 866 1
911 866 1
953 866 1
999 866 1
1303 866 1
1354 866 1
1355 866 1
1356 866 1
837 867 1
856 867 1
864 867 1
865 867 1
292 868 1
476 868 1
210 869 1
876 869 1
274 870 1
843 870 1
871 870 1
217 871 1
274 871 1
377 871 1
578 871 2
590 871 1
843 871 1
870 871 1
1366 871 1
211 872 1
259 872 1
259 873 1
293 874 1
861 875 1
210 876 1
853 876 1
869 876 1
1467 876 1
1082 877 1
1088 878 1
1089 878 2
484 879 1
906 879 1
573 880 1
881 880 1
882 880 1
883 880 1
880 881 1
573 882 1
880 882 1
883 882 1
401 883 1
402 883 3
403 883 1
573 883 1
640 883 1
736 883 1
809 883 1
880 883 1
882 883 1
1078 883 1
1227 883 1
758 884 1
244 885 1
1466 885 1
1550 885 1
1562 885 1
828 886 2
831 886 1
971 886 1
439 887 1
238 888 1
728 888 1
1210 888 1
847 889 1
934 889 1
955 889 1
1105 889 1
297 890 1
111 891 1
409 891 3
429 891 1
580 891 3
1092 891 1
1351 891 1
311 892 1
409 892 1
78 893 1
337 894 1
993 894 1
635 895 1
1002 895 1
400 896 1
858 896 1
859 896 2
1065 896 1
1119 896 2
1358 896 1
1394 896 1
676 897 3
901 897 1
907 897 1
952 897 1
953 897 1
1070 897 1
899 898 1
958 898 1
898 899 1
958 899 2
494 900 1
775 900 1
212 901 1
447 901 1
897 901 1
907 901 1
1278 901 1
1014 902 1
1294 903 1
1498 903 1
358 904 1
563 904 1
578 904 3
905 904 1
1120 904 1
1121 904 1
1122 904 1
578 905 1
904 905 1
484 906 1
879 906 1
897 907 1
901 907 1
26 908 1
456 908 1
1169 908 1
1171 908 1
1364 909 1
76 910 2
1212 910 1
1213 910 1
1507 910 1
366 911 3
866 911 1
1020 911 1
173 912 1
87 913 1
105 913 1
925 913 1
760 914 1
1259 914 1
6 915 1
324 915 2
557 915 1
738 915 2
751 915 3
766 915 1
1198 915 1
1220 915 1
1221 915 1
1222 915 1
208 916 1
753 916 1
484 917 1
135 918 1
1032 918 1
922 919 2
994 919 1
1045 919 1
1183 919 1
131 920 1
296 920 1
563 920 1
827 920 1
992 920 1
1201 920 1
1202 920 1
1307 920 1
71 921 1
258 921 2
424 921 1
426 921 1
429 921 1
528 921 1
533 921 1
563 921 1
846 921 1
992 921 1
1305 921 1
1494 921 1
919 922 2
1045 922 1
1164 923 1
1165 923 1
74 924 1
550 924 1
991 924 1
1022 924 1
1075 924 1
1199 924 1
87 925 1
105 925 1
913 925 1
212 926 1
436 926 1
962 926 1
963 926 2
1032 926 1
1137 926 1
1143 926 1
1277 926 1
1396 926 1
181 927 1
360 927 1
1251 927 1
1549 927 1
101 928 1
929 928 1
951 928 1
101 929 2
331 929 1
742 929 2
928 929 1
951 929 1
1437 929 2
1438 929 3
844 930 1
860 930 1
73 931 1
302 931 1
1041 931 1
252 932 1
933 932 1
1184 932 1
1287 932 1
932 933 1
1184 933 1
847 934 1
889 934 1
955 934 1
1105 934 1
936 935 1
935 936 1
644 937 1
967 937 1
636 938 1
135 939 1
654 939 1
1023 940 1
962 941 1
71 942 1
98 942 1
473 942 1
943 942 1
1161 942 1
1162 942 1
1226 942 1
1348 942 1
942 943 1
102 944 1
105 944 1
1295 945 1
1296 945 1
411 946 1
205 947 1
52 948 1
310 948 1
361 948 1
465 948 1
495 948 1
734 948 1
949 948 1
52 949 1
310 949 1
361 949 1
465 949 1
495 949 1
734 949 1
948 949 1
654 950 1
101 951 1
928 951 1
929 951 1
897 952 1
953 952 1
866 953 1
897 953 1
952 953 1
954 953 1
999 953 1
1045 953 1
1203 953 1
1303 953 1
953 954 1
1045 954 1
847 955 1
889 955 1
934 955 1
1105 955 1
473 956 1
1388 957 1
898 958 1
899 958 2
841 959 1
1489 959 1
1404 960 1
346 961 1
1153 961 1
1173 961 1
1174 961 1
1175 961 1
1176 961 1
220 962 2
231 962 1
569 962 1
647 962 1
861 962 1
926 962 1
941 962 1
963 962 1
972 962 1
1040 962 1
1256 962 1
1257 962 1
1544 962 1
926 963 2
962 963 1
1143 963 1
74 964 1
642 964 1
656 964 1
1370 964 1
1371 964 1
1372 964 1
1411 964 1
208 965 1
1268 965 1
1269 965 1
139 966 1
644 967 1
937 967 1
1454 968 1
325 969 1
417 969 1
1054 969 1
1059 969 1
1126 969 1
713 970 1
787 970 1
788 970 1
828 971 1
886 971 1
962 972 1
654 973 2
1051 973 1
1279 973 1
1280 973 1
1403 973 1
652 974 1
653 974 1
654 974 1
559 975 1
977 976 1
1556 976 1
1557 976 1
976 977 1
1556 977 1
1557 977 1
1114 978 1
1115 978 1
306 979 1
689 979 1
1144 979 2
1468 979 1
488 980 1
420 981 1
1377 981 1
533 982 1
588 982 1
589 982 1
983 982 1
1094 982 1
9 983 1
20 983 1
376 983 1
420 983 1
426 983 2
588 983 1
982 983 1
1305 983 1
1306 983 1
42 984 1
191 984 1
241 984 1
712 985 1
989 985 1
1169 986 1
1328 987 1
1329 987 1
298 988 1
741 988 1
712 989 1
985 989 1
459 990 1
676 990 1
154 991 1
376 991 1
924 991 1
1337 991 1
920 992 1
921 992 1
1307 992 1
337 993 1
894 993 1
919 994 1
1183 994 1
33 995 1
852 995 1
1209 995 1
389 996 1
390 996 1
294 997 2
295 997 2
744 998 1
211 999 1
581 999 1
660 999 2
866 999 1
953 999 1
1051 999 1
1194 999 1
1303 999 1
17 1000 1
40 1000 1
53 1000 1
143 1001 1
1343 1001 1
282 1002 1
635 1002 2
895 1002 1
647 1003 1
1473 1003 1
1458 1004 1
53 1005 1
1299 1005 1
1424 1005 1
1341 1006 1
1342 1006 1
535 1007 1
1096 1007 1
1297 1007 1
116 1008 1
805 1009 3
656 1010 1
437 1011 1
656 1011 1
237 1012 1
270 1013 1
358 1013 1
1036 1013 1
1123 1013 1
1124 1013 1
902 1014 1
100 1015 1
1366 1015 1
1367 1015 1
27 1016 1
704 1016 2
1017 1016 1
1016 1017 1
434 1018 2
740 1019 1
1037 1019 1
1245 1019 1
911 1020 1
1022 1021 1
924 1022 1
1021 1022 1
940 1023 1
1428 1023 1
300 1024 4
548 1024 2
569 1024 1
1401 1024 1
1402 1024 1
241 1025 1
557 1026 1
1198 1026 1
1149 1027 2
1444 1027 1
167 1028 1
582 1028 1
1244 1028 1
428 1029 1
1460 1030 1
145 1031 1
135 1032 1
436 1032 1
654 1032 1
918 1032 1
926 1032 1
1068 1032 1
1137 1032 1
1416 1032 1
825 1033 1
1052 1033 1
648 1034 1
1504 1034 1
1525 1034 1
1526 1034 1
270 1035 1
1036 1035 1
1495 1035 1
1496 1035 1
270 1036 2
358 1036 1
1013 1036 1
1035 1036 1
1123 1036 1
1124 1036 1
1495 1036 1
1496 1036 1
740 1037 1
1019 1037 1
1245 1037 1
146 1038 1
315 1038 1
479 1038 1
406 1039 1
360 1040 1
690 1040 1
962 1040 1
1326 1040 1
73 1041 1
302 1041 2
362 1041 1
858 1041 1
931 1041 1
1262 1041 1
389 1042 2
1563 1043 1
649 1044 1
919 1045 1
922 1045 1
953 1045 1
954 1045 1
1538 1046 1
509 1047 1
1048 1047 1
509 1048 1
1047 1048 1
642 1049 1
18 1050 1
550 1051 1
581 1051 2
585 1051 1
654 1051 2
660 1051 2
739 1051 1
973 1051 1
999 1051 1
1194 1051 1
1359 1051 1
1360 1051 1
1403 1051 1
1033 1052 1
651 1053 1
654 1053 1
1100 1053 1
1101 1053 1
969 1054 1
1059 1054 1
207 1055 1
243 1055 1
353 1055 1
1542 1056 1
349 1057 1
60 1058 2
251 1058 1
299 1058 1
356 1058 1
969 1059 1
1054 1059 1
348 1060 1
412 1060 1
1211 1061 1
94 1062 1
284 1063 1
635 1063 1
859 1063 1
503 1064 1
400 1065 1
896 1065 1
1119 1065 1
547 1066 1
591 1066 1
49 1067 1
1032 1068 1
296 1069 1
318 1069 1
319 1069 1
676 1070 1
897 1070 1
101 1071 1
157 1071 1
158 1071 1
159 1071 1
215 1071 1
440 1072 1
440 1073 1
556 1074 1
74 1075 1
95 1075 1
311 1075 2
460 1075 1
575 1075 1
924 1075 1
1199 1075 1
402 1076 1
411 1076 1
594 1076 1
735 1076 1
736 1076 1
1077 1076 1
1078 1076 1
402 1077 1
411 1077 1
594 1077 1
735 1077 1
736 1077 1
1076 1077 1
1078 1077 1
402 1078 2
411 1078 1
594 1078 1
640 1078 1
735 1078 1
736 1078 1
883 1078 1
1076 1078 1
1077 1078 1
1227 1078 1
350 1079 1
1080 1079 1
1081 1079 1
350 1080 1
1079 1080 1
1081 1080 1
350 1081 1
1079 1081 1
1080 1081 1
877 1082 1
33 1083 1
400 1083 1
454 1083 1
589 1083 1
680 1083 1
435 1084 1
736 1085 1
409 1086 1
771 1087 1
772 1087 1
878 1088 1
1089 1088 1
878 1089 2
1088 1089 1
28 1090 2
571 1090 1
1091 1090 1
1092 1090 1
1093 1090 1
28 1091 1
571 1091 1
1090 1091 1
28 1092 2
429 1092 1
723 1092 1
891 1092 1
1090 1092 1
1093 1092 1
1351 1092 1
28 1093 1
1090 1093 1
1092 1093 1
533 1094 1
589 1094 1
982 1094 1
777 1095 1
1096 1095 1
535 1096 1
777 1096 1
1007 1096 1
1095 1096 1
1297 1096 1
315 1097 1
507 1097 1
1099 1098 1
1098 1099 1
651 1100 1
654 1100 1
1053 1100 1
1101 1100 1
651 1101 1
654 1101 1
1053 1101 1
1100 1101 1
266 1102 1
366 1103 1
383 1104 1
847 1105 1
889 1105 1
934 1105 1
955 1105 1
266 1106 1
568 1106 1
281 1107 1
373 1107 1
1109 1108 1
1110 1108 1
1108 1109 1
1110 1109 1
1108 1110 1
1109 1110 1
1112 1111 1
1111 1112 1
345 1113 1
720 1113 1
422 1114 1
978 1114 1
1115 1114 1
978 1115 1
1114 1115 1
380 1116 1
1117 1116 1
380 1117 2
1116 1117 1
1118 1117 1
380 1118 1
1117 1118 1
400 1119 1
858 1119 1
859 1119 1
896 1119 2
1065 1119 1
1394 1119 1
358 1120 1
578 1120 1
904 1120 1
1121 1120 1
1122 1120 1
358 1121 2
578 1121 1
904 1121 1
1120 1121 1
1122 1121 1
1125 1121 1
358 1122 1
578 1122 1
904 1122 1
1120 1122 1
1121 1122 1
270 1123 1
358 1123 1
1013 1123 1
1036 1123 1
1124 1123 1
270 1124 1
358 1124 1
1013 1124 1
1036 1124 1
1123 1124 1
358 1125 1
1121 1125 1
325 1126 1
417 1126 1
969 1126 1
1128 1127 1
1127 1128 1
14 1129 1
72 1129 1
594 1130 1
383 1131 1
708 1131 1
179 1132 1
1134 1133 1
1135 1133 1
1133 1134 1
1135 1134 1
1133 1135 1
1134 1135 1
1223 1135 1
1224 1135 1
398 1136 1
514 1136 1
436 1137 1
926 1137 1
1032 1137 1
196 1138 1
1140 1139 1
1139 1140 1
267 1141 1
317 1141 1
198 1142 1
926 1143 1
963 1143 1
979 1144 2
192 1145 1
192 1146 1
1147 1146 1
192 1147 1
1146 1147 1
64 1148 1
1027 1149 2
1444 1149 1
90 1150 1
432 1150 1
862 1150 1
516 1151 1
346 1152 1
1153 1152 1
346 1153 2
961 1153 1
1152 1153 1
1173 1153 1
1174 1153 1
1175 1153 1
1176 1153 1
454 1154 1
680 1154 1
455 1155 1
457 1155 1
351 1156 1
836 1156 1
1157 1156 1
1576 1156 1
1577 1156 1
1578 1156 1
351 1157 1
836 1157 1
1156 1157 1
1576 1157 1
1577 1157 1
1578 1157 1
824 1158 1
1159 1158 1
824 1159 1
1158 1159 1
533 1160 1
98 1161 4
628 1161 1
942 1161 1
1162 1161 3
1163 1161 2
1315 1161 1
98 1162 2
942 1162 1
1161 1162 3
98 1163 1
1161 1163 2
1315 1163 1
923 1164 1
1165 1164 1
923 1165 1
1164 1165 1
200 1166 1
214 1166 1
793 1166 1
832 1166 1
3 1167 1
1168 1167 1
3 1168 1
1167 1168 1
26 1169 1
456 1169 1
908 1169 1
986 1169 1
171 1170 1
456 1171 1
908 1171 1
243 1172 1
346 1173 1
961 1173 1
1153 1173 1
1174 1173 1
1175 1173 1
1176 1173 1
346 1174 1
961 1174 1
1153 1174 1
1173 1174 1
1175 1174 1
1176 1174 1
346 1175 1
961 1175 1
1153 1175 1
1173 1175 1
1174 1175 1
1176 1175 1
346 1176 1
961 1176 1
1153 1176 1
1173 1176 1
1174 1176 1
1175 1176 1
628 1177 1
1178 1177 1
628 1178 1
1177 1178 1
1392 1178 1
1180 1179 1
1179 1180 1
804 1181 1
1182 1181 1
553 1182 1
804 1182 2
1181 1182 1
1568 1182 1
919 1183 1
994 1183 1
932 1184 1
933 1184 1
1186 1185 1
1187 1185 1
1188 1185 1
1185 1186 1
1187 1186 1
1188 1186 1
1185 1187 1
1186 1187 1
1188 1187 1
1185 1188 1
1186 1188 1
1187 1188 1
202 1189 1
242 1189 1
1191 1190 1
1192 1190 1
1190 1191 1
1192 1191 1
1190 1192 1
1191 1192 1
376 1193 1
581 1194 1
660 1194 1
999 1194 1
1051 1194 1
9 1195 1
11 1195 1
20 1195 1
106 1195 1
376 1195 1
426 1195 1
571 1195 1
204 1196 1
154 1197 1
376 1197 1
324 1198 1
557 1198 2
915 1198 1
1026 1198 1
74 1199 2
495 1199 1
530 1199 1
555 1199 1
556 1199 1
924 1199 1
1075 1199 1
247 1200 1
296 1201 1
920 1201 1
1202 1201 1
296 1202 1
920 1202 1
1201 1202 1
953 1203 1
275 1204 1
170 1205 1
374 1205 1
424 1206 1
533 1206 1
645 1207 1
724 1207 1
726 1207 1
9 1208 2
20 1208 1
571 1208 1
33 1209 1
852 1209 1
995 1209 1
238 1210 1
728 1210 1
888 1210 1
1061 1211 1
76 1212 1
910 1212 1
1213 1212 1
76 1213 1
910 1213 1
1212 1213 1
1217 1213 2
1476 1213 1
1554 1213 1
1215 1214 1
1216 1214 1
1214 1215 1
1216 1215 1
1214 1216 1
1215 1216 1
647 1217 1
1213 1217 2
1554 1217 1
1219 1218 1
1218 1219 1
915 1220 1
1221 1220 1
1222 1220 1
915 1221 1
1220 1221 1
1222 1221 1
915 1222 1
1220 1222 1
1221 1222 1
1135 1223 1
1224 1223 1
1135 1224 1
1223 1224 1
187 1225 1
942 1226 1
402 1227 1
640 1227 1
883 1227 1
1078 1227 1
431 1228 1
572 1228 1
1229 1228 1
431 1229 1
572 1229 1
1228 1229 1
466 1230 1
467 1230 1
474 1230 1
481 1230 1
566 1230 1
1231 1230 1
466 1231 1
467 1231 1
474 1231 1
481 1231 1
566 1231 1
1230 1231 1
60 1232 1
285 1232 1
619 1233 1
79 1234 1
1235 1234 1
79 1235 1
1234 1235 1
227 1236 1
758 1236 1
1238 1237 1
1237 1238 1
1240 1239 1
1239 1240 1
84 1241 1
81 1242 1
84 1242 1
82 1243 1
84 1243 1
167 1244 1
582 1244 1
1028 1244 1
193 1245 1
554 1245 1
740 1245 2
1019 1245 1
1037 1245 1
278 1246 1
355 1246 2
1247 1246 2
278 1247 1
355 1247 2
1246 1247 2
1249 1248 1
1250 1248 1
1248 1249 1
1250 1249 1
1248 1250 1
1249 1250 1
181 1251 1
927 1251 1
543 1252 1
576 1252 1
1253 1252 1
543 1253 1
576 1253 1
1252 1253 1
1255 1254 1
1254 1255 1
231 1256 1
962 1256 1
962 1257 1
414 1258 1
745 1259 1
760 1259 1
914 1259 1
540 1260 1
1261 1260 1
540 1261 1
1260 1261 1
858 1262 1
1041 1262 1
23 1263 1
265 1264 1
341 1264 1
1265 1264 1
1266 1264 1
1267 1264 1
265 1265 1
341 1265 1
1264 1265 1
1266 1265 1
1267 1265 1
265 1266 1
341 1266 1
1264 1266 1
1265 1266 1
1267 1266 1
265 1267 1
341 1267 1
1264 1267 1
1265 1267 1
1266 1267 1
208 1268 1
965 1268 1
1269 1268 1
208 1269 1
965 1269 1
1268 1269 1
493 1270 1
494 1270 1
375 1271 1
750 1271 1
807 1271 1
810 1271 1
654 1272 1
794 1272 1
101 1273 1
207 1273 1
340 1273 1
458 1273 1
519 1273 1
747 1273 2
1274 1273 1
1517 1273 1
101 1274 1
340 1274 1
458 1274 1
747 1274 1
1273 1274 1
747 1275 1
694 1276 1
926 1277 1
212 1278 1
447 1278 1
901 1278 1
654 1279 1
973 1279 1
1280 1279 1
654 1280 1
973 1280 1
1279 1280 1
300 1281 1
302 1281 1
420 1282 1
501 1282 1
730 1283 1
846 1284 1
725 1285 1
552 1286 1
568 1286 1
252 1287 1
932 1287 1
55 1288 1
140 1288 1
335 1288 1
499 1288 1
215 1289 1
752 1289 1
320 1290 1
505 1290 1
408 1291 1
462 1291 1
1292 1291 1
1293 1291 1
408 1292 1
462 1292 1
1291 1292 1
1293 1292 1
408 1293 1
462 1293 1
1291 1293 1
1292 1293 1
903 1294 1
945 1295 1
1296 1295 1
945 1296 1
1295 1296 1
535 1297 1
1007 1297 1
1096 1297 1
718 1298 1
460 1299 1
1005 1299 1
1424 1299 1
1301 1300 1
1565 1300 1
1566 1300 1
1300 1301 1
426 1302 1
661 1302 1
866 1303 1
953 1303 1
999 1303 1
1304 1303 1
1303 1304 1
426 1305 2
921 1305 1
983 1305 1
1306 1305 1
1307 1305 1
1494 1305 1
426 1306 1
983 1306 1
1305 1306 1
920 1307 1
992 1307 1
1305 1307 1
1439 1307 1
1519 1307 1
1309 1308 1
1308 1309 1
1311 1310 1
1312 1310 1
1310 1311 1
1312 1311 1
1310 1312 1
1311 1312 1
755 1313 1
634 1314 1
686 1314 1
1161 1315 1
1163 1315 1
349 1316 1
104 1317 1
1319 1318 1
1318 1319 1
182 1320 1
660 1321 1
1322 1321 1
660 1322 1
1321 1322 1
198 1323 1
468 1324 1
500 1324 1
136 1325 1
690 1326 1
1040 1326 1
1411 1326 1
463 1327 1
987 1328 1
1329 1328 1
987 1329 1
1328 1329 1
108 1330 1
371 1330 1
393 1330 1
489 1331 1
658 1332 1
296 1333 2
297 1333 2
525 1333 1
176 1334 1
183 1334 1
349 1335 1
1336 1335 1
349 1336 1
1335 1336 1
991 1337 1
342 1338 1
749 1339 1
759 1339 1
1340 1339 1
749 1340 1
759 1340 1
1339 1340 1
474 1341 1
566 1341 1
1006 1341 1
1342 1341 1
1006 1342 1
1341 1342 1
143 1343 1
1001 1343 1
512 1344 1
151 1345 1
519 1346 1
714 1346 1
1347 1346 1
519 1347 1
714 1347 1
1346 1347 1
623 1348 1
846 1348 1
942 1348 1
1349 1348 1
1348 1349 1
504 1350 1
891 1351 1
1092 1351 1
109 1352 1
1353 1352 1
109 1353 1
1352 1353 1
156 1354 1
866 1354 1
1355 1354 1
1356 1354 1
156 1355 1
866 1355 1
1354 1355 1
1356 1355 1
156 1356 1
866 1356 1
1354 1356 1
1355 1356 1
549 1357 1
806 1357 1
859 1358 1
896 1358 1
654 1359 1
1051 1359 1
1360 1359 1
654 1360 1
1051 1360 1
1359 1360 1
449 1361 1
537 1362 1
411 1363 1
705 1363 1
909 1364 1
555 1365 1
217 1366 1
377 1366 1
578 1366 1
590 1366 1
871 1366 1
1015 1366 1
1367 1366 1
1015 1367 1
1366 1367 1
136 1368 1
331 1369 1
964 1370 1
964 1371 1
1372 1371 1
964 1372 1
1371 1372 1
1374 1373 1
1373 1374 1
421 1375 1
488 1375 1
1376 1375 1
421 1376 1
488 1376 1
1375 1376 1
981 1377 1
726 1378 1
743 1378 1
1380 1379 1
1381 1379 1
1379 1380 1
1381 1380 1
1379 1381 1
1380 1381 1
528 1382 1
682 1382 1
684 1382 1
1384 1383 1
1383 1384 1
1386 1385 1
1385 1386 1
386 1387 1
488 1387 1
957 1388 1
74 1389 1
672 1390 2
1391 1390 1
1472 1390 1
672 1391 1
1390 1391 1
1178 1392 1
665 1393 1
733 1393 1
858 1394 1
859 1394 1
896 1394 1
1119 1394 1
580 1395 1
926 1396 1
350 1397 1
557 1397 1
780 1397 1
654 1398 1
1400 1399 1
1399 1400 1
1024 1401 1
1402 1401 1
1024 1402 1
1401 1402 1
654 1403 1
973 1403 1
1051 1403 1
960 1404 1
1406 1405 1
1405 1406 1
489 1407 1
735 1408 2
533 1409 1
1410 1409 1
533 1410 1
1409 1410 1
74 1411 1
412 1411 1
964 1411 1
1326 1411 1
1413 1412 1
1412 1413 1
201 1414 1
674 1414 1
655 1415 1
1032 1416 1
176 1417 1
286 1417 1
1419 1418 1
1418 1419 1
826 1420 1
123 1421 1
1422 1421 1
123 1422 1
1421 1422 1
41 1423 1
1005 1424 1
1299 1424 1
1426 1425 1
1427 1425 1
1425 1426 1
1427 1426 1
1425 1427 1
1426 1427 1
1023 1428 1
399 1429 1
1431 1430 1
1432 1430 1
1430 1431 1
1432 1431 1
1430 1432 1
1431 1432 1
840 1433 1
712 1434 1
468 1435 1
477 1435 1
574 1435 1
131 1436 1
742 1437 1
929 1437 2
1438 1437 2
742 1438 2
929 1438 3
1437 1438 2
1307 1439 1
1519 1439 1
85 1440 1
88 1440 1
404 1441 1
543 1441 1
1443 1442 1
1442 1443 1
1027 1444 1
1149 1444 1
241 1445 2
1446 1445 1
1447 1445 1
1448 1445 1
1449 1445 1
1450 1445 1
1451 1445 1
1452 1445 1
241 1446 1
1445 1446 1
1447 1446 1
1448 1446 1
1449 1446 1
1450 1446 1
1451 1446 1
1452 1446 1
241 1447 1
1445 1447 1
1446 1447 1
1448 1447 1
1449 1447 1
1450 1447 1
1451 1447 1
1452 1447 1
241 1448 1
1445 1448 1
1446 1448 1
1447 1448 1
1449 1448 1
1450 1448 1
1451 1448 1
1452 1448 1
241 1449 1
1445 1449 1
1446 1449 1
1447 1449 1
1448 1449 1
1450 1449 1
1451 1449 1
1452 1449 1
241 1450 1
1445 1450 1
1446 1450 1
1447 1450 1
1448 1450 1
1449 1450 1
1451 1450 1
1452 1450 1
241 1451 1
1445 1451 1
1446 1451 1
1447 1451 1
1448 1451 1
1449 1451 1
1450 1451 1
1452 1451 1
241 1452 1
1445 1452 1
1446 1452 1
1447 1452 1
1448 1452 1
1449 1452 1
1450 1452 1
1451 1452 1
122 1453 1
968 1454 1
209 1455 1
611 1456 1
612 1456 1
709 1457 1
710 1457 1
1004 1458 1
1548 1459 1
1030 1460 1
510 1461 1
1463 1462 1
1462 1463 1
774 1464 1
133 1465 1
244 1466 1
407 1466 1
885 1466 1
1572 1466 1
1573 1466 1
230 1467 1
853 1467 1
876 1467 1
1480 1467 1
306 1468 1
689 1468 1
979 1468 1
105 1469 1
589 1469 1
1523 1469 1
1524 1469 1
1471 1470 1
1470 1471 1
672 1472 1
1390 1472 1
647 1473 1
1003 1473 1
1475 1474 1
1474 1475 1
1213 1476 1
5 1477 1
10 1477 1
790 1477 1
560 1478 1
324 1479 1
230 1480 1
1467 1480 1
853 1481 1
630 1482 1
631 1482 1
1484 1483 1
1485 1483 1
1483 1484 1
1485 1484 1
1483 1485 1
1484 1485 1
219 1486 1
839 1487 1
439 1488 1
841 1489 1
959 1489 1
423 1490 1
783 1490 1
478 1491 1
391 1492 1
706 1493 1
426 1494 1
921 1494 1
1305 1494 1
270 1495 1
1035 1495 1
1036 1495 1
1496 1495 1
270 1496 1
1035 1496 1
1036 1496 1
1495 1496 1
494 1497 1
650 1497 1
903 1498 1
595 1499 1
487 1500 1
626 1500 1
684 1500 1
422 1501 1
1502 1501 1
422 1502 1
1501 1502 1
63 1503 1
1034 1504 1
206 1505 1
1506 1505 1
206 1506 1
1505 1506 1
910 1507 1
160 1508 1
785 1508 1
789 1508 1
124 1509 1
303 1509 1
304 1509 1
305 1509 1
306 1509 1
524 1510 1
1511 1510 1
1512 1510 1
524 1511 1
1510 1511 1
1512 1511 1
524 1512 1
1510 1512 1
1511 1512 1
474 1513 1
719 1513 1
1514 1513 1
1515 1513 1
474 1514 1
719 1514 1
1513 1514 1
1515 1514 1
474 1515 1
719 1515 1
1513 1515 1
1514 1515 1
378 1516 1
207 1517 1
519 1517 1
747 1517 1
1273 1517 1
188 1518 1
1307 1519 1
1439 1519 1
463 1520 1
664 1520 1
747 1520 1
796 1520 1
390 1521 1
580 1521 1
1550 1521 1
75 1522 1
589 1523 1
1469 1523 1
1524 1523 1
589 1524 1
1469 1524 1
1523 1524 1
648 1525 1
1034 1525 1
1526 1525 1
648 1526 1
1034 1526 1
1525 1526 1
448 1527 1
221 1528 1
811 1528 1
636 1529 1
637 1529 1
683 1529 1
184 1530 1
787 1530 1
799 1530 1
1531 1530 1
184 1531 1
787 1531 1
799 1531 1
1530 1531 1
732 1532 1
539 1533 1
599 1533 1
606 1533 1
474 1534 1
716 1534 1
30 1535 1
162 1535 1
1536 1535 1
1537 1535 1
30 1536 1
162 1536 1
1535 1536 1
1537 1536 1
30 1537 1
162 1537 1
1535 1537 1
1536 1537 1
1046 1538 1
715 1539 1
717 1539 1
802 1540 1
817 1540 1
1541 1540 1
802 1541 1
817 1541 1
1540 1541 1
1056 1542 1
300 1543 1
302 1543 1
323 1543 1
962 1544 1
685 1545 1
131 1546 3
366 1546 2
646 1547 1
1459 1548 1
247 1549 1
927 1549 1
580 1550 1
885 1550 1
1521 1550 1
1562 1550 1
591 1551 1
533 1552 1
587 1552 1
616 1552 1
1553 1552 1
533 1553 1
587 1553 1
616 1553 1
1552 1553 1
1213 1554 1
1217 1554 1
1555 1554 1
1554 1555 1
976 1556 1
977 1556 1
1557 1556 1
976 1557 1
977 1557 1
1556 1557 1
59 1558 1
1559 1558 1
59 1559 1
1558 1559 1
456 1560 1
687 1560 1
20 1561 1
885 1562 1
1550 1562 1
1043 1563 1
315 1564 1
461 1564 1
702 1564 1
1300 1565 1
1566 1565 1
1300 1566 1
1565 1566 1
598 1567 1
696 1567 1
553 1568 1
804 1568 1
1182 1568 1
25 1569 1
249 1569 1
250 1569 1
1570 1569 1
25 1570 1
249 1570 1
250 1570 1
1569 1570 1
593 1571 1
783 1571 1
407 1572 1
1466 1572 1
1573 1572 1
407 1573 1
1466 1573 1
1572 1573 1
812 1574 1
166 1575 1
500 1575 1
796 1575 1
801 1575 1
351 1576 1
836 1576 1
1156 1576 1
1157 1576 1
1577 1576 1
1578 1576 1
351 1577 1
836 1577 1
1156 1577 1
1157 1577 1
1576 1577 1
1578 1577 1
351 1578 1
836 1578 1
1156 1578 1
1157 1578 1
1576 1578 1
1577 1578 1
