88 1 1
31 2 1
187 2 1
188 2 1
189 2 1
34 3 1
41 3 1
100 3 1
150 3 1
169 3 1
170 3 1
171 3 1
172 3 1
173 3 1
119 4 1
124 4 1
7 5 1
9 5 1
144 5 1
49 6 1
63 6 1
122 6 1
161 6 1
162 6 1
5 7 1
9 7 1
144 7 1
17 8 2
95 8 1
5 9 1
7 9 1
144 9 1
102 10 1
103 10 1
104 10 1
105 10 1
19 11 1
43 11 1
26 12 1
56 12 1
82 12 1
153 12 1
154 12 1
155 12 1
68 13 1
66 14 1
138 15 1
75 16 1
77 16 1
160 16 1
8 17 2
95 17 1
22 18 1
11 19 1
43 19 1
129 20 1
24 21 1
37 21 1
49 21 1
50 21 1
56 21 1
87 21 1
95 21 1
112 21 1
119 21 1
122 21 1
130 21 1
131 21 1
132 21 1
133 21 1
18 22 1
25 22 1
46 22 1
95 23 1
21 24 1
50 24 1
56 24 1
119 24 1
122 24 1
125 24 1
22 25 1
46 25 1
12 26 1
56 26 1
82 26 1
153 26 1
154 26 1
155 26 1
168 27 1
36 28 1
42 28 1
53 28 1
54 28 1
57 28 1
74 28 1
78 28 1
178 28 1
184 28 1
53 29 1
55 29 1
58 29 1
156 29 1
157 29 1
177 29 1
35 30 1
48 30 1
92 30 1
93 30 1
94 30 1
2 31 1
187 31 1
188 31 1
189 31 1
67 32 1
126 32 1
114 33 1
117 33 1
118 33 1
3 34 1
41 34 1
100 34 1
150 34 1
169 34 1
170 34 1
171 34 1
172 34 1
173 34 1
30 35 1
48 35 1
92 35 1
93 35 1
94 35 1
28 36 1
72 36 3
74 36 1
78 36 1
145 36 2
146 36 2
147 36 1
148 36 1
149 36 1
184 36 1
21 37 1
59 37 1
62 37 1
87 37 1
119 37 1
134 37 1
73 38 1
186 39 1
56 40 2
174 40 1
3 41 1
34 41 1
100 41 1
150 41 1
169 41 1
170 41 1
171 41 1
172 41 1
173 41 1
28 42 1
53 42 1
54 42 1
178 42 1
11 43 1
19 43 1
175 44 1
176 44 1
61 45 1
22 46 1
25 46 1
53 47 1
58 47 1
30 48 1
35 48 1
50 48 1
65 48 1
92 48 1
93 48 1
94 48 1
6 49 1
21 49 1
63 49 1
95 49 2
112 49 2
122 49 1
130 49 2
131 49 2
132 49 2
161 49 1
162 49 1
21 50 1
24 50 1
48 50 1
56 50 1
65 50 1
119 50 1
122 50 1
152 50 1
76 51 1
156 52 1
28 53 1
29 53 1
42 53 1
47 53 1
54 53 1
55 53 1
58 53 2
98 53 1
99 53 1
100 53 1
101 53 1
156 53 1
157 53 2
177 53 1
178 53 1
28 54 1
42 54 1
53 54 1
178 54 1
29 55 1
53 55 1
58 55 1
156 55 1
157 55 1
177 55 1
12 56 1
21 56 1
24 56 1
26 56 1
40 56 2
50 56 1
82 56 1
119 56 1
122 56 1
153 56 1
154 56 1
155 56 1
174 56 1
28 57 1
29 58 1
47 58 1
53 58 2
55 58 1
156 58 1
157 58 1
177 58 1
37 59 1
62 59 1
119 59 1
134 59 1
140 60 1
141 60 1
45 61 1
37 62 1
59 62 1
119 62 1
134 62 1
6 63 1
49 63 1
122 63 1
161 63 1
162 63 1
151 64 1
48 65 1
50 65 1
14 66 1
32 67 1
126 67 1
13 68 1
183 69 1
97 70 1
84 71 1
85 71 1
36 72 3
145 72 2
146 72 1
147 72 1
148 72 1
149 72 1
38 73 1
28 74 1
36 74 1
78 74 1
184 74 1
16 75 1
77 75 1
160 75 1
51 76 1
16 77 1
75 77 1
160 77 1
28 78 1
36 78 1
74 78 1
184 78 1
179 79 1
180 79 1
110 80 1
111 80 1
112 80 1
113 80 1
96 81 1
12 82 1
26 82 1
56 82 1
137 82 1
153 82 1
154 82 1
155 82 1
158 83 1
159 83 1
71 84 1
85 84 1
71 85 1
84 85 1
123 86 1
21 87 1
37 87 1
1 88 1
90 89 1
91 89 1
89 90 1
91 90 1
89 91 1
90 91 1
30 92 1
35 92 1
48 92 1
93 92 1
94 92 1
30 93 1
35 93 1
48 93 1
92 93 1
94 93 1
30 94 1
35 94 1
48 94 1
92 94 1
93 94 1
8 95 1
17 95 1
21 95 1
23 95 1
49 95 2
112 95 2
130 95 2
131 95 2
132 95 2
139 95 1
81 96 1
70 97 1
53 98 1
99 98 1
100 98 1
101 98 1
53 99 1
98 99 1
100 99 1
101 99 1
3 100 1
34 100 1
41 100 1
53 100 1
98 100 1
99 100 1
101 100 1
150 100 1
169 100 1
170 100 1
171 100 1
172 100 1
173 100 1
53 101 1
98 101 1
99 101 1
100 101 1
10 102 1
103 102 1
104 102 1
105 102 1
10 103 1
102 103 1
104 103 1
105 103 1
10 104 1
102 104 1
103 104 1
105 104 1
10 105 1
102 105 1
103 105 1
104 105 1
107 106 1
106 107 1
109 108 1
108 109 1
80 110 1
111 110 1
112 110 1
113 110 1
80 111 1
110 111 1
112 111 1
113 111 1
21 112 1
49 112 2
80 112 1
95 112 2
110 112 1
111 112 1
113 112 1
130 112 2
131 112 2
132 112 2
80 113 1
110 113 1
111 113 1
112 113 1
33 114 1
115 114 1
116 114 1
117 114 1
118 114 1
114 115 1
116 115 1
114 116 1
115 116 1
33 117 1
114 117 1
118 117 1
33 118 1
114 118 1
117 118 1
4 119 1
21 119 1
24 119 1
37 119 1
50 119 1
56 119 1
59 119 1
62 119 1
122 119 1
124 119 1
134 119 1
121 120 1
120 121 1
6 122 1
21 122 1
24 122 1
49 122 1
50 122 1
56 122 1
63 122 1
119 122 1
161 122 1
162 122 1
86 123 1
4 124 1
119 124 1
24 125 1
32 126 1
67 126 1
128 127 1
127 128 1
20 129 1
21 130 1
49 130 2
95 130 2
112 130 2
131 130 2
132 130 2
21 131 1
49 131 2
95 131 2
112 131 2
130 131 2
132 131 2
21 132 1
49 132 2
95 132 2
112 132 2
130 132 2
131 132 2
21 133 1
37 134 1
59 134 1
62 134 1
119 134 1
185 134 1
136 135 1
135 136 1
82 137 1
15 138 1
95 139 1
60 140 1
141 140 1
60 141 1
140 141 1
143 142 1
142 143 1
5 144 1
7 144 1
9 144 1
36 145 2
72 145 2
146 145 1
147 145 1
149 145 1
36 146 2
72 146 1
145 146 1
147 146 1
36 147 1
72 147 1
145 147 1
146 147 1
36 148 1
72 148 1
36 149 1
72 149 1
145 149 1
3 150 1
34 150 1
41 150 1
100 150 1
169 150 1
170 150 1
171 150 1
172 150 1
173 150 1
64 151 1
50 152 1
12 153 1
26 153 1
56 153 1
82 153 1
154 153 1
155 153 1
12 154 1
26 154 1
56 154 1
82 154 1
153 154 1
155 154 1
165 154 1
166 154 1
167 154 1
12 155 1
26 155 1
56 155 1
82 155 1
153 155 1
154 155 1
29 156 1
52 156 1
53 156 1
55 156 1
58 156 1
157 156 1
177 156 1
29 157 1
53 157 2
55 157 1
58 157 1
156 157 1
177 157 1
83 158 1
159 158 1
83 159 1
158 159 1
16 160 1
75 160 1
77 160 1
6 161 1
49 161 1
63 161 1
122 161 1
162 161 1
6 162 1
49 162 1
63 162 1
122 162 1
161 162 1
164 163 1
163 164 1
154 165 1
166 165 1
167 165 1
154 166 1
165 166 1
167 166 1
154 167 1
165 167 1
166 167 1
27 168 1
3 169 1
34 169 1
41 169 1
100 169 1
150 169 1
170 169 1
171 169 1
172 169 1
173 169 1
3 170 1
34 170 1
41 170 1
100 170 1
150 170 1
169 170 1
171 170 1
172 170 1
173 170 1
3 171 1
34 171 1
41 171 1
100 171 1
150 171 1
169 171 1
170 171 1
172 171 1
173 171 1
3 172 1
34 172 1
41 172 1
100 172 1
150 172 1
169 172 1
170 172 1
171 172 1
173 172 1
3 173 1
34 173 1
41 173 1
100 173 1
150 173 1
169 173 1
170 173 1
171 173 1
172 173 1
40 174 1
56 174 1
44 175 1
176 175 1
44 176 1
175 176 1
29 177 1
53 177 1
55 177 1
58 177 1
156 177 1
157 177 1
28 178 1
42 178 1
53 178 1
54 178 1
79 179 1
180 179 1
79 180 1
179 180 1
182 181 1
181 182 1
69 183 1
28 184 1
36 184 1
74 184 1
78 184 1
134 185 1
39 186 1
2 187 1
31 187 1
188 187 1
189 187 1
2 188 1
31 188 1
187 188 1
189 188 1
2 189 1
31 189 1
187 189 1
188 189 1
