817 1 1
88 2 1
206 3 1
234 3 1
235 3 1
255 4 2
335 4 1
398 4 1
906 4 1
926 4 1
982 4 1
1231 4 1
1342 4 1
1350 4 1
1445 4 1
51 5 1
65 5 1
376 5 1
681 5 1
1127 5 1
1211 5 1
1540 5 1
1541 5 1
8 6 2
352 6 1
353 6 1
424 6 1
543 6 1
544 6 1
545 6 1
15 7 1
60 7 1
86 7 1
197 7 2
204 7 1
270 7 1
271 7 1
283 7 2
305 7 1
316 7 1
324 7 1
325 7 1
326 7 1
700 7 1
1471 7 1
6 8 2
352 8 1
353 8 1
424 8 1
543 8 1
544 8 1
545 8 1
17 9 5
249 9 1
250 9 1
311 9 3
318 9 1
371 9 3
375 9 1
11 10 2
257 10 1
258 10 1
327 10 1
328 10 1
534 10 1
540 10 1
659 10 1
1636 10 1
10 11 2
257 11 1
258 11 1
327 11 1
328 11 1
534 11 1
540 11 1
659 11 1
1636 11 1
588 12 1
589 12 1
16 13 1
463 13 1
1580 13 1
62 14 1
242 14 1
7 15 1
60 15 1
197 15 1
13 16 1
243 16 2
463 16 1
561 16 2
968 16 1
1580 16 1
1622 16 1
9 17 5
249 17 1
250 17 1
311 17 3
318 17 1
371 17 3
375 17 1
949 18 1
1448 18 1
107 19 1
875 19 1
276 20 3
330 20 1
465 20 2
466 20 2
467 20 2
574 20 1
1640 20 1
1642 20 1
1643 20 1
1644 20 1
1684 20 1
1685 20 1
218 21 1
357 21 1
698 21 1
706 21 1
711 21 1
1516 21 1
845 22 1
24 23 1
75 23 1
1701 23 1
1702 23 1
23 24 1
75 24 3
1355 24 2
1356 24 2
1701 24 1
1702 24 1
355 25 1
31 26 1
32 26 1
343 26 1
886 26 1
42 27 1
43 27 1
363 27 1
434 27 1
814 27 1
1106 27 1
1417 27 1
1418 27 1
1419 27 1
97 28 1
484 28 1
595 29 1
756 29 1
1408 29 1
1686 29 1
1687 29 1
32 30 1
234 30 1
308 30 1
524 30 1
26 31 1
32 31 1
183 31 1
343 31 1
645 31 1
886 31 1
26 32 1
30 32 1
31 32 1
234 32 1
308 32 1
343 32 1
524 32 1
886 32 1
255 33 1
334 33 1
64 34 1
151 34 1
220 34 2
298 34 3
321 34 2
322 34 1
323 34 5
378 34 1
474 34 1
579 34 2
1218 35 1
1339 35 1
38 36 1
39 36 1
40 36 1
640 37 2
792 37 2
36 38 1
39 38 1
40 38 1
36 39 1
38 39 1
40 39 1
1365 39 1
1366 39 1
36 40 1
38 40 1
39 40 1
199 41 1
230 41 1
27 42 1
43 42 1
814 42 1
1106 42 1
27 43 1
42 43 1
814 43 1
1106 43 1
647 44 1
910 44 1
46 45 1
52 45 1
53 45 1
277 45 1
721 45 1
1510 45 1
45 46 1
721 46 1
100 47 2
101 47 2
735 47 2
1388 48 1
963 49 1
438 50 1
439 50 1
5 51 1
329 51 1
1540 51 1
1541 51 1
45 52 1
53 52 1
45 53 1
52 53 1
682 54 1
63 55 1
565 55 1
57 56 1
212 56 1
223 56 1
355 56 1
683 56 1
716 56 1
56 57 1
101 57 1
169 57 1
194 57 1
615 57 1
616 57 1
843 57 1
191 58 1
192 58 1
70 59 1
199 59 1
214 59 2
719 59 1
720 59 1
7 60 1
15 60 1
197 60 1
1048 61 1
1049 61 1
1050 61 1
1051 61 1
14 62 1
242 62 1
55 63 1
565 63 1
34 64 1
151 64 1
378 64 1
5 65 1
147 65 1
376 65 1
676 65 1
1394 65 1
71 66 1
74 66 1
241 66 1
68 67 1
69 67 1
1077 67 1
67 68 1
69 68 1
1077 68 1
67 69 1
68 69 1
1077 69 1
59 70 1
214 70 1
336 70 1
426 70 1
1532 70 1
66 71 1
72 71 1
241 71 1
248 71 1
300 71 2
301 71 1
546 71 1
558 71 1
71 72 1
248 72 1
331 73 1
570 73 1
1524 73 1
66 74 1
23 75 1
24 75 3
159 75 1
458 75 1
756 75 1
854 75 1
1355 75 2
1356 75 2
1645 75 1
1701 75 1
1702 75 1
486 76 2
953 76 2
78 77 1
77 78 1
616 78 1
813 78 1
708 79 1
1506 79 1
1565 79 1
172 80 1
263 80 1
389 80 4
416 80 1
590 80 2
602 80 1
669 80 1
847 80 1
1119 80 1
1120 80 1
1121 80 1
1122 80 1
1123 80 1
1353 80 1
1441 80 1
82 81 1
468 81 1
515 81 1
581 81 1
635 81 1
1617 81 1
1618 81 1
81 82 1
515 82 1
635 82 1
1340 83 1
205 84 2
315 84 1
368 84 1
566 84 1
656 84 1
1467 84 1
915 85 1
1315 85 1
7 86 1
197 86 1
305 86 1
1471 86 1
834 87 1
2 88 1
90 89 1
91 89 1
339 89 1
1078 89 1
89 90 1
91 90 1
339 90 1
1078 90 1
89 91 1
90 91 1
339 91 1
1078 91 1
1410 92 1
746 93 1
1458 93 1
148 94 1
867 94 1
237 95 1
341 96 1
784 96 1
28 97 1
484 97 1
641 98 1
1310 98 1
501 99 1
47 100 2
101 100 4
127 100 1
535 100 1
735 100 2
1239 100 1
1511 100 1
1512 100 1
47 101 2
57 101 1
100 101 4
127 101 1
169 101 1
194 101 1
535 101 2
615 101 1
616 101 1
735 101 2
1239 101 1
1511 101 2
1512 101 2
1587 101 2
1588 101 1
1631 101 1
184 102 1
496 103 1
1497 103 1
156 104 1
160 104 1
201 105 1
513 105 1
536 105 1
306 106 1
19 107 1
759 107 1
875 107 1
965 107 1
1057 107 1
1058 107 1
178 108 1
179 108 1
180 108 1
1301 108 1
150 109 1
841 109 1
939 109 1
1608 109 1
232 110 1
233 110 2
1521 110 1
240 111 3
336 111 3
724 111 3
268 112 1
299 112 1
354 112 1
987 112 1
116 113 1
239 114 1
284 114 1
458 114 1
584 114 1
738 114 1
1560 114 1
387 115 1
402 115 1
443 115 1
687 115 1
769 115 1
1177 115 1
113 116 1
263 116 3
464 116 2
591 116 2
641 116 2
1435 116 1
167 117 1
1217 117 1
1218 117 1
1607 118 1
120 119 1
119 120 1
1555 121 1
1316 122 1
1317 122 1
1318 122 1
230 123 2
409 123 1
633 123 2
185 124 1
126 125 1
127 125 1
1255 125 1
125 126 1
127 126 2
128 126 1
228 126 1
1255 126 1
100 127 1
101 127 1
125 127 1
126 127 2
128 127 1
228 127 1
794 127 1
876 127 4
1239 127 1
1255 127 1
126 128 1
127 128 1
228 128 1
139 129 1
374 129 3
437 129 1
757 129 2
899 129 1
1053 129 1
1117 129 1
1449 129 1
170 130 1
369 130 1
236 131 1
245 131 1
458 131 1
495 131 1
382 132 1
383 132 1
397 133 2
567 133 1
1308 133 1
171 134 1
136 135 1
135 136 1
450 137 1
1481 137 1
340 138 1
961 138 1
129 139 1
437 139 1
141 140 3
142 140 3
143 140 3
972 140 1
140 141 3
142 141 3
143 141 3
972 141 1
140 142 3
141 142 3
143 142 3
972 142 1
140 143 3
141 143 3
142 143 3
972 143 1
146 144 1
147 144 1
313 144 1
400 144 3
401 144 1
1495 144 1
1496 144 1
1619 144 1
1620 144 1
1621 144 1
1666 144 1
293 145 1
332 145 3
333 145 1
448 145 1
456 145 3
617 145 1
1378 145 1
144 146 1
313 146 1
1666 146 1
65 147 1
144 147 1
342 147 1
400 147 1
418 147 1
458 147 1
459 147 1
790 147 1
1082 147 1
1166 147 1
1309 147 1
1394 147 2
1482 147 1
94 148 1
807 148 2
853 148 2
867 148 1
917 148 1
1010 148 3
1015 148 1
1333 148 1
1547 148 2
1548 148 2
1549 148 2
1610 148 1
586 149 2
595 149 1
764 149 2
903 149 1
1569 149 2
1570 149 2
109 150 1
34 151 1
64 151 1
378 151 1
1592 152 1
1593 152 1
154 153 1
220 153 1
244 153 1
386 153 1
392 153 1
394 153 1
616 153 2
692 153 1
733 153 1
734 153 1
1263 153 1
153 154 1
260 155 1
104 156 1
160 156 1
219 157 1
576 157 1
577 157 1
182 158 1
417 158 1
75 159 1
458 159 1
756 159 1
854 159 1
1645 159 1
104 160 1
156 160 1
162 161 2
640 161 1
161 162 2
640 162 1
247 163 1
995 164 1
1600 164 1
264 165 1
292 165 1
585 165 1
1639 165 1
222 166 1
451 166 1
1559 166 1
117 167 1
269 168 1
57 169 1
101 169 1
194 169 1
615 169 1
616 169 1
130 170 1
369 170 1
134 171 1
80 172 1
847 172 1
653 173 2
735 173 1
813 173 2
863 173 1
960 173 1
1305 173 1
530 174 1
1509 174 1
1409 175 1
177 176 1
616 176 1
176 177 1
616 177 1
108 178 1
179 178 1
180 178 1
1301 178 1
108 179 1
178 179 1
180 179 1
1301 179 1
108 180 1
178 180 1
179 180 1
1301 180 1
1314 181 1
158 182 1
417 182 1
31 183 1
645 183 1
102 184 1
1556 184 1
1557 184 1
1558 184 1
124 185 1
186 185 2
432 185 1
884 185 1
962 185 1
185 186 2
432 186 1
775 186 1
884 186 1
1368 186 1
188 187 1
189 187 1
187 188 1
189 188 1
187 189 1
188 189 1
492 190 1
666 190 1
667 190 1
668 190 1
812 190 1
58 191 1
192 191 1
58 192 1
191 192 1
518 193 1
57 194 1
101 194 1
169 194 1
615 194 1
616 194 1
196 195 1
295 195 1
296 195 1
195 196 1
295 196 1
296 196 1
479 196 1
480 196 1
1612 196 1
7 197 2
15 197 1
60 197 1
86 197 1
305 197 1
1471 197 1
1577 198 1
1623 198 1
1624 198 1
1625 198 1
41 199 1
59 199 1
200 199 1
230 199 1
719 199 1
720 199 1
831 199 1
872 199 1
199 200 1
225 200 1
251 200 1
261 200 1
575 200 1
851 200 1
1431 200 1
105 201 1
513 201 1
536 201 1
560 202 1
1104 202 1
1498 202 1
1499 202 1
345 203 1
496 203 1
7 204 1
324 204 1
325 204 1
326 204 1
84 205 2
368 205 1
566 205 1
656 205 1
1354 205 1
3 206 1
234 206 1
235 206 1
481 206 1
1598 206 1
1630 207 1
209 208 1
210 208 3
306 208 1
943 208 1
1679 208 1
1680 208 1
1681 208 1
208 209 1
210 209 1
408 209 1
931 209 1
1220 209 1
1436 209 1
208 210 3
209 210 1
306 210 1
410 210 1
943 210 1
322 211 1
56 212 1
223 212 2
355 212 1
683 212 1
696 212 1
716 212 1
1370 212 1
733 213 1
59 214 2
70 214 1
265 215 1
1578 215 1
1579 215 1
217 216 1
272 216 1
273 216 1
274 216 1
216 217 1
272 217 2
273 217 1
274 217 2
485 217 1
1604 217 1
1605 217 1
1606 217 1
21 218 1
357 218 1
698 218 1
706 218 1
711 218 1
1516 218 1
157 219 1
395 219 1
576 219 1
577 219 1
34 220 2
153 220 1
221 220 1
298 220 1
312 220 1
321 220 1
323 220 2
394 220 1
455 220 1
547 220 1
579 220 1
220 221 1
312 221 1
455 221 1
547 221 1
166 222 1
451 222 1
1559 222 1
56 223 1
212 223 2
355 223 1
683 223 1
716 223 1
627 224 1
1212 224 1
1596 224 1
200 225 1
251 225 1
304 225 1
934 225 1
555 226 1
1374 226 1
689 227 1
1611 227 1
126 228 1
127 228 1
128 228 1
230 229 1
887 229 1
41 230 1
123 230 2
199 230 1
229 230 1
409 230 1
633 230 2
887 230 1
956 231 1
1575 231 1
110 232 1
233 232 1
1641 232 1
110 233 2
232 233 1
3 234 1
30 234 1
32 234 1
206 234 1
235 234 1
308 234 1
524 234 1
3 235 1
206 235 1
234 235 1
131 236 1
95 237 1
990 238 1
991 238 1
114 239 1
584 239 1
738 239 1
111 240 3
336 240 3
724 240 3
66 241 1
71 241 1
14 242 1
62 242 1
16 243 2
968 243 1
1622 243 1
153 244 1
131 245 1
256 246 1
314 246 1
1371 246 1
163 247 1
71 248 1
72 248 1
9 249 1
17 249 1
250 249 1
9 250 1
17 250 1
249 250 1
252 250 1
461 250 1
200 251 1
225 251 1
250 252 1
461 252 1
1522 253 1
505 254 1
1667 254 1
1668 254 1
1669 254 1
4 255 2
33 255 1
334 255 1
398 255 1
1231 255 1
1342 255 1
246 256 1
314 256 1
901 256 1
944 256 1
1384 256 1
10 257 1
11 257 1
258 257 1
327 257 1
328 257 1
659 257 1
1636 257 1
10 258 1
11 258 1
257 258 1
327 258 1
328 258 1
659 258 1
1636 258 1
320 259 1
155 260 1
200 261 1
575 261 1
649 262 1
1693 262 1
1694 262 1
1695 262 1
80 263 1
116 263 3
387 263 1
389 263 2
464 263 1
591 263 2
621 263 1
641 263 2
672 263 1
1075 263 2
1647 263 1
1648 263 1
165 264 1
1639 264 1
215 265 1
1578 265 1
1579 265 1
973 266 1
1387 266 1
694 267 1
770 267 1
873 267 1
112 268 1
299 268 1
354 268 1
987 268 1
168 269 1
7 270 1
271 270 1
283 270 1
7 271 1
270 271 1
283 271 1
216 272 1
217 272 2
273 272 1
274 272 2
1604 272 1
1605 272 1
1606 272 1
216 273 1
217 273 1
272 273 1
274 273 1
216 274 1
217 274 2
272 274 2
273 274 1
1604 274 1
1605 274 1
1606 274 1
1456 275 1
1457 275 1
1682 275 1
1683 275 1
20 276 3
330 276 1
465 276 2
466 276 2
467 276 2
1640 276 1
1684 276 1
1685 276 1
45 277 1
893 277 1
1568 278 1
1390 279 1
1391 279 1
1451 280 2
1452 280 1
1673 280 1
1674 280 1
282 281 1
436 281 1
281 282 1
354 282 1
436 282 1
453 282 1
546 282 1
582 282 2
701 282 1
702 282 1
826 282 1
981 282 1
1029 282 1
1343 282 1
1344 282 1
1345 282 1
1376 282 2
1468 282 1
7 283 2
270 283 1
271 283 1
114 284 1
286 285 1
549 285 1
907 285 1
285 286 1
549 286 1
907 286 1
288 287 1
287 288 1
1517 289 1
291 290 1
365 290 1
879 290 1
290 291 1
365 291 1
879 291 2
1066 291 1
1466 291 1
165 292 1
585 292 1
145 293 1
294 293 1
332 293 1
293 294 1
556 294 1
557 294 1
809 294 1
195 295 1
196 295 1
296 295 1
195 296 1
196 296 1
295 296 1
912 297 1
34 298 3
220 298 1
321 298 2
322 298 1
323 298 3
474 298 1
112 299 1
268 299 1
354 299 1
987 299 1
71 300 2
301 300 1
546 300 1
558 300 1
71 301 1
300 301 1
546 301 1
303 302 1
302 303 1
225 304 1
934 304 1
7 305 1
86 305 1
197 305 1
1471 305 1
106 306 1
208 306 1
210 306 1
355 306 1
356 306 1
359 306 1
452 306 1
943 306 1
1383 306 1
1386 306 1
1399 306 1
1646 307 1
30 308 1
32 308 1
234 308 1
524 308 1
310 309 1
311 309 1
309 310 1
311 310 1
9 311 3
17 311 3
309 311 1
310 311 1
371 311 3
866 311 1
1008 311 1
1118 311 1
1331 311 1
1595 311 1
220 312 1
221 312 1
455 312 1
547 312 1
144 313 1
146 313 1
1666 313 1
246 314 1
256 314 1
84 315 1
1467 315 1
7 316 1
700 316 1
358 317 1
1525 317 1
1526 317 1
1527 317 1
1528 317 1
9 318 1
17 318 1
375 318 1
421 319 1
552 319 1
553 319 1
1601 319 1
259 320 1
34 321 2
220 321 1
298 321 2
322 321 1
323 321 2
34 322 1
211 322 1
298 322 1
321 322 1
323 322 1
34 323 5
220 323 2
298 323 3
321 323 2
322 323 1
474 323 1
579 323 2
7 324 1
204 324 1
325 324 1
326 324 1
7 325 1
204 325 1
324 325 1
326 325 1
7 326 1
204 326 1
324 326 1
325 326 1
10 327 1
11 327 1
257 327 1
258 327 1
328 327 1
659 327 1
1636 327 1
10 328 1
11 328 1
257 328 1
258 328 1
327 328 1
659 328 1
1636 328 1
51 329 1
20 330 1
276 330 1
1684 330 1
1685 330 1
73 331 1
570 331 1
1524 331 1
145 332 3
293 332 1
333 332 1
448 332 1
456 332 2
617 332 1
145 333 1
332 333 1
456 333 1
617 333 1
33 334 1
255 334 1
4 335 1
982 335 1
1445 335 1
70 336 1
111 336 3
240 336 3
426 336 1
724 336 3
725 336 1
1532 336 1
856 337 1
983 337 1
413 338 1
914 338 1
89 339 1
90 339 1
91 339 1
1078 339 1
138 340 1
961 340 1
96 341 1
784 341 1
147 342 1
437 342 1
712 342 1
713 342 1
1382 342 1
1421 342 1
1422 342 1
1550 342 1
26 343 1
31 343 1
32 343 1
886 343 1
478 344 2
922 344 1
203 345 1
347 346 1
348 346 1
346 347 1
348 347 1
346 348 1
347 348 1
350 349 3
349 350 3
656 351 1
1112 351 1
6 352 1
8 352 1
353 352 1
6 353 1
8 353 1
352 353 1
112 354 1
268 354 1
282 354 1
299 354 1
582 354 1
987 354 1
25 355 1
56 355 1
212 355 1
223 355 1
306 355 1
356 355 1
678 355 1
683 355 1
716 355 1
306 356 1
355 356 1
21 357 1
218 357 1
698 357 1
706 357 1
711 357 1
1516 357 1
317 358 1
1525 358 1
1526 358 1
1527 358 1
1528 358 1
306 359 1
800 360 1
715 361 1
580 362 2
921 362 1
1515 362 1
1632 362 1
27 363 1
1417 363 1
1418 363 1
1419 363 1
441 364 1
290 365 1
291 365 1
879 365 1
404 366 1
462 366 1
538 366 1
1011 367 1
1294 367 1
84 368 1
205 368 1
566 368 1
656 368 2
130 369 1
170 369 1
1176 370 1
9 371 3
17 371 3
311 371 3
373 372 1
391 372 1
372 373 1
391 373 1
129 374 3
899 374 1
9 375 1
17 375 1
318 375 1
400 375 1
418 375 1
5 376 1
65 376 1
377 376 1
494 376 2
805 376 2
1127 376 1
376 377 1
494 377 1
34 378 1
64 378 1
151 378 1
613 379 1
614 379 2
381 380 2
433 380 1
604 380 1
1551 380 2
380 381 2
433 381 1
1551 381 2
132 382 1
383 382 1
132 383 1
382 383 1
860 384 1
1584 385 1
153 386 1
392 386 1
616 386 1
115 387 1
263 387 1
388 387 1
389 387 1
621 387 2
1185 387 1
387 388 1
1185 388 1
80 389 4
263 389 2
387 389 1
621 389 1
1123 389 1
1353 389 1
407 390 1
372 391 1
373 391 1
153 392 1
386 392 1
396 392 2
521 392 1
616 392 1
502 393 1
503 393 1
504 393 1
541 393 1
542 393 1
1298 393 1
1655 393 1
1656 393 1
153 394 1
220 394 1
219 395 1
392 396 2
133 397 2
567 397 1
1308 397 1
4 398 1
255 398 1
1231 398 1
572 399 1
578 399 1
144 400 3
147 400 1
375 400 1
418 400 1
731 400 1
1543 400 1
144 401 1
1495 401 1
1496 401 1
115 402 1
443 402 2
640 402 1
1319 403 1
366 404 1
462 404 1
538 404 1
406 405 1
643 405 1
405 406 1
643 406 1
390 407 1
209 408 1
1219 408 1
1220 408 1
123 409 1
230 409 1
633 409 1
210 410 1
758 411 1
1105 411 1
413 412 1
414 412 1
338 413 1
412 413 1
414 413 1
699 413 1
914 413 2
1677 413 1
412 414 1
413 414 1
1161 415 1
80 416 1
158 417 1
182 417 1
147 418 1
375 418 1
400 418 1
421 419 1
1439 419 1
437 420 4
670 420 2
673 420 1
760 420 1
942 420 3
1403 420 1
1661 420 1
1664 420 1
1688 420 1
319 421 1
419 421 1
552 421 1
553 421 1
1439 421 1
1601 421 1
1554 422 1
1609 422 1
562 423 1
1311 423 1
1312 423 1
6 424 1
8 424 1
543 424 1
544 424 1
545 424 1
1676 425 1
70 426 1
336 426 1
1532 426 1
616 427 1
1021 427 1
1067 427 1
1068 427 1
1126 427 1
1477 427 1
1478 427 2
435 428 1
537 428 1
430 429 1
1571 429 1
429 430 1
1571 430 1
600 431 1
185 432 1
186 432 1
884 432 1
380 433 1
381 433 1
1551 433 1
27 434 1
428 435 1
537 435 1
281 436 1
282 436 1
129 437 1
139 437 1
342 437 1
420 437 4
670 437 1
1385 437 2
1403 437 1
1480 437 1
50 438 1
439 438 1
50 439 1
438 439 1
858 440 1
364 441 1
443 442 1
115 443 1
402 443 2
442 443 1
705 444 1
918 444 1
948 444 2
499 445 2
500 445 1
612 445 2
822 445 1
932 445 1
1372 445 1
1438 445 2
1599 445 1
447 446 2
446 447 2
145 448 1
332 448 1
456 448 1
1287 449 1
1288 449 1
137 450 1
1472 450 1
1481 450 1
166 451 1
222 451 1
1559 451 1
306 452 1
1399 452 1
282 453 1
826 453 1
736 454 1
1030 454 1
1037 454 1
220 455 1
221 455 1
312 455 1
547 455 1
145 456 3
332 456 2
333 456 1
448 456 1
457 456 1
459 456 1
617 456 3
1378 456 1
1447 456 1
456 457 1
1447 457 1
75 458 1
114 458 1
131 458 1
147 458 1
159 458 1
495 458 3
632 458 1
756 458 1
763 458 1
854 458 1
883 458 1
898 458 1
935 458 1
1145 458 1
1166 458 2
1394 458 1
1602 458 1
1645 458 1
147 459 1
456 459 1
617 459 1
1482 459 1
620 460 1
859 460 1
250 461 1
252 461 1
366 462 1
404 462 1
538 462 1
13 463 1
16 463 1
1580 463 1
116 464 2
263 464 1
1435 464 1
20 465 2
276 465 2
466 465 2
467 465 2
1640 465 1
20 466 2
276 466 2
465 466 2
467 466 2
1640 466 1
20 467 2
276 467 2
465 467 2
466 467 2
1640 467 1
81 468 1
470 469 1
471 469 1
469 470 1
471 470 1
469 471 1
470 471 1
1155 471 1
473 472 1
472 473 1
34 474 1
298 474 1
323 474 1
951 475 1
1073 475 1
1074 475 1
843 476 2
629 477 1
663 477 1
344 478 2
562 478 1
571 478 1
761 478 1
894 478 1
922 478 1
955 478 1
970 478 1
1542 478 2
1560 478 1
1651 478 1
1652 478 1
196 479 1
480 479 1
1612 479 1
196 480 1
479 480 1
1612 480 1
206 481 1
1598 481 1
1298 482 1
707 483 1
710 483 1
1665 483 1
28 484 1
97 484 1
217 485 1
76 486 2
953 486 2
930 487 1
508 488 1
679 488 1
1080 488 1
490 489 1
491 489 1
492 489 1
529 489 1
587 489 1
802 489 1
489 490 1
491 490 1
492 490 1
529 490 1
587 490 1
802 490 1
489 491 1
490 491 1
492 491 1
529 491 1
587 491 1
802 491 1
190 492 1
489 492 1
490 492 1
491 492 1
529 492 1
587 492 1
666 492 1
667 492 1
668 492 1
802 492 1
909 492 1
969 492 1
638 493 1
639 493 2
376 494 2
377 494 1
131 495 1
458 495 3
1602 495 1
103 496 1
203 496 1
664 497 1
757 497 1
1099 498 1
1100 498 1
1101 498 1
445 499 2
500 499 1
822 499 1
932 499 1
1372 499 1
445 500 1
499 500 1
531 500 1
822 500 1
913 500 1
932 500 1
99 501 1
393 502 1
503 502 1
504 502 1
541 502 1
542 502 1
1298 502 1
1655 502 1
1656 502 1
393 503 1
502 503 1
504 503 1
541 503 1
542 503 1
1298 503 1
1655 503 1
1656 503 1
393 504 1
502 504 1
503 504 1
541 504 1
542 504 1
1298 504 1
1655 504 1
1656 504 1
254 505 1
1667 505 1
1668 505 1
1669 505 1
507 506 1
1162 506 1
506 507 1
1162 507 1
488 508 1
679 508 1
1080 508 1
722 509 1
1081 509 1
511 510 1
510 511 1
796 511 1
1144 511 1
569 512 1
681 512 1
1280 512 1
1489 512 1
105 513 1
201 513 1
536 513 1
821 514 1
884 514 1
1291 514 1
81 515 1
82 515 1
635 515 1
1597 515 2
1454 516 1
1455 516 1
1462 517 1
1463 517 1
1464 517 1
193 518 1
520 519 1
523 519 1
519 520 1
523 520 1
392 521 1
717 522 1
1357 522 1
519 523 1
520 523 1
30 524 1
32 524 1
234 524 1
308 524 1
1214 525 1
1215 525 1
1216 525 1
532 526 1
780 526 1
1132 526 1
857 527 1
1336 528 1
489 529 1
490 529 1
491 529 1
492 529 1
587 529 1
802 529 1
174 530 1
1509 530 1
500 531 1
913 531 2
526 532 1
533 532 1
534 532 1
780 532 1
1132 532 1
532 533 1
534 533 1
10 534 1
11 534 1
532 534 1
533 534 1
540 534 1
603 534 3
779 534 1
780 534 3
1135 534 1
1136 534 1
100 535 1
101 535 2
1511 535 1
1512 535 1
1631 535 1
105 536 1
201 536 1
513 536 1
428 537 1
435 537 1
366 538 1
404 538 1
462 538 1
1392 539 1
1393 539 1
10 540 1
11 540 1
534 540 1
393 541 1
502 541 1
503 541 1
504 541 1
542 541 1
1298 541 1
1655 541 1
1656 541 1
393 542 1
502 542 1
503 542 1
504 542 1
541 542 1
1298 542 1
1655 542 1
1656 542 1
6 543 1
8 543 1
424 543 1
544 543 1
545 543 1
6 544 1
8 544 1
424 544 1
543 544 1
545 544 1
6 545 1
8 545 1
424 545 1
543 545 1
544 545 1
71 546 1
282 546 1
300 546 1
301 546 1
701 546 1
702 546 1
220 547 1
221 547 1
312 547 1
455 547 1
1090 548 1
1091 548 1
1092 548 1
285 549 1
286 549 1
907 549 1
551 550 1
550 551 1
568 551 1
319 552 1
421 552 1
553 552 1
1601 552 1
319 553 1
421 553 1
552 553 1
1601 553 1
717 554 1
226 555 1
1374 555 1
294 556 1
557 556 2
795 556 1
809 556 1
822 556 1
861 556 1
1187 556 1
1196 556 1
1313 556 3
1529 556 1
1530 556 1
1675 556 1
294 557 1
556 557 2
809 557 1
1196 557 1
71 558 1
300 558 1
1369 559 1
202 560 1
1104 560 1
16 561 2
423 562 1
478 562 1
1311 562 1
1312 562 1
1225 563 1
1268 564 1
1269 564 1
1270 564 1
55 565 1
63 565 1
84 566 1
205 566 1
368 566 1
656 566 2
133 567 1
397 567 1
1308 567 1
551 568 1
512 569 1
73 570 1
331 570 1
1524 570 1
478 571 1
399 572 1
578 572 1
1056 573 1
20 574 1
1642 574 1
1643 574 1
1644 574 1
200 575 1
261 575 1
157 576 1
219 576 1
577 576 1
157 577 1
219 577 1
576 577 1
399 578 1
572 578 1
34 579 2
220 579 1
323 579 2
362 580 2
921 580 1
1515 580 1
1632 580 1
81 581 1
1617 581 1
1618 581 1
282 582 2
354 582 1
1468 582 1
787 583 1
999 583 1
1450 583 1
1696 583 1
114 584 1
239 584 1
738 584 1
165 585 1
292 585 1
149 586 2
1569 586 2
1570 586 2
489 587 1
490 587 1
491 587 1
492 587 1
529 587 1
802 587 1
12 588 1
589 588 1
12 589 1
588 589 1
80 590 2
669 590 1
771 590 1
1341 590 1
1441 590 1
116 591 2
263 591 2
641 591 2
630 592 1
675 593 5
735 593 1
958 593 1
1115 593 1
1116 593 1
1423 593 1
1533 593 2
1534 593 3
1535 593 1
1536 593 2
1638 593 1
971 594 1
1380 594 1
29 595 1
149 595 1
903 595 1
1408 595 1
709 596 1
928 596 1
929 596 1
598 597 3
599 597 3
742 597 1
743 597 1
744 597 3
745 597 1
597 598 3
599 598 3
742 598 1
743 598 2
744 598 4
745 598 1
1626 598 1
597 599 3
598 599 3
742 599 1
743 599 1
744 599 3
745 599 1
431 600 1
644 601 1
1074 601 1
80 602 1
534 603 3
780 603 3
380 604 1
1586 605 1
1361 606 2
1362 606 1
624 607 1
1260 608 1
1261 608 1
631 609 1
611 610 1
610 611 1
445 612 2
1438 612 2
1599 612 1
379 613 1
614 613 1
379 614 2
613 614 1
57 615 1
101 615 1
169 615 1
194 615 1
616 615 1
57 616 1
78 616 1
101 616 1
153 616 2
169 616 1
176 616 1
177 616 1
194 616 1
386 616 1
392 616 1
427 616 1
615 616 1
733 616 1
734 616 1
762 616 1
813 616 1
1126 616 1
145 617 1
332 617 1
333 617 1
456 617 3
459 617 1
874 618 1
1183 618 1
1258 618 1
662 619 1
1358 619 1
1359 619 1
1360 619 1
460 620 1
859 620 2
1040 620 1
263 621 1
387 621 2
389 621 1
704 622 1
1473 622 1
1474 622 1
1033 623 1
1034 623 1
607 624 1
649 625 1
1594 625 1
1224 626 1
224 627 1
1596 627 1
629 628 3
477 629 1
628 629 3
663 629 1
766 629 1
1003 629 1
1389 629 1
592 630 1
609 631 1
458 632 1
123 633 2
230 633 2
409 633 1
657 634 1
1653 634 1
1654 634 1
81 635 1
82 635 1
515 635 1
850 635 1
1603 635 1
637 636 1
636 637 1
493 638 1
493 639 2
37 640 2
161 640 1
162 640 1
402 640 1
792 640 2
98 641 1
116 641 2
263 641 2
591 641 2
1310 641 1
1184 642 1
405 643 1
406 643 1
601 644 1
31 645 1
183 645 1
1041 646 2
1260 646 1
1276 646 1
44 647 1
648 647 1
910 647 1
957 647 1
959 647 1
647 648 1
776 648 1
777 648 1
957 648 1
262 649 1
625 649 1
798 649 1
878 649 1
1088 649 2
1089 649 4
1352 649 1
1444 649 2
1507 649 1
1508 649 1
1594 649 1
1693 649 1
1694 649 1
1695 649 1
799 650 1
880 650 1
1195 650 1
652 651 1
651 652 1
173 653 2
1198 654 1
656 655 1
84 656 1
205 656 1
351 656 1
368 656 2
566 656 2
655 656 1
827 656 1
1112 656 1
634 657 1
1653 657 1
1654 657 1
862 658 1
10 659 1
11 659 1
257 659 1
258 659 1
327 659 1
328 659 1
1636 659 1
661 660 1
1488 660 1
660 661 1
1488 661 1
619 662 1
1358 662 1
1359 662 1
1360 662 1
477 663 1
629 663 1
497 664 1
757 664 1
1257 664 1
1326 664 1
1329 664 1
1381 664 1
1052 665 1
190 666 1
492 666 1
667 666 1
668 666 1
190 667 1
492 667 1
666 667 1
668 667 1
190 668 1
492 668 1
666 668 1
667 668 1
80 669 1
590 669 1
1441 669 1
420 670 2
437 670 1
1210 671 1
263 672 1
420 673 1
942 673 1
1661 673 1
765 674 1
593 675 5
1423 675 1
1533 675 2
1534 675 3
1535 675 1
1536 675 2
1638 675 1
65 676 1
1264 677 1
355 678 1
488 679 1
508 679 1
1080 679 1
1459 680 1
1460 680 1
1461 680 1
5 681 1
512 681 1
1127 681 1
1211 681 1
1489 681 1
54 682 1
56 683 1
212 683 1
223 683 1
355 683 1
716 683 1
1226 683 1
1227 683 1
836 684 1
837 684 1
1289 684 1
686 685 1
685 686 1
115 687 1
1254 688 1
227 689 1
1611 689 1
1180 690 1
1181 690 1
794 691 1
153 692 1
1582 693 1
1583 693 1
267 694 1
695 694 1
770 694 1
819 694 1
873 694 1
694 695 1
819 695 1
212 696 1
1691 697 1
1692 697 1
21 698 1
218 698 1
357 698 1
706 698 1
711 698 1
1516 698 1
413 699 1
914 699 1
1677 699 1
7 700 1
316 700 1
282 701 1
546 701 1
702 701 1
1518 701 1
1519 701 1
1520 701 1
282 702 1
546 702 1
701 702 1
1233 703 1
622 704 1
1473 704 1
1474 704 1
444 705 1
757 705 1
1543 705 1
21 706 1
218 706 1
357 706 1
698 706 1
711 706 1
1516 706 1
483 707 1
710 707 1
1665 707 1
79 708 1
1506 708 1
596 709 1
928 709 1
929 709 1
483 710 1
707 710 1
1665 710 1
21 711 1
218 711 1
357 711 1
698 711 1
706 711 1
1516 711 1
342 712 1
713 712 3
714 712 1
1143 712 1
1465 712 1
342 713 1
712 713 3
714 713 1
1143 713 1
1465 713 1
712 714 1
713 714 1
1465 714 1
361 715 1
56 716 1
212 716 1
223 716 1
355 716 1
683 716 1
522 717 1
554 717 1
881 717 1
984 717 1
1357 717 1
1453 718 1
59 719 1
199 719 1
720 719 1
59 720 1
199 720 1
719 720 1
45 721 1
46 721 1
509 722 1
1081 722 1
1479 722 1
1375 723 1
111 724 3
240 724 3
336 724 3
336 725 1
727 726 1
728 726 1
726 727 1
728 727 1
726 728 1
727 728 1
792 729 1
980 729 2
1169 729 1
1379 729 1
739 730 1
740 730 1
741 730 1
400 731 1
1543 731 1
1650 732 1
153 733 1
213 733 1
616 733 1
734 733 1
748 733 1
153 734 1
616 734 1
733 734 1
47 735 2
100 735 2
101 735 2
173 735 1
593 735 1
752 735 1
863 735 1
905 735 2
958 735 1
960 735 3
1001 735 1
1115 735 1
1116 735 1
1581 735 1
1699 735 1
1700 735 1
454 736 1
1030 736 1
1037 736 1
1442 736 1
755 737 1
1007 737 1
1147 737 1
1199 737 1
114 738 1
239 738 1
584 738 1
730 739 1
740 739 1
741 739 1
730 740 1
739 740 1
741 740 1
730 741 1
739 741 1
740 741 1
1262 741 1
597 742 1
598 742 1
599 742 1
743 742 1
744 742 1
597 743 1
598 743 2
599 743 1
742 743 1
744 743 2
1626 743 1
597 744 3
598 744 4
599 744 3
742 744 1
743 744 2
745 744 1
1626 744 1
597 745 1
598 745 1
599 745 1
744 745 1
93 746 1
1458 746 1
786 747 1
787 747 1
733 748 1
767 749 1
882 749 1
918 749 1
1432 749 1
771 750 1
915 750 2
1046 750 1
1047 750 2
1295 750 1
847 751 1
849 751 1
735 752 1
960 752 1
986 752 1
1001 752 1
1699 752 1
1700 752 1
941 753 1
997 753 1
1178 754 1
737 755 1
869 755 1
29 756 1
75 756 1
159 756 1
458 756 1
781 756 1
854 756 1
911 756 1
1306 756 1
1645 756 1
1686 756 1
1687 756 1
129 757 2
497 757 1
664 757 1
705 757 1
1053 757 1
1449 757 1
1543 757 2
1576 757 1
411 758 1
107 759 1
1057 759 1
1058 759 1
420 760 1
478 761 1
778 761 1
1259 761 1
1542 761 1
1560 761 1
1651 761 1
1652 761 1
616 762 1
458 763 1
898 763 1
149 764 2
674 765 1
629 766 1
749 767 1
918 767 1
1367 768 1
115 769 1
267 770 1
694 770 1
873 770 1
590 771 1
750 771 1
915 771 1
1046 771 1
1047 771 1
1341 771 1
773 772 1
1572 772 1
1573 772 1
772 773 1
1572 773 1
1573 773 1
843 774 1
1146 774 1
1303 774 1
1304 774 1
1305 774 1
186 775 1
1368 775 1
648 776 1
777 776 1
648 777 1
776 777 1
828 777 1
967 777 1
1000 777 1
761 778 1
534 779 1
1135 779 1
1136 779 1
526 780 1
532 780 1
534 780 3
603 780 3
1132 780 1
1589 780 1
1590 780 1
1591 780 1
756 781 1
911 781 1
1038 782 1
1036 783 1
1256 783 1
96 784 1
341 784 1
916 785 1
940 785 1
747 786 1
787 786 1
583 787 1
747 787 1
786 787 1
868 787 1
888 787 1
889 787 1
1014 787 1
1042 787 1
1152 787 1
1490 787 1
1696 787 1
1153 788 1
1154 788 1
1006 789 1
147 790 1
1309 790 1
792 791 1
1110 791 1
1111 791 1
37 792 2
640 792 2
729 792 1
791 792 1
980 792 1
1110 792 1
1111 792 1
1237 793 1
1238 793 1
127 794 1
691 794 1
806 794 1
876 794 1
556 795 1
861 795 1
511 796 1
880 797 1
1406 797 1
1407 797 1
649 798 1
650 799 1
880 799 1
1054 799 1
1055 799 1
1195 799 1
360 800 1
992 800 1
993 800 1
1197 800 1
874 801 1
908 801 1
998 801 1
489 802 1
490 802 1
491 802 1
492 802 1
529 802 1
587 802 1
900 802 1
804 803 2
1202 803 1
803 804 2
1202 804 1
376 805 2
794 806 1
148 807 2
1015 807 1
1627 807 1
1628 807 1
1629 807 1
891 808 1
294 809 1
556 809 1
557 809 1
865 810 1
1025 810 1
1337 810 1
1338 810 1
871 811 1
994 811 1
1351 811 1
190 812 1
78 813 1
173 813 2
616 813 1
1032 813 1
1186 813 1
1234 813 2
27 814 1
42 814 1
43 814 1
1106 814 1
1249 815 2
1223 816 1
1 817 1
950 818 1
1469 818 1
1470 818 1
694 819 1
695 819 1
952 820 1
996 820 1
514 821 1
884 821 1
1291 821 1
445 822 1
499 822 1
500 822 1
556 822 1
823 822 2
830 822 1
932 822 2
1529 822 1
1530 822 1
1649 822 1
822 823 2
830 823 1
932 823 1
1649 823 1
985 824 1
1205 824 1
919 825 1
1009 825 1
282 826 1
453 826 1
656 827 1
777 828 1
967 828 1
1659 829 1
1660 829 1
822 830 1
823 830 1
199 831 1
1228 832 1
1229 832 1
1446 833 1
87 834 1
920 835 1
1637 835 1
684 836 1
837 836 1
1289 836 1
684 837 1
836 837 1
1289 837 1
839 838 1
840 838 2
863 838 1
870 838 1
1297 838 1
838 839 1
840 839 1
863 839 1
838 840 2
839 840 1
863 840 1
870 840 2
1043 840 1
1297 840 2
109 841 1
1608 841 1
843 842 3
57 843 1
476 843 2
774 843 1
842 843 3
1302 843 1
1303 843 1
1304 843 1
1305 843 1
1284 844 1
22 845 1
947 846 1
1039 846 1
1505 846 1
80 847 1
172 847 1
751 847 1
849 847 1
1437 848 1
751 849 1
847 849 1
1059 849 1
1060 849 1
1061 849 1
1062 849 1
1063 849 1
635 850 1
1296 850 1
1603 850 1
200 851 1
1431 851 1
1670 852 1
148 853 2
1010 853 2
1333 853 1
75 854 1
159 854 1
458 854 1
756 854 1
1645 854 1
1531 855 2
337 856 1
983 856 1
527 857 1
440 858 1
1002 858 1
460 859 1
620 859 2
1040 859 1
384 860 1
556 861 1
795 861 1
658 862 1
173 863 1
735 863 1
838 863 1
839 863 1
840 863 1
960 863 1
1307 864 1
810 865 1
1025 865 1
1337 865 1
1338 865 1
311 866 1
1331 866 1
94 867 1
148 867 1
787 868 1
755 869 1
871 869 2
904 869 1
946 869 1
1028 869 2
1400 869 1
838 870 1
840 870 2
1043 870 1
1297 870 2
811 871 1
869 871 2
904 871 1
994 871 1
1351 871 1
199 872 1
267 873 1
694 873 1
770 873 1
618 874 1
801 874 1
908 874 1
998 874 1
1258 874 1
19 875 1
107 875 1
127 876 4
794 876 1
974 877 1
1182 877 1
649 878 1
1352 878 1
290 879 1
291 879 2
365 879 1
938 879 2
988 879 1
1031 879 1
1066 879 4
1188 879 1
1466 879 1
650 880 1
797 880 1
799 880 1
1195 880 1
1406 880 1
1407 880 1
717 881 1
984 881 1
749 882 1
1432 882 1
458 883 1
935 883 2
185 884 1
186 884 1
432 884 1
514 884 1
821 884 1
1291 884 1
923 885 1
26 886 1
31 886 1
32 886 1
343 886 1
229 887 1
230 887 1
787 888 1
1235 888 1
1236 888 1
787 889 1
1079 890 1
1170 890 1
1171 890 1
808 891 1
1064 892 1
277 893 1
478 894 1
955 894 1
970 894 1
896 895 1
897 895 1
1671 895 1
1672 895 1
895 896 1
897 896 2
1017 896 1
1671 896 1
1672 896 1
1697 896 1
895 897 1
896 897 2
1017 897 1
1671 897 1
1672 897 1
1697 897 1
458 898 1
763 898 1
129 899 1
374 899 1
802 900 1
256 901 1
944 901 1
1384 901 1
1332 902 1
149 903 1
595 903 1
869 904 1
871 904 1
735 905 2
4 906 1
285 907 1
286 907 1
549 907 1
801 908 1
874 908 1
998 908 1
492 909 1
969 909 1
44 910 1
647 910 1
756 911 1
781 911 1
297 912 1
500 913 1
531 913 2
338 914 1
413 914 2
699 914 1
1677 914 1
85 915 1
750 915 2
771 915 1
1046 915 1
1047 915 2
1295 915 1
1315 915 1
785 916 1
940 916 1
148 917 1
1610 917 1
444 918 1
749 918 1
767 918 1
948 918 1
825 919 1
1009 919 1
835 920 1
1637 920 1
362 921 1
580 921 1
1515 921 1
344 922 1
478 922 1
885 923 1
1500 924 3
1585 924 1
1424 925 1
4 926 1
1192 927 1
1193 927 1
1194 927 1
596 928 1
709 928 1
929 928 1
596 929 1
709 929 1
928 929 1
487 930 1
209 931 1
1436 931 1
445 932 1
499 932 1
500 932 1
822 932 2
823 932 1
1649 932 1
1678 933 1
225 934 1
304 934 1
458 935 1
883 935 2
937 936 1
936 937 1
879 938 2
988 938 1
1031 938 1
109 939 1
785 940 1
916 940 1
753 941 1
997 941 1
420 942 3
673 942 1
1661 942 1
1664 942 1
1688 942 1
208 943 1
210 943 1
306 943 1
256 944 1
901 944 1
1384 944 1
1661 945 1
1662 945 1
1663 945 1
1664 945 1
869 946 1
846 947 1
1039 947 1
1505 947 1
444 948 2
918 948 1
18 949 1
1448 949 1
818 950 1
1469 950 1
1470 950 1
475 951 1
1073 951 1
1074 951 1
820 952 1
996 952 1
76 953 2
486 953 2
1076 953 1
1069 954 1
1070 954 1
478 955 1
894 955 1
970 955 1
1130 955 1
1131 955 1
1290 955 2
1373 955 1
231 956 1
1575 956 1
647 957 1
648 957 1
593 958 1
735 958 1
1115 958 1
1116 958 1
647 959 1
173 960 1
735 960 3
752 960 1
863 960 1
1001 960 1
1581 960 1
1699 960 1
1700 960 1
138 961 1
340 961 1
185 962 1
49 963 1
966 964 1
107 965 1
964 966 1
777 967 1
828 967 1
16 968 1
243 968 1
492 969 1
909 969 1
478 970 1
894 970 1
955 970 1
594 971 1
1380 971 1
140 972 1
141 972 1
142 972 1
143 972 1
266 973 1
1387 973 1
877 974 1
1182 974 1
1158 975 1
1159 975 1
1160 975 1
1023 976 1
1024 976 1
1420 977 1
1065 978 1
1277 979 1
1278 979 1
1279 979 1
729 980 2
792 980 1
1379 980 1
282 981 1
1376 981 1
4 982 1
335 982 1
1445 982 1
337 983 1
856 983 1
717 984 1
881 984 1
824 985 1
752 986 1
112 987 1
268 987 1
299 987 1
354 987 1
879 988 1
938 988 1
989 988 1
1031 988 1
988 989 1
238 990 1
991 990 1
238 991 1
990 991 1
800 992 1
993 992 1
800 993 1
992 993 1
811 994 1
871 994 1
1351 994 1
164 995 1
1600 995 1
820 996 1
952 996 1
753 997 1
941 997 1
801 998 1
874 998 1
908 998 1
583 999 1
1450 999 1
777 1000 1
735 1001 1
752 1001 1
960 1001 1
1581 1001 1
1699 1001 1
1700 1001 1
858 1002 1
629 1003 1
1005 1004 1
1004 1005 1
789 1006 1
737 1007 1
1199 1007 1
311 1008 1
1595 1008 2
825 1009 1
919 1009 1
148 1010 3
853 1010 2
1333 1010 1
1547 1010 1
1548 1010 1
1549 1010 1
367 1011 1
1294 1011 1
1443 1012 1
1103 1013 1
787 1014 1
1152 1014 1
148 1015 1
807 1015 1
1086 1016 1
1087 1016 1
896 1017 1
897 1017 1
1697 1017 1
1019 1018 1
1020 1018 1
1018 1019 1
1020 1019 1
1018 1020 1
1019 1020 1
427 1021 1
1022 1021 1
1478 1021 1
1566 1021 1
1567 1021 1
1021 1022 1
1566 1022 1
1567 1022 1
976 1023 1
1024 1023 1
976 1024 1
1023 1024 1
810 1025 1
865 1025 1
1337 1025 1
1338 1025 1
1027 1026 1
1026 1027 1
869 1028 2
1206 1028 1
282 1029 1
1343 1029 1
1344 1029 1
1345 1029 1
454 1030 1
736 1030 1
1037 1030 1
879 1031 1
938 1031 1
988 1031 1
813 1032 1
1234 1032 1
623 1033 1
1034 1033 1
623 1034 1
1033 1034 1
1323 1035 1
783 1036 1
1256 1036 1
454 1037 1
736 1037 1
1030 1037 1
782 1038 1
846 1039 1
947 1039 1
1505 1039 1
620 1040 1
859 1040 1
646 1041 2
1260 1041 1
787 1042 1
1490 1042 1
840 1043 1
870 1043 1
1297 1043 1
1045 1044 3
1044 1045 3
1232 1045 1
750 1046 1
771 1046 1
915 1046 1
1047 1046 1
750 1047 2
771 1047 1
915 1047 2
1046 1047 1
1295 1047 1
61 1048 1
1049 1048 1
1050 1048 1
1051 1048 1
61 1049 1
1048 1049 1
1050 1049 1
1051 1049 1
61 1050 1
1048 1050 1
1049 1050 1
1051 1050 1
61 1051 1
1048 1051 1
1049 1051 1
1050 1051 1
665 1052 1
129 1053 1
757 1053 1
799 1054 1
1055 1054 1
799 1055 1
1054 1055 1
573 1056 1
107 1057 1
759 1057 1
1058 1057 1
107 1058 1
759 1058 1
1057 1058 1
849 1059 1
1060 1059 1
1061 1059 1
1062 1059 1
1063 1059 1
1097 1059 1
849 1060 1
1059 1060 1
1061 1060 1
1062 1060 1
1063 1060 1
849 1061 1
1059 1061 1
1060 1061 1
1062 1061 1
1063 1061 1
849 1062 1
1059 1062 1
1060 1062 1
1061 1062 1
1063 1062 1
849 1063 1
1059 1063 1
1060 1063 1
1061 1063 1
1062 1063 1
892 1064 1
978 1065 1
291 1066 1
879 1066 4
1466 1066 1
427 1067 1
1068 1067 1
427 1068 1
1067 1068 1
1240 1068 1
954 1069 1
1070 1069 1
954 1070 1
1069 1070 1
1072 1071 1
1071 1072 1
475 1073 1
951 1073 1
1074 1073 1
475 1074 1
601 1074 1
951 1074 1
1073 1074 1
263 1075 2
953 1076 1
67 1077 1
68 1077 1
69 1077 1
89 1078 1
90 1078 1
91 1078 1
339 1078 1
890 1079 1
488 1080 1
508 1080 1
679 1080 1
509 1081 1
722 1081 1
147 1082 1
1083 1082 1
1082 1083 1
1165 1083 1
1085 1084 1
1084 1085 1
1016 1086 1
1087 1086 1
1016 1087 1
1086 1087 1
649 1088 2
1089 1088 2
649 1089 4
1088 1089 2
1444 1089 2
1507 1089 1
1508 1089 1
548 1090 1
1091 1090 1
1092 1090 1
548 1091 1
1090 1091 1
1092 1091 1
1230 1091 1
548 1092 1
1090 1092 1
1091 1092 1
1094 1093 1
1093 1094 1
1096 1095 1
1095 1096 1
1059 1097 1
1098 1097 1
1102 1097 1
1097 1098 1
498 1099 1
1100 1099 1
1101 1099 1
498 1100 1
1099 1100 1
1101 1100 1
498 1101 1
1099 1101 1
1100 1101 1
1097 1102 1
1013 1103 1
202 1104 1
560 1104 1
411 1105 1
27 1106 1
42 1106 1
43 1106 1
814 1106 1
1108 1107 1
1109 1107 1
1107 1108 1
1109 1108 1
1107 1109 1
1108 1109 1
791 1110 1
792 1110 1
1111 1110 1
791 1111 1
792 1111 1
1110 1111 1
351 1112 1
656 1112 1
1114 1113 1
1113 1114 1
593 1115 1
735 1115 1
958 1115 1
1116 1115 1
593 1116 1
735 1116 1
958 1116 1
1115 1116 1
129 1117 1
311 1118 1
80 1119 1
1120 1119 1
1121 1119 1
80 1120 1
1119 1120 1
1121 1120 1
80 1121 1
1119 1121 1
1120 1121 1
80 1122 1
80 1123 1
389 1123 1
1125 1124 2
1124 1125 2
427 1126 1
616 1126 1
5 1127 1
376 1127 1
681 1127 1
1211 1127 1
1129 1128 1
1128 1129 1
955 1130 1
1131 1130 1
955 1131 1
1130 1131 1
526 1132 1
532 1132 1
780 1132 1
1134 1133 1
1133 1134 1
534 1135 1
779 1135 1
1136 1135 1
534 1136 1
779 1136 1
1135 1136 1
1138 1137 1
1139 1137 1
1140 1137 1
1137 1138 1
1139 1138 1
1140 1138 1
1137 1139 1
1138 1139 1
1140 1139 1
1137 1140 1
1138 1140 1
1139 1140 1
1142 1141 1
1141 1142 1
712 1143 1
713 1143 1
511 1144 1
458 1145 1
774 1146 1
737 1147 1
1149 1148 1
1150 1148 1
1151 1148 1
1148 1149 1
1150 1149 1
1151 1149 1
1148 1150 1
1149 1150 1
1151 1150 1
1148 1151 1
1149 1151 1
1150 1151 1
787 1152 1
1014 1152 1
788 1153 1
1154 1153 1
788 1154 1
1153 1154 1
471 1155 1
1157 1156 1
1156 1157 1
975 1158 1
1159 1158 1
1160 1158 1
975 1159 1
1158 1159 1
1160 1159 1
975 1160 1
1158 1160 1
1159 1160 1
415 1161 1
506 1162 1
507 1162 1
1164 1163 1
1163 1164 1
1083 1165 1
147 1166 1
458 1166 2
1394 1166 1
1168 1167 1
1167 1168 1
729 1169 1
890 1170 1
1171 1170 1
890 1171 1
1170 1171 1
1173 1172 1
1174 1172 1
1175 1172 1
1172 1173 1
1174 1173 1
1175 1173 1
1172 1174 1
1173 1174 1
1175 1174 1
1172 1175 1
1173 1175 1
1174 1175 1
370 1176 1
115 1177 1
754 1178 1
1179 1178 1
1178 1179 1
1281 1179 1
1363 1179 1
1364 1179 1
1395 1179 1
1396 1179 1
1397 1179 1
1398 1179 1
1657 1179 1
1658 1179 1
690 1180 1
1181 1180 1
690 1181 1
1180 1181 1
877 1182 1
974 1182 1
618 1183 1
642 1184 1
387 1185 1
388 1185 1
813 1186 1
556 1187 1
879 1188 1
1190 1189 1
1191 1189 1
1189 1190 1
1191 1190 1
1189 1191 1
1190 1191 1
927 1192 1
1193 1192 1
1194 1192 1
927 1193 1
1192 1193 1
1194 1193 1
927 1194 1
1192 1194 1
1193 1194 1
650 1195 1
799 1195 1
880 1195 1
556 1196 1
557 1196 1
800 1197 1
654 1198 1
737 1199 1
1007 1199 1
1201 1200 1
1200 1201 1
803 1202 1
804 1202 1
1204 1203 1
1203 1204 1
824 1205 1
1028 1206 1
1208 1207 1
1209 1207 1
1207 1208 1
1209 1208 1
1207 1209 1
1208 1209 1
671 1210 1
5 1211 1
681 1211 1
1127 1211 1
224 1212 1
1440 1213 1
525 1214 1
1215 1214 1
1216 1214 1
525 1215 1
1214 1215 1
1216 1215 1
525 1216 1
1214 1216 1
1215 1216 1
117 1217 1
1218 1217 1
35 1218 1
117 1218 1
1217 1218 1
1339 1218 2
1377 1218 1
408 1219 1
1561 1219 1
209 1220 1
408 1220 1
1222 1221 1
1221 1222 1
816 1223 1
626 1224 1
563 1225 1
683 1226 1
1227 1226 1
683 1227 1
1226 1227 1
832 1228 1
1229 1228 1
832 1229 1
1228 1229 1
1091 1230 1
4 1231 1
255 1231 1
398 1231 1
1045 1232 1
703 1233 1
813 1234 2
1032 1234 1
888 1235 1
1236 1235 1
888 1236 1
1235 1236 1
793 1237 1
1238 1237 1
793 1238 1
1237 1238 1
100 1239 1
101 1239 1
127 1239 1
1068 1240 1
1242 1241 2
1241 1242 2
1275 1242 2
1244 1243 1
1245 1243 1
1243 1244 1
1245 1244 1
1243 1245 1
1244 1245 1
1247 1246 1
1248 1246 1
1246 1247 1
1248 1247 1
1246 1248 1
1247 1248 1
815 1249 2
1251 1250 1
1250 1251 1
1253 1252 1
1252 1253 1
688 1254 1
125 1255 1
126 1255 1
127 1255 1
783 1256 1
1036 1256 1
664 1257 1
618 1258 1
874 1258 1
761 1259 1
608 1260 1
646 1260 1
1041 1260 1
1261 1260 1
608 1261 1
1260 1261 1
741 1262 1
153 1263 1
677 1264 1
1266 1265 1
1267 1265 1
1265 1266 1
1267 1266 1
1265 1267 1
1266 1267 1
564 1268 1
1269 1268 1
1270 1268 1
564 1269 1
1268 1269 1
1270 1269 1
564 1270 1
1268 1270 1
1269 1270 1
1272 1271 1
1273 1271 1
1274 1271 1
1271 1272 1
1273 1272 1
1274 1272 1
1271 1273 1
1272 1273 1
1274 1273 1
1271 1274 1
1272 1274 1
1273 1274 1
1242 1275 2
646 1276 1
979 1277 1
1278 1277 1
1279 1277 1
979 1278 1
1277 1278 1
1279 1278 1
979 1279 1
1277 1279 1
1278 1279 1
512 1280 1
1179 1281 1
1282 1281 1
1283 1281 1
1363 1281 1
1364 1281 1
1281 1282 1
1283 1282 1
1281 1283 1
1282 1283 1
844 1284 1
1286 1285 1
1285 1286 1
449 1287 1
1288 1287 1
449 1288 1
1287 1288 1
1574 1288 1
684 1289 1
836 1289 1
837 1289 1
955 1290 2
1373 1290 1
514 1291 1
821 1291 1
884 1291 1
1293 1292 1
1292 1293 1
367 1294 1
1011 1294 1
750 1295 1
915 1295 1
1047 1295 1
850 1296 1
838 1297 1
840 1297 2
870 1297 2
1043 1297 1
393 1298 1
482 1298 1
502 1298 1
503 1298 1
504 1298 1
541 1298 1
542 1298 1
1655 1298 1
1656 1298 1
1300 1299 1
1299 1300 1
108 1301 1
178 1301 1
179 1301 1
180 1301 1
843 1302 1
774 1303 1
843 1303 1
1304 1303 1
1305 1303 1
774 1304 1
843 1304 1
1303 1304 1
1305 1304 1
173 1305 1
774 1305 1
843 1305 1
1303 1305 1
1304 1305 1
1698 1305 1
756 1306 1
864 1307 1
133 1308 1
397 1308 1
567 1308 1
147 1309 1
790 1309 1
98 1310 1
641 1310 1
423 1311 1
562 1311 1
1312 1311 1
423 1312 1
562 1312 1
1311 1312 1
556 1313 3
181 1314 1
85 1315 1
915 1315 1
122 1316 1
1317 1316 1
1318 1316 1
122 1317 1
1316 1317 1
1318 1317 1
122 1318 1
1316 1318 1
1317 1318 1
403 1319 1
1321 1320 1
1322 1320 1
1320 1321 1
1322 1321 1
1320 1322 1
1321 1322 1
1035 1323 1
1325 1324 1
1324 1325 1
664 1326 1
1328 1327 1
1327 1328 1
664 1329 1
1330 1329 1
1329 1330 1
311 1331 1
866 1331 1
902 1332 1
148 1333 1
853 1333 1
1010 1333 1
1335 1334 1
1334 1335 1
1523 1335 1
528 1336 1
810 1337 1
865 1337 1
1025 1337 1
1338 1337 1
810 1338 1
865 1338 1
1025 1338 1
1337 1338 1
35 1339 1
1218 1339 2
1377 1339 1
83 1340 1
590 1341 1
771 1341 1
4 1342 1
255 1342 1
282 1343 1
1029 1343 1
1344 1343 1
1345 1343 1
282 1344 1
1029 1344 1
1343 1344 1
1345 1344 1
282 1345 1
1029 1345 1
1343 1345 1
1344 1345 1
1347 1346 1
1346 1347 1
1349 1348 1
1348 1349 1
4 1350 1
811 1351 1
871 1351 1
994 1351 1
649 1352 1
878 1352 1
80 1353 1
389 1353 1
205 1354 1
24 1355 2
75 1355 2
1356 1355 2
24 1356 2
75 1356 2
1355 1356 2
522 1357 1
717 1357 1
619 1358 1
662 1358 1
1359 1358 1
1360 1358 1
619 1359 1
662 1359 1
1358 1359 1
1360 1359 1
619 1360 1
662 1360 1
1358 1360 1
1359 1360 1
606 1361 2
1362 1361 1
606 1362 1
1361 1362 1
1179 1363 1
1281 1363 1
1364 1363 1
1179 1364 1
1281 1364 1
1363 1364 1
39 1365 1
1366 1365 1
39 1366 1
1365 1366 1
768 1367 1
186 1368 1
775 1368 1
559 1369 1
212 1370 1
246 1371 1
445 1372 1
499 1372 1
955 1373 1
1290 1373 1
226 1374 1
555 1374 1
723 1375 1
282 1376 2
981 1376 1
1218 1377 1
1339 1377 1
145 1378 1
456 1378 1
729 1379 1
980 1379 1
594 1380 1
971 1380 1
664 1381 1
342 1382 1
306 1383 1
256 1384 1
901 1384 1
944 1384 1
437 1385 2
306 1386 1
266 1387 1
973 1387 1
48 1388 1
629 1389 1
279 1390 1
1391 1390 1
279 1391 1
1390 1391 1
539 1392 1
1393 1392 1
539 1393 1
1392 1393 1
65 1394 1
147 1394 2
458 1394 1
1166 1394 1
1179 1395 1
1396 1395 1
1397 1395 1
1398 1395 1
1179 1396 1
1395 1396 1
1397 1396 1
1398 1396 1
1179 1397 1
1395 1397 1
1396 1397 1
1398 1397 1
1179 1398 1
1395 1398 1
1396 1398 1
1397 1398 1
306 1399 1
452 1399 1
869 1400 1
1402 1401 1
1401 1402 1
420 1403 1
437 1403 1
1405 1404 1
1404 1405 1
797 1406 1
880 1406 1
1407 1406 1
797 1407 1
880 1407 1
1406 1407 1
29 1408 1
595 1408 1
175 1409 1
92 1410 1
1412 1411 1
1411 1412 1
1414 1413 1
1415 1413 1
1416 1413 1
1413 1414 1
1415 1414 1
1416 1414 1
1413 1415 1
1414 1415 1
1416 1415 1
1413 1416 1
1414 1416 1
1415 1416 1
27 1417 1
363 1417 1
1418 1417 1
1419 1417 1
27 1418 1
363 1418 1
1417 1418 1
1419 1418 1
27 1419 1
363 1419 1
1417 1419 1
1418 1419 1
977 1420 1
342 1421 1
1422 1421 1
342 1422 1
1421 1422 1
593 1423 1
675 1423 1
925 1424 1
1426 1425 1
1427 1425 1
1428 1425 1
1425 1426 1
1427 1426 1
1428 1426 1
1425 1427 1
1426 1427 1
1428 1427 1
1425 1428 1
1426 1428 1
1427 1428 1
1430 1429 1
1429 1430 1
200 1431 1
851 1431 1
749 1432 1
882 1432 1
1434 1433 1
1433 1434 1
116 1435 1
464 1435 1
209 1436 1
931 1436 1
848 1437 1
445 1438 2
612 1438 2
1599 1438 1
419 1439 1
421 1439 1
1213 1440 1
80 1441 1
590 1441 1
669 1441 1
736 1442 1
1012 1443 1
649 1444 2
1089 1444 2
1507 1444 1
1508 1444 1
4 1445 1
335 1445 1
982 1445 1
833 1446 1
456 1447 1
457 1447 1
18 1448 1
949 1448 1
129 1449 1
757 1449 1
583 1450 1
999 1450 1
280 1451 2
1452 1451 1
1673 1451 1
1674 1451 1
280 1452 1
1451 1452 1
718 1453 1
516 1454 1
1455 1454 1
516 1455 1
1454 1455 1
275 1456 1
1457 1456 1
275 1457 1
1456 1457 1
93 1458 1
746 1458 1
680 1459 1
1460 1459 1
1461 1459 1
680 1460 1
1459 1460 1
1461 1460 1
680 1461 1
1459 1461 1
1460 1461 1
517 1462 1
1463 1462 1
1464 1462 1
517 1463 1
1462 1463 1
1464 1463 1
517 1464 1
1462 1464 1
1463 1464 1
712 1465 1
713 1465 1
714 1465 1
291 1466 1
879 1466 1
1066 1466 1
84 1467 1
315 1467 1
282 1468 1
582 1468 1
818 1469 1
950 1469 1
1470 1469 1
818 1470 1
950 1470 1
1469 1470 1
7 1471 1
86 1471 1
197 1471 1
305 1471 1
450 1472 1
622 1473 1
704 1473 1
1474 1473 1
622 1474 1
704 1474 1
1473 1474 1
1476 1475 1
1475 1476 1
427 1477 1
1478 1477 1
427 1478 2
1021 1478 1
1477 1478 1
722 1479 1
437 1480 1
137 1481 1
450 1481 1
147 1482 1
459 1482 1
1484 1483 1
1483 1484 1
1486 1485 1
1487 1485 1
1485 1486 1
1487 1486 1
1485 1487 1
1486 1487 1
660 1488 1
661 1488 1
512 1489 1
681 1489 1
787 1490 1
1042 1490 1
1492 1491 1
1493 1491 1
1494 1491 1
1491 1492 1
1493 1492 1
1494 1492 1
1491 1493 1
1492 1493 1
1494 1493 1
1491 1494 1
1492 1494 1
1493 1494 1
144 1495 1
401 1495 1
1496 1495 1
144 1496 1
401 1496 1
1495 1496 1
103 1497 1
202 1498 1
1499 1498 1
202 1499 1
1498 1499 1
924 1500 3
1585 1500 1
1502 1501 1
1503 1501 1
1504 1501 1
1501 1502 1
1503 1502 1
1504 1502 1
1501 1503 1
1502 1503 1
1504 1503 1
1501 1504 1
1502 1504 1
1503 1504 1
846 1505 1
947 1505 1
1039 1505 1
79 1506 1
708 1506 1
649 1507 1
1089 1507 1
1444 1507 1
1508 1507 1
649 1508 1
1089 1508 1
1444 1508 1
1507 1508 1
174 1509 1
530 1509 1
45 1510 1
100 1511 1
101 1511 2
535 1511 1
1512 1511 2
100 1512 1
101 1512 2
535 1512 1
1511 1512 2
1514 1513 1
1513 1514 1
362 1515 1
580 1515 1
921 1515 1
21 1516 1
218 1516 1
357 1516 1
698 1516 1
706 1516 1
711 1516 1
289 1517 1
701 1518 1
1519 1518 1
1520 1518 1
701 1519 1
1518 1519 1
1520 1519 1
701 1520 1
1518 1520 1
1519 1520 1
110 1521 1
253 1522 1
1335 1523 1
73 1524 1
331 1524 1
570 1524 1
317 1525 1
358 1525 1
1526 1525 1
1527 1525 1
1528 1525 1
317 1526 1
358 1526 1
1525 1526 1
1527 1526 1
1528 1526 1
317 1527 1
358 1527 1
1525 1527 1
1526 1527 1
1528 1527 1
317 1528 1
358 1528 1
1525 1528 1
1526 1528 1
1527 1528 1
556 1529 1
822 1529 1
1530 1529 1
556 1530 1
822 1530 1
1529 1530 1
855 1531 2
70 1532 1
336 1532 1
426 1532 1
593 1533 2
675 1533 2
1534 1533 2
1535 1533 1
1536 1533 1
593 1534 3
675 1534 3
1533 1534 2
1535 1534 1
1536 1534 2
593 1535 1
675 1535 1
1533 1535 1
1534 1535 1
1536 1535 1
593 1536 2
675 1536 2
1533 1536 1
1534 1536 2
1535 1536 1
1538 1537 1
1539 1537 1
1537 1538 1
1539 1538 1
1537 1539 1
1538 1539 1
5 1540 1
51 1540 1
1541 1540 1
5 1541 1
51 1541 1
1540 1541 1
478 1542 2
761 1542 1
1560 1542 1
1651 1542 1
1652 1542 1
400 1543 1
705 1543 1
731 1543 1
757 1543 2
1576 1543 1
1545 1544 1
1544 1545 1
1613 1546 1
1614 1546 1
1615 1546 1
1616 1546 1
148 1547 2
1010 1547 1
1548 1547 2
1549 1547 2
148 1548 2
1010 1548 1
1547 1548 2
1549 1548 2
148 1549 2
1010 1549 1
1547 1549 2
1548 1549 2
342 1550 1
380 1551 2
381 1551 2
433 1551 1
1553 1552 1
1552 1553 1
422 1554 1
121 1555 1
184 1556 1
1557 1556 1
1558 1556 1
184 1557 1
1556 1557 1
1558 1557 1
184 1558 1
1556 1558 1
1557 1558 1
166 1559 1
222 1559 1
451 1559 1
114 1560 1
478 1560 1
761 1560 1
1542 1560 1
1651 1560 1
1652 1560 1
1219 1561 1
1563 1562 1
1564 1562 1
1562 1563 1
1564 1563 1
1562 1564 1
1563 1564 1
79 1565 1
1021 1566 1
1022 1566 1
1567 1566 1
1021 1567 1
1022 1567 1
1566 1567 1
278 1568 1
149 1569 2
586 1569 2
1570 1569 2
149 1570 2
586 1570 2
1569 1570 2
429 1571 1
430 1571 1
772 1572 1
773 1572 1
1573 1572 1
772 1573 1
773 1573 1
1572 1573 1
1288 1574 1
231 1575 1
956 1575 1
757 1576 1
1543 1576 1
198 1577 1
215 1578 1
265 1578 1
1579 1578 1
215 1579 1
265 1579 1
1578 1579 1
13 1580 1
16 1580 1
463 1580 1
735 1581 1
960 1581 1
1001 1581 1
693 1582 1
1583 1582 1
693 1583 1
1582 1583 1
385 1584 1
924 1585 1
1500 1585 1
605 1586 1
101 1587 2
1588 1587 1
101 1588 1
1587 1588 1
780 1589 1
1590 1589 1
1591 1589 1
780 1590 1
1589 1590 1
1591 1590 1
780 1591 1
1589 1591 1
1590 1591 1
152 1592 1
1593 1592 1
152 1593 1
1592 1593 1
625 1594 1
649 1594 1
311 1595 1
1008 1595 2
224 1596 1
627 1596 1
515 1597 2
206 1598 1
481 1598 1
445 1599 1
612 1599 1
1438 1599 1
164 1600 1
995 1600 1
319 1601 1
421 1601 1
552 1601 1
553 1601 1
458 1602 1
495 1602 1
635 1603 1
850 1603 1
217 1604 1
272 1604 1
274 1604 1
1605 1604 1
1606 1604 1
217 1605 1
272 1605 1
274 1605 1
1604 1605 1
1606 1605 1
217 1606 1
272 1606 1
274 1606 1
1604 1606 1
1605 1606 1
118 1607 1
109 1608 1
841 1608 1
422 1609 1
148 1610 1
917 1610 1
227 1611 1
689 1611 1
196 1612 1
479 1612 1
480 1612 1
1546 1613 1
1614 1613 1
1615 1613 1
1616 1613 1
1546 1614 1
1613 1614 1
1615 1614 1
1616 1614 1
1546 1615 1
1613 1615 1
1614 1615 1
1616 1615 1
1546 1616 1
1613 1616 1
1614 1616 1
1615 1616 1
81 1617 1
581 1617 1
1618 1617 1
81 1618 1
581 1618 1
1617 1618 1
144 1619 1
1620 1619 1
1621 1619 1
144 1620 1
1619 1620 1
1621 1620 1
144 1621 1
1619 1621 1
1620 1621 1
16 1622 1
243 1622 1
198 1623 1
1624 1623 1
1625 1623 1
198 1624 1
1623 1624 1
1625 1624 1
198 1625 1
1623 1625 1
1624 1625 1
598 1626 1
743 1626 1
744 1626 1
807 1627 1
1628 1627 1
1629 1627 1
807 1628 1
1627 1628 1
1629 1628 1
807 1629 1
1627 1629 1
1628 1629 1
207 1630 1
101 1631 1
535 1631 1
362 1632 1
580 1632 1
1634 1633 1
1635 1633 1
1633 1634 1
1635 1634 1
1633 1635 1
1634 1635 1
10 1636 1
11 1636 1
257 1636 1
258 1636 1
327 1636 1
328 1636 1
659 1636 1
835 1637 1
920 1637 1
593 1638 1
675 1638 1
165 1639 1
264 1639 1
20 1640 1
276 1640 1
465 1640 1
466 1640 1
467 1640 1
232 1641 1
20 1642 1
574 1642 1
1643 1642 1
1644 1642 1
20 1643 1
574 1643 1
1642 1643 1
1644 1643 1
20 1644 1
574 1644 1
1642 1644 1
1643 1644 1
75 1645 1
159 1645 1
458 1645 1
756 1645 1
854 1645 1
307 1646 1
263 1647 1
1648 1647 1
263 1648 1
1647 1648 1
822 1649 1
823 1649 1
932 1649 1
732 1650 1
478 1651 1
761 1651 1
1542 1651 1
1560 1651 1
1652 1651 1
478 1652 1
761 1652 1
1542 1652 1
1560 1652 1
1651 1652 1
634 1653 1
657 1653 1
1654 1653 1
634 1654 1
657 1654 1
1653 1654 1
393 1655 1
502 1655 1
503 1655 1
504 1655 1
541 1655 1
542 1655 1
1298 1655 1
1656 1655 1
393 1656 1
502 1656 1
503 1656 1
504 1656 1
541 1656 1
542 1656 1
1298 1656 1
1655 1656 1
1179 1657 1
1658 1657 1
1179 1658 1
1657 1658 1
829 1659 1
1660 1659 1
829 1660 1
1659 1660 1
420 1661 1
673 1661 1
942 1661 1
945 1661 1
1662 1661 1
1663 1661 1
1664 1661 1
945 1662 1
1661 1662 1
1663 1662 1
1664 1662 1
945 1663 1
1661 1663 1
1662 1663 1
1664 1663 1
420 1664 1
942 1664 1
945 1664 1
1661 1664 1
1662 1664 1
1663 1664 1
1688 1664 1
483 1665 1
707 1665 1
710 1665 1
144 1666 1
146 1666 1
313 1666 1
254 1667 1
505 1667 1
1668 1667 1
1669 1667 1
254 1668 1
505 1668 1
1667 1668 1
1669 1668 1
254 1669 1
505 1669 1
1667 1669 1
1668 1669 1
852 1670 1
895 1671 1
896 1671 1
897 1671 1
1672 1671 1
895 1672 1
896 1672 1
897 1672 1
1671 1672 1
280 1673 1
1451 1673 1
1674 1673 1
280 1674 1
1451 1674 1
1673 1674 1
556 1675 1
425 1676 1
413 1677 1
699 1677 1
914 1677 1
933 1678 1
208 1679 1
1680 1679 1
1681 1679 1
208 1680 1
1679 1680 1
1681 1680 1
208 1681 1
1679 1681 1
1680 1681 1
275 1682 1
1683 1682 1
275 1683 1
1682 1683 1
20 1684 1
276 1684 1
330 1684 1
1685 1684 1
20 1685 1
276 1685 1
330 1685 1
1684 1685 1
29 1686 1
756 1686 1
1687 1686 1
29 1687 1
756 1687 1
1686 1687 1
420 1688 1
942 1688 1
1664 1688 1
1690 1689 1
1689 1690 1
697 1691 1
1692 1691 1
697 1692 1
1691 1692 1
262 1693 1
649 1693 1
1694 1693 1
1695 1693 1
262 1694 1
649 1694 1
1693 1694 1
1695 1694 1
262 1695 1
649 1695 1
1693 1695 1
1694 1695 1
583 1696 1
787 1696 1
896 1697 1
897 1697 1
1017 1697 1
1305 1698 1
735 1699 1
752 1699 1
960 1699 1
1001 1699 1
1700 1699 1
735 1700 1
752 1700 1
960 1700 1
1001 1700 1
1699 1700 1
23 1701 1
24 1701 1
75 1701 1
1702 1701 1
23 1702 1
24 1702 1
75 1702 1
1701 1702 1
