94 1 1
663 1 1
666 1 1
1056 1 1
142 2 1
186 2 1
1139 2 1
1140 2 1
326 3 1
1244 3 1
42 4 1
58 5 1
64 5 1
175 5 1
191 5 1
980 5 1
981 5 1
982 5 1
596 6 1
806 6 1
807 6 1
16 7 1
18 7 1
39 7 1
88 7 1
110 7 1
128 7 1
135 7 1
137 7 2
208 7 1
209 7 1
210 7 1
211 7 1
212 7 1
213 7 1
228 7 1
242 7 1
243 7 1
250 7 1
268 7 1
270 7 1
712 7 1
754 7 1
53 8 1
59 8 1
94 8 4
118 8 1
129 8 3
159 8 9
167 8 1
181 8 3
300 8 1
304 8 4
305 8 5
306 8 3
307 8 3
308 8 1
359 8 1
360 8 4
411 8 1
431 8 3
441 8 1
537 8 3
550 8 3
552 8 2
660 8 1
671 8 1
672 8 1
711 8 1
813 8 1
814 8 1
931 8 1
1049 8 1
1050 8 1
1051 8 1
1173 8 1
1190 8 1
1231 8 1
24 9 1
426 9 1
491 9 1
601 9 1
11 10 1
469 10 1
880 10 1
10 11 1
469 11 1
880 11 1
389 12 2
646 12 1
934 12 1
1174 12 1
140 13 1
146 13 1
384 13 1
562 13 1
667 13 1
932 13 1
40 14 1
60 14 1
66 14 1
16 15 1
448 15 1
459 15 1
694 15 1
7 16 1
15 16 1
18 16 1
39 16 1
88 16 1
110 16 1
128 16 1
137 16 1
208 16 1
209 16 1
210 16 1
211 16 1
212 16 1
213 16 1
228 16 1
242 16 1
243 16 1
250 16 1
268 16 1
270 16 1
448 16 1
459 16 1
694 16 1
712 16 1
159 17 1
362 17 1
553 17 1
7 18 1
16 18 1
39 18 1
88 18 1
110 18 1
128 18 1
137 18 1
208 18 1
209 18 1
210 18 1
211 18 1
212 18 1
213 18 1
228 18 1
242 18 1
243 18 1
250 18 1
268 18 1
270 18 1
712 18 1
141 19 1
355 19 1
375 19 1
1122 19 1
1123 19 1
1150 19 1
1151 19 1
155 20 1
189 20 1
569 20 1
1137 20 1
508 21 1
626 21 1
96 22 1
101 22 1
302 22 1
1168 22 1
1169 22 1
29 23 1
127 23 1
166 23 1
167 23 1
9 24 1
426 24 1
491 24 2
601 24 2
380 25 1
551 25 1
1007 25 1
1039 26 1
261 27 1
330 27 1
105 28 1
523 28 1
983 28 1
23 29 1
127 29 2
131 29 1
166 29 1
167 29 3
538 29 1
692 29 1
99 30 1
100 30 1
102 30 1
229 31 1
296 31 1
1073 31 1
35 32 1
194 32 1
225 32 1
400 32 1
716 32 1
327 33 1
740 33 1
157 34 1
163 34 1
174 34 1
32 35 1
120 35 1
143 35 1
194 35 1
195 35 1
222 35 1
223 35 1
225 35 1
226 35 1
239 35 1
240 35 1
241 35 1
263 35 1
271 35 1
298 35 1
400 35 1
487 35 1
716 35 1
1112 35 1
218 36 1
221 36 2
255 36 1
357 36 1
1001 36 1
1002 36 1
122 37 2
176 37 1
405 37 1
406 37 3
440 37 1
787 37 1
895 37 1
62 38 1
340 38 1
377 38 1
568 38 1
1090 38 1
7 39 1
16 39 1
18 39 1
88 39 1
110 39 1
128 39 1
137 39 1
208 39 1
209 39 1
210 39 1
211 39 1
212 39 1
213 39 1
228 39 1
242 39 1
243 39 1
250 39 1
268 39 1
270 39 1
712 39 1
14 40 1
60 40 1
66 40 1
171 41 1
354 41 1
4 42 1
389 43 1
414 43 1
159 44 2
55 45 1
264 45 1
168 46 1
224 46 1
435 46 1
1045 46 1
1046 46 1
114 47 1
141 47 1
368 47 1
372 47 1
379 47 2
407 47 1
1200 47 2
1264 47 1
1265 47 2
1293 47 1
1294 47 1
49 48 1
48 49 1
175 49 1
391 49 1
714 49 1
120 50 2
143 50 2
148 50 2
149 50 2
150 50 2
151 50 1
152 50 2
153 50 2
154 50 2
746 51 1
747 51 1
748 51 1
231 52 1
989 52 1
990 52 1
8 53 1
129 53 1
567 54 1
966 54 1
45 55 1
264 55 1
159 56 2
314 56 2
113 57 2
117 57 2
347 57 2
1108 57 2
1109 57 2
1110 57 1
1111 57 1
5 58 1
64 58 1
175 58 1
191 58 1
980 58 1
981 58 1
982 58 1
8 59 1
360 59 1
550 59 1
671 59 1
1190 59 1
14 60 1
40 60 1
66 60 1
984 61 1
1167 61 1
38 62 1
340 62 1
377 62 1
568 62 1
1090 62 1
68 63 1
289 63 1
925 63 1
926 63 1
927 63 1
928 63 1
929 63 1
5 64 1
58 64 1
175 64 1
191 64 1
980 64 1
981 64 1
982 64 1
572 65 1
887 65 1
14 66 1
40 66 1
60 66 1
67 66 1
995 66 1
66 67 1
995 67 1
63 68 1
289 68 1
925 68 1
926 68 3
927 68 1
928 68 1
929 68 1
1291 68 1
109 69 1
1237 69 1
1238 69 1
1239 69 1
1240 69 1
1241 69 1
1242 69 1
1243 69 1
71 70 1
72 70 1
73 70 1
74 70 1
70 71 1
72 71 1
73 71 1
74 71 4
237 71 1
416 71 1
452 71 1
609 71 1
622 71 1
623 71 3
801 71 1
802 71 2
803 71 1
804 71 1
805 71 1
997 71 1
998 71 2
999 71 2
1047 71 1
1048 71 1
70 72 1
71 72 1
73 72 1
74 72 1
70 73 1
71 73 1
72 73 1
74 73 1
70 74 1
71 74 4
72 74 1
73 74 1
237 74 1
416 74 1
452 74 1
609 74 1
623 74 2
801 74 1
802 74 1
803 74 1
804 74 1
805 74 1
998 74 1
999 74 1
1047 74 1
1048 74 1
360 75 2
401 75 2
931 75 1
420 76 2
480 76 2
216 77 2
217 77 2
252 77 2
437 77 2
521 77 2
674 77 2
1077 77 2
1078 77 2
404 78 1
753 78 1
410 79 2
512 79 1
513 79 1
545 79 1
708 79 2
709 79 1
710 79 2
780 79 1
148 80 1
154 80 1
677 80 1
294 81 1
323 81 1
576 81 1
769 81 1
216 82 1
217 82 1
437 82 1
521 82 1
674 82 1
146 83 1
667 83 1
840 84 1
841 84 1
147 85 1
984 85 1
985 85 1
986 85 1
987 85 1
988 85 1
290 86 1
549 86 1
733 86 1
219 87 2
245 87 2
539 87 2
540 87 2
541 87 2
542 87 2
543 87 2
842 87 2
7 88 1
16 88 1
18 88 1
39 88 1
110 88 1
128 88 1
137 88 1
208 88 1
209 88 1
210 88 1
211 88 1
212 88 1
213 88 1
228 88 1
242 88 1
243 88 1
250 88 1
268 88 1
270 88 1
712 88 1
575 89 1
647 90 1
1224 90 1
1225 90 1
1226 90 1
106 91 1
121 91 1
173 91 1
1201 91 1
1202 91 1
1203 91 1
185 92 1
1101 92 1
1102 92 1
253 93 3
579 93 1
581 93 1
720 93 1
971 93 1
1288 93 1
1 94 1
8 94 4
159 94 3
181 94 3
227 94 1
230 94 1
304 94 4
305 94 2
360 94 1
361 94 1
389 94 1
431 94 2
488 94 1
499 94 1
537 94 1
546 94 1
651 94 2
660 94 1
663 94 1
665 94 1
666 94 1
711 94 1
813 94 1
814 94 1
1056 94 1
687 95 2
855 95 2
856 95 2
872 95 1
873 95 1
874 95 1
22 96 1
101 96 1
302 96 1
1168 96 1
1169 96 1
103 97 4
135 97 1
143 97 1
150 97 1
175 97 1
181 97 1
183 97 1
293 97 1
360 97 1
506 97 1
599 97 1
816 97 1
817 97 1
996 97 1
1160 97 1
1295 97 1
518 98 2
519 98 2
644 98 2
645 98 2
950 98 1
30 99 1
100 99 1
102 99 1
30 100 1
99 100 1
102 100 1
22 101 1
96 101 1
302 101 1
1168 101 1
1169 101 1
30 102 1
99 102 1
100 102 1
97 103 4
135 103 1
147 103 1
170 103 1
175 103 1
181 103 1
293 103 1
360 103 1
599 103 1
816 103 1
817 103 1
996 103 1
1160 103 1
877 104 1
878 104 1
28 105 1
523 105 1
983 105 1
91 106 1
121 106 1
173 106 1
1201 106 1
1202 106 1
1203 106 1
108 107 1
385 107 1
527 107 1
832 107 1
833 107 1
834 107 1
835 107 1
836 107 1
837 107 1
107 108 1
385 108 1
527 108 1
832 108 1
833 108 1
834 108 1
835 108 1
836 108 1
837 108 1
69 109 1
1237 109 1
1238 109 1
1239 109 1
1240 109 1
1241 109 1
1242 109 1
1243 109 1
7 110 1
16 110 1
18 110 1
39 110 1
88 110 1
128 110 1
137 110 1
208 110 1
209 110 1
210 110 1
211 110 1
212 110 1
213 110 1
228 110 1
242 110 1
243 110 1
250 110 1
268 110 1
270 110 1
712 110 1
317 111 1
412 111 1
478 111 1
865 111 1
866 111 1
867 111 1
868 111 1
869 111 1
870 111 1
146 112 1
167 112 1
236 112 1
583 112 1
757 112 1
930 112 1
57 113 2
117 113 2
347 113 2
1108 113 2
1109 113 2
1110 113 1
1111 113 1
47 114 1
379 114 1
1200 114 1
373 115 1
376 115 1
235 116 1
695 116 1
57 117 2
113 117 2
347 117 2
1108 117 2
1109 117 2
1110 117 1
1111 117 1
8 118 1
300 118 1
304 118 1
307 118 1
411 118 1
550 118 1
931 118 1
1049 118 1
1050 118 1
1051 118 1
183 119 1
187 119 1
204 119 1
205 119 1
220 119 1
234 119 1
236 119 1
253 119 1
475 119 1
734 119 1
35 120 1
50 120 2
143 120 5
148 120 2
149 120 2
150 120 2
151 120 1
152 120 2
153 120 2
154 120 2
158 120 2
161 120 1
178 120 1
179 120 1
180 120 1
239 120 1
271 120 1
276 120 1
487 120 2
586 120 1
587 120 1
642 120 1
91 121 1
106 121 1
173 121 1
1201 121 1
1202 121 1
1203 121 1
37 122 2
405 122 1
406 122 3
440 122 1
596 122 1
787 122 2
895 122 1
124 123 1
125 123 1
126 123 2
131 123 1
132 123 1
687 123 1
1089 123 1
123 124 1
125 124 1
126 124 1
131 124 2
132 124 2
145 124 1
147 124 1
687 124 3
873 124 1
949 124 2
984 124 1
123 125 1
124 125 1
126 125 1
131 125 1
132 125 1
687 125 1
123 126 2
124 126 1
125 126 1
131 126 1
132 126 1
687 126 1
1089 126 1
23 127 1
29 127 2
147 127 1
166 127 1
167 127 2
193 127 1
597 127 1
688 127 1
692 127 1
777 127 1
793 127 1
945 127 1
946 127 1
947 127 1
948 127 1
7 128 1
16 128 1
18 128 1
39 128 1
88 128 1
110 128 1
137 128 1
208 128 1
209 128 1
210 128 1
211 128 1
212 128 1
213 128 1
228 128 1
242 128 1
243 128 1
250 128 1
268 128 1
270 128 1
712 128 1
8 129 3
53 129 1
159 129 2
305 129 1
359 129 1
360 129 1
550 129 1
552 129 2
217 130 1
235 130 1
843 130 1
844 130 1
29 131 1
123 131 1
124 131 2
125 131 1
126 131 1
132 131 3
136 131 2
145 131 1
147 131 2
167 131 3
538 131 1
659 131 1
687 131 3
688 131 1
690 131 1
692 131 2
949 131 1
984 131 1
123 132 1
124 132 2
125 132 1
126 132 1
131 132 3
145 132 1
147 132 2
659 132 1
687 132 3
688 132 1
690 132 1
949 132 1
984 132 1
139 133 1
940 133 1
941 133 1
286 134 3
736 134 3
1066 134 1
1228 134 1
1229 134 2
1284 134 1
1285 134 1
1286 134 1
7 135 1
97 135 1
103 135 1
137 135 1
293 135 1
754 135 1
996 135 1
131 136 2
167 136 2
692 136 2
7 137 2
16 137 1
18 137 1
39 137 1
88 137 1
110 137 1
128 137 1
135 137 1
208 137 1
209 137 1
210 137 1
211 137 1
212 137 1
213 137 1
228 137 1
242 137 1
243 137 1
250 137 1
268 137 1
270 137 1
712 137 1
754 137 1
291 138 1
939 138 1
133 139 1
904 139 1
905 139 1
906 139 1
940 139 1
941 139 1
13 140 1
146 140 4
384 140 1
562 140 1
667 140 1
776 140 3
907 140 2
932 140 1
975 140 1
19 141 1
47 141 1
355 141 1
368 141 1
372 141 1
375 141 1
407 141 1
1122 141 1
1123 141 1
1150 141 1
1151 141 1
1264 141 1
1265 141 1
2 142 1
186 142 1
1139 142 1
1140 142 1
35 143 1
50 143 2
97 143 1
120 143 5
148 143 2
149 143 2
150 143 2
151 143 1
152 143 4
153 143 2
154 143 2
158 143 2
161 143 1
178 143 1
179 143 1
180 143 1
190 143 1
223 143 1
239 143 1
271 143 1
276 143 1
487 143 2
506 143 1
586 143 3
587 143 1
642 143 1
1295 143 1
156 144 1
388 144 1
456 144 1
457 144 1
949 144 1
1162 144 1
124 145 1
131 145 1
132 145 1
147 145 1
586 145 1
687 145 2
949 145 1
984 145 1
1014 145 1
1249 145 1
13 146 1
83 146 1
112 146 1
140 146 4
167 146 1
235 146 1
236 146 2
253 146 1
254 146 1
384 146 1
483 146 1
556 146 1
562 146 1
583 146 1
585 146 1
667 146 3
675 146 1
676 146 1
757 146 1
776 146 3
794 146 1
795 146 1
798 146 1
907 146 2
930 146 1
932 146 1
975 146 1
1205 146 1
1206 146 1
85 147 1
103 147 1
124 147 1
127 147 1
131 147 2
132 147 2
145 147 1
170 147 2
193 147 1
206 147 1
236 147 1
253 147 1
341 147 1
388 147 1
597 147 2
599 147 1
659 147 1
687 147 3
688 147 4
690 147 1
715 147 1
742 147 2
772 147 1
777 147 1
793 147 1
922 147 1
945 147 1
946 147 1
947 147 1
948 147 1
949 147 5
984 147 2
985 147 1
986 147 1
987 147 1
988 147 1
1074 147 3
1075 147 1
1076 147 3
1085 147 1
1121 147 1
1211 147 1
50 148 2
80 148 1
120 148 2
143 148 2
149 148 2
150 148 2
151 148 1
152 148 2
153 148 2
154 148 3
677 148 1
50 149 2
120 149 2
143 149 2
148 149 2
150 149 2
151 149 1
152 149 2
153 149 2
154 149 2
50 150 2
97 150 1
120 150 2
143 150 2
148 150 2
149 150 2
151 150 1
152 150 2
153 150 2
154 150 2
183 150 1
506 150 1
50 151 1
120 151 1
143 151 1
148 151 1
149 151 1
150 151 1
152 151 1
153 151 1
154 151 1
50 152 2
120 152 2
143 152 4
148 152 2
149 152 2
150 152 2
151 152 1
153 152 2
154 152 2
586 152 2
50 153 2
120 153 2
143 153 2
148 153 2
149 153 2
150 153 2
151 153 1
152 153 2
154 153 2
50 154 2
80 154 1
120 154 2
143 154 2
148 154 3
149 154 2
150 154 2
151 154 1
152 154 2
153 154 2
677 154 1
20 155 1
189 155 1
569 155 1
1137 155 1
144 156 1
388 156 1
456 156 1
457 156 1
949 156 1
1162 156 1
34 157 1
163 157 2
174 157 1
497 157 1
565 157 1
120 158 2
143 158 2
161 158 1
178 158 1
179 158 1
180 158 1
276 158 1
487 158 1
586 158 1
587 158 1
642 158 1
8 159 9
17 159 1
44 159 2
56 159 2
94 159 3
129 159 2
181 159 2
304 159 2
305 159 3
306 159 3
314 159 2
359 159 1
360 159 1
362 159 5
366 159 1
431 159 3
441 159 1
537 159 2
550 159 1
552 159 2
553 159 2
660 159 1
711 159 1
813 159 1
814 159 1
1236 159 1
196 160 1
1131 160 1
120 161 1
143 161 1
158 161 1
178 161 1
179 161 1
180 161 1
586 161 1
163 162 1
273 162 1
34 163 1
157 163 2
162 163 1
174 163 1
273 163 1
497 163 1
565 163 1
257 164 1
310 165 1
329 165 1
436 165 1
680 165 1
811 165 1
812 165 1
23 166 1
29 166 1
127 166 1
167 166 1
8 167 1
23 167 1
29 167 3
112 167 1
127 167 2
131 167 3
136 167 2
146 167 1
166 167 1
175 167 1
220 167 1
236 167 2
246 167 1
272 167 1
308 167 1
419 167 1
429 167 1
538 167 1
582 167 1
583 167 1
585 167 1
603 167 1
673 167 3
687 167 1
690 167 1
692 167 3
757 167 2
758 167 1
759 167 1
930 167 1
944 167 1
980 167 1
1014 167 1
1015 167 1
1160 167 1
46 168 1
224 168 1
435 168 1
1045 168 1
1046 168 1
318 169 1
369 169 1
382 169 1
1163 169 1
1164 169 1
1165 169 1
103 170 1
147 170 2
179 170 1
199 170 1
248 170 1
249 170 1
285 170 1
615 170 1
668 170 2
669 170 2
687 170 1
689 170 1
715 170 1
825 170 2
826 170 4
827 170 2
838 170 3
839 170 1
918 170 3
919 170 1
920 170 1
1000 170 1
1075 170 1
1230 170 1
41 171 1
354 171 1
251 172 3
264 172 1
325 172 2
346 172 1
821 172 1
822 172 1
823 172 1
824 172 1
91 173 1
106 173 1
121 173 1
1201 173 1
1202 173 1
1203 173 1
34 174 1
157 174 1
163 174 1
5 175 1
49 175 1
58 175 1
64 175 1
97 175 1
103 175 1
167 175 1
181 175 1
191 175 1
197 175 1
391 175 1
673 175 1
687 175 1
714 175 1
931 175 1
944 175 1
980 175 3
981 175 1
982 175 1
1133 175 1
1134 175 1
1135 175 1
1136 175 1
1160 175 2
37 176 1
406 176 1
356 177 1
120 178 1
143 178 1
158 178 1
161 178 1
179 178 1
180 178 1
236 178 5
322 178 2
470 178 2
525 178 2
526 178 2
582 178 1
586 178 1
617 178 1
618 178 1
621 178 1
640 178 1
752 178 1
767 178 1
962 178 2
120 179 1
143 179 1
158 179 1
161 179 1
170 179 1
178 179 1
180 179 1
285 179 1
586 179 1
689 179 1
120 180 1
143 180 1
158 180 1
161 180 1
178 180 1
179 180 1
586 180 1
8 181 3
94 181 3
97 181 1
103 181 1
159 181 2
175 181 1
304 181 2
305 181 2
360 181 1
431 181 2
537 181 1
660 181 1
711 181 1
813 181 1
814 181 1
1160 181 1
484 182 1
516 182 1
1138 182 1
97 183 1
119 183 1
150 183 1
187 183 1
204 183 3
205 183 1
207 183 1
220 183 1
234 183 1
236 183 1
244 183 1
253 183 4
475 183 2
506 183 1
580 183 1
717 183 1
718 183 1
719 183 1
720 183 1
721 183 1
734 183 1
845 183 1
251 184 1
267 184 1
344 184 1
345 184 1
365 184 1
92 185 1
1101 185 1
1102 185 1
2 186 1
142 186 1
1139 186 1
1140 186 1
119 187 1
183 187 1
204 187 1
205 187 1
220 187 1
234 187 1
236 187 2
253 187 2
460 187 1
475 187 1
661 187 1
734 187 1
454 188 1
465 188 1
466 188 1
467 188 1
749 188 1
750 188 1
751 188 1
20 189 1
155 189 1
569 189 1
1137 189 1
143 190 1
223 190 1
506 190 1
5 191 1
58 191 1
64 191 1
175 191 1
980 191 1
981 191 1
982 191 1
584 192 1
127 193 1
147 193 1
292 193 1
597 193 1
687 193 1
688 193 1
777 193 1
793 193 1
945 193 1
946 193 1
947 193 1
948 193 1
1003 193 1
1004 193 1
1005 193 1
32 194 1
35 194 1
225 194 1
400 194 1
716 194 1
35 195 1
223 195 1
263 195 1
160 196 1
1131 196 1
175 197 1
931 197 1
980 197 1
1133 197 1
1134 197 1
1135 197 1
1136 197 1
222 198 1
451 198 1
624 198 1
630 198 1
631 198 1
965 198 1
170 199 1
918 199 1
919 199 1
920 199 1
647 200 1
650 200 1
202 201 1
461 201 1
201 202 1
461 202 1
256 203 1
687 203 1
119 204 1
183 204 3
187 204 1
205 204 1
220 204 1
234 204 1
236 204 1
244 204 1
253 204 3
475 204 2
734 204 1
845 204 1
119 205 1
183 205 1
187 205 1
204 205 1
220 205 2
234 205 1
236 205 1
253 205 1
475 205 1
734 205 1
147 206 1
388 206 1
597 206 1
688 206 1
183 207 1
253 207 2
580 207 1
582 207 1
598 207 1
653 207 1
717 207 1
718 207 1
719 207 1
720 207 2
721 207 1
845 207 1
881 207 1
882 207 1
883 207 1
884 207 1
885 207 1
886 207 1
7 208 1
16 208 1
18 208 1
39 208 1
88 208 1
110 208 1
128 208 1
137 208 1
209 208 1
210 208 1
211 208 2
212 208 1
213 208 1
228 208 1
242 208 1
243 208 1
250 208 1
268 208 1
270 208 1
712 208 1
7 209 1
16 209 1
18 209 1
39 209 1
88 209 1
110 209 1
128 209 1
137 209 1
208 209 1
210 209 1
211 209 1
212 209 1
213 209 1
228 209 1
242 209 1
243 209 1
250 209 1
268 209 1
270 209 1
712 209 1
7 210 1
16 210 1
18 210 1
39 210 1
88 210 1
110 210 1
128 210 1
137 210 1
208 210 1
209 210 1
211 210 1
212 210 1
213 210 1
228 210 1
242 210 1
243 210 1
250 210 1
268 210 1
270 210 1
712 210 1
7 211 1
16 211 1
18 211 1
39 211 1
88 211 1
110 211 1
128 211 1
137 211 1
208 211 2
209 211 1
210 211 1
212 211 1
213 211 1
228 211 1
242 211 1
243 211 1
250 211 1
268 211 1
270 211 1
712 211 1
7 212 1
16 212 1
18 212 1
39 212 1
88 212 1
110 212 1
128 212 1
137 212 1
208 212 1
209 212 1
210 212 1
211 212 1
213 212 1
228 212 1
242 212 1
243 212 1
250 212 1
268 212 1
270 212 1
712 212 1
7 213 1
16 213 1
18 213 1
39 213 1
88 213 1
110 213 1
128 213 1
137 213 1
208 213 1
209 213 1
210 213 1
211 213 1
212 213 1
228 213 1
242 213 1
243 213 1
250 213 1
268 213 1
270 213 1
712 213 1
264 214 1
500 214 1
903 214 1
687 215 1
979 215 1
77 216 2
82 216 1
217 216 5
252 216 3
437 216 3
471 216 1
521 216 4
674 216 5
1077 216 2
1078 216 2
77 217 2
82 217 1
130 217 1
216 217 5
235 217 1
252 217 3
437 217 3
471 217 3
474 217 1
476 217 1
481 217 2
489 217 1
521 217 8
545 217 4
674 217 7
973 217 1
1077 217 2
1078 217 2
36 218 1
221 218 1
87 219 2
245 219 2
539 219 2
540 219 2
541 219 2
542 219 2
543 219 2
842 219 2
119 220 1
167 220 1
183 220 1
187 220 1
204 220 1
205 220 2
234 220 1
236 220 1
246 220 2
253 220 1
475 220 1
734 220 1
757 220 1
758 220 1
759 220 1
36 221 2
218 221 1
255 221 1
35 222 1
198 222 1
226 222 1
240 222 1
241 222 1
451 222 1
619 222 1
624 222 2
630 222 2
631 222 2
632 222 1
965 222 2
1156 222 1
1157 222 1
35 223 1
143 223 1
190 223 1
195 223 1
263 223 1
506 223 1
46 224 1
168 224 1
435 224 1
1045 224 1
1046 224 1
32 225 1
35 225 1
194 225 1
400 225 1
716 225 1
35 226 1
222 226 1
240 226 1
241 226 1
94 227 1
230 227 1
7 228 1
16 228 1
18 228 1
39 228 1
88 228 1
110 228 1
128 228 1
137 228 1
208 228 1
209 228 1
210 228 1
211 228 1
212 228 1
213 228 1
242 228 1
243 228 1
250 228 1
268 228 1
270 228 1
712 228 1
31 229 1
296 229 1
1073 229 1
94 230 1
227 230 1
52 231 1
989 231 1
990 231 1
425 232 1
443 232 1
1009 232 1
1010 232 1
1011 232 1
1012 232 1
1013 232 1
342 233 1
528 233 1
1223 233 1
119 234 1
183 234 1
187 234 1
204 234 1
205 234 1
220 234 1
236 234 4
253 234 3
475 234 1
734 234 1
773 234 1
774 234 1
775 234 3
789 234 1
790 234 1
791 234 2
796 234 1
116 235 1
130 235 1
146 235 1
217 235 1
236 235 2
238 235 2
279 235 1
509 235 1
536 235 1
585 235 1
695 235 3
798 235 1
942 235 1
943 235 1
955 235 1
1094 235 1
1095 235 1
112 236 1
119 236 1
146 236 2
147 236 1
167 236 2
178 236 5
183 236 1
187 236 2
204 236 1
205 236 1
220 236 1
234 236 4
235 236 2
253 236 5
272 236 1
275 236 1
322 236 2
341 236 1
360 236 1
402 236 1
460 236 1
470 236 4
475 236 2
484 236 1
525 236 2
526 236 2
564 236 1
582 236 5
583 236 1
585 236 4
603 236 1
617 236 1
618 236 1
621 236 1
640 236 1
661 236 1
673 236 1
695 236 1
734 236 1
752 236 2
757 236 1
767 236 1
773 236 1
774 236 1
775 236 3
789 236 1
790 236 1
791 236 2
796 236 1
798 236 1
908 236 1
930 236 1
962 236 2
991 236 1
992 236 1
993 236 1
994 236 1
1014 236 1
1015 236 1
1245 236 1
1246 236 1
71 237 1
74 237 1
416 237 1
609 237 1
998 237 1
999 237 1
1047 237 1
1048 237 1
235 238 2
536 238 1
695 238 1
1094 238 1
1095 238 1
35 239 1
120 239 1
143 239 1
271 239 1
487 239 1
35 240 1
222 240 1
226 240 1
241 240 1
35 241 1
222 241 1
226 241 1
240 241 1
7 242 1
16 242 1
18 242 1
39 242 1
88 242 1
110 242 1
128 242 1
137 242 1
208 242 1
209 242 1
210 242 1
211 242 1
212 242 1
213 242 1
228 242 1
243 242 1
250 242 1
268 242 1
270 242 1
712 242 1
7 243 1
16 243 1
18 243 1
39 243 1
88 243 1
110 243 1
128 243 1
137 243 1
208 243 1
209 243 1
210 243 1
211 243 1
212 243 1
213 243 1
228 243 1
242 243 1
250 243 1
268 243 1
270 243 1
712 243 1
183 244 1
204 244 1
253 244 1
475 244 1
87 245 2
219 245 2
539 245 2
540 245 2
541 245 2
542 245 2
543 245 2
842 245 2
167 246 1
220 246 2
757 246 1
758 246 1
759 246 1
438 247 1
578 247 1
634 247 1
854 247 1
1006 247 1
1232 247 1
1233 247 1
1234 247 1
1235 247 1
170 248 1
249 248 1
668 248 1
826 248 1
838 248 1
1230 248 1
170 249 1
248 249 1
668 249 1
826 249 1
838 249 1
1230 249 1
7 250 1
16 250 1
18 250 1
39 250 1
88 250 1
110 250 1
128 250 1
137 250 1
208 250 1
209 250 1
210 250 1
211 250 1
212 250 1
213 250 1
228 250 1
242 250 1
243 250 1
268 250 1
270 250 1
712 250 1
172 251 3
184 251 1
264 251 1
267 251 1
320 251 3
325 251 3
344 251 1
345 251 3
346 251 2
365 251 1
415 251 1
821 251 3
822 251 1
823 251 1
824 251 1
944 251 2
77 252 2
216 252 3
217 252 3
437 252 2
471 252 1
521 252 3
674 252 3
1077 252 2
1078 252 2
93 253 3
119 253 1
146 253 1
147 253 1
183 253 4
187 253 2
204 253 3
205 253 1
207 253 2
220 253 1
234 253 3
236 253 5
244 253 1
254 253 5
312 253 1
341 253 1
430 253 1
460 253 1
475 253 2
479 253 1
498 253 1
517 253 1
579 253 1
580 253 1
581 253 1
582 253 1
598 253 2
635 253 1
636 253 1
652 253 1
653 253 2
661 253 2
699 253 1
717 253 1
718 253 1
719 253 1
720 253 4
721 253 1
734 253 1
773 253 1
774 253 1
775 253 2
789 253 1
790 253 1
791 253 1
794 253 1
795 253 2
815 253 1
845 253 2
857 253 1
858 253 1
859 253 1
860 253 1
861 253 1
881 253 1
882 253 1
883 253 2
884 253 1
885 253 1
886 253 1
896 253 1
897 253 1
898 253 1
971 253 1
1288 253 1
146 254 1
253 254 5
479 254 1
498 254 1
598 254 1
652 254 1
699 254 1
794 254 1
795 254 1
815 254 1
36 255 1
221 255 1
203 256 1
687 256 1
164 257 1
434 258 1
462 258 1
485 258 1
527 258 1
613 258 1
696 258 1
697 258 1
698 258 1
462 259 1
1022 259 1
1023 259 1
1024 259 1
1025 259 1
1026 259 1
1027 259 1
1028 259 1
1044 260 1
27 261 1
330 261 1
364 262 1
477 262 1
561 262 1
1008 262 1
35 263 1
195 263 1
223 263 1
45 264 1
55 264 1
172 264 1
214 264 1
251 264 1
500 264 1
903 264 1
458 265 1
585 265 1
604 265 1
1086 265 1
1087 265 1
1088 265 1
349 266 2
1065 266 2
184 267 1
251 267 1
344 267 1
345 267 1
365 267 1
7 268 1
16 268 1
18 268 1
39 268 1
88 268 1
110 268 1
128 268 1
137 268 1
208 268 1
209 268 1
210 268 1
211 268 1
212 268 1
213 268 1
228 268 1
242 268 1
243 268 1
250 268 1
270 268 1
712 268 1
511 269 2
851 269 1
972 269 1
7 270 1
16 270 1
18 270 1
39 270 1
88 270 1
110 270 1
128 270 1
137 270 1
208 270 1
209 270 1
210 270 1
211 270 1
212 270 1
213 270 1
228 270 1
242 270 1
243 270 1
250 270 1
268 270 1
712 270 1
35 271 1
120 271 1
143 271 1
239 271 1
487 271 1
167 272 1
236 272 1
582 272 1
585 272 1
603 272 1
673 272 1
1014 272 1
1015 272 1
162 273 1
163 273 1
547 274 1
1097 274 1
1098 274 1
1099 274 1
1100 274 1
236 275 1
470 275 1
752 275 1
120 276 1
143 276 1
158 276 1
487 276 1
587 276 1
642 276 1
278 277 1
1207 277 1
277 278 1
524 278 1
1207 278 2
1208 278 1
1209 278 1
1210 278 1
235 279 1
419 279 1
429 279 1
797 279 2
871 279 1
955 279 1
1172 279 1
297 280 1
495 280 1
282 281 2
283 281 1
284 281 1
745 281 1
1287 281 1
281 282 2
283 282 1
284 282 1
745 282 1
1287 282 1
281 283 1
282 283 1
284 283 2
295 283 1
745 283 1
1271 283 1
1272 283 1
1273 283 1
1274 283 1
1275 283 1
281 284 1
282 284 1
283 284 2
295 284 1
745 284 1
1271 284 1
1272 284 1
1273 284 1
1274 284 1
1275 284 1
170 285 1
179 285 1
689 285 1
134 286 3
736 286 3
1066 286 1
1228 286 1
1229 286 2
1284 286 1
1285 286 1
1286 286 1
367 287 1
427 287 1
393 288 1
394 288 1
395 288 1
1158 288 1
1159 288 1
63 289 1
68 289 1
925 289 1
926 289 1
927 289 1
928 289 1
929 289 1
86 290 1
549 290 1
733 290 1
138 291 1
939 291 1
193 292 1
1003 292 1
1004 292 1
1005 292 1
97 293 1
103 293 1
135 293 1
996 293 1
81 294 1
323 294 2
421 294 1
450 294 1
576 294 1
608 294 2
614 294 2
624 294 2
637 294 1
713 294 1
769 294 2
770 294 1
771 294 1
974 294 1
283 295 1
284 295 1
1271 295 1
1272 295 1
1273 295 1
1274 295 1
1275 295 1
1278 295 1
1279 295 1
1280 295 1
1281 295 1
31 296 1
229 296 1
1073 296 1
280 297 1
495 297 1
35 298 1
1112 298 1
439 299 1
726 299 1
8 300 1
118 300 1
304 300 1
307 300 1
411 300 1
550 300 1
931 300 1
1049 300 1
1050 300 1
1051 300 1
1195 301 1
1196 301 1
1197 301 1
1198 301 1
1199 301 1
22 302 1
96 302 1
101 302 1
1168 302 1
1169 302 1
319 303 1
788 303 1
8 304 4
94 304 4
118 304 1
159 304 2
181 304 2
300 304 1
305 304 1
307 304 1
360 304 1
411 304 1
431 304 1
537 304 1
550 304 1
660 304 1
813 304 1
814 304 1
931 304 1
1049 304 1
1050 304 1
1051 304 1
8 305 5
94 305 2
129 305 1
159 305 3
181 305 2
304 305 1
359 305 1
431 305 2
537 305 1
552 305 1
660 305 1
711 305 1
813 305 1
814 305 1
8 306 3
159 306 3
441 306 1
537 306 1
1103 306 1
1104 306 1
1105 306 1
8 307 3
118 307 1
300 307 1
304 307 1
411 307 1
550 307 1
931 307 1
1049 307 1
1050 307 1
1051 307 1
8 308 1
167 308 1
951 308 1
952 308 1
953 308 1
1091 309 1
1092 309 1
1093 309 1
165 310 1
329 310 1
436 310 1
680 310 1
811 310 1
812 310 1
504 311 1
555 311 1
253 312 1
517 312 1
635 312 1
883 312 1
896 312 1
897 312 1
898 312 1
731 313 1
732 313 1
56 314 2
159 314 2
786 315 1
464 316 1
593 316 1
611 316 1
829 316 1
111 317 1
412 317 1
478 317 1
865 317 1
866 317 1
867 317 1
868 317 1
869 317 1
870 317 1
169 318 1
369 318 1
382 318 1
1163 318 1
1164 318 1
1165 318 1
303 319 1
788 319 1
251 320 3
325 320 1
345 320 1
346 320 1
415 320 1
821 320 2
944 320 1
1033 321 1
178 322 2
236 322 2
470 322 1
525 322 2
617 322 1
618 322 1
640 322 1
767 322 1
81 323 1
294 323 2
576 323 1
769 323 1
974 323 1
573 324 1
662 324 1
172 325 2
251 325 3
320 325 1
345 325 1
346 325 2
415 325 1
821 325 1
822 325 1
823 325 1
824 325 1
3 326 1
1244 326 1
33 327 1
740 327 1
1079 328 2
1080 328 4
1081 328 2
1082 328 2
1083 328 3
1084 328 3
1227 328 1
1262 328 1
1263 328 1
165 329 1
310 329 1
436 329 1
680 329 1
811 329 1
812 329 1
27 330 1
261 330 1
566 331 1
799 331 1
800 331 1
333 332 1
334 332 1
392 332 1
332 333 1
334 333 1
392 333 1
332 334 1
333 334 1
392 334 1
378 335 1
1185 335 1
337 336 1
338 336 1
336 337 1
338 337 1
336 338 1
337 338 1
875 339 1
876 339 1
38 340 1
62 340 1
377 340 1
568 340 1
1090 340 1
147 341 1
236 341 1
253 341 1
233 342 1
528 342 1
1223 342 1
422 343 1
595 343 1
664 343 1
1204 343 1
184 344 1
251 344 1
267 344 1
345 344 1
365 344 1
184 345 1
251 345 3
267 345 1
320 345 1
325 345 1
344 345 1
346 345 1
365 345 1
415 345 1
944 345 1
172 346 1
251 346 2
320 346 1
325 346 2
345 346 1
415 346 1
57 347 2
113 347 2
117 347 2
1108 347 2
1109 347 2
1110 347 1
1111 347 1
352 348 1
353 348 1
488 348 1
266 349 2
768 349 1
1065 349 2
1181 350 1
1182 350 1
685 351 2
348 352 1
353 352 1
488 352 1
348 353 1
352 353 1
488 353 1
41 354 1
171 354 1
19 355 1
141 355 1
363 355 1
375 355 1
560 355 1
1122 355 1
1123 355 1
1132 355 1
1150 355 1
1151 355 1
177 356 1
36 357 1
1001 357 1
1002 357 1
529 358 2
530 358 1
557 358 2
558 358 1
949 358 1
1266 358 1
1267 358 1
1268 358 1
1269 358 1
1270 358 1
8 359 1
129 359 1
159 359 1
305 359 1
552 359 1
8 360 4
59 360 1
75 360 2
94 360 1
97 360 1
103 360 1
129 360 1
159 360 1
181 360 1
236 360 1
304 360 1
401 360 2
470 360 1
550 360 2
552 360 1
559 360 1
582 360 1
671 360 1
931 360 1
1057 360 4
1058 360 4
1106 360 2
1107 360 2
1190 360 1
1231 360 1
1245 360 1
1246 360 1
94 361 1
488 361 1
651 361 1
17 362 1
159 362 5
366 362 1
553 362 2
1236 362 1
355 363 1
560 363 1
1132 363 1
262 364 1
477 364 2
533 364 1
561 364 2
933 364 1
1008 364 1
184 365 1
251 365 1
267 365 1
344 365 1
345 365 1
159 366 1
362 366 1
287 367 1
427 367 1
507 367 1
602 367 1
1038 367 1
47 368 1
141 368 1
372 368 1
407 368 1
1264 368 1
1265 368 1
169 369 1
318 369 1
382 369 1
1163 369 1
1164 369 1
1165 369 1
1289 370 1
1290 370 1
397 371 1
47 372 1
141 372 1
368 372 1
373 372 1
374 372 1
407 372 2
1054 372 1
1055 372 1
1264 372 1
1265 372 1
115 373 1
372 373 1
374 373 1
376 373 1
407 373 1
1054 373 1
1055 373 1
372 374 1
373 374 1
407 374 1
1054 374 1
1055 374 1
19 375 1
141 375 1
355 375 1
1122 375 1
1123 375 1
1150 375 1
1151 375 1
115 376 1
373 376 1
38 377 1
62 377 1
340 377 1
568 377 1
1090 377 1
335 378 1
1185 378 1
47 379 2
114 379 1
1200 379 2
1265 379 1
1293 379 1
1294 379 1
25 380 1
551 380 1
1007 380 1
522 381 1
169 382 1
318 382 1
369 382 1
1163 382 1
1164 382 1
1165 382 1
736 383 1
737 383 1
738 383 1
739 383 1
13 384 1
140 384 1
146 384 1
562 384 1
667 384 1
932 384 1
107 385 1
108 385 1
527 385 1
832 385 1
833 385 1
834 385 1
835 385 1
836 385 1
837 385 1
1068 386 1
1069 386 2
1070 386 2
1183 386 1
1184 386 1
462 387 1
604 387 1
879 387 1
144 388 1
147 388 1
156 388 1
206 388 1
456 388 1
457 388 1
597 388 1
688 388 1
949 388 1
1162 388 1
12 389 2
43 389 1
94 389 1
414 389 1
499 389 1
646 389 2
934 389 1
967 390 1
968 390 1
969 390 1
970 390 1
49 391 1
175 391 1
714 391 1
332 392 1
333 392 1
334 392 1
288 393 1
394 393 1
395 393 1
1158 393 1
1159 393 1
288 394 1
393 394 1
395 394 1
1158 394 1
1159 394 1
288 395 1
393 395 1
394 395 1
1158 395 1
1159 395 1
531 396 1
532 396 1
371 397 1
446 398 1
447 398 1
554 399 1
32 400 1
35 400 1
194 400 1
225 400 1
716 400 1
75 401 2
360 401 2
931 401 1
236 402 1
475 402 1
908 402 1
810 403 1
1247 403 1
1248 403 1
78 404 1
753 404 1
37 405 1
122 405 1
406 405 1
440 405 1
787 405 1
895 405 1
37 406 3
122 406 3
176 406 1
405 406 1
440 406 1
787 406 2
895 406 1
47 407 1
141 407 1
368 407 1
372 407 2
373 407 1
374 407 1
1054 407 1
1055 407 1
1264 407 1
1265 407 1
468 408 1
605 408 1
606 408 1
627 408 1
628 408 1
728 408 1
729 408 1
730 408 1
473 409 2
670 409 2
79 410 2
512 410 2
513 410 2
545 410 1
708 410 3
709 410 2
710 410 2
755 410 1
780 410 1
792 410 1
793 410 1
8 411 1
118 411 1
300 411 1
304 411 1
307 411 1
550 411 1
931 411 1
1049 411 1
1050 411 1
1051 411 1
111 412 1
317 412 1
478 412 1
865 412 1
866 412 1
867 412 1
868 412 1
869 412 1
870 412 1
1019 413 1
1020 413 1
43 414 1
389 414 1
251 415 1
320 415 1
325 415 1
345 415 1
346 415 1
71 416 1
74 416 1
237 416 1
609 416 1
998 416 1
999 416 1
1047 416 1
1048 416 1
563 417 1
727 418 1
167 419 1
279 419 1
429 419 2
797 419 1
862 419 1
863 419 1
864 419 1
76 420 2
480 420 4
1260 420 1
1292 420 1
294 421 1
463 421 1
607 421 1
608 421 1
614 421 1
624 421 1
629 421 1
637 421 1
1029 421 1
1030 421 1
1031 421 1
1032 421 1
343 422 1
595 422 1
664 422 1
1204 422 1
510 423 1
822 423 1
823 423 1
824 423 1
846 423 1
849 424 1
850 424 1
921 424 1
232 425 1
443 425 1
1009 425 1
1010 425 1
1011 425 1
1012 425 1
1013 425 1
9 426 1
24 426 1
491 426 1
601 426 1
287 427 1
367 427 1
760 427 1
656 428 1
1016 428 1
1017 428 1
1018 428 1
167 429 1
279 429 1
419 429 2
797 429 1
253 430 1
653 430 1
8 431 3
94 431 2
159 431 3
181 431 2
304 431 1
305 431 2
537 431 1
660 431 1
711 431 1
813 431 1
814 431 1
433 432 1
432 433 1
496 433 1
577 433 1
610 433 1
625 433 1
638 433 1
639 433 1
1059 433 1
1060 433 1
1061 433 1
258 434 1
462 434 1
485 434 1
527 434 1
613 434 1
696 434 1
697 434 1
698 434 1
46 435 1
168 435 1
224 435 1
1045 435 1
1046 435 1
165 436 1
310 436 1
329 436 1
680 436 1
811 436 1
812 436 1
77 437 2
82 437 1
216 437 3
217 437 3
252 437 2
438 437 1
521 437 3
674 437 3
1006 437 1
1077 437 2
1078 437 2
247 438 1
437 438 1
578 438 1
1006 438 2
1232 438 1
1233 438 1
1234 438 1
1235 438 1
299 439 1
726 439 1
37 440 1
122 440 1
405 440 1
406 440 1
787 440 1
895 440 1
8 441 1
159 441 1
306 441 1
444 442 1
679 442 1
957 442 1
958 442 1
959 442 1
232 443 1
425 443 1
1009 443 1
1010 443 1
1011 443 1
1012 443 1
1013 443 1
442 444 1
679 444 1
957 444 1
958 444 1
959 444 1
722 445 1
723 445 1
724 445 1
725 445 1
398 446 1
447 446 1
398 447 1
446 447 1
15 448 1
16 448 1
459 448 1
694 448 1
828 449 1
294 450 1
608 450 1
614 450 1
624 450 1
713 450 1
198 451 1
222 451 1
624 451 1
630 451 1
631 451 1
965 451 1
71 452 1
74 452 1
623 452 1
801 452 1
802 452 1
803 452 1
804 452 1
805 452 1
935 453 1
936 453 1
937 453 1
938 453 1
954 453 1
188 454 1
465 454 1
466 454 1
467 454 1
749 454 1
750 454 1
751 454 1
482 455 2
1146 455 1
1147 455 1
1148 455 2
1166 455 1
144 456 1
156 456 1
388 456 1
457 456 1
949 456 1
1162 456 1
144 457 1
156 457 1
388 457 1
456 457 1
949 457 1
1162 457 1
265 458 1
585 458 1
604 458 1
1086 458 1
1087 458 1
1088 458 1
15 459 1
16 459 1
448 459 1
694 459 1
187 460 1
236 460 1
253 460 1
661 460 1
201 461 1
202 461 1
258 462 1
259 462 1
387 462 1
434 462 1
485 462 1
527 462 1
604 462 1
613 462 2
696 462 1
697 462 1
698 462 1
766 462 1
879 462 1
909 462 1
910 462 1
911 462 1
912 462 1
913 462 1
914 462 1
915 462 1
916 462 1
917 462 1
1022 462 1
1023 462 1
1024 462 1
1025 462 1
1026 462 1
1027 462 1
1028 462 1
421 463 1
607 463 1
608 463 1
629 463 1
1029 463 1
1030 463 1
1031 463 1
1032 463 1
316 464 1
593 464 1
611 464 1
829 464 1
188 465 1
454 465 1
466 465 1
467 465 1
749 465 1
750 465 1
751 465 1
188 466 1
454 466 1
465 466 1
467 466 1
749 466 1
750 466 1
751 466 1
188 467 1
454 467 1
465 467 1
466 467 1
749 467 1
750 467 1
751 467 1
408 468 1
605 468 1
606 468 1
627 468 1
628 468 1
728 468 1
729 468 1
730 468 1
10 469 1
11 469 1
880 469 1
178 470 2
236 470 4
275 470 1
322 470 1
360 470 1
525 470 1
582 470 2
617 470 1
618 470 1
621 470 1
752 470 2
1245 470 1
1246 470 1
216 471 1
217 471 3
252 471 1
474 471 1
521 471 1
674 471 3
973 471 1
505 472 1
902 472 1
409 473 2
670 473 2
217 474 1
471 474 1
674 474 1
973 474 1
119 475 1
183 475 2
187 475 1
204 475 2
205 475 1
220 475 1
234 475 1
236 475 2
244 475 1
253 475 2
402 475 1
734 475 1
908 475 1
217 476 1
489 476 1
262 477 1
364 477 2
533 477 1
561 477 2
933 477 1
1008 477 1
111 478 1
317 478 1
412 478 1
865 478 1
866 478 1
867 478 1
868 478 1
869 478 1
870 478 1
253 479 1
254 479 1
815 479 1
76 480 2
420 480 4
1260 480 1
1292 480 1
217 481 2
521 481 1
545 481 2
455 482 2
1146 482 1
1147 482 1
1148 482 2
1166 482 1
146 483 1
643 483 1
667 483 1
1040 483 1
1041 483 1
1042 483 1
1043 483 1
1205 483 1
1206 483 1
182 484 1
236 484 1
516 484 1
564 484 1
1138 484 1
258 485 1
434 485 1
462 485 1
527 485 1
613 485 1
696 485 1
697 485 1
698 485 1
588 486 1
590 486 1
592 486 1
1124 486 1
1125 486 1
1126 486 1
1127 486 1
1128 486 1
1129 486 1
1130 486 1
35 487 1
120 487 2
143 487 2
158 487 1
239 487 1
271 487 1
276 487 1
587 487 1
642 487 1
1220 487 1
1221 487 1
1222 487 1
94 488 1
348 488 1
352 488 1
353 488 1
361 488 1
651 488 1
217 489 1
476 489 1
1118 490 1
1119 490 1
1120 490 1
9 491 1
24 491 2
426 491 1
601 491 2
493 492 1
492 493 1
847 494 1
848 494 1
280 495 1
297 495 1
433 496 1
610 496 1
625 496 1
638 496 1
639 496 1
157 497 1
163 497 1
565 497 1
253 498 1
254 498 1
699 498 1
94 499 1
389 499 1
214 500 1
264 500 1
778 500 1
779 500 1
903 500 1
956 501 1
574 502 1
534 503 1
535 503 1
311 504 1
520 504 1
555 504 1
472 505 1
902 505 1
97 506 1
143 506 1
150 506 1
183 506 1
190 506 1
223 506 1
367 507 1
602 507 1
1038 507 1
21 508 1
626 508 1
235 509 1
942 509 1
943 509 1
423 510 1
822 510 1
823 510 1
824 510 1
846 510 1
269 511 2
851 511 1
972 511 1
79 512 1
410 512 2
513 512 2
545 512 1
708 512 2
709 512 2
710 512 1
755 512 1
792 512 1
793 512 1
79 513 1
410 513 2
512 513 2
545 513 1
548 513 1
708 513 2
709 513 2
710 513 1
755 513 2
756 513 1
792 513 1
793 513 1
515 514 1
1067 514 1
514 515 1
691 515 1
1067 515 1
182 516 1
484 516 1
1138 516 1
253 517 1
312 517 1
635 517 1
883 517 1
896 517 1
897 517 1
898 517 1
98 518 2
519 518 2
644 518 2
645 518 2
950 518 1
98 519 2
518 519 2
644 519 2
645 519 2
950 519 1
504 520 1
77 521 2
82 521 1
216 521 4
217 521 8
252 521 3
437 521 3
471 521 1
481 521 1
545 521 3
674 521 4
1077 521 2
1078 521 2
381 522 1
28 523 1
105 523 1
983 523 1
278 524 1
1207 524 1
1208 524 1
1209 524 1
1210 524 1
178 525 2
236 525 2
322 525 2
470 525 1
617 525 1
618 525 1
640 525 1
767 525 1
178 526 2
236 526 2
962 526 2
107 527 1
108 527 1
258 527 1
385 527 1
434 527 1
462 527 1
485 527 1
613 527 1
696 527 1
697 527 1
698 527 1
832 527 1
833 527 1
834 527 1
835 527 1
836 527 1
837 527 1
233 528 1
342 528 1
1223 528 1
358 529 2
530 529 1
557 529 1
358 530 1
529 530 1
396 531 1
532 531 1
396 532 1
531 532 1
364 533 1
477 533 1
561 533 1
933 533 1
503 534 1
535 534 1
503 535 1
534 535 1
235 536 1
238 536 1
1094 536 1
1095 536 1
8 537 3
94 537 1
159 537 2
181 537 1
304 537 1
305 537 1
306 537 1
431 537 1
660 537 1
672 537 1
813 537 1
814 537 1
1173 537 1
29 538 1
131 538 1
167 538 1
87 539 2
219 539 2
245 539 2
540 539 2
541 539 2
542 539 2
543 539 2
842 539 2
87 540 2
219 540 2
245 540 2
539 540 2
541 540 2
542 540 2
543 540 2
842 540 2
87 541 2
219 541 2
245 541 2
539 541 2
540 541 2
542 541 2
543 541 2
842 541 2
87 542 2
219 542 2
245 542 2
539 542 2
540 542 2
541 542 2
543 542 2
842 542 2
87 543 2
219 543 2
245 543 2
539 543 2
540 543 2
541 543 2
542 543 2
842 543 2
607 544 1
608 544 2
1161 544 2
79 545 1
217 545 4
410 545 1
481 545 2
512 545 1
513 545 1
521 545 3
708 545 1
709 545 1
710 545 1
94 546 1
651 546 1
665 546 1
274 547 1
1097 547 1
1098 547 1
1099 547 1
1100 547 1
513 548 1
755 548 1
756 548 1
86 549 1
290 549 1
733 549 1
8 550 3
59 550 1
118 550 1
129 550 1
159 550 1
300 550 1
304 550 1
307 550 1
360 550 2
411 550 1
552 550 1
671 550 1
931 550 1
1049 550 1
1050 550 1
1051 550 1
1190 550 1
25 551 1
380 551 1
1007 551 1
8 552 2
129 552 2
159 552 2
305 552 1
359 552 1
360 552 1
550 552 1
17 553 1
159 553 2
362 553 2
1236 553 1
399 554 1
311 555 1
504 555 1
146 556 1
675 556 1
676 556 1
358 557 2
529 557 1
558 557 1
949 557 1
1266 557 1
1267 557 1
1268 557 1
1269 557 1
1270 557 1
358 558 1
557 558 1
949 558 1
1266 558 1
1267 558 1
1268 558 1
1269 558 1
1270 558 1
360 559 1
355 560 1
363 560 1
1132 560 1
262 561 1
364 561 2
477 561 2
533 561 1
933 561 1
1008 561 1
13 562 1
140 562 1
146 562 1
384 562 1
667 562 1
932 562 1
417 563 1
236 564 1
484 564 1
157 565 1
163 565 1
497 565 1
331 566 1
799 566 1
800 566 1
54 567 1
966 567 1
38 568 1
62 568 1
340 568 1
377 568 1
1090 568 1
20 569 1
155 569 1
189 569 1
1137 569 1
571 570 1
572 570 1
887 570 1
888 570 1
889 570 1
890 570 1
891 570 1
892 570 1
893 570 1
894 570 1
570 571 1
572 571 1
887 571 1
888 571 1
889 571 1
890 571 1
891 571 1
892 571 1
893 571 1
894 571 1
65 572 1
570 572 1
571 572 1
887 572 2
888 572 1
889 572 1
890 572 1
891 572 1
892 572 1
893 572 1
894 572 1
324 573 1
662 573 1
502 574 1
89 575 1
81 576 1
294 576 1
323 576 1
769 576 1
433 577 1
1059 577 1
1060 577 1
1061 577 1
247 578 1
438 578 1
1006 578 1
1232 578 1
1233 578 1
1234 578 1
1235 578 1
93 579 1
253 579 1
581 579 1
720 579 1
183 580 1
207 580 1
253 580 1
717 580 1
718 580 1
719 580 1
720 580 1
721 580 1
93 581 1
253 581 1
579 581 1
720 581 1
167 582 1
178 582 1
207 582 1
236 582 5
253 582 1
272 582 1
360 582 1
470 582 2
585 582 3
598 582 1
603 582 1
621 582 1
653 582 1
673 582 1
720 582 1
752 582 1
845 582 1
881 582 1
882 582 1
883 582 1
884 582 1
885 582 1
886 582 1
991 582 1
992 582 1
993 582 1
994 582 1
1014 582 1
1015 582 1
1245 582 1
1246 582 1
112 583 1
146 583 1
167 583 1
236 583 1
757 583 1
930 583 1
192 584 1
146 585 1
167 585 1
235 585 1
236 585 4
265 585 1
272 585 1
458 585 1
582 585 3
603 585 1
604 585 1
673 585 1
798 585 1
991 585 1
992 585 1
993 585 1
994 585 1
1014 585 1
1015 585 1
1086 585 1
1087 585 1
1088 585 1
120 586 1
143 586 3
145 586 1
152 586 2
158 586 1
161 586 1
178 586 1
179 586 1
180 586 1
687 586 1
1014 586 1
1249 586 1
120 587 1
143 587 1
158 587 1
276 587 1
487 587 1
642 587 1
486 588 1
590 588 1
591 588 1
592 588 2
625 588 1
1124 588 1
1125 588 1
1126 588 1
1127 588 1
1128 588 1
1129 588 1
1130 588 1
590 589 1
592 589 1
610 589 1
486 590 1
588 590 1
589 590 1
592 590 2
610 590 1
1124 590 1
1125 590 1
1126 590 1
1127 590 1
1128 590 1
1129 590 1
1130 590 1
588 591 1
592 591 2
625 591 2
486 592 1
588 592 2
589 592 1
590 592 2
591 592 2
610 592 2
625 592 2
960 592 1
961 592 1
1124 592 1
1125 592 1
1126 592 1
1127 592 1
1128 592 1
1129 592 1
1130 592 1
1152 592 1
1153 592 1
1154 592 1
316 593 1
464 593 1
611 593 1
829 593 1
808 594 1
809 594 1
343 595 1
422 595 1
664 595 1
1204 595 1
6 596 1
122 596 1
806 596 1
807 596 1
127 597 1
147 597 2
193 597 1
206 597 1
388 597 1
688 597 2
777 597 1
793 597 1
945 597 1
946 597 1
947 597 1
948 597 1
207 598 1
253 598 2
254 598 1
582 598 1
653 598 1
720 598 1
845 598 1
881 598 1
882 598 1
883 598 1
884 598 1
885 598 1
886 598 1
97 599 1
103 599 1
147 599 1
616 599 1
816 599 1
817 599 1
922 599 1
963 599 1
964 599 1
783 600 1
784 600 1
785 600 1
9 601 1
24 601 2
426 601 1
491 601 2
367 602 1
507 602 1
1038 602 1
167 603 1
236 603 1
272 603 1
582 603 1
585 603 1
673 603 1
1014 603 1
1015 603 1
265 604 1
387 604 1
458 604 1
462 604 1
585 604 1
879 604 1
1086 604 1
1087 604 1
1088 604 1
408 605 1
468 605 1
606 605 1
627 605 1
628 605 1
728 605 1
729 605 1
730 605 1
408 606 1
468 606 1
605 606 1
627 606 1
628 606 1
728 606 1
729 606 1
730 606 1
421 607 1
463 607 1
544 607 1
608 607 2
629 607 1
1029 607 1
1030 607 1
1031 607 1
1032 607 1
1161 607 1
294 608 2
421 608 1
450 608 1
463 608 1
544 608 2
607 608 2
614 608 1
624 608 1
629 608 1
713 608 1
769 608 1
770 608 1
771 608 1
1029 608 1
1030 608 1
1031 608 1
1032 608 1
1161 608 2
71 609 1
74 609 1
237 609 1
416 609 1
998 609 1
999 609 1
1047 609 1
1048 609 1
433 610 1
496 610 1
589 610 1
590 610 1
592 610 2
625 610 1
638 610 1
639 610 1
960 610 1
961 610 1
316 611 1
464 611 1
593 611 1
829 611 1
1218 612 1
1219 612 1
258 613 1
434 613 1
462 613 2
485 613 1
527 613 1
696 613 1
697 613 1
698 613 1
766 613 1
294 614 2
421 614 1
450 614 1
608 614 1
624 614 2
637 614 1
713 614 1
170 615 1
825 615 1
826 615 1
827 615 1
599 616 1
963 616 1
964 616 1
178 617 1
236 617 1
322 617 1
470 617 1
525 617 1
618 617 1
178 618 1
236 618 1
322 618 1
470 618 1
525 618 1
617 618 1
222 619 1
624 619 1
1156 619 1
633 620 1
1155 620 1
1216 620 1
1217 620 1
178 621 1
236 621 1
470 621 1
582 621 1
752 621 1
71 622 1
623 622 1
71 623 3
74 623 2
452 623 1
622 623 1
801 623 1
802 623 1
803 623 1
804 623 1
805 623 1
198 624 1
222 624 2
294 624 2
421 624 1
450 624 1
451 624 1
608 624 1
614 624 2
619 624 1
630 624 1
631 624 1
637 624 1
713 624 1
965 624 1
1156 624 1
433 625 1
496 625 1
588 625 1
591 625 2
592 625 2
610 625 1
638 625 1
639 625 1
21 626 1
508 626 1
408 627 1
468 627 1
605 627 1
606 627 1
628 627 1
728 627 1
729 627 1
730 627 1
408 628 1
468 628 1
605 628 1
606 628 1
627 628 1
728 628 1
729 628 1
730 628 1
421 629 1
463 629 1
607 629 1
608 629 1
1029 629 1
1030 629 1
1031 629 1
1032 629 1
198 630 1
222 630 2
451 630 1
624 630 1
631 630 2
632 630 1
965 630 2
1157 630 1
198 631 1
222 631 2
451 631 1
624 631 1
630 631 2
632 631 1
965 631 2
1157 631 1
222 632 1
630 632 1
631 632 1
965 632 1
1157 632 1
620 633 1
1155 633 1
247 634 1
854 634 1
253 635 1
312 635 1
517 635 1
883 635 1
896 635 1
897 635 1
898 635 1
253 636 1
661 636 1
720 636 1
857 636 1
858 636 1
859 636 1
860 636 1
861 636 1
294 637 1
421 637 1
614 637 1
624 637 1
433 638 1
496 638 1
610 638 1
625 638 1
639 638 1
433 639 1
496 639 1
610 639 1
625 639 1
638 639 1
178 640 1
236 640 1
322 640 1
525 640 1
767 640 1
688 641 1
830 641 1
831 641 1
120 642 1
143 642 1
158 642 1
276 642 1
487 642 1
587 642 1
483 643 1
1040 643 1
1041 643 1
1042 643 1
1043 643 1
98 644 2
518 644 2
519 644 2
645 644 2
950 644 1
98 645 2
518 645 2
519 645 2
644 645 2
950 645 1
12 646 1
389 646 2
934 646 1
90 647 1
200 647 1
648 647 1
649 647 2
650 647 4
654 647 1
655 647 2
686 647 2
735 647 3
743 647 1
744 647 1
852 647 1
853 647 1
1224 647 1
1225 647 1
1226 647 1
647 648 1
649 648 1
650 648 1
655 648 1
686 648 1
735 648 1
852 648 1
853 648 1
647 649 2
648 649 1
650 649 2
654 649 1
655 649 2
686 649 1
735 649 2
743 649 1
744 649 1
852 649 1
853 649 1
200 650 1
647 650 4
648 650 1
649 650 2
654 650 1
655 650 2
686 650 2
735 650 3
743 650 1
744 650 1
852 650 1
853 650 1
94 651 2
361 651 1
488 651 1
546 651 1
665 651 1
253 652 1
254 652 1
207 653 1
253 653 2
430 653 1
582 653 1
598 653 1
720 653 1
845 653 1
881 653 1
882 653 1
883 653 1
884 653 1
885 653 1
886 653 1
647 654 1
649 654 1
650 654 1
655 654 1
735 654 1
743 654 1
744 654 1
647 655 2
648 655 1
649 655 2
650 655 2
654 655 1
686 655 1
735 655 2
743 655 1
744 655 1
852 655 1
853 655 1
428 656 1
1016 656 1
1017 656 1
1018 656 1
658 657 1
657 658 1
131 659 1
132 659 1
147 659 1
687 659 1
688 659 2
690 659 1
777 659 1
8 660 1
94 660 1
159 660 1
181 660 1
304 660 1
305 660 1
431 660 1
537 660 1
813 660 1
814 660 1
187 661 1
236 661 1
253 661 2
460 661 1
636 661 1
720 661 1
857 661 1
858 661 1
859 661 1
860 661 1
861 661 1
324 662 1
573 662 1
1 663 1
94 663 1
666 663 1
1056 663 1
343 664 1
422 664 1
595 664 1
1204 664 1
94 665 1
546 665 1
651 665 1
1 666 1
94 666 1
663 666 1
1056 666 1
13 667 1
83 667 1
140 667 1
146 667 3
384 667 1
483 667 1
562 667 1
932 667 1
1205 667 1
1206 667 1
170 668 2
248 668 1
249 668 1
669 668 1
826 668 1
838 668 1
1230 668 1
170 669 2
668 669 1
826 669 1
827 669 1
838 669 1
409 670 2
473 670 2
8 671 1
59 671 1
360 671 1
550 671 1
1190 671 1
8 672 1
537 672 1
1173 672 1
167 673 3
175 673 1
236 673 1
272 673 1
582 673 1
585 673 1
603 673 1
687 673 1
944 673 1
980 673 1
1014 673 1
1015 673 1
1160 673 1
77 674 2
82 674 1
216 674 5
217 674 7
252 674 3
437 674 3
471 674 3
474 674 1
521 674 4
973 674 1
1077 674 2
1078 674 2
146 675 1
556 675 1
676 675 1
146 676 1
556 676 1
675 676 1
80 677 1
148 677 1
154 677 1
1141 678 1
1142 678 1
442 679 1
444 679 1
957 679 1
958 679 1
959 679 1
165 680 1
310 680 1
329 680 1
436 680 1
811 680 1
812 680 1
682 681 1
1113 681 1
1114 681 1
1115 681 1
1116 681 1
1117 681 1
681 682 1
1113 682 1
1114 682 1
1115 682 1
1116 682 1
1117 682 1
684 683 1
1212 683 1
1213 683 1
1214 683 1
1215 683 1
683 684 1
1212 684 1
1213 684 1
1214 684 1
1215 684 1
351 685 2
647 686 2
648 686 1
649 686 1
650 686 2
655 686 1
735 686 2
852 686 1
853 686 1
95 687 2
123 687 1
124 687 3
125 687 1
126 687 1
131 687 3
132 687 3
145 687 2
147 687 3
167 687 1
170 687 1
175 687 1
193 687 1
203 687 1
215 687 1
256 687 1
586 687 1
659 687 1
673 687 1
688 687 1
690 687 1
715 687 1
855 687 3
856 687 2
872 687 1
873 687 4
874 687 3
944 687 1
949 687 2
979 687 1
980 687 1
984 687 1
1014 687 1
1071 687 3
1072 687 1
1096 687 1
1160 687 1
1249 687 1
127 688 1
131 688 1
132 688 1
147 688 4
193 688 1
206 688 1
388 688 1
597 688 2
641 688 1
659 688 2
687 688 1
690 688 1
772 688 1
777 688 2
793 688 1
830 688 1
831 688 1
945 688 1
946 688 1
947 688 1
948 688 1
170 689 1
179 689 1
285 689 1
131 690 1
132 690 1
147 690 1
167 690 1
659 690 1
687 690 1
688 690 1
515 691 1
29 692 1
127 692 1
131 692 2
136 692 2
167 692 3
976 693 4
977 693 4
978 693 2
1149 693 3
1276 693 2
1277 693 1
1282 693 1
1283 693 1
15 694 1
16 694 1
448 694 1
459 694 1
116 695 1
235 695 3
236 695 1
238 695 1
258 696 1
434 696 1
462 696 1
485 696 1
527 696 1
613 696 1
697 696 1
698 696 1
258 697 1
434 697 1
462 697 1
485 697 1
527 697 1
613 697 1
696 697 1
698 697 1
258 698 1
434 698 1
462 698 1
485 698 1
527 698 1
613 698 1
696 698 1
697 698 1
253 699 1
254 699 1
498 699 1
701 700 1
702 700 1
703 700 1
704 700 1
705 700 1
706 700 1
707 700 1
700 701 1
702 701 1
703 701 1
704 701 1
705 701 1
706 701 1
707 701 1
700 702 1
701 702 1
703 702 1
704 702 1
705 702 1
706 702 1
707 702 1
700 703 1
701 703 1
702 703 1
704 703 1
705 703 1
706 703 1
707 703 1
700 704 1
701 704 1
702 704 1
703 704 1
705 704 1
706 704 1
707 704 1
700 705 1
701 705 1
702 705 1
703 705 1
704 705 1
706 705 1
707 705 1
700 706 1
701 706 1
702 706 1
703 706 1
704 706 1
705 706 1
707 706 1
700 707 1
701 707 1
702 707 1
703 707 1
704 707 1
705 707 1
706 707 1
79 708 2
410 708 3
512 708 2
513 708 2
545 708 1
709 708 2
710 708 2
755 708 1
780 708 1
792 708 1
793 708 1
79 709 1
410 709 2
512 709 2
513 709 2
545 709 1
708 709 2
710 709 1
755 709 1
792 709 1
793 709 1
79 710 2
410 710 2
512 710 1
513 710 1
545 710 1
708 710 2
709 710 1
780 710 1
8 711 1
94 711 1
159 711 1
181 711 1
305 711 1
431 711 1
7 712 1
16 712 1
18 712 1
39 712 1
88 712 1
110 712 1
128 712 1
137 712 1
208 712 1
209 712 1
210 712 1
211 712 1
212 712 1
213 712 1
228 712 1
242 712 1
243 712 1
250 712 1
268 712 1
270 712 1
294 713 1
450 713 1
608 713 1
614 713 1
624 713 1
49 714 1
175 714 1
391 714 1
147 715 1
170 715 1
687 715 1
32 716 1
35 716 1
194 716 1
225 716 1
400 716 1
183 717 1
207 717 1
253 717 1
580 717 1
718 717 1
719 717 1
720 717 1
721 717 1
183 718 1
207 718 1
253 718 1
580 718 1
717 718 1
719 718 1
720 718 1
721 718 1
183 719 1
207 719 1
253 719 1
580 719 1
717 719 1
718 719 1
720 719 1
721 719 1
93 720 1
183 720 1
207 720 2
253 720 4
579 720 1
580 720 1
581 720 1
582 720 1
598 720 1
636 720 1
653 720 1
661 720 1
717 720 1
718 720 1
719 720 1
721 720 1
845 720 1
857 720 1
858 720 1
859 720 1
860 720 1
861 720 1
881 720 1
882 720 1
883 720 1
884 720 1
885 720 1
886 720 1
183 721 1
207 721 1
253 721 1
580 721 1
717 721 1
718 721 1
719 721 1
720 721 1
445 722 1
723 722 1
724 722 1
725 722 1
445 723 1
722 723 1
724 723 1
725 723 1
445 724 1
722 724 1
723 724 1
725 724 1
445 725 1
722 725 1
723 725 1
724 725 1
299 726 1
439 726 1
418 727 1
408 728 1
468 728 1
605 728 1
606 728 1
627 728 1
628 728 1
729 728 1
730 728 1
408 729 1
468 729 1
605 729 1
606 729 1
627 729 1
628 729 1
728 729 1
730 729 1
408 730 1
468 730 1
605 730 1
606 730 1
627 730 1
628 730 1
728 730 1
729 730 1
313 731 1
732 731 1
313 732 1
731 732 1
86 733 1
290 733 1
549 733 1
119 734 1
183 734 1
187 734 1
204 734 1
205 734 1
220 734 1
234 734 1
236 734 1
253 734 1
475 734 1
647 735 3
648 735 1
649 735 2
650 735 3
654 735 1
655 735 2
686 735 2
743 735 1
744 735 1
852 735 1
853 735 1
134 736 3
286 736 3
383 736 1
737 736 1
738 736 1
739 736 2
741 736 1
1066 736 1
1228 736 1
1229 736 2
1284 736 1
1285 736 1
1286 736 1
383 737 1
736 737 1
738 737 1
739 737 1
383 738 1
736 738 1
737 738 1
739 738 1
383 739 1
736 739 2
737 739 1
738 739 1
741 739 1
33 740 1
327 740 1
736 741 1
739 741 1
147 742 2
647 743 1
649 743 1
650 743 1
654 743 1
655 743 1
735 743 1
744 743 1
647 744 1
649 744 1
650 744 1
654 744 1
655 744 1
735 744 1
743 744 1
281 745 1
282 745 1
283 745 1
284 745 1
51 746 1
747 746 1
748 746 1
51 747 1
746 747 1
748 747 1
51 748 1
746 748 1
747 748 1
188 749 1
454 749 1
465 749 1
466 749 1
467 749 1
750 749 1
751 749 1
188 750 1
454 750 1
465 750 1
466 750 1
467 750 1
749 750 1
751 750 1
188 751 1
454 751 1
465 751 1
466 751 1
467 751 1
749 751 1
750 751 1
178 752 1
236 752 2
275 752 1
470 752 2
582 752 1
621 752 1
78 753 1
404 753 1
7 754 1
135 754 1
137 754 1
410 755 1
512 755 1
513 755 2
548 755 1
708 755 1
709 755 1
756 755 1
792 755 1
793 755 1
513 756 1
548 756 1
755 756 1
112 757 1
146 757 1
167 757 2
220 757 1
236 757 1
246 757 1
583 757 1
758 757 1
759 757 1
930 757 1
167 758 1
220 758 1
246 758 1
757 758 1
759 758 1
167 759 1
220 759 1
246 759 1
757 759 1
758 759 1
427 760 1
762 761 1
763 761 1
764 761 1
765 761 1
761 762 1
763 762 1
764 762 1
765 762 1
761 763 1
762 763 1
764 763 1
765 763 1
761 764 1
762 764 1
763 764 1
765 764 1
761 765 1
762 765 1
763 765 1
764 765 1
462 766 1
613 766 1
178 767 1
236 767 1
322 767 1
525 767 1
640 767 1
349 768 1
81 769 1
294 769 2
323 769 1
576 769 1
608 769 1
770 769 1
771 769 1
294 770 1
608 770 1
769 770 1
771 770 1
294 771 1
608 771 1
769 771 1
770 771 1
147 772 1
688 772 1
234 773 1
236 773 1
253 773 1
774 773 1
775 773 1
234 774 1
236 774 1
253 774 1
773 774 1
775 774 1
234 775 3
236 775 3
253 775 2
773 775 1
774 775 1
789 775 1
790 775 1
791 775 2
796 775 1
140 776 3
146 776 3
907 776 2
975 776 1
127 777 1
147 777 1
193 777 1
597 777 1
659 777 1
688 777 2
793 777 1
945 777 1
946 777 1
947 777 1
948 777 1
500 778 1
779 778 1
500 779 1
778 779 1
79 780 1
410 780 1
708 780 1
710 780 1
782 781 1
781 782 1
600 783 1
784 783 1
785 783 1
600 784 1
783 784 1
785 784 1
600 785 1
783 785 1
784 785 1
315 786 1
37 787 1
122 787 2
405 787 1
406 787 2
440 787 1
895 787 1
303 788 1
319 788 1
234 789 1
236 789 1
253 789 1
775 789 1
790 789 1
791 789 1
234 790 1
236 790 1
253 790 1
775 790 1
789 790 1
791 790 1
234 791 2
236 791 2
253 791 1
775 791 2
789 791 1
790 791 1
796 791 1
410 792 1
512 792 1
513 792 1
708 792 1
709 792 1
755 792 1
793 792 1
127 793 1
147 793 1
193 793 1
410 793 1
512 793 1
513 793 1
597 793 1
688 793 1
708 793 1
709 793 1
755 793 1
777 793 1
792 793 1
945 793 1
946 793 1
947 793 1
948 793 1
146 794 1
253 794 1
254 794 1
795 794 1
146 795 1
253 795 2
254 795 1
794 795 1
234 796 1
236 796 1
775 796 1
791 796 1
279 797 2
419 797 1
429 797 1
146 798 1
235 798 1
236 798 1
585 798 1
331 799 1
566 799 1
800 799 1
331 800 1
566 800 1
799 800 1
71 801 1
74 801 1
452 801 1
623 801 1
802 801 1
803 801 1
804 801 1
805 801 1
71 802 2
74 802 1
452 802 1
623 802 1
801 802 1
803 802 1
804 802 1
805 802 1
997 802 1
998 802 1
999 802 1
71 803 1
74 803 1
452 803 1
623 803 1
801 803 1
802 803 1
804 803 1
805 803 1
71 804 1
74 804 1
452 804 1
623 804 1
801 804 1
802 804 1
803 804 1
805 804 1
71 805 1
74 805 1
452 805 1
623 805 1
801 805 1
802 805 1
803 805 1
804 805 1
6 806 1
596 806 1
807 806 1
6 807 1
596 807 1
806 807 1
594 808 1
809 808 1
594 809 1
808 809 1
403 810 1
165 811 1
310 811 1
329 811 1
436 811 1
680 811 1
812 811 1
165 812 1
310 812 1
329 812 1
436 812 1
680 812 1
811 812 1
8 813 1
94 813 1
159 813 1
181 813 1
304 813 1
305 813 1
431 813 1
537 813 1
660 813 1
814 813 1
8 814 1
94 814 1
159 814 1
181 814 1
304 814 1
305 814 1
431 814 1
537 814 1
660 814 1
813 814 1
253 815 1
254 815 1
479 815 1
97 816 1
103 816 1
599 816 1
817 816 1
97 817 1
103 817 1
599 817 1
816 817 1
819 818 1
820 818 1
818 819 1
820 819 1
818 820 1
819 820 1
172 821 1
251 821 3
320 821 2
325 821 1
822 821 1
823 821 1
824 821 1
944 821 1
172 822 1
251 822 1
325 822 1
423 822 1
510 822 1
821 822 1
823 822 2
824 822 2
846 822 1
172 823 1
251 823 1
325 823 1
423 823 1
510 823 1
821 823 1
822 823 2
824 823 2
846 823 1
172 824 1
251 824 1
325 824 1
423 824 1
510 824 1
821 824 1
822 824 2
823 824 2
846 824 1
170 825 2
615 825 1
826 825 2
827 825 1
838 825 1
839 825 1
170 826 4
248 826 1
249 826 1
615 826 1
668 826 1
669 826 1
825 826 2
827 826 2
838 826 3
839 826 1
1230 826 1
170 827 2
615 827 1
669 827 1
825 827 1
826 827 2
838 827 1
449 828 1
316 829 1
464 829 1
593 829 1
611 829 1
641 830 1
688 830 1
831 830 1
641 831 1
688 831 1
830 831 1
107 832 1
108 832 1
385 832 1
527 832 1
833 832 1
834 832 1
835 832 1
836 832 1
837 832 1
107 833 1
108 833 1
385 833 1
527 833 1
832 833 1
834 833 1
835 833 1
836 833 1
837 833 1
107 834 1
108 834 1
385 834 1
527 834 1
832 834 1
833 834 1
835 834 1
836 834 1
837 834 1
107 835 1
108 835 1
385 835 1
527 835 1
832 835 1
833 835 1
834 835 1
836 835 1
837 835 1
107 836 1
108 836 1
385 836 1
527 836 1
832 836 1
833 836 1
834 836 1
835 836 1
837 836 1
107 837 1
108 837 1
385 837 1
527 837 1
832 837 1
833 837 1
834 837 1
835 837 1
836 837 1
170 838 3
248 838 1
249 838 1
668 838 1
669 838 1
825 838 1
826 838 3
827 838 1
839 838 1
1230 838 1
170 839 1
825 839 1
826 839 1
838 839 1
84 840 1
841 840 1
84 841 1
840 841 1
87 842 2
219 842 2
245 842 2
539 842 2
540 842 2
541 842 2
542 842 2
543 842 2
130 843 1
844 843 1
130 844 1
843 844 1
183 845 1
204 845 1
207 845 1
253 845 2
582 845 1
598 845 1
653 845 1
720 845 1
881 845 1
882 845 1
883 845 1
884 845 1
885 845 1
886 845 1
423 846 1
510 846 1
822 846 1
823 846 1
824 846 1
494 847 1
848 847 1
494 848 1
847 848 1
424 849 1
850 849 1
424 850 1
849 850 1
269 851 1
511 851 1
647 852 1
648 852 1
649 852 1
650 852 1
655 852 1
686 852 1
735 852 1
853 852 1
647 853 1
648 853 1
649 853 1
650 853 1
655 853 1
686 853 1
735 853 1
852 853 1
247 854 1
634 854 1
95 855 2
687 855 3
856 855 2
872 855 1
873 855 1
874 855 2
1071 855 1
95 856 2
687 856 2
855 856 2
872 856 1
873 856 1
874 856 1
253 857 1
636 857 1
661 857 1
720 857 1
858 857 1
859 857 1
860 857 1
861 857 1
253 858 1
636 858 1
661 858 1
720 858 1
857 858 1
859 858 1
860 858 1
861 858 1
253 859 1
636 859 1
661 859 1
720 859 1
857 859 1
858 859 1
860 859 1
861 859 1
253 860 1
636 860 1
661 860 1
720 860 1
857 860 1
858 860 1
859 860 1
861 860 1
253 861 1
636 861 1
661 861 1
720 861 1
857 861 1
858 861 1
859 861 1
860 861 1
419 862 1
863 862 1
864 862 1
419 863 1
862 863 1
864 863 1
419 864 1
862 864 1
863 864 1
111 865 1
317 865 1
412 865 1
478 865 1
866 865 1
867 865 1
868 865 1
869 865 1
870 865 1
111 866 1
317 866 1
412 866 1
478 866 1
865 866 1
867 866 1
868 866 1
869 866 1
870 866 1
111 867 1
317 867 1
412 867 1
478 867 1
865 867 1
866 867 1
868 867 1
869 867 1
870 867 1
111 868 1
317 868 1
412 868 1
478 868 1
865 868 1
866 868 1
867 868 1
869 868 1
870 868 1
111 869 1
317 869 1
412 869 1
478 869 1
865 869 1
866 869 1
867 869 1
868 869 1
870 869 1
111 870 1
317 870 1
412 870 1
478 870 1
865 870 1
866 870 1
867 870 1
868 870 1
869 870 1
279 871 1
95 872 1
687 872 1
855 872 1
856 872 1
873 872 1
874 872 1
95 873 1
124 873 1
687 873 4
855 873 1
856 873 1
872 873 1
874 873 2
949 873 1
1071 873 2
1072 873 1
1096 873 1
95 874 1
687 874 3
855 874 2
856 874 1
872 874 1
873 874 2
1071 874 2
1072 874 1
339 875 1
876 875 1
339 876 1
875 876 1
104 877 1
878 877 1
104 878 1
877 878 1
1021 878 1
387 879 1
462 879 1
604 879 1
10 880 1
11 880 1
469 880 1
207 881 1
253 881 1
582 881 1
598 881 1
653 881 1
720 881 1
845 881 1
882 881 1
883 881 1
884 881 1
885 881 1
886 881 1
207 882 1
253 882 1
582 882 1
598 882 1
653 882 1
720 882 1
845 882 1
881 882 1
883 882 1
884 882 1
885 882 1
886 882 1
207 883 1
253 883 2
312 883 1
517 883 1
582 883 1
598 883 1
635 883 1
653 883 1
720 883 1
845 883 1
881 883 1
882 883 1
884 883 1
885 883 1
886 883 1
896 883 1
897 883 1
898 883 1
207 884 1
253 884 1
582 884 1
598 884 1
653 884 1
720 884 1
845 884 1
881 884 1
882 884 1
883 884 1
885 884 1
886 884 1
207 885 1
253 885 1
582 885 1
598 885 1
653 885 1
720 885 1
845 885 1
881 885 1
882 885 1
883 885 1
884 885 1
886 885 1
207 886 1
253 886 1
582 886 1
598 886 1
653 886 1
720 886 1
845 886 1
881 886 1
882 886 1
883 886 1
884 886 1
885 886 1
65 887 1
570 887 1
571 887 1
572 887 2
888 887 1
889 887 1
890 887 1
891 887 1
892 887 1
893 887 1
894 887 1
570 888 1
571 888 1
572 888 1
887 888 1
889 888 1
890 888 1
891 888 1
892 888 1
893 888 1
894 888 1
570 889 1
571 889 1
572 889 1
887 889 1
888 889 1
890 889 1
891 889 1
892 889 1
893 889 1
894 889 1
570 890 1
571 890 1
572 890 1
887 890 1
888 890 1
889 890 1
891 890 1
892 890 1
893 890 1
894 890 1
570 891 1
571 891 1
572 891 1
887 891 1
888 891 1
889 891 1
890 891 1
892 891 1
893 891 1
894 891 1
570 892 1
571 892 1
572 892 1
887 892 1
888 892 1
889 892 1
890 892 1
891 892 1
893 892 1
894 892 1
570 893 1
571 893 1
572 893 1
887 893 1
888 893 1
889 893 1
890 893 1
891 893 1
892 893 1
894 893 1
570 894 1
571 894 1
572 894 1
887 894 1
888 894 1
889 894 1
890 894 1
891 894 1
892 894 1
893 894 1
37 895 1
122 895 1
405 895 1
406 895 1
440 895 1
787 895 1
253 896 1
312 896 1
517 896 1
635 896 1
883 896 1
897 896 1
898 896 1
253 897 1
312 897 1
517 897 1
635 897 1
883 897 1
896 897 1
898 897 1
253 898 1
312 898 1
517 898 1
635 898 1
883 898 1
896 898 1
897 898 1
900 899 1
901 899 1
899 900 1
901 900 1
899 901 1
900 901 1
472 902 1
505 902 1
214 903 1
264 903 1
500 903 1
139 904 1
905 904 1
906 904 1
139 905 1
904 905 1
906 905 1
139 906 1
904 906 1
905 906 1
140 907 2
146 907 2
776 907 2
975 907 1
236 908 1
402 908 1
475 908 1
462 909 1
910 909 1
911 909 1
912 909 1
913 909 1
914 909 1
915 909 1
916 909 1
917 909 1
462 910 1
909 910 1
911 910 1
912 910 1
913 910 1
914 910 1
915 910 1
916 910 1
917 910 1
462 911 1
909 911 1
910 911 1
912 911 1
913 911 1
914 911 1
915 911 1
916 911 1
917 911 1
462 912 1
909 912 1
910 912 1
911 912 1
913 912 1
914 912 1
915 912 1
916 912 1
917 912 1
462 913 1
909 913 1
910 913 1
911 913 1
912 913 1
914 913 1
915 913 1
916 913 1
917 913 1
462 914 1
909 914 1
910 914 1
911 914 1
912 914 1
913 914 1
915 914 1
916 914 1
917 914 1
462 915 1
909 915 1
910 915 1
911 915 1
912 915 1
913 915 1
914 915 1
916 915 1
917 915 1
462 916 1
909 916 1
910 916 1
911 916 1
912 916 1
913 916 1
914 916 1
915 916 1
917 916 1
462 917 1
909 917 1
910 917 1
911 917 1
912 917 1
913 917 1
914 917 1
915 917 1
916 917 1
170 918 3
199 918 1
919 918 1
920 918 1
1000 918 1
1075 918 1
170 919 1
199 919 1
918 919 1
920 919 1
170 920 1
199 920 1
918 920 1
919 920 1
424 921 1
147 922 1
599 922 1
924 923 1
923 924 1
63 925 1
68 925 1
289 925 1
926 925 1
927 925 1
928 925 1
929 925 1
63 926 1
68 926 3
289 926 1
925 926 1
927 926 1
928 926 1
929 926 1
1291 926 1
63 927 1
68 927 1
289 927 1
925 927 1
926 927 1
928 927 1
929 927 1
63 928 1
68 928 1
289 928 1
925 928 1
926 928 1
927 928 1
929 928 1
63 929 1
68 929 1
289 929 1
925 929 1
926 929 1
927 929 1
928 929 1
112 930 1
146 930 1
167 930 1
236 930 1
583 930 1
757 930 1
8 931 1
75 931 1
118 931 1
175 931 1
197 931 1
300 931 1
304 931 1
307 931 1
360 931 1
401 931 1
411 931 1
550 931 1
980 931 1
1049 931 1
1050 931 1
1051 931 1
1133 931 1
1134 931 1
1135 931 1
1136 931 1
13 932 1
140 932 1
146 932 1
384 932 1
562 932 1
667 932 1
364 933 1
477 933 1
533 933 1
561 933 1
12 934 1
389 934 1
646 934 1
453 935 1
936 935 1
937 935 1
938 935 1
453 936 1
935 936 1
937 936 1
938 936 1
453 937 1
935 937 1
936 937 1
938 937 1
453 938 1
935 938 1
936 938 1
937 938 1
138 939 1
291 939 1
133 940 1
139 940 1
941 940 1
133 941 1
139 941 1
940 941 1
235 942 1
509 942 1
943 942 1
235 943 1
509 943 1
942 943 1
167 944 1
175 944 1
251 944 2
320 944 1
345 944 1
673 944 1
687 944 1
821 944 1
980 944 1
1160 944 1
127 945 1
147 945 1
193 945 1
597 945 1
688 945 1
777 945 1
793 945 1
946 945 1
947 945 1
948 945 1
127 946 1
147 946 1
193 946 1
597 946 1
688 946 1
777 946 1
793 946 1
945 946 1
947 946 1
948 946 1
127 947 1
147 947 1
193 947 1
597 947 1
688 947 1
777 947 1
793 947 1
945 947 1
946 947 1
948 947 1
127 948 1
147 948 1
193 948 1
597 948 1
688 948 1
777 948 1
793 948 1
945 948 1
946 948 1
947 948 1
124 949 2
131 949 1
132 949 1
144 949 1
145 949 1
147 949 5
156 949 1
358 949 1
388 949 1
456 949 1
457 949 1
557 949 1
558 949 1
687 949 2
873 949 1
984 949 1
1074 949 3
1075 949 1
1076 949 3
1121 949 1
1162 949 1
1211 949 1
1266 949 1
1267 949 1
1268 949 1
1269 949 1
1270 949 1
98 950 1
518 950 1
519 950 1
644 950 1
645 950 1
308 951 1
952 951 1
953 951 1
308 952 1
951 952 1
953 952 1
308 953 1
951 953 1
952 953 1
453 954 1
235 955 1
279 955 1
501 956 1
442 957 1
444 957 1
679 957 1
958 957 1
959 957 1
442 958 1
444 958 1
679 958 1
957 958 1
959 958 1
442 959 1
444 959 1
679 959 1
957 959 1
958 959 1
592 960 1
610 960 1
961 960 1
592 961 1
610 961 1
960 961 1
178 962 2
236 962 2
526 962 2
599 963 1
616 963 1
964 963 1
984 963 1
1191 963 1
1192 963 1
1193 963 1
1194 963 1
599 964 1
616 964 1
963 964 1
198 965 1
222 965 2
451 965 1
624 965 1
630 965 2
631 965 2
632 965 1
1157 965 1
54 966 1
567 966 1
390 967 1
968 967 1
969 967 1
970 967 1
390 968 1
967 968 1
969 968 1
970 968 1
390 969 1
967 969 1
968 969 1
970 969 1
390 970 1
967 970 1
968 970 1
969 970 1
93 971 1
253 971 1
269 972 1
511 972 1
217 973 1
471 973 1
474 973 1
674 973 1
294 974 1
323 974 1
140 975 1
146 975 1
776 975 1
907 975 1
693 976 4
977 976 4
978 976 2
1149 976 3
1276 976 2
1277 976 1
1282 976 1
1283 976 1
693 977 4
976 977 4
978 977 2
1149 977 3
1276 977 2
1277 977 1
1282 977 1
1283 977 1
693 978 2
976 978 2
977 978 2
1149 978 1
215 979 1
687 979 1
5 980 1
58 980 1
64 980 1
167 980 1
175 980 3
191 980 1
197 980 1
673 980 1
687 980 1
931 980 1
944 980 1
981 980 1
982 980 1
1133 980 1
1134 980 1
1135 980 1
1136 980 1
1160 980 1
5 981 1
58 981 1
64 981 1
175 981 1
191 981 1
980 981 1
982 981 1
5 982 1
58 982 1
64 982 1
175 982 1
191 982 1
980 982 1
981 982 1
28 983 1
105 983 1
523 983 1
61 984 1
85 984 1
124 984 1
131 984 1
132 984 1
145 984 1
147 984 2
687 984 1
949 984 1
963 984 1
985 984 1
986 984 1
987 984 1
988 984 1
1167 984 1
1191 984 1
1192 984 1
1193 984 1
1194 984 1
85 985 1
147 985 1
984 985 1
986 985 1
987 985 1
988 985 1
85 986 1
147 986 1
984 986 1
985 986 1
987 986 1
988 986 1
85 987 1
147 987 1
984 987 1
985 987 1
986 987 1
988 987 1
85 988 1
147 988 1
984 988 1
985 988 1
986 988 1
987 988 1
52 989 1
231 989 1
990 989 1
52 990 1
231 990 1
989 990 1
236 991 1
582 991 1
585 991 1
992 991 1
993 991 1
994 991 1
236 992 1
582 992 1
585 992 1
991 992 1
993 992 1
994 992 1
236 993 1
582 993 1
585 993 1
991 993 1
992 993 1
994 993 1
236 994 1
582 994 1
585 994 1
991 994 1
992 994 1
993 994 1
66 995 1
67 995 1
97 996 1
103 996 1
135 996 1
293 996 1
71 997 1
802 997 1
998 997 1
999 997 1
71 998 2
74 998 1
237 998 1
416 998 1
609 998 1
802 998 1
997 998 1
999 998 2
1047 998 1
1048 998 1
71 999 2
74 999 1
237 999 1
416 999 1
609 999 1
802 999 1
997 999 1
998 999 2
1047 999 1
1048 999 1
170 1000 1
918 1000 1
36 1001 1
357 1001 1
1002 1001 1
36 1002 1
357 1002 1
1001 1002 1
193 1003 1
292 1003 1
1004 1003 1
1005 1003 1
193 1004 1
292 1004 1
1003 1004 1
1005 1004 1
193 1005 1
292 1005 1
1003 1005 1
1004 1005 1
247 1006 1
437 1006 1
438 1006 2
578 1006 1
1232 1006 1
1233 1006 1
1234 1006 1
1235 1006 1
25 1007 1
380 1007 1
551 1007 1
262 1008 1
364 1008 1
477 1008 1
561 1008 1
232 1009 1
425 1009 1
443 1009 1
1010 1009 1
1011 1009 1
1012 1009 1
1013 1009 1
232 1010 1
425 1010 1
443 1010 1
1009 1010 1
1011 1010 1
1012 1010 1
1013 1010 1
232 1011 1
425 1011 1
443 1011 1
1009 1011 1
1010 1011 1
1012 1011 1
1013 1011 1
232 1012 1
425 1012 1
443 1012 1
1009 1012 1
1010 1012 1
1011 1012 1
1013 1012 1
232 1013 1
425 1013 1
443 1013 1
1009 1013 1
1010 1013 1
1011 1013 1
1012 1013 1
145 1014 1
167 1014 1
236 1014 1
272 1014 1
582 1014 1
585 1014 1
586 1014 1
603 1014 1
673 1014 1
687 1014 1
1015 1014 1
1249 1014 1
167 1015 1
236 1015 1
272 1015 1
582 1015 1
585 1015 1
603 1015 1
673 1015 1
1014 1015 1
428 1016 1
656 1016 1
1017 1016 1
1018 1016 1
428 1017 1
656 1017 1
1016 1017 1
1018 1017 1
428 1018 1
656 1018 1
1016 1018 1
1017 1018 1
413 1019 1
1020 1019 1
413 1020 1
1019 1020 1
878 1021 1
259 1022 1
462 1022 1
1023 1022 1
1024 1022 1
1025 1022 1
1026 1022 1
1027 1022 1
1028 1022 1
259 1023 1
462 1023 1
1022 1023 1
1024 1023 1
1025 1023 1
1026 1023 1
1027 1023 1
1028 1023 1
259 1024 1
462 1024 1
1022 1024 1
1023 1024 1
1025 1024 1
1026 1024 1
1027 1024 1
1028 1024 1
259 1025 1
462 1025 1
1022 1025 1
1023 1025 1
1024 1025 1
1026 1025 1
1027 1025 1
1028 1025 1
259 1026 1
462 1026 1
1022 1026 1
1023 1026 1
1024 1026 1
1025 1026 1
1027 1026 1
1028 1026 1
259 1027 1
462 1027 1
1022 1027 1
1023 1027 1
1024 1027 1
1025 1027 1
1026 1027 1
1028 1027 1
259 1028 1
462 1028 1
1022 1028 1
1023 1028 1
1024 1028 1
1025 1028 1
1026 1028 1
1027 1028 1
421 1029 1
463 1029 1
607 1029 1
608 1029 1
629 1029 1
1030 1029 1
1031 1029 1
1032 1029 1
421 1030 1
463 1030 1
607 1030 1
608 1030 1
629 1030 1
1029 1030 1
1031 1030 1
1032 1030 1
421 1031 1
463 1031 1
607 1031 1
608 1031 1
629 1031 1
1029 1031 1
1030 1031 1
1032 1031 1
421 1032 1
463 1032 1
607 1032 1
608 1032 1
629 1032 1
1029 1032 1
1030 1032 1
1031 1032 1
321 1033 1
1035 1034 1
1036 1034 1
1037 1034 1
1034 1035 1
1036 1035 1
1037 1035 1
1034 1036 1
1035 1036 1
1037 1036 1
1034 1037 1
1035 1037 1
1036 1037 1
367 1038 1
507 1038 1
602 1038 1
26 1039 1
483 1040 1
643 1040 1
1041 1040 1
1042 1040 1
1043 1040 1
483 1041 1
643 1041 1
1040 1041 1
1042 1041 1
1043 1041 1
483 1042 1
643 1042 1
1040 1042 1
1041 1042 1
1043 1042 1
483 1043 1
643 1043 1
1040 1043 1
1041 1043 1
1042 1043 1
260 1044 1
46 1045 1
168 1045 1
224 1045 1
435 1045 1
1046 1045 1
46 1046 1
168 1046 1
224 1046 1
435 1046 1
1045 1046 1
71 1047 1
74 1047 1
237 1047 1
416 1047 1
609 1047 1
998 1047 1
999 1047 1
1048 1047 1
71 1048 1
74 1048 1
237 1048 1
416 1048 1
609 1048 1
998 1048 1
999 1048 1
1047 1048 1
8 1049 1
118 1049 1
300 1049 1
304 1049 1
307 1049 1
411 1049 1
550 1049 1
931 1049 1
1050 1049 1
1051 1049 1
8 1050 1
118 1050 1
300 1050 1
304 1050 1
307 1050 1
411 1050 1
550 1050 1
931 1050 1
1049 1050 1
1051 1050 1
8 1051 1
118 1051 1
300 1051 1
304 1051 1
307 1051 1
411 1051 1
550 1051 1
931 1051 1
1049 1051 1
1050 1051 1
1053 1052 1
1052 1053 1
372 1054 1
373 1054 1
374 1054 1
407 1054 1
1055 1054 1
372 1055 1
373 1055 1
374 1055 1
407 1055 1
1054 1055 1
1 1056 1
94 1056 1
663 1056 1
666 1056 1
360 1057 4
1058 1057 4
1106 1057 2
1107 1057 2
360 1058 4
1057 1058 4
1106 1058 2
1107 1058 2
433 1059 1
577 1059 1
1060 1059 1
1061 1059 1
433 1060 1
577 1060 1
1059 1060 1
1061 1060 1
433 1061 1
577 1061 1
1059 1061 1
1060 1061 1
1063 1062 2
1064 1062 2
1261 1062 1
1062 1063 2
1064 1063 2
1261 1063 1
1062 1064 2
1063 1064 2
1261 1064 1
266 1065 2
349 1065 2
134 1066 1
286 1066 1
736 1066 1
514 1067 1
515 1067 1
386 1068 1
1069 1068 1
1070 1068 1
386 1069 2
1068 1069 1
1070 1069 2
1183 1069 1
1184 1069 1
386 1070 2
1068 1070 1
1069 1070 2
1183 1070 1
1184 1070 1
687 1071 3
855 1071 1
873 1071 2
874 1071 2
1072 1071 1
1096 1071 1
687 1072 1
873 1072 1
874 1072 1
1071 1072 1
31 1073 1
229 1073 1
296 1073 1
147 1074 3
949 1074 3
1075 1074 1
1076 1074 3
1121 1074 1
1211 1074 1
147 1075 1
170 1075 1
918 1075 1
949 1075 1
1074 1075 1
1076 1075 1
147 1076 3
949 1076 3
1074 1076 3
1075 1076 1
1121 1076 1
1211 1076 1
77 1077 2
216 1077 2
217 1077 2
252 1077 2
437 1077 2
521 1077 2
674 1077 2
1078 1077 2
77 1078 2
216 1078 2
217 1078 2
252 1078 2
437 1078 2
521 1078 2
674 1078 2
1077 1078 2
328 1079 2
1080 1079 2
1081 1079 2
1082 1079 2
1083 1079 2
1084 1079 2
328 1080 4
1079 1080 2
1081 1080 2
1082 1080 2
1083 1080 3
1084 1080 3
1227 1080 1
1262 1080 1
1263 1080 1
328 1081 2
1079 1081 2
1080 1081 2
1082 1081 2
1083 1081 2
1084 1081 2
328 1082 2
1079 1082 2
1080 1082 2
1081 1082 2
1083 1082 2
1084 1082 2
328 1083 3
1079 1083 2
1080 1083 3
1081 1083 2
1082 1083 2
1084 1083 3
1227 1083 1
328 1084 3
1079 1084 2
1080 1084 3
1081 1084 2
1082 1084 2
1083 1084 3
1227 1084 1
147 1085 1
265 1086 1
458 1086 1
585 1086 1
604 1086 1
1087 1086 1
1088 1086 1
265 1087 1
458 1087 1
585 1087 1
604 1087 1
1086 1087 1
1088 1087 1
265 1088 1
458 1088 1
585 1088 1
604 1088 1
1086 1088 1
1087 1088 1
123 1089 1
126 1089 1
38 1090 1
62 1090 1
340 1090 1
377 1090 1
568 1090 1
309 1091 1
1092 1091 1
1093 1091 1
309 1092 1
1091 1092 1
1093 1092 1
309 1093 1
1091 1093 1
1092 1093 1
235 1094 1
238 1094 1
536 1094 1
1095 1094 1
235 1095 1
238 1095 1
536 1095 1
1094 1095 1
687 1096 1
873 1096 1
1071 1096 1
274 1097 1
547 1097 1
1098 1097 1
1099 1097 1
1100 1097 1
274 1098 1
547 1098 1
1097 1098 1
1099 1098 1
1100 1098 1
274 1099 1
547 1099 1
1097 1099 1
1098 1099 1
1100 1099 1
274 1100 1
547 1100 1
1097 1100 1
1098 1100 1
1099 1100 1
92 1101 1
185 1101 1
1102 1101 1
92 1102 1
185 1102 1
1101 1102 1
306 1103 1
1104 1103 1
1105 1103 1
306 1104 1
1103 1104 1
1105 1104 1
306 1105 1
1103 1105 1
1104 1105 1
360 1106 2
1057 1106 2
1058 1106 2
1107 1106 2
360 1107 2
1057 1107 2
1058 1107 2
1106 1107 2
57 1108 2
113 1108 2
117 1108 2
347 1108 2
1109 1108 2
1110 1108 1
1111 1108 1
57 1109 2
113 1109 2
117 1109 2
347 1109 2
1108 1109 2
1110 1109 1
1111 1109 1
57 1110 1
113 1110 1
117 1110 1
347 1110 1
1108 1110 1
1109 1110 1
1111 1110 1
57 1111 1
113 1111 1
117 1111 1
347 1111 1
1108 1111 1
1109 1111 1
1110 1111 1
35 1112 1
298 1112 1
681 1113 1
682 1113 1
1114 1113 1
1115 1113 1
1116 1113 1
1117 1113 1
681 1114 1
682 1114 1
1113 1114 1
1115 1114 1
1116 1114 1
1117 1114 1
681 1115 1
682 1115 1
1113 1115 1
1114 1115 1
1116 1115 1
1117 1115 1
681 1116 1
682 1116 1
1113 1116 1
1114 1116 1
1115 1116 1
1117 1116 1
681 1117 1
682 1117 1
1113 1117 1
1114 1117 1
1115 1117 1
1116 1117 1
490 1118 1
1119 1118 1
1120 1118 1
490 1119 1
1118 1119 1
1120 1119 1
490 1120 1
1118 1120 1
1119 1120 1
147 1121 1
949 1121 1
1074 1121 1
1076 1121 1
19 1122 1
141 1122 1
355 1122 1
375 1122 1
1123 1122 1
1150 1122 1
1151 1122 1
19 1123 1
141 1123 1
355 1123 1
375 1123 1
1122 1123 1
1150 1123 1
1151 1123 1
486 1124 1
588 1124 1
590 1124 1
592 1124 1
1125 1124 1
1126 1124 1
1127 1124 1
1128 1124 1
1129 1124 1
1130 1124 1
486 1125 1
588 1125 1
590 1125 1
592 1125 1
1124 1125 1
1126 1125 1
1127 1125 1
1128 1125 1
1129 1125 1
1130 1125 1
486 1126 1
588 1126 1
590 1126 1
592 1126 1
1124 1126 1
1125 1126 1
1127 1126 1
1128 1126 1
1129 1126 1
1130 1126 1
486 1127 1
588 1127 1
590 1127 1
592 1127 1
1124 1127 1
1125 1127 1
1126 1127 1
1128 1127 1
1129 1127 1
1130 1127 1
486 1128 1
588 1128 1
590 1128 1
592 1128 1
1124 1128 1
1125 1128 1
1126 1128 1
1127 1128 1
1129 1128 1
1130 1128 1
486 1129 1
588 1129 1
590 1129 1
592 1129 1
1124 1129 1
1125 1129 1
1126 1129 1
1127 1129 1
1128 1129 1
1130 1129 1
486 1130 1
588 1130 1
590 1130 1
592 1130 1
1124 1130 1
1125 1130 1
1126 1130 1
1127 1130 1
1128 1130 1
1129 1130 1
160 1131 1
196 1131 1
355 1132 1
363 1132 1
560 1132 1
175 1133 1
197 1133 1
931 1133 1
980 1133 1
1134 1133 1
1135 1133 1
1136 1133 1
175 1134 1
197 1134 1
931 1134 1
980 1134 1
1133 1134 1
1135 1134 1
1136 1134 1
175 1135 1
197 1135 1
931 1135 1
980 1135 1
1133 1135 1
1134 1135 1
1136 1135 1
175 1136 1
197 1136 1
931 1136 1
980 1136 1
1133 1136 1
1134 1136 1
1135 1136 1
20 1137 1
155 1137 1
189 1137 1
569 1137 1
182 1138 1
484 1138 1
516 1138 1
2 1139 1
142 1139 1
186 1139 1
1140 1139 1
2 1140 1
142 1140 1
186 1140 1
1139 1140 1
678 1141 1
1142 1141 1
678 1142 1
1141 1142 1
1144 1143 1
1145 1143 1
1143 1144 1
1145 1144 1
1143 1145 1
1144 1145 1
455 1146 1
482 1146 1
1147 1146 1
1148 1146 1
455 1147 1
482 1147 1
1146 1147 1
1148 1147 1
455 1148 2
482 1148 2
1146 1148 1
1147 1148 1
1166 1148 1
693 1149 3
976 1149 3
977 1149 3
978 1149 1
1276 1149 2
1277 1149 1
1282 1149 1
1283 1149 1
19 1150 1
141 1150 1
355 1150 1
375 1150 1
1122 1150 1
1123 1150 1
1151 1150 1
19 1151 1
141 1151 1
355 1151 1
375 1151 1
1122 1151 1
1123 1151 1
1150 1151 1
592 1152 1
1153 1152 1
1154 1152 1
592 1153 1
1152 1153 1
1154 1153 1
592 1154 1
1152 1154 1
1153 1154 1
620 1155 1
633 1155 1
222 1156 1
619 1156 1
624 1156 1
222 1157 1
630 1157 1
631 1157 1
632 1157 1
965 1157 1
288 1158 1
393 1158 1
394 1158 1
395 1158 1
1159 1158 1
288 1159 1
393 1159 1
394 1159 1
395 1159 1
1158 1159 1
97 1160 1
103 1160 1
167 1160 1
175 1160 2
181 1160 1
673 1160 1
687 1160 1
944 1160 1
980 1160 1
544 1161 2
607 1161 1
608 1161 2
1170 1161 1
1171 1161 1
144 1162 1
156 1162 1
388 1162 1
456 1162 1
457 1162 1
949 1162 1
169 1163 1
318 1163 1
369 1163 1
382 1163 1
1164 1163 1
1165 1163 1
169 1164 1
318 1164 1
369 1164 1
382 1164 1
1163 1164 1
1165 1164 1
169 1165 1
318 1165 1
369 1165 1
382 1165 1
1163 1165 1
1164 1165 1
455 1166 1
482 1166 1
1148 1166 1
61 1167 1
984 1167 1
22 1168 1
96 1168 1
101 1168 1
302 1168 1
1169 1168 1
22 1169 1
96 1169 1
101 1169 1
302 1169 1
1168 1169 1
1161 1170 1
1171 1170 1
1161 1171 1
1170 1171 1
279 1172 1
8 1173 1
537 1173 1
672 1173 1
12 1174 1
1176 1175 1
1177 1175 1
1178 1175 1
1175 1176 1
1177 1176 1
1178 1176 1
1175 1177 1
1176 1177 1
1178 1177 1
1175 1178 1
1176 1178 1
1177 1178 1
1180 1179 1
1179 1180 1
350 1181 1
1182 1181 1
350 1182 1
1181 1182 1
386 1183 1
1069 1183 1
1070 1183 1
1184 1183 1
386 1184 1
1069 1184 1
1070 1184 1
1183 1184 1
335 1185 1
378 1185 1
1187 1186 1
1188 1186 1
1189 1186 1
1186 1187 1
1188 1187 1
1189 1187 1
1186 1188 1
1187 1188 1
1189 1188 1
1186 1189 1
1187 1189 1
1188 1189 1
8 1190 1
59 1190 1
360 1190 1
550 1190 1
671 1190 1
963 1191 1
984 1191 1
1192 1191 1
1193 1191 1
1194 1191 1
963 1192 1
984 1192 1
1191 1192 1
1193 1192 1
1194 1192 1
963 1193 1
984 1193 1
1191 1193 1
1192 1193 1
1194 1193 1
963 1194 1
984 1194 1
1191 1194 1
1192 1194 1
1193 1194 1
301 1195 1
1196 1195 1
1197 1195 1
1198 1195 1
1199 1195 1
301 1196 1
1195 1196 1
1197 1196 1
1198 1196 1
1199 1196 1
301 1197 1
1195 1197 1
1196 1197 1
1198 1197 1
1199 1197 1
301 1198 1
1195 1198 1
1196 1198 1
1197 1198 1
1199 1198 1
301 1199 1
1195 1199 1
1196 1199 1
1197 1199 1
1198 1199 1
47 1200 2
114 1200 1
379 1200 2
1265 1200 1
1293 1200 1
1294 1200 1
91 1201 1
106 1201 1
121 1201 1
173 1201 1
1202 1201 1
1203 1201 1
91 1202 1
106 1202 1
121 1202 1
173 1202 1
1201 1202 1
1203 1202 1
91 1203 1
106 1203 1
121 1203 1
173 1203 1
1201 1203 1
1202 1203 1
343 1204 1
422 1204 1
595 1204 1
664 1204 1
146 1205 1
483 1205 1
667 1205 1
1206 1205 1
146 1206 1
483 1206 1
667 1206 1
1205 1206 1
277 1207 1
278 1207 2
524 1207 1
1208 1207 1
1209 1207 1
1210 1207 1
278 1208 1
524 1208 1
1207 1208 1
1209 1208 1
1210 1208 1
278 1209 1
524 1209 1
1207 1209 1
1208 1209 1
1210 1209 1
278 1210 1
524 1210 1
1207 1210 1
1208 1210 1
1209 1210 1
147 1211 1
949 1211 1
1074 1211 1
1076 1211 1
683 1212 1
684 1212 1
1213 1212 1
1214 1212 1
1215 1212 1
683 1213 1
684 1213 1
1212 1213 1
1214 1213 1
1215 1213 1
683 1214 1
684 1214 1
1212 1214 1
1213 1214 1
1215 1214 1
683 1215 1
684 1215 1
1212 1215 1
1213 1215 1
1214 1215 1
620 1216 1
1217 1216 1
620 1217 1
1216 1217 1
612 1218 1
1219 1218 1
612 1219 1
1218 1219 1
487 1220 1
1221 1220 1
1222 1220 1
487 1221 1
1220 1221 1
1222 1221 1
487 1222 1
1220 1222 1
1221 1222 1
233 1223 1
342 1223 1
528 1223 1
90 1224 1
647 1224 1
1225 1224 1
1226 1224 1
90 1225 1
647 1225 1
1224 1225 1
1226 1225 1
90 1226 1
647 1226 1
1224 1226 1
1225 1226 1
328 1227 1
1080 1227 1
1083 1227 1
1084 1227 1
134 1228 1
286 1228 1
736 1228 1
1229 1228 1
134 1229 2
286 1229 2
736 1229 2
1228 1229 1
1284 1229 1
1285 1229 1
1286 1229 1
170 1230 1
248 1230 1
249 1230 1
668 1230 1
826 1230 1
838 1230 1
8 1231 1
360 1231 1
247 1232 1
438 1232 1
578 1232 1
1006 1232 1
1233 1232 1
1234 1232 1
1235 1232 1
247 1233 1
438 1233 1
578 1233 1
1006 1233 1
1232 1233 1
1234 1233 1
1235 1233 1
247 1234 1
438 1234 1
578 1234 1
1006 1234 1
1232 1234 1
1233 1234 1
1235 1234 1
247 1235 1
438 1235 1
578 1235 1
1006 1235 1
1232 1235 1
1233 1235 1
1234 1235 1
159 1236 1
362 1236 1
553 1236 1
69 1237 1
109 1237 1
1238 1237 1
1239 1237 1
1240 1237 1
1241 1237 1
1242 1237 1
1243 1237 1
69 1238 1
109 1238 1
1237 1238 1
1239 1238 1
1240 1238 1
1241 1238 1
1242 1238 1
1243 1238 1
69 1239 1
109 1239 1
1237 1239 1
1238 1239 1
1240 1239 1
1241 1239 1
1242 1239 1
1243 1239 1
69 1240 1
109 1240 1
1237 1240 1
1238 1240 1
1239 1240 1
1241 1240 1
1242 1240 1
1243 1240 1
69 1241 1
109 1241 1
1237 1241 1
1238 1241 1
1239 1241 1
1240 1241 1
1242 1241 1
1243 1241 1
69 1242 1
109 1242 1
1237 1242 1
1238 1242 1
1239 1242 1
1240 1242 1
1241 1242 1
1243 1242 1
69 1243 1
109 1243 1
1237 1243 1
1238 1243 1
1239 1243 1
1240 1243 1
1241 1243 1
1242 1243 1
3 1244 1
326 1244 1
236 1245 1
360 1245 1
470 1245 1
582 1245 1
1246 1245 1
236 1246 1
360 1246 1
470 1246 1
582 1246 1
1245 1246 1
403 1247 1
1248 1247 1
403 1248 1
1247 1248 1
145 1249 1
586 1249 1
687 1249 1
1014 1249 1
1251 1250 1
1252 1250 1
1253 1250 1
1254 1250 1
1255 1250 1
1250 1251 1
1252 1251 1
1253 1251 1
1254 1251 1
1255 1251 1
1250 1252 1
1251 1252 1
1253 1252 1
1254 1252 1
1255 1252 1
1250 1253 1
1251 1253 1
1252 1253 1
1254 1253 1
1255 1253 1
1250 1254 1
1251 1254 1
1252 1254 1
1253 1254 1
1255 1254 1
1250 1255 1
1251 1255 1
1252 1255 1
1253 1255 1
1254 1255 1
1257 1256 1
1258 1256 1
1259 1256 1
1256 1257 1
1258 1257 1
1259 1257 1
1256 1258 1
1257 1258 1
1259 1258 1
1256 1259 1
1257 1259 1
1258 1259 1
420 1260 1
480 1260 1
1062 1261 1
1063 1261 1
1064 1261 1
328 1262 1
1080 1262 1
1263 1262 1
328 1263 1
1080 1263 1
1262 1263 1
47 1264 1
141 1264 1
368 1264 1
372 1264 1
407 1264 1
1265 1264 1
47 1265 2
141 1265 1
368 1265 1
372 1265 1
379 1265 1
407 1265 1
1200 1265 1
1264 1265 1
1293 1265 1
1294 1265 1
358 1266 1
557 1266 1
558 1266 1
949 1266 1
1267 1266 1
1268 1266 1
1269 1266 1
1270 1266 1
358 1267 1
557 1267 1
558 1267 1
949 1267 1
1266 1267 1
1268 1267 1
1269 1267 1
1270 1267 1
358 1268 1
557 1268 1
558 1268 1
949 1268 1
1266 1268 1
1267 1268 1
1269 1268 1
1270 1268 1
358 1269 1
557 1269 1
558 1269 1
949 1269 1
1266 1269 1
1267 1269 1
1268 1269 1
1270 1269 1
358 1270 1
557 1270 1
558 1270 1
949 1270 1
1266 1270 1
1267 1270 1
1268 1270 1
1269 1270 1
283 1271 1
284 1271 1
295 1271 1
1272 1271 1
1273 1271 1
1274 1271 1
1275 1271 1
283 1272 1
284 1272 1
295 1272 1
1271 1272 1
1273 1272 1
1274 1272 1
1275 1272 1
283 1273 1
284 1273 1
295 1273 1
1271 1273 1
1272 1273 1
1274 1273 1
1275 1273 1
283 1274 1
284 1274 1
295 1274 1
1271 1274 1
1272 1274 1
1273 1274 1
1275 1274 1
283 1275 1
284 1275 1
295 1275 1
1271 1275 1
1272 1275 1
1273 1275 1
1274 1275 1
693 1276 2
976 1276 2
977 1276 2
1149 1276 2
1277 1276 1
1282 1276 1
1283 1276 1
693 1277 1
976 1277 1
977 1277 1
1149 1277 1
1276 1277 1
295 1278 1
1279 1278 1
1280 1278 1
1281 1278 1
295 1279 1
1278 1279 1
1280 1279 1
1281 1279 1
295 1280 1
1278 1280 1
1279 1280 1
1281 1280 1
295 1281 1
1278 1281 1
1279 1281 1
1280 1281 1
693 1282 1
976 1282 1
977 1282 1
1149 1282 1
1276 1282 1
1283 1282 1
693 1283 1
976 1283 1
977 1283 1
1149 1283 1
1276 1283 1
1282 1283 1
134 1284 1
286 1284 1
736 1284 1
1229 1284 1
1285 1284 1
1286 1284 1
134 1285 1
286 1285 1
736 1285 1
1229 1285 1
1284 1285 1
1286 1285 1
134 1286 1
286 1286 1
736 1286 1
1229 1286 1
1284 1286 1
1285 1286 1
281 1287 1
282 1287 1
93 1288 1
253 1288 1
370 1289 1
1290 1289 1
370 1290 1
1289 1290 1
68 1291 1
926 1291 1
420 1292 1
480 1292 1
47 1293 1
379 1293 1
1200 1293 1
1265 1293 1
1294 1293 1
47 1294 1
379 1294 1
1200 1294 1
1265 1294 1
1293 1294 1
97 1295 1
143 1295 1
