5 1 1
16 1 1
65 1 1
15 2 1
19 2 1
27 2 1
28 2 1
29 2 2
38 2 1
47 2 1
51 2 1
514 2 1
520 2 1
614 2 1
718 2 1
37 3 1
39 3 1
120 3 1
293 3 1
374 3 1
448 3 3
553 3 1
21 4 1
36 4 1
84 4 1
1 5 1
16 5 1
65 5 1
103 6 1
150 6 1
207 6 1
325 6 1
731 6 1
30 7 1
35 7 1
36 7 1
47 7 1
261 7 1
358 7 1
877 7 1
421 8 1
844 8 1
34 9 1
35 9 1
12 10 1
84 11 2
90 11 1
141 11 1
160 11 1
191 11 1
430 11 1
487 11 1
680 11 1
681 11 1
682 11 1
10 12 1
111 12 2
57 13 1
82 13 1
117 13 1
148 13 1
149 13 1
280 13 1
281 13 1
396 13 1
501 13 1
328 14 1
556 14 1
2 15 1
47 15 1
1 16 1
5 16 1
65 16 1
33 17 1
63 17 1
64 17 1
87 17 1
105 17 1
216 17 2
346 17 1
451 17 2
191 18 1
548 18 1
743 18 1
2 19 1
51 19 1
58 20 1
105 20 1
280 20 2
281 20 2
285 20 1
508 20 1
4 21 1
35 21 1
36 21 1
59 21 1
84 21 2
106 21 1
113 21 1
115 21 1
119 21 1
246 21 1
333 21 2
715 21 1
822 21 1
35 22 1
59 22 1
117 22 1
429 22 1
48 23 1
87 23 4
134 23 2
140 23 2
183 23 1
218 23 1
231 23 3
390 23 1
513 23 1
612 23 1
613 23 1
740 23 1
45 24 2
93 24 1
338 24 1
379 24 1
610 24 1
804 24 1
843 24 1
155 25 1
159 25 2
301 25 2
361 25 1
433 25 1
210 26 1
2 27 1
28 27 1
29 27 1
2 28 1
27 28 1
29 28 1
898 28 1
2 29 2
27 29 1
28 29 1
38 29 1
520 29 1
7 30 1
31 30 1
35 30 1
36 30 1
47 30 1
172 30 1
206 30 3
261 30 1
348 30 1
358 30 1
499 30 1
877 30 1
30 31 1
172 31 1
348 31 1
320 32 1
549 32 1
631 32 1
17 33 1
105 33 1
232 33 1
689 33 1
690 33 1
9 34 1
35 34 1
7 35 1
9 35 1
21 35 1
22 35 1
30 35 1
34 35 1
36 35 3
47 35 1
55 35 1
56 35 1
59 35 4
109 35 1
113 35 1
117 35 1
246 35 1
261 35 1
296 35 1
333 35 1
358 35 1
429 35 2
877 35 1
4 36 1
7 36 1
21 36 1
30 36 1
35 36 3
47 36 1
55 36 1
56 36 1
59 36 2
246 36 1
261 36 1
333 36 1
358 36 1
429 36 1
877 36 1
3 37 1
39 37 1
41 37 1
78 37 1
120 37 1
255 37 2
277 37 3
539 37 1
2 38 1
29 38 1
520 38 1
3 39 1
37 39 1
120 39 1
41 40 1
329 40 1
420 40 1
37 41 1
40 41 1
255 41 1
277 41 1
329 41 1
420 41 1
539 41 1
458 42 1
76 43 1
95 43 1
107 43 1
209 43 1
382 43 1
542 43 1
107 44 1
291 44 1
294 44 1
295 44 1
24 45 2
180 46 1
2 47 1
7 47 1
15 47 1
30 47 1
35 47 1
36 47 1
87 47 2
90 47 1
105 47 2
163 47 1
164 47 1
191 47 1
205 47 1
227 47 1
249 47 1
261 47 1
272 47 1
304 47 2
313 47 1
343 47 1
348 47 1
358 47 1
378 47 5
426 47 1
431 47 1
442 47 1
451 47 1
474 47 1
532 47 1
545 47 1
560 47 1
585 47 1
877 47 1
23 48 1
87 48 1
205 48 1
218 48 1
390 48 1
740 48 3
270 49 1
280 49 1
878 49 1
54 50 1
68 50 1
217 50 1
257 50 1
265 50 1
340 50 1
414 50 2
453 50 1
491 50 1
504 50 2
602 50 1
2 51 1
19 51 1
429 51 1
636 51 1
278 52 1
570 52 1
154 53 2
243 53 6
269 53 1
299 53 1
335 53 1
382 53 1
497 53 1
506 53 2
549 53 3
589 53 1
592 53 1
640 53 1
650 53 1
655 53 1
656 53 1
672 53 1
834 53 1
50 54 1
217 54 1
340 54 1
430 54 1
560 54 3
35 55 1
36 55 1
56 55 1
59 55 1
429 55 1
35 56 1
36 56 1
55 56 1
59 56 1
429 56 1
13 57 1
58 57 1
105 57 1
266 57 2
591 57 1
20 58 1
57 58 1
105 58 3
128 58 1
281 58 3
508 58 1
21 59 1
22 59 1
35 59 4
36 59 2
55 59 1
56 59 1
109 59 1
117 59 1
246 59 1
333 59 1
429 59 2
308 60 1
313 60 1
379 60 2
402 60 1
403 60 1
404 60 1
457 60 1
536 60 1
554 60 1
193 61 1
594 61 1
846 61 1
847 61 1
595 62 1
765 62 1
17 63 1
64 63 1
17 64 1
63 64 1
1 65 1
5 65 1
16 65 1
164 66 1
185 66 1
226 66 1
369 66 1
459 66 2
94 67 1
98 67 1
50 68 1
90 68 1
191 68 1
201 68 1
265 68 2
266 68 2
342 68 1
353 68 3
414 68 1
504 68 2
697 68 1
448 69 1
562 70 1
425 71 1
302 72 1
303 72 1
91 73 1
211 73 1
332 73 1
365 74 1
548 75 1
43 76 1
95 76 1
88 77 1
221 77 1
37 78 1
277 78 1
350 79 1
496 79 1
884 79 1
99 80 1
100 80 1
101 80 1
213 81 1
214 81 1
427 81 1
13 82 1
148 82 1
149 82 2
206 82 1
501 82 2
118 83 1
331 83 1
688 83 1
4 84 1
11 84 2
21 84 2
90 84 1
177 84 1
191 84 1
206 84 1
262 84 1
299 84 1
351 84 1
378 84 1
407 84 1
429 84 1
430 84 2
436 84 1
487 84 4
532 84 2
560 84 1
680 84 1
681 84 1
682 84 1
715 84 1
758 84 1
822 84 1
237 85 1
532 85 1
776 85 1
829 85 1
298 86 1
17 87 1
23 87 4
47 87 2
48 87 1
124 87 1
134 87 2
140 87 2
205 87 1
218 87 2
231 87 3
249 87 1
304 87 1
357 87 1
390 87 1
391 87 1
441 87 1
451 87 1
741 87 1
77 88 1
221 88 1
245 88 1
119 89 1
194 89 1
290 89 1
454 89 1
455 89 1
482 89 2
604 89 1
605 89 1
635 89 1
11 90 1
47 90 1
68 90 1
84 90 1
191 90 5
201 90 1
304 90 1
311 90 3
429 90 1
434 90 1
436 90 1
452 90 4
560 90 5
681 90 1
682 90 1
73 91 1
211 91 1
332 91 1
170 92 1
335 92 1
555 92 1
24 93 1
338 93 1
67 94 1
98 94 1
43 95 1
76 95 1
208 96 1
389 96 2
708 96 1
125 97 1
126 97 1
174 97 1
249 97 2
67 98 1
94 98 1
80 99 1
100 99 1
101 99 1
80 100 1
99 100 1
101 100 1
292 100 1
80 101 1
99 101 1
100 101 1
138 102 2
165 102 2
6 103 1
150 103 1
159 104 1
272 104 1
343 104 1
17 105 1
20 105 1
33 105 1
47 105 2
57 105 1
58 105 3
128 105 1
166 105 1
191 105 1
216 105 1
280 105 1
281 105 3
345 105 1
348 105 1
378 105 1
400 105 1
434 105 1
21 106 1
113 106 1
115 106 1
119 106 1
333 106 1
43 107 1
44 107 1
291 107 1
294 107 1
295 107 1
382 107 1
542 107 3
109 108 1
253 108 1
35 109 1
59 109 1
108 109 1
253 109 2
178 110 1
12 111 2
274 112 1
355 112 1
430 112 1
21 113 1
35 113 1
106 113 1
115 113 1
119 113 1
296 113 1
333 113 1
333 114 1
879 114 1
880 114 1
881 114 1
882 114 1
21 115 1
106 115 1
113 115 1
119 115 1
333 115 1
321 116 1
322 116 1
326 116 1
638 116 2
659 116 1
863 116 1
864 116 1
13 117 1
22 117 1
35 117 1
59 117 1
281 117 1
396 117 2
429 117 1
430 117 1
83 118 1
331 118 1
688 118 1
21 119 1
89 119 1
106 119 1
113 119 1
115 119 1
333 119 1
455 119 1
3 120 1
37 120 1
39 120 1
144 121 2
153 121 2
239 121 1
240 121 1
241 121 1
390 121 2
431 121 1
474 121 1
888 121 1
889 121 1
137 122 1
169 122 1
305 122 1
258 123 1
590 123 1
87 124 1
97 125 1
126 125 2
249 125 2
726 125 1
97 126 1
125 126 2
249 126 2
726 126 1
171 127 1
58 128 1
105 128 1
237 128 1
259 128 1
281 128 1
860 128 1
861 128 1
230 129 1
375 129 1
440 129 1
139 130 1
154 130 2
187 130 5
382 130 1
586 130 1
855 130 1
142 131 1
216 131 1
254 131 1
334 131 1
448 131 1
470 131 1
471 131 1
569 131 1
180 132 1
835 132 1
204 133 1
766 133 1
23 134 2
87 134 2
140 134 2
231 134 2
378 135 1
434 135 1
652 136 1
122 137 1
169 137 1
305 137 1
102 138 2
165 138 2
130 139 1
23 140 2
87 140 2
134 140 2
231 140 3
11 141 1
160 141 1
131 142 1
334 142 1
701 143 1
702 143 1
703 143 1
704 143 1
121 144 2
390 144 2
146 145 2
346 145 1
439 145 1
517 145 1
518 145 1
519 145 1
145 146 2
346 146 1
517 146 1
518 146 1
519 146 1
219 147 1
552 147 1
693 147 1
13 148 1
82 148 1
149 148 1
501 148 1
13 149 1
82 149 2
148 149 1
206 149 2
501 149 2
6 150 1
103 150 1
233 150 1
366 151 1
496 152 1
584 152 1
821 152 1
883 152 1
897 152 1
121 153 2
703 153 1
816 153 1
840 153 1
841 153 1
53 154 2
130 154 2
187 154 2
206 154 1
243 154 1
331 154 1
346 154 1
351 154 1
377 154 2
506 154 1
586 154 2
587 154 2
855 154 1
896 154 1
25 155 1
433 155 1
287 156 1
281 157 1
438 157 1
439 157 1
671 158 1
25 159 2
104 159 1
191 159 1
272 159 1
301 159 2
330 159 1
343 159 1
361 159 2
757 159 1
11 160 1
141 160 1
260 160 1
162 161 5
224 161 2
356 161 1
502 161 1
673 161 1
677 161 1
678 161 1
161 162 5
356 162 1
437 162 1
502 162 1
531 162 1
536 162 1
607 162 1
673 162 1
677 162 1
678 162 1
47 163 1
205 163 1
47 164 1
66 164 1
313 164 1
378 164 1
431 164 1
474 164 1
102 165 2
138 165 2
105 166 1
345 166 1
304 167 1
574 168 3
817 168 1
122 169 1
137 169 1
305 169 1
92 170 1
335 170 1
127 171 1
30 172 1
31 172 1
348 172 1
272 173 1
284 173 1
866 173 1
867 173 1
97 174 1
175 174 1
249 174 1
174 175 1
177 175 1
256 176 1
394 176 1
412 176 1
572 176 1
742 176 1
84 177 1
175 177 1
487 177 1
110 178 1
216 179 1
46 180 1
132 180 1
401 180 1
424 180 1
835 180 1
203 181 1
557 181 1
818 181 1
739 182 1
23 183 1
513 183 1
612 183 1
613 183 1
229 184 1
732 184 1
66 185 1
252 185 1
436 185 2
462 185 1
622 185 1
653 185 1
337 186 2
130 187 5
154 187 2
382 187 1
388 187 1
394 187 2
462 187 1
542 187 2
586 187 1
700 187 2
855 187 1
190 188 2
191 188 4
511 188 2
720 188 1
191 189 3
511 189 1
188 190 2
191 190 4
279 190 1
429 190 1
473 190 1
485 190 1
515 190 1
11 191 1
18 191 1
47 191 1
68 191 1
84 191 1
90 191 5
105 191 1
159 191 1
188 191 4
189 191 3
190 191 4
201 191 1
216 191 1
304 191 1
311 191 1
399 191 2
431 191 3
434 191 4
451 191 1
452 191 1
511 191 3
538 191 1
560 191 2
681 191 1
682 191 1
815 191 1
299 192 1
351 192 1
679 192 1
61 193 1
89 194 1
202 194 1
356 194 3
371 194 1
484 194 1
621 194 2
635 194 1
771 194 1
196 195 2
551 195 1
195 196 2
374 196 2
551 196 3
198 197 2
307 197 1
370 197 2
386 197 1
197 198 2
307 198 1
370 198 2
385 198 1
386 198 2
200 199 1
754 199 1
199 200 1
754 200 1
68 201 1
90 201 1
191 201 1
451 201 1
194 202 1
356 202 1
181 203 1
557 203 1
133 204 1
766 204 1
47 205 1
48 205 1
87 205 1
163 205 1
218 205 1
30 206 3
82 206 1
84 206 1
149 206 2
154 206 1
234 206 1
309 206 1
331 206 1
346 206 3
351 206 3
393 206 1
434 206 2
499 206 1
501 206 2
515 206 1
537 206 1
549 206 1
576 206 1
654 206 1
6 207 1
96 208 1
389 208 1
43 209 1
233 209 3
242 209 2
382 209 1
430 209 1
449 209 3
540 209 1
549 209 1
795 209 1
26 210 1
73 211 1
91 211 1
332 211 1
307 212 1
374 212 1
81 213 1
214 213 1
427 213 1
81 214 1
213 214 1
427 214 1
216 215 1
17 216 2
105 216 1
131 216 1
179 216 1
191 216 1
215 216 1
264 216 1
269 216 1
273 216 1
346 216 3
434 216 1
451 216 1
562 216 1
569 216 1
598 216 2
633 216 1
756 216 1
50 217 1
54 217 1
340 217 1
23 218 1
48 218 1
87 218 2
205 218 1
147 219 1
552 219 1
693 219 1
565 220 1
77 221 1
88 221 1
351 222 1
416 222 1
512 222 1
593 223 1
161 224 2
719 224 1
499 225 1
66 226 1
47 227 1
451 227 2
545 227 1
319 228 1
329 228 1
397 228 1
471 228 1
475 228 1
498 228 1
526 228 1
827 228 1
184 229 1
732 229 1
129 230 1
375 230 1
503 230 1
23 231 3
87 231 3
134 231 2
140 231 3
313 231 1
378 231 1
419 231 1
792 231 1
33 232 1
689 232 1
690 232 1
150 233 1
209 233 3
299 233 1
382 233 1
440 233 1
446 233 1
447 233 1
540 233 1
628 233 1
710 233 1
769 233 1
206 234 1
383 234 2
577 234 1
876 234 1
379 235 3
431 235 1
493 235 2
262 236 1
85 237 1
128 237 1
259 237 1
344 237 2
350 237 1
532 237 1
671 237 1
683 237 1
684 237 1
776 237 1
813 237 1
814 237 1
860 237 1
861 237 1
568 238 1
121 239 1
240 239 1
241 239 1
121 240 1
239 240 1
241 240 1
121 241 1
239 241 1
240 241 1
209 242 2
795 242 1
53 243 6
154 243 1
244 243 1
276 243 1
335 243 5
395 243 1
432 243 2
497 243 1
506 243 2
549 243 5
608 243 1
752 243 1
753 243 2
823 243 1
243 244 1
282 244 1
395 244 1
608 244 1
88 245 1
21 246 1
35 246 1
36 246 1
59 246 1
333 246 1
248 247 1
271 247 1
578 247 1
247 248 1
271 248 1
578 248 1
47 249 1
87 249 1
97 249 2
125 249 2
126 249 2
174 249 1
378 249 1
726 249 1
785 249 1
251 250 1
408 250 1
250 251 1
408 251 1
185 252 1
436 252 1
108 253 1
109 253 2
297 253 1
352 253 1
354 253 1
617 253 1
619 253 1
620 253 1
131 254 1
37 255 2
41 255 1
277 255 2
539 255 1
176 256 1
423 256 1
463 256 1
742 256 1
782 256 1
50 257 1
123 258 1
128 259 1
237 259 1
860 259 1
861 259 1
160 260 1
461 260 1
7 261 1
30 261 1
35 261 1
36 261 1
47 261 1
358 261 1
877 261 1
84 262 1
236 262 1
263 262 1
398 262 1
429 262 1
495 262 1
709 262 1
262 263 1
495 263 1
216 264 1
365 264 2
555 264 2
50 265 1
68 265 2
342 265 1
414 265 1
504 265 2
697 265 1
57 266 2
68 266 2
353 266 2
591 266 1
634 267 1
705 267 1
706 267 1
299 268 1
346 268 1
53 269 1
216 269 1
299 269 1
346 269 1
532 269 1
49 270 1
280 270 1
878 270 1
247 271 1
248 271 1
578 271 1
47 272 1
104 272 1
159 272 1
173 272 1
284 272 1
343 272 2
866 272 1
867 272 1
216 273 1
346 273 1
112 274 1
355 274 1
430 274 1
377 275 1
243 276 1
335 276 1
549 276 1
37 277 3
41 277 1
78 277 1
255 277 2
539 277 1
52 278 1
570 278 1
190 279 1
429 279 1
473 279 1
485 279 1
13 280 1
20 280 2
49 280 1
105 280 1
270 280 1
281 280 4
285 280 1
496 280 1
584 280 1
878 280 1
13 281 1
20 281 2
58 281 3
105 281 3
117 281 1
128 281 1
157 281 1
280 281 4
396 281 1
438 281 1
439 281 1
483 281 1
496 281 1
508 281 1
584 281 1
796 281 1
244 282 1
691 283 1
692 283 1
173 284 1
272 284 1
866 284 1
867 284 1
20 285 1
280 285 1
415 286 1
156 287 1
289 288 1
288 289 1
89 290 1
44 291 1
107 291 1
294 291 1
295 291 1
100 292 1
3 293 1
44 294 1
107 294 1
291 294 1
295 294 1
44 295 1
107 295 1
291 295 1
294 295 1
35 296 1
113 296 1
253 297 1
298 297 1
352 297 1
354 297 1
617 297 1
619 297 1
620 297 1
659 297 1
86 298 1
297 298 1
659 298 1
53 299 1
84 299 1
192 299 1
233 299 1
268 299 1
269 299 1
300 299 1
341 299 1
346 299 4
347 299 2
351 299 10
369 299 1
374 299 1
436 299 1
450 299 2
529 299 1
530 299 1
532 299 1
550 299 1
560 299 1
628 299 1
668 299 1
669 299 1
670 299 1
672 299 1
676 299 1
679 299 1
885 299 1
299 300 1
374 300 1
25 301 2
159 301 2
361 301 1
72 302 1
303 302 1
72 303 1
302 303 1
47 304 2
87 304 1
90 304 1
167 304 1
191 304 1
311 304 1
367 304 1
369 304 1
378 304 1
532 304 1
122 305 1
137 305 1
169 305 1
351 306 1
197 307 1
198 307 1
212 307 1
374 307 1
60 308 1
379 308 1
206 309 1
310 309 1
311 309 1
537 309 1
309 310 1
311 310 1
90 311 3
191 311 1
304 311 1
309 311 1
310 311 1
392 311 1
560 311 1
563 311 1
828 312 1
47 313 1
60 313 1
164 313 1
231 313 1
378 313 1
419 313 1
792 313 1
315 314 2
314 315 2
362 316 2
363 316 1
364 316 2
510 317 1
872 317 1
601 318 1
848 318 1
849 318 1
850 318 1
851 318 1
228 319 1
374 319 2
445 319 2
498 319 1
526 319 1
32 320 1
549 320 1
631 320 1
116 321 1
638 321 1
659 321 1
116 322 1
326 322 1
638 322 1
863 322 1
864 322 1
429 323 1
730 323 1
415 324 1
722 324 1
723 324 1
6 325 1
116 326 1
322 326 1
638 326 1
863 326 1
864 326 1
805 327 1
14 328 1
556 328 1
40 329 1
41 329 1
228 329 1
420 329 1
456 329 1
471 329 1
606 329 1
819 329 1
159 330 1
83 331 1
118 331 1
154 331 1
206 331 1
346 331 1
351 331 1
517 331 1
518 331 1
519 331 1
688 331 1
73 332 1
91 332 1
211 332 1
21 333 2
35 333 1
36 333 1
59 333 1
106 333 1
113 333 1
114 333 1
115 333 1
119 333 1
246 333 1
879 333 1
880 333 1
881 333 1
882 333 1
131 334 1
142 334 1
53 335 1
92 335 1
170 335 1
243 335 5
276 335 1
549 335 3
752 335 1
753 335 2
376 336 1
186 337 2
24 338 1
93 338 1
399 339 1
400 339 1
666 339 1
50 340 1
54 340 1
217 340 1
299 341 1
351 341 1
68 342 1
265 342 1
478 342 1
504 342 1
697 342 1
47 343 1
104 343 1
159 343 1
272 343 2
237 344 2
350 344 2
671 344 1
683 344 2
684 344 1
105 345 1
166 345 1
17 346 1
145 346 1
146 346 1
154 346 1
206 346 3
216 346 3
268 346 1
269 346 1
273 346 1
299 346 4
331 346 1
347 346 2
351 346 2
378 346 3
444 346 1
449 346 1
509 346 1
668 346 1
669 346 1
687 346 1
299 347 2
346 347 2
30 348 1
31 348 1
47 348 1
105 348 1
172 348 1
378 348 1
507 348 1
355 349 1
430 349 1
79 350 1
237 350 1
344 350 2
496 350 1
683 350 2
684 350 1
686 350 1
884 350 1
84 351 1
154 351 1
192 351 1
206 351 3
222 351 1
299 351 10
306 351 1
331 351 1
341 351 1
346 351 2
416 351 2
428 351 1
449 351 1
450 351 5
543 351 2
544 351 1
632 351 1
670 351 1
679 351 1
777 351 1
778 351 1
253 352 1
297 352 1
354 352 1
617 352 1
619 352 1
620 352 1
68 353 3
266 353 2
253 354 1
297 354 1
352 354 1
617 354 1
619 354 1
620 354 1
112 355 1
274 355 1
349 355 1
394 355 2
417 355 3
429 355 3
430 355 6
497 355 1
527 355 1
534 355 2
790 355 1
161 356 1
162 356 1
194 356 3
202 356 1
371 356 1
484 356 1
621 356 2
87 357 1
441 357 1
7 358 1
30 358 1
35 358 1
36 358 1
47 358 1
261 358 1
877 358 1
360 359 1
384 359 1
359 360 1
384 360 1
25 361 1
159 361 2
301 361 1
316 362 2
363 362 1
364 362 2
733 362 1
734 362 1
316 363 1
362 363 1
364 363 1
316 364 2
362 364 2
363 364 1
762 364 1
74 365 1
264 365 2
366 365 1
494 365 1
675 365 1
151 366 1
365 366 1
304 367 1
472 368 1
66 369 1
299 369 1
304 369 1
532 369 1
676 369 1
680 369 1
197 370 2
198 370 2
385 370 7
386 370 7
560 370 4
194 371 1
356 371 1
621 371 1
373 372 1
374 372 1
444 372 1
521 372 1
372 373 1
374 373 1
444 373 1
521 373 1
3 374 1
196 374 2
212 374 1
299 374 1
300 374 1
307 374 1
319 374 2
372 374 1
373 374 1
377 374 1
384 374 1
444 374 4
445 374 3
521 374 1
551 374 2
553 374 3
600 374 1
875 374 1
885 374 1
886 374 1
887 374 1
129 375 1
230 375 1
336 376 1
500 376 1
727 376 1
728 376 1
154 377 2
275 377 1
374 377 1
382 377 1
450 377 2
542 377 1
587 377 1
642 377 1
648 377 1
698 377 1
699 377 2
875 377 1
899 377 1
47 378 5
84 378 1
105 378 1
135 378 1
164 378 1
231 378 1
249 378 1
304 378 1
313 378 1
346 378 3
348 378 1
430 378 1
431 378 1
434 378 1
474 378 1
532 378 1
687 378 1
24 379 1
60 379 2
235 379 3
308 379 1
402 379 1
403 379 1
404 379 1
431 379 3
493 379 2
536 379 1
381 380 1
657 380 1
658 380 1
380 381 1
657 381 1
658 381 1
43 382 1
53 382 1
107 382 1
130 382 1
187 382 1
209 382 1
233 382 1
377 382 1
450 382 2
465 382 1
540 382 1
541 382 1
542 382 7
655 382 1
656 382 1
892 382 1
893 382 1
234 383 2
577 383 1
876 383 1
359 384 1
360 384 1
374 384 1
416 384 1
417 384 1
429 384 1
430 384 1
475 384 1
630 384 1
198 385 1
370 385 7
386 385 6
560 385 4
197 386 1
198 386 2
370 386 7
385 386 6
560 386 4
443 387 1
187 388 1
96 389 2
208 389 1
708 389 1
23 390 1
48 390 1
87 390 1
121 390 2
144 390 2
583 390 1
711 390 1
712 390 1
713 390 1
740 390 1
741 390 1
87 391 1
311 392 1
206 393 1
434 393 1
176 394 1
187 394 2
355 394 2
497 394 1
527 394 1
534 394 1
572 394 1
700 394 2
243 395 1
244 395 1
608 395 1
13 396 1
117 396 2
281 396 1
430 396 1
228 397 1
475 397 1
262 398 1
709 398 1
191 399 2
339 399 1
400 399 1
666 399 1
105 400 1
339 400 1
399 400 1
666 400 1
180 401 1
60 402 1
379 402 1
403 402 1
404 402 1
536 402 1
60 403 1
379 403 1
402 403 1
404 403 1
536 403 1
60 404 1
379 404 1
402 404 1
403 404 1
536 404 1
406 405 1
405 406 1
84 407 1
758 407 1
250 408 1
251 408 1
651 409 1
542 410 1
598 410 1
637 410 1
564 411 2
176 412 1
611 413 1
50 414 2
68 414 1
265 414 1
504 414 2
602 414 1
286 415 1
324 415 1
722 415 1
723 415 1
222 416 1
351 416 2
384 416 1
512 416 1
543 416 2
544 416 1
630 416 1
355 417 3
384 417 1
429 417 5
430 417 5
477 418 3
645 418 1
724 418 1
231 419 1
313 419 1
792 419 1
40 420 1
41 420 1
329 420 1
758 420 1
8 421 1
566 422 1
256 423 1
180 424 1
71 425 1
47 426 1
442 426 1
585 426 1
81 427 1
213 427 1
214 427 1
351 428 1
22 429 1
35 429 2
36 429 1
51 429 1
55 429 1
56 429 1
59 429 2
84 429 1
90 429 1
117 429 1
190 429 1
262 429 1
279 429 1
323 429 1
355 429 3
384 429 1
417 429 5
430 429 5
462 429 1
473 429 1
485 429 1
542 429 1
560 429 1
636 429 1
637 429 1
730 429 1
11 430 1
54 430 1
84 430 2
112 430 1
117 430 1
209 430 1
274 430 1
349 430 1
355 430 6
378 430 1
384 430 1
396 430 1
417 430 5
429 430 5
560 430 2
623 430 1
674 430 1
788 430 1
789 430 1
790 430 1
47 431 1
121 431 1
164 431 1
191 431 3
235 431 1
378 431 1
379 431 3
434 431 1
451 431 2
474 431 2
243 432 2
25 433 1
155 433 1
90 434 1
105 434 1
135 434 1
191 434 4
206 434 2
216 434 1
378 434 1
393 434 1
431 434 1
451 434 1
452 434 1
558 434 1
793 434 1
738 435 1
84 436 1
90 436 1
185 436 2
252 436 1
299 436 1
532 436 1
560 436 3
569 436 1
162 437 1
536 437 1
157 438 1
281 438 1
439 438 1
145 439 1
157 439 1
281 439 1
438 439 1
129 440 1
233 440 1
87 441 1
357 441 1
47 442 1
426 442 1
585 442 1
387 443 1
346 444 1
372 444 1
373 444 1
374 444 4
445 444 1
509 444 1
521 444 1
600 444 1
319 445 2
374 445 3
444 445 1
233 446 1
447 446 1
233 447 1
446 447 1
3 448 3
69 448 1
131 448 1
209 449 3
346 449 1
351 449 1
492 449 2
751 449 1
299 450 2
351 450 5
377 450 2
382 450 2
465 450 1
525 450 1
542 450 2
648 450 1
698 450 1
699 450 1
17 451 2
47 451 1
87 451 1
191 451 1
201 451 1
216 451 1
227 451 2
431 451 2
434 451 1
545 451 1
90 452 4
191 452 1
434 452 1
50 453 1
491 453 1
89 454 1
482 454 1
604 454 1
89 455 1
119 455 1
329 456 1
606 456 3
819 456 1
820 456 1
60 457 1
554 457 1
42 458 1
826 458 1
66 459 2
464 460 1
260 461 1
550 461 1
185 462 1
187 462 1
429 462 1
522 462 2
523 462 1
524 462 2
542 462 5
622 462 1
637 462 1
256 463 1
782 463 1
460 464 1
382 465 1
450 465 1
466 465 2
542 465 1
646 465 1
465 466 2
646 466 2
468 467 1
467 468 1
471 469 2
561 469 1
131 470 1
471 470 2
131 471 1
228 471 1
329 471 1
469 471 2
470 471 2
561 471 2
794 471 1
368 472 1
190 473 1
279 473 1
429 473 1
485 473 1
47 474 1
121 474 1
164 474 1
378 474 1
431 474 2
228 475 1
384 475 1
397 475 1
477 476 1
751 476 1
418 477 3
476 477 1
645 477 1
724 477 1
751 477 1
342 478 1
481 479 1
787 480 1
479 481 1
89 482 2
454 482 1
604 482 1
605 482 1
281 483 1
796 483 1
194 484 1
356 484 1
621 484 1
190 485 1
279 485 1
429 485 1
473 485 1
750 486 1
11 487 1
84 487 4
177 487 1
503 487 1
562 487 1
680 487 1
614 488 1
718 488 1
490 489 1
489 490 1
528 490 1
770 490 1
50 491 1
453 491 1
449 492 2
751 492 1
235 493 2
379 493 2
365 494 1
262 495 1
263 495 1
79 496 1
152 496 1
280 496 1
281 496 1
350 496 1
584 496 3
884 496 1
897 496 1
53 497 1
243 497 1
355 497 1
394 497 1
527 497 1
535 497 1
228 498 1
319 498 1
526 498 1
30 499 1
206 499 1
225 499 1
376 500 1
727 500 1
728 500 1
13 501 1
82 501 2
148 501 1
149 501 2
206 501 2
654 501 1
161 502 1
162 502 1
230 503 1
487 503 1
609 503 1
721 503 1
50 504 2
68 504 2
265 504 2
342 504 1
414 504 2
602 504 1
697 504 1
506 505 2
53 506 2
154 506 1
243 506 2
505 506 2
571 506 1
348 507 1
20 508 1
58 508 1
281 508 1
346 509 1
444 509 1
317 510 1
641 510 1
642 510 1
786 510 1
872 510 1
188 511 2
189 511 1
191 511 3
720 511 1
815 511 1
222 512 1
416 512 1
23 513 1
183 513 1
612 513 1
613 513 1
2 514 1
190 515 1
206 515 1
779 516 1
145 517 1
146 517 1
331 517 1
518 517 2
519 517 2
145 518 1
146 518 1
331 518 1
517 518 2
519 518 2
145 519 1
146 519 1
331 519 1
517 519 2
518 519 2
2 520 1
29 520 1
38 520 1
372 521 1
373 521 1
374 521 1
444 521 1
462 522 2
523 522 1
524 522 2
462 523 1
522 523 1
524 523 1
462 524 2
522 524 2
523 524 1
450 525 1
865 525 1
228 526 1
319 526 1
498 526 1
355 527 1
394 527 1
497 527 1
490 528 1
770 528 2
299 529 1
530 529 1
299 530 1
529 530 1
162 531 1
47 532 1
84 532 2
85 532 1
237 532 1
269 532 1
299 532 1
304 532 1
369 532 1
378 532 1
436 532 1
533 532 2
560 532 1
569 532 1
680 532 3
764 532 1
776 532 1
532 533 2
560 533 1
764 533 1
355 534 2
394 534 1
546 534 1
497 535 1
60 536 1
162 536 1
379 536 1
402 536 1
403 536 1
404 536 1
437 536 1
573 536 1
206 537 1
309 537 1
191 538 1
37 539 1
41 539 1
255 539 1
277 539 1
209 540 1
233 540 1
382 540 1
382 541 1
542 541 1
43 542 1
107 542 3
187 542 2
377 542 1
382 542 7
410 542 1
429 542 1
450 542 2
462 542 5
465 542 1
541 542 1
598 542 1
637 542 3
643 542 2
644 542 1
647 542 1
648 542 1
649 542 2
855 542 1
351 543 2
416 543 2
544 543 1
351 544 1
416 544 1
543 544 1
47 545 1
227 545 1
451 545 1
534 546 1
562 547 1
749 547 1
18 548 1
75 548 1
743 548 1
833 548 1
32 549 1
53 549 3
206 549 1
209 549 1
243 549 5
276 549 1
320 549 1
335 549 3
592 549 1
631 549 1
650 549 1
299 550 1
461 550 1
195 551 1
196 551 3
374 551 2
147 552 1
219 552 1
693 552 1
3 553 1
374 553 3
60 554 1
457 554 1
92 555 1
264 555 2
14 556 1
328 556 1
181 557 1
203 557 1
434 558 1
793 558 1
567 559 1
47 560 1
54 560 3
84 560 1
90 560 5
191 560 2
299 560 1
311 560 1
370 560 4
385 560 4
386 560 4
429 560 1
430 560 2
436 560 3
532 560 1
533 560 1
562 560 1
764 560 1
469 561 1
471 561 2
70 562 1
216 562 1
487 562 1
547 562 1
560 562 1
749 562 1
311 563 1
411 564 2
220 565 1
422 566 1
559 567 1
238 568 1
131 569 1
216 569 1
436 569 1
532 569 1
52 570 1
278 570 1
506 571 1
176 572 1
394 572 1
536 573 1
168 574 3
575 574 1
852 574 1
574 575 1
206 576 1
234 577 1
383 577 1
247 578 1
248 578 1
271 578 1
588 579 1
597 579 1
763 579 1
581 580 1
582 580 1
854 580 1
580 581 1
582 581 1
854 581 1
580 582 1
581 582 1
854 582 1
390 583 1
152 584 1
280 584 1
281 584 1
496 584 3
897 584 1
47 585 1
426 585 1
442 585 1
130 586 1
154 586 2
187 586 1
587 586 1
855 586 1
896 586 1
154 587 2
377 587 1
586 587 1
896 587 1
899 587 1
579 588 1
597 588 2
763 588 1
53 589 1
834 589 1
123 590 1
57 591 1
266 591 1
53 592 1
549 592 1
650 592 1
223 593 1
61 594 1
62 595 1
842 596 1
579 597 1
588 597 2
763 597 1
216 598 2
410 598 1
542 598 1
637 598 1
756 598 1
725 599 1
845 599 1
374 600 1
444 600 1
318 601 1
848 601 1
849 601 1
850 601 1
851 601 1
50 602 1
414 602 1
504 602 1
791 603 1
89 604 1
454 604 1
482 604 1
89 605 1
482 605 1
329 606 1
456 606 3
819 606 1
820 606 1
162 607 1
243 608 1
244 608 1
395 608 1
503 609 1
24 610 1
843 610 1
413 611 1
23 612 1
183 612 1
513 612 1
613 612 1
23 613 1
183 613 1
513 613 1
612 613 1
2 614 1
488 614 1
718 614 2
616 615 1
615 616 1
253 617 1
297 617 1
352 617 1
354 617 1
619 617 1
620 617 1
783 617 1
784 617 1
667 618 1
253 619 1
297 619 1
352 619 1
354 619 1
617 619 1
620 619 1
253 620 1
297 620 1
352 620 1
354 620 1
617 620 1
619 620 1
194 621 2
356 621 2
371 621 1
484 621 1
185 622 1
462 622 1
430 623 1
674 623 1
625 624 1
624 625 1
627 626 1
685 626 1
626 627 1
685 627 1
774 627 1
775 627 1
233 628 1
299 628 1
660 629 1
661 629 1
662 629 1
384 630 1
416 630 1
32 631 1
320 631 1
549 631 1
351 632 1
777 632 1
778 632 1
216 633 1
267 634 1
705 634 1
706 634 1
89 635 1
194 635 1
51 636 1
429 636 1
853 636 1
890 636 1
891 636 2
410 637 1
429 637 1
462 637 1
542 637 3
598 637 1
643 637 1
855 637 1
116 638 2
321 638 1
322 638 1
326 638 1
659 638 1
863 638 1
864 638 1
747 639 1
748 639 1
755 639 1
53 640 1
510 641 1
642 641 1
786 641 1
377 642 1
510 642 1
641 642 1
699 642 1
786 642 1
542 643 2
637 643 1
855 643 1
542 644 1
418 645 1
477 645 1
465 646 1
466 646 2
542 647 1
649 647 1
377 648 1
450 648 1
542 648 1
649 648 1
698 648 1
699 648 1
542 649 2
647 649 1
648 649 1
53 650 1
549 650 1
592 650 1
409 651 1
136 652 1
185 653 1
206 654 1
501 654 1
53 655 1
382 655 1
656 655 1
53 656 1
382 656 1
655 656 1
380 657 1
381 657 1
658 657 1
380 658 1
381 658 1
657 658 1
116 659 1
297 659 1
298 659 1
321 659 1
638 659 1
729 659 1
629 660 1
661 660 1
662 660 1
629 661 1
660 661 1
662 661 1
629 662 1
660 662 1
661 662 1
664 663 1
665 663 1
663 664 1
665 664 1
663 665 1
664 665 1
339 666 1
399 666 1
400 666 1
618 667 1
299 668 1
346 668 1
669 668 1
299 669 1
346 669 1
668 669 1
299 670 1
351 670 1
158 671 1
237 671 1
344 671 1
53 672 1
299 672 1
161 673 1
162 673 1
430 674 1
623 674 1
365 675 1
299 676 1
369 676 1
161 677 1
162 677 1
678 677 1
161 678 1
162 678 1
677 678 1
192 679 1
299 679 1
351 679 1
11 680 1
84 680 1
369 680 1
487 680 1
532 680 3
11 681 1
84 681 1
90 681 1
191 681 1
682 681 1
11 682 1
84 682 1
90 682 1
191 682 1
681 682 1
237 683 1
344 683 2
350 683 2
684 683 1
237 684 1
344 684 1
350 684 1
683 684 1
626 685 1
627 685 1
350 686 1
346 687 1
378 687 1
83 688 1
118 688 1
331 688 1
33 689 1
232 689 1
690 689 1
33 690 1
232 690 1
689 690 1
283 691 1
692 691 2
694 691 2
283 692 1
691 692 2
694 692 1
147 693 1
219 693 1
552 693 1
691 694 2
692 694 1
696 695 1
695 696 1
68 697 1
265 697 1
342 697 1
504 697 1
377 698 1
450 698 1
648 698 1
699 698 1
862 698 1
377 699 2
450 699 1
642 699 1
648 699 1
698 699 1
187 700 2
394 700 2
143 701 1
702 701 1
703 701 1
704 701 1
143 702 1
701 702 1
703 702 1
704 702 1
143 703 1
153 703 1
701 703 1
702 703 1
704 703 1
816 703 1
143 704 1
701 704 1
702 704 1
703 704 1
267 705 1
634 705 1
706 705 1
707 705 1
267 706 1
634 706 1
705 706 1
705 707 1
96 708 1
389 708 1
262 709 1
398 709 1
233 710 1
390 711 1
712 711 1
713 711 1
390 712 1
711 712 1
713 712 1
390 713 1
711 713 1
712 713 1
715 714 1
716 714 1
717 714 1
21 715 1
84 715 1
714 715 1
716 715 1
717 715 1
822 715 1
714 716 1
715 716 1
717 716 1
714 717 1
715 717 1
716 717 1
2 718 1
488 718 1
614 718 2
224 719 1
188 720 1
511 720 1
503 721 1
324 722 1
415 722 1
723 722 1
324 723 1
415 723 1
722 723 1
418 724 1
477 724 1
599 725 1
125 726 1
126 726 1
249 726 1
376 727 1
500 727 1
728 727 1
376 728 1
500 728 1
727 728 1
659 729 1
323 730 1
429 730 1
6 731 1
184 732 1
229 732 1
362 733 1
734 733 1
735 733 1
362 734 1
733 734 1
733 735 1
737 736 1
736 737 1
435 738 1
182 739 1
23 740 1
48 740 3
390 740 1
87 741 1
390 741 1
176 742 1
256 742 1
18 743 1
548 743 1
745 744 1
746 744 1
744 745 1
746 745 1
744 746 1
745 746 1
639 747 1
748 747 1
639 748 1
747 748 1
547 749 1
562 749 1
486 750 1
449 751 1
476 751 1
477 751 1
492 751 1
243 752 1
335 752 1
753 752 1
243 753 2
335 753 2
752 753 1
199 754 1
200 754 1
639 755 1
216 756 1
598 756 1
159 757 1
84 758 1
407 758 1
420 758 1
760 759 1
761 759 1
759 760 1
761 760 1
759 761 1
760 761 1
364 762 1
579 763 1
588 763 1
597 763 1
532 764 1
533 764 1
560 764 1
62 765 1
133 766 1
204 766 1
768 767 1
767 768 1
233 769 1
490 770 1
528 770 2
194 771 1
773 772 1
772 773 1
627 774 1
775 774 1
627 775 1
774 775 1
85 776 1
237 776 1
532 776 1
351 777 1
632 777 1
778 777 1
351 778 1
632 778 1
777 778 1
516 779 1
781 780 1
780 781 1
256 782 1
463 782 1
617 783 1
784 783 1
617 784 1
783 784 1
249 785 1
510 786 1
641 786 1
642 786 1
480 787 1
430 788 1
789 788 1
430 789 1
788 789 1
355 790 1
430 790 1
603 791 1
231 792 1
313 792 1
419 792 1
434 793 1
558 793 1
471 794 1
209 795 1
242 795 1
281 796 1
483 796 1
798 797 1
799 797 1
800 797 1
801 797 1
802 797 1
803 797 1
797 798 1
799 798 1
800 798 1
801 798 1
802 798 1
803 798 1
797 799 1
798 799 1
800 799 1
801 799 1
802 799 1
803 799 1
797 800 1
798 800 1
799 800 1
801 800 1
802 800 1
803 800 1
797 801 1
798 801 1
799 801 1
800 801 1
802 801 1
803 801 1
797 802 1
798 802 1
799 802 1
800 802 1
801 802 1
803 802 1
797 803 1
798 803 1
799 803 1
800 803 1
801 803 1
802 803 1
24 804 1
327 805 1
807 806 1
806 807 1
809 808 1
808 809 1
811 810 1
812 810 1
810 811 1
812 811 1
810 812 1
811 812 1
237 813 1
814 813 1
237 814 1
813 814 1
191 815 1
511 815 1
153 816 1
703 816 1
168 817 1
181 818 1
329 819 1
456 819 1
606 819 1
456 820 1
606 820 1
152 821 1
21 822 1
84 822 1
715 822 1
243 823 1
825 824 1
824 825 1
458 826 1
228 827 1
312 828 1
85 829 1
831 830 1
832 830 1
830 831 1
832 831 1
830 832 1
831 832 1
548 833 1
53 834 1
589 834 1
132 835 1
180 835 1
837 836 2
836 837 2
839 838 1
838 839 1
153 840 1
841 840 1
153 841 1
840 841 1
596 842 1
24 843 1
610 843 1
8 844 1
599 845 1
61 846 1
847 846 1
61 847 1
846 847 1
318 848 1
601 848 1
849 848 1
850 848 1
851 848 1
318 849 1
601 849 1
848 849 1
850 849 1
851 849 1
318 850 1
601 850 1
848 850 1
849 850 1
851 850 1
318 851 1
601 851 1
848 851 1
849 851 1
850 851 1
574 852 1
636 853 1
580 854 1
581 854 1
582 854 1
130 855 1
154 855 1
187 855 1
542 855 1
586 855 1
637 855 1
643 855 1
857 856 1
858 856 1
859 856 1
856 857 1
858 857 1
859 857 1
856 858 1
857 858 1
859 858 1
856 859 1
857 859 1
858 859 1
128 860 1
237 860 1
259 860 1
861 860 1
128 861 1
237 861 1
259 861 1
860 861 1
698 862 1
116 863 1
322 863 1
326 863 1
638 863 1
864 863 1
116 864 1
322 864 1
326 864 1
638 864 1
863 864 1
525 865 1
173 866 1
272 866 1
284 866 1
867 866 1
173 867 1
272 867 1
284 867 1
866 867 1
869 868 1
870 868 1
868 869 1
870 869 1
868 870 1
869 870 1
872 871 1
873 871 1
874 871 1
317 872 1
510 872 1
871 872 1
873 872 1
874 872 1
871 873 1
872 873 1
874 873 1
871 874 1
872 874 1
873 874 1
374 875 1
377 875 1
234 876 1
383 876 1
7 877 1
30 877 1
35 877 1
36 877 1
47 877 1
261 877 1
358 877 1
49 878 1
270 878 1
280 878 1
114 879 1
333 879 1
880 879 1
881 879 1
882 879 1
114 880 1
333 880 1
879 880 1
881 880 1
882 880 1
114 881 1
333 881 1
879 881 1
880 881 1
882 881 1
114 882 1
333 882 1
879 882 1
880 882 1
881 882 1
152 883 1
79 884 1
350 884 1
496 884 1
299 885 1
374 885 1
374 886 1
887 886 1
374 887 1
886 887 1
121 888 1
889 888 1
121 889 1
888 889 1
636 890 1
891 890 1
636 891 2
890 891 1
382 892 1
893 892 1
382 893 1
892 893 1
895 894 1
894 895 1
154 896 1
586 896 1
587 896 1
152 897 1
496 897 1
584 897 1
28 898 1
377 899 1
587 899 1
